UnitConfigName/__text
Rotate/value/0
Rotate/value/1
Rotate/value/2
Translate/value/0
Translate/value/1
Translate/value/2
_Scale
Area
0
-0.9889972
0
-4414.534
222.9175
-1923.708
2
FldObj_CliffYellowHead_A_01_Far
-1.211218
0.1897019
-3.107937
-4502.664
222.4206
-1982.116
1.0
SwitchTimeLag
0
-2.64706
0
-4391.608
237.0238
-1932.012
1.0
FldObj_CliffYellowWall_END_A_04_Far
0.1453281
-1.205323
-0.3909196
-4301.397
211.091
-1764.417
1.8
Enemy_Lizalfos_Guard_Junior
0
1.628997
0
-4368.689
221.2435
-1938.9
1.0
Obj_TreeSnowberry_A
3.141479
-0.6776122
3.141479
-4083.801
297.3425
-1845.738
1.0
LinkTagPulse
-2.621054
-1.108286
2.498419
-4483.135
267.9019
-1970.181
0.25
Obj_Plant_IvyBurn_A_01
0.3192241
0.4293804
0.2288107
-4227.416
217.1176
-1747.757
1.0
Npc_HiddenKorokGround
0
0
0
-4225.714
216.796
-1747.385
1.0
FldObj_BoneGiant_Rib_A_03_Far
-0.2798446
-0.8535139
-2.566885
-4142.868
214.4458
-1715.093
0.9000621
FldObj_CliffYellowWall_END_A_04
-0.2296127
-0.8502901
0.09593442
-4268.554
211.0041
-1714.664
1.8
FldObj_BoneGiant_Rib_A_02_Far
2.495645
1.078498
-1.385947
-4198.177
213.8826
-1725.679
0.9203014
FldObj_SkullRockSnow_A_01
0
-1.04
0
-4002.567
359.1038
-1981.722
1.0
PlayerOnScaffoldCheckTag
0
0.8435986
0
-4378.295
223.9153
-1917.091
1.0
FldObj_BoneGiant_Rib_A_03
-0.3170649
-0.9443263
-2.550357
-4130.444
217.6229
-1705.675
1.00703
BarrelBomb2
-0.1235942
0.3142603
-0.161021
-4386.703
217.4818
-1933.96
1.0
ConstraintDummy
0
0.3199998
0
-4386.699
230.1707
-1932.374
1.0
EventTag
0
0.4945329
0
-4387.041
237.0179
-1943.794
1.0
Enemy_Lizalfos_Middle
0
2.763461
0
-4395.178
216.9951
-1931.85
1.0
Item_Fruit_I
0
2.403488
0
-4043.238
294.1267
-1855.016
1.0
FldObj_BoneGiant_BackBone_A_01
0.01094296
-0.9130982
-2.788189
-4134.151
215.3593
-1699.706
1.0
PlayerOnScaffoldCheckTag
0
-2.64706
0
-4392.965
224.0336
-1946.716
1.0
Area
0
-0.203599
0
-4398.702
223.1339
-1912.962
2
LinkTagNone
0
0
0
-3997.925
364.6915
-1985.42
1.0
FldObj_BoneGiant_Rib_A_03_Far
-0.3170649
-0.9443263
-2.550357
-4130.444
217.6229
-1705.675
1.00703
FldObj_BoneGiant_Rib_A_02
-0.08905685
-0.9130983
-2.788189
-4137.079
215.1372
-1710.035
1.0
LinkTagOr
0.03368052
0.0009939268
-0.05899821
-4011.311
207.9187
-1161.292
1.0
Obj_Plant_IvyBurn_A_01
0.5341263
-0.7801479
-0.7666945
-4222.963
216.3998
-1747.615
1.0
Item_Fruit_B
-3.141479
0.6776122
-0.000113512
-4083.417
298.1624
-1845.354
1.0
FldObj_BoneGiant_Rib_A_02
-0.5004486
-1.088339
-3.125112
-4188.942
204.8789
-1736.669
0.7533297
Item_Fruit_I
0
-0.2145055
0
-4042.926
293.8967
-1854.779
1.0
LinkTagNone
0
0
0
-4006.671
359.1922
-1984.434
1.0
Npc_HiddenKorokGround
0
-1.959989
0
-4482.926
266.7692
-1970.876
1.0
FldObj_CliffYellowRock_A_01_Far
0
0.78
0
-3974.212
272.7441
-1948.755
1.0
FldObj_CliffSnowWall_D_01_Far
2.863056
-0.2528369
-2.94559
-4237.657
245.4552
-2026.404
1.0
Enemy_Bokoblin_Senior
0
-2.127198
0
-4002.589
359.1484
-1976.796
1.0
SwitchTimeLag
-1.570796
0
0
-4029.717
277.9545
-1751.93
0.5
FldObj_CliffYellowWall_END_A_01
0
-1.339999
0
-4064.091
215.5646
-1506.496
1.0
Enemy_Bokoblin_Senior
0
1.014395
0
-4011.081
359.2262
-1982.078
1.0
FldObj_CliffYellowWall_A_02
-0.5347057
-0.9069597
0.3277763
-4262.081
263.221
-1869.554
0.8
LinkTagPulse
0
0
0
-4224.714
217.5961
-1747.385
0.25
LookTag
0
-1.482006
0
-3999.691
366.4515
-1985.262
1.0
Obj_RockYellow_A_L_04
-1.579999
0.2999999
0
-4357.654
212.0061
-1970.324
1.0
BarrelBomb2
-0.002268841
0.3199593
0.004555715
-4395.553
217.0453
-1930.491
1.0
LinkTagAnd
0
2.241592
0
-4033.807
275.9719
-1747.556
1.0
LinkTagNone
0
0
0
-4131.044
325.7964
-2014.605
1.0
LinkTagAnd
0
0
0
-4176
266.5
-1728.5
1.0
FldObj_CliffYellowWall_END_A_04_Far
-0.2296127
-0.8502901
0.09593442
-4268.554
211.0041
-1714.664
1.8
LinkTagAnd
0
0
0
-4029.717
276.9545
-1751.93
1.0
FldObj_BoneGiant_Rib_A_03
2.674154
1.033176
-1.187482
-4191.631
211.5567
-1723.361
0.8766183
LinkTagNOr
0
2.183185
0
-3994.449
359.6545
-1978.654
1.0
Area
0
2.183185
0
-3998.558
366.6515
-1984.975
2
AnchorAction1
0
0.6690656
0
-4393.332
217.0527
-1936.497
1.0
FldObj_BoneGiant_BackBone_A_01_Far
0.304539
-0.8533288
-2.779906
-4118.647
226.5234
-1685.204
0.9418021
ConstraintDummy
0
-1.043239
0
-4032.783
293.2599
-1847.25
1.0
LinkTagNOr
0
-2.64706
0
-4390.605
217.0367
-1947.679
1.0
ActorObserverTag
0
-0.54
0
-4034.054
275.5243
-1754.479
1.0
Obj_Plant_IvyBurn_A_01
-2.293627
1.18243
-2.181862
-4228.483
216.6391
-1747.75
1.0
LinkTagOr
0
-1.043239
0
-4031.762
293.2599
-1849.543
1.0
ActorObserverTag
0.03368052
0.0009939268
-0.05899821
-4012.368
206.98
-1161.324
1.0
FldObj_CliffYellowHead_A_01_Far
-3.095168
0.04621242
-3.015999
-4450.352
217.8875
-1991.896
1.0
LinkTagOr
0
-0.121366
0
-4010.674
208.1772
-1167.025
1.0
LinkTagOr
0
0
0
-4228.714
220.5961
-1747.385
1.0
BattleBgmRequestFinishTag
0
2.183185
0
-4010.153
379.6096
-1990.383
1.0
LinkTagAnd
0
0
0
-4011.193
209.9375
-1161.224
1.0
TBox_Field_Enemy
0
-0.9584073
0
-3997.925
364.6915
-1985.42
1.0
LinkTagOr
0
2.241592
0
-4034.429
275.9719
-1748.339
1.0
Obj_Plant_IvyBurn_A_01
3.011621
1.227139
-3.104217
-4228.369
216.6049
-1746.18
1.0
EventTag
0
-0.9584073
0
-3997.889
379.6358
-1974.657
1.0
Enemy_Lizalfos_Guard_Junior
0
-0.203599
0
-4398.702
221.2215
-1912.962
1.0
Enemy_Lizalfos_Senior
0
1.716263
0
-4398.279
216.6629
-1935.772
1.0
LinkTagOr
0
-0.2145055
0
-4042.181
293.0167
-1856.67
1.0
LookTag
0
-0.02906581
0
-4397.784
223.8336
-1943.251
1.0
Rope
0
0.3199998
0
-4386.856
230.1707
-1932.849
1.0
Area
0
-0.54
0
-4033.197
273.9243
-1753.965
1.0
ConstraintDummy
0
-0.2145055
0
-4041.18
293.0167
-1854.368
1.0
FldObj_CliffYellowWall_END_A_04_Far
0.02007221
-0.378405
-0.0001990952
-4488.48
241.855
-1952.129
1.8
PlayerOnScaffoldCheckTag
0
2.183185
0
-3995.684
366.6515
-1980.884
1.0
LinkTagAnd
0
2.183185
0
-4001.713
359.662
-1975.41
1.0
EnemyChatFortMgrTag
0
0
0
-4135.4
326.6422
-2014.7
1.0
FldObj_CliffYellowWall_END_A_04_Far
3.104837
-0.46319
3.106293
-4495.102
227.797
-2000.389
1.8
Area
0
-2.64706
0
-4397.366
224.0336
-1944.343
2
Obj_LiftRockWhite_A_01
-0.01405998
-0.001774002
-0.2510187
-4021.96
213.5611
-1140.836
1.0
FldObj_BoneGiant_Rib_A_02_Far
-0.5004486
-1.088339
-3.125112
-4188.942
204.8789
-1736.669
0.7533297
FldObj_CliffYellowWall_A_04_Far
0.1180213
0.3517264
0.08089066
-4219.949
225.6424
-1778.39
1.0
Area
0
1.628997
0
-4368.689
223.1559
-1938.9
2
FldObj_BoneGiant_BackBone_A_01
0.3567734
-1.015659
2.038092
-4223.074
224.9855
-1744.706
1.0
LinkTagOr
0
0
0
-4229.714
219.4461
-1747.385
1.0
Item_Fruit_I
0
-2.443333
0
-4036.887
293.4702
-1880.827
1.0
Enemy_Bokoblin_Senior
0
-0.9600006
0
-4133.413
324.1122
-1982.838
1.0
Area
0
0
0
-4225.714
217.6462
-1747.385
3
Enemy_Bokoblin_Senior
0
-0.03280269
0
-4006.671
359.1922
-1984.434
1.0
AnchorAction1
0
-1.08
0
-4006.835
359.1052
-1979.437
1.0
Enemy_Lizalfos_Guard_Junior
0
-0.9889972
0
-4414.534
221.0051
-1923.708
1.0
FldObj_BoneGiant_BackBone_A_01_Far
0.3567734
-1.015659
2.038092
-4223.074
224.9855
-1744.706
1.0
LinkTagOr
0
0
0
-4176
266.5
-1728.5
3
Item_Fruit_I
0
-1.043239
0
-4033.66
294.1399
-1848.813
1.0
Enemy_Bokoblin_Senior
0
-1.08
0
-4002.425
359.1172
-1981.794
1.0
ActorObserverTag
0.03368052
0.0009939268
-0.05899821
-4010.372
206.862
-1161.326
1.0
FldObj_BoneGiant_BackBone_A_01
0.6460722
-1.076848
1.934993
-4211.416
216.6077
-1737.762
1.0
LocationTag
0
0
0
-4176
266.5
-1728.5
1.0
FldObj_SkullRock_A_01_Far
0
0.3199998
0
-4393.647
217.0207
-1937.446
1.0
FldObj_BoneGiant_BackBone_A_01_Far
0.6460722
-1.076848
1.934993
-4211.416
216.6077
-1737.762
1.0
Obj_Plant_ChiliPepper_A_01
0
0.4364601
0
-4036.799
292.5201
-1881.04
1.0
FldObj_CliffYellowHead_A_01
-3.095168
0.04621242
-3.015999
-4450.352
217.8875
-1991.896
1.0
ValleyEffectLocater
0
0
0
-4297.514
0
-1232.911
1.0
Area
0
0
0
-4153.5
214
-1747.5
25
Enemy_Lizalfos_Senior
0
-0.378132
0
-4391.486
217.1753
-1941.144
1.0
TBox_Field_Enemy
0
0.4945329
0
-4397.733
222.0736
-1945.024
1.0
FldObj_CliffYellowHead_A_01
-1.211218
0.1897019
-3.107937
-4502.664
222.4206
-1982.116
1.0
GrassCutTag
0
0.6690656
0
-4393.332
217.0527
-1936.497
1.0
FldObj_CliffYellowWall_END_A_04
-1.272306
-1.494667
1.042581
-4069.512
208.9516
-1194.338
1.4
Item_Fruit_I
0
1.566845
0
-4033.696
294.3698
-1849.204
1.0
FldObj_BoneGiant_Rib_A_02_Far
-0.5063589
-1.080044
3.03484
-4195.837
207.879
-1738.64
0.8738632
LinkTagNAnd
0
0
0
-4228.714
219.4461
-1747.385
1.0
LinkTagAnd
0
-2.64706
0
-4388.238
217.0442
-1940.084
1.0
LinkTagAnd
-2.621054
-1.108286
2.498419
-4482.337
269.0383
-1971.878
1.0
FldObj_CliffYellowWall_END_A_01_Far
-0.008106047
-0.1998375
0.04081267
-4126.176
212.4318
-1612.662
1.0
FldObj_HangedLamp_A
0
0.3199998
0
-4396.348
227.2781
-1929.703
1.0
Obj_LiftRockWhite_A_01
0
1.26
0
-4020.246
271.5247
-1777.376
1.0
FldObj_CliffYellowWall_A_04
0.1180213
0.3517264
0.08089066
-4219.949
225.6424
-1778.39
1.0
Obj_Plant_IvyBurn_A_01
1.702081
-1.235354
-2.001166
-4222.697
215.9652
-1746.334
1.0
Enemy_Bokoblin_Senior
0
0.5600001
0
-4178.703
296.6246
-1853.505
1.0
FldObj_BoneGiant_Rib_A_03
-0.2798446
-0.8535139
-2.566885
-4142.868
214.4458
-1715.093
0.9000621
Area
0.03368052
0.0009939268
-0.05899821
-4011.456
205.4556
-1161.374
1.13113
FldObj_BoneGiant_BackBone_A_01
0.1309429
-0.9130983
-2.788189
-4128.772
218.755
-1694.353
1.0
FldObj_CliffYellowWall_A_06_Far
0.6211373
-1.235616
-0.6484733
-4321.051
246.2886
-1898.823
1.0
FldObj_BoneGiant_Rib_A_02
-0.1743512
-0.8837754
-2.656281
-4119.186
223.7375
-1695.766
0.7533297
Obj_RockYellow_A_L_04_Far
-1.579999
0.2999999
0
-4357.654
212.0061
-1970.324
1.0
FldObj_CliffYellowWall_END_A_01_Far
0
-1.339999
0
-4064.091
215.5646
-1506.496
1.0
LinkTagOr
0
0
0
-4221.714
220.4461
-1746.385
1.0
FldObj_CliffYellowHead_A_01_Far
-0.2213413
1.298461
-2.884299
-4486.094
232.8016
-1945.614
1.0
BarrelBomb2
0.06723025
0.3069304
0.1635872
-4393.339
217.0644
-1936.477
1.0
LinkTagOr
0
0
0
-4225.214
219.2461
-1747.385
1.0
Obj_Plant_ChiliPepper_A_01
0
-0.2145055
0
-4043.139
293.0167
-1854.766
1.0
Enemy_Lizalfos_Guard_Junior
0
0.8435986
0
-4374.971
222.0029
-1920.827
1.0
GrassCutTag
0
-1.08
0
-4006.835
359.1052
-1979.437
1.0
Obj_Plant_IvyBurn_A_01
0.3066362
-1.288561
-0.09851456
-4225.248
216.9185
-1747.97
1.0
Item_Fruit_B
-3.141479
0.6776122
-0.0001132876
-4084.118
298.3426
-1846.021
1.0
Area
-0.5235988
0
1.570796
-4177.409
214
-1717.5
1.0
SwitchTimeLag
-1.537116
0.0009939268
-0.05899821
-4011.193
209.9375
-1161.224
0.5
BattleBgmRequestFinishTag
0
-2.64706
0
-4404.1
236.9917
-1933.464
1.0
KorokAnswerResponce
0.03368052
0.0009939268
-0.05899821
-4013.807
208.0896
-1161.289
1.0
FldObj_BoneGiant_BackBone_A_01
-0.2355181
-0.833281
-2.779765
-4153.056
211.3547
-1714.025
1.0
Enemy_Bokoblin_Senior
0
0.8800003
0
-4267.418
262.3936
-1904.285
1.0
FldObj_BoneGiant_Rib_A_02_Far
-0.1743512
-0.8837754
-2.656281
-4119.186
223.7375
-1695.766
0.7533297
FldObj_CliffYellowWall_END_A_04
0.02007221
-0.378405
-0.0001990952
-4488.48
241.855
-1952.129
1.8
PlayerOnScaffoldCheckTag
0
1.628997
0
-4368.398
223.1559
-1933.909
1.0
LinkTagAnd
0
0
0
-4176
266.5
-1728.5
1.0
Enemy_Moriblin_Senior
0
-3.04
0
-4131.044
325.7964
-2014.605
1.0
FldObj_BoneGiant_Rib_A_02_Far
2.465081
1.024976
-1.385366
-4184.069
210.2681
-1721.622
0.6936913
FldObj_CliffYellowWall_A_02_Far
-0.5347057
-0.9069597
0.3277763
-4262.081
263.221
-1869.554
0.8
EnemyFortressMgrTag
0
0.6690656
0
-4393.332
217.0527
-1936.497
1.0
LinkTagAnd
0
-2.64706
0
-4402.071
217.0336
-1935.858
1.0
Enemy_Lizalfos_Middle
0
-2.472527
0
-4390.231
217.1968
-1932.575
1.0
Npc_HiddenKorokGround
0
-0.121366
0
-4011.171
205.6772
-1167.086
1.0
FldObj_HangedLamp_A
0
0.3199998
0
-4386.856
226.1707
-1932.849
1.0
Obj_LiftRockWhite_Korok_A_01
0.03368052
0.0009939268
-0.05899821
-4011.5
204.7261
-1161.399
1.0
LinkTagNone
0
0
0
-4386.856
226.1707
-1932.849
1.0
LinkTagOr
0
0
0
-4221.714
219.4461
-1746.385
1.0
LinkTagOr
0
0.4364601
0
-4037.191
292.5201
-1883.135
1.0
LinkTagNAnd
0
2.183185
0
-4003.472
359.6741
-1980.55
1.0
KorokAnswerResponce
0
0
0
-4032.217
275.9545
-1751.93
1.0
FldObj_CliffYellowHead_A_01
-0.2213413
1.298461
-2.884299
-4486.094
232.8016
-1945.614
1.0
ConstraintDummy
0
0.4364601
0
-4035
292.5201
-1881.91
1.0
Rope
0
0.3199998
0
-4396.348
231.2781
-1929.703
1.0
LinkTagOr
3.141479
-0.6776122
3.141479
-4085.515
297.3533
-1844.67
1.0
FldObj_CliffYellowWall_A_06
0.6211373
-1.235616
-0.6484733
-4321.051
246.2886
-1898.823
1.0
LinkTagOr
0
-0.54
0
-4033.197
276.5243
-1753.965
1.0
AirWallHorse_HiddnKorok
0
0
0
-4225.714
217.4555
-1747.385
3
ActorObserverTag
0
-0.54
0
-4033.197
275.5243
-1753.965
1.0
FldObj_CliffYellowWall_END_A_04
3.104837
-0.46319
3.106293
-4495.102
227.797
-2000.389
1.8
LinkTagAnd
0
-0.9584073
0
-4011.415
379.6631
-1985.011
1.0
BarrelBomb2
0.06331733
0.3161915
0.1371212
-4387.95
217.5723
-1933.028
1.0
EnemyLookTag
0
0.6690656
0
-4393.332
217.0527
-1936.497
1.0
Obj_LiftRockWhite_A_01
-2.823962
-0.5145597
2.603302
-4482.95
266.6281
-1970.843
1.0
Enemy_Lizalfos_Senior
0
0.6690656
0
-4396.434
216.9259
-1940.419
1.0
FldObj_BoneGiant_Rib_A_02_Far
-0.2408172
-0.9125005
-2.722779
-4125.092
220.7944
-1699.875
0.8738632
FldObj_BoneGiant_BackBone_A_01
-0.02905679
-0.9130983
-2.788189
-4140.755
213.2532
-1704.054
1.0
FldObj_BoneGiant_BackBone_A_01_Far
0.1309429
-0.9130983
-2.788189
-4128.772
218.755
-1694.353
1.0
Area
-2.621054
-1.108286
2.498419
-4482.778
267.6344
-1971.076
3
LinkTagAnd
0.5676367
0.270813
-0.873912
-4223.714
217.5961
-1747.385
1.0
Enemy_Bokoblin_Senior
0
2.061592
0
-4011.245
359.1867
-1977.08
1.0
LinkTagAnd
0
0
0
-4029.717
277.9545
-1751.93
1.0
FldObj_CliffYellowWall_A_01
0
2.823186
0
-4367.298
217.3849
-2003.13
1.0
Obj_Plant_IvyBurn_A_01
-0.3509596
-0.6213262
0.4401627
-4225.43
216.2582
-1750.089
1.0
FldObj_BoneGiant_Rib_A_02
-0.2408172
-0.9125005
-2.722779
-4125.092
220.7944
-1699.875
0.8738632
Enemy_Bokoblin_Senior
0
0
0
-4176.893
310.6549
-1896.306
1.0
Enemy_Moriblin_Senior
0
-2.88
0
-4137.922
326.8003
-2013.175
1.0
Obj_Plant_IvyBurn_A_01
-0.1583948
-0.01787413
-0.3391198
-4225.043
216.3861
-1750.01
1.0
FldObj_CliffYellowWall_END_A_01_Far
0.03274675
-0.4990169
-0.06834517
-4387.988
212.4943
-1848.063
1.0
FldObj_CliffSnowWall_D_01
2.863056
-0.2528369
-2.94559
-4237.657
245.4552
-2026.404
1.0
Enemy_Lizalfos_Middle
0
-1.42533
0
-4388.385
217.2191
-1937.222
1.0
LinkTagAnd
0
0.4945329
0
-4398.913
237.0453
-1931.579
1.0
Item_Fruit_I
0
-3.094299
0
-4043.338
293.9667
-1854.65
1.0
EnemyFortressMgrTag
0
-1.08
0
-4006.835
359.1052
-1979.437
1.0
LinkTagAnd
2.447761
-0.9631419
-1.739919
-4483.492
268.1694
-1969.286
1.0
FldObj_CliffYellowWall_END_A_01_Far
3.081592
-1.121593
3.141593
-4052.535
198.8884
-1311.609
0.85
Enemy_Bokoblin_Senior
0
3.10879
0
-4006.999
358.9873
-1974.44
1.0
Item_Fruit_I
0
0.4364601
0
-4036.637
293.4001
-1881.179
1.0
PlayerOnScaffoldCheckTag
0
-0.9889972
0
-4417.281
222.9175
-1927.885
1.0
Obj_LiftRockWhite_A_01
0
0
0
-4225.714
216.5961
-1747.385
1.0
LinkTagNAnd
0
-2.64706
0
-4393.549
217.0562
-1938.942
1.0
FldObj_BoneGiant_BackBone_A_01_Far
-0.02905679
-0.9130983
-2.788189
-4140.755
213.2532
-1704.054
1.0
Item_Fruit_I
0
2.360153
0
-4034.033
294.2099
-1849.03
1.0
FldObj_CliffYellowRock_A_01
0
0.78
0
-3974.212
272.7441
-1948.755
1.0
FldObj_BoneGiant_Rib_A_02
2.465081
1.024976
-1.385366
-4184.069
210.2681
-1721.622
0.6936913
ActorObserverTag
0
-0.54
0
-4032.339
275.5243
-1753.451
1.0
LinkTagAnd
0.03368052
0.0009939268
-0.05899821
-4011.252
208.9398
-1161.258
1.0
Obj_LiftRockWhite_Korok_A_01
0
-0.54
0
-4033.197
273.3242
-1753.965
1.0
FldObj_SkullRockSnow_A_01_Far
0
-1.04
0
-4002.567
359.1038
-1981.722
1.0
FldObj_CliffYellowWall_END_A_01
-0.008106047
-0.1998375
0.04081267
-4126.176
212.4318
-1612.662
1.0
Area
0
0.8435986
0
-4374.971
223.9153
-1920.827
2
LinkTagAnd
0
2.183185
0
-4006.215
359.6431
-1985.279
1.0
LinkTagAnd
0
2.183185
0
-4007.537
359.6515
-1988.651
1.0
SwitchTimeLag
0
2.183185
0
-4010.126
379.6417
-1977.807
1.0
BarrelBomb2
-0.003170911
0.3200973
-0.0004159731
-4397.137
217.0387
-1930.494
1.0
FldObj_BoneGiant_Rib_A_02
2.495645
1.078498
-1.385947
-4198.177
213.8826
-1725.679
0.9203014
FldObj_BoneGiant_Rib_A_02
-0.5063589
-1.080044
3.03484
-4195.837
207.879
-1738.64
0.8738632
FldObj_CliffYellowWall_END_A_01
0.03274675
-0.4990169
-0.06834517
-4387.988
212.4943
-1848.063
1.0
PlayerOnScaffoldCheckTag
0
-0.203599
0
-4403.599
223.1339
-1913.973
1.0
Npc_HiddenKorokGround
0
1.921592
0
-4034.983
273.2282
-1748.402
1.0
LinkTagAnd
0
0
0
-4226.214
219.2461
-1747.385
1.0
ActorObserverTag
0.03368052
0.0009939268
-0.05899821
-4011.37
206.921
-1161.325
1.0
FldObj_BoneGiant_Rib_A_03_Far
2.674154
1.033176
-1.187482
-4191.631
211.5567
-1723.361
0.8766183
LinkTagOr
0
0
0
-4221.714
219.4461
-1748.385
1.0
LinkTagAnd
0
-2.64706
0
-4398.567
217.0252
-1936.774
1.0
FldObj_BoneGiant_Rib_A_02_Far
-0.08905685
-0.9130983
-2.788189
-4137.079
215.1372
-1710.035
1.0
LinkTagOr
-2.621054
-1.108286
2.498419
-4482.694
269.3059
-1970.983
1.0
FldObj_BoneGiant_BackBone_A_01
0.304539
-0.8533288
-2.779906
-4118.647
226.5234
-1685.204
0.9418021
FldObj_CliffYellowWall_A_01_Far
0
2.823186
0
-4367.298
217.3849
-2003.13
1.0
ConstraintDummy
0
0.3199998
0
-4396.191
231.2781
-1929.229
1.0
Item_Fruit_I
0
3.054454
0
-4037.03
293.6301
-1881.179
1.0
Enemy_Bokoblin_Guard_Middle
0
0
0
-4041.58
352.0685
-1962.287
1.0
FldObj_CliffYellowWall_END_A_01
3.081592
-1.121593
3.141593
-4052.535
198.8884
-1311.609
0.85
FldObj_BoneGiant_BackBone_A_01_Far
0.01094296
-0.9130982
-2.788189
-4134.151
215.3593
-1699.706
1.0
Obj_Plant_IvyBurn_A_01
-2.738094
-0.6099591
2.659933
-4223.482
216.8021
-1747.277
1.0
ConstraintDummy
2.024218
-0.5451468
-2.884575
-4085.236
297.8011
-1843.863
1.0
FldObj_BoneGiant_BackBone_A_01_Far
-0.2355181
-0.833281
-2.779765
-4153.056
211.3547
-1714.025
1.0
FldObj_CliffYellowWall_END_A_04
0.1453281
-1.205323
-0.3909196
-4301.397
211.091
-1764.417
1.8
Obj_Plant_ChiliPepper_A_01
0
-1.043239
0
-4033.813
293.2599
-1848.961
1.0
FldObj_SkullRock_A_01
0
0.3199998
0
-4393.647
217.0207
-1937.446
1.0
LinkTagAnd
0
-0.121366
0
-4011.667
208.1772
-1167.146
1.0
FldObj_CliffYellowWall_END_A_04_Far
-1.272306
-1.494667
1.042581
-4069.512
208.9516
-1194.338
1.4
ValleyEffectLocater
0
0
0
-4642.154
0.01220722
-1746.022
1.0
EnemyLookTag
0
-1.08
0
-4006.835
359.1052
-1979.437
1.0
