UnitConfigName/__text
Rotate/value/0
Rotate/value/1
Rotate/value/2
Translate/value/0
Translate/value/1
Translate/value/2
_Scale
Obj_Plant_HopBush_C_Snow_01
-0.2121761
-0.8967886
0.2999724
-4316.188
629.4642
578.8125
1.095215
FldObj_KorokStone_A_01
0
1.029207
0
-4355.313
714.6
709.8576
1.0
FldObj_KorokStone_A_01
0
-0.5415898
0
-4357.36
712.6
713.277
1.0
Item_Mushroom_D
-1.450561
-0.550415
2.777832
-4505.617
639.7617
357.4023
1.0
Obj_Plant_HopBush_C_Snow_02
0.6431404
-1.22992
-0.737478
-4712.734
710.762
868.9023
1.021484
FldObj_KorokStone_A_01
0
1.029207
0
-4356.501
714.6
713.7809
1.0
Obj_Plant_HopBush_C_Snow_02
-0.08126237
-0.08576794
0.01021373
-4572.898
616.614
838.0625
1.052734
Obj_Plant_HopBush_C_Snow_02
-0.5430204
-1.142531
0.6472907
-4238.57
788.6981
668.1719
0.965332
Obj_Plant_HopBush_C_Snow_02
-0.1957849
0.3087612
0.06302557
-4074.621
548.3036
378.2891
0.952148
FldObj_KorokStone_A_01
0
-2.112386
0
-4358.212
714.6
712.7614
1.0
AirWall
0
1.34
0
-4712.205
903.697
600.0819
1.0
Enemy_Golem_Little_Ice
-0.0055965
0.0001344062
0.04802275
-4414.8
620.8661
825.8983
1.0
FldObj_GerudoHighlandRock_C_05
-2.411902
-0.946962
2.213693
-4066.554
544.4469
364.1405
1.0
Item_Mushroom_D
-1.281592
-1.381593
3.141593
-4290.635
757.4738
674.5644
1.0
Obj_Mineral_A_01
0
0
0.42
-4041.585
668.2935
617.2383
1.0
Obj_Plant_CypressLow_B_01
-0.1658849
0.07526321
-0.08897229
-4179.48
789.1143
664.9219
0.994141
FldObj_CrevasseSnowWindVent_A_01
0
-2.94
0
-4359.064
505.6485
491.4563
1.0
Obj_LiftRockWhite_Korok_A_01
0.14
-0.36
0
-4069.385
568.8235
438.0324
1.0
Enemy_Octarock_Desert
0
0
0
-4477.382
627.5222
1073.74
1.0
Obj_MineralGrain_A_04
-3.017938
-1.02077
3.116158
-4342.111
612.1851
548.2993
1.0
Obj_Plant_HopBush_C_Snow_02
-0.1959592
-0.6630868
0.2401057
-4312.57
630.7468
584.9336
0.919922
TBox_Field_Iron
0
0.98
0
-4233.122
792.6809
825.1345
1.0
AscendingCurrent
0
0.1885323
0
-4365.89
506.6549
517.289
1.0
Enemy_Golem_Little_Ice
-2.32501
-1.427528
2.535439
-4351.749
714.1929
701.964
1.0
Obj_LiftRockWhite_Korok_A_01
0
0
0
-4068.623
568.5616
436.165
1.0
TBox_Field_Iron
0
0.98
0
-4129.901
788.7013
966.3439
1.0
FldObj_GerudoHighlandRock_A_05
-0.1554887
0.03787943
0.2370489
-4331.985
636.8466
658.4269
1.0
Obj_Mineral_A_01
-1.469425
-0.9929039
1.365733
-4360.551
608.4876
546.8296
1.0
FldObj_KorokStone_A_01
0
2.600003
0
-4356.157
713.6
709.3537
1.0
Area
0
0.6607904
0
-4571.583
618.4811
729.7556
40
FldObj_KorokStone_A_01
0
2.632387
0
-4346.219
719.0172
701.5912
1.0
Enemy_Golem_Little_Ice
-0.04078876
0.002371334
0.1161277
-4419.953
620.1877
819.4452
1.0
TBox_Field_Iron
0
0.98
0
-4067.94
784.1995
812.7606
1.0
Obj_Plant_HopBush_C_Snow_01
-0.09335578
0.4176961
0.07641782
-4039.582
789.288
694.4648
0.851074
Obj_Plant_CypressLow_B_01
0.4103895
-1.544949
-0.3442478
-4133.172
788.6112
989.8008
0.972168
Item_Plant_E
3.141479
-0.2543945
3.141479
-4063.422
781.4807
783.4922
1.0
Item_Mushroom_D
-1.564209
-0.826538
3.109497
-4277.617
757.5
596.6406
1.0
Enemy_Golem_Little_Ice
0.08979524
-0.001080702
0.02405305
-4057.326
779.892
793.0135
1.0
Obj_Plant_HopBush_C_Snow_02
0.1760689
0.3292937
0.03132723
-4121.492
794.8066
852.5547
0.941895
Enemy_Keese
0
0.6607904
0
-4563.957
621.4811
742.8257
1.0
Obj_Plant_CypressLow_B_01
-0.2292943
-1.341742
0.1855469
-4456.945
613.6685
665.5664
1.097168
FldObj_CrevasseSnowWindVent_A_01
0
0.006371072
0
-4430.761
618.7247
760.3201
1.0
Obj_Plant_HopBush_C_Snow_01
0.09298373
-0.2386047
-0.2564211
-4438.785
663.7306
410.293
1.052734
Obj_Plant_HopBush_C_Snow_02
-0.05270364
1.484604
-0.1680764
-4591.934
620.4918
918.4883
1.056641
Obj_Plant_HopBush_C_Snow_01
-0.1487777
0.8092704
0.05576677
-4127.75
787.4395
921.6992
0.985352
Obj_Mineral_A_01
-0.3024859
-0.8774548
0.4410437
-4344.994
637.329
662.4889
1.0
Item_Mushroom_D
-1.774048
-0.2980957
-3.071045
-4032.863
605.2188
514.9414
1.0
Enemy_Golem_Little_Ice
0.03665184
-0.003829245
0.2081737
-4005.786
784.5009
793.8193
1.0
AscendingCurrent
0
-0.1460759
0
-4437.902
610.6234
767.024
2
Obj_MineralBury_A_01
0
1.623184
0
-4389.016
506.537
519.8194
1.0
Item_Mushroom_D
-2.178101
1.039429
2.683594
-4383.688
588.4297
318.8477
1.0
Obj_Plant_CypressLow_B_01
0.2722906
-0.2055494
-0.03472879
-4144.098
784.0117
891.6133
0.958008
Enemy_Lizalfos_Senior
0
2.379999
0
-4539.48
620.9407
967.6835
1.0
Obj_Plant_CypressLow_B_01
-0.08803859
-0.1058702
0.3199683
-4411.27
614.922
649.5586
1.029785
Item_Mushroom_D
-1.678223
-0.8572998
3.103027
-4237.555
508.9297
334.1016
1.0
Obj_Plant_CypressLow_B_01
0.05057737
-0.8075285
-0.005070246
-4455.758
614.2997
960.5
0.901855
Enemy_Golem_Little_Ice
0
0
0
-4424.289
614.3708
576.6317
1.0
FldObj_KorokStone_A_01
0
-2.080002
0
-4344.481
716.0172
702.5798
1.0
Obj_Plant_HopBush_C_Snow_01
-0.293083
-0.6440947
0.1606704
-4463.328
666.3541
372.6641
1.013184
FldObj_BankingFlat_A_05
0.05895483
-0.01071173
0.3593678
-4407.471
684.2623
717.0983
1.0
TBox_Field_Iron
-0.1384682
0.8426803
-0.01094728
-4615.5
627
910.5
1.0
Item_Mushroom_D
-1.769775
-0.07141113
2.762085
-4169.5
702.4336
579.043
1.0
FldObj_KorokStone_A_01
0
-2.080002
0
-4346.211
718.0172
701.5951
1.0
TBox_Field_Iron
0
0.98
0
-4226.197
779.9436
730.8873
1.0
Item_Mushroom_D
-1.676758
-0.5699462
3.081665
-4298.016
667.2422
594.0234
1.0
Item_Mushroom_D
1.906372
-1.519165
-0.5932617
-4441.512
668.3906
712.2266
1.0
FldObj_BankingFlat_A_05
0.042323
-0.002019204
0.09533231
-4418.406
619.6984
800.7
1.0
Obj_Plant_CypressLow_B_01
-1.028244
-1.275041
0.9336835
-4116.148
634.3621
552.1992
0.928711
Enemy_Octarock_Desert
0
-0.5700373
0
-4497.748
613.6718
751.7726
1.0
Obj_Plant_HopBush_C_Snow_01
-0.1735364
-0.3201695
0.07719211
-4205.664
788.4147
657.2422
1.066895
Obj_Plant_HopBush_C_Snow_01
-0.4868916
0.8998947
-0.5962637
-4157.129
566.0478
421.2109
0.978027
Obj_Plant_HopBush_C_Snow_01
-0.3711874
0.9407628
-0.2757448
-4214.531
785.653
643.7344
0.967773
FldObj_KorokStone_A_01
0
1.029207
0
-4359.063
713.6
712.2496
1.0
Obj_Plant_HopBush_C_Snow_02
0
-1.283325
0
-4129.078
788.7975
993.4336
0.957031
Obj_Plant_HopBush_C_Snow_02
-0.05455985
-1.153876
-0.005250565
-4115.285
783.4671
783.168
0.918945
Item_Mushroom_D
-2.012451
0.1973877
3.132324
-4238.152
767.5195
571.1406
1.0
Obj_Plant_HopBush_C_Snow_01
-0.1836641
0.5470711
-0.1623084
-4073.32
540.5997
341.6172
1.008301
FldObj_GerudoHighlandRock_C_06
3.052748
0.4595188
3.119462
-4388.082
607.2052
533.833
1.0
Obj_Plant_CypressLow_B_01
0.138887
-1.188066
-0.1619786
-4790.785
719.4362
1038.414
0.935547
Obj_Plant_CypressLow_B_01
-0.4957283
1.446133
-0.6340867
-4544.715
692.8842
481.0625
1.049316
FldObj_GerudoHighlandRock_C_05
1.098317
-0.8003832
-0.2037496
-4252.684
674.219
1022.101
1.089384
Obj_Plant_CypressLow_B_01
-0.2997563
0.6601443
-0.2029132
-4080.465
796.158
731.4922
1.071777
Obj_Plant_HopBush_C_Snow_01
0.1348525
-0.209331
0.06064478
-3934.52
788.4073
923.7656
1.062012
FldObj_KorokStone_A_01
0
-2.112386
0
-4355.637
716.6
714.2967
1.0
Obj_Plant_HopBush_C_Snow_01
-0.1913874
-0.32982
-0.03208862
-4675.035
628.9898
965.0742
0.892578
FldObj_KorokStone_A_01
0
-2.112386
0
-4353.621
714.6
710.8851
1.0
Item_Mushroom_D
-1.624268
-0.3753662
-3.068359
-4083.754
610.5664
520.8203
1.0
Item_Plant_O
-1.712769
0.4107666
-2.681274
-4073.496
346.7031
127.2617
1.0
Item_Mushroom_D
-2.212646
-1.051636
-2.724731
-4243.465
526.0391
361.1172
1.0
Obj_Plant_HopBush_C_Snow_01
0.1020548
0.5538872
0.03248515
-4461.074
614.1741
964.2969
1.057129
Obj_Plant_HopBush_C_Snow_02
0
-0.3657226
0
-4584.941
620.1799
922.8359
1.05127
AscendingCurrent
0
0
0
-4315.793
570.6018
525.8098
1.0
FldObj_GerudoHighlandRock_A_05
0
1.62
0
-4422.932
618.9857
355.6556
1.0
Obj_Plant_HopBush_C_Snow_01
0.06811583
-0.3925493
0.05334556
-4520.363
615.7528
916.9648
1.025391
TBox_Field_Iron
-0.1190044
-1.200297
0.1341943
-4541
615
787
1.0
FldObj_KorokStone_A_01
0
-0.5092055
0
-4341.346
715.0172
700.9542
1.0
Obj_Plant_HopBush_C_Snow_02
-0.3780486
1.031134
-0.3860012
-4213.559
535.5514
349.9531
1.038086
Obj_Plant_CypressLow_B_01
0.8810124
1.172762
1.02053
-4157.801
783.068
892.9258
0.957031
Obj_Plant_HopBush_B_01
-0.1548585
0.7627358
-0.04720841
-4184.621
311.6756
102.6055
0.905762
Item_Mushroom_D
-1.79602
0.5098876
2.80957
-4425.27
515.6055
269.0039
1.0
Enemy_Octarock_Desert
0
0
0
-4225.424
784.788
642.5504
1.0
AscendingCurrent
0
0.1885323
0
-4358.435
506.6549
491.5526
1.0
Item_Mushroom_D
-1.670288
-0.7192382
-3.0531
-4319.051
741.5156
698.1836
1.0
FldObj_KorokStone_A_01
0
-0.5415898
0
-4353.621
713.6
710.8851
1.0
Obj_MineralBury_A_01
0
-1.360001
0
-4443.445
625.723
701.4641
1.0
Item_Mushroom_D
-2.514526
-0.7597656
-2.61853
-4353.73
732.7773
732.4766
1.0
Item_Plant_O
-1.845337
0.427124
3.118286
-4216.535
245.6914
53.19922
1.0
FldObj_GerudoHighlandRock_A_05
0
1.26
0.18
-4382.242
626.3959
798.5938
1.0
Item_Mushroom_D
-2.541504
-1.176025
-2.479126
-4349.523
748.4023
804.8477
1.0
Obj_Plant_CypressLow_B_01
0.1204891
-0.4094683
0.04268534
-4457.313
616.4548
912.7266
0.869629
Obj_Plant_CypressLow_B_01
-0.4579237
1.50659
-0.6453546
-4584.301
619.3378
882.6758
1.018555
Obj_Plant_HopBush_C_Snow_02
0.4314311
0.7655312
0.4857189
-4283.766
779.9911
848.3008
0.996582
FldObj_CrevasseSnowWindVent_A_01
0
0.006371072
0
-4307.425
713.2022
663.9983
1.0
Obj_Mineral_A_01
0
-0.2800002
0.3199999
-4381.242
635.6387
725.0878
1.0
Obj_Plant_HopBush_C_Snow_01
0.05653102
-0.001319618
0.04666642
-4198.836
779.8089
774.823
1.0
Obj_TreeBroadleafLow_Snow_A_02
0.06989086
0.002179193
-0.06231434
-4390.292
625.3823
764.4751
1.0
Obj_Plant_CypressLow_B_01
-0.3709916
-0.2157644
0.0903134
-4104.68
634.4895
552.7852
1.078125
Enemy_Golem_Little_Ice
0.001284504
3.702187E-05
-0.05762737
-4424.466
614.5043
561.1731
1.0
Enemy_Lynel_Senior
0
0
0
-4037.55
795.5323
878.5903
1.0
Enemy_Golem_Little_Ice
0.3335225
0.006809034
-0.04044656
-4211.565
783.4996
740.8351
1.0
Animal_Wolf_A
0
0
0
-4597.771
695.67
610.7322
1.0
Item_Mushroom_D
0.567749
1.409912
-0.921997
-4364.695
583.8867
447.1758
1.0
AscendingCurrent
0
0
0
-4307.366
711.3168
664.5417
1.0
PointWindSetTag
0
-0.4181316
0
-4596.408
710.5625
635.5328
1.0
Enemy_Octarock_Desert
0
0
0
-4206.646
792.3116
689.0704
1.0
Enemy_Golem_Little_Ice
-0.04705318
-0.007573914
-0.3191356
-4247.189
780.8533
729.9438
1.0
TBox_Field_Iron
0.4986462
-0.6249259
-0.4009723
-4400.356
624.2866
700.7216
1.0
Item_Mushroom_D
-1.481593
-0.5415924
3.141593
-4304.321
718.0202
677.0748
1.0
AirWall
0.1331844
1.07892
0.01520009
-4856.282
822.2971
941.8215
1.0
Item_Plant_E
3.141479
-0.4182129
3.141479
-4446.145
614.5583
579.1289
1.0
Item_Mushroom_D
-2.395141
-1.270752
-2.441528
-4303.395
682.7422
629.2266
1.0
FldObj_GerudoHighlandRock_C_06
-0.0161097
0.1591941
-0.101285
-4374.616
609.1727
550.5043
1.0
Item_Plant_E
0
0.876709
0
-4408.703
625.0842
902.9609
1.0
Item_Mushroom_D
-3.072143
1.110474
1.954712
-4676.699
632.9023
921.2617
1.0
FldObj_KorokStone_A_01
0
-2.080002
0
-4341.806
717.0172
701.8225
1.0
Obj_Plant_HopBush_C_Snow_01
0.04847926
-0.003004509
0.1237689
-4196.617
780.2867
769.1141
1.0
Item_Mushroom_D
-1.635132
-0.4339599
2.775268
-4221.543
407.3047
237.8633
1.0
Enemy_Octarock_Desert
0
0
0
-4080.309
791.2147
707.5519
1.0
Item_Mushroom_D
-2.938232
1.030151
1.943603
-4455.766
515.6367
238.5313
1.0
FldObj_KorokStone_A_01
0
2.600003
0
-4355.117
716.6
713.4365
1.0
Obj_Plant_HopBush_B_01
-0.2713242
0.7590136
-0.08926026
-4090.316
423.1551
199.75
0.961426
Obj_Plant_HopBush_C_Snow_02
-0.1623947
1.217934
-0.1034478
-4241.824
794.7511
798.1563
0.970703
Obj_Plant_HopBush_C_Snow_01
-0.2715024
-0.8341638
0.1398133
-3999.043
541.8548
367.043
1.087402
Obj_TreeBroadleafLow_Snow_A_01
0
4.245785
0
-4116.262
789.7928
943.5405
1.0
Obj_Plant_CypressLow_B_01
-0.05252126
0.4039084
0.3143528
-4633.859
623.5345
940.1641
1.002441
Item_Mushroom_D
0.6047363
1.0354
-0.7558593
-4659.074
647.2188
841.293
1.0
Obj_Plant_HopBush_C_Snow_02
-0.2622891
-0.004087802
0.3044975
-4054.824
664.0934
609.8125
1.018066
Item_Mushroom_D
-0.8787841
-1.025757
2.259399
-4341
649.0195
660.7656
1.0
Area
0
0
0
-4398.612
625.016
713.7381
25
Obj_Plant_CypressLow_B_01
0
-0.7218018
0
-4513.105
613.9951
633.043
0.955078
Item_Mushroom_D
-2.261474
0.411499
2.736816
-4028.281
361.0508
155.7813
1.0
Enemy_Golem_Little_Ice
-0.2664634
-0.7009268
0.3831559
-4345.798
714.2578
694.2589
1.0
Animal_Fox_B
0
0
0
-4509.629
691.2945
500.9344
1.0
Obj_Plant_CypressLow_B_01
0.051105
0.4269257
0.05055275
-3986.684
795.5214
869.2617
1.007324
Enemy_Golem_Little_Ice
0
0
0
-4432.696
614.7455
565.8441
1.0
Item_Mushroom_D
-1.941528
0.1102295
2.988037
-4151.57
622.9922
505.9414
1.0
Obj_Plant_HopBush_C_Snow_01
0.03438098
-0.00153017
0.0889448
-4198.288
779.943
772.8091
1.0
PointWindSetTag
0
1.16
0
-4707.946
468.9922
-101.2726
1.0
Obj_Plant_CypressLow_B_01
0.4288918
-0.8499611
-0.1269235
-4322.129
773.416
826.9492
0.900391
TBox_Field_Iron
0.05668612
0.337863
0.312789
-4416.392
629.8348
735.1199
1.0
Obj_Plant_HopBush_C_Snow_01
0.0935386
-0.01308247
0.2777244
-4194.017
780.836
767.8015
1.0
Obj_LiftRockWhite_Korok_A_01
0
-1.540002
0
-4066.8
568.4888
435.3759
1.0
FldObj_KorokStone_A_01
0
2.632387
0
-4346.211
715.0172
701.595
1.0
Animal_Fox_B
0
0
0
-4472.699
670.4934
429.2066
1.0
Area
0
0
0
-4037.55
795.5323
878.5903
150
Obj_Plant_CypressLow_B_01
0.4933666
1.442378
0.492831
-3999.422
794.7687
881.8047
0.877441
Obj_Plant_CypressLow_B_01
0.0434475
-0.1151997
-0.2157465
-4525.004
617.2693
950.4102
0.884766
Animal_Rhino_A
0
0
0
-4536.779
692.4646
498.5306
1.0
FldObj_KorokStone_A_01
0
-0.5415898
0
-4354.457
714.6
710.3812
1.0
Item_Mushroom_D
1.73584
-0.7382812
-0.4476318
-4333.895
653.2695
892.2266
1.0
Enemy_Octarock_Desert
0
-0.0129581
0
-4457.225
616.741
1021.745
1.0
FldObj_KorokStone_A_01
0
1.029207
0
-4355.637
714.6
714.2966
1.0
Obj_Plant_HopBush_C_Snow_02
0.2221988
-1.435242
-0.04530909
-4006.445
784.0762
804.207
0.891113
Enemy_Golem_Little_Ice
-0.02375486
-0.0004950538
-0.04167243
-4414.941
613.9853
565.1171
1.0
Item_Plant_O
-2.036011
0.1594238
-2.893432
-4343.043
403.4844
235.082
1.0
Item_Plant_E
0
0.7602538
0
-4050.461
780.8155
792.7188
1.0
Item_Mushroom_D
-2.276123
-1.22937
-2.618042
-4337.613
654.9727
654.7773
1.0
Obj_Plant_HopBush_C_Snow_02
0.06076253
1.224716
-0.104801
-4526.789
617.5497
945.7422
0.998047
FldObj_KorokStone_A_01
0
2.600003
0
-4359.063
714.6
712.2496
1.0
Obj_LiftRockWhite_Korok_A_01
0
1.32
0
-4064.198
568.9639
438.2197
1.0
AirWall
0
1.16
0
-4955.763
903.697
821.8907
1.0
Item_Mushroom_D
-1.608765
-0.2441406
2.662109
-4279.016
593.5508
478.875
1.0
Obj_Plant_HopBush_C_Snow_01
-0.3610053
0.3080447
0.08294678
-4056.012
660.7234
600.3984
0.893555
FldObj_KorokStone_A_01
0
-2.080002
0
-4342.743
715.0172
703.5571
1.0
TBox_Field_Iron
9.387095E-18
-1.18
0.2399998
-4278.149
795.9943
768.5302
1.0
FldObj_KorokStone_A_01
0
-0.5415898
0
-4357.368
715.6
713.277
1.0
PointWindSetTag
0
1.16
0
-4484.793
468.9922
237.3172
1.0
Item_Mushroom_D
-1.36084
1.102173
-2.44165
-4119.641
686.6406
592.8711
1.0
Obj_Plant_CypressLow_B_01
-0.2548368
-0.3670116
0.02189719
-4516.055
688.3487
452.668
0.862793
FldObj_KorokStone_A_01
0
-2.080002
0
-4345.218
716.0172
699.8584
1.0
Area
0
0
0
-4500.199
621.509
842.4219
40
Animal_Wolf_A
0
0
0
-4596.13
694.7377
621.1041
1.0
Area
0
0
0
-4398.612
625.016
713.7381
40
Enemy_Golem_Little_Ice
0
2.38
0
-4078.855
783.428
810.1466
1.0
Enemy_Golem_Little_Ice
0
0
0
-4419.14
614.3227
575.3766
1.0
FldObj_KorokStone_A_01
0
-2.080005
0
-4345.347
717.0171
702.0927
1.0
FldObj_KorokStone_A_01
0
1.061591
0
-4342.282
716.0172
702.6966
1.0
SpotBgmTag
0
0.1745329
0
-4630
640
913
50
Obj_Plant_CypressLow_B_01
-0.4046173
1.493205
0.0711563
-4335.859
765.8701
763.5742
0.952637
Item_Mushroom_D
-1.950928
0.5224609
2.576294
-4114.434
692.1133
603.5508
1.0
FldObj_KorokStone_A_01
0
2.600003
0
-4355.637
717.6
714.2967
1.0
Obj_MineralBury_A_01
-0.1217831
-0.7114508
0.1852944
-4351.394
611.5098
546.2395
1.0
AirWall
0
0.9999998
0
-4688.961
903.697
525.3173
1.0
FldObj_GerudoHighlandRock_C_05
0
-0.84
0
-4384.463
612.301
548.9917
1.0
Item_Plant_E
3.141479
0.4420166
3.141479
-4407.746
626.3336
912.6484
1.0
FldObj_KorokStone_A_01
0
-0.5415898
0
-4357.36
713.6
713.277
1.0
Obj_Plant_HopBush_C_Snow_02
-1.412718
-1.211587
1.280798
-4108.52
777.7031
666.2969
1.006348
Obj_Plant_HopBush_C_Snow_02
-0.2258096
-0.2105361
-0.01949349
-4082.094
535.9371
310.5586
1.004395
Obj_Plant_HopBush_C_Snow_02
-0.0584489
0.9793212
-0.1975442
-4521.703
616.3605
983.8164
0.865234
FldObj_CrevasseSnowWindVent_A_01
0
0
0
-4347.16
505.9285
500.719
1.0
Obj_Plant_CypressLow_B_01
-0.1805626
-0.0893224
0.1086152
-4235.059
788.892
667.2266
0.87793
Enemy_Keese
0
0.6607904
0
-4560.798
621.4811
740.3707
1.0
AnchorAction1
0
0
0
-4096.765
783.3644
809.0233
1.0
FldObj_BankingFlat_A_05
-0.05301354
0.007460263
0.319548
-4423.028
678.7419
714.1981
1.0
AscendingCurrent
0
0.2938888
0
-4430.987
614.887
759.7205
5
AirWall
0
2.18
0
-4611.019
903.697
242.1426
1.0
Obj_Mineral_A_01
-0.6911517
-0.7936832
0.8594942
-4361.495
608.3615
547.6595
1.0
FldObj_KorokStone_A_01
0
-2.112395
0
-4354.124
715.6
711.717
1.0
Obj_Plant_HopBush_C_Snow_01
0.08145709
0.5919804
0.4719504
-4207.188
795.363
721.6836
1.093262
FldObj_KorokStone_A_01
0
-2.112386
0
-4355.148
714.6
713.4404
1.0
Item_Mushroom_D
-1.860107
0.6263427
2.87146
-4236.313
605.1328
489.707
1.0
Obj_Plant_HopBush_C_Snow_01
-0.3366463
-0.3964574
-0.1091303
-4720.945
709.7568
945.8516
0.926758
Obj_Plant_CypressLow_B_01
0.01818205
0.3450897
0.1853691
-4429.41
618.7466
849.0313
1.09668
TBox_Field_Iron
0.09313588
-0.01060033
-0.1433745
-4648.674
624.4203
963.2209
1.0
FldObj_KorokStone_A_01
0
2.632387
0
-4344.747
716.0172
698.9818
1.0
Enemy_Octarock_Desert
0
0.01499007
0
-4493.23
617.9645
915.4257
1.0
Enemy_Golem_Little_Ice
0.04481249
0.003663159
-0.1630994
-4107.777
782.8722
772.1622
1.0
Obj_Plant_HopBush_C_Snow_02
-1.235542
-1.283859
1.285899
-4074.059
547.4089
374.1719
1.074707
Obj_LiftRockWhite_Korok_A_01
0
-0.7800003
0
-4064.875
569.1446
439.8475
1.0
Obj_TreeBroadleafLow_Snow_A_01
0
0.7551263
0
-4119.837
789.4513
942.2615
1.0
Enemy_Golem_Little_Ice
-0.02999478
0.002730472
0.1815494
-4423.675
619.7124
824.7712
1.0
Item_Mushroom_D
1.152222
0.8350829
-0.2231445
-4585.602
677.332
657.1328
1.0
AscendingCurrent
0
0.3539243
0
-4438.222
617.2302
753.1325
2
Obj_Plant_HopBush_C_Snow_01
-0.3204926
0.9845379
-0.3980543
-4476.227
626.5069
278.332
0.892578
TBox_Field_Iron
-0.06046354
0.760847
-0.04738552
-4571.591
618.5076
729.7609
1.0
Item_Mushroom_D
-1.562378
1.270142
-2.809814
-4430.18
652.1172
354.4141
1.0
TBox_Field_Iron
0.4349853
-0.4865131
-0.5232932
-4494.491
613.3156
699.5233
1.0
Item_Mushroom_D
-2.198608
-0.5050048
-2.571777
-4032.316
665.3047
595.0547
1.0
Obj_Plant_HopBush_C_Snow_02
-0.3156178
0.3990426
-0.1185592
-4518.004
667.647
393.9492
0.944336
Item_Mushroom_D
1.929565
-1.106689
-0.8532714
-4441.383
654.5664
721.2422
1.0
TBox_Field_Iron
0
0.98
0
-3966.197
762.6384
609.4968
1.0
Obj_Plant_HopBush_C_Snow_02
0.01265512
-0.9343934
0.08297778
-4417.328
613.6767
649.3945
0.888672
Item_Plant_O
-2.046143
-0.2327881
-2.857544
-4210.785
356.668
177.7383
1.0
Item_Mushroom_D
1.39624
-0.9953613
0.1524658
-4226.758
759.7695
1029.625
1.0
FldObj_KorokStone_A_01
0
-0.5415898
0
-4354.628
714.6
712.5782
1.0
Obj_Plant_HopBush_C_Snow_01
-0.02325353
0.01652085
0.202361
-4243.883
634.4244
527.5391
0.884766
FldObj_KorokStone_A_01
0
2.600003
0
-4359.063
712.6
712.2496
1.0
Obj_MineralGrain_A_04
-0.1265778
1.038839
-0.03615415
-4350.759
611.6852
547.1501
1.0
Item_Mushroom_D
-1.913452
0.003173829
-3.119385
-4156.18
614.875
504.0273
1.0
AscendingCurrent
0
-0.2060609
0
-4422.659
619.1187
765.9636
2
Obj_Plant_HopBush_C_Snow_01
-0.3813103
0.5953389
-0.1298183
-4474.867
662.7682
362.4141
0.919922
FldObj_KorokStone_A_01
0
-0.5092086
0
-4345.347
716.0172
702.0928
1.0
FldObj_KorokStone_A_01
0
2.632397
0
-4343.612
717.0171
703.0702
1.0
FldObj_KorokStone_A_01
0
-2.112386
0
-4356.157
714.6
709.3537
1.0
Obj_Mineral_A_01
-2.627197
-1.401856
2.753773
-4045.42
667.5071
628.7015
1.0
FldObj_KorokStone_A_01
0
1.061591
0
-4346.211
717.0172
701.5951
1.0
Obj_Plant_HopBush_C_Snow_01
0.04116401
-0.001985945
0.09640439
-4196.843
779.9927
774.3572
1.0
Item_Mushroom_D
0
0
1.56
-4293.146
728.3764
672.8589
1.0
Obj_Plant_HopBush_C_Snow_01
0.1016981
-0.3670705
0.01038178
-4616.191
686.506
669.3281
0.882324
Obj_Plant_CypressLow_B_01
0.0002909989
0.5462715
-0.05520153
-4589.285
620.4128
925.0039
0.88623
Obj_Mineral_A_01
-0.4999999
0.6600009
0
-4444.794
625.6718
703.3961
1.0
Item_Mushroom_D
1.95581
1.072021
0.6781005
-4625.344
640.3633
742.9648
1.0
Area
0
0.6607904
0
-4571.583
618.4811
729.7556
25
Obj_TreeBroadleafLow_Snow_A_02
0.03430207
0.002550765
-0.148436
-4402.045
623.4031
764.7162
1.0
FldObj_KorokStone_A_01
0
-0.5092055
0
-4344.263
715.0172
698.1171
1.0
Obj_Plant_CypressLow_B_01
-0.5788012
-1.36779
0.4522975
-4553.371
694.2295
483.0039
0.911133
FldObj_KorokStone_A_01
0
2.600003
0
-4354.124
714.6
711.717
1.0
FldObj_KorokStone_A_01
0
2.632387
0
-4346.211
716.0172
701.595
1.0
Obj_MineralBury_A_01
0
-1.300002
0
-4386.243
506.5385
523.2571
1.0
Item_Mushroom_D
-1.169312
-0.935913
2.932373
-4029.102
735.6719
625.7656
1.0
AirWall
0.03462419
1.280026
-0.005577987
-4813.913
584.0579
771.6786
1.0
FldObj_KorokStone_A_01
0
-0.5415898
0
-4355.637
715.6
714.2967
1.0
Obj_Plant_HopBush_C_Snow_01
0.1301325
-0.01455655
0.2224826
-4192.979
780.9535
769.4515
1.0
TBox_Field_Iron
0
-0.4399999
0
-4421.903
613.922
567.08
1.0
Item_Mushroom_D
-1.879639
-0.8792724
-2.958618
-4323.887
733.4961
703.3555
1.0
TBox_Field_Iron
0
0.98
0
-4028.951
792.4294
718.7723
1.0
Enemy_Golem_Little_Ice
0
0
0
-4429.711
614.4047
573.0032
1.0
Obj_Plant_CypressLow_B_01
-0.2844001
-0.6870787
0.119009
-4079.711
536.3115
312.9336
0.972656
Obj_Mineral_A_01
-0.8283336
1.247794
-0.5521313
-4381.435
635.6218
727.5685
1.0
Obj_Plant_HopBush_C_Snow_01
0.0623427
-0.002771495
0.08882444
-4197.546
780.0627
771.6179
1.0
Item_Mushroom_D
-1.747314
0.5219726
-2.666626
-4156.313
771.1758
597.293
1.0
Item_Mushroom_D
0.7421874
1.374634
-0.6005859
-4704.984
694.6367
1037.902
1.0
Item_Mushroom_D
1.617432
-1.016601
-0.2441406
-4297.906
758.6836
888.5859
1.0
Obj_MineralBury_A_01
0
0.3400001
0
-4042.415
668.4857
619.0986
1.0
FldObj_KorokStone_A_01
0
-0.5092055
0
-4344.263
716.0172
698.1171
1.0
RockWhite_A_M_06
-0.04270198
-0.002572708
-0.1203323
-4408.521
613.05
332.0673
1.0
Item_Mushroom_D
-0.958496
-0.9562988
2.274414
-4354.289
723.7461
724.2031
1.0
Item_Mushroom_D
-1.977417
0.05334472
2.996948
-4047.41
229.1758
28.82031
1.0
Item_Mushroom_D
-1.816528
-0.5961913
-2.759888
-4325.156
692.5859
645.4141
1.0
Item_Plant_E
0
-1.48706
0
-4430.945
617.7761
918.9883
1.0
Obj_Mineral_A_01
-3.053741
-0.6013607
2.987551
-4342.67
612.1844
547.4777
1.0
Item_Mushroom_D
-3.130249
1.058594
1.66748
-4369.523
589.6875
411.5078
1.0
AirWallHorse_HiddnKorok
0
-2.299999
0
-4412.276
615.6179
331.7383
3
Obj_Plant_CypressLow_B_01
-0.2398504
-1.055335
0.206376
-4026.324
798.4713
750.7344
0.87207
Item_Mushroom_D
-2.227661
-0.4301758
3.133301
-4200.66
414.3164
219.5391
1.0
FldObj_KorokStone_A_01
0
-0.5092055
0
-4344.263
714.0172
698.1171
1.0
Enemy_Lizalfos_Senior
0
1.979999
0
-4540.777
620.3671
956.4021
1.0
TBox_Field_Iron
-3.030731
0.5912848
-2.986918
-4511.281
615.0892
733.0972
1.0
Obj_Plant_CypressLow_B_01
0
-0.6932372
0
-4045.473
667.4261
620.9688
0.967285
FldObj_BankingFlat_A_05
-2.914709
-1.482945
-3.007628
-4383.877
693.3292
711.7379
1.0
FldObj_KorokStone_A_01
0
2.632387
0
-4345.347
718.0172
702.0927
1.0
Item_Mushroom_D
-1.65979
0.1114502
-3.04248
-4066.582
489.8008
263.4727
1.0
Obj_Mineral_B_01
-2.490989
-0.627532
2.759608
-4349.611
611.6376
547.4213
1.0
FldObj_KorokStone_A_01
0
1.029207
0
-4355.313
715.6
709.8576
1.0
Obj_Plant_CypressLow_B_01
-0.2417677
-0.6973402
0.02150835
-4264.5
797.814
777.7266
0.869141
Enemy_Golem_Little_Ice
0.1446441
-0.03430163
0.4649494
-4259.69
776.3174
701.9409
1.0
FldObj_BankingFlat_A_05
3.080395
0.198046
3.129537
-4422.542
679.057
718.0416
1.080851
FldObj_GerudoHighlandRock_A_05
-2.795692
-1.037405
-3.097727
-4374.232
632.721
687.6486
1.0
Item_Mushroom_D
1.910644
1.013183
0.8529052
-4689.602
681.0898
886.0859
1.0
Item_Mushroom_D
-1.701538
-0.5450439
2.600342
-3973.887
248.7852
56.72656
1.0
FldObj_BankingFlat_A_05
-0.05344357
-0.1701748
0.3690576
-4423.988
678.1603
710.7175
1.0
Obj_Plant_HopBush_C_Snow_01
0.09575229
-0.008489112
0.176718
-4195.248
780.4872
769.0022
1.0
Enemy_Golem_Little_Ice
0.0882301
-0.004595539
0.1040102
-4155.2
783.8646
779.2569
1.0
TBox_Field_Iron
9.387095E-18
-1.18
0.2399998
-4153.626
799.4456
722.1402
1.0
FldObj_KorokStone_A_01
0
-0.5092055
0
-4342.743
716.0172
703.5571
1.0
FldObj_CrevasseSnowWindVent_A_01
0
-2
0
-4358.843
506.2572
512.0851
1.0
AirWall
0
1.16
0
-4603.586
903.697
363.8294
1.0
Obj_Plant_HopBush_C_Snow_02
-1.547293
-1.250913
1.433213
-4511.355
686.4523
447.7344
0.89209
Area
0
0
0
-4500.199
621.509
842.4219
25
Obj_Plant_HopBush_C_Snow_02
-0.167308
0.6285957
-0.1199803
-4092.191
539.6852
328.8672
1.053223
Item_Mushroom_D
0.4448242
1.072998
-1.080444
-4644.77
695.1406
737.1875
1.0
Obj_Plant_CypressLow_B_01
-0.553592
1.152468
-0.5376351
-4300.035
711.2794
648.1914
1.067871
Item_Mushroom_D
1.301636
1.260132
0.3858642
-4472.773
668.043
528.5195
1.0
Item_Mushroom_D
-2.045898
0.07043458
3.123657
-4176.215
372.1563
177.3633
1.0
FldObj_KorokStone_A_01
0
2.632387
0
-4345.219
717.0172
699.8506
1.0
Enemy_Lizalfos_Senior
0
0.1
0
-4493.774
613.8444
704.6558
1.0
PointWindSetTag
0
0
0
-4769.585
738.9922
802.4508
1.0
Obj_Plant_CypressLow_B_01
-0.3577956
0.4823666
-0.01789706
-4068.988
664.1975
621.582
0.885742
AirWall
0
1.16
0
-4838.914
903.697
201.3752
1.0
Obj_TreeBroadleafLow_Snow_A_02
0.09512023
0.003761774
-0.07899448
-4391.769
626.1544
754.16
1.0
FldObj_BankingFlat_A_05
-0.0791286
-1.315465
0.4498703
-4371.408
697.7937
710.5947
1.0
Item_Plant_O
-2.034302
0.1517334
2.979004
-4157.762
404.4336
210.3906
1.0
Obj_Plant_HopBush_C_Snow_02
0.2689899
-0.1875181
0.1719721
-4266.906
784.2897
848.2305
0.884277
Item_Plant_E
3.141479
1.192749
3.141479
-4093.355
779.7224
781.5703
1.0
FldObj_KorokStone_A_01
0
1.029207
0
-4356.157
712.6
709.3537
1.0
Obj_Plant_HopBush_C_Snow_01
-0.2429748
-0.02446439
-0.05640129
-4012.613
558.6761
438.1406
0.986328
FldObj_KorokStone_A_01
0
-0.5092055
0
-4343.612
716.0172
703.0702
1.0
Obj_Plant_CypressLow_B_01
0
1.422851
0
-4436.043
613.3404
658.2461
0.919922
Obj_Plant_CypressLow_B_01
-1.114699
-1.335913
1.443852
-4054.289
642.1249
553.5078
1.042969
Obj_MineralBury_A_01
-3.079981
-0.04614193
-2.891667
-4351.197
636.4471
664.9373
1.0
Item_Mushroom_D
-1.45935
0.3361816
-2.987915
-4091.68
695.5703
616.668
1.0
Item_Mushroom_D
-2.58435
-0.8198242
-2.704101
-4286.434
476.9609
397.1172
1.0
Item_Mushroom_D
-1.353042
-0.6665041
-3.126042
-4299.831
743.5651
682.0109
1.0
Item_Mushroom_D
-2.456177
-0.7077636
-2.609131
-4364.691
658.1953
679.0508
1.0
TBox_Field_Iron
0
-2.403185
0
-4010.794
794.8752
874.1071
1.0
TBox_Field_Iron
0
0.98
0
-4230.841
788.1245
848.5323
1.0
Obj_TreeBroadleafLow_Snow_A_01
0
3.37312
0
-4121.551
789.2557
941.5657
1.0
Obj_Plant_HopBush_C_Snow_01
-0.122691
0.9055552
0.02977449
-4118.949
788.4999
918.0781
1.055664
Obj_Plant_HopBush_B_01
-0.4482888
-0.8926225
0.2646215
-4222.301
310.1161
121.2813
0.853027
Obj_MineralGrain_A_04
-0.04251268
-0.4665958
0.0383986
-4443.807
625.5992
702.5189
1.0
TBox_Field_Iron
0
0.98
0
-4170.739
783.2858
798.7152
1.0
Item_Mushroom_D
1.834228
1.199951
0.5516357
-4664.348
664.8633
841.6836
1.0
AscendingCurrent
0
0.1885323
0
-4367.531
506.6549
505.248
1.0
TBox_Field_Iron
0.7178217
0.647557
0.6296891
-4553.268
619.4994
974.083
1.0
Obj_Plant_CypressLow_B_01
0.08943371
-0.4736117
0.06989828
-4439.684
615.3378
956.8633
1.068359
FldObj_CrevasseSnowWindVent_A_01
0
2.303186
0
-4367.499
506.2416
504.4379
1.0
FldObj_KorokStone_A_01
0
-2.080002
0
-4341.806
716.0172
701.8225
1.0
DgnObj_DungeonEntrance_DecalSnow
0
1.44
0
-4658.484
618.4925
904.8393
1.0
Obj_Mineral_A_01
-0.24
-0.3400001
0.2600001
-4348.249
636.733
664.4137
1.0
AscendingCurrent
0
-0.4261258
0
-4435.231
618.2027
769.6331
2
FldObj_KorokStone_A_01
0
-2.112386
0
-4355.637
713.6
714.2966
1.0
FldObj_KorokStone_A_01
0
1.061591
0
-4345.717
716.0172
700.7153
1.0
Obj_Plant_HopBush_C_Snow_01
0.04108004
-0.002546667
0.1238096
-4196.972
780.1879
770.4333
1.0
Enemy_Golem_Little_Ice
-0.4418834
-0.002005486
-0.008928793
-4015.893
783.1767
817.7649
1.0
Obj_Plant_CypressLow_B_01
0.3784323
-1.325933
-0.4824893
-4632.813
623.58
987.3086
0.884766
Obj_Plant_CypressLow_B_01
0
1.398559
0
-4519.836
691.2014
513.7305
1.018066
TBox_Field_Iron
0.04509149
-0.4731434
-0.02128049
-4537.549
616.1094
875.7889
1.0
FldObj_GerudoHighlandRock_A_05
-0.05995212
0.002397923
0.03992809
-4352.83
632.4402
669.9773
1.0
Obj_Plant_CypressLow_B_01
0.1639984
0.9182705
0.192788
-4084.273
791.3823
996.8516
1.049805
FldObj_KorokStone_A_01
0
-2.112386
0
-4357.36
714.6
713.277
1.0
Enemy_Golem_Little_Ice
-2.614964
0.8330218
-2.753407
-4185.91
782.9308
788.3113
1.0
Obj_LiftRockWhite_Korok_A_01
0
0.8199999
0
-4068.552
569.077
439.7744
1.0
TBox_Field_Iron
0
0.98
0
-3912.439
779.5385
785.694
1.0
TBox_Field_Iron
0
0.98
0
-4230.044
777.6145
602.7311
1.0
FldObj_KorokStone_A_01
0
-0.5092055
0
-4345.218
715.0172
699.8584
1.0
Obj_LiftRockWhite_Korok_A_01
0
0.7
0
-4066.696
569.3064
440.4202
1.0
Obj_MineralGrain_A_02
3.083268
0.484246
-3.03898
-4380.642
635.896
725.9483
1.0
Obj_Plant_HopBush_C_Snow_01
0.1401231
0.6767251
0.2349945
-4389.492
623.5345
662.582
1.093262
Item_Mushroom_D
-1.576416
0.3682861
-2.750122
-4149.066
661.4336
571.6484
1.0
AirWall
0
0.6999996
0
-4779.418
903.697
697.0155
1.0
Obj_MineralGrain_A_04
0.2400001
-1.5
0
-4360.606
608.3857
547.2393
1.0
Obj_Plant_HopBush_C_Snow_01
0.1919313
-0.5278139
0.1891672
-4365.895
626.6329
1000.027
0.9375
Obj_Plant_HopBush_C_Snow_02
-0.2233889
0.0329895
0.02204925
-4114.281
543.4048
354.1367
0.913086
Item_Mushroom_D
-0.2954102
-1.405273
1.740356
-4364.059
701.957
823.9727
1.0
Item_Plant_E
0
-0.02392578
0
-4330.992
489.3673
453.1016
1.0
FldObj_BankingFlat_A_05
0.06404811
-0.01211775
0.3738544
-4370.855
697.8928
717.7695
1.0
Item_Mushroom_D
-2.23706
0.5620117
2.559937
-4144.398
287.5273
90.63672
1.0
Item_Plant_E
3.141479
-0.2023926
3.141479
-4511.492
613.9719
633.4453
1.0
Item_Mushroom_D
-1.850464
-1.040405
2.918213
-4124.762
375.1914
159.0039
1.0
Obj_Plant_CypressLow_B_01
-0.0157245
0.8906719
0.1080899
-4406.59
624.0104
877.1016
1.039063
FldObj_KorokStone_A_01
0
2.632387
0
-4341.346
716.0172
700.9542
1.0
Obj_Plant_CypressLow_B_01
0.885884
-1.140232
-0.8514788
-4008.625
775.1191
1044.238
1.084961
Obj_TreeBroadleafLow_Snow_A_01
0
4.732363
0
-4117.863
789.6383
942.8047
1.0
TBox_Field_Iron
0
-3.023185
0
-4027.633
795.5341
927.5338
1.0
Obj_Plant_HopBush_C_Snow_01
-0.7996074
1.51348
-0.6944513
-4123.211
788.8728
935.1406
0.971191
FldObj_CrevasseSnowWindVent_A_01
0
-1.139998
0
-4315.665
570.8446
526.0753
1.0
TBox_Field_Iron
0
1.9
0
-3937.027
788.7729
754.5813
1.0
TBox_Field_Iron
-0.1910378
0.1588463
0.3789832
-4506.453
620.408
842.25
1.0
Obj_Plant_CypressLow_B_01
0.119513
-1.068324
-0.2979041
-4523.609
616.9375
946.1875
0.959961
Obj_Plant_HopBush_C_Snow_01
0
1.529907
0
-4444.168
612.9807
641.1875
0.982422
TBox_Field_Iron
0.04509149
-0.4731434
-0.02128049
-4391.822
621.6204
836.1955
1.0
