UnitConfigName/__text
Rotate/value/0
Rotate/value/1
Rotate/value/2
Translate/value/0
Translate/value/1
Translate/value/2
_Scale
Obj_LiftRockGerudo_Korok_A_01
1.397359
-1.411635
-1.35569
-4174.593
193.0364
1985.268
1.0
Obj_Plant_HopBush_C_Snow_01
0.8708332
-1.265063
-0.750414
-4389.406
618.632
1008.316
0.904297
FldObj_GerudoSecrerBaseRoot_A_01
-3.052902
-0.3053908
-3.070566
-4246.836
235.7592
1635.186
1.0
Item_Mushroom_B
0
1.51001
0
-4185.422
533.8491
1257.848
1.0
Item_Mushroom_D
1.16272
0.2249756
0.1633301
-4206.145
449.5508
1450.848
1.0
Obj_MineralGrain_A_04
0.3048851
0.0005188371
-0.211618
-4588.234
567.3715
1409.048
1.0
Obj_LiftRockWhite_Korok_A_01
0
-2.068994
0
-4142.642
401.4637
1728.66
1.0
Item_Plant_L
3.141479
1.132813
3.141479
-4341.57
179.853
1867.953
1.0
Item_Plant_E
0.2017898
1.010327
0.0782502
-4348.344
496.7442
1170.875
1.0
Item_Mushroom_D
1.518555
0.4847412
0.2193603
-4197.527
289.2852
1846.617
1.0
TBox_Field_Iron
2.952338
0.6715979
3.006738
-4098.939
557.8826
1193.142
1.0
Obj_LiftRockWhite_Korok_A_01
0
2.864822
0
-4128.47
401.4929
1714.912
1.0
Obj_MineralGrain_A_04
1.418218
1.030266
1.756124
-4775.054
564.5227
1438.554
1.0
Area
0
0
0
-4319.316
189.6253
1693.977
100
Obj_Plant_HopBush_C_Snow_01
0.6073045
1.129035
0.5182177
-4128.453
535.4241
1249.543
1.095215
Enemy_Octarock_Snow
0
-2.303184
0
-4462.2
564.9055
1369.9
1.0
Obj_LiftRockGerudo_A_01
0
0
0
-4349.405
154.9603
2128.145
1.0
FldObj_GerudoHighlandRock_B_02
0
-1.16
0
-4266.447
404.7526
1497.908
1.0
Item_Mushroom_D
2.278564
-0.9626464
-0.2115478
-3990.352
440.957
1490.199
1.0
FldObj_GerudoSecrerBaseRoot_A_01
-3.096014
0.1529249
-3.030767
-4040.594
302.9425
1554.576
1.0
Obj_Plant_HopBush_C_Snow_01
1.151332
-1.371128
-1.044576
-4230.973
600.4742
1118.285
1.010742
Item_Mushroom_D
1.365112
-0.7694091
0.05065918
-4861.828
530.3906
1382.879
1.0
Obj_MineralBury_A_01
-3.141592
1.021593
-2.841592
-4234.906
538.5085
1188.452
1.0
Animal_Rhino_A
0
0
0
-4799.687
718.4933
1059.185
1.0
Obj_LiftRockWhite_Korok_A_01
0
0.05999506
0
-4530.654
571.1871
1425.756
1.0
TBox_Field_Iron
1.032455
0.9443521
1.000392
-4374.636
607.9658
1041.728
1.0
FldObj_DesertRuin_A_04
0
0
0
-4695.9
145.29
1977.71
1.0
Obj_Plant_HopBush_C_02
-2.841428
1.027863
-2.829588
-4148.681
400.4602
1711.099
1.0
FldObj_SnowEnemyLookout_B_01
0
1.499587
0
-4728.985
612.5442
1359.431
1.0
Obj_LiftRockWhite_Korok_A_01
0
-1.829495
0
-4135.954
401.3868
1721.145
1.0
Area
0
0
0
-4171.349
241.2188
1592.244
50
Obj_TreeConiferous_A_Snow_02
0
5.959855
0
-4198.036
533.4194
1276.423
1.0
Obj_MineralBury_A_01
0
1.859999
0
-4428.956
382.175
1617.553
1.0
Item_Mushroom_D
1.307739
-0.2611084
0.40979
-4025.852
573.9648
1233.762
1.0
Obj_LiftRockGerudo_Korok_A_01
0.3820741
1.295744
0.4735145
-4169.084
192.5285
1994.647
1.0
FldObj_GerudoSecrerBaseRoot_A_02
0
-2.379997
0
-4092.821
292.481
1587.996
1.0
Obj_Plant_HopBush_C_02
0
-1.475292
0
-4124.064
401.8709
1718.773
1.0
Animal_Rhino_A
0
0
0
-4126.292
549.53
1350.347
1.0
Obj_Mineral_C_01
0.4000001
-0.3
0
-4774.85
564.0541
1439.111
1.0
Obj_Mineral_A_01
0
0
0
-4373.539
499.7018
1218.403
1.0
Obj_MineralBury_A_01
0.07697382
-0.5324216
-0.2279599
-4585.485
567.1642
1410.606
1.0
Area
0
0
0
-4475.7
566.5229
1360.2
40
FldObj_GerudoSecrerBaseRoot_A_02
0
0.48
0
-4356.074
209.7789
1713.413
1.0
Enemy_Wizzrobe_Ice
0
0
0
-3999.737
616.293
1175.878
1.0
FldObj_GerudoSecrerBaseRoot_A_02
0
-1.799999
0
-4276.591
223.4861
1682.162
1.0
FldObj_GerudoHighlandRock_A_05
-0.04418593
-0.7041242
0.1112619
-4454.747
628.5952
1244.07
1.045869
Item_Mushroom_D
1.226684
0.005004888
0.03137207
-4079.965
357.2227
1756.887
1.0
Animal_Elk_A
0
0
0
-4181.568
533.8284
1290.38
1.0
Obj_Plant_HopBush_C_01
-0.1005627
-1.096039
0.1335106
-4120.177
401.1242
1702.19
1.0
Item_Plant_A
0
0
0
-4325.005
626.3206
1055.81
1.0
FldObj_KorokStone_A_01
0
-2.380002
0
-4180.203
439.3701
1481.804
1.0
Obj_Plant_CypressLow_B_01
-0.09056164
0.04700649
0.05952028
-4247.598
532.1057
1213.496
1.068359
Area
0
0
0
-4310.5
416.9598
1446.5
75
Item_Mushroom_D
1.798218
-0.6646728
-0.5875244
-4247.105
588.6953
1138.258
1.0
Obj_Plant_CypressLow_B_01
0
1.147705
0
-4182.508
533.7734
1259.688
0.902832
Area
0
0
0
-3999.737
613.293
1175.878
40
Item_Plant_E
0
1.182129
0
-4319.188
492.851
1203.945
1.0
Obj_MineralGrain_A_04
3.017339
0.4455639
2.858574
-4428.895
382.1428
1616.631
1.0
FldObj_GerudoSecrerBaseRoot_A_01
3.030742
1.01358
2.805796
-4275.752
183.9976
1955.756
1.0
TBox_Field_Iron
3.064774
0.1777575
3.10157
-4004.076
587.5382
1226.015
1.0
Obj_Plant_CypressLow_B_01
-0.1310382
-0.5507107
0.05151056
-4558.605
623.1033
1122.816
0.943359
Item_Mushroom_D
-2.175903
1.159546
2.921875
-4388.266
191.5391
1816.465
1.0
GrassCutTag
0
0
0
-4295.5
420.0929
1451
1.0
Area
0
0
0
-3999.737
613.293
1175.878
25
Enemy_Lizalfos_Junior
-1.636855
-0.4054394
-3.137125
-4255.5
177.0003
1965.828
1.0
Obj_Plant_CypressLow_B_01
-0.2337155
-0.9717521
0.1769969
-4561.371
624.1198
1130.484
0.992676
Obj_Plant_HopBush_C_Snow_02
0.164467
0.2830102
-0.01607003
-4037.426
674.0615
1103.625
0.904785
Item_Mushroom_D
1.523193
-0.3168945
-0.1954346
-4818.328
207.4453
1848.34
1.0
Enemy_Keese
0
-0.74
0
-4443.637
637.0063
1099.261
1.0
Item_Plant_L
3.141479
1.328613
3.141479
-4680.285
132.4943
1930.348
1.0
Obj_LiftRockWhite_Korok_A_01
0
0.3375034
0
-4144.854
401.4134
1725.159
1.0
TBox_Field_Iron
-2.98507
0.3999152
-2.975604
-4375.209
594.1998
1132.838
1.0
Item_Mushroom_D
1.038086
0.8103027
-0.2313232
-4428.773
597.5352
1274.84
1.0
FldObj_BoneGiant_BackBone_A_02
2.262223
-0.8260138
-2.972222
-4648.23
137.36
1998.16
0.8015472
Obj_LiftRockWhite_Korok_A_01
0
-2.040005
0
-4531.606
571.5374
1422.776
1.0
Obj_LiftRockWhite_Korok_A_01
0
2.582744
0
-4144.268
400.4656
1713.472
1.0
Obj_Plant_HopBush_C_02
3.003526
0.7671435
3.0804
-4118.767
401.7184
1730.285
1.0
Item_Plant_A
0
0
0
-4341.185
625.3087
1059.186
1.0
Obj_Plant_HopBush_C_Snow_02
-0.08674444
0.6960534
-0.182968
-4302.211
493.4354
1179.145
1.04541
FldObj_SecretBaseFrogStatue_A_01
0
-2.379997
0
-4073.201
297.4424
1593.252
1.0
FldObj_GerudoSecrerBaseRoot_A_01
-0.03698202
0.7856323
-0.05644252
-4116.834
276.4815
1566.695
1.0
Item_Mushroom_B
3.141479
-1.282104
3.141479
-4216.828
534.0134
1291.363
1.0
FldObj_GerudoHighlandRock_B_03
-1.679999
0
0
-4283.667
420.7515
1477.772
1.0
FldObj_SecretBaseFrogStatue_A_01
0
-2.379997
0
-4076.095
297.2957
1596.013
1.0
Item_Mushroom_B
0
0.1097412
0
-4230.434
533.847
1346.977
1.0
Obj_LiftRockWhite_Korok_A_01
0
0.7148603
0
-4130.5
401.4453
1718.629
1.0
FldObj_KorokStone_A_01
0
-0.8092058
0
-4179.473
438.3701
1481.111
1.0
Obj_TreeConiferous_A_Snow_01
0
2.590165
0
-4186.326
533.8497
1257.863
1.0
Obj_Plant_HopBush_C_02
3.039895
0.3777332
3.09366
-4121.201
401.4626
1732.84
1.0
FldObj_GerudoSecrerBaseRoot_A_01
-0.03391028
0.7456956
-0.05431232
-4204.917
273.3247
1618.371
1.0
Animal_Elk_A
0
0
0
-4582.956
558.5686
1473.698
1.0
Obj_Plant_HopBush_C_01
-0.2163171
1.238087
-0.08445423
-4130.284
400.3889
1701.452
1.0
TBox_Field_Iron
0
3.14
0
-4614.474
567.7293
1425.784
1.0
Enemy_Lizalfos_Senior
0
-2.92
0
-4687
623.5457
1226
1.0
Item_Plant_O
1.48352
0.385498
-0.2232666
-4736.629
180.6133
1817.344
1.0
TBox_Field_Iron
-2.863894
0.1108456
2.937183
-4733.629
610.6542
1432.391
1.0
Obj_Plant_HopBush_C_01
-2.992303
-0.9975329
3.054848
-4149.519
400.6911
1713.57
1.0
Item_Mushroom_D
-2.529297
1.119873
2.326904
-4705.313
694.0977
1044.102
1.0
Enemy_Octarock_Desert
0
-0.00968418
0
-4430.441
612.9177
1011.551
1.0
FldObj_GerudoHighlandRock_A_05
0
-0.5345328
0
-4644.302
555.5159
1506.724
1.0
Item_Mushroom_D
1.66626
-0.4390869
-0.5362548
-4863.375
595.1406
1247.484
1.0
Obj_LiftRockWhite_Korok_A_01
0
-1.805634
0
-4136.594
399.7033
1705.158
1.0
Obj_Plant_HopBush_C_02
2.287307
-1.454772
-2.322969
-4122.064
401.8131
1729.101
1.0
Obj_LiftRockWhite_Korok_A_01
0
2.848117
0
-4134.514
399.9464
1705.348
1.0
FldObj_KorokStone_A_01
0
-2.380002
0
-4180.931
438.3779
1482.498
1.0
Item_Mushroom_D
1.507202
0.078125
0.0953369
-4112.836
657.0898
1115.859
1.0
Area
0
0
0
-4332.023
177.2676
1814.24
25
Item_Plant_F
0
1.16626
0
-4632.109
138.7211
1991.313
1.0
Obj_LiftRockWhite_Korok_A_01
0
-0.9984286
0
-4129.222
401.5099
1722.461
1.0
Obj_LiftRockWhite_Korok_A_01
0
-0.9984286
0
-4128.28
401.2401
1712.832
1.0
Obj_LiftRockWhite_Korok_A_01
0
-0.1173898
0
-4133.496
401.2325
1715.699
1.0
Item_Plant_E
3.141479
-1.273315
3.141479
-4318.48
420.9
1433.625
1.0
Obj_LiftRockWhite_Korok_A_01
0
-0.4400053
0
-4530.294
571.9098
1420.212
1.0
FldObj_KorokStone_A_01
0
-0.4092031
0
-4206.089
440.9059
1465.318
1.0
Obj_LiftRockWhite_Korok_A_01
0
0.8742892
0
-4144.298
400.8822
1719.062
1.0
FldObj_KorokStone_A_01
0
1.161593
0
-4205.68
439.9137
1464.393
1.0
Item_Mushroom_D
1.350952
-1.246582
-0.2769775
-4737.328
459.4453
1612.133
1.0
Item_Mushroom_D
1.240356
0.06384277
0.4865722
-4745.867
282.0195
1741.332
1.0
Item_Mushroom_D
1.574219
0.9886474
0.3105468
-4754.309
689.9063
1245.855
1.0
Obj_Plant_CypressLow_B_01
0.1150239
0.656844
0.04055636
-4801.871
714.8496
1122.086
0.878418
FldObj_GerudoSecrerBaseRoot_A_02
0
-2.160001
0
-4096.639
282.7476
1565.451
1.0
Item_Mushroom_D
1.205688
-0.4689941
-0.02099608
-4248.66
595.8047
1135.492
1.0
Obj_LiftRockWhite_Korok_A_01
0
-2.040005
0
-4524.508
571.4924
1424.784
1.0
Animal_Fox_B
0
0
0
-4227.222
534.2068
1252.478
1.0
FldObj_SecretBaseFrogStatue_A_01
0
-2.379997
0
-4077.543
297.209
1597.393
1.0
Item_Plant_F
3.141479
-0.8128662
3.141479
-4683.016
132.4629
1931.965
1.0
Obj_LiftRockWhite_Korok_A_01
0
-0.5600053
0
-4524.071
571.4114
1423.373
1.0
Animal_Rhino_A
0
0
0
-4140.126
547.3224
1372.672
1.0
Item_Mushroom_D
1.296997
-0.3759765
-0.1154785
-4183.047
696.1797
1075.84
1.0
Item_Mushroom_D
1.144287
-0.2141113
0.354248
-4822.016
633.0156
1253.941
1.0
Item_Mushroom_D
0.7087402
0.9488525
-0.4084472
-4446.602
347.2109
1715.367
1.0
FldObj_SecretBaseFrogStatue_A_01
0
0.08726646
0
-4314.106
217.8523
1629.301
1.0
Item_Mushroom_D
1.389404
0.2010498
-0.3326416
-4695.57
594.3359
1431.324
1.0
Item_Plant_L
0
1.395019
0
-4377.551
191.857
1723.523
1.0
FldObj_KorokStone_A_01
0
2.732389
0
-4205.281
439.9137
1463.484
1.0
FldObj_GerudoHighlandRock_A_05
0
1.78
0
-4373.562
561.8711
1361.148
1.0
Weapon_Lsword_001
1.158084
0.8262224
1.768461
-4812.46
161.87
1927.17
1.0
Item_Mushroom_D
-0.630127
1.201294
-1.967407
-4684.473
650.1875
1039.781
1.0
IceWall
0
-2.719997
0
-4276.119
599.3516
1084.009
0.8
Item_Mushroom_D
-2.190918
1.321289
2.440186
-4728.656
675.4063
1170.98
1.0
Obj_Mineral_C_01
0.2155052
-0.4432214
0.368182
-4770.177
563.1957
1443.809
1.0
Obj_TreeBroadleafLow_Snow_A_02
0
3.564251
0
-4189.918
668.8971
1101.347
1.0
Obj_Plant_HopBush_C_Snow_01
0.1597342
0.7128127
0.1467406
-4233.047
599.3459
1124.566
0.956055
Animal_Bear_B
0
0
0
-4833.554
710.1988
1169.507
1.0
Obj_Plant_HopBush_C_Snow_01
0.45443
1.034994
0.502679
-4390.289
619.0037
1006.352
0.878418
Obj_Plant_CypressLow_B_01
0.00942367
-1.393982
-0.06553942
-4073.305
533.6739
1307.777
0.89502
Obj_LiftRockGerudo_Korok_A_01
1.436482
-1.42039
-1.294525
-4170.545
192.3273
1994.763
1.0
Item_Mushroom_D
-2.156372
0.1918945
-2.885986
-4574.047
171.9531
2010.563
1.0
Item_Plant_O
0.9847412
0.5858154
-0.2297363
-4793.215
223.457
1840.52
1.0
FldObj_GerudoHighlandRock_A_05
0
0.1528026
0
-4634.573
563.3829
1436.891
1.0
Obj_LiftRockWhite_Korok_A_01
0
1.399246
0
-4131.337
401.452
1728.207
1.0
Obj_Plant_HopBush_C_Snow_02
0.06826509
-0.3806403
-0.0184644
-4043.793
674.2141
1102.008
0.994629
Item_Mushroom_D
2.043091
1.037476
0.703125
-4649.785
569.4336
1415.059
1.0
FldObj_CrevasseSnowWindVent_A_01
0
-1.16
0
-4303.847
492.378
1180.656
1.0
Obj_Plant_CypressLow_B_01
0
1.317139
0
-4775.824
716.8273
1090.324
1.07959
FldObj_GerudoSecrerBaseRoot_A_02
0
-1.759992
0
-4248.482
251.0342
1656.385
1.0
Item_Mushroom_D
1.990478
-0.8597412
-0.6743164
-4478.941
216.0508
1957.316
1.0
Enemy_Wizzrobe_Ice_Senior
0
1.921593
0
-4268.328
603.9629
1084.651
1.0
Obj_LiftRockWhite_Korok_A_01
0
-2.260859
0
-4145.02
401.0424
1721.021
1.0
FldObj_GerudoHighlandRock_A_05
0.1958422
1.256772
0.3063232
-4444.912
631.6742
1217.497
1.105039
Obj_LiftRockWhite_Korok_A_01
0
0.9784323
0
-4138.975
401.4
1730.585
1.0
FldObj_GerudoHighlandRock_A_05
3.11146
-0.1019741
3.127613
-4725.818
557.2304
1499.908
1.108188
Obj_Plant_HopBush_C_01
0.07667162
-0.06852254
-0.02611236
-4124.812
401.679
1731.348
1.0
Obj_LiftRockWhite_Korok_A_01
0
-0.6466687
0
-4128.636
401.1472
1710.774
1.0
Area
0
2.183185
0
-4754.314
612.9454
1361.652
25
Item_Mushroom_D
1.464722
0.4637451
0.4572754
-4573.945
524.0781
1512.902
1.0
Item_Mushroom_D
1.211182
-0.003784188
0.3934326
-4736.109
318.4297
1719.512
1.0
Animal_Wolf_C
0
0
0
-4134.843
533.4503
1291.713
1.0
Obj_Plant_HopBush_C_Snow_02
0.2081494
-0.3644106
-0.1736754
-4548.613
629.7601
1188.871
1.007813
TBox_Field_Iron
0
3.14
0
-4724.609
560.0331
1501.352
1.0
FldObj_GerudoHighlandRock_B_03
-0.3187695
-0.02852618
1.484586
-4284.537
407.9151
1495.908
1.0
Animal_Rhino_A
0
0
0
-4095.205
554.9959
1351.416
1.0
Item_Plant_O
1.57666
0.3374023
0.0941162
-4699.492
166.4805
1775.688
1.0
Obj_LiftRockGerudo_Korok_A_01
1.361545
-1.431167
-1.336044
-4165.702
193.0772
1992.089
1.0
FldObj_GerudoHighlandRock_A_05
0
0.8164014
0
-4421.56
565.5273
1396.568
1.0
Obj_Plant_HopBush_C_Snow_01
-0.04304056
0.3315371
0.02969989
-4323.258
626.423
1055.391
0.987305
Barrel
0.03713101
0.0008629514
-0.09312854
-4478.127
566.6232
1355.055
1.0
FldObj_GerudoSecrerBaseRoot_A_02
0
-1.799999
0
-4107.902
283.0572
1581.049
1.0
Obj_TreeBroadleafLow_Snow_A_02
0
6.182245
0
-4194.55
668.2681
1108.432
1.0
Item_Plant_O
1.971924
-1.300049
-0.4438476
-4018.422
353.7539
1786.414
1.0
Obj_LiftRockWhite_Korok_A_01
0
-2.267553
0
-4142.152
399.64
1707.726
1.0
Item_Mushroom_D
-0.1170654
1.137573
-1.193115
-4683.887
639.3164
957.9922
1.0
Obj_LiftRockWhite_Korok_A_01
0
-2.800006
0
-4529.632
571.1262
1426.792
1.0
GrassCutTag
0
0
0
-4312
416.0839
1463
1.0
Item_Mushroom_D
1.258301
-0.8330078
-0.1778564
-4224.91
626.0977
1109.297
1.0
Area
0
1.921593
0
-4268.328
600.9629
1084.651
40
Item_Plant_E
0
-1.267334
0
-4343.984
498.0173
1155.375
1.0
FldObj_GerudoHighlandRock_A_05
2.852978
-0.6884919
-3.023637
-4633.681
556.9341
1495.888
1.0
Item_Mushroom_D
1.127808
-0.9953613
0.3338623
-4223.41
571.5469
1180.547
1.0
Obj_Plant_HopBush_C_Snow_01
0.08015839
0.8612195
0.46168
-4045.066
586.8309
1177.344
1.029785
Animal_Fox_B
0
-0.12
0
-4475.8
566.5413
1353.3
1.0
Enemy_Lizalfos_Senior
0
0
0
-4695
625.2294
1209.5
1.0
Obj_LiftRockWhite_Korok_A_01
0
0.01284785
0
-4140.935
401.4559
1729.864
1.0
Item_Plant_E
0
0.8551025
0
-4288.57
497.454
1147.449
1.0
Item_Plant_O
1.312866
-0.4331055
-0.0871582
-4110.41
259.9766
1867.008
1.0
FldObj_CrevasseSnowWindVent_A_01
0
0.86
0
-4305.168
492.743
1201.651
1.0
FldObj_GerudoSecrerBaseRoot_A_01
0.3
1.343175
0
-4369.477
192.6334
1832.464
1.0
Obj_TreeBroadleafLow_Snow_A_02
0
4.732363
0
-4195.494
668.3057
1100.7
1.0
Obj_LiftRockWhite_Korok_A_01
0
1.814177
0
-4131.813
401.3261
1716.899
1.0
Obj_TreeConiferous_A_Snow_02
0
0.4226587
0
-4193.36
533.4443
1284.885
1.0
Obj_MineralGrain_A_04
3.038316
0.9878941
2.51687
-4426.942
381.8126
1613.581
1.0
FldObj_GerudoHighlandRock_A_05
2.554339
1.213617
2.628935
-4434.852
564.4247
1416.12
1.0
Area
0
2.183185
0
-4754.314
612.9454
1361.652
50
FldObj_CrevasseSnowWindVent_A_01
0
-1.16
0
-4321.274
492.4889
1180.06
1.0
Item_Plant_F
0
0.2183838
0
-4709.996
134.0858
1954.16
1.0
FldObj_GerudoSecrerBaseRoot_A_02
0
-1.499999
0
-4331.026
195.0603
1761.849
1.0
FldObj_GerudoHighlandRock_A_05
0
-0.42
0
-4011.502
536.2346
1254.461
1.133102
Obj_Plant_HopBush_C_02
-3.064519
0.9109585
-3.038074
-4113.748
401.6878
1707.434
1.0
Item_Mushroom_D
1.166016
-0.2202148
0.1993408
-4169.121
357.6914
1538.422
1.0
Item_Plant_L
0
-0.5872802
0
-4076.203
269.2717
1555.91
1.0
Area
0
0
0
-4319.316
189.6253
1693.977
25
Obj_LiftRockGerudo_Korok_A_01
0.3089352
0.7771369
0.3895026
-4165.244
193.84
1987.995
1.0
Obj_Plant_HopBush_C_Snow_01
0
-0.5412597
0
-4539.137
616.1459
1056.496
1.041016
Item_Mushroom_B
0
-1.35022
0
-4617.504
568.3624
1384.574
1.0
FldObj_Magnetic_Fld_01
0
-0.4803045
0
-4609.3
129
1844.4
1.0
FldObj_RockOrangeStone_A_01
-0.06752601
-0.2304807
0.1278191
-4160.977
205.8636
1941.212
1.0
Obj_LiftRockWhite_Korok_A_01
0
3.023099
0
-4134.837
401.4228
1730.42
1.0
Obj_LiftRockGerudo_Korok_A_01
1.581674
-1.262887
-1.362337
-4170.874
193.7714
1983.285
1.0
Item_Mushroom_D
1.419311
-0.1744385
-0.1540527
-4727.23
523.1016
1527.934
1.0
AnchorAction1
0
0
0
-4300.828
604.8605
1073.047
1.0
Animal_Rhino_A
0
-0.8999999
0
-4780.66
717.6365
1064.312
1.0
Item_Mushroom_D
1.088501
-0.02233887
0.458374
-4558.43
457.1992
1577.961
1.0
Obj_Plant_HopBush_C_Snow_02
-0.07396712
-0.2025489
-0.0009471054
-4114.547
536.0895
1315.75
0.914063
Weapon_Lsword_031
-2.173323
0.9329951
3.106005
-4476.499
567.8477
1356.61
1.0
Obj_TreeConiferous_A_Snow_01
0
3.409954
0
-4189.276
533.469
1272.096
1.0
Obj_MineralBury_A_01
2.929341
-0.9894267
-2.93242
-4427.063
382.2771
1613.637
1.0
Animal_Wolf_C
0
3.24951
0
-4779.55
714.3723
1119.906
1.0
Item_Plant_O
1.124756
-0.6120605
0.05456543
-4007.715
370.9141
1773.102
1.0
Obj_Plant_CypressLow_B_01
-0.2938003
-0.7876198
0.2484688
-4310.07
492.5297
1184.043
1.0625
Obj_LiftRockWhite_Korok_A_01
0
-2.800006
0
-4528.192
571.1844
1427.11
1.0
Item_Plant_E
0
-1.255127
0
-4379.926
527.293
1173.184
1.0
Enemy_Lizalfos_Senior
0
0
0
-4590
624.3447
1138
1.0
Animal_Elk_A
0
0
0
-4171.096
533.3564
1274.554
1.0
Obj_Mineral_A_01
-2.953194
-0.9090853
2.929856
-4431.562
381.7865
1620.788
1.0
Enemy_Octarock_Desert
0
-0.8082027
0
-4359.311
624.8779
1016.896
1.0
Area
0
0
0
-4435
634.0063
1086.836
100
Obj_LiftRockWhite_Korok_A_01
0
-3.131717
0
-4130.133
401.4691
1726.501
1.0
FldObj_BoneGiant_Rib_A_01
3.078545
-0.9141152
3.072158
-4681.06
161.57
1961.73
1.0
Obj_LiftRockWhite_Korok_A_01
0
-0.2165201
0
-4139.593
401.0663
1715.143
1.0
Enemy_Keese
0
-0.74
0
-4446.591
637.0063
1096.564
1.0
FldObj_Magnetic_Fld_01
0
1.570796
0
-4949.078
173.1574
1990.391
1.0
Obj_LiftRockGerudo_Korok_A_01
0.2835688
1.011332
0.3825878
-4173.283
192.0483
1994.051
1.0
FldObj_GerudoSecrerBaseRoot_A_02
0
-2.52
0
-4094.889
282.8286
1564.109
1.0
FldObj_GerudoSecrerBaseRoot_A_01
3.107961
-1.001013
-3.077619
-4259.919
237.8967
1644.568
1.0
FldObj_RockOrangeStone_A_01
-0.305662
-0.212312
-2.498835
-4176.156
316.173
1814.414
1.0
Obj_TreeDead_A_01
0
0.003170567
0
-4677.654
624.818
1200.666
1.0
Obj_Plant_CypressLow_B_01
0.162848
-0.04657657
0.1532321
-4390.035
619.7709
1002.977
1.053711
FldObj_GerudoSecrerBaseRoot_A_01
-2.978227
0.9184225
2.850449
-4270.604
187.4741
1982.811
1.0
Item_Mushroom_D
2.036255
-0.9230956
-0.588623
-4834.945
534.5156
1432.383
1.0
Obj_Plant_HopBush_C_Snow_02
-1.313116
-1.486095
1.360626
-4266.617
532.8989
1226.133
1.020996
Obj_Plant_HopBush_C_01
0
-2.017044
0
-4123.547
401.8899
1722.763
1.0
TBox_Field_Iron
1.506446
1.422679
1.489509
-4016.003
529.8453
1323.737
1.0
Obj_Plant_CypressLow_B_01
-0.006725017
-0.2207424
0.2472101
-4647.879
624.4224
1262.648
0.984863
Obj_LiftRockWhite_Korok_A_01
0
-2.260859
0
-4144.078
400.1578
1711.392
1.0
Obj_LiftRockGerudo_Korok_A_01
0.3698283
0.6242144
0.5027236
-4169.172
194.1122
1983.667
1.0
FldObj_GerudoSecrerBaseRoot_A_01
-3.096599
-0.9839209
3.072819
-4214.91
276.06
1626.55
1.0
Obj_MineralBury_A_01
0
0
0
-4240.885
534.7661
1185.2
1.0
Obj_MineralBury_A_01
0
2.340004
0
-4373.248
499.8101
1220.658
1.0
IceWall
2.263674
0.6172883
2.457509
-4190.774
600.4146
1142.471
0.7
Item_Mushroom_D
0.6583251
-0.9558105
0.6247558
-4274.816
553.4414
1137.789
1.0
Item_Plant_O
1.523926
0.8293456
0.6665038
-4090.539
458.1836
1481.992
1.0
Item_Mushroom_D
1.811767
-0.6885986
-0.6635742
-4205.988
700.543
1060.797
1.0
Obj_Plant_HopBush_C_Snow_01
-0.3189143
-1.201204
0.3151958
-4569.574
621.332
1105.125
1.021973
FldObj_GerudoSecrerBaseRoot_A_01
-3.091317
-1.023821
3.068364
-4126.493
279.2168
1575.267
1.0
Item_Mushroom_D
-1.626221
0.3985595
2.757324
-4536.184
170.0508
2014.18
1.0
Animal_Elk_A
0
0
0
-4114.329
533.262
1261.416
1.0
Obj_Plant_CypressLow_B_01
0.04874452
-0.5627742
-0.07553832
-3967.375
530.1439
1279.508
0.999023
FldObj_KorokStone_A_01
0
-2.380002
0
-4180.932
439.3779
1482.489
1.0
FldObj_GerudoHighlandRock_A_05
0.1884973
1.079191
0.213102
-4489.946
568.7325
1352.36
1.0
FldObj_GerudoSecrerBaseRoot_A_01
0.02558739
0.7826996
0.05369943
-4039.849
306.7993
1555.433
1.0
Item_Mushroom_D
1.872192
-0.9907226
-0.4456787
-4842.32
519.7813
1403.938
1.0
GrassCutTag
0
0
0
-4308
421.8016
1431.5
1.0
Obj_Mineral_C_01
0
1.52
-0.1999999
-4420.125
567.8617
1305.936
1.0
Item_Plant_O
1.797241
1.108032
0.5236816
-4871.113
212.3477
1882.406
1.0
Area
0
0
0
-4332.023
177.2676
1814.24
100
Obj_LiftRockWhite_Korok_A_01
0
-1.829495
0
-4136.896
401.3981
1730.775
1.0
Animal_Fox_B
0
0
0
-4223.491
534.0151
1252.439
1.0
Obj_Plant_CypressLow_B_01
0.2791513
-0.633624
0.02654579
-4006.184
528.0587
1382.324
0.981934
Item_Mushroom_D
1.353638
1.319214
0.1309814
-4706.691
701
1059.207
1.0
Obj_MineralGrain_A_04
0.4042545
-0.5189676
-0.2366732
-4432.04
382.2772
1619.914
1.0
FldObj_GerudoSecrerBaseRoot_A_02
0
-2.2
0
-4103.605
282.8201
1572.682
1.0
TBox_Field_Iron
-0.05480849
0.442897
0.1167525
-4450.555
569.2906
1332.546
1.0
Enemy_Lizalfos_Junior
1.544334
0.3848747
0.1538498
-4253
172.4998
1970.552
1.0
FldObj_TravelerTrace_Tent_A_01
0
2.419999
0
-4475.7
566.5229
1360.2
1.0
Item_Plant_F
3.141479
-0.8739013
3.141479
-4689.344
131.3611
1962.293
1.0
Obj_Mineral_C_01
-2.992482
0.2318386
3.069165
-4429.238
573.4272
1301.101
1.0
FldObj_GerudoSecrerBaseRoot_A_02
0
-1.619999
0
-4277.536
223.3533
1687.261
1.0
Area
0
0
0
-4265.206
158.3743
1944.944
50
Item_Mushroom_D
2.308471
-1.352539
-0.9442138
-4564.762
164.8125
1813.172
1.0
Item_Mushroom_D
1.003174
-1.009766
0.44458
-4266.086
508.207
1367.652
1.0
Obj_Plant_HopBush_C_Snow_01
0.05381751
-0.4638269
0.06420226
-4186.652
668.8052
1107.023
0.995605
FldObj_GerudoSecrerBaseRoot_A_02
0
0.02000002
0
-4317.599
209.4476
1666.037
1.0
Obj_Plant_HopBush_C_Snow_02
-0.2167139
-1.295974
0.0305633
-4596.68
620.2232
1068.094
0.962402
Obj_LiftRockGerudo_Korok_A_01
0.1958872
-0.7730731
-0.09875304
-4173.46
193.2243
1984.33
1.0
Item_Mushroom_B
0
-1.538452
0
-4381.852
602.8989
1073.313
1.0
Obj_Plant_HopBush_C_01
0
-1.274832
0
-4123.136
401.913
1720.964
1.0
TBox_Field_Iron
2.616535
-1.287562
-2.669253
-4481.565
620.4906
1041.447
1.0
IceWall
-3.060262
-0.1988837
-2.898103
-4010.791
591.2046
1176.198
0.8
Obj_Plant_HopBush_C_Snow_02
0.1096721
-0.545831
-0.06652232
-4107.449
533.6781
1252.359
1.038086
FldObj_KorokStone_A_01
0
0.7615905
0
-4179.472
439.3701
1481.103
1.0
Obj_LiftRockWhite_Korok_A_01
0
3.023099
0
-4133.896
401.4313
1720.79
1.0
Obj_Plant_CypressLow_B_01
-0.5816683
-1.403291
0.599159
-4509.266
617.4822
1035.879
1.08252
Item_Mushroom_D
0.4454345
1.35852
-1.023193
-4442.945
600.5078
1299.641
1.0
Area
0
0
0
-4021.579
295.1781
1537.238
50
FldObj_GerudoSecrerBaseRoot_A_01
3.079482
-0.3283664
3.046555
-4113.811
275.8083
1565.711
1.0
Item_Mushroom_B
0
-0.493042
0
-4085.684
535.1235
1328.664
1.0
Obj_TreeDead_A_01
0
-0.004062762
0
-4683
621.4401
1256.742
1.0
Item_Mushroom_D
1.700806
0.9223632
0.461914
-4131.449
585.3789
1172.555
1.0
Item_Mushroom_D
1.066772
0.5827636
-0.4067383
-4877.09
216.1719
1888.176
1.0
Item_Mushroom_D
1.394043
-0.04785157
0.1751709
-4245
480.0547
1400.793
1.0
Area
0
1.921593
0
-4268.328
600.9629
1084.651
25
Obj_MineralGrain_A_04
0.04056015
-0.03993604
0.1761509
-4429.806
573.7717
1299.986
1.0
Obj_Plant_HopBush_C_Snow_01
-0.6913211
-1.390358
0.79978
-4004.676
528.5391
1380.012
1.087402
FldObj_GerudoHighlandRock_A_05
3.071571
0.5222155
-3.129725
-4500.807
563.7867
1370.383
1.0
Obj_LiftRockGerudo_Korok_A_01
0.3295909
0.7031766
0.2928059
-4172.361
193.4061
1983.508
1.0
Animal_Wolf_C
0
0
0
-4132.592
533.3467
1285.298
1.0
Item_Mushroom_D
1.028198
-0.8973388
0.6914062
-3958.191
350.1836
1884.152
1.0
Obj_TreeDead_A_01
0
-0.44
0
-4691
623.6504
1235
1.0
FldObj_GerudoHighlandRock_B_02
0.05196869
0.02257176
-1.63776
-4284.267
428.5781
1477.362
1.0
Item_Mushroom_D
1.892944
0.8190917
-0.3654785
-4122.598
304.4609
1566.281
1.0
Obj_LiftRockWhite_Korok_A_01
0
2.848117
0
-4135.456
401.2172
1714.977
1.0
FldObj_GerudoSecrerBaseRoot_A_02
0
-1.619993
0
-4248.692
251.0342
1659.199
1.0
FldObj_GerudoSecrerBaseRoot_A_01
3.075522
-0.2885446
3.047757
-4201.856
272.6516
1617.51
1.0
Animal_Wolf_C
0
2.614138
0
-4785.708
713.0654
1134.179
1.0
FldObj_RockOrangeStone_A_01
0
-0.36
0
-4221.768
231.7095
1925.932
1.0
Item_Plant_E
0.1063104
-0.1048144
-0.04696694
-4332.423
497.3814
1149.59
1.0
FldObj_BoneGiant_BackBone_A_02
2.862221
-0.8260138
-2.972222
-4680.13
158.99
1972.22
1.0
FldObj_GerudoSecrerBaseRoot_A_01
0.1729651
-0.7809935
-0.3390681
-4240.024
176.1187
1954.204
1.0
Obj_BarrelOld_A_01
-1.356545
0.7627011
-2.835026
-4476.879
566.9949
1355.032
1.0
Animal_Wolf_C
0
0
0
-4127.07
533.282
1289.122
1.0
Animal_Wolf_C
0
5.963285
0
-4778.025
713.4368
1129.213
1.0
Item_Plant_O
2.829224
-1.23938
-1.503906
-3959.441
297.0352
1906.762
1.0
Obj_Mineral_A_01
0
0
0
-4423.1
562.8946
1412.842
1.0
Animal_Elk_A
0
0
0
-4184.825
533.8875
1292.447
1.0
Obj_LiftRockWhite_Korok_A_01
0
-2.800006
0
-4523.984
571.5748
1421.794
1.0
FldObj_RockOrangeStone_A_01
0.7777234
0.3324155
-0.1724101
-4145.015
206.2062
1945.838
1.0
Area
0
-0.5599999
0
-4183.301
605.9962
1167.971
25
Item_Plant_E
0
1.04834
0
-4391.5
618.8245
1006.582
1.0
Obj_LiftRockGerudo_Korok_A_01
0.210288
-0.7793654
-0.008461299
-4171.977
192.1474
1994.615
1.0
Area
0
0
0
-4319.316
189.6253
1693.977
50
Obj_LiftRockWhite_Korok_A_01
0
-3.131717
0
-4129.191
401.3374
1716.872
1.0
Obj_LiftRockWhite_Korok_A_01
0
-0.1173898
0
-4132.554
400.3075
1706.069
1.0
Item_Mushroom_D
-2.239868
-1.132324
-2.445312
-4859.16
590.4766
1283.383
1.0
Area
0
-0.5599999
0
-4183.301
605.9962
1167.971
40
FldObj_KorokStone_A_01
0
-0.4092031
0
-4206.072
439.9059
1465.296
1.0
Item_Mushroom_D
1.521484
-0.09729002
-0.2623291
-4149.418
716.3086
1072.543
1.0
FldObj_RockOrangeStone_A_01
3.692403E-17
1.401593
-3.103185
-4223.863
235.3539
1916.01
1.0
Item_Plant_O
2.146118
1.121094
0.9552001
-4433.012
278.3867
1752.578
1.0
Obj_Mineral_C_01
-2.985248
1.095323
-3.046118
-4422.44
566.556
1291.796
1.0
Item_Mushroom_D
1.665039
0.9263915
0.4777832
-4428.199
588.4531
1292.867
1.0
FldObj_GerudoSecrerBaseRoot_A_02
0
-2.12
0
-4105.043
282.8201
1574.385
1.0
Obj_LiftRockWhite_Korok_A_01
0
2.582744
0
-4145.209
401.2389
1723.101
1.0
FldObj_SecretBaseFrogStatue_A_01
0
-2.059996
0
-4220.798
256.5218
1661.651
1.0
Animal_Elk_A
0
0
0
-4549.184
565.9796
1388.169
1.0
FldObj_GerudoSecrerBaseRoot_A_01
0.02509268
0.7627054
0.05299055
-4250.614
236.1764
1635.389
1.0
FldObj_CrevasseSnowWindVent_A_01
0
3
0
-4332.66
492.3659
1203.622
1.0
Obj_Mineral_C_01
0.3159898
-0.7653717
-0.3041793
-4429.728
573.8979
1298.758
1.0
Obj_LiftRockWhite_Korok_A_01
0
-2.267553
0
-4143.094
400.8314
1717.355
1.0
Obj_MineralGrain_A_04
0.3332454
-0.004624993
0.02749825
-4769.694
563.7596
1442.776
1.0
Item_Mushroom_D
1.251831
0.3270264
0.2043457
-4698.602
448.0625
1625.094
1.0
Obj_Plant_HopBush_C_01
-3.099398
0.5866568
-3.04853
-4120.864
401.2599
1706.303
1.0
Obj_Plant_HopBush_C_01
0
0.6003893
0
-4137.864
401.6109
1734.635
1.0
Item_Plant_L
3.141479
-0.3085937
3.141479
-4662.082
142.1807
1768.734
1.0
FldObj_GerudoSecrerBaseRoot_A_02
0
-1.219999
0
-4277.767
223.0174
1691.948
1.0
Weapon_Lsword_001
-0.6818973
-0.003692594
0.7267811
-4610.044
134.27
1845.828
1.0
TBox_Field_Iron
2.952338
0.6715979
3.006738
-4771.066
611.4268
1384.784
1.0
Item_Plant_O
1.450561
-0.2716064
-0.1733398
-4165.535
293.5664
1853.035
1.0
Obj_Plant_HopBush_C_Snow_01
0.03117397
0.3157148
0.1371117
-4194.371
668.3247
1104.164
0.855957
FldObj_GerudoSecrerBaseRoot_A_01
3.120388
-0.5443535
-3.094957
-4051.278
304.0641
1561.445
1.0
FldObj_SnowEnemyLookout_B_01
0
-0.7838745
0
-4759.846
612.7689
1367.2
1.0
FldObj_DesertRuin_A_01
0
2.961592
0
-4948.04
173.4801
1997.682
1.0
Enemy_Lizalfos_Senior
0
1.92
0
-4578.5
622.8444
1120
1.0
Area
0
0
0
-4171.349
241.2188
1592.244
100
SpotBgmTag
0
0
0
-4670
140
1972
30
Obj_Plant_CypressLow_B_01
-0.1442366
-0.1026762
0.1338509
-4337.633
493.3973
1204.18
1.008301
Item_Mushroom_D
1.036743
1.015625
-0.3459473
-4418.105
607.0391
1228.488
1.0
FldObj_SnowEnemyLookout_B_01
0
-2.611003
0
-4763.133
614.5568
1337.534
1.0
FldObj_GerudoSecrerBaseRoot_A_02
0
0
0
-4320.623
209.6168
1666.739
1.0
Item_Mushroom_B
3.141479
0.2104492
3.141479
-4606.926
562.2673
1431.051
1.0
Obj_TreeDead_A_01
0
-0.5368294
0
-4676.156
623.7347
1216.801
1.0
Item_Mushroom_D
0.8394775
0.3659668
-0.1245117
-4748.402
659.2344
1250.34
1.0
Area
0
2.183185
0
-4754.314
612.9454
1361.652
100
Obj_LiftRockWhite_Korok_A_01
0
0.7148603
0
-4130.848
400.7701
1707.273
1.0
FldObj_GerudoHighlandRock_A_05
0
-2.836815
0
-4733.986
607.6753
1428.525
1.141313
Item_Mushroom_D
2.692871
1.317139
1.155273
-4280.684
198.8672
2007.695
1.0
Enemy_Octarock_Snow
0
1.639999
0
-4465.1
567.129
1348.6
1.0
FldObj_GerudoSecrerBaseRoot_A_02
0
2.963184
0
-4083.01
286.2656
1563.569
1.0
Item_Mushroom_D
1.465698
0.296875
0.1856689
-4636.227
542.2695
1534.406
1.0
Obj_Plant_HopBush_C_02
-2.541504
1.486472
-2.474105
-4121.711
401.1406
1704.572
1.0
Obj_MineralGrain_A_04
-3.095563
-0.6778054
-2.999711
-4240.05
534.409
1185.434
1.0
Animal_Wolf_A
0
0
0
-4552.179
563.6319
1405.12
1.0
Animal_Wolf_A
0
0
0
-4550.776
563.3744
1406.292
1.0
FldObj_GerudoHighlandRock_A_05
0
-2.543598
0
-4452.298
560.5699
1423.924
1.0
Item_Plant_O
1.734985
-0.8964843
-0.4036865
-4562.242
193.9648
1805.543
1.0
Obj_LiftRockGerudo_Korok_A_01
0.3903715
1.169928
0.5025995
-4175.766
192.21
1990.67
1.0
Obj_LiftRockGerudo_Korok_A_01
1.436495
-1.420391
-1.294538
-4174.539
192.0123
1993.118
1.0
Weapon_Lsword_001
1.551279
0.726775
2.04616
-4947.468
178.4274
1990.391
1.0
Item_Mushroom_D
0.9558105
-1.178833
-0.06994629
-4502.27
178.8125
1907.465
1.0
FldObj_GerudoHighlandRock_A_05
0.007931267
0.4931389
0.06222338
-4532.164
563.4231
1414.067
1.0
TBox_Field_Iron
-3.030731
0.5912848
-2.986918
-4710.224
618.2357
1300.307
1.0
Item_Plant_F
3.141479
1.030273
3.141479
-4375.574
180.1953
1854.477
1.0
Obj_LiftRockWhite_Korok_A_01
0
0.9784323
0
-4138.034
401.2905
1720.956
1.0
Item_Mushroom_D
1.328491
0.7243652
0.3565674
-4631.52
399.8047
1636.195
1.0
Item_Plant_O
1.309937
0.947876
0.4892578
-4475.078
439.5898
1602.727
1.0
FldObj_GerudoSecrerBaseRoot_A_02
0
-1.459999
0
-4249.167
251.4229
1664.538
1.0
Obj_Plant_HopBush_C_01
0
-1.037726
0
-4118.759
401.9688
1727.76
1.0
FldObj_GerudoHighlandRock_A_05
3.020393
-0.5997647
-3.113081
-3959.187
535.87
1234.005
1.054186
Item_Mushroom_B
0
0.8615722
0
-4188.582
533.4899
1271.383
1.0
Obj_TreeConiferous_A_Snow_01
0
2.598413
0
-4215.668
533.983
1291.453
1.0
FldObj_GerudoSecrerBaseRoot_A_02
0
-1.439996
0
-4248.903
251.292
1669.244
1.0
FldObj_SnowEnemyLookout_B_01
0
2.626784
0
-4746.092
612.6285
1337.172
1.0
Obj_TreeBroadleafLow_Snow_A_02
0
0.9305176
0
-4190.878
668.5363
1106.832
1.0
Obj_LiftRockWhite_Korok_A_01
0
-0.1555999
0
-4140.548
399.5134
1706.389
1.0
FldObj_GerudoSecrerBaseRoot_A_02
0
0.2000001
0
-4358.551
209.7554
1714.351
1.0
FldObj_GerudoHighlandRock_A_05
-0.04132038
-0.6842458
0.1094286
-4380.125
563.6409
1262.604
1.045869
Animal_Elk_A
0
0
0
-4554.021
563.0772
1414.928
1.0
Weapon_Sword_053
0
1.02
0
-4254.538
194.9458
1968.687
1.0
Item_Mushroom_D
-3.011841
1.412231
1.572021
-4718.172
647.457
1174.852
1.0
Enemy_Lizalfos_Junior
-1.343752
1.025514
-2.907239
-4252.012
176.5869
1967.5
1.0
Animal_Fox_B
0
0
0
-4810.041
714.7645
1124.438
1.0
Item_Plant_O
0.764038
0.9249267
-0.1890869
-4323.453
366.4883
1570.199
1.0
Item_Mushroom_D
1.443725
-0.4144287
-0.4504395
-4882.926
609.0039
1226.043
1.0
IceWall
0
1.66163
0
-4285.534
596.9344
1096.546
1.5
Item_Plant_E
3.141479
-1.304199
3.141479
-4232.305
538.769
1194.895
1.0
Obj_Plant_CypressLow_B_01
-0.06562202
-0.6243737
-0.06802803
-4564.762
630.2632
1191.676
1.015625
Area
0
0
0
-4435
634.0063
1086.836
50
Item_Plant_L
3.141479
0.5034179
3.141479
-4602.273
133.6008
1814.035
1.0
Obj_LiftRockWhite_Korok_A_01
0
-0.6466687
0
-4129.577
401.5213
1720.403
1.0
Item_Mushroom_B
0
-0.06152343
0
-4704.82
634.8808
1125.195
1.0
Item_Mushroom_D
2.739258
0.7357178
0.5264893
-4387.258
233.2852
1795.875
1.0
Item_Mushroom_D
0.7290038
-1.173828
0.6730956
-4544.551
195.3477
1848.867
1.0
GrassCutTag
0
0
0
-4310.5
418.4105
1446.5
1.0
Item_Mushroom_D
1.444214
0.1999512
-0.1407471
-4462.949
539.8984
1458.328
1.0
Item_Mushroom_D
-3.021118
1.016357
2.257202
-4710.164
716.1289
1047.445
1.0
FldObj_GerudoHighlandRock_B_02
0
0
1.48
-4284.267
412.9531
1475.979
1.0
Item_Mushroom_D
1.192505
-0.519165
0.390625
-4227.387
584.3125
1172.453
1.0
Item_Mushroom_D
1.364746
-0.2175293
-0.303833
-4131.449
488.5234
1428.543
1.0
Item_Mushroom_D
1.468994
0.1499023
0.3326416
-4720.422
506.6875
1535.816
1.0
FldObj_CrevasseSnowWindVent_A_01
0
0
0
-4317.336
492.4889
1193.529
1.54
Item_Plant_A
-0.0003297973
-1.918679E-05
-0.1162241
-4323.147
626.4649
1056.901
1.0
Obj_LiftRockWhite_Korok_A_01
0
1.814177
0
-4132.941
401.4507
1729.544
1.0
Obj_Plant_HopBush_C_Snow_01
0
-1.251465
0
-4474.188
630.6453
1207.336
1.080566
Item_Mushroom_B
3.141479
0.01635742
3.141479
-4595.367
574.9869
1396.727
1.0
Item_Plant_L
0
-0.5649413
0
-4091.48
263.9271
1569.277
1.0
Item_Plant_O
1.585599
-0.2399759
-0.09282732
-4128.906
193.2011
2084.75
1.0
Item_Mushroom_B
3.141479
-1.384643
3.141479
-4104.363
536.9694
1330.047
1.0
Item_Plant_F
3.141479
0.4664306
3.141479
-4644.281
135.0954
1992.262
1.0
Area
0
0
0
-4021.579
295.1781
1537.238
25
Item_Mushroom_D
1.225952
0.2169189
0.1542969
-4001.531
545.2656
1255.852
1.0
Obj_LiftRockGerudo_Korok_A_01
1.529692
-1.319609
-1.368162
-4166.702
194.2377
1985.457
1.0
Item_Mushroom_D
1.185669
-0.1448974
0.3280029
-4198.387
375.3945
1523.969
1.0
Item_Plant_O
1.110474
0.1462402
-0.4569091
-4844.555
307.7891
1725.809
1.0
Item_Mushroom_D
1.434814
-0.2265625
0.4938965
-4170.512
773.0625
1058.539
1.0
Obj_LiftRockWhite_Korok_A_01
0
-0.2165201
0
-4138.652
399.5282
1705.513
1.0
Area
0
0
0
-4265.206
158.3743
1944.944
25
Item_Mushroom_D
1.693848
-0.9631347
-0.4014892
-4038.492
565.9219
1219.66
1.0
Item_Plant_F
3.141479
0.5767822
3.141479
-4578.738
139.8694
1884.477
1.0
Item_Mushroom_D
1.790161
0.6691894
0.3363037
-4438.285
585.3984
1314.57
1.0
FldObj_SecretBaseFrogStatue_A_01
0
-1.840006
0
-4266.185
226.0761
1690.547
1.0
Obj_LiftRockWhite_Korok_A_01
0
0.01284785
0
-4139.994
401.1655
1720.234
1.0
TBox_Field_Iron
0
3.14
0
-4364.274
627.6389
1077.123
1.0
Item_Mushroom_D
2.043457
0.9886474
0.7504882
-4724.535
646.3711
1208.379
1.0
Obj_Plant_HopBush_C_01
0
1.104584
0
-4135.568
401.6151
1734.397
1.0
FldObj_GerudoHighlandRock_A_05
2.434758
1.405938
2.529417
-4273.519
534.1254
1257.397
1.16072
Obj_LiftRockGerudo_Korok_A_01
1.325501
-1.466217
-1.219695
-4167.786
192.7318
1993.991
1.0
FldObj_SecretBaseFrogStatue_A_01
0
-1.840006
0
-4266.826
226.0546
1692.565
1.0
Animal_Bear_B
0
-2.58
0
-4778.735
708.0487
1200.276
1.0
FldObj_GerudoHighlandRock_A_07
0
-1.86
0
-4045.436
532.0448
1287.875
1.0
Item_Mushroom_D
1.4198
-0.2453613
0.0234375
-3993.934
703.9766
1091.828
1.0
Item_Mushroom_D
1.472046
0.2098389
0.1564941
-4788.531
194.9648
1845.051
1.0
FldObj_RockOrangeStone_A_02
-0.5841273
0.6311059
-2.265342
-4148.998
203.9674
1942.863
1.0
AirWall
0.1895665
1.359397
0.03036814
-4893.706
749.8854
986.5658
1.0
Item_Plant_A
0
0
0
-4325.199
626.3336
1057.554
1.0
TBox_Field_Iron
0
3.14
0
-4044.057
538.1495
1275.261
1.0
FldObj_GerudoSecrerBaseRoot_A_02
0
-2.2
0
-4101.91
282.8201
1570.897
1.0
Obj_LiftRockGerudo_Korok_A_01
1.361545
-1.431167
-1.336044
-4165.126
193.258
1990.871
1.0
Item_Mushroom_D
1.435425
-0.0189209
-0.4572754
-4755.934
589.7617
1448.855
1.0
Obj_LiftRockWhite_Korok_A_01
0
-0.1555999
0
-4141.489
400.9315
1716.019
1.0
Obj_LiftRockGerudo_Korok_A_01
0.738651
1.218322
0.8321968
-4164.941
193.5447
1989.505
1.0
Area
0
0
0
-4435
634.0063
1086.836
25
Obj_LiftRockWhite_Korok_A_01
0
0.3375034
0
-4143.913
400.6554
1715.53
1.0
FldObj_SnowEnemyLookout_B_01
0
2.576126
0
-4430.802
634.0062
1080.22
1.0
Obj_TreeConiferous_A_Snow_01
0
1.909183
0
-4178.651
533.4841
1268.976
1.0
Obj_Mineral_A_01
1.289121
1.294195
1.188394
-4588.066
567.4287
1410.01
1.0
Item_Plant_E
3.141479
-0.3786621
3.141479
-4331.637
493.162
1209.578
1.0
Item_Plant_L
3.141479
-1.244629
3.141479
-4632.125
125.5256
1847.582
1.0
Item_Mushroom_D
1.062988
-0.05737304
-0.3199463
-4598.285
453.582
1600.23
1.0
Item_Plant_F
0
-0.7825927
0
-4816.336
153.7645
1947.871
1.0
Obj_LiftRockWhite_Korok_A_01
0
-0.4400053
0
-4525.489
571.3146
1426.118
1.0
FldObj_RockOrangeStone_A_01
-0.22
-1.558407
-3.103185
-4213.968
232.5495
1919.941
1.0
FldObj_BoneGiant_BackBone_A_02
2.421068
-0.8613113
-2.943907
-4657.38
147.29
1991.44
1.0
Item_Plant_L
3.141479
1.024292
3.141479
-4632.289
125.6462
1839.992
1.0
Area
0
0
0
-4171.349
241.2188
1592.244
25
FldObj_SnowEnemyLookout_B_01
0
0.8541883
0
-4734.775
612.4369
1378.485
1.0
Animal_Sunazarashi_A
0
0
0
-4634.61
133.2948
1954.09
1.0
Item_Mushroom_D
0.8291015
-1.310669
0.7513427
-4849.469
578.6484
1329.699
1.0
Obj_LiftRockWhite_Korok_A_01
0
-2.226307
0
-4143.978
401.4358
1727.055
1.0
Obj_Plant_HopBush_C_Snow_01
0.4194547
-1.104999
-0.2363452
-4183.328
668.1174
1116.645
0.952148
TBox_Field_Iron
-2.946237
-1.077899
3.061705
-4479.835
628.0226
1150.743
1.0
AirWall
0.1723754
1.099454
0.01403102
-4953.771
748.9658
1155.269
1.0
Item_Mushroom_D
-1.341064
-1.562134
-2.745605
-4248.238
247.5781
1668.422
1.0
Obj_LiftRockWhite_Korok_A_01
0
2.864822
0
-4129.411
401.4814
1724.541
1.0
FldObj_SecretBaseFrogStatue_A_01
0
-2.059996
0
-4218.918
256.2531
1658.12
1.0
FldObj_DesertRuin_A_04
0.8085681
0.02977517
-1.718428
-4684.9
133.09
1963.71
1.0
Obj_LiftRockWhite_Korok_A_01
0
-0.5600053
0
-4531.151
571.6324
1421.486
1.0
Item_Mushroom_D
-1.315307
-1.487671
2.845947
-4861.629
550.0352
1353.406
1.0
FldObj_RockOrange_A_M_02
-3.075338
-0.295624
2.953678
-4580.293
240.0792
1756.868
1.0
Item_Mushroom_D
1.098633
1.139648
-0.420166
-4351.438
547.832
1330.605
1.0
Item_Mushroom_H
0
-0.939331
0
-4164.215
193.166
1994.551
1.0
Item_Mushroom_D
1.081909
-0.274414
0.3317871
-4519.797
290.4102
1768.914
1.0
Obj_Plant_HopBush_C_Snow_01
-0.123403
0.1972736
-0.009946044
-4571.336
622.0073
1111.168
1.062988
FldObj_SecretBaseFrogStatue_A_01
0
-2.379997
0
-4074.648
297.3691
1594.633
1.0
GrassCutTag
0
0
0
-4323
418.4273
1443
1.0
Obj_LiftRockWhite_Korok_A_01
0
0.4065778
0
-4129.511
401.0448
1708.878
1.0
AscendingCurrent
0
0
0
-4318.056
492.4973
1194.423
1.0
Item_Plant_O
1.71228
0.697998
0.09399413
-4693.598
163.9688
1773.488
1.0
Item_Plant_E
3.141479
1.107422
3.141479
-4541.891
563.7106
1402.523
1.0
FldObj_BoneGiant_Rib_A_01
2.986232
-0.8139087
-2.978054
-4674.87
159.88
1966.97
1.216567
Item_Mushroom_D
2.022949
1.046387
0.8363037
-4678.504
653.1563
895.957
1.0
Item_Mushroom_D
1.249512
-0.2889404
0.4891357
-4211.359
499.1875
1411.098
1.0
Obj_TreeBroadleafLow_Snow_A_02
0
2.167988
0
-4197.95
667.7994
1105.269
1.0
Item_Mushroom_B
3.141479
0.5491943
3.141479
-4215.785
533.9719
1290.406
1.0
Obj_LiftRockGerudo_Korok_A_01
0.2591621
-0.3662659
0.05142688
-4165.905
194.0445
1986.716
1.0
Item_Plant_O
1.38916
-0.0291748
0.4224854
-4118.297
377.1523
1754.184
1.0
Item_Mushroom_D
1.271973
-1.216431
0.2045898
-4851.164
571.957
1378.238
1.0
Enemy_Lizalfos_Senior
0
1.96
0
-4582.5
621.6312
1107
1.0
FldObj_KorokStone_A_01
0
-0.8092058
0
-4180.203
438.3701
1481.804
1.0
Obj_LiftRockWhite_Korok_A_01
0
0.05999506
0
-4526.768
571.1207
1426.986
1.0
Item_Mushroom_D
1.122437
1.135376
0.08142088
-4358.398
536.7266
1145.848
1.0
Obj_LiftRockGerudo_Korok_A_01
1.436482
-1.42039
-1.294525
-4175.271
192.0867
1991.944
1.0
Animal_Fox_B
0
-2.34
0
-4474.5
566.5151
1355.8
1.0
Item_Mushroom_D
1.503784
-1.009766
0.07995604
-4842.586
530.8711
1402.711
1.0
Obj_LiftRockWhite_Korok_A_01
-3.001593
-1.521576
-3.141591
-4529.155
571.894
1419.358
1.0
Obj_Plant_HopBush_C_Snow_02
0.06618147
0.7496486
0.06994406
-4189.25
534.3073
1242.75
1.013672
Obj_Plant_HopBush_C_Snow_02
0.1276676
-0.5015625
-0.1028705
-4781.883
713.7374
1128.281
0.918945
Item_Mushroom_D
1.220215
-0.4274902
0.578247
-4860.121
593.4766
1249.445
1.0
Obj_LiftRockWhite_Korok_A_01
0
-2.068994
0
-4141.7
400.9851
1719.03
1.0
Item_Plant_O
-1.207519
-1.279541
2.608887
-3895.219
406.918
1795.059
1.0
PointWindSetTag
0
-0.32
0
-4795.6
733.92
1122.109
1.0
FldObj_GerudoHighlandRock_A_05
0.2422067
1.322274
0.4153579
-4461.185
631.1022
1229.804
1.11215
Obj_MineralGrain_A_02
-0.07772234
0.9965507
-0.2196592
-4585.383
567.1151
1409.436
1.0
Obj_LiftRockWhite_Korok_A_01
0
-1.260004
0
-4524.991
571.7399
1420.557
1.0
FldObj_KorokStone_A_01
0
-1.979999
0
-4205.28
440.9137
1463.461
1.0
Item_Mushroom_D
1.201904
1.08374
-0.02856446
-4434.793
291.8828
1746.844
1.0
Item_Mushroom_D
1.802856
-0.6895751
-0.6608887
-4176.395
360.1719
1534.594
1.0
Item_Mushroom_D
1.115723
-0.2384033
-0.3474121
-4649.258
372.3125
1665.199
1.0
Item_Mushroom_B
3.141479
0.6777343
3.141479
-4678.68
624.8526
1201.656
1.0
Item_Mushroom_D
1.526855
0.09057616
0.328125
-4110.371
655.75
1115.777
1.0
FldObj_KorokStone_A_01
0
2.732389
0
-4205.68
438.9137
1464.393
1.0
Area
0
0
0
-4332.023
177.2676
1814.24
50
Obj_LiftRockWhite_Korok_A_01
0
-2.800006
0
-4526.2
571.7484
1419.703
1.0
Obj_Plant_HopBush_C_Snow_01
0
-1.187012
0
-4509.031
617.1563
1030.461
0.983398
Area
0
0
0
-4021.579
295.1781
1537.238
100
Enemy_Golem_Middle
0
0
0
-4312.065
418.1097
1446.886
1.0
TBox_Field_Iron
1.032455
0.9443521
1.000392
-4296.082
601.4645
1095.59
1.0
FldObj_GerudoSecrerBaseRoot_A_01
3.057398
0.4883865
-2.998776
-4236.907
172.7202
1989.189
1.0
Obj_TreeConiferous_A_Snow_01
0
3.896719
0
-4211.999
533.5227
1279.584
1.0
Obj_Mineral_B_01
0.06559992
-0.4353989
-0.154516
-4428.265
381.9799
1615.854
1.0
FldObj_GerudoSecrerBaseRoot_A_01
-0.08490418
0.08779877
0.09029441
-4054.382
303.469
1562.489
1.0
Item_Mushroom_D
1.457153
1.406738
0.2733154
-4707.395
718.1602
1006.18
1.0
Item_Mushroom_D
0.7115479
-0.9035644
0.8759765
-4554.969
240.8125
1802.203
1.0
FldObj_RockOrangeStone_A_01
-3.049015
0.9562013
3.064306
-4184.827
319.008
1811.204
1.0
FldObj_RockOrangeStone_A_01
0
0.6492367
0
-4184.97
316.2993
1818.752
1.0
Item_Mushroom_D
1.896362
0.8884277
0.5865479
-4393.824
612.9063
1149.539
1.0
FldObj_GerudoSecrerBaseRoot_A_02
0
2.363185
0
-4079.094
287.5154
1566.413
1.0
FldObj_GerudoSecrerBaseRoot_A_01
-0.09881453
0.5427638
0.04659623
-4256.837
237.4677
1643.631
1.0
Animal_Wolf_A
0
0
0
-4551.738
563.0804
1407.927
1.0
Obj_Plant_CypressLow_B_01
0.1670851
1.055004
0.176255
-4550.129
628.5344
1283.359
1.018066
Item_Mushroom_D
0.8220214
-0.689209
0.3748779
-4036.301
548.2734
1234.313
1.0
Area
0
0
0
-4265.206
158.3743
1944.944
100
Obj_LiftRockGerudo_Korok_A_01
0.1674905
-0.3584478
-0.01975145
-4176.23
192.3301
1989.324
1.0
Obj_LiftRockWhite_Korok_A_01
0
-1.805634
0
-4137.535
401.201
1714.788
1.0
FldObj_GerudoSecrerBaseRoot_A_01
0.07326706
0.5263798
-0.07580239
-4211.849
275.3867
1625.689
1.0
Item_Plant_F
3.141479
-0.6359863
3.141479
-4653.441
131.5201
1984.43
1.0
Obj_LiftRockGerudo_Korok_A_01
0.5616392
1.273299
0.5810854
-4176.047
192.5666
1987.875
1.0
Obj_MineralBury_A_01
0
-3.14
0
-4421.608
563.1895
1412.12
1.0
Item_Mushroom_D
1.233765
-1.213379
0.5240478
-4167.684
357.3828
1743.508
1.0
Obj_Plant_HopBush_C_Snow_01
0.2687684
0.5801461
0.2519608
-4392.527
618.7486
1006.457
1.021973
TBox_Field_Iron
2.772202
-0.0811144
-3.029399
-4306.575
492.6751
1372.223
1.0
Obj_LiftRockWhite_Korok_A_01
0
0.05999506
0
-4527.663
571.8237
1419.34
1.0
Enemy_Lizalfos_Junior
1.443477
-0.648403
-0.04558256
-4256.816
172.6735
1970.655
1.0
Obj_TreeDead_A_01
0
0
0
-4700.633
624.9167
1219.709
1.0
Animal_Elk_A
0
0
0
-4596.376
562.6401
1426.786
1.0
Obj_LiftRockGerudo_Korok_A_01
0.5737464
1.317271
0.582542
-4166.579
192.9042
1993.197
1.0
Item_Mushroom_D
1.458496
-0.03979492
-0.3315429
-4810.301
595.7148
1423.844
1.0
Obj_MineralGrain_A_04
-2.976362
0.01865265
3.138625
-4235.304
538.0754
1186.891
1.0
FldObj_GerudoSecrerBaseRoot_A_01
0.06881806
0.5463108
-0.07929628
-4124.68
278.8033
1572.283
1.0
FldObj_SecretBaseFrogStatue_A_01
0
-2.059996
0
-4219.858
256.3834
1659.886
1.0
Item_Mushroom_D
1.408081
-0.7073975
-0.2952881
-4619.703
329.543
1699.453
1.0
Obj_LiftRockWhite_Korok_A_01
0
0.8742892
0
-4143.356
399.8638
1709.432
1.0
Obj_LiftRockGerudo_Korok_A_01
0.226927
0.8039283
0.2042579
-4175.412
192.8125
1986.479
1.0
FldObj_GerudoSecrerBaseRoot_A_02
0
-2.199998
0
-4244.883
250.7842
1648.948
1.0
Obj_Plant_HopBush_C_02
0
2.090257
0
-4126.038
401.8628
1729
1.0
TBox_Field_Iron
0
3.14
0
-4113.087
559.9807
1382.026
1.0
Enemy_Lizalfos_Ice
0
0.62
0
-4683
623.1765
1238
1.0
FldObj_KorokStone_A_01
0
0.7615905
0
-4180.203
437.3701
1481.804
1.0
DgnObj_DungeonEntrance_DecalSand
0
0
0
-4673.53
131.12
1967.79
1.0
TBox_Field_Iron
0.2619376
-0.965851
-0.2332718
-4610.641
626.8524
1277.446
1.0
FldObj_Magnetic_Fld_01
0
1.274462
0
-4814
156.6
1926.7
1.0
Obj_Mineral_A_01
0.1432159
0.5418155
0.3454925
-4236.096
538.0372
1186.229
1.0
Obj_MineralBury_A_01
0
-1.620002
0
-4421.2
561.6255
1423.442
1.0
FldObj_GerudoSecrerBaseRoot_A_02
0
-1.36
0
-4330.467
195.0603
1764.933
1.0
Item_Mushroom_D
1.693848
0.9399413
0.06567383
-4615.543
535.1914
1527.027
1.0
Item_Plant_L
0
-0.7456054
0
-4632.32
134.244
1954.508
1.0
Obj_Plant_CypressLow_B_01
1.315029
1.333323
1.191692
-4549.664
630.4464
1190.496
0.875488
Area
0
0
0
-4475.7
566.5229
1360.2
25
FldObj_GerudoSecrerBaseRoot_A_01
2.723268
1.26517
2.523912
-4230.813
187.2456
1962.407
1.0
Item_Plant_A
0
0
0
-4340.44
625.1923
1058.052
1.0
Item_Mushroom_D
1.619141
0.7476806
0.5242919
-4868.051
181.1602
1893.793
1.0
