UnitConfigName/__text
Rotate/value/0
Rotate/value/1
Rotate/value/2
Translate/value/0
Translate/value/1
Translate/value/2
_Scale
Enemy_Lizalfos_Middle
0
-2.053628
0
-4192.698
139.4065
3090.562
1.0
Enemy_Lizalfos_Middle
0
2.059999
0
-4635.1
139.6149
3127
1.0
Item_Plant_L
0
2.756055
0
-4859.278
122.9301
3833.737
1.0
BarrelBomb2
-0.0461848
-0.0001732214
-0.01444116
-4505.602
147.4656
3102.099
1.0
FldObj_EnemyLookout_B_01
0
-1.031863
0
-4646.532
132.3534
3864.468
1.0
BarrelBomb2
0.01620705
1.303446
1.59431
-4560.602
143.0215
3092.932
1.0
Animal_Sunazarashi_A
0
-1.639998
0
-4532.7
142.3302
3075.7
1.0
FldObj_DesertRuin_A_04
0
1.567433
-0.09999999
-4206.173
125.1681
3870.228
1.0
Enemy_Lizalfos_Middle
0
-2.899999
0
-4561.8
139.6324
3194.9
1.0
Animal_Sunazarashi_A
0
1.3
0
-4548.2
141.3532
3156.3
1.0
Barrel
3.074749
0.8263784
1.501394
-4612.987
129.5606
3535.848
1.0
BarrelBomb2
-0.1815526
0.1006654
0.07077998
-4467.001
157.0935
3226.905
1.0
ObservationPoint
0
0.8799999
0
-4764.545
129.1018
3507.838
1.0
Enemy_Lizalfos_Middle
0
2.059999
0
-4496.4
141.5376
3082.2
1.0
FldObj_EnemyLookout_B_01
0
1.24
0
-4151.04
142.9384
3095.08
1.0
KibakoDesert_Contain_01
0.3553742
1.213468
0.2997819
-4684.319
159.1767
3106.062
1.0
Item_Plant_L
0
-0.5714635
0
-4881.171
124.4346
3840.863
1.0
BarrelBomb2
1.844115
-0.7410481
-0.2891424
-4437.417
142.3727
3160.901
1.0
KibakoDesert_Contain_01
-0.03200149
-0.001553605
-0.06409717
-4635.501
130.5289
3537.506
1.0
Barrel
0.02916521
4.646837E-05
-0.03161114
-4206.359
139.9431
3071.583
1.0
Enemy_Lizalfos_Middle
0
2.159999
0
-4680.3
140.2125
3173.3
1.0
Obj_MineralGrain_A_04
-2.277239
0.2575019
0.08374889
-4159.565
125.0137
3824.407
0.9
BarrelBomb2
-0.03503313
-0.7991819
-0.02842341
-4678.908
157.4744
3109.694
1.0
KibakoDesert_Contain_01
0.01657355
-0.0003739821
-0.02019839
-4614.505
130.2546
3520.995
1.0
KibakoDesert_Contain_01
0.09048731
0.4190527
0.03219381
-4196.985
140.2257
3063.642
1.0
Animal_Insect_F
0
0
0
-4873.205
125.7801
3808.158
1.0
FldObj_BoneGiant_BackBone_A_02
-0.3511377
-0.6458051
-0.2329926
-4167.307
152.9202
3063.193
1.0
TBox_Field_Iron
3.017089
-1.378127
-2.999193
-4189.588
139.535
3081.607
1.0
FldObj_DesertRuin_A_04
0
1.607433
0
-4104.501
129.7853
3867.768
1.0
Item_Plant_L
0
0.5588388
0
-4882.814
124.6105
3839.671
1.0
Animal_Sunazarashi_A
0
0
0
-4886.51
126.45
3870.108
1.0
FldObj_DesertRuin_A_04
0
-1.554159
0
-4206.806
129.7853
3763.804
1.0
Item_Plant_E
0
1.433369
0
-4889.189
125.0031
3830.477
1.0
BarrelBomb2
-3.139618
-0.09230257
-3.009171
-4614.093
141.8739
3212.8
1.0
Item_Plant_L
0
1.669495
0
-4859.983
122.9452
3835.112
1.0
Item_Plant_F
0
2.298962
0
-4859.155
122.7566
3810.727
1.0
Barrel
0.01579322
-0.0001183119
0.003772206
-4613.496
130.1913
3542.499
1.0
Obj_MineralGrain_A_04
1.098371
-0.1176753
-3.007974
-4159.016
125.8336
3827.731
0.9
FldObj_EnemyLookout_B_01
0
2.378795
0
-4625.829
133.0343
3838.735
1.0
TBox_Field_Wood
-0.003268757
-1.442446
0.2658058
-4559.681
143.803
3095.799
1.0
TBox_Field_Iron
-3.117302
-0.1415832
-3.141057
-4618.978
130.1268
3547.01
1.0
Item_Plant_L
0
5.719928
0
-4858.35
122.9304
3831.497
1.0
FldObj_GerudoDesertRock_A_11
0
0
0
-4562.277
134.914
3095.956
1.0
Enemy_Lizalfos_Middle
0
-0.7800004
0
-4494.7
141.7155
3085.4
1.0
FldObj_EnemyLookout_B_01
0
2.621385
0
-4861.898
145.4612
3525.421
1.0
Enemy_Lizalfos_Middle
0
-1.2
0
-4549.9
142.1707
3056.2
1.0
BarrelBomb2
0.4924912
-1.298336
1.097781
-4497.98
142.2688
3180.595
1.0
FldObj_StageGerdoNarrow_A_01_A30
0.05556861
0.09590302
0.5262661
-4208.608
127.9621
3760.399
1.0
Area
0
0
0
-4189.815
139.5119
3082.238
100
FldObj_GerudoDesertRock_A_05
0
1.96
0
-4542.331
139.6809
3202.895
1.0
Animal_Sunazarashi_A
0
0
0
-4894.273
126.0918
3837.763
1.0
KibakoDesert_Contain_01
3.136278
0.6188173
3.131891
-4501.305
147.2298
3105.796
1.0
BarrelBomb2
-0.05641685
0.6795289
0.07537471
-4509.567
152.7802
3232.51
1.0
FldObj_BoneGiant_Rib_A_01
-0.5336444
-0.2296548
1.20303
-4216.02
149.5352
3075.144
1.0
FldObj_EnemyLookout_B_01
0
-0.6800004
0
-4202.979
139.986
3109.648
1.0
FldObj_BoneGiant_Rib_A_01
2.839682
0.6126013
2.588426
-4184.748
161.4688
3098.178
1.0
Enemy_Lizalfos_Middle
0
-3.1
0
-4616.4
139.3894
3159.4
1.0
Animal_Sunazarashi_A
0
0
0
-4452.594
136.3372
3722.278
1.0
TBox_Field_Wood
0.0243532
-0.0002867789
0.07238586
-4541.996
144.7831
3201.993
1.0
BarrelBomb2
0.03094694
-0.001477125
0.005554486
-4615.995
130.1885
3540.97
1.0
ObservationPoint
0
2.34
0
-4332.308
138.0472
3556.614
1.0
Animal_Insect_F
0
0
0
-4863.025
124.0478
3819.308
1.0
BarrelBomb2
-1.073494
1.288597
0.4884236
-4490.404
142.9288
3095.14
1.0
Barrel
3.081531
1.119864
3.023083
-4207.524
139.9702
3072.942
1.0
Item_Plant_F
0
1.378289
0
-4884.752
124.2646
3814.159
1.0
FldObj_BoneGiant_BackBone_A_02
0.06109897
-0.7150247
0.1828375
-4191.306
135.394
3106.96
1.0
KibakoDesert_Contain_01
0.193913
-1.017697
0.02472584
-4179.347
141.6406
3063.304
1.0
FldObj_DesertRuin_A_04
0
1.567433
0
-4106.032
129.7853
3919.682
1.0
FldObj_BoneGiant_Rib_A_01
-0.03155315
-0.6278883
-0.01470045
-4196.329
164.7824
3088.946
1.0
Enemy_Lizalfos_Middle
0
2.059999
0
-4560
142.4738
3052.4
1.0
Item_Plant_F
0
1.075249
0
-4860.026
122.7398
3811.039
1.0
Item_Plant_E
0
3.483534
0
-4876.576
123.4769
3807.347
1.0
Obj_MineralGrain_A_04
2.963241
-1.448733
1.378868
-4157.258
126.0031
3825.645
0.8
Area
0
0
0
-4623.236
130.2024
3543.668
60
FldObj_EnemyLookout_B_01
0
-0.7892737
0
-4875.814
145.5007
3555.375
1.0
Obj_MineralGrain_A_04
-1.920538
1.50186
0.3944606
-4161.035
125.5127
3825.683
1.0
Item_Plant_E
0
5.352559
0
-4860.38
123.9365
3841.058
1.0
Item_Plant_J
0
2.643186
0
-4867.885
122.9027
3838.296
1.0
Item_Plant_Q
0
1.592459
0
-4892.507
127.7239
3795.16
1.0
Animal_Sunazarashi_A
0
-1.68
0
-4428.5
142.0942
3119.2
1.0
Item_Plant_E
0
0
0
-4880.059
124.8567
3804.2
1.0
FldObj_StageGerdo_SS_A_02
0
3.093981
0
-4201.866
130.9753
3760.224
1.0
Item_Plant_L
0
6.251094
0
-4886.674
124.1592
3821.917
1.0
FldObj_BoneGiant_Rib_A_01
3.022523
0.7390801
2.736388
-4170.189
157.5547
3080.234
1.0
FldObj_EnemyLookout_B_01
0
1.494187
0
-4844.912
145.4611
3547.772
1.0
Item_Plant_F
3.141479
0.3406982
3.141479
-4223.301
126.6921
3734.027
1.0
DgnObj_DungeonEntrance_DecalSand
0
-0.409199
0
-4847.036
122.743
3772.63
1.0
BarrelBomb2
0.01782679
-1.1227
-0.2155774
-4677.495
157.3839
3107.707
1.0
FldObj_EnemyLookout_B_01
0
0.8487892
0
-4850.805
145.4518
3566.794
1.0
Enemy_Lizalfos_Fire
0
2.359999
0
-4569.6
142.0623
3107
1.0
FldObj_EnemyLookout_B_01
0
-3.02
0
-4175.581
142.9432
3048.542
1.0
FldObj_StageGerdoLadder_A_01
0
-3.103186
0
-4102.798
119.0877
3757.903
1.0
Area
0
2.177786
0
-4870.252
145.3655
3549.856
50
KibakoDesert_Contain_01
-0.02502116
-0.6172464
-0.1074966
-4503.751
147.4087
3105.011
1.0
FldObj_BoneGiant_Rib_A_01
0.7136492
0.5945107
-2.352502
-4169.075
130.211
3085.798
1.0
TBox_Field_Wood
0.01842039
-0.6074057
-0.006116646
-4407.502
143.3679
3087.874
1.0
BarrelBomb2
-0.06861018
-1.455094
0.05265604
-4582.501
138.5499
3204.248
1.0
Item_Plant_F
0
1.200455
0
-4861.942
122.7448
3808.046
1.0
FldObj_BoneGiant_Rib_A_01
-2.554608
-0.1787066
-1.416689
-4212.175
137.9087
3065.138
1.0
BarrelBomb2
-0.3556108
0.7564105
-0.3612624
-4510.398
152.6613
3230.994
1.0
KibakoDesert_Contain_01
0.01835018
0.003432506
-0.01857501
-4210.124
139.721
3088.078
1.0
Area
0
0
0
-4189.815
139.5119
3082.238
50
BarrelBomb2
-0.07141301
0.3283645
0.05457291
-4465.589
157.129
3226.71
1.0
Item_Mushroom_D
2.429443
1.157349
1.180298
-4463.223
153.0664
3245.625
1.0
Barrel
0.04220781
-0.8996884
-0.06029862
-4206.078
139.8877
3073.336
1.0
BarrelBomb2
0.03583623
-1.024207
-0.07993671
-4677.603
157.365
3109.009
1.0
Item_Mushroom_D
-1.585815
-0.0002441367
3.106201
-4503.184
149.6211
3220.504
1.0
TBox_Field_Wood
3.138028
0.7261108
3.100044
-4604.303
139.4939
3190.398
1.0
Item_Mushroom_D
1.010376
-0.3442383
0.1966553
-4409.637
148.6641
3083.66
1.0
KibakoDesert_Contain_01
0.08416901
-0.005483762
0.1563452
-4180.663
141.5973
3060.921
1.0
FldObj_BoneGiant_Rib_A_01
1.116429
1.45708
-0.4248444
-4185.742
139.6857
3074.339
1.0
FldObj_BoneGiant_BackBone_A_02
0.0646895
-0.6854508
-0.2262375
-4185.871
162.3429
3087.481
1.0
Item_Plant_F
0
1.388068
0
-4883.787
124.4333
3811.212
1.0
Item_Plant_L
0
0.8477547
0
-4858.208
123.2865
3835.964
1.0
FldObj_EnemyLookout_B_01
0
-2.858992
0
-4642.438
133.0746
3834.903
1.0
Enemy_Lizalfos_Middle
0
-1.576806
0
-4175.073
142.6133
3062.488
1.0
Area
0
1.935196
0
-4639.808
132.7623
3860.447
99.99999
FldObj_DesertRuin_A_04
0
-1.570796
0
-4207.736
129.7853
3923.65
1.0
Area
0
0
0
-4623.236
130.2024
3543.668
25
Item_Plant_Q
0
2.988262
0
-4897.461
127.6048
3802.477
1.0
FldObj_BoneGiant_BackBone_A_02
-0.5353101
-0.6854508
-0.2262375
-4160.821
143.9503
3052.94
0.8015472
Area
0
2.177786
0
-4870.252
145.3655
3549.856
25
BarrelBomb2
3.111486
0.1596957
-3.091181
-4613.195
141.9467
3214.5
1.0
FldObj_StageGerdoLadderStep_A_01
0
-3.103186
0
-4102.733
131.0877
3759.602
1.0
FldObj_EnemyLookout_B_01
0
-2.616403
0
-4878.941
145.488
3525.691
1.0
FldObj_DesertRuin_A_04
0
-1.570796
0
-4208.632
134.2129
3726.92
1.0
FireWood
0
-1.930796
0
-4505.7
147.915
3116.4
1.0
Area
0
1.935196
0
-4639.808
132.7623
3860.447
25
FireWood
0
-0.8107976
0
-4616.9
143.2651
3199.9
1.0
FldObj_DesertRuin_A_04
0
-1.539115
0
-4108.408
129.7853
3760.377
1.0
Item_Plant_E
0
2.943317
0
-4877.728
123.5592
3808.359
1.0
BarrelBomb2
0.1550429
-1.27331
-0.2355351
-4678.802
157.4529
3108.301
1.0
Area
0
2.177786
0
-4870.252
145.3655
3549.856
100
Area
0
0
0
-4189.815
139.5119
3082.238
25
FldObj_DesertRuin_A_04
-0.5200004
-1.539115
0.1999997
-4104.891
125.4337
3816.673
1.0
Item_Plant_Q
0
0.9583704
0
-4886.798
127.3466
3789.537
1.0
TBox_Field_Wood
0.07390692
-1.356151
-0.0830726
-4518.201
142.8443
3124.198
1.0
FldObj_BoneGiant_BackBone_A_02
0.1782761
-0.02498494
0.1377669
-4174.453
139.4525
3068.242
1.0
KibakoDesert_Contain_01
0.04563493
-0.6215509
0.04065458
-4611.856
142.0507
3213.19
1.0
Item_Plant_L
0
1.641556
0
-4885.425
123.8291
3822.363
1.0
FldObj_BoneGiant_BackBone_A_02
0.06109897
-0.7150247
0.1828375
-4180.81
137.6791
3095.377
1.0
Item_Plant_E
0
2.030077
0
-4862.427
124.2072
3842.932
1.0
Area
0
1.935196
0
-4639.808
132.7623
3860.447
50
Item_Plant_E
0
1.456566
0
-4888.31
124.669
3828.1
1.0
FldObj_EnemyLookout_B_01
0
0.6061995
0
-4624.998
133.0099
3881.561
1.0
Barrel
0.06065265
-1.11884
-0.08110327
-4205.233
139.8371
3074.405
1.0
KibakoDesert_Contain_01
0.07886504
0.0006737856
-0.0134674
-4199.972
140.2921
3063.199
1.0
Animal_Insect_F
0
0
0
-4876.64
125.0717
3814.64
1.0
Item_Plant_Q
0
0.09136984
0
-4897.231
127.6661
3801.39
1.0
BarrelBomb2
-0.0153819
0.1007268
-0.1345425
-4504.402
147.4533
3102.707
1.0
FldObj_DesertRuin_A_04
0.1535967
0.2803133
-0.04794741
-4627.298
129.3749
3567.253
1.0
Animal_Insect_F
0
0
0
-4863.274
124.7025
3813.773
1.0
Barrel
0.03381982
-0.6792563
-0.04885999
-4205.14
139.901
3071.855
1.0
FldObj_GerudoDesertRock_A_30
1.667234
0.9288632
1.577295
-4307.625
123.4447
3462.563
1.0
Item_Plant_J
0
0.84
0
-4867.079
122.8849
3838.09
1.0
FldObj_DesertRuin_A_04
0.09276431
1.181356
-0.07676118
-4649.572
131.8581
3533.494
1.0
FldObj_EnemyLookout_B_01
0
1.251598
0
-4614.709
133.0099
3864.511
1.0
