UnitConfigName/__text
Rotate/value/0
Rotate/value/1
Rotate/value/2
Translate/value/0
Translate/value/1
Translate/value/2
_Scale
LinkTagAnd
0.5919238
0.3113592
-1.225713
-3493.972
474.2663
-3580.654
1.0
FldObj_CliffSnowWall_D_02
0.04985962
0.1782652
0.02915135
-3755.537
333.5964
-3844.521
1.0
FldObj_CliffSnowWall_D_11_Far
-0.2471592
-0.6097861
-0.07512673
-3972.497
391.7103
-3143.688
1.0
FldObj_CliffSnowLargeWall_D_02_Far
2.89533
0.3569967
2.909577
-3313.121
509.0511
-3512.45
1.0
FldObj_CliffSnowWall_D_27_Far
-0.1537847
-1.106099
-0.1750917
-3656.752
468.8586
-3541.45
1.05
FldObj_CliffSnowWall_D_01_Far
-0.223729
0.4248666
0.3702671
-3891.946
379.9431
-3465.876
1.0
FldObj_CliffSnow_B_01
0
-2.403186
0
-3183.208
563.0602
-3045.758
1.0
FldObj_CliffSnowWall_D_01
-0.6220336
-0.7770247
0.3715917
-3684.09
444.994
-3537.619
1.0
FldObj_CliffSnowWall_D_22
-2.682821
0.06812184
3.101969
-3937.121
424.8051
-3154.228
1.0
FldObj_CliffSnowWall_D_14_Far
-0.2203969
0.284281
0.5657153
-3101.252
576.9824
-3077.858
1.0
Area
0
0
0
-3038.012
676.7908
-3215.877
40
FldObj_CliffSnowWall_D_02
0
2.38
0
-3545.506
373.3408
-3753.092
1.7
Obj_RockSetSnow_A_01
-2.154942
0.6256776
-1.458541
-3784.947
335.9419
-3799.577
1.0
FldObj_CliffSnowTopHalf_D_01_Far
0.8841721
1.461681
1.10763
-3253.011
434.3913
-3456.326
1.0
Item_Fruit_B
-4.579204E-05
-1.120519
3.141407
-3921.321
365.8492
-3274.962
1.0
LinkTagAnd
0
-0.6000001
0
-3571.231
502.2303
-3273.729
2
FldObj_CliffSnowWall_D_19
-0.1967876
-1.083579
-0.6256554
-3448.688
485.7708
-3208.903
1.0
FldObj_CliffSnowWall_D_27_Far
2.852769
0.104266
3.055231
-3176.43
329.0172
-3627.081
1.0
FldObj_CliffSnowTopHalf_D_01_Far
2.745204
-0.1182218
-3.121245
-3242.35
526.1336
-3323.765
1.0
LinkTagOr
-0.02256974
-0.415691
0.1259001
-3925.376
534.51
-3688.641
1.0
LinkTagAnd
0
0
0
-2996.76
660.183
-3222.506
1.0
LocationTag
0
0
0
-3632.703
412.9894
-3042.142
1.0
FldObj_CliffSnowWall_D_27_Far
-0.6092985
-0.2275484
-0.2597366
-3354.171
539.2074
-3366.997
1.0
FldObj_CliffSnowEdgeWall_B_02
2.982416
0.5935427
3.070941
-3206.688
261.8891
-3682.464
1.0
FldObj_CliffSnowLargeWall_D_02
0
2.443185
0
-3432.327
331.5099
-3825.174
1.0
FldObj_CliffSnowWall_D_19_Far
2.898343
-0.2567117
-3.127245
-3755.192
297.7911
-3850.804
1.0
FldObj_CliffSnowWall_D_02
-0.16
0
0
-3970.915
283.9267
-3831.423
1.0
LinkTagAnd
0
0
0
-3632.703
412.9894
-3042.142
1.0
Obj_RockSetSnow_A_01_Far
0
0
0
-3364.256
578.4587
-3433.117
1.0
LinkTagNOr
0
-1.639999
0
-3948.188
427.6865
-3169.448
1.0
FldObj_FlagLarge_A_02
0
0
0.07999999
-3051.441
676.8571
-3227.615
1.0
FldObj_CliffSnowEdgeWall_END_B_02
3.104309
0.4425012
-3.134595
-3424.605
217.5949
-3824.042
1.2
Area
0
0.7799999
0
-3651.5
347.8133
-3840
2
Obj_RockSetSnow_A_01
0
0
2.26
-3626.576
462.8461
-3286.243
1.0
Obj_RockSetSnow_A_01
1.381593
1.361593
3.141593
-3184.74
338.8239
-3667.128
1.0
FldObj_GerudoHighlandRock_C_04_Far
-2.909
1.030632
-2.957991
-3422.284
507.624
-3540.006
0.7
BrokenSnowBall
0
-0.5199999
0
-3247.352
390.4637
-3647.082
2.5
FldObj_CliffSnowWall_D_27_Far
2.639184
-0.6207853
3.050341
-3624.408
457.7476
-3676.603
1.0
DgnObj_DungeonEntrance_A_01
0
1.604955
0
-3627.709
419.8231
-3038.224
1.0
FldObj_CliffSnowScaffold_D_01
-0.8141919
-1.48876
0.9812052
-3957.978
343.6052
-3331.644
1.5
Obj_RockSetSnow_A_01_Far
-1.9
-0.3
0
-3882.473
361.3332
-3805.765
1.0
Item_Fruit_B
6.372335E-10
-0.007288973
3.141593
-3267.465
393.7531
-3611.518
1.0
FldObj_CliffSnowWall_D_17
-0.001999061
0.3519326
0.609141
-4030.079
329.6774
-3412.158
1.0
DgnObj_WarpPoint_A_01
0
0.3198614
0
-2995.728
667.7164
-3212.855
1.0
FldObj_CliffSnowWall_D_22_Far
2.813184
0.3479704
-2.812321
-3516.258
480.0313
-3294.704
1.0
FldObj_CliffSnowWall_D_06_Far
0.3505382
-0.04875229
0.3188856
-3942.086
342.9117
-3468.353
1.0
LinkTagAnd
0
0
0
-3063.08
594.2037
-3339.743
1.0
FldObj_CliffSnowLargeWall_D_03_Far
2.521593
0.2215928
-3.141592
-3466.538
559.7281
-3429.944
1.2
FldObj_CliffSnowScaffold_D_01_Far
0.2183539
-0.5201361
0.06747253
-3940.135
354.8146
-3372.524
1.5
Obj_RockSetSnow_A_01_Far
1.861018
0.6574748
1.5647
-3789.722
287.8167
-3839.01
1.0
FldObj_CliffSnowWall_D_27_Far
2.37944
0.1381587
3.110495
-3508.784
340.3259
-3806.044
1.0
FldObj_CliffSnowWall_D_27
-0.1537847
-1.106099
-0.1750917
-3656.752
468.8586
-3541.45
1.05
FldObj_CliffSnowWall_D_01
1.502295
-1.334217
-2.550341
-3815.009
375.3077
-3522.406
1.0
FldObj_CliffSnowLargeWall_D_02
0
2.683184
0
-3267.991
341.4943
-3721.881
1.0
FldObj_KorokTarget_A_01
0
-1.779992
0
-3565.012
513.0116
-3269.105
1.0
EnemyFortressMgrTag
0
-3.06
0
-3659.627
335.5734
-3801.939
1.0
LinkTagNone
0
0
0
-3665.274
335.4403
-3797.72
1.0
FldObj_CliffSnowWall_D_17_Far
-2.821544
-1.217041
2.96863
-3733.587
398.2091
-3509.667
1.0
LinkTagAnd
0
-0.92
0
-3632.703
412.9894
-3042.142
1.0
FldObj_CliffSnowWall_D_01_Far
0.4061634
0.9700637
0.8098724
-3578.513
365.4857
-2992.237
1.2
FldObj_CliffSnowWall_D_07_Far
-0.4400001
0
-0.26
-3467.257
506.0675
-3394.394
1.0
FldObj_CliffSnowScaffold_D_01_Far
0.1665816
-0.5050092
0.07134556
-4074.836
229.9286
-3152.579
1.5
FldObj_CliffSnowWall_D_05
-1.115552
-1.36098
0.9687558
-3875.044
354.5354
-3322.687
1.0
Npc_HiddenKorokFly
0
0.5
0
-3843.155
435.3878
-3348.182
1.0
FldObj_CliffSnowLargeWall_D_02_Far
-0.54
0
0
-3517.454
554.5567
-3445.143
1.0
FldObj_CliffSnowWall_D_18_Far
-2.981593
-1.520639
3.141593
-3736.832
413.9931
-3525.353
1.0
Enemy_Moriblin_Senior
0
0.641592
0
-3698.217
349.118
-3834.311
1.0
Obj_RockSetSnow_A_01_Far
-0.8914346
-0.02304397
-0.2818922
-3275.019
577.8218
-3236.456
1.0
FldObj_CliffSnowEdgeWall_END_B_02
-3.135979
0.4603792
-3.129907
-3119.514
216.3333
-3631.057
1.2
LinkTagAnd
1.748549
-0.5120773
-1.103088
-3793.374
353.7936
-3030.931
1.0
Obj_Plant_IvyBurn_A_01
-0.2949469
-0.6326383
0.04852068
-3496.025
473.7415
-3583.402
1.0
Obj_TreeSnowberry_A
0
-0.4169922
0
-3924.527
514.6487
-3553.242
1.0
Obj_TreeConiferous_A_Snow_03
0
0
0
-3611.434
336.8394
-3845.133
1.0
FldObj_CliffSnowWall_D_02_Far
-2.889987
0.7505329
3.083332
-3799.109
386.23
-3072.728
1.0
Obj_RockSetSnow_A_01_Far
0
-0.24
-2.423186
-3994.578
319.8947
-3827.086
1.0
Item_Fruit_B
9.484057E-10
-0.01084807
3.141593
-3641.732
473.6656
-3324.067
1.0
LinkTagNone
0
0
0
-3698.95
432.38
-3531.33
1.0
TimeControlTag
0
0.2200001
1.42
-3054.044
377.8255
-3596.203
1.0
ForceSetPosDirAutoSaveAnchor
0
-1.536638
0
-3620.844
420.8231
-3038.359
1.0
FldObj_CliffSnowWall_D_07
-3.030017
-0.2259423
2.963144
-3706.202
272.9022
-3851.373
1.0
AnchorAction1
0
0
0
-3174.5
441.4477
-3495.5
1.0
LinkTagAnd
0
1.604955
0
-3621.662
420.8231
-3036.93
0.3
FldObj_CliffSnowWall_D_02_Far
0.01397509
1.440886
0.1229558
-3574.452
404.472
-3057.225
1.0
FldObj_CliffSnowTopHalf_D_01_Far
2.761593
0.4215913
-3.141592
-3379.171
523.3073
-3455.253
0.8
KorokAnswerResponce
0
-0.6000001
0
-3572.1
498.2303
-3270.688
0.5
FldObj_CliffSnowWall_D_17_Far
-0.07175133
0.3118637
0.7006621
-3473.689
489.4508
-3222.786
1.0
FldObj_CliffSnowWall_D_02_Far
0
0.3768149
0
-3577.027
449.584
-3267.264
1.0
FldObj_CliffSnowWall_D_10_Far
1.919019
0.5174399
2.651009
-4020.745
345.9475
-3382.378
1.0
FldObj_CliffSnowWall_D_05_Far
-0.2199999
-1.28
1.041527E-07
-3679.013
479.4662
-3475.822
1.0
Obj_RockSetSnow_A_01_Far
-1.361767
1.070125
-0.2043868
-3501.971
482.6555
-3584.329
1.5
FldObj_CliffSnowWall_D_02_Far
2.981593
1.481593
2.901593
-3772.228
295.7235
-3814.017
1.0
FldObj_CliffSnowWall_D_27_Far
2.541593
-0.1984076
-3.141592
-3799.695
337.239
-3792.171
1.2
LinkTagAnd
0
1.501594
0
-3939.019
447.6951
-3153.822
1.0
FldObj_CliffSnowWall_D_06_Far
-0.1592945
-0.4138173
-0.1407917
-3966.597
355.1724
-3133.928
1.0
Item_Fruit_B
2.29465E-09
0.02624171
3.141593
-3954.254
284.7665
-2908.787
1.0
Enemy_Lizalfos_Senior
0
0
0
-3174.5
441.4165
-3500.5
1.0
FldObj_CliffSnowWall_D_01_Far
-0.8235984
-0.9288313
0.1827732
-3786.964
418.7738
-3284.759
1.0
LinkTagNAnd
0
0.3198614
0
-2996.567
680.2534
-3220.157
0.6
FldObj_CliffSnowWall_D_02_Far
-0.16
0
0
-3970.915
283.9267
-3831.423
1.0
LinkTagOr
0.04599675
0.008337724
-0.3585813
-3491.107
476.184
-3579.541
1.0
FldObj_CliffSnowLargeWall_D_02
-3.053476
0.4504516
-2.941391
-3047.973
327.4611
-3600.879
1.0
FldObj_CliffSnowLargeWall_END_D_03_Far
2.881593
0.3415925
-3.141592
-3385.317
207.6836
-3844.409
1.0
FldObj_CliffSnowLargeWall_D_02_Far
-0.442786
-0.4295123
0.07099391
-3614.555
530.6564
-3454.903
1.0
FldObj_CliffSnowWall_D_03_Far
0
-0.9999999
0
-3658.935
387.6494
-3303.652
1.0
FldObj_CliffSnowWall_D_01_Far
2.495883
0.1818004
-3.075479
-3967.099
336.8351
-3419.347
1.0
FldObj_FlagLarge_A_02
0.05998803
0.001199201
-0.01996402
-3052.47
675.6327
-3206.737
1.0
FldObj_CliffSnow_B_01
-2.923393
1.235168
2.776565
-3786.346
401.683
-3244.743
1.0
Obj_RockSetSnow_A_01
0
-0.9000002
0
-3319.696
347.6153
-3702.205
1.0
FldObj_CliffSnowWall_D_17_Far
1.236494
0.9779004
1.364409
-3164.576
544.7275
-3004.06
1.0
FldObj_CliffSnowWall_D_06_Far
3.104874
-1.072884
3.100404
-3755.229
404.6817
-3061.441
1.0
FireWoodDie
0
-2.48
0
-3930.805
425.4878
-3164.406
1.0
Enemy_Bokoblin_Guard_Middle_Ambush
0
-2.119989
0
-3212.508
454.0475
-3506.262
1.0
ConstraintDummy
0.782434
-1.347558
-1.759493
-3885.75
372.2753
-3425.798
1.0
FldObj_CliffSnowScaffold_D_01
0.3333777
-0.516029
-0.1495366
-3940.971
358.174
-3387.774
1.5
Obj_RockSetSnow_A_01
-0.8914346
-0.02304397
-0.2818922
-3275.019
577.8218
-3236.456
1.0
PlayerOnScaffoldCheckTag
0
-1.639999
0
-3948.635
434.6834
-3166.938
1.0
LinkTagAnd
0
-0.6000001
0
-3574.575
500.2303
-3272.382
2
FldObj_CliffSnowWall_D_17_Far
-0.2628602
-0.0006635371
0.6561541
-3587.654
465.5755
-3210.49
1.0
Npc_HiddenKorokGround
0
0.0415925
0
-3757.127
375.4655
-3848.083
1.0
WallCrack
2.8507
-0.4208443
3.02826
-3389.841
448.9913
-3681.928
1.0
FldObj_CliffSnowTopHalf_D_01_Far
2.749507
-0.3921994
-3.060566
-3618.787
462.0249
-3622.393
1.0
Obj_RockSetSnow_A_01
0
0
-1.26
-3587.651
437.9552
-3334.208
1.0
Obj_RockSetSnow_A_01_Far
1.703123
-0.6334915
2.989731
-3711.452
423.0459
-3524.336
1.0
Area
0
0
0
-3461.5
472
-3557.5
70
LinkTagOr
0
-1.02
0
-3264.214
344.7903
-3754.406
1.0
LinkTagOr
0
0
0
-3415.344
544.5234
-3508.111
1.0
FldObj_CliffSnowWall_D_22_Far
-0.05254928
1.055441
0.1205079
-3588.138
436.2673
-3013.928
1.0
FldObj_CliffSnowTopHalf_D_01
2.761593
0.4215913
-3.141592
-3379.171
523.3073
-3455.253
0.8
ActorObserverTag
0
0
0
-3756.029
377.0462
-3842.183
1.0
DgnObj_EntranceShutter_A_01
0
0.3198614
0
-2997.425
667.7535
-3217.977
1.0
Obj_RockSetSnow_A_01_Far
0
0
0.18
-3327.78
559.2002
-3245.328
1.0
FldObj_CliffSnowWall_D_01_Far
2.084291
0.3885385
-3.133399
-3750.63
373.1583
-3559.063
1.0
Aurora
0
-1.18
0
-3765.223
571.7644
-3817.541
1.0
FldObj_CliffSnowLargeWall_D_02_Far
-3.053476
0.4504516
-2.941391
-3047.973
327.4611
-3600.879
1.0
FldObj_CliffSnowWall_D_18_Far
-0.4076748
0.04936353
0.2367899
-3742.559
419.8702
-3494.835
1.0
Enemy_Moriblin_Senior
0
1.683185
0
-3937.252
426.1146
-3163.692
1.0
FldObj_GerudoHighlandRock_C_03
3.084354
-0.05425527
2.714315
-3471.32
495.2579
-3574.165
0.7
Obj_RockSetSnow_A_01
-1.9
-0.3
0
-3882.473
361.3332
-3805.765
1.0
Area
0
2.28
0
-3627
345.7943
-3801
2
SwitchTimeLag
-1.570796
0
0
-3756.873
381.0254
-3842.832
0.5
FldObj_CliffSnowWall_D_27
-0.05862024
-1.126694
-0.5965988
-3284.618
567.219
-3138.754
0.9
Obj_RockSetSnow_A_01
1.558445
0.5199602
-0.007429325
-3755.28
402.7904
-3544.834
1.0
FldObj_CliffSnowTopHalf_D_01
0
2.4
0
-2932.542
572.1364
-3275.056
1.0
Obj_LiftRockWhite_Korok_A_01
0
0
0
-3757.029
374.8462
-3842.183
1.0
FldObj_CliffSnowLargeWall_D_02_Far
-0.5356011
-0.212539
0.03404534
-3416.609
565.9398
-3422.313
1.0
Obj_RockSetSnow_A_01_Far
0
0
-1.26
-3587.651
437.9552
-3334.208
1.0
FldObj_CliffSnowWall_D_01
0.4061634
0.9700637
0.8098724
-3578.513
365.4857
-2992.237
1.2
Obj_RockSetSnow_A_01
-0.1919393
0.05752471
-1.537148
-3709.715
434.4589
-3494.028
1.0
Npc_HiddenKorokFly
0
-0.6000001
0
-3574.575
494.2303
-3272.382
1.0
Obj_IcicleMountain_A_L_03
-0.1394896
-0.006371073
-0.1598742
-3417.569
462.3254
-3536.187
0.8
LinkTagOr
4.597289E-05
1.120519
-0.0001858049
-3920.639
364.8597
-3276.782
1.0
FldObj_CliffSnowWall_D_17
-0.2925859
0.07823609
0.3824202
-3421.362
464.9478
-3146.465
1.0
FldObj_CliffSnowScaffold_D_01_Far
-0.09548797
-0.1668784
0.2254234
-3950.949
344.7438
-3317.568
1.5
FldObj_CliffSnowWall_D_02_Far
-0.6640072
0.459442
-0.3407808
-3537.22
489.1099
-3586.262
1.0
LinkTagOr
0
1.550797
0
-3616.895
385.7178
-3936.14
3
Obj_RockSetSnow_A_01
0
0.4799998
0
-3607.08
438.9641
-2995.656
1.0
Item_Fruit_B
3.872564E-08
0.4169922
-3.141593
-3924.362
515.4687
-3553.76
1.0
IceWall
-0.004495568
0.1408453
0.08974195
-3709.819
451.1504
-3567.938
1.0
Obj_RockSetSnow_A_01_Far
-0.1919393
0.05752471
-1.537148
-3709.715
434.4589
-3494.028
1.0
FldObj_CliffSnowWall_D_01
2.755417
0.09607678
-2.813699
-3880.841
355.1085
-3414.292
1.0
FldObj_GerudoHighlandRock_C_03_Far
-0.1562067
0.03477495
0.2172782
-3402.411
507.2167
-3530.377
0.7
FldObj_CliffSnowScaffold_D_01
3.052456
-0.9608852
-2.859841
-3969.949
342.9797
-3290.225
1.5
FldObj_CliffSnowWall_D_01
2.038235
0.12621
-2.690766
-3718.515
405.2296
-3534.342
1.0
GrassCutTag
0
0
0
-3174.5
441.9656
-3495.5
1.0
LinkTagAnd
0
1.604955
0
-3621.662
420.8231
-3036.93
0.3
FldObj_CliffSnowWall_D_02_Far
0.03108485
0.4784753
0.1104459
-3523.6
543.6631
-3468.937
1.0
FldObj_CliffSnowWall_D_11
-0.2471592
-0.6097861
-0.07512673
-3972.497
391.7103
-3143.688
1.0
LinkTagAnd
0.4352259
-1.361759
-0.4096072
-3793.878
355.5939
-3033.237
1.0
FldObj_CliffSnowWall_D_27_Far
-0.9138961
0.4088559
0.1070809
-3318.136
538.5112
-3362.743
1.0
LinkTagAnd
0
-0.6000001
0
-3574.532
502.2303
-3275.988
2
FldObj_CliffSnowLargeWall_D_02
1.002591
-1.137641
-1.474847
-2980.582
631.9565
-3033.399
1.0
FldObj_CliffSnowEdgeWall_B_02_Far
2.959977
0.3069625
-3.079417
-3864.188
392.8593
-3748.2
1.2
FldObj_CliffSnowLargeWall_D_02
0
2.683184
0
-3115.835
332.5021
-3646.799
1.0
FldObj_CliffSnowWall_D_27
2.170822
0.4681412
2.489049
-3372.991
349.2739
-3715.377
1.0
FldObj_CliffSnowWall_D_17_Far
2.838199
-0.2717389
-2.911609
-3386.442
533.4255
-3221.542
1.0
Area
-1.570796
1.396263
0
-3602.781
468.1
-3009.665
1.0
FldObj_CliffSnowTopHalf_D_01
2.809396
0.2537634
2.907985
-3196.464
436.9626
-3440.995
1.0
Obj_Plant_IvyBurn_A_01
-2.784034
-0.6381662
2.32801
-3494.034
473.4374
-3580.584
1.0
FldObj_CliffSnowTopHalf_D_01_Far
2.809396
0.2537634
2.907985
-3196.464
436.9626
-3440.995
1.0
FldObj_CliffSnowWall_D_27_Far
2.170822
0.4681412
2.489049
-3372.991
349.2739
-3715.377
1.0
LinkTagAnd
0
0
0
-3756.873
380.0254
-3842.832
1.0
FldObj_CliffSnowTopHalf_D_01_Far
2.742558
-0.03396796
3.10473
-3195.542
542.4334
-3311.928
1.0
Obj_RockSetSnow_A_01
0
-1.02
0
-3510.173
368.8683
-3063.43
1.0
LinkTagAnd
0
0.82
0
-3244.479
393.9963
-3676.033
1.0
LocationTag
0
0
0
-3461.5
472
-3557.5
1.0
FldObj_CliffSnowScaffold_D_01
0.1519205
-0.2877651
0.1090913
-4060.461
222.7402
-3120.578
1.5
LinkTagOr
0.04599675
0.008337724
-0.3585813
-3491.458
475.2487
-3579.587
1.0
FldObj_CliffSnowLargeWall_D_02_Far
-0.001789429
0.01966178
-0.0004156209
-3929.773
380.543
-3110.972
1.0
FldObj_CliffSnowScaffold_D_01
0.06328686
-0.412607
0.2825079
-3967.599
342.7453
-3272.29
1.5
Item_CookSet
0
-3.06
0
-3659.627
335.5734
-3801.939
1.0
LinkTagAnd
0
0
0
-3621.781
420.8233
-3040.428
1.0
FldObj_CliffSnowWall_D_27
2.541593
-0.1984076
-3.141592
-3805.246
263.8952
-3837.81
1.2
SwitchTimeLag
0
-1.639999
0
-3935.481
447.6736
-3160.229
1.0
FldObj_GerudoHighlandRock_C_04
-2.12586
1.340089
-2.096438
-3471.856
497.4295
-3563.955
0.7
FldObj_CliffSnowWall_D_14_Far
-0.2082048
0.3614395
0.5428822
-3137.879
554.9395
-3053.993
1.0
FldObj_CliffSnowScaffold_D_01
0.2183539
-0.5201361
0.06747253
-3940.135
354.8146
-3372.524
1.5
Obj_TreeSnowberry_A
0
1.303345
0
-3981.285
337.9479
-3370.316
1.0
Obj_IcicleMountain_A_L_02_Far
-2.804184
0.07553573
3.066881
-3007.312
652.795
-3198.876
0.8
FldObj_CliffSnowLargeWall_D_02
3.025203
0.4420111
-3.133651
-3690.122
419.4984
-3740.388
1.0
FldObj_CliffSnowWall_D_02
0
-1.240001
0
-3543.864
532.3532
-3496.987
1.0
FldObj_CliffSnowWall_D_27_Far
0.4916977
-1.254933
-1.346559
-3784.359
404.14
-3197.955
1.0
Obj_RockSetSnow_A_01
1.861018
0.6574748
1.5647
-3789.722
287.8167
-3839.01
1.0
FldObj_CliffSnowWall_D_02
-0.6640072
0.459442
-0.3407808
-3537.22
489.1099
-3586.262
1.0
FldObj_CliffSnowWall_D_17
-0.07175133
0.3118637
0.7006621
-3473.689
489.4508
-3222.786
1.0
FldObj_CliffSnowLargeWall_D_03
-0.6222379
-0.5136285
0.04180983
-3517.917
481.7508
-3382.155
1.0
LinkTagAnd
0
0
0
-3389.397
454.8907
-3690.336
1.0
FldObj_CliffSnowWall_D_03
2.786417
0.9149643
2.788575
-3298.903
279.404
-3709.946
0.9
SwitchTimeLag
0
0
0
-3397.628
458.023
-3690.451
1.0
FldObj_CliffSnowEdgeWall_END_B_02_Far
3.054613
0.208186
3.083204
-3575.032
229.0233
-3840.85
1.2
Item_Fruit_B
0.02256977
0.415691
-3.015692
-3927.027
535.0988
-3690.206
1.0
FldObj_CliffSnowWall_D_03_Far
-0.4193188
0.01744064
0.3380798
-3057.162
560.2939
-3117.853
1.0
TBox_Field_Enemy
0
1.501594
0
-3949.752
432.7234
-3162.004
1.0
FldObj_CliffSnowWall_D_18
-2.824483
0.06321952
-2.646234
-3757.437
396.9131
-3565.671
1.0
FireWood
0
0
0
-3174.5
441.4477
-3495.5
1.0
LinkTagAnd
0
-0.6000001
0
-3575.314
499.2303
-3280.157
2
LinkTagOr
0
0
0
-3842.011
437.4113
-3346.76
1.0
FldObj_CliffSnowWall_D_27
2.76846
-0.573925
3.064157
-3705.497
415.6121
-3338.307
1.0
LinkTagOr
0
1.010796
0
-3047.647
365.9443
-3593.999
3
Obj_Plant_IvyBurn_A_01
0.4600989
-1.272423
-0.6043574
-3495.641
474.1977
-3581.257
1.0
FldObj_CliffSnowWall_D_07
0
-2.94
0
-3754.826
349.7585
-3785.835
1.0
FldObj_GerudoHighlandRock_C_04_Far
-2.12586
1.340089
-2.096438
-3471.856
497.4295
-3563.955
0.7
FldObj_CliffSnowWall_D_27
2.541593
-0.1984076
-3.141592
-3799.695
337.239
-3792.171
1.2
FldObj_CliffSnowWall_D_27_Far
-1.045289
-1.161746
0.1976569
-3886.114
383.0002
-3303.997
1.0
FldObj_CliffSnowWall_D_03
-0.4193188
0.01744064
0.3380798
-3057.162
560.2939
-3117.853
1.0
EnemyFortressMgrTag
0
0
0
-3522.729
422.3838
-3114.009
1.0
Obj_RockSetSnow_A_01_Far
0
0
0
-3348.266
570.3425
-3399.73
1.0
LinkTagAnd
0
0
0
-3052.247
378.0653
-3596.728
1.0
EventTag
0
-1.840065
0
-3795.87
379.79
-3584.35
1.0
FldObj_CliffSnowLargeWall_D_02_Far
3.025203
0.4420111
-3.133651
-3690.122
419.4984
-3740.388
1.0
Obj_RockSetSnow_A_01
1.703123
-0.6334915
2.989731
-3711.452
423.0459
-3524.336
1.0
FldObj_CliffSnowWall_D_27_Far
2.940196
0.6859047
-3.086572
-3365.95
278.1891
-3814.922
1.0
FldObj_CliffSnowWall_D_01
-0.8235984
-0.9288313
0.1827732
-3786.964
418.7738
-3284.759
1.0
FldObj_CliffSnowLargeWall_D_02_Far
2.854259
0.1475214
3.017693
-3950.859
277.4722
-3814.034
1.0
FldObj_CliffSnowLargeWall_D_03
3.040893
-0.1178128
-3.129717
-3611.676
437.9555
-3720.157
1.4
FldObj_CliffSnowWall_D_02_Far
0.272371
0.06573778
-0.2309885
-3630.289
515.7921
-3512.444
1.0
FldObj_CliffSnowLargeWall_D_03
-0.12
0
-0.3
-3393.44
484.737
-3622.512
1.0
FldObj_CliffSnowWall_D_10_Far
-0.4199999
0
0
-3483.949
555.0898
-3459.882
1.0
LinkTagNone
0
0
0
-3178.83
441.735
-3493
1.0
FldObj_CliffSnowWall_D_17
2.838199
-0.2717389
-2.911609
-3386.442
533.4255
-3221.542
1.0
LinkTagOr
0
-0.4599999
0
-3798.687
334.8381
-3935.826
1.0
Enemy_Lizalfos_Senior
0
-2.094395
0
-3518.399
422.3855
-3111.509
1.0
LinkTagNone
0
0
0
-3924.849
425.3678
-3164.968
1.0
FldObj_CliffSnowWall_D_05
3.067668
0.4002351
3.054711
-3100.517
371.616
-3551.519
1.0
FldObj_CliffSnowWall_D_06_Far
3.070097
-0.05200873
-2.909535
-3821.805
377.5271
-3360.15
1.0
ConstraintDummy
-0.9584653
-0.1040958
-0.2204227
-3639.519
473.1241
-3325.072
1.0
FldObj_CliffSnowWall_D_17_Far
2.848937
-0.7819976
3.131475
-4098.425
278.623
-3300.449
1.0
FldObj_CliffSnowWall_D_03
0
-0.9999999
0
-3658.935
387.6494
-3303.652
1.0
DgnObj_EntranceShutter_A_01
0
1.604955
0
-3623.912
420.8233
-3038.354
1.0
FldObj_CliffSnowWall_D_02_Far
0
1.56
0
-3518.574
380.463
-3119.831
1.0
PosAfterDemoSkip
0
-1.536638
0
-3620.844
420.8231
-3038.359
1.0
FldObj_CliffSnowLargeWall_END_D_03
2.881593
0.3415925
-3.141592
-3385.317
207.6836
-3844.409
1.0
FldObj_CliffSnowWall_D_18_Far
0
1.36
0
-3733.508
433.7975
-3480.529
1.0
Obj_TreeSnowberry_A
0
0.007288973
0
-3267.538
392.7531
-3611.938
1.0
PlayerOnScaffoldCheckTag
0
-2.119989
0
-3209.898
456.0075
-3510.526
1.0
FldObj_CliffSnowLargeWall_D_01_Far
-0.2357985
-1.129255
0.2339019
-3717.389
424.2103
-3165.029
1.0
LinkTagAnd
0
-1.639999
0
-3943.225
427.675
-3156.89
1.0
FldObj_CliffSnowEdgeWall_B_02
2.959977
0.3069625
-3.079417
-3864.188
392.8593
-3748.2
1.2
Npc_HiddenKorokGround
0
2.79027
0
-3610.649
561.9243
-3491.99
1.0
FldObj_CliffSnowWall_D_27
2.561593
-1.061594
-3.141592
-3885.47
371.3504
-3342.318
1.0
FldObj_CliffSnowLargeWall_D_03_Far
-0.12
0
-0.3
-3393.44
484.737
-3622.512
1.0
FldObj_CliffSnowLargeWall_D_03_Far
2.961584
0.04133733
3.135201
-3562.864
470.9162
-3292.208
1.0
Enemy_Bokoblin_Guard_Middle
0
0.7799999
0
-3651.5
345.9008
-3840
1.0
FldObj_CliffSnow_B_01_Far
0
0
0
-3201.446
601.8218
-3145.1
1.0
ConstraintDummy
-0.9502773
-0.1402844
-0.2214209
-3952.006
284.2251
-2909.709
1.0
LinkTagAnd
0
0
0
-2994.834
667.7535
-3216.518
1.0
FldObj_CliffSnowScaffold_D_01
0
2.56
0
-3915.388
338.7406
-3826.167
1.0
FldObj_CliffSnowLargeWall_D_03_Far
2.640189
-0.447903
-2.984287
-3585.703
501.8502
-3628.584
1.0
FldObj_CliffSnowWall_D_07
-0.4400001
0
-0.26
-3467.257
506.0675
-3394.394
1.0
FldObj_CliffSnowWall_D_06_Far
-0.4145564
-0.5083679
0.4037921
-3438.651
482.5547
-3196.541
1.0
Enemy_Moriblin_Senior
0
2.863186
0
-3932.476
426.4733
-3158.474
1.0
LinkTagNone
0
0
0
-3212.508
454.0475
-3506.262
1.0
FldObj_CliffSnowLargeWall_D_03
0
-0.5
0
-3872.728
384.7119
-3062.812
1.0
ConstraintDummy
-0.9576827
-0.1075688
-0.2205054
-3265.248
393.2116
-3612.515
1.0
LinkTagNone
0
0
0
-3527.059
421.9619
-3111.509
1.0
FldObj_CliffSnowWall_D_07
0
2.88
0
-3834.856
338.0692
-3536.393
1.0
FldObj_CliffSnowWall_D_22_Far
0
-0.2
0
-3857.471
410.7641
-3310.381
1.0
FldObj_CliffSnowWall_D_01
2.401367
0.5660031
2.587734
-3321.986
535.3699
-3436.499
1.0
FldObj_SnowBallDoor_A_02
0
1.039725
0
-3815.46
362.73
-3595.88
1.0
BrokenSnowBall
0
0
0
-3710.6
428.89
-3505.87
0.5
Obj_Plant_IvyBurn_A_01
0.5712076
-0.741879
-1.151047
-3493.687
472.8946
-3580.946
1.0
LinkTagAnd
0
0
0
-3632.703
412.9894
-3042.142
1.0
FldObj_CliffSnowWall_D_05_Far
0
3.12
0
-3862.132
309.7217
-3808.245
1.0
Area
1.432394
0.2603868
0.005774943
-3756.249
407.9243
-3402.641
1.0
LinkTagNone
0
0
0
-3949.752
432.7234
-3162.004
1.0
LinkTagNAnd
0
1.604955
0
-3625.762
433.3231
-3039.792
0.6
Obj_TreeSnowberry_A
0
0.01084807
0
-3641.806
472.6656
-3324.486
1.0
FldObj_CliffSnowWall_D_19_Far
-0.1967876
-1.083579
-0.6256554
-3448.688
485.7708
-3208.903
1.0
Obj_TreeSnowberry_A
0
-0.02624171
0
-3954.313
283.7665
-2909.208
1.0
Area
0
1.298407
0
-3200.288
355.0216
-3651.755
1.0
FldObj_CliffSnowEdgeWall_B_02_Far
2.982416
0.5935427
3.070941
-3206.688
261.8891
-3682.464
1.0
LinkTagOr
0
0
0
-3757.029
378.0462
-3842.183
1.0
FldObj_CliffSnowWall_D_06_Far
2.740278
-0.4838668
-3.060989
-3949.049
359.3089
-3211.491
1.0
BrokenSnowBall
0
-0.56
0
-3275.707
362.7699
-3641.745
1.0
Obj_RockSetSnow_A_01_Far
0
-0.9000002
0
-3319.696
347.6153
-3702.205
1.0
Item_Fruit_B
-1.164279E-06
1.495849
3.141592
-3886.894
372.8168
-3427.942
1.0
FldObj_CliffSnowWall_D_07_Far
-0.14
-0.32
0
-3733.871
393.2567
-3579.962
1.0
ActorObserverTag
0
0
0
-3757.029
377.0462
-3842.183
1.0
FldObj_CliffSnowWall_D_25_Far
-0.09999996
0.8999998
0
-3616.062
440.9352
-3029.397
1.0
FldObj_CliffSnowLargeWall_D_02
0
-2.66
0
-4121.616
267.0178
-3798.33
1.0
FldObj_CliffSnow_B_01
0
0
0
-3559.194
333.863
-3808.482
1.0
LinkTagAnd
0
0
0
-3573.75
500.2303
-3271.818
1.0
LinkTagOr
0
0
0
-3643.975
621.0157
-3213.028
20
FldObj_CliffSnowWall_D_18_Far
-2.866133
-1.539419
-3.097826
-3755.974
405.7646
-3547.126
1.0
FldObj_CliffSnowWall_D_03_Far
2.786417
0.9149643
2.788575
-3298.903
279.404
-3709.946
0.9
DgnObj_WarpPoint_A_01
0
1.604955
0
-3618.519
420.7861
-3038.538
1.0
FldObj_CliffSnowWall_D_20
3.052116
-0.8855663
-2.879657
-3825.996
377.9553
-3433.04
1.0
LinkTagNAnd
0
-0.6000001
0
-3572.882
502.2303
-3274.858
2
FldObj_CliffSnowWall_D_05_Far
-1.115552
-1.36098
0.9687558
-3875.044
354.5354
-3322.687
1.0
Enemy_Moriblin_Senior
0
1.241591
0
-3704.042
349.1408
-3833.094
1.0
ConstraintDummy
2.655169
0.3218315
3.015839
-3612.377
561.1714
-3493.463
0.5
DgnObj_DungeonEntrance_A_01
0
0.3198614
0
-2998.62
666.7534
-3221.584
1.0
FldObj_SnowScaffoldWood_B_01
0
-1.280001
0
-3697.5
335.4458
-3825.5
1.0
FldObj_CliffSnowWall_D_18_Far
0
1.441593
0
-3566.703
485.1953
-3229.895
1.0
FldObj_CliffSnowWall_D_01_Far
2.330666
-1.411626
-2.800573
-3747.757
424.9885
-3098.371
1.0
FldObj_CliffSnow_B_01_Far
1.723792
1.125529
2.090874
-3509.43
413.4095
-3141.544
1.0
FldObj_CliffSnowLargeWall_D_03
2.880277
1.291274
2.853754
-3603.289
442.3709
-3106.272
1.3
FldObj_CliffSnowWall_D_01
2.495883
0.1818004
-3.075479
-3967.099
336.8351
-3419.347
1.0
FldObj_CliffSnowLargeWall_D_02_Far
-0.4387668
-0.0340454
-0.07240813
-3477.399
493.3179
-3624.385
1.0
FldObj_CliffSnowWall_D_14_Far
0.507459
1.172291
0.9654808
-3583.087
425.485
-3161.747
1.0
LinkTagAnd
0
-1.840065
0
-3791.35
379.75
-3591.15
1.0
Item_Fruit_B
3.190419E-07
-1.303345
-3.141592
-3981.821
338.7679
-3370.403
1.0
Area
0
0
0
-3414.794
539.0156
-3508.111
6
FldObj_CliffSnowWall_D_22_Far
0.4586758
-0.06653185
-0.06037023
-3872.715
424.8051
-3178.087
1.0
LinkTagAnd
0
-1.9
0
-4043.066
304.6045
-3159.996
1.0
WallCrack
2.611412
-0.9350049
2.943536
-3861.357
493.0941
-3727.51
1.0
FldObj_CliffSnowWall_D_02_Far
0.04985962
0.1782652
0.02915135
-3755.537
333.5964
-3844.521
1.0
AirWallHorse_HiddnKorok
0.04599675
0.008337724
-0.3585813
-3495.894
474.8366
-3580.644
3
FldObj_CliffSnowWall_D_02_Far
-0.1085059
0.3978888
-0.04218385
-3372.106
448.7371
-3564.017
1.0
Obj_RockSetSnow_A_01_Far
2.923185
1.32
0
-3561.552
331.6895
-3851.122
1.0
FldObj_CliffSnowWall_D_07
-3.025629
-0.4530977
3.022893
-3526.36
275.8953
-3854.659
1.0
FldObj_CliffSnowWall_D_06
0.3505382
-0.04875229
0.3188856
-3942.086
342.9117
-3468.353
1.0
FldObj_CliffSnowWall_D_27
0.4916977
-1.254933
-1.346559
-3784.359
404.14
-3197.955
1.0
LookTag
0
0.9779952
0
-3948.281
434.4834
-3161.013
1.0
FldObj_CliffSnowScaffold_D_01_Far
-3.071708
0.3985387
-2.926456
-3925.474
361.9306
-3297.911
1.5
LinkTagAnd
0
0
0
-3739.453
419.3621
-3426.684
1.0
Npc_HiddenKorokGround
0
-1.380001
0
-3793.74
353.0625
-3032.967
1.0
FldObj_CliffSnowWall_D_05_Far
-0.2552165
-1.200808
-0.1266616
-3711.287
436.5443
-3464.768
1.0
Enemy_Moriblin_Senior
0
2.094395
0
-3178.83
441.735
-3493
1.0
Obj_RockSetSnow_A_01_Far
1.558445
0.5199602
-0.007429325
-3755.28
402.7904
-3544.834
1.0
FldObj_CliffSnowWall_D_02_Far
0.01397509
1.440886
-0.2770441
-3759.529
411.4796
-3248.228
1.0
TBox_Field_Stone
0.3371049
-1.291033
-0.1424157
-4034.524
297.6067
-3163.194
1.0
FldObj_CliffSnowWall_D_18
0.1396678
0.5356948
0.1316362
-3717.342
425.0787
-3501.765
1.0
FldObj_CliffSnow_B_01
0
0
0
-3201.446
601.8218
-3145.1
1.0
FldObj_CliffSnowWall_D_01_Far
-0.04655896
-1.089694
-0.4388763
-3505.84
381.3524
-3069.705
1.0
FldObj_CliffSnowScaffold_D_01_Far
2.883616
-0.218911
-2.832252
-4049.258
244.1059
-3151.473
1.5
FldObj_CliffSnowWall_D_01_Far
2.038235
0.12621
-2.690766
-3718.515
405.2296
-3534.342
1.0
FldObj_CliffSnowLargeWall_D_01
-0.2357985
-1.129255
0.2339019
-3717.389
424.2103
-3165.029
1.0
FldObj_CliffSnowWall_D_27
2.639184
-0.6207853
3.050341
-3624.408
457.7476
-3676.603
1.0
FldObj_CliffSnowScaffold_D_01
0
3.12
0
-3886.873
363.3812
-3812.221
1.0
FldObj_CliffSnowWall_D_27_Far
-0.7525961
-0.6278081
-0.05962516
-3342.956
541.1523
-3166.209
0.9
Enemy_Moriblin_Senior
0
-0.2599998
0
-3928.999
425.6064
-3170.578
1.0
FldObj_CliffSnowWall_D_27_Far
2.76846
-0.573925
3.064157
-3705.497
415.6121
-3338.307
1.0
Obj_LiftRockWhite_A_01
0.4352259
-1.361759
-0.4096072
-3793.738
352.9629
-3032.975
1.0
FldObj_CliffSnowWall_D_02_Far
0
0.36
0
-3329.594
523.2469
-3420.272
1.0
Enemy_Bokoblin_Guard_Middle
0
2.28
0
-3627
343.8819
-3801
1.0
Obj_RockSetSnow_A_01
1.512144
0.7025505
-3.058721
-3918.268
335.2907
-3820.019
1.0
FldObj_CliffSnowWall_D_18
-2.981593
-1.520639
3.141593
-3736.832
413.9931
-3525.353
1.0
LinkTagNAnd
-0.8146247
0.0467873
0.1083582
-3979.563
388.6248
-3124.565
1.0
FldObj_CliffSnowWall_D_02
0.1422685
-0.1782182
-0.225387
-3973.761
363.8741
-3172.115
1.0
LinkTagAnd
0
0
0
-3242.129
395.9245
-3640.961
1.0
FldObj_CliffSnowLargeWall_D_03_Far
3.040893
-0.1178128
-3.129717
-3611.676
437.9555
-3720.157
1.4
FldObj_CliffSnow_B_01
-3.050942
0.2846977
-2.828592
-3571.562
391.8278
-3144.861
1.0
LinkTagOr
0
-1.495849
0
-3886.572
371.8274
-3426.025
1.0
FldObj_CliffSnowWall_D_27_Far
2.544705
-1.375767
-3.042502
-3899.599
360.8228
-3325.616
1.0
LinkTagAnd
0
0
0
-3052.635
709.8459
-3175.897
1.0
FldObj_CliffSnowLargeWall_D_02_Far
2.81549
0.4347753
-2.899252
-3237.673
519.2935
-3412.4
1.0
FldObj_CliffSnowWall_D_18
-2.866133
-1.539419
-3.097826
-3755.974
405.7646
-3547.126
1.0
LinkTagAnd
0
-0.6000001
0
-3570.058
502.2303
-3278.985
2
Area
0
0
0
-3668.3
454.8609
-3157
20
FldObj_CliffSnowLargeWall_D_02_Far
1.002591
-1.137641
-1.474847
-2980.582
631.9565
-3033.399
1.0
Obj_IcicleMountain_A_L_02
-2.804184
0.07553573
3.066881
-3007.312
652.795
-3198.876
0.8
LinkTagAnd
0
0.3198614
0
-2998.157
667.7534
-3215.417
0.3
FldObj_CliffSnowTopHalf_D_01
0
-2.660001
0
-3650.616
457.7584
-3520.461
1.0
FldObj_CliffSnowWall_D_22
-0.05254928
1.055441
0.1205079
-3588.138
436.2673
-3013.928
1.0
FldObj_CliffSnowEdgeWall_B_02_Far
2.922691
0.5324187
-3.102369
-3442.699
337.7851
-3768.055
1.2
Obj_Plant_IvyBurn_A_01
0.3705123
0.4265735
-0.1086723
-3497.603
475.1351
-3581.017
1.0
FldObj_CliffSnowWall_D_02
0
0.3768149
0
-3577.027
449.584
-3267.264
1.0
FldObj_CliffSnow_B_01_Far
0.8416715
-0.1165447
-0.02865418
-3139.509
629.4858
-3198.131
1.2
FldObj_CliffSnowWall_D_18
-0.2164017
-0.4935932
0.5643632
-3735.755
406.8818
-3549.797
1.0
LinkTagOr
0.04599675
0.008337724
-0.3585813
-3494.797
476.3359
-3580.566
1.0
FldObj_CliffSnowLargeWall_D_02_Far
3.007757
-1.00218
3.11205
-3971.71
383.9225
-3198.859
1.0
Weapon_Lsword_002
1.27417
-0.03656921
0.1890865
-3975.462
385.3629
-3129.662
1.0
FldObj_CliffSnowEdgeWall_B_02
2.922691
0.5324187
-3.102369
-3442.699
337.7851
-3768.055
1.2
FldObj_CliffSnowWall_D_22
0
1.559829
-0.3999257
-3775.616
373.9015
-3032.425
1.0
LinkTagAnd
0
0
0
-3060.985
592.7969
-3338.451
1.0
FldObj_CliffSnowWall_D_25_Far
-0.3036484
-0.1527964
-0.2123452
-2986.27
679.0426
-3225.155
0.8
ConstraintDummy
-1.31028
0.9665384
-0.3929644
-3921.236
365.3077
-3277.391
1.0
Obj_RockSetSnow_A_01
0
0
0
-3348.266
570.3425
-3399.73
1.0
LinkTagNAnd
0
-1.639999
0
-3942.376
427.706
-3162.291
1.0
FldObj_CliffSnowWall_D_02
-2.889987
0.7505329
3.083332
-3799.109
386.23
-3072.728
1.0
FldObj_CliffSnowLargeWall_D_03
2.961584
0.04133733
3.135201
-3562.864
470.9162
-3292.208
1.0
LinkTagAnd
0
0
0
-3150.354
355.3654
-3639.083
1.0
LinkTagNone
0
0
0
-3692.335
354.8479
-3832.975
1.0
Area
0.04599675
0.008337724
-0.3585813
-3495.827
475.015
-3580.635
3
FldObj_CliffSnowScaffold_D_01
-3.071708
0.3985387
-2.926456
-3925.474
361.9306
-3297.911
1.5
FldObj_CliffSnowWall_D_18
0
-3.1
0
-3749.068
424.2272
-3486.767
1.0
Obj_LiftRockWhite_A_01
0
0
0
-3757.185
375.4717
-3848.117
1.0
Enemy_Lizalfos_Senior
0
-2.094395
0
-3170.17
441.5005
-3493
1.0
Obj_TreeSnowberry_A
4.597289E-05
1.120519
-0.0001858049
-3921.73
364.8493
-3275.082
1.0
LinkTagAnd
2.655169
0.3218315
3.015839
-3610.268
564.1038
-3490.724
1.0
FldObj_CliffSnowWall_D_27
-1.045289
-1.161746
0.1976569
-3886.114
383.0002
-3303.997
1.0
LookTag
0
1.604955
0
-3617.215
419.8231
-3038.583
1.0
FldObj_CliffSnowWall_D_19
2.898343
-0.2567117
-3.127245
-3755.192
297.7911
-3850.804
1.0
LinkTagOr
0
-0.6000001
0
-3574.575
504.2303
-3272.382
2
FldObj_CliffSnowLargeWall_D_02
2.81549
0.4347753
-2.899252
-3237.673
519.2935
-3412.4
1.0
Obj_IcicleMountain_A_L_03_Far
-0.07500915
-0.4025034
-0.05195969
-3463.233
446.9004
-3564.852
0.9
FldObj_CliffSnowWall_D_20
-3.039553
-0.5955514
2.878836
-3422.432
466.6884
-3594.239
1.0
FldObj_CliffSnowWall_D_17
-0.2628602
-0.0006635371
0.6561541
-3587.654
465.5755
-3210.49
1.0
FldObj_CliffSnowWall_D_06
3.070097
-0.05200873
-2.909535
-3821.805
377.5271
-3360.15
1.0
SwitchTimeLag
-1.570796
-0.6000001
0
-3573.75
500.2303
-3271.818
0.5
LinkTagAnd
0
1.604955
0
-3625.659
433.3231
-3036.793
0.6
FldObj_KorokTarget_A_01
0
0.7599995
0
-3580.607
513.9882
-3271.335
1.0
FldObj_CliffSnowLargeWall_D_02
2.854259
0.1475214
3.017693
-3950.859
277.4722
-3814.034
1.0
FldObj_CliffSnowLargeWall_D_03_Far
2.629446
0.191735
-2.927382
-3142.771
628.0323
-3267.79
1.0
Obj_RockSetSnow_A_01
0
0
0
-3579.167
433.5459
-3084.638
1.0
LinkTagOr
0.04599675
0.008337724
-0.3585813
-3497.601
478.8268
-3580.474
1.0
FldObj_CliffSnowWall_D_06
3.104874
-1.072884
3.100404
-3755.229
404.6817
-3061.441
1.0
FldObj_CliffSnowWall_D_27_Far
2.302646
-0.4818928
-3.084412
-3299.956
547.0201
-3325.283
1.0
FldObj_CliffSnowWall_D_01
-0.04655896
-1.089694
-0.4388763
-3505.84
381.3524
-3069.705
1.0
FldObj_CliffSnowWall_D_25
-0.3036484
-0.1527964
-0.2123452
-2986.27
679.0426
-3225.155
0.8
Enemy_Moriblin_Senior
0
-2.610797
0
-3695.168
345.0371
-3811.781
1.0
FldObj_CliffSnowWall_D_05
0
3.12
0
-3862.132
309.7217
-3808.245
1.0
Item_Fruit_B
0.0225697
0.415691
-3.015693
-3927.319
535.2651
-3689.28
1.0
FldObj_CliffSnowWall_D_27_Far
-0.4200001
-0.84
0
-3702.532
435.7835
-3430.884
1.0
WallCrack
-0.2095269
-1.518458
-0.1574057
-4035.693
295.3884
-3162.46
1.0
ChangeWeatherTag
0
1.010796
0
-3047.647
376.3818
-3593.999
3
Enemy_Bokoblin_Guard_Middle_TreeHouseTop
0
1.861592
0
-3675.004
355.6869
-3831.242
1.0
Obj_KorokPot_A_01
2.170263
0.393326
1.961188
-3610.597
560.973
-3492.871
1.0
FldObj_CliffSnowWall_D_03
3.141266
0.3226161
-2.675554
-3238.068
283.9168
-3582.436
1.4
FldObj_KorokPinwheel_A_01
0
0
0
-3574.804
493.3072
-3268.497
1.0
FldObj_CliffSnowEdgeWall_END_B_02_Far
3.019869
-0.2670849
-3.136796
-3815.671
209.9498
-3832.135
1.0
FldObj_CliffSnowLargeWall_D_03_Far
-0.5643721
-1.082943
0.2807316
-3008.963
666.1014
-3126.799
1.3
FldObj_CliffSnow_B_01_Far
-2.923393
1.235168
2.776565
-3786.346
401.683
-3244.743
1.0
Area
0
0
0
-3842.561
431.7238
-3346.76
6
FldObj_CliffSnowLargeWall_D_03_Far
2.86655
1.003486
3.067895
-3363.637
465.6682
-3632.01
1.4
FldObj_CliffSnowWall_D_10
-0.4199999
0
0
-3483.949
555.0898
-3459.882
1.0
FldObj_CliffSnowEdgeWall_END_B_02_Far
-3.127335
0.6135429
-3.118148
-3193.847
220.4215
-3704.86
1.0
ValleyEffectLocater
0
0
0
-3860.7
0
-4412.061
1.0
TBox_Field_Wood
0.001388375
0.2841211
-0.01490504
-3692.336
354.866
-3832.974
1.0
LinkTagAnd
0.04599675
0.008337724
-0.3585813
-3495.734
476.6868
-3580.557
1.0
FldObj_CliffSnowWall_D_06_Far
3.131473
0.6457934
2.991612
-3197.599
298.4866
-3682.287
1.0
LinkTagOr
0
-0.02624171
0
-3952.315
283.7772
-2908.914
1.0
FldObj_CliffSnowScaffold_D_01_Far
0.3333777
-0.516029
-0.1495366
-3940.971
358.174
-3387.774
1.5
FldObj_CliffSnowWall_D_06
2.740278
-0.4838668
-3.060989
-3949.049
359.3089
-3211.491
1.0
LinkTagNAnd
0
-0.6000001
0
-3574.532
500.7303
-3275.988
2
FldObj_CliffSnowWall_D_22
2.631126
-0.04697523
3.052425
-3923.098
424.8051
-3182.501
1.0
FldObj_CliffSnowScaffold_D_01_Far
0
3.12
0
-3886.873
363.3812
-3812.221
1.0
FldObj_CliffSnowWall_D_15
-2.553182
1.270026
-2.479917
-3756.813
410.9538
-3395.288
1.0
FldObj_CliffSnowWall_D_02_Far
-0.2448565
-0.9834564
0.2916165
-3641.678
424.0303
-3307.963
1.2
FldObj_CliffSnow_B_01_Far
0
0
0
-3559.194
333.863
-3808.482
1.0
LinkTagAnd
0
0
0
-3668.3
454.8609
-3157
1.0
Obj_RockSetSnow_A_01_Far
0
0
-1.36
-3458.272
491.5163
-3311.023
1.0
FldObj_CliffSnowLargeWall_D_03_Far
-0.6222379
-0.5136285
0.04180983
-3517.917
481.7508
-3382.155
1.0
FldObj_CliffSnowScaffold_D_01_Far
0.1519205
-0.2877651
0.1090913
-4060.461
222.7402
-3120.578
1.5
FldObj_CliffSnowWall_D_02
0.01397509
1.440886
-0.2770441
-3759.529
411.4796
-3248.228
1.0
LinkTagAnd
0
0.3198614
0
-2998.157
667.7534
-3215.417
0.3
Obj_RockSetSnow_A_01_Far
0
0
-2.58
-3200.333
619.1595
-3249.429
1.0
SwitchTimeLag
0
-3.063185
0
-3060.985
592.7969
-3338.451
1.0
LinkTagAnd
0
-1.639999
0
-3940.504
427.694
-3167.39
1.0
EnemyChatFortMgrTag
0
0
0
-3858
409.7388
-3050.7
1.0
FldObj_CliffSnowWall_D_22_Far
-0.5582478
-0.2924951
-0.0008762346
-3891.863
422.5551
-3141.861
1.0
LinkTagNAnd
-0.8146247
0.0467873
0.1083582
-3712.479
454.7675
-3569.575
1.0
Npc_HiddenKorokGround
0
0
0
-3496.125
474.2198
-3580.674
1.0
EventTag
0
1.081356
0
-3621.781
420.8231
-3040.428
0.6
FldObj_CliffSnowTopHalf_D_01
2.745204
-0.1182218
-3.121245
-3242.35
526.1336
-3323.765
1.0
FldObj_CliffSnowWall_D_27
2.544705
-1.375767
-3.042502
-3899.599
360.8228
-3325.616
1.0
LinkTagOr
0
0.01084807
0
-3639.799
472.6763
-3324.266
1.0
FldObj_CliffSnowWall_D_22
0
-0.2
0
-3857.471
410.7641
-3310.381
1.0
Enemy_Chuchu_Ice_Middle
0
0.07999999
0
-3856.877
409.5883
-3056.473
1.0
EnemyLookTag
0
0
0
-3522.729
422.3838
-3114.009
1.0
FldObj_CliffSnowWall_D_07_Far
0
2.88
0
-3834.856
338.0692
-3536.393
1.0
FldObj_CliffSnowLargeWall_D_02
2.855941
-0.1019932
3.090995
-3670.521
303.7606
-3853.657
1.0
FldObj_CliffSnowWall_D_02_Far
-0.09656805
0.6217651
0.01954758
-3618.306
398.9545
-2988.572
1.0
FldObj_CliffSnowTopHalf_D_01
2.749507
-0.3921994
-3.060566
-3618.787
462.0249
-3622.393
1.0
Enemy_Moriblin_Senior
0
-1.494602
0
-3924.849
425.3678
-3164.968
1.0
FldObj_CliffSnowScaffold_D_01_Far
3.052456
-0.9608852
-2.859841
-3969.949
342.9797
-3290.225
1.5
FldObj_CliffSnowWall_D_15_Far
-2.553182
1.270026
-2.479917
-3756.813
410.9538
-3395.288
1.0
FldObj_CliffSnowWall_D_07
0
0
0.34
-3832.593
352.0498
-3067.801
1.0
FldObj_CliffSnowWall_D_18_Far
-0.2164017
-0.4935932
0.5643632
-3735.755
406.8818
-3549.797
1.0
FldObj_CliffSnowTopHalf_D_01
2.742558
-0.03396796
3.10473
-3195.542
542.4334
-3311.928
1.0
FldObj_CliffSnowWall_D_22_Far
0
1.559829
-0.3999257
-3775.616
373.9015
-3032.425
1.0
FldObj_CliffSnowLargeWall_D_02_Far
0
2.683184
0
-3115.835
332.5021
-3646.799
1.0
EnemyFortressMgrTag
0
0
0
-3174.5
441.4477
-3495.5
1.0
FldObj_CliffSnowLargeWall_D_03
2.521593
0.2215928
-3.141592
-3466.538
559.7281
-3429.944
1.2
Obj_RockSetSnow_A_01_Far
1.512144
0.7025505
-3.058721
-3918.268
335.2907
-3820.019
1.0
FldObj_CliffSnowLargeWall_D_02
-0.5356011
-0.212539
0.03404534
-3416.609
565.9398
-3422.313
1.0
FldObj_SnowBallDoor_A_03
0
1.039725
0
-3815.46
362.72
-3595.88
1.0
FldObj_CliffSnowWall_D_01
-3.077339
-0.6372755
-3.125793
-3756.292
373.3182
-3528.016
1.0
FldObj_CliffSnowWall_D_18
0
1.36
0
-3733.508
433.7975
-3480.529
1.0
FldObj_CliffSnowWall_D_02_Far
0.1422685
-0.1782182
-0.225387
-3973.761
363.8741
-3172.115
1.0
FldObj_CliffSnowWall_D_06
-0.4145564
-0.5083679
0.4037921
-3438.651
482.5547
-3196.541
1.0
Area
0
5.316581E-08
0
-3649.091
342.51
-3875.424
1.0
FldObj_CliffSnowWall_D_10_Far
0
1.12
0
-3203.19
605.0742
-3118.168
1.0
FldObj_CliffSnowLargeWall_D_03_Far
1.186988
1.481098
1.818382
-3581.776
550.7563
-3545.941
1.0
LinkTagOr
0.04599675
0.008337724
-0.3585813
-3498.941
478.1021
-3580.519
1.0
Enemy_Lizalfos_Senior
0
0.09999999
0
-3860.195
409.0184
-3052.362
1.0
Obj_RockSetSnow_A_01_Far
0.418233
1.070125
-0.2043868
-3486.401
485.3386
-3576.284
1.5
FldObj_CliffSnowWall_D_01_Far
1.502295
-1.334217
-2.550341
-3815.009
375.3077
-3522.406
1.0
DgnObj_EntranceTerminal_A_01
0
1.081356
0
-3621.781
420.8233
-3040.428
1.0
FldObj_GerudoHighlandRock_C_04
-2.909
1.030632
-2.957991
-3422.284
507.624
-3540.006
0.7
LinkTagOr
0
0.007288973
0
-3265.531
392.7637
-3611.71
1.0
Item_Fruit_B
3.872564E-08
0.4169922
3.141593
-3924.634
515.6487
-3552.83
1.0
Obj_Plant_IvyBurn_A_01
-2.388811
1.213846
-2.629306
-3498.77
475.0616
-3581.023
1.0
DgnObj_DungeonEntrance_A_01_Far
0
1.604955
0
-3627.709
419.8231
-3038.224
1.0
FldObj_CliffSnowWall_D_27_Far
2.541593
-0.1984076
-3.141592
-3805.246
263.8952
-3837.81
1.2
FldObj_GerudoHighlandRock_C_03
-0.1562067
0.03477495
0.2172782
-3402.411
507.2167
-3530.377
0.7
LinkTagNAnd
0
-0.6000001
0
-3571.231
500.7303
-3273.729
2
FldObj_CliffSnow_B_01_Far
0
-2.403186
0
-3183.208
563.0602
-3045.758
1.0
FldObj_CliffSnowWall_D_01_Far
2.401367
0.5660031
2.587734
-3321.986
535.3699
-3436.499
1.0
LinkTagOr
0
0
0
-3414.244
544.5234
-3508.111
1.0
FldObj_CliffSnowWall_D_07_Far
-3.030017
-0.2259423
2.963144
-3706.202
272.9022
-3851.373
1.0
PosAfterDemoSkip
0
-2.821731
0
-2996.556
667.7534
-3215.035
1.0
FldObj_CliffSnowWall_D_18_Far
0.1396678
0.5356948
0.1316362
-3717.342
425.0787
-3501.765
1.0
FldObj_CliffSnowWall_D_27
2.940196
0.6859047
-3.086572
-3365.95
278.1891
-3814.922
1.0
FldObj_CliffSnowScaffold_D_01_Far
-0.8141919
-1.48876
0.9812052
-3957.978
343.6052
-3331.644
1.5
FldObj_CliffSnowLargeWall_D_02_Far
2.813752
0.2909695
3.117648
-3296.397
444.0151
-3575.016
1.0
Enemy_Moriblin_Senior
0
2.223185
0
-3665.274
335.4403
-3797.72
1.0
Obj_RockSetSnow_A_01
2.923185
1.32
0
-3561.552
331.6895
-3851.122
1.0
Weapon_Shield_003
-0.8310992
1.133185
-1.272449
-3710.311
451.4671
-3568.091
1.0
FldObj_CliffSnowWall_D_01
-0.223729
0.4248666
0.3702671
-3891.946
379.9431
-3465.876
1.0
FldObj_CliffSnowWall_D_01_Far
2.14061
0.09207889
-2.690428
-3679.589
446.1593
-3497.545
1.0
BrokenSnowBall
0
0
0
-3702.99
432.15
-3521.98
1.2
FldObj_CliffSnowWall_D_14
0.507459
1.172291
0.9654808
-3583.087
425.485
-3161.747
1.0
FldObj_CliffSnowLargeWall_D_02_Far
0
2.683184
0
-3267.991
341.4943
-3721.881
1.0
FldObj_CliffSnowScaffold_D_01
-0.2759097
-1.332306
0.4564545
-3932.681
360.9804
-3291.481
1.5
TBox_Field_Iron
2.688104
-0.1629398
-3.059573
-3060.352
592.2546
-3334.71
1.0
LinkTagAnd
0
0
0
-3863.491
497.5187
-3731.363
1.0
FldObj_CliffSnowWall_D_22_Far
2.631126
-0.04697523
3.052425
-3923.098
424.8051
-3182.501
1.0
FldObj_CliffSnowWall_D_22
0.4586758
-0.06653185
-0.06037023
-3872.715
424.8051
-3178.087
1.0
Item_Fruit_B
-4.615374E-05
-1.120519
3.141407
-3922.241
365.6694
-3275.265
1.0
FldObj_CliffSnowScaffold_D_01_Far
0.174814
-0.5838482
0.05546319
-4050.581
240.435
-3137.821
1.5
FldObj_CliffSnowWall_D_05
-0.2552165
-1.200808
-0.1266616
-3711.287
436.5443
-3464.768
1.0
FldObj_CliffSnowWall_D_07_Far
0
0
0.34
-3832.593
352.0498
-3067.801
1.0
Obj_RockSetSnow_A_01_Far
-0.5466475
0.1282587
0.2071841
-3125.763
637.5814
-3237.827
1.0
ChangeWeatherTag
0
-1.02
0
-3262.015
344.7903
-3754.648
1.0
LinkTagOr
0
-0.6000001
0
-3574.163
496.7303
-3272.1
1.0
FldObj_CliffSnow_B_01
1.723792
1.125529
2.090874
-3509.43
413.4095
-3141.544
1.0
FldObj_CliffSnowWall_D_17
1.236494
0.9779004
1.364409
-3164.576
544.7275
-3004.06
1.0
FldObj_CliffSnowWall_D_27
2.852769
0.104266
3.055231
-3176.43
329.0172
-3627.081
1.0
FldObj_CliffSnowWall_D_05_Far
3.067668
0.4002351
3.054711
-3100.517
371.616
-3551.519
1.0
FldObj_CliffSnowWall_D_05
-0.2199999
-1.28
1.041527E-07
-3679.013
479.4662
-3475.822
1.0
LinkTagOr
0.4352259
-1.361759
-0.4096072
-3793.687
355.5113
-3032.259
1.0
FldObj_CliffSnowWall_D_01_Far
-3.077339
-0.6372755
-3.125793
-3756.292
373.3182
-3528.016
1.0
FldObj_CliffSnowWall_D_01
2.330666
-1.411626
-2.800573
-3747.757
424.9885
-3098.371
1.0
FldObj_CliffSnowWall_D_22
2.813184
0.3479704
-2.812321
-3516.258
480.0313
-3294.704
1.0
FldObj_CliffSnow_B_01_Far
0
0
-0.4999999
-3248.217
597.0851
-3154.269
1.0
KorokAnswerResponce
0
0
0
-3759.373
379.0254
-3842.832
1.0
FldObj_CliffSnowWall_D_03_Far
3.141266
0.3226161
-2.675554
-3238.068
283.9168
-3582.436
1.4
Obj_Plant_IvyBurn_A_01
-0.1177963
0.005300677
-0.6981481
-3495.619
473.7219
-3583.321
1.0
Obj_RockSetSnow_A_01_Far
0
0
2.26
-3626.576
462.8461
-3286.243
1.0
DgnObj_EntranceElevator_A_01
0
0.3198614
0
-2998.62
667.7535
-3221.584
1.0
FldObj_CliffSnowWall_D_02_Far
-2.79301
-1.352845
-2.706498
-3713.685
462.2995
-3630.716
1.2
FldObj_CliffSnowLargeWall_D_02_Far
0
-2.66
0
-4121.616
267.0178
-3798.33
1.0
FldObj_CliffSnowWall_D_17
-2.821544
-1.217041
2.96863
-3733.587
398.2091
-3509.667
1.0
FldObj_CliffSnowLargeWall_D_03
3.041593
-0.8615928
3.141593
-3414.317
517.1224
-3493.34
1.0
AnchorAction1
0
-2.48
0
-3930.805
425.4878
-3164.406
1.0
FldObj_CliffSnowLargeWall_D_02
-0.54
0
0
-3517.454
554.5567
-3445.143
1.0
FldObj_CliffSnowWall_D_02
0
0.36
0
-3329.594
523.2469
-3420.272
1.0
FldObj_CliffSnowScaffold_D_01
0.174814
-0.5838482
0.05546319
-4050.581
240.435
-3137.821
1.5
Area
0
-0.6000001
0
-3577.399
492.66
-3268.256
3
FldObj_CliffSnowWall_D_27
-0.9138961
0.4088559
0.1070809
-3318.136
538.5112
-3362.743
1.0
LinkTagNone
0
0
0
-3275.707
362.7699
-3641.745
1.0
FldObj_CliffSnowLargeWall_D_03_Far
3.041593
-0.8615928
3.141593
-3414.317
517.1224
-3493.34
1.0
FldObj_CliffSnowLargeWall_D_03_Far
0
-0.5
0
-3872.728
384.7119
-3062.812
1.0
Area
0
0
0
-3757.029
375.4462
-3842.183
1.0
FldObj_CliffSnowWall_D_10_Far
0.3799999
0.2800001
0
-3571.373
553.3506
-3433.097
1.0
FldObj_SnowBallDoor_A_03_Far
0
1.039725
0
-3815.46
362.72
-3595.88
1.0
LinkTagAnd
0
0
0
-3397.628
458.023
-3690.451
1.0
FldObj_CliffSnowLargeWall_D_02
3.007757
-1.00218
3.11205
-3971.71
383.9225
-3198.859
1.0
FldObj_CliffSnowWall_D_27
-0.4200001
-0.84
0
-3702.532
435.7835
-3430.884
1.0
IceWall
-0.09029689
-0.01732285
-0.1097878
-3976.141
384.2368
-3128.722
1.4
FldObj_CliffSnowWall_D_18
-0.1122855
1.099606
0.06266712
-3773.701
409.1004
-3504.313
1.0
Obj_RockSetSnow_A_01
0
-0.24
-2.423186
-3994.578
319.8947
-3827.086
1.0
LinkTagOr
0
-0.4169922
0
-3922.792
514.6593
-3552.208
1.0
FldObj_CliffSnowWall_D_27
2.302646
-0.4818928
-3.084412
-3299.956
547.0201
-3325.283
1.0
Obj_RockSetSnow_A_01
-0.5466475
0.1282587
0.2071841
-3125.763
637.5814
-3237.827
1.0
Obj_IcicleMountain_A_L_03
-0.07500915
-0.4025034
-0.05195969
-3463.233
446.9004
-3564.852
0.9
LinkTagAnd
0
0
0
-3756.873
381.0254
-3842.832
1.0
FldObj_CliffSnowTopHalf_D_01_Far
0
-2.660001
0
-3650.616
457.7584
-3520.461
1.0
Obj_RockSetSnow_A_01
0
0
-1.36
-3458.272
491.5163
-3311.023
1.0
FldObj_CliffSnowWall_D_17_Far
-0.2925859
0.07823609
0.3824202
-3421.362
464.9478
-3146.465
1.0
FldObj_CliffSnowWall_D_18
1.166677
-1.156659
-0.8805926
-3607.443
464.074
-3291.835
1.2
DestinationAnchor
0
-2.060237
0
-3620.898
420.8231
-3039.958
1.0
MoveTriggerTag
3.103679
0.4416689
-3.137176
-3249.015
389.035
-3644.141
1.0
FldObj_CliffSnowWall_D_02
0.03108485
0.4784753
0.1104459
-3523.6
543.6631
-3468.937
1.0
FldObj_CliffSnowWall_D_07
-2.943105
0.5030302
3.112605
-3365.16
282.3655
-3770.855
1.0
Area
0
-1.639999
0
-3948.981
434.6834
-3161.95
2
Obj_IcicleMountain_A_L_03_Far
-0.1394896
-0.006371073
-0.1598742
-3417.569
462.3254
-3536.187
0.8
FldObj_CliffSnowLargeWall_D_02
-0.001789429
0.01966178
-0.0004156209
-3929.773
380.543
-3110.972
1.0
ConstraintDummy
-1.474323
1.130523
-0.5354673
-3981.22
338.4065
-3372.677
1.0
LinkTagOr
0
0.0415925
0
-3756.628
377.9655
-3848.104
1.0
FldObj_CliffSnowWall_D_06
-2.840125
0.8009409
-3.02931
-3484.986
459.5873
-3514.711
1.0
Area
0
-0.01999994
0
-3802.602
336.7803
-3890.646
1.0
LinkTagAnd
0
0
0
-3815.46
362.73
-3595.88
1.0
Obj_Plant_IvyBurn_A_01
1.628896
-1.196112
-2.291302
-3493.601
472.3359
-3579.688
1.0
FldObj_CliffSnowLargeWall_D_02
2.813752
0.2909695
3.117648
-3296.397
444.0151
-3575.016
1.0
FldObj_CliffSnowWall_D_27
-0.6092985
-0.2275484
-0.2597366
-3354.171
539.2074
-3366.997
1.0
Enemy_Moriblin_Senior
0
2.094395
0
-3527.059
421.9619
-3111.509
1.0
FldObj_CliffSnowLargeWall_D_03
2.629446
0.191735
-2.927382
-3142.771
628.0323
-3267.79
1.0
FldObj_CliffSnowWall_D_14
-0.2082048
0.3614395
0.5428822
-3137.879
554.9395
-3053.993
1.0
LinkTagOr
0
0
0
-3843.111
437.4113
-3346.76
1.0
Obj_RockSetSnow_A_01_Far
0
-1.02
0
-3510.173
368.8683
-3063.43
1.0
Obj_RockSetSnow_A_01_Far
0
-1.04
0
-3551.824
575.2216
-3455.171
1.0
FldObj_CliffSnowWall_D_18_Far
0
-3.1
0
-3749.068
424.2272
-3486.767
1.0
ConstraintDummy
-0.8771566
-0.5242781
-0.1248711
-3924.842
535.0106
-3689.268
1.0
Enemy_Lizalfos_Senior
0
-2.48
0
-3927.119
425.6677
-3159.672
1.0
Obj_RockSetSnow_A_01_Far
0
0.4799998
0
-3607.08
438.9641
-2995.656
1.0
FldObj_CliffSnowWall_D_27_Far
2.85135
-0.4809991
3.121603
-3576.281
290.3327
-3865.569
1.0
FldObj_CliffSnowWall_D_02
0
1.56
0
-3518.574
380.463
-3119.831
1.0
FldObj_CliffSnowWall_D_27_Far
-0.05862024
-1.126694
-0.5965988
-3284.618
567.219
-3138.754
0.9
LinkTagAnd
0
-0.6000001
0
-3572.882
503.7303
-3274.858
2
LookTag
0
0.3198614
0
-2995.318
666.7534
-3211.617
1.0
ActorObserverTag
0
0
0
-3758.029
377.0462
-3842.183
1.0
LinkTagNone
0
0
0
-3247.352
390.4637
-3647.082
1.0
TimeControlTag
0
0.2200001
1.42
-3623.675
396.8686
-3937.063
1.0
LinkTagNAnd
0
0
0
-3742.977
495.0263
-3604.707
1.0
FldObj_CliffSnowLargeWall_END_D_03
2.859529
0.5150657
3.088682
-3514.295
204.8652
-3879.034
1.0
FldObj_CliffSnowLargeWall_D_03
2.640189
-0.447903
-2.984287
-3585.703
501.8502
-3628.584
1.0
Item_Fruit_B
3.190419E-07
-1.303345
3.141592
-3980.862
338.9479
-3370.273
1.0
FldObj_CliffSnowWall_D_01
2.084291
0.3885385
-3.133399
-3750.63
373.1583
-3559.063
1.0
Area
0
-2.119989
0
-3212.508
456.0075
-3506.262
2
Obj_RockSetSnow_A_01
-1.361767
1.070125
-0.2043868
-3501.971
482.6555
-3584.329
1.5
Area
0
-0.5599999
0
-3316.083
349.4522
-3694.237
1.0
FldObj_CliffSnowLargeWall_D_01_Far
2.992948
-0.03669153
2.841384
-3474.921
479.9035
-3658.621
1.0
Obj_RockSetSnow_A_01
0
0
-2.58
-3200.333
619.1595
-3249.429
1.0
LinkTagAnd
0
-1.840065
0
-3791.35
379.75
-3591.15
1.0
LinkTagAnd
0
0.0415925
0
-3757.627
377.9655
-3848.062
1.0
FldObj_CliffSnowScaffold_D_01
-0.09548797
-0.1668784
0.2254234
-3950.949
344.7438
-3317.568
1.5
FldObj_CliffSnowEdgeWall_END_B_02_Far
3.104309
0.4425012
-3.134595
-3424.605
217.5949
-3824.042
1.2
Obj_TreeSnowberry_A
-0.02256974
-0.415691
0.1259001
-3927.097
534.2759
-3689.672
1.0
AnchorAction1
0
0
0
-3522.729
422.3838
-3114.009
1.0
FldObj_CliffSnowWall_D_02_Far
-0.4253665
-0.6681343
-0.2317759
-3829.977
385.0641
-3475.909
1.0
PlayerOnScaffoldCheckTag
0
0.7799999
0
-3655.055
347.8133
-3836.484
1.0
IceWall
-0.1360487
-0.1808731
-0.1018332
-3741.682
493.487
-3604.714
0.8
FldObj_CliffSnowWall_D_05_Far
2.861593
0.02159277
-3.141592
-3902.65
370.1067
-3197.771
1.0
FldObj_CliffSnowLargeWall_D_01
2.992948
-0.03669153
2.841384
-3474.921
479.9035
-3658.621
1.0
FldObj_CliffSnowWall_D_27_Far
-0.4200001
-0.84
0
-3682.081
484.1272
-3449.219
1.0
LinkTagNone
0
0
0
-3651.5
345.9008
-3840
1.0
LinkTagNAnd
0.04599675
0.008337724
-0.3585813
-3498.004
477.7512
-3580.527
1.0
DgnObj_DungeonEntrance_A_01_Far
0
0.3198614
0
-2998.62
666.7534
-3221.584
1.0
Enemy_Lizalfos_Senior
0
0
0
-3522.729
422.3032
-3119.009
1.0
FldObj_CliffSnowLargeWall_D_03_Far
2.880277
1.291274
2.853754
-3603.289
442.3709
-3106.272
1.3
Obj_RockSetSnow_A_01
0
0
0
-3364.256
578.4587
-3433.117
1.0
FldObj_CliffSnowWall_D_27
2.940196
0.6859047
-3.086572
-3317.793
281.4074
-3778.981
1.0
TBox_Field_Stone
-3.074254
-0.531547
2.905915
-3860.132
494.0332
-3727.261
1.0
Obj_RockSetSnow_A_01_Far
1.381593
1.361593
3.141593
-3184.74
338.8239
-3667.128
1.0
LinkTagAnd
0
0.3198614
0
-2999.415
680.2534
-3219.214
0.6
FldObj_KorokTarget_A_01
0
-0.3399999
0
-3572.66
511.1601
-3277.718
1.0
FldObj_CliffSnowScaffold_D_01
2.883616
-0.218911
-2.832252
-4049.258
244.1059
-3151.473
1.5
FldObj_CliffSnowWall_D_22_Far
-2.682821
0.06812184
3.101969
-3937.121
424.8051
-3154.228
1.0
Item_Fruit_B
2.29465E-09
0.02624171
-3.141593
-3954.357
284.5865
-2909.75
1.0
LinkTagNone
0
0
0
-3627
343.8819
-3801
1.0
LinkTagOr
2.655169
0.3218315
3.015839
-3611.21
564.2225
-3491.04
1.0
LinkTagPulse
0.4352259
-1.361759
-0.4096072
-3793.564
353.8763
-3031.91
0.25
Area
0
-0.5601386
0
-2996.76
660.183
-3222.506
25
Item_Fruit_B
9.484057E-10
-0.01084807
-3.141593
-3641.87
473.4856
-3325.026
1.0
FldObj_CliffSnowEdgeWall_END_B_02
3.054613
0.208186
3.083204
-3575.032
229.0233
-3840.85
1.2
FldObj_CliffSnowScaffold_D_01_Far
0
2.56
0
-3915.388
338.7406
-3826.167
1.0
FldObj_CliffSnowWall_D_27
2.85135
-0.4809991
3.121603
-3576.281
290.3327
-3865.569
1.0
FldObj_CliffSnowTopHalf_D_01
0.8841721
1.461681
1.10763
-3253.011
434.3913
-3456.326
1.0
FldObj_CliffSnowWall_D_01_Far
-0.6220336
-0.7770247
0.3715917
-3684.09
444.994
-3537.619
1.0
FldObj_CliffSnowLargeWall_D_01
2.992948
-0.03669153
2.781384
-3798.085
490.6535
-3676.824
1.0
FldObj_CliffSnowTopHalf_D_01
2.921592
0.4215913
-3.141592
-3532.89
498.5064
-3514.847
1.0
FldObj_CliffSnowWall_D_10
-0.7
0
0
-3320.301
449.7184
-3580.256
1.0
FldObj_CliffSnowWall_D_07_Far
0
-2.94
0
-3754.826
349.7585
-3785.835
1.0
Area
0
-0.72
0
-3255.711
390.0842
-3634.858
30
FldObj_CliffSnowWall_D_10
0
1.12
0
-3203.19
605.0742
-3118.168
1.0
BrokenSnowBall
0
0
0
-3696.18
432.77
-3532.44
1.2
Obj_TreeSnowberry_A
0
-1.495849
0
-3886.48
371.8168
-3428.043
1.0
FldObj_CliffSnowLargeWall_D_02
0
2.743185
0
-3604.944
327.7209
-3847.018
1.0
Item_Chilled_02
0.1287269
0.4988885
0.0196427
-3741.615
493.4772
-3604.653
1.0
FldObj_CliffSnowWall_D_17_Far
-0.001999061
0.3519326
0.609141
-4030.079
329.6774
-3412.158
1.0
FldObj_CliffSnow_B_01_Far
-3.050942
0.2846977
-2.828592
-3571.562
391.8278
-3144.861
1.0
FldObj_CliffSnowTopHalf_D_01_Far
2.921592
0.4215913
-3.141592
-3532.89
498.5064
-3514.847
1.0
FldObj_CliffSnowWall_D_18
-0.4076748
0.04936353
0.2367899
-3742.559
419.8702
-3494.835
1.0
Obj_RockSetSnow_A_01_Far
0
0
-1.26
-3574.471
480.7912
-3269.418
1.0
LinkTagAnd
0
0
0
-3248.667
388.6469
-3642.996
1.0
BrokenSnowBall
0
0
0
-3729.72
424.24
-3491.06
1.2
Obj_RockSetSnow_A_01_Far
0
0
0
-3579.167
433.5459
-3084.638
1.0
MoveTriggerTag
3.098153
0.6614892
3.135525
-3277.91
362.8664
-3639.485
1.0
Obj_RockSetSnow_A_01
-0.5449457
-0.7876099
0.5515556
-3829.511
406.3731
-3183.798
1.0
DgnObj_EntranceElevator_A_01
0
1.604955
0
-3627.709
420.8233
-3038.224
1.0
Item_Fruit_B
6.372335E-10
-0.007288973
-3.141593
-3267.6
393.5731
-3612.477
1.0
FldObj_CliffSnowLargeWall_D_02_Far
0
2.443185
0
-3432.327
331.5099
-3825.174
1.0
FldObj_CliffSnowWall_D_14
-0.2203969
0.284281
0.5657153
-3101.252
576.9824
-3077.858
1.0
LinkTagPulse
0.04599675
0.008337724
-0.3585813
-3494.908
474.6172
-3580.646
0.25
FldObj_CliffSnowWall_D_22
2.767139
-1.106878
2.818086
-3947.152
425.352
-3166.33
1.0
LinkTagAnd
0
0
0
-3047.734
681.101
-3221.918
1.0
FldObj_CliffSnowWall_D_02
0.272371
0.06573778
-0.2309885
-3630.289
515.7921
-3512.444
1.0
ChangeWeatherTag
0
-0.4599999
0
-3796.951
334.8381
-3937.198
1.0
FldObj_CliffSnowScaffold_D_01_Far
0.06328686
-0.412607
0.2825079
-3967.599
342.7453
-3272.29
1.5
FldObj_CliffSnowWall_D_01_Far
2.755417
0.09607678
-2.813699
-3880.841
355.1085
-3414.292
1.0
FldObj_CliffSnowWall_D_17
2.848937
-0.7819976
3.131475
-4098.425
278.623
-3300.449
1.0
FldObj_CliffSnowWall_D_07_Far
-2.943105
0.5030302
3.112605
-3365.16
282.3655
-3770.855
1.0
LinkTagAnd
0
-0.6000001
0
-3567.061
499.2303
-3274.511
2
FldObj_CliffSnowWall_D_18_Far
-2.824483
0.06321952
-2.646234
-3757.437
396.9131
-3565.671
1.0
DestinationAnchor
0
2.937855
0
-2995.037
667.7534
-3215.538
1.0
WallCrack
2.62921
-0.277997
-2.893374
-3060.543
591.0192
-3335.306
1.0
FldObj_CliffSnowWall_D_01
-0.806294
-0.07340878
0.659002
-3374.322
527.011
-3184.961
1.0
Obj_RockSetSnow_A_01
0
0
0.18
-3327.78
559.2002
-3245.328
1.0
EnemyFortressMgrTag
0
-2.48
0
-3930.805
425.4878
-3164.406
1.0
DgnObj_EntranceTerminal_A_01
0
-0.2037374
0
-2994.834
667.7535
-3216.518
1.0
FldObj_CliffSnow_B_01
0.8416715
-0.1165447
-0.02865418
-3139.509
629.4858
-3198.131
1.2
FldObj_CliffSnowWall_D_02
-0.1085059
0.3978888
-0.04218385
-3372.106
448.7371
-3564.017
1.0
FldObj_CliffSnowScaffold_D_01_Far
-0.2759097
-1.332306
0.4564545
-3932.681
360.9804
-3291.481
1.5
FldObj_CliffSnowLargeWall_D_02
-0.442786
-0.4295123
0.07099391
-3614.555
530.6564
-3454.903
1.0
LinkTagAnd
0
0
0
-3135.287
366.8864
-3644.987
1.0
FldObj_CliffSnowWall_D_01
2.14061
0.09207889
-2.690428
-3679.589
446.1593
-3497.545
1.0
LinkTagAnd
0
-1.639999
0
-3944.323
427.6834
-3153.439
1.0
FldObj_CliffSnowWall_D_06_Far
-2.840125
0.8009409
-3.02931
-3484.986
459.5873
-3514.711
1.0
ConstraintDummy
-0.8537172
-0.52039
-0.2533377
-3922.203
515.1072
-3552.826
1.0
FldObj_CliffSnowLargeWall_D_02_Far
0
2.743185
0
-3604.944
327.7209
-3847.018
1.0
GrassCutTag
0
0
0
-3522.729
422.3838
-3114.009
1.0
FldObj_CliffSnowLargeWall_D_02
2.89533
0.3569967
2.909577
-3313.121
509.0511
-3512.45
1.0
FldObj_CliffSnowWall_D_27
-0.7525961
-0.6278081
-0.05962516
-3342.956
541.1523
-3166.209
0.9
Enemy_Guardian_A_Snow
2.970447
0.3191723
3.071432
-3667.6
454.9406
-3156.9
1.0
Obj_RockSetSnow_A_01_Far
-2.154942
0.6256776
-1.458541
-3784.947
335.9419
-3799.577
1.0
FldObj_CliffSnowLargeWall_END_D_03_Far
2.859529
0.5150657
3.088682
-3514.295
204.8652
-3879.034
1.0
FldObj_CliffSnowEdgeWall_END_B_02
-3.127335
0.6135429
-3.118148
-3193.847
220.4215
-3704.86
1.0
ValleyEffectLocater
0
0
0
-3384.947
0
-4138.685
1.0
FldObj_CliffSnowWall_D_05
2.861593
0.02159277
-3.141592
-3902.65
370.1067
-3197.771
1.0
FldObj_CliffSnowLargeWall_D_01_Far
2.992948
-0.03669153
2.781384
-3798.085
490.6535
-3676.824
1.0
LinkTagAnd
0
0
0
-3461.5
472
-3557.5
1.0
Obj_RockSetSnow_A_01
0
-1.38
0
-3734.371
443.3892
-3291.391
1.0
FldObj_CliffSnowLargeWall_D_02
-0.3439417
0.6029351
0.02681583
-3565.671
456.9004
-3233.411
1.0
Obj_LiftRockWhite_A_01
0.04599675
0.008337724
-0.3585813
-3496.195
474.0329
-3580.683
1.0
FldObj_CliffSnowWall_D_02
-0.09656805
0.6217651
0.01954758
-3618.306
398.9545
-2988.572
1.0
Enemy_Moriblin_Senior
0
0.661593
0
-3934.491
425.6231
-3169.14
1.0
FldObj_CliffSnowWall_D_02
-0.2448565
-0.9834564
0.2916165
-3641.678
424.0303
-3307.963
1.2
FldObj_CliffSnowWall_D_22
-0.5582478
-0.2924951
-0.0008762346
-3891.863
422.5551
-3141.861
1.0
Obj_RockSetSnow_A_01_Far
0
-1.38
0
-3734.371
443.3892
-3291.391
1.0
FldObj_CliffSnowWall_D_07_Far
-3.025629
-0.4530977
3.022893
-3526.36
275.8953
-3854.659
1.0
FldObj_CliffSnowWall_D_18
0
1.441593
0
-3566.703
485.1953
-3229.895
1.0
FldObj_CliffSnowWall_D_01_Far
-0.806294
-0.07340878
0.659002
-3374.322
527.011
-3184.961
1.0
FldObj_CliffSnowWall_D_19_Far
-2.901553
-0.01788004
3.137217
-3796.889
405.6691
-3499.906
1.0
PlayerOnScaffoldCheckTag
0
2.28
0
-3623.744
345.7943
-3797.206
1.0
LocationTag
0
0
0
-2996.76
660.183
-3222.506
1.0
EventTag
0
-0.2037374
0
-2994.834
667.7534
-3216.518
0.6
Area
0
-0.5600002
0
-3306.828
352.4622
-3709.832
1.0
FldObj_CliffSnowWall_D_10
0.3799999
0.2800001
0
-3571.373
553.3506
-3433.097
1.0
Obj_RockSetSnow_A_01
0
-1.04
0
-3551.824
575.2216
-3455.171
1.0
FldObj_CliffSnowWall_D_27
2.37944
0.1381587
3.110495
-3508.784
340.3259
-3806.044
1.0
LinkTagOr
0
1.303345
0
-3980.521
337.9586
-3372.186
1.0
Obj_Plant_IvyBurn_A_01
2.877485
1.217599
2.694097
-3498.688
474.9173
-3579.457
1.0
LinkTagAnd
0
0
0
-3621.878
397.1084
-3937.588
1.0
FldObj_CliffSnowWall_D_22_Far
2.767139
-1.106878
2.818086
-3947.152
425.352
-3166.33
1.0
FldObj_CliffSnowEdgeWall_END_B_02
3.019869
-0.2670849
-3.136796
-3815.671
209.9498
-3832.135
1.0
FldObj_CliffSnowWall_D_18_Far
1.166677
-1.156659
-0.8805926
-3607.443
464.074
-3291.835
1.2
Item_Fruit_B
1.164279E-06
1.495849
-3.141592
-3885.946
372.6368
-3428.141
1.0
FldObj_CliffSnowLargeWall_D_03
1.186988
1.481098
1.818382
-3581.776
550.7563
-3545.941
1.0
FldObj_CliffSnowWall_D_02
2.981593
1.481593
2.901593
-3772.228
295.7235
-3814.017
1.0
ForceSetPosDirAutoSaveAnchor
0
-2.821731
0
-2996.556
667.7534
-3215.035
1.0
Npc_HiddenKorokFly
0
0
0
-3414.794
542.0234
-3509.611
1.0
FldObj_CliffSnowWall_D_02_Far
0
-1.240001
0
-3543.864
532.3532
-3496.987
1.0
Obj_RockSetSnow_A_01
0.418233
1.070125
-0.2043868
-3486.401
485.3386
-3576.284
1.5
FldObj_CliffSnowLargeWall_D_02_Far
-0.3439417
0.6029351
0.02681583
-3565.671
456.9004
-3233.411
1.0
FldObj_CliffSnowLargeWall_D_03
-0.5643721
-1.082943
0.2807316
-3008.963
666.1014
-3126.799
1.3
BrokenSnowBall
0
0
0
-3698.95
432.38
-3531.33
0.5
PlayerInAreaAutoEnemyForbidTag
0
0
0
-3052.641
709.5791
-3177.577
1.0
FldObj_CliffSnowLargeWall_D_02
-0.4387668
-0.0340454
-0.07240813
-3477.399
493.3179
-3624.385
1.0
Enemy_Moriblin_Senior
0
0.09681389
0
-3855.477
410.0413
-3052.154
1.0
FldObj_CliffSnowWall_D_06
3.131473
0.6457934
2.991612
-3197.599
298.4866
-3682.287
1.0
FldObj_CliffSnowTopHalf_D_01_Far
0
2.4
0
-2932.542
572.1364
-3275.056
1.0
Area
0.4352259
-1.361759
-0.4096072
-3793.755
353.959
-3032.888
3
FldObj_CliffSnowWall_D_02_Far
0
2.38
0
-3545.506
373.3408
-3753.092
1.7
FldObj_CliffSnowWall_D_27_Far
2.561593
-1.061594
-3.141592
-3885.47
371.3504
-3342.318
1.0
EventTag
0
1.501594
0
-3943
447.6677
-3170.384
1.0
Area
1.570796
-0.05999985
4.640718E-18
-3053.197
677.85
-3217.156
1.0
FldObj_CliffSnowWall_D_10_Far
-0.7
0
0
-3320.301
449.7184
-3580.256
1.0
LinkTagAnd
0
0
0
-2996.76
660.183
-3222.506
1.0
FldObj_CliffSnowEdgeWall_END_B_02_Far
-3.135979
0.4603792
-3.129907
-3119.514
216.3333
-3631.057
1.2
FldObj_CliffSnowWall_D_02
-2.79301
-1.352845
-2.706498
-3713.685
462.2995
-3630.716
1.2
FldObj_CliffSnowWall_D_02
0.01397509
1.440886
0.1229558
-3574.452
404.472
-3057.225
1.0
Obj_RockSetSnow_A_01_Far
-0.5449457
-0.7876099
0.5515556
-3829.511
406.3731
-3183.798
1.0
LinkTagAnd
0
0
0
-3577.399
492.66
-3268.256
1.0
LinkTagAnd
0
0
0
-3461.5
472
-3557.5
1.0
Obj_RockSetSnow_A_01
0
0
-1.26
-3574.471
480.7912
-3269.418
1.0
FldObj_CliffSnowWall_D_27
-0.4200001
-0.84
0
-3682.081
484.1272
-3449.219
1.0
LinkTagAnd
0
-0.6000001
0
-3574.988
496.7303
-3272.664
1.0
Area
0
1.298407
0
-3150.354
355.3654
-3639.083
1.0
Obj_Mineral_B_01
-0.1285599
-0.001877475
-0.0291655
-3388.475
450.4045
-3681.415
1.0
FldObj_CliffSnowWall_D_06
-0.1592945
-0.4138173
-0.1407917
-3966.597
355.1724
-3133.928
1.0
FldObj_CliffSnowWall_D_19
-2.901553
-0.01788004
3.137217
-3796.889
405.6691
-3499.906
1.0
FldObj_GerudoHighlandRock_C_03_Far
3.084354
-0.05425527
2.714315
-3471.32
495.2579
-3574.165
0.7
FldObj_CliffSnowLargeWall_D_03
2.86655
1.003486
3.067895
-3363.637
465.6682
-3632.01
1.4
LinkTagOr
2.655169
0.3218315
3.015839
-3611.471
561.9481
-3492.704
1.0
Area
0
-0.64
0
-3626.359
416.9091
-3038.247
20
LinkTagOr
0.04599675
0.008337724
-0.3585813
-3491.441
475.3407
-3581.584
1.0
FldObj_CliffSnowWall_D_07
-0.14
-0.32
0
-3733.871
393.2567
-3579.962
1.0
ChangeWeatherTag
0
1.550797
0
-3616.895
396.1553
-3936.14
3
LinkTagNone
0
0
0
-3860.195
409.0184
-3052.362
1.0
FldObj_CliffSnowWall_D_18_Far
-0.1122855
1.099606
0.06266712
-3773.701
409.1004
-3504.313
1.0
FldObj_CliffSnow_B_01
0
0
-0.4999999
-3248.217
597.0851
-3154.269
1.0
Enemy_Moriblin_Senior
0
-2.04
0
-3653.37
335.4404
-3798.693
1.0
FldObj_SnowScaffoldWood_B_01_Far
0
-1.280001
0
-3697.5
335.4458
-3825.5
1.0
FldObj_CliffSnowScaffold_D_01
0.1665816
-0.5050092
0.07134556
-4074.836
229.9286
-3152.579
1.5
FldObj_CliffSnowWall_D_10
1.919019
0.5174399
2.651009
-4020.745
345.9475
-3382.378
1.0
FldObj_CliffSnowWall_D_25
-0.09999996
0.8999998
0
-3616.062
440.9352
-3029.397
1.0
FldObj_CliffSnowWall_D_02
-0.4253665
-0.6681343
-0.2317759
-3829.977
385.0641
-3475.909
1.0
FldObj_CliffSnowWall_D_27_Far
2.940196
0.6859047
-3.086572
-3317.793
281.4074
-3778.981
1.0
BattleBgmRequestFinishTag
0
-1.639999
0
-3943.383
447.6415
-3150.445
1.0
FldObj_CliffSnowLargeWall_D_02_Far
2.855941
-0.1019932
3.090995
-3670.521
303.7606
-3853.657
1.0
