UnitConfigName/__text
Rotate/value/0
Rotate/value/1
Rotate/value/2
Translate/value/0
Translate/value/1
Translate/value/2
_Scale
Animal_Deer_A
0
0.2799999
0
-3944.819
287.2334
-2935.491
1.0
Obj_TreeConiferous_A_Snow_01
0
2.557202
0
-3564.249
575.3037
-3441.269
1.0
Obj_RockSetSnow_A_05
-2.436554
1.126197
-2.273659
-3774.101
408.7025
-3772.293
1.0
Obj_TreeConiferousDead_A_Snow_01
0
0
0
-3453.39
347.2463
-3775.531
1.0
Obj_RockSetSnow_A_03
-0.355726
1.147377
-0.0450291
-3817.761
416.2392
-3087.169
1.0
Animal_Fox_B
0
2.200001
0
-3368.262
343.6034
-3775.724
1.0
Obj_TreeConiferous_A_Snow_01
0
3.947836
0
-3105.509
586.9054
-3413.745
1.0
FldObj_BankingFlat_A_07
-0.006516817
0.0002814006
0.1553357
-3628.619
445.0454
-3034.726
1.0
Obj_RockSetSnow_A_02
2.808852
-0.5209371
-2.907078
-3644.373
439.686
-3046.915
1.0
Obj_TreeConiferous_A_Snow_01
0
5.680852
0
-3718.253
452.9283
-3568.125
1.0
Item_Plant_E
-0.1043745
-0.003272939
-0.06263791
-3790.423
426.5473
-3083.229
1.0
AscendingCurrent
0
0
0
-4064.53
254.4221
-3842.659
1.0
Obj_RockSetSnow_A_04
2.587138E-08
0.32
1.319579E-08
-3764.104
338.5717
-3808.951
1.0
Obj_RockSetSnow_A_02
0.1854718
0.1688046
0.3490056
-3223.427
608.0416
-3185.558
1.0
Obj_RockSetSnow_A_02
0.1381666
-0.8516873
-0.1827517
-3203.055
443.2387
-3484.594
1.0
Obj_RockSetSnow_A_02
-0.2140435
-0.3405522
0.5769397
-3266.466
596.9928
-3154.582
1.0
Obj_TreeConiferous_A_Snow_02
0
0.8037379
0
-3580.618
491.6747
-3271.336
1.0
Obj_RockSetSnow_A_02
0
0
0.18
-4007.022
349.8747
-3420.352
1.0
AnchorAction1
0
-1.280001
0
-3687.295
354.8187
-3828.073
1.0
Item_Plant_E
0.001216674
6.823298E-05
-0.1120458
-3743.542
503.2013
-3661.267
1.0
Obj_MineralBury_A_01
0
0
0
-3791.396
352.5737
-3027.856
1.0
Obj_Mineral_B_01
-0.5185337
-0.1540534
-0.3531157
-3474.613
476.8626
-3530.945
1.0
Obj_TreeConiferous_A_Snow_01
0
3.127189
0
-3541.555
583.5472
-3462.008
1.0
Obj_TreeConiferousDead_A_Snow_01
0
0
0
-3414.924
524.7465
-3508.192
1.0
Obj_RockSetSnow_A_02
0.18
0.703877
0.6617221
-3546.411
337.2249
-2952.875
1.2
Obj_RockSetSnow_A_03
-3.141273
-0.1215599
2.941554
-3912.392
424.5389
-3150.961
1.0
BarrelBomb3
-3.024172
-0.6590142
3.045282
-3936.771
426.445
-3160.005
1.0
Obj_TreeWhiteBirch_A_01
0
5.151073
0
-3216.973
571.855
-3055.003
1.0
Obj_TreeConiferous_A_Snow_01
0
0.8022321
0
-3118.612
580.8528
-3395.773
1.0
Item_Plant_E
-0.03490484
0.02703968
0
-3264.118
391.8989
-3614.639
1.0
Obj_TreeWhiteBirch_A_02
0
-0.5799999
0
-3247.069
557.4043
-3028.154
1.0
Area
0
-2.48
0
-3930.805
425.4878
-3164.406
50
Obj_Plant_HopBush_C_Snow_01
-0.1195815
1.333363
-0.1748973
-3862.078
411.2224
-3310.898
0.882324
Obj_LiftRockWhite_Korok_A_01
0
1.32
0
-3751.53
375.226
-3847.421
1.0
Enemy_Keese_Ice
0
-1.280001
0
-3691.182
343.4458
-3820.084
1.0
Obj_TreeConiferous_A_Snow_01
0
1.162434
0
-3407.355
524.049
-3510.606
1.0
Obj_RockSnow_A_01
1.117163
-0.1079626
-1.427513
-3731.998
318.1518
-3861.5
1.0
Barrel
0.06664246
-0.2589058
0.01657582
-3520.999
422.1598
-3108.001
1.0
Obj_TreeConiferous_A_Snow_01
0
5.983345
0
-3996.711
335.7371
-3366.887
1.0
Obj_RockSetSnow_A_05
0
1.28
0
-3739.456
452.2826
-3254.892
1.0
Obj_TreeConiferous_A_Snow_01
0
0
0
-3630.976
336.6164
-3792.084
1.0
Obj_TreeConiferous_A_Snow_02
0
2.598413
0
-3565.126
490.6651
-3269.18
1.0
Animal_Elk_A
0
0.52
0
-3302.564
514.5875
-3489.652
1.0
Obj_Plant_CypressLow_B_01
-0.1282293
-0.06585359
-0.2565856
-3683.363
337.5991
-3783.922
0.9375
Obj_TreeConiferous_A_Snow_01
0
4.358487
0
-3093.938
430.3064
-3536.652
1.0
Obj_MineralBury_A_01
3.09821
-0.2985498
-2.995067
-3860.109
371.3254
-3800.817
1.0
Obj_RockSetSnow_A_05
-0.07568505
-1.096151
0.1360428
-3192.462
618.7685
-3246.733
1.0
Obj_TreeConiferous_A_Snow_01
0
1.960551
0
-3834.124
417.9839
-3327.442
1.0
Obj_Mineral_C_01
0
-0.5000001
0
-3986.343
325.3797
-3833.18
1.0
Obj_TreeConiferous_A_Snow_01
0
0.7275891
0
-3357.189
353.7405
-3696.701
1.0
Obj_MineralBury_A_01
-2.602164
0.6706309
-2.058831
-3151.287
446.2353
-3473.15
1.0
Animal_Elk_A
0
-0.44
0
-3347.86
528.6965
-3488.208
1.0
PointWindSetTag
0
5.316581E-08
0
-3648.098
340.7287
-3875.424
1.0
Obj_Plant_HopBush_C_Snow_02
0.007413084
0.9925991
-0.0826043
-3249.43
349.4818
-3709.898
0.903809
Obj_RockSnow_A_01
0
-1.279992
0
-3277.042
582.2169
-3220.502
1.0
Obj_Plant_HopBush_C_Snow_02
-0.04760893
0.9475448
-0.4485802
-3562.121
489.6036
-3270.777
0.854004
Obj_RockSetSnow_A_04
0
0.2031854
0
-3373.173
474.2566
-3604.469
1.0
Obj_RockSetSnow_A_02
-0.07999999
0
0.28
-4027.875
515.0745
-3702.894
1.0
Obj_MineralBury_A_01
0.7514456
0.3544549
0.4371249
-3456.203
572.7678
-3407.562
1.0
Obj_TreeConiferous_A_Snow_01
0
0
0
-3675.854
335.6102
-3790.17
1.0
Obj_RockSetSnow_A_05
0
-1.340001
-0.2599999
-3853.105
416.6927
-3172.583
1.0
TBox_Field_Iron
-0.2353924
0.04724178
0.374413
-3162.5
440.4301
-3492.5
1.0
Item_Plant_E
3.141479
0.8017578
3.141479
-3774.281
391.2316
-3559.477
1.0
Obj_Plant_HopBush_C_Snow_01
0.01221254
-0.4400284
-0.1611059
-3490.234
510.6256
-3615.227
0.951172
Item_Plant_O
-1.487671
-0.1013184
-2.795044
-3558.867
386.5273
-3804.887
1.0
Obj_TreeConiferous_A_Snow_01
0
6.04059
0
-3361.268
537.8523
-3316.093
1.0
Obj_TreeConiferous_A_Snow_01
0
0
0
-3103.15
650.5925
-3234.237
1.0
Obj_TreeConiferousDead_A_Snow_01
0
0.1800019
0
-3842.552
417.2845
-3346.744
1.0
Obj_RockSnow_A_01
-1.477289
0.3508564
-0.2453644
-3743.476
399.308
-3551.238
1.2
Animal_Rhino_A
0
-0.2600001
0
-3345.82
350.1248
-3736.447
1.0
Obj_MineralBury_A_01
-0.3574238
-0.6597445
-0.3502701
-3152.553
447.136
-3471.094
1.0
Obj_MineralBury_A_01
3.025824
-0.4800603
-3.061838
-3477.276
476.4599
-3532.018
1.0
Obj_RockSetSnow_A_05
0
1.639997
0
-3608.138
552.6766
-3490.207
1.0
Animal_Elk_A
0
-1.9
0
-3623.449
460.2332
-3221.204
1.0
Item_Plant_O
-2.568481
-0.7720947
-2.585205
-3919.008
377.3008
-3809.777
1.0
Obj_TreeConiferous_A_Snow_01
0
0.6798969
0
-3806.698
403.539
-3512.078
1.0
FldObj_BankingFlat_A_07
-0.4799999
0
0
-3880.35
536.505
-3666.867
1.0
Obj_LiftRockWhite_Korok_A_01
0
-0.7800003
0
-3758.831
374.8431
-3842.31
1.0
Obj_RockSnow_A_01
0
1.18
0
-3972.497
397.4324
-3192.485
1.0
Obj_Plant_HopBush_C_Snow_02
0.2577509
-0.1334065
-0.01818764
-3855.5
410.3179
-3304.359
0.863281
Obj_RockSetSnow_A_02
0
-0.2000008
0
-3462.555
474.2209
-3584.449
1.0
Animal_Wolf_C
0
-0.8999999
0
-3606.587
448.153
-3018.222
1.0
Obj_TreeWhiteBirch_A_01
0
-2.74
0
-3425.606
515.7628
-3312.227
1.0
Obj_TreeWhiteBirch_A_01
0
2.209024
0
-3733.707
415.4818
-3529.345
1.0
Item_Plant_E
0
-0.6478271
0
-3738.445
433.9103
-3483.969
1.0
Obj_Plant_HopBush_C_Snow_02
-0.5030899
-1.078124
0.3895463
-3477.816
507.6738
-3628.141
1.015137
Obj_TreeConiferous_A_Snow_01
0
0
0
-3060.623
427.988
-3508.689
1.0
Obj_TreeConiferous_A_Snow_01
0
-0.34
0
-3717.021
415.5571
-3415.413
1.0
Obj_TreeConiferous_A_Snow_01
0
0
0
-3599.803
442.4589
-3330.025
1.0
Animal_Elk_A
0
-0.38
0
-3666.345
457.7978
-3206.312
1.0
Obj_RockSetSnow_A_02
0
-0.6000001
0
-3104.687
429.0437
-3546.949
1.0
Obj_TreeConiferous_A_Snow_01
0
1.003314
0
-3443.594
579.3341
-3429.871
1.0
Obj_RockSetSnow_A_02
-1.29058
1.316876
-1.333181
-3603.219
440.1334
-3078.025
1.0
Obj_TreeConiferous_A_Snow_01
0
0
0
-3469.824
346.5
-3785.611
1.0
Obj_RockSetSnow_A_02
0.3350015
-0.9297124
-0.1023561
-3898.286
421.4846
-3145.328
1.0
Obj_RockSetSnow_A_05
-3.047092
-1.282498
-3.074462
-3718.317
449.8612
-3253.814
1.0
Obj_LiftRockWhite_Korok_A_01
0
-0.7800003
0
-3754.693
375.3702
-3852.582
1.0
Obj_BreakBoxIron
1.703976E-05
-1.35994
-0.002813495
-3662
335.443
-3791
1.0
Obj_TreeConiferousLow_A_Snow_01
0
0
0
-3189.907
345.7933
-3662.414
1.0
Obj_TreeConiferousDead_A_Snow_01
0
0
0
-3176.326
344.2998
-3659.241
1.0
Obj_TreeConiferous_A_Snow_01
0
5.000542
0
-3299.534
568.28
-3298.594
1.0
Obj_RockSetSnow_A_05
-0.06282654
0.3396627
-0.01138608
-2975.849
670.6417
-3211.778
1.0
Area
0
-2.48
0
-3930.805
425.4878
-3164.406
25
Obj_TreeConiferous_A_Snow_01
0
0.4461737
0
-3242.965
540.9204
-3371.66
1.0
Obj_RockSetSnow_A_05
-0.1399999
0
-0.3
-3799.307
511.6111
-3677.588
1.0
Obj_TreeConiferous_A_Snow_01
0
2.612629
0
-3490.59
423.5031
-3101.304
1.0
Obj_TreeConiferous_A_Snow_01
0
6.061018
0
-3291.513
541.2348
-3351.085
1.0
Obj_RockSetSnow_A_05
0.3260663
1.350066
0.2802687
-3407.025
577.3851
-3417.406
1.0
Obj_Mineral_A_01
0.2809626
-0.1166086
0.3200738
-3994.838
300.7148
-3103.665
1.0
Obj_RockSetSnow_A_02
2.389764
-0.9640727
-2.486584
-3545.809
363.3226
-3035.796
1.2
Obj_RockSetSnow_A_03
-2.93954
-0.6264581
3.028846
-3966.528
393.2208
-3210.158
1.0
Obj_RockSetSnow_A_04
-2.884993
1.166507
-2.904884
-4023.376
343.953
-3434.405
1.0
Animal_Wolf_C
0
0.74
0
-3321.025
358.9079
-3716.927
1.0
Obj_LiftRockWhite_Korok_A_01
0.14
-0.36
0
-3762.82
375.212
-3847.602
1.0
Obj_TreeConiferous_A_Snow_01
0
3.614267
0
-3719.919
428.9444
-3516.556
1.0
Item_Mushroom_F
0
1.366943
0
-3039.027
424.9909
-3482.68
1.0
Obj_LiftRockWhite_Korok_A_01
0
-2.513274
0
-3758.694
375.3584
-3850.039
1.0
Obj_RockSnow_A_01
1.34115
-0.4420429
1.364179
-3224.52
375.0758
-3600.171
1.1
FldObj_BankingFlat_A_05
-0.01475919
0.001249137
0.1688637
-3640.839
443.5535
-3042.898
1.0
Item_Plant_E
0
0.753662
0
-3506.023
492.657
-3271.359
1.0
Obj_RockSetSnow_A_04
0.5365269
-0.7046448
-0.3677149
-3206.454
612.178
-3224.425
1.0
Animal_Fox_B
0
-1.46
0
-3426.59
346.6262
-3805.483
1.0
Obj_TreeConiferous_A_Snow_01
0
3.060142
0
-3344.724
573.2954
-3427.331
1.0
Animal_Ptarmigan_A
0
0
0
-3402.799
505.7073
-3542.484
1.0
KibakoSnowMountain_Contain_01
-0.01851694
-0.2803043
-0.04816407
-3161.01
440.9861
-3495.993
1.0
KibakoSnowMountain_Contain_01
-0.005058426
0.0006329165
-0.009892999
-3658.005
335.4059
-3790.997
1.0
Barrel
-0.3994885
0.02415241
-1.511718
-3518.489
422.8732
-3120.293
1.0
Item_Plant_O
-1.737305
-0.1740723
-2.885864
-3122.656
539.0625
-3446.504
1.0
Obj_TreeConiferous_A_Snow_01
0
-0.38
0
-3648.805
472.5277
-3320.744
1.0
Obj_TreeConiferous_A_Snow_01
0
4.522032
0
-3691.886
459.5438
-3308.182
1.0
Obj_Plant_CypressLow_B_01
-0.02431371
-0.6902288
0.2160748
-3039.488
676.728
-3218.676
1.054688
Obj_TreeConiferous_A_Snow_01
0
5.604516
0
-3949.358
388.7496
-3110.808
1.0
Obj_RockSetSnow_A_05
0
1.71839
0
-3150.904
433.8603
-3555.981
0.8
FldObj_BankingFlat_A_05
-0.1181233
-0.760292
0.1805833
-3633.617
444.2699
-3050.175
1.0
Obj_TreeConiferous_A_Snow_01
0
1.816912
0
-3939.948
389.9862
-3105.342
1.0
Obj_TreeConiferous_A_Snow_01
0
1.816112
0
-3719.557
424.949
-3528.869
1.0
Enemy_Lizalfos_Ice
0
0
0
-3462.2
495.3851
-3578.5
1.0
Item_Mushroom_B
3.141479
-1.384155
3.141479
-3689.969
426.0913
-3351.922
1.0
Obj_TreeConiferous_A_Snow_01
0
5.739819
0
-3835.225
419.097
-3339.95
1.0
Obj_RockSetSnow_A_04
0.0684185
-0.5297322
0.2057052
-3709.615
420.063
-3418.034
1.0
Obj_Plant_CypressLow_B_01
-0.0324456
0.5566439
-0.09720119
-3242.117
349.5314
-3707.184
0.875
Obj_Mineral_A_01
-0.5084082
1.22406
-0.3255745
-3523.498
444.0924
-3737.59
1.0
Obj_RockSetSnow_A_04
0
-0.5400001
0
-3517.994
584.8849
-3467.824
1.0
Obj_TreeConiferous_A_Snow_01
0
3.055979
0
-3938.176
355.5113
-3281.309
1.0
Obj_Plant_CypressLow_B_01
-0.09255356
0.1356669
0.04623205
-3028.914
340.2992
-3591.773
0.913574
Obj_RockSnow_A_01
0
1.3
0
-3332.342
349.4191
-3718.738
1.0
Area
0
0
0
-3659.627
335.4033
-3801.939
50
Obj_TreeConiferous_A_Snow_01
0
0.757548
0
-3374.565
583.7853
-3434.837
1.0
Obj_LiftRockWhite_Korok_A_01
-0.2103206
1.353753
-0.1940001
-3752.949
374.6904
-3843.729
1.0
Obj_RockSetSnow_A_02
3.128826
0.1578964
3.060583
-3757.019
338.3206
-3823.969
1.0
Obj_TreeConiferous_A_Snow_01
0
0.1491368
0
-3111.37
579.1115
-3379.29
1.0
Obj_RockSetSnow_A_02
-0.3639654
0.8467692
-0.2675442
-3647.891
441.1569
-3060.298
1.0
Obj_TreeConiferous_A_Snow_01
0
2.827142
0
-3605.375
556.5474
-3507.862
1.0
Item_Plant_E
0
0.9274902
0
-3449.574
526.5505
-3198.992
1.0
Obj_TreeConiferous_A_Snow_01
0
2.39679
0
-3501.35
493.0017
-3279.408
1.0
Obj_RockSetSnow_A_05
-2.150387
0.5961494
-1.736252
-3510.654
483.7534
-3255.116
1.0
Obj_RockSnow_A_01
0.323877
-0.9578546
0.5788482
-3002.533
617.4166
-2991.76
1.2
FldObj_BankingFlat_A_05
3.113714
-1.461005
-3.09165
-3620.633
447.3759
-3035.106
0.8
Obj_RockSetSnow_A_02
0
-1.33999
0
-2961.944
679.4982
-3190.254
1.0
Item_Mushroom_B
0
0.8540038
0
-3579.633
445.3828
-3334.91
1.0
Obj_RockSetSnow_A_05
-1.924195
-1.094408
1.842666
-3285.477
353.2427
-3656.694
1.0
Animal_Rhino_A
0
0
0
-3154.531
565.7362
-3374.659
1.0
Obj_TreeConiferous_A_Snow_01
0
0.6162609
0
-3313.325
542.868
-3368.156
1.0
Obj_RockSetSnow_A_05
-0.3759591
0.9063992
-0.4647551
-3512.597
567.2208
-3456.606
1.0
Obj_TreeConiferous_A_Snow_01
0
3.560725
0
-3250.209
595.6683
-3178.281
1.0
Obj_TreeConiferous_A_Snow_01
0
5.52603
0
-3014.662
677.4725
-3164.975
1.0
Obj_RockSetSnow_A_05
1.771859
-1.40604
-1.244964
-3356.386
546.5636
-3248.885
1.0
Obj_Mineral_A_01
-0.242867
-0.3724383
-0.197481
-3483.634
477.8484
-3539.895
1.0
BarrelBomb3
-0.001131856
-1.279994
0.001771692
-3708.915
349.1913
-3831.378
1.0
Obj_LiftRockWhite_Korok_A_01
0.5399998
0.8199999
0
-3762.001
375.3408
-3850.447
1.0
Obj_TreeConiferous_A_Snow_01
0
4.143743
0
-3992.033
328.696
-3352.055
1.0
Obj_TreeConiferousDead_A_Snow_01
0
0
0
-3229.143
348.9602
-3647.724
1.0
Obj_RockSetSnow_A_05
-2.844113
-0.9979087
2.651333
-3337.627
467.8309
-3602.326
1.0
FldObj_BankingFlat_A_07
0
0
-0.12
-3826.332
523.9871
-3668.329
1.0
Obj_MineralBury_A_01
0.5738294
0.1161455
-0.3890977
-3838.027
492.3363
-3571.365
1.0
Obj_TreeConiferous_A_Snow_01
0
0.2771245
0
-3244.266
605.7142
-3274.921
1.0
FidObj_TorchStand_A_01
0
0
0
-2970.255
679.2642
-3200.044
1.0
Obj_TreeConiferous_A_Snow_01
0
3.053586
0
-3401.391
521.3255
-3511.934
1.0
Obj_Mineral_C_01
-0.005286433
0.3560762
-0.2493172
-3965.253
325.3097
-3834.127
1.0
Obj_RockSetSnow_A_05
2.513673
0.6380032
2.905725
-3225.636
592.1372
-3088.38
1.0
Obj_TreeConiferous_A_Snow_01
0
1.909183
0
-3790.996
413.252
-3470.971
1.0
Obj_RockSetSnow_A_02
0.18456
-1.254446
-0.1939624
-3032.082
422.1059
-3487.816
1.0
Obj_RockSetSnow_A_03
0.538335
-0.05310404
0.09288235
-3766.381
418.8476
-3143.495
1.0
Obj_Plant_HopBush_C_Snow_01
-0.0487641
-0.1478318
0.1312269
-3654.852
425.2489
-3356.43
1.095703
Obj_RockSetSnow_A_04
-0.3399999
0
0
-3354.404
349.3329
-3753.37
1.0
Obj_TreeConiferous_A_Snow_01
0
0
0
-3803.714
393.7021
-3432.983
1.0
Item_Plant_E
0.03490309
0.4781076
-0.03490309
-3025.372
558.5753
-3379.052
1.0
Dm_FldObj_EnemyTrace_Bonesmall_A_01
0
1.440005
0
-3523.641
422.2837
-3112.352
1.0
Obj_RockSetSnow_A_05
-1.82209
0.209708
-2.428879
-3956.445
352.8117
-3817.185
1.0
Obj_TreeConiferous_A_Snow_01
0
-1.18
0
-3170.104
626.1456
-3189.839
1.0
Obj_RockSetSnow_A_02
0
0
0
-3323.172
348.3109
-3733.951
1.0
Obj_TreeConiferous_A_Snow_01
0
0
0
-3602.672
337.5757
-3825.374
1.0
Item_Plant_O
1.132935
0.05969237
0.1652832
-3637.918
544.0742
-3444.574
1.0
BarrelBomb3
0.01727976
-0.8186512
-0.06172706
-3515
422.301
-3110.498
1.0
Item_Mushroom_B
0
0.2668457
0
-3370.258
474.6964
-3603.41
1.0
Obj_TreeConiferousLow_A_Snow_01
0
2.809157
0
-3550.301
576.0092
-3436.675
1.0
Obj_TreeConiferous_A_Snow_01
0
2.590165
0
-3788.48
411.8188
-3458.83
1.0
Obj_TreeConiferous_A_Snow_01
0
-0.24
0
-3613.715
340.0118
-3773.953
1.0
Obj_RockSetSnow_A_02
0.1154464
0.8542163
0.152589
-3723.763
419.1115
-3498.2
1.0
Obj_RockSetSnow_A_03
0
-0.8200008
0
-3526.696
421.3675
-3129.882
1.0
Obj_TreeConiferous_A_Snow_01
0
0
0
-3039.185
424.9836
-3482.119
1.0
Obj_RockSetSnow_A_02
-0.1312968
-0.4167908
0.05340937
-3971.818
325.7487
-3828.259
1.0
Obj_TreeConiferous_A_Snow_01
0
0
0
-3689.035
426.6549
-3351.752
1.0
Obj_RockSetSnow_A_05
0.06953429
0.1121089
-0.3111821
-3021.691
672.7009
-3227.95
0.9
Obj_TreeConiferousLow_A_Snow_01
0
0
0
-3519
586.6901
-3467.23
1.0
Obj_TreeConiferous_A_Snow_01
0
0.1766759
0
-3123.328
579.0352
-3389.398
1.0
TBox_Field_Iron
0.001987528
-1.193057
-0.3438857
-3735.365
412.418
-3789.226
1.0
Obj_RockSetSnow_A_02
0
0.2400001
0
-3172.887
442.1897
-3477.341
1.0
Obj_TreeConiferous_A_Snow_01
0
6.078872
0
-3975.8
334.0029
-3350.896
1.0
Obj_RockSetSnow_A_02
0
0
0
-3468.091
347.5839
-3770.267
1.0
Obj_RockSetSnow_A_02
0
-2.82
0
-3688.864
335.4661
-3796.887
1.0
Item_Mushroom_D
-1.311035
0.8164062
-2.684326
-3222.395
257.6914
-3727.805
1.0
Obj_RockSetSnow_A_03
1.45396
0.095195
-0.1070003
-3820.583
382.1245
-3057.851
1.0
Obj_TreeConiferous_A_Snow_01
0
-0.02000007
0
-3640.962
475.1572
-3309.203
1.0
BarrelBomb3
0.003246419
-1.280018
-0.001769233
-3690.447
345.0921
-3809.678
1.0
TBox_Field_Iron
-3.110255
0.9323516
-2.877138
-3916.187
338.2777
-3827.194
1.0
Obj_RockSetSnow_A_02
-3.090053
-0.4419601
-3.125823
-3031.363
676.4647
-3237.792
1.0
Obj_TreeConiferous_A_Snow_01
0
1.11383
0
-3376.408
533.1637
-3316.093
1.0
Obj_TreeConiferous_A_Snow_01
0
0.301518
0
-3982.623
330.5463
-3346.59
1.0
Obj_RockSetSnow_A_04
0
0
0
-3246.965
347.8589
-3681.384
1.0
Item_Plant_O
-1.645319
-0.9185548
2.862742
-3387.505
491.8844
-3547.377
1.0
Obj_IcicleMountainThorn_A_01
-2.32716
-1.199799
2.185238
-3005.836
679.1816
-3223.944
0.8
Obj_Plant_HopBush_C_Snow_01
0.01254023
-0.5358149
-0.149761
-3489.227
510.4579
-3613.828
1.067383
Obj_Mineral_A_01
0.009430056
0.06006046
0.1304958
-3475.343
477.66
-3544.552
1.0
Obj_RockSetSnow_A_05
0.1312789
0.4169363
0.05100803
-3622.481
332.0012
-3787.738
1.0
Obj_RockSetSnow_A_05
0.4697897
-0.2283636
0.4517033
-3795.563
420.3214
-3287.055
1.0
Obj_TreeConiferous_A_Snow_02
0
5.253152
0
-3615.575
557.9073
-3498.813
1.0
Obj_TreeConiferous_A_Snow_01
0
4.586499
0
-3450.088
519.4238
-3222.199
1.0
Obj_TreeConiferous_A_Snow_01
0
3.054518
0
-3364.334
581.0696
-3421.12
1.0
Animal_Wolf_C
0
0.8599989
0
-3316.791
363.8362
-3724.894
1.0
Obj_RockSetSnow_A_05
0.24
0.5400001
0
-3462.565
469.8574
-3528.948
1.0
Obj_RockSetSnow_A_02
0
-1.28
0
-3476.586
474.2209
-3554.332
1.0
Obj_TreeConiferous_A_Snow_01
0
3.896719
0
-3518.892
493.8363
-3376.177
1.0
Animal_Wolf_C
0
-0.1800001
0
-3633.125
444.2805
-3015.734
1.0
Obj_Mineral_A_01
0
-0.38
0
-3854.925
368.7656
-3803.323
1.0
Obj_RockSetSnow_A_02
-3.136942
0.5383231
-3.099408
-3974.138
529.6579
-3697.523
1.0
Obj_RockSetSnow_A_02
3.045434
0.3764724
-2.969428
-3684.603
453.3812
-3244.569
1.0
Obj_LiftRockWhite_Korok_A_01
0
-0.52
0
-3757.225
374.9847
-3845.517
1.0
Obj_TreeConiferous_A_Snow_01
0
2.891357
0
-3220.542
611.7875
-3141.342
1.0
Obj_TreeConiferousLow_A_Snow_01
0
0
0
-3112.987
431.9191
-3535.77
1.0
Barrel
0.004799644
0.5342334
-0.08521123
-3163.002
441.158
-3494.999
1.0
Obj_RockSetSnow_A_02
0
0.1
0
-3318.445
538.2297
-3354.533
1.0
Obj_RockSetSnow_A_03
0
2.7
0
-3140.963
637.6241
-3209.038
1.0
Obj_TreeConiferous_A_Snow_01
0
4.502499
0
-3290.24
574.771
-3301.333
1.0
Item_Plant_O
1.016357
-0.1416016
-0.02416991
-3434.516
571.2031
-3402.582
1.0
Obj_Mineral_C_01
-0.2758489
-0.6414268
0.1677769
-3966.156
324.6256
-3835.651
1.0
Obj_RockSetSnow_A_02
-0.108921
-0.8839087
0.3515788
-3238.383
598.2958
-3249.854
1.0
Obj_RockSetSnow_A_02
0.2548737
-0.655239
0.142822
-3746.576
403.9796
-3529.702
1.0
Animal_Elk_A
0
2.22
0
-3818.137
399.8881
-3240.106
1.0
Obj_TreeConiferous_A_Snow_01
0
5.323797
0
-3381.463
531.0999
-3326.07
1.0
Obj_RockSetSnow_A_02
0.9584662
-0.5639696
0.009464792
-3646.044
425.8177
-3367.16
1.0
Obj_TreeConiferous_A_Snow_01
0
-0.8563232
0
-3369.77
474.4378
-3602.367
1.15
Obj_TreeConiferous_A_Snow_01
0
5.642638
0
-3327.579
566.2666
-3428.824
1.0
Obj_RockSetSnow_A_02
0
0
0
-3638.693
419.2279
-3019.848
1.0
Area
0
-2.48
0
-3930.805
425.4878
-3164.406
100
Obj_TreeConiferousLow_A_Snow_01
0
0.6801032
0
-3674.68
338.9523
-3781.546
1.0
Obj_TreeConiferous_A_Snow_02
0
6.240693
0
-3599.636
445.6971
-3319.139
1.0
Obj_RockSetSnow_A_05
-1.983746
1.072008
-1.973566
-3328.189
562.7292
-3205.59
1.0
Obj_Plant_HopBush_C_Snow_02
-0.09443276
0.1193605
-0.3333705
-3566.621
490.5001
-3274.215
0.882324
Obj_TreeConiferous_A_Snow_01
0
0.1211407
0
-3729.838
417.9853
-3512.426
1.0
Obj_TreeConiferous_A_Snow_01
0
4.285035
0
-3490.684
428.1198
-3109.847
1.0
Item_Mushroom_D
-1.385986
0.8532714
-2.916015
-3735.598
276.8477
-3882.141
1.0
Obj_TreeConiferous_A_Snow_01
0
4.082672
0
-3294.667
544.8367
-3384.878
1.0
Item_Plant_O
-1.672729
0.4693603
3.098755
-3438.84
541.5938
-3473.633
1.0
Obj_TreeWhiteBirch_A_02
0
-0.8399999
0
-3439.108
511.1526
-3313.243
1.0
Obj_TreeConiferousLow_A_Snow_01
0
5.95075
0
-3559.949
577.2499
-3450.949
1.0
Obj_TreeConiferous_A_Snow_01
0
1.421999
0
-3290.124
574.3207
-3293.129
1.0
Obj_RockSetSnow_A_05
0
-1
0
-3146.323
444.0905
-3471.418
1.0
Obj_TreeConiferous_A_Snow_01
0
0.9305176
0
-3614.954
439.1955
-3365.024
1.0
Obj_RockSetSnow_A_04
0
2.843186
0
-3317.265
459.2687
-3569.605
1.0
Obj_TreeConiferousDead_A_Snow_01
0
0
0
-3645.772
336.1697
-3792.36
1.0
Obj_TreeConiferous_A_Snow_01
0
1.996239
0
-3493.506
571.1252
-3450.6
1.0
Obj_RockSetSnow_A_02
0
0.2
0
-3245.294
539.7922
-3361.147
1.0
Obj_TreeConiferous_A_Snow_01
0
0
0
-3159.398
442.2925
-3485.523
1.0
Item_Mushroom_F
0.03573288
-0.003699254
0.2062939
-3856.691
409.607
-3058.868
1.0
Obj_TreeConiferous_A_Snow_01
0
5.767334
0
-3443.627
523.7941
-3214.191
1.0
Obj_TreeConiferousLow_A_Snow_01
0
0
0
-3317.615
356.4717
-3705.12
1.0
Obj_TreeConiferous_A_Snow_01
0
0
0
-3067.383
663.1841
-3252.512
1.0
Obj_TreeConiferous_A_Snow_01
0
1.278491
0
-3190.692
563.0483
-3022.35
1.0
FldObj_TorchStandBone_A_01
0
1.941604
0
-3628.076
336.8542
-3806.838
1.0
Obj_TreeConiferousLow_A_Snow_01
0
0
0
-3325.899
565.0591
-3421.084
1.0
FldObj_BankingFlat_A_05
2.993371
1.368719
2.937576
-3844.107
525.2499
-3679.034
0.9
Area
0
0
0
-3659.627
335.4033
-3801.939
25
Obj_TreeConiferous_A_Snow_02
0
0
0
-3455.021
346.4716
-3782.9
1.0
Obj_RockSetSnow_A_02
-0.164348
-0.4100284
0.3942476
-3606.921
425.3423
-3008.72
1.0
Obj_RockSetSnow_A_02
-0.2045166
-0.7373338
0.299246
-3268.077
586.0107
-3220.36
1.0
Obj_MineralBury_A_01
0
0
0
-3794.054
353.1001
-3037.887
1.0
Obj_TreeConiferous_A_Snow_01
0
1.205168
0
-3819.314
422.8188
-3333.149
1.0
Obj_TreeConiferous_A_Snow_02
0
3.27442
0
-3437.133
580.8782
-3421.863
1.0
Obj_Plant_HopBush_C_Snow_01
-0.1926854
-1.029078
0.1323037
-3174.438
345.7178
-3634.855
0.972656
Obj_LiftRockWhite_Korok_A_01
0
2.076637
0
-3754.847
375.0497
-3847.244
1.0
Barrel
0.03575579
1.085446E-05
-0.0003669912
-3670.999
335.7231
-3805.512
1.0
Obj_Mineral_C_01
-0.0528012
0.254701
-0.2067624
-3956.532
323.6842
-3832.145
1.0
AscendingCurrent
0
0
0
-3809.147
281.6565
-3826.128
1.0
TBox_Field_Iron
-0.2353924
0.04724178
0.374413
-3527
421.6527
-3118
1.0
Obj_TreeConiferous_A_Snow_02
0
3.259243
0
-3197.92
443.1286
-3514.154
1.0
Obj_LiftRockWhite_Korok_A_01
0
0.1916814
0
-3758.694
375.0981
-3845.994
1.0
Item_Mushroom_D
-1.748169
0.4981689
2.750854
-3225.656
304.8555
-3725.883
1.0
Obj_LiftRockWhite_Korok_A_01
0.6799994
1.32
0
-3755.22
374.6004
-3842.279
1.0
Item_Mushroom_N
0
-0.9968261
0
-3631.82
438.4071
-3384.379
1.0
Obj_LiftRockWhite_Korok_A_01
0.8
-1.540002
0
-3753.292
375.3523
-3851.469
1.0
Barrel
-0.002454586
0.0009179455
0.03963021
-2972.025
678.5667
-3202.123
1.0
Obj_TreeConiferousLow_A_Snow_01
0
0
0
-3505.826
491.567
-3275.303
1.0
FldObj_BankingFlat_A_05
-2.994182
-1.38124
3.116261
-3616.448
447.0666
-3033.277
0.8
Item_Plant_E
0
-0.2299805
0
-3947.457
361.2335
-3410.918
1.0
Obj_RockSetSnow_A_02
0
0.4600001
0
-3417.504
473.2836
-3585.292
1.0
Obj_TreeConiferous_A_Snow_01
0
0
0
-3656.324
338.6068
-3831.741
1.0
Obj_Plant_HopBush_C_Snow_02
0.501811
-1.040763
-0.05026155
-3512.664
372.5559
-3062.871
1.006348
Obj_Mineral_A_01
0
0
0
-3020.601
421.2662
-3478.835
1.0
Obj_LiftRockWhite_Korok_A_01
0
-1.540002
0
-3760.205
375.4116
-3852.577
1.0
Obj_RockSetSnow_A_02
3.041687
0.5535765
-2.989995
-3561.936
449.4421
-3358.673
1.0
FldObj_BankingFlat_A_05
-0.08492444
1.423908
-0.4092787
-3786.984
509.0073
-3684.167
1.0
Obj_RockSetSnow_A_02
0
-0.4199999
0.22
-3794.839
394.7806
-3422.316
1.0
Animal_Elk_A
0
1.26
0
-3684.346
457.3239
-3160.984
1.0
Animal_Elk_A
0
0.9
0
-3654.826
450.5317
-3115.18
1.0
PointWindSetTag
0
-0.5600002
0
-3306.828
350.681
-3709.832
1.0
Obj_TreeConiferous_A_Snow_02
0
0
0
-3233.383
446.6657
-3533.195
1.0
Obj_TreeConiferous_A_Snow_01
0
4.875049
0
-3451.206
524.5881
-3208.167
1.0
Obj_RockSetSnow_A_05
0
1.340001
0
-3060.503
425.8729
-3522.465
1.0
Obj_RockSetSnow_A_05
0
1.183185
0
-3739.654
333.1634
-3813.924
1.0
Obj_TreeWhiteBirch_A_01
0
-1.7
0
-3346.675
553.717
-3257.383
1.0
Obj_TreeConiferous_A_Snow_01
0
2.431325
0
-3309.206
461.2991
-3555.286
1.15
Obj_RockSetSnow_A_03
-0.1100674
-0.3010876
0.3567128
-3180.369
626.1376
-3256.904
1.0
Obj_TreeConiferousDead_A_Snow_01
0
0
0
-3223.799
348.6812
-3641.718
1.0
Obj_TreeConiferous_A_Snow_01
0
0.3958167
0
-3510.879
573.5547
-3437.369
1.0
Obj_TreeConiferous_A_Snow_01
0
0
0
-3623.887
469.241
-3254.153
1.0
Obj_RockSetSnow_A_02
-0.007457074
0.1724588
0.3378571
-3765.693
424.1441
-3071.424
1.0
Obj_LiftRockWhite_Korok_A_01
0.54
-1.540002
0
-3751.716
375.0561
-3846.054
1.0
Item_Plant_E
3.141479
1.06311
3.141479
-3537.324
459.2717
-3320.965
1.0
Obj_TreeConiferous_A_Snow_01
0
4.70827
0
-3523.493
422.8851
-3131.519
1.0
Obj_RockSetSnow_A_05
-1.206739
-0.7187259
-0.02593962
-3821.996
335.9309
-3803.895
1.0
Item_Mushroom_B
0
-1.058105
0
-3545.309
580.0199
-3447.203
1.0
Obj_TreeConiferous_A_Snow_02
0
1.985697
0
-3634.712
473.3028
-3325.274
1.0
Obj_TreeWhiteBirch_A_01
0
2.87729
0
-3730.098
416.0346
-3531.301
1.0
Obj_RockSetSnow_A_03
-0.4
0
0.48
-3716.577
424.7844
-3523.8
1.0
Obj_RockSetSnow_A_05
0.04
-0.5200001
0
-3221.186
444.0845
-3492.625
1.0
Item_Mushroom_B
3.141479
0.9890136
3.141479
-3237.762
561.3942
-3037.063
1.0
Animal_Elk_A
0
0.6199999
0
-3789.749
439.5846
-2949.99
1.0
Obj_RockSetSnow_A_05
-0.5399999
0
0
-3250.138
348.5982
-3646.253
1.0
Obj_LiftRockWhite_Korok_A_01
0
-1.540002
0
-3754.188
374.5886
-3842.935
1.0
Obj_TreeConiferous_A_Snow_01
0
5.676882
0
-3807.521
402.8
-3519.243
1.0
Obj_TreeConiferous_A_Snow_01
0
2.230316
0
-3273.082
540.3603
-3368.575
1.0
Obj_RockSetSnow_A_02
0
2.081581
0
-3598.917
336.8905
-3834.346
1.0
Obj_RockSnow_A_01
0
0
0
-4228.442
364.8145
-3373.201
1.0
Obj_RockSetSnow_A_02
2.227542
1.110344
2.254668
-3987.689
387.3608
-3138.127
0.8
Obj_LiftRockWhite_Korok_A_01
0
0.6283185
0
-3755.756
374.9135
-3845.994
1.0
TBox_Field_Iron
-0.4076442
0.01576627
-0.1819971
-3635.477
475.6206
-3309.158
1.0
Obj_TreeConiferous_A_Snow_01
0
4.810571
0
-3682.935
464.6834
-3300.659
1.0
BarrelBomb3
0.0990999
0.005235688
0.03273087
-3519.271
422.2469
-3119.577
1.0
Obj_RockSetSnow_A_03
-0.2121789
0.0579548
0.233377
-3923.51
365.6354
-3421.946
1.0
Obj_RockSetSnow_A_03
0
2.08
0
-3117.152
430.7349
-3535.112
1.0
Obj_TreeConiferous_A_Snow_01
0
1.721019
0
-3548.507
576.8756
-3433.316
1.0
Obj_TreeConiferous_A_Snow_02
0
0
0
-3338.163
349.5374
-3725.55
1.0
Obj_Plant_CypressLow_B_01
-0.1637639
-0.04055551
0.1260562
-3647.191
472.0782
-3324.879
1.064453
TBox_Field_Iron
0.1776809
-1.176958
-0.110762
-3979.221
177.7216
-2846.601
1.0
Obj_LiftRockWhite_Korok_A_01
0
-1.540002
0
-3761.86
375.0488
-3844.981
1.0
AnchorAction1
0
-1.280001
0
-3697.5
335.4458
-3825.5
1.0
Obj_Plant_HopBush_C_Snow_01
0.3222672
-0.2632827
0.2825176
-3007.359
681.6306
-3152.297
0.960449
Obj_Mineral_A_01
0.7513348
0.9488966
0.867883
-3829.459
494.7072
-3572.702
1.0
FldObj_BankingFlat_A_07
0
0
-0.12
-3962.01
529.0154
-3687.32
1.0
Obj_TreeConiferous_A_Snow_01
0
0.6289062
0
-3885.234
381.8285
-3241.52
1.15
Obj_TreeConiferous_A_Snow_01
0
1.44233
0
-3719.584
453.2121
-3573.973
1.0
IceWall
-3.101429
-0.3665074
-3.084269
-3972.655
385.1253
-3123.775
0.8
Obj_Plant_HopBush_C_Snow_01
-0.6781806
0.8281426
-0.1340767
-3874.691
401.5844
-3209.098
1.027344
Obj_RockSetSnow_A_02
0
2.68
0
-3709.011
338.9387
-3786.346
1.0
Obj_RockSetSnow_A_03
0
0
0
-3845.736
524.613
-3676.794
1.0
Area
0
0
0
-3174.5
441.4477
-3495.5
25
Obj_RockSetSnow_A_02
0
-0.3600001
0
-2997.4
668.7994
-3240.775
1.0
Area
0
0
0
-3174.5
441.4477
-3495.5
60
Obj_LiftRockWhite_Korok_A_01
0
-2.156637
0
-3759.603
375.2145
-3847.439
1.0
Obj_TreeConiferous_A_Snow_01
0
5.189183
0
-3569.289
576.9714
-3458.411
1.0
Obj_RockSnow_A_01
0
1.503197
0
-2969.64
678.0334
-3199.722
0.8
Obj_RockSetSnow_A_02
-0.07558773
0.009397067
0.247256
-3821.611
422.9099
-3352.158
1.0
Obj_Mineral_C_01
2.087006
-1.200709
-2.117629
-3978.81
326.0726
-3833.855
1.0
Enemy_Keese_Ice
0
-1.280001
0
-3685.098
343.4458
-3822.427
1.0
Obj_TreeBroadleafLow_Snow_A_01
0
0
0
-3049.297
676.7312
-3223.202
1.0
Obj_TreeConiferousLow_A_Snow_01
0
2.634624
0
-3567.742
574.3691
-3438.542
1.0
Item_Plant_E
0
0.1331787
0
-3741.852
410.3354
-3535.961
1.0
Obj_RockSetSnow_A_02
0
0.4000002
0
-3614.657
440.5206
-2986.894
1.0
TBox_Field_Iron
-0.34079
0.5199118
0.05848878
-3523.661
584.58
-3466.914
1.0
Obj_TreeConiferous_A_Snow_01
0
0
0
-3641.834
337.0301
-3770.722
1.0
FldObj_BankingFlat_A_07
-0.22
0
0
-3843.105
524.2179
-3675.245
1.0
Animal_Elk_A
0
0.01999163
0
-3359.529
475.0698
-3617.16
1.0
Obj_RockSetSnow_A_05
0.3260663
1.350066
0.2802687
-3366.512
574.451
-3429.241
1.0
Obj_TreeConiferous_A_Snow_02
0
0
0
-3689.035
431.7219
-3343.135
1.0
FldObj_BankingFlat_A_07
-0.1199049
-0.004787228
-0.03971267
-3970.537
530.2769
-3702.36
1.0
Obj_TreeConiferousSnowFallenTree_A_M_01
-0.7134861
0.1026864
-0.1809524
-3608.6
558.137
-3491.433
1.0
Item_Plant_O
1.058349
-0.8502197
0.1882324
-3716.379
466.668
-3473.109
1.0
Obj_RockSetSnow_A_05
0.1526004
0.9848474
0.16773
-3181.93
619.7982
-3172.055
1.0
Obj_RockSetSnow_A_02
-2.918941
0.4517019
-3.043087
-3303.317
459.2532
-3543.142
1.0
Obj_Plant_HopBush_C_Snow_01
-0.07081133
-1.049901
0.1124095
-3750.129
504.1281
-3647.254
0.873047
Obj_TreeConiferous_A_Snow_01
0
0
0
-3026.153
678.1073
-3222.05
1.0
Obj_TreeConiferous_A_Snow_01
0
3.14
0
-3738.151
407.5087
-3413.971
1.0
Item_Plant_O
-1.615478
0.4500732
2.932739
-3329.828
484.4688
-3556.559
1.0
Obj_TreeWhiteBirch_A_01
0
-1.46
0
-3208.72
572.8508
-3050.039
1.0
Obj_RockSetSnow_A_05
-1.154835
1.283448
-0.8980595
-3485.961
431.463
-3132.083
1.0
Obj_TreeConiferous_A_Snow_01
0
0.8916621
0
-3522.486
422.1526
-3124.237
1.0
Item_Plant_O
-1.094482
0.3677978
-3.038574
-3304.969
465.168
-3599.52
1.0
Obj_TreeConiferous_A_Snow_01
0
1.32
0
-3587.719
336.6061
-3827.288
1.0
Obj_RockSnow_A_01
2.827304
1.309321
2.837329
-3629.347
472.0896
-3326.346
1.0
TBox_Field_Iron
-0.2590109
0.3679642
0.1743381
-3531.89
494.6389
-3380.801
1.0
Enemy_Lizalfos_Ice
0
-1.32
0
-3397.282
505.9133
-3540.077
1.0
FldObj_BankingFlat_A_07
0
0
0
-4054.612
501.3688
-3701.693
1.0
Obj_TreeConiferous_A_Snow_02
0
0
0
-3591.52
337.4459
-3836.089
1.0
Barrel
3.128723
0.0009851857
3.136373
-2972.646
678.562
-3201
1.0
FldObj_TorchStandBone_A_01
0
2.679999
0
-3679.299
335.595
-3806.034
1.0
Item_Plant_E
0
1.338989
0
-3641.973
475.4936
-3300.617
1.0
Obj_RockSetSnow_A_02
-3.065871
0.2952896
-2.895739
-3397.776
526.3645
-3234.092
1.0
Obj_Mineral_A_01
-0.0743848
-0.5324665
-0.2620066
-3448.266
566.1624
-3401.081
1.0
Obj_RockSetSnow_A_04
0
0
0
-3619.379
419.4334
-3048.107
1.0
Obj_Plant_HopBush_C_Snow_02
0.1286795
-0.212228
0.09787218
-3930.297
350.0776
-3353.445
1.006836
Obj_TreeConiferous_A_Snow_01
0
3.409954
0
-3517.853
489.2452
-3369.528
1.0
FldObj_SnowEnemyLookout_B_01
0
-1.639999
0
-3948.981
427.6834
-3161.95
1.0
FldObj_BankingFlat_A_05
-0.08326078
-0.9461614
-0.2409407
-3963.899
531.0976
-3690.883
1.0
Obj_TreeConiferous_A_Snow_02
0
0
0
-3673.432
335.5218
-3797.24
1.0
Obj_RockSetSnow_A_05
-0.1435387
-0.1288843
0.05482256
-3729.403
419.8824
-3350.169
1.0
Item_Plant_O
-1.530517
0.5897217
-2.945312
-3498.27
501.3164
-3705.043
1.0
Obj_LiftRockWhite_Korok_A_01
0
1.32
0
-3762.636
375.2748
-3849.051
1.0
Obj_RockSetSnow_A_05
0
0
0
-3796.204
403.4727
-3231.364
1.0
Obj_Plant_CypressLow_B_01
0
-0.8040771
0
-3330.836
566.5133
-3245.125
0.865234
Item_Plant_O
-2.061768
-0.4866943
2.722778
-3197.078
603.1289
-3306.074
1.0
Obj_TreeConiferous_A_Snow_01
0
0.337199
0
-3018.556
676.8557
-3155.087
1.0
FldObj_BankingFlat_A_07
-0.1307341
-0.1818081
-0.02807765
-3413.684
506.8344
-3534.35
1.0
TBox_Field_Iron
0.07417443
0.3543121
0.5945168
-3108.044
582.4218
-3395.733
1.0
Obj_RockSnow_A_01
-1.213897
1.219717
-1.233386
-3053.945
676.0029
-3202.041
0.8
FldObj_BankingFlat_A_07
-0.2399999
0
0.05999999
-3899.191
536.7407
-3666.754
1.0
Obj_IcicleMountainThorn_A_01
0
-2.76
0
-3628.007
436.2538
-3025.671
1.0
FldObj_BankingFlat_A_07
-0.1169609
0.002431219
0.04151983
-3463.901
496.9824
-3565.155
1.0
Item_Mushroom_D
-0.1622314
1.229736
-1.928711
-3365.141
304.1602
-3810.285
1.0
Obj_RockSetSnow_A_02
0.2697031
-0.9760671
-0.3790426
-3338.791
465.1358
-3567.407
1.0
Obj_RockSetSnow_A_02
0
0.2999999
0.3199999
-3720.458
414.5642
-3420.672
1.0
Item_Plant_O
1.121216
-0.199707
0.2720947
-3465.582
517.3633
-3206.539
1.0
Obj_RockSetSnow_A_05
-3.099003
1.025336
-3.050443
-3536.336
481.9087
-3273.325
1.0
FldObj_BankingFlat_A_07
-0.1814565
-0.02340587
0.1779213
-3921.794
533.3386
-3669.845
1.0
Item_Mushroom_B
0
-0.3201904
0
-3598.625
445.5567
-3319.051
1.0
Obj_RockSetSnow_A_02
-0.18
0.2600001
0
-3621.246
443.1256
-3033.353
1.0
Item_Mushroom_B
3.141479
-0.4432373
3.141479
-3233.523
605.6494
-3170.531
1.0
Obj_LiftRockWhite_Korok_A_01
-0.1620368
0.7253454
-0.2416014
-3758.951
375.4173
-3853.191
1.0
Item_Plant_E
-0.06981317
0.01354007
0.01745329
-3843.721
340.2371
-3006.25
1.0
Obj_RockSetSnow_A_02
2.171248
0.9696287
2.343047
-4033.788
333.3044
-3382.344
1.0
Item_Plant_E
0
-1.304809
0
-3614.754
442.9753
-3317.613
1.0
Item_Plant_O
-1.203369
1.226929
-2.215332
-3073.773
581.293
-3358.031
1.0
Obj_RockSetSnow_A_02
0.1685645
1.336621
0.1732017
-3944.408
526.9128
-3680.163
1.0
Obj_RockSetSnow_A_02
-0.06570944
-0.1459897
0.7048066
-3519.665
410.7164
-3144.444
1.0
Obj_RockSetSnow_A_03
1.443674
-1.055709
-1.746695
-3867.793
413.8098
-3133.656
1.0
Obj_RockSetSnow_A_05
-3.003343
-1.124099
-3.014752
-3591.877
556.1351
-3445.221
1.0
FldObj_BankingFlat_A_05
0
0
-0.44
-3787.851
509.9402
-3673.102
1.0
Obj_RockSetSnow_A_02
-0.5962778
-0.1375887
0.0704844
-3767.81
413.4911
-3363.527
1.0
FldObj_BankingFlat_A_07
-0.06021384
0.007178484
-0.1995694
-3780.263
507.1869
-3666.97
1.0
Obj_TreeConiferous_A_Snow_01
0
0
0
-3720.754
412.8883
-3409.257
1.0
Animal_Elk_A
0
1.38
0
-3449.704
500.9836
-3651.333
1.0
BarrelBomb3
-3.094849
-0.6617516
3.112603
-3923.095
425.3641
-3161.06
1.0
Obj_TreeConiferous_A_Snow_01
0
4.027502
0
-3234.169
605.949
-3169.497
1.0
Item_Mushroom_D
-1.413696
0.1049805
-2.709106
-3309.539
308.4844
-3765.945
1.0
Obj_Mineral_A_01
-0.0651072
-0.002341327
-0.03522805
-3150.139
446.9863
-3472.646
1.0
Obj_MineralBury_A_01
-0.1009536
-0.2616147
0.7132923
-3517.356
444.1356
-3738.464
1.0
Obj_Plant_HopBush_C_Snow_01
-1.507598
1.290791
-1.504837
-3174.313
346.4038
-3630.566
0.852539
Animal_LittleBird_B
0
-0.4400001
0
-3408.104
506.1198
-3542.885
1.0
Obj_TreeConiferousLow_A_Snow_01
0
2.129011
0
-3600.217
342.0992
-3836.795
1.0
Obj_Mineral_A_01
0
0.5200006
0
-3796.257
352.3344
-3039.323
1.0
Obj_RockSetSnow_A_05
0
2.42
0
-3600.118
334.234
-3787.006
1.0
Obj_TreeConiferous_A_Snow_02
0
0
0
-3637.702
434.5481
-3374.905
1.0
Obj_RockSetSnow_A_05
2.248772
0.6311641
2.509233
-3552.89
425.2108
-3184.677
1.0
Obj_TreeConiferous_A_Snow_01
0
5.99606
0
-3927.789
362.2148
-3270.355
1.0
Item_Mushroom_F
3.141479
0.6298828
3.141479
-3841.781
417.3742
-3347.836
1.0
Obj_RockSetSnow_A_05
-1.38
0
0.4399999
-3865.228
267.708
-3839.552
1.0
FldObj_SnowEnemyLookout_B_01
0
0.7799999
0
-3651.5
340.8133
-3840
1.0
Item_Plant_O
-1.51001
0.4534912
-2.641235
-3620.191
548.6055
-3527.234
1.0
Obj_RockSetSnow_A_02
0
1
0
-3394.969
474.7836
-3545.823
1.0
FldObj_BankingFlat_A_05
-0.3699236
0.3168754
-0.512858
-3792.458
513.7806
-3671.718
1.0
Obj_RockSetSnow_A_05
-1.38
-0.2
0
-3904.047
361.5227
-3810.825
1.0
Obj_RockSetSnow_A_02
-0.2123826
-0.4312116
0.2777094
-3745.79
411.2016
-3366.397
1.0
Item_Plant_O
-1.755737
0.3759765
-2.827636
-3119.305
606.7578
-3305.777
1.0
Obj_RockSetSnow_A_02
3.07604
-0.497654
-3.00493
-3818.397
345.1965
-3002.653
1.0
Enemy_Keese_Ice
0
-1.280001
0
-3701.608
347.4458
-3840.972
1.0
Item_Plant_O
-2.138916
0.2387695
2.954834
-3238.879
513.9688
-3446.234
1.0
Obj_RockSetSnow_A_02
0
1.301591
0
-2972.937
674.2099
-3208.836
1.0
Item_Mushroom_F
0
0.5812988
0
-3812.566
347.6148
-3014.004
1.0
Item_Plant_O
1.030396
-0.5205078
-0.1798096
-3457.715
498.582
-3596.793
1.0
Obj_TreeConiferous_A_Snow_01
0
5.706221
0
-3578.698
572.5227
-3463.876
1.0
Obj_RockSetSnow_A_03
0
-0.5600002
0
-3224.586
446.2059
-3503.688
1.0
Obj_TreeWhiteBirch_A_01
0
0.08028388
0
-3217.44
569.4918
-3045.823
1.0
Obj_TreeConiferousLow_A_Snow_01
0
1.203702
0
-3644.959
336.0345
-3782.549
1.0
Obj_RockSnow_A_01
0
0.14
0
-3047.437
675.7875
-3224.364
0.8
Enemy_Lizalfos_Ice
0
-3.041595
0
-3447.722
498.2065
-3560.713
1.0
Animal_Rhino_A
0
1.28
0
-3211.773
542.9979
-3379.03
1.0
BarrelBomb3
0.03236103
-0.3999231
-0.00489095
-3519.5
422.1677
-3107.5
1.0
Obj_TreeConiferous_A_Snow_01
0
1.366748
0
-3798.485
351.4504
-3031.093
1.0
Item_Plant_E
0
0.02048823
0
-3316.209
564.5001
-3243.277
1.0
Animal_Elk_A
0
1.68
0
-3632.084
452.4346
-3143.875
1.0
Obj_TreeWhiteBirch_A_01
0
0.8550159
0
-3246.136
562.2969
-3041.216
1.0
Animal_Wolf_C
0
1.28
0
-3446.831
346.4188
-3810.756
1.0
FldObj_BankingFlat_A_07
-0.159214
0.01590593
-0.421269
-3809.423
519.2191
-3667.168
1.0
Obj_RockSetSnow_A_05
-2.591479
-1.314854
2.988891
-3759.416
411.5533
-3488.99
1.0
AnchorAction1
0
-1.280001
0
-3700.62
349.118
-3831.311
1.0
Item_Plant_O
1.305263
-1.14825
-0.03797749
-3846.527
309.503
-2871.38
1.0
Obj_TreeConiferous_A_Snow_01
0
2.856709
0
-3130.781
434.0401
-3550.719
1.0
Item_Plant_E
0
-1.311157
0
-3394.918
522.1655
-3304.617
1.0
Obj_TreeConiferous_A_Snow_01
0
-0.8563232
0
-3276.659
451.0169
-3535.171
1.15
Obj_Plant_HopBush_C_Snow_01
0.5591358
-1.427986
-0.2528975
-3848.172
393.4248
-3274.941
0.952148
Obj_TreeConiferous_A_Snow_01
0
0
0
-3181.768
621.9292
-3193.237
1.0
Obj_RockSetSnow_A_02
0.1122252
0.05111241
-0.3745469
-3943.316
393.0086
-3127.504
0.8
Obj_RockSetSnow_A_05
-0.7320752
-1.312954
1.297742
-3069.849
662.4693
-3237.332
1.0
Obj_Mineral_A_01
0.1296331
0.2317029
0.04801414
-3828.773
493.8086
-3571.123
1.0
Obj_Mineral_A_01
0
0
0
-3799.832
351.6749
-3040.548
1.0
Enemy_Lizalfos_Ice
0
2.400001
0
-3449.252
496.4382
-3574.439
1.0
Obj_TreeConiferousLow_A_Snow_01
0
0
0
-3144.834
435.6234
-3545.973
1.0
Obj_LiftRockWhite_Korok_A_01
0
0.8199999
0
-3751.833
375.3615
-3848.931
1.0
Obj_RockSetSnow_A_03
0
-1.579998
0
-3439.674
339.9165
-3833.049
1.0
Obj_RockSetSnow_A_03
0
-2.44
0
-3536.33
583.6672
-3460.719
1.0
Obj_TreeConiferous_A_Snow_02
0
0.9873103
0
-3617.375
555.5347
-3481.271
1.0
Obj_LiftRockWhite_Korok_A_01
0
1.040001
0
-3759.974
374.9274
-3842.875
1.0
Obj_Plant_CypressLow_B_01
-1.1353
1.436078
-0.8460289
-3754.926
450.0209
-3064.16
0.85791
Obj_RockSetSnow_A_02
-2.848987
0.0740558
2.921815
-3949.104
388.7025
-3223.794
0.8
Obj_TreeConiferous_A_Snow_02
0
6.056008
0
-3629.837
475.5266
-3313.055
1.0
Animal_Elk_A
0
0
0
-3427.857
502.5653
-3621.125
1.0
Obj_TreeConiferous_A_Snow_02
0
3.369784
0
-3286.356
541.2725
-3370.347
1.0
Item_Plant_E
0.09200495
-0.008078517
0.1059894
-3567.153
485.033
-3232.056
1.0
Obj_TreeConiferous_A_Snow_01
0
5.260046
0
-3222.971
607.9083
-3133.167
1.0
Obj_TreeConiferous_A_Snow_01
0
3.967586
0
-3499.022
490.4965
-3285.813
1.0
Item_Mushroom_D
-1.473144
0.1159668
2.671509
-3629.199
205.1289
-3907.055
1.0
Obj_Mineral_B_01
0
0
0
-3789.652
353.4471
-3037.253
1.0
Obj_RockSetSnow_A_02
0.1693106
0.3281354
-0.2750242
-3765.605
334.014
-3810.76
1.0
Obj_RockSetSnow_A_02
-0.2684336
-0.2834817
0.2813588
-3875.212
396.9541
-3205.871
1.0
Obj_Plant_HopBush_C_Snow_01
0.7248147
1.332423
0.9529421
-3120.934
578.4726
-3382.625
0.888184
Obj_TreeConiferous_A_Snow_01
0
2.12013
0
-3305.995
562.223
-3306.602
1.0
Obj_TreeConiferousLow_A_Snow_01
0
0
0
-3222.781
348.209
-3645.688
1.0
Obj_RockSetSnow_A_02
-0.7648154
-0.3827802
0.1068753
-3003.439
672.1073
-3191.97
1.0
Obj_TreeConiferous_A_Snow_01
0
2.731166
0
-3393.665
525.2963
-3329.356
1.0
Obj_TreeConiferous_A_Snow_02
0
0
0
-3613.87
336.863
-3799.872
1.0
Obj_TreeConiferous_A_Snow_01
0
0.3715422
0
-3603.999
558.2845
-3493.9
1.0
Item_Plant_O
-2.030884
0.783081
3.020508
-3226.91
569.8828
-3331.789
1.0
Obj_TreeWhiteBirch_A_01
0
0.9385076
0
-3736.826
433.6306
-3484.155
1.0
Obj_Plant_HopBush_C_Snow_02
0.05970396
0.6007194
-0.02523756
-3038.434
424.8506
-3480.199
1.021973
Item_Plant_O
-2.818848
-1.1698
-2.225586
-3643.273
502.1992
-3601.172
1.0
Obj_MineralBury_A_01
2.630839
-0.183643
-1.54378
-4001.07
301.2228
-3112.016
1.0
Obj_RockSetSnow_A_04
0.04315558
-0.2848338
0.2321757
-3968.793
384.5643
-3121.112
0.8
Obj_TreeConiferous_A_Snow_02
0
0
0
-3727.47
337.1253
-3819.317
1.0
Animal_Fox_B
0
0
0
-3357.807
350.2393
-3749.994
1.0
Obj_TreeConiferousLow_A_Snow_01
0
0
0
-3571.095
492.0826
-3274.064
1.0
Item_Plant_O
-2.059448
0.9578857
-2.985229
-3502.023
527.2813
-3516.629
1.0
Obj_Plant_HopBush_C_Snow_01
-0.3910816
-1.061224
0.4668391
-3676.336
468.8196
-3553.055
0.898438
Obj_TreeConiferousDead_A_Snow_01
0
0
0
-3305.931
353.2662
-3669.788
1.0
Barrel
-1.039613
-0.007699687
-1.586053
-3656.246
335.9041
-3791.072
1.0
FldObj_BankingFlat_A_05
-0.04377296
0.0005236883
-0.478418
-3795.392
514.0307
-3683.379
1.0
Obj_RockSetSnow_A_05
1.030237
-0.9526747
-0.7960186
-3654.136
454.5388
-3234.74
1.0
Obj_TreeConiferous_A_Snow_01
0
4.960822
0
-3846.424
411.0587
-3053.003
1.0
Item_Plant_O
-2.159424
1.109131
-3.027344
-3538.695
529.0273
-3573.793
1.0
Obj_RockSnow_A_01
0
1.34
0
-3615.572
556.9157
-3491.641
1.0
Obj_TreeConiferous_A_Snow_01
0
0
0
-3036.623
676.2764
-3250.851
1.0
Obj_IcicleMountainThorn_A_01
0
0
0
-3601.628
437.1444
-3035.331
1.0
Obj_TreeWhiteBirch_A_01
0
0
0
-3578.77
445.6074
-3334.098
1.0
Obj_TreeConiferous_A_Snow_01
0
3.076278
0
-3245.442
603.452
-3280.222
1.0
KibakoSnowMountain_Contain_01
0.01798108
0.3795052
0.02179419
-3670.02
335.6343
-3802.869
1.0
Obj_Plant_HopBush_C_Snow_02
-0.4015778
-0.2310888
0.3790839
-3273.02
583.6205
-3242.055
0.893066
FldObj_BankingFlat_A_07
-0.1357602
-0.001877499
-0.02761482
-3401.207
506.1782
-3532.6
1.0
Obj_Mineral_A_01
0
0.28
0
-3142.852
447.6487
-3474.164
1.0
Animal_Doe_A
0
-0.4000001
0
-3490.532
509.1071
-3627.376
1.0
Barrel
-0.0003794684
-1.28
0.0001623053
-3689.106
354.795
-3832.576
1.0
Obj_TreeConiferous_A_Snow_01
0
3.79503
0
-3008.876
643.2971
-3303.166
1.0
FldObj_BankingFlat_A_05
0
-1.760001
0
-3620.764
446.4057
-3040.922
0.8
Obj_RockSetSnow_A_05
-0.4237237
0.8953314
-0.3384588
-3540.419
575.1168
-3488.21
1.0
Obj_RockSetSnow_A_02
-0.5161278
0.1006037
0.3099816
-3771.484
415.7342
-3154.842
1.0
Obj_LiftRockWhite_Korok_A_01
0.46
-1.540002
0
-3752.292
374.8445
-3844.837
1.0
Obj_TreeConiferous_A_Snow_01
0
6.273766
0
-3473.538
574.4435
-3425.551
1.0
Obj_IcicleMountainThorn_A_01
-0.6987764
-1.067972
0.5946599
-2988.859
678.063
-3213.026
1.0
Obj_Plant_HopBush_C_Snow_01
-0.5343331
0.9014061
-0.3506089
-3639.188
337.2841
-3770.582
0.900391
Item_Mushroom_B
0
-0.6490479
0
-3454.621
346.0441
-3784.074
1.0
Obj_TreeConiferous_A_Snow_01
0
4.732363
0
-3512.368
488.7276
-3282.157
1.0
Obj_Plant_HopBush_C_Snow_01
-0.1011057
-0.4709693
-0.09239624
-3325.594
564.6863
-3415.297
0.943848
Obj_RockSetSnow_A_05
-1.67868
-0.420287
1.977785
-3940.225
378.8117
-3809.838
1.0
Obj_TreeConiferous_A_Snow_01
0
2.964312
0
-3191.27
568.9019
-3031.65
1.0
Obj_RockSetSnow_A_04
-0.3445686
0.1537183
-0.2834327
-3002.099
666.6315
-3204.533
1.0
Item_Mushroom_D
-1.880249
0.1947021
-3.080322
-3490.211
210.4883
-3891.934
1.0
Obj_RockSetSnow_A_05
0
-0.06
0
-3297.84
453.6804
-3539.251
1.0
FldObj_SnowEnemyLookout_B_01
0
2.28
0
-3627
338.7943
-3801
1.0
Obj_RockSnow_A_01
0
0
0
-3862.626
530.8249
-3675.657
1.0
Obj_RockSetSnow_A_04
0
-2.46
0
-3199.393
443.0512
-3510.496
1.0
Enemy_Lizalfos_Ice
0
-2.819999
0
-3417.716
505.3296
-3547.734
1.0
Item_Mushroom_F
0
-1.470947
0
-3804.273
393.5681
-3433.605
1.0
Obj_RockSetSnow_A_05
0
-1.42
0
-3163.421
438.2978
-3521.201
1.0
Obj_TreeConiferous_A_Snow_01
0
3.592913
0
-3193.63
561.254
-3016.441
1.0
Obj_RockSetSnow_A_05
-2.494794
-0.9777445
2.766909
-3429.897
524.1841
-3209.219
1.0
Obj_RockSetSnow_A_04
0
0
0
-3619.379
419.4334
-3018.654
1.0
Item_Plant_O
0.8406982
0.01342773
-0.3967285
-3361.188
519.5859
-3153.777
1.0
Obj_TreeConiferous_A_Snow_02
0
1.27627
0
-3544.327
583.3216
-3478.686
1.0
Obj_TreeConiferous_A_Snow_01
0
5.13614
0
-3318.169
563.7975
-3420.992
1.0
Obj_TreeConiferousLow_A_Snow_01
0
0
0
-3165.995
441.1951
-3504.465
1.0
Obj_RockSetSnow_A_02
0
-0.05999999
-0.09999999
-3306.721
456.0577
-3552.431
1.0
Obj_TreeConiferousLow_A_Snow_01
0
5.096071
0
-3584.227
336.2917
-3831.95
1.0
Obj_TreeConiferous_A_Snow_01
0
5.959855
0
-3538.29
490.4142
-3372.262
1.0
FldObj_BankingFlat_A_05
-0.2
0
0
-3866.823
534.9899
-3670.112
1.0
FldObj_TorchStandBone_A_01
0
1.5
0
-3587.389
337.2385
-3821.67
1.0
TBox_Field_Iron
3.040582
0.6491005
-2.970295
-3787.49
426.8856
-3076.108
1.0
Obj_BreakBoxIron
0.02395594
0.3401663
0.02905296
-3646.823
335.7065
-3797.56
1.0
Obj_Plant_CypressLow_B_01
-0.451182
0.02621583
0.114114
-3264.537
392.772
-3612.798
1.0
Obj_TreeConiferous_A_Snow_01
0
1.161593
0
-3679.428
430.2033
-3348.357
1.0
Obj_Plant_HopBush_C_Snow_02
0.1623318
-1.229259
-0.02202163
-3760.195
448.4281
-3056.855
0.97168
Obj_TreeConiferous_A_Snow_01
0
-1.487305
0
-3941.97
355.9902
-3267.628
1.15
Obj_RockSetSnow_A_05
-0.5842423
-1.121408
0.6332726
-3634.828
339.6462
-3757.956
1.0
Obj_RockSetSnow_A_04
0
2.363184
0
-3649.571
335.5066
-3792.482
1.0
Item_Plant_E
3.141479
0.04003906
3.141479
-3860.527
444.8871
-3516.961
1.0
Obj_RockSetSnow_A_03
2.964959
-1.134721
-2.903172
-3804.201
427.9232
-3330.252
1.0
Obj_RockSetSnow_A_03
-0.5609702
0.08553683
0.2949451
-3405.607
534.1414
-3203.601
1.0
Obj_TreeConiferous_A_Snow_01
0
3.809127
0
-3933.125
389.6804
-3109.648
1.0
Obj_TreeConiferous_A_Snow_02
0
3.745053
0
-3608.575
440.8426
-3324.143
1.0
Obj_RockSetSnow_A_05
0
0.42
0
-3243.842
443.6686
-3548.316
1.0
Animal_LittleBird_B
0
2.06
0
-3403.442
504.0217
-3554.432
1.0
Obj_TreeConiferous_A_Snow_01
0
4.98689
0
-3273.998
538.5624
-3382.342
1.0
Item_Plant_E
0
1.553345
0
-4011.848
313.0105
-3313.203
1.0
Obj_TreeConiferous_A_Snow_01
0
4.538855
0
-3200.102
568.8617
-3027.815
1.0
Obj_LiftRockWhite_Korok_A_01
0
2.621593
0
-3757.225
375.3198
-3850.517
1.0
Obj_TreeConiferousLow_A_Snow_01
0
5.669816
0
-3299.586
540.573
-3362.624
1.0
Obj_TreeWhiteBirch_A_01
0
5.825429
0
-3725.122
425.5591
-3496.5
1.0
Obj_TreeConiferous_A_Snow_01
0
-0.7
0
-3203.254
444.5623
-3499.727
1.0
Obj_RockSetSnow_A_03
0
-0.9400001
0
-3228.408
348.5217
-3640.797
1.0
IceWall
-3.121724
-0.6057387
2.889505
-3709.091
451.2957
-3564.59
0.6
FldObj_SnowEnemyLookout_B_01
0
-2.119989
0
-3212.508
449.0075
-3506.262
1.0
Obj_RockSetSnow_A_02
0
0
0
-3370.913
524.6201
-3515.411
1.0
Obj_RockSetSnow_A_02
0
0.05999999
0
-3657.03
335.9798
-3770.161
1.0
Obj_TreeConiferous_A_Snow_02
0
6.061981
0
-3177.156
441.7469
-3517.445
1.0
Obj_TreeConiferous_A_Snow_01
0
2.887901
0
-3811.55
347.9382
-3013.822
1.0
Item_Mushroom_B
3.141479
-0.04467772
3.141479
-3106.77
583.9824
-3402.781
1.0
Obj_RockSetSnow_A_02
1.2
-0.8799998
0
-3593.315
434.2779
-3039.166
0.8
Item_Mushroom_B
3.141479
0.2456055
3.141479
-3690.277
431.3161
-3343.113
1.0
Obj_RockSetSnow_A_02
0
-0.18
0
-3872.902
375.8484
-3415.191
1.0
Obj_TreeConiferous_A_Snow_01
0
3.720301
0
-3523.651
585.315
-3470.696
1.0
FldObj_BankingFlat_A_05
-2.994182
-1.38124
3.116261
-3613.466
447.299
-3035.225
0.8
Obj_RockSetSnow_A_02
0
1.76
0
-3590.045
426.5322
-3036.63
1.0
Obj_RockSetSnow_A_05
-0.3245935
0.1836493
-0.1456317
-3912.478
391.7846
-3203.288
1.0
BarrelBomb3
2.823792
-0.6367574
-2.980675
-3931.78
426.0545
-3172.703
1.0
Obj_Plant_HopBush_C_Snow_01
-0.09555337
-1.044544
0.0106377
-3590.234
337.7351
-3801.109
1.03125
Obj_TreeBroadleafLow_Snow_A_02
0
0
0
-3043.804
676.6047
-3223.61
1.0
Area
0
0
0
-3659.627
335.4033
-3801.939
100
Obj_LiftRockWhite_Korok_A_01
0
-0.8249556
0
-3759.603
375.3167
-3848.789
1.0
Obj_RockSetSnow_A_03
0
0
0.05999999
-3578.647
444.6727
-3054.348
1.0
Obj_Plant_CypressLow_B_01
-0.4867696
-0.9685768
0.5643739
-3596.051
336.9737
-3807.406
1.082031
Obj_Plant_HopBush_C_Snow_01
-0.4217148
-0.2328945
0.1739034
-3573.223
443.9909
-3340.148
0.87793
Area
0
0
0
-3522.729
422.3838
-3114.009
25
Obj_RockSetSnow_A_02
0
-0.22
0
-3923.146
426.8333
-3181.128
1.0
Obj_RockSetSnow_A_02
2.954951
0.2469021
-3.070901
-3859.589
366.9892
-3800.113
1.0
Obj_RockSetSnow_A_03
0
1.903184
0
-3539.291
582.7706
-3478.496
1.0
Area
0
0
0
-3522.729
422.3838
-3114.009
40
Obj_LiftRockWhite_Korok_A_01
0
-1.540002
0
-3757.463
375.3703
-3853.641
1.0
Animal_Elk_A
0
-0.38
0
-3880.932
395.6587
-3315.822
1.0
Obj_TreeConiferous_A_Snow_01
0
4.160737
0
-3332.095
349.7687
-3710.561
1.0
FldObj_BankingFlat_A_07
-0.1209161
0.06970009
0.1283232
-3941.744
528.1251
-3686.103
1.0
Obj_RockSnow_A_01
0.28
0
0
-3349.631
350.0211
-3750.157
1.0
Item_Mushroom_B
3.141479
0.1514892
3.141479
-3826.539
421.7474
-3338.754
1.0
Animal_Elk_A
0
-1.34
0
-3761.456
440.322
-2952.717
1.0
Obj_RockSetSnow_A_03
-0.2610552
-0.5240545
0.4903845
-3381.542
530.3701
-3321.772
1.0
Item_Mushroom_B
0
0.4257812
0
-3556.164
577.3981
-3486.406
1.0
Obj_LiftRockWhite_Korok_A_01
-1.16
-1.540002
0
-3761.065
374.9975
-3843.808
1.0
Obj_RockSetSnow_A_03
-2.946056
-0.5981458
2.851987
-3943.58
426.6179
-3176.896
1.0
Obj_TreeConiferous_A_Snow_02
0
2.297825
0
-3258.074
542.3256
-3360.246
1.0
Obj_TreeConiferous_A_Snow_01
0
1.224809
0
-3572.594
492.7223
-3277.549
1.0
Obj_RockSetSnow_A_02
0
0.16
0
-3639.921
419.2279
-3048.698
1.0
Obj_Mineral_A_01
0.2165565
0.0390795
-0.1757513
-3454.818
572.603
-3407.004
1.0
Obj_TreeConiferous_A_Snow_01
0
5.753466
0
-3294.42
455.9243
-3576.995
1.15
Obj_RockSetSnow_A_05
0.05357065
-0.8570461
-0.1228032
-3645.474
336.5079
-3845.373
1.0
Animal_Fox_B
0
1.659999
0
-3390.967
345.6348
-3770.96
1.0
Item_Plant_O
-1.949097
-1.114746
2.933349
-3390.594
515.2539
-3531.059
1.0
Obj_RockSetSnow_A_05
-1.051429
0.891696
-0.8957042
-3436.292
509.7545
-3257.998
1.0
Obj_TreeConiferousLow_A_Snow_01
0
0
0
-3630.035
475.1718
-3315.262
1.0
Item_Mushroom_B
0
-1.241089
0
-3624.094
556.9744
-3493.879
1.0
Obj_TreeConiferous_A_Snow_01
0
0
0
-3548.846
338.7441
-3819.031
1.0
FldObj_BankingFlat_A_07
-0.05998806
0.001999094
-0.5400277
-3797.78
514.1333
-3670.155
1.0
Obj_TreeConiferousLow_A_Snow_01
0
0
0
-3201.991
443.5463
-3514.065
1.0
Obj_RockSetSnow_A_03
0
-1.339999
0
-3507.425
339.3517
-3834.667
1.0
Obj_RockSetSnow_A_02
0
0
0
-3292.784
540.3945
-3403.764
1.0
Animal_LittleBird_B
0
1.96
0
-3407.183
504.1243
-3554.363
1.0
Animal_Fox_B
0
-1.36
0
-3428.995
346.8201
-3806.748
1.0
Obj_TreeConiferous_A_Snow_01
0
0.5560762
0
-3406.391
522.3928
-3504.699
1.0
Obj_RockSetSnow_A_05
0.8172294
-0.9799259
-0.743157
-3164.705
585.0442
-3083.535
1.0
Obj_RockSetSnow_A_03
1.375127
-0.1511443
0.1838735
-3817.449
396.5518
-3059.956
1.0
Obj_TreeConiferous_A_Snow_01
0
0.001227675
0
-3623.845
557.1566
-3493.041
1.0
BarrelBomb3
0.007722553
-1.281685
-0.002151344
-3706.528
345.1043
-3813.8
1.0
Obj_RockSetSnow_A_05
0
0.7
0
-3284.056
535.1379
-3405.471
1.0
Obj_TreeConiferous_A_Snow_01
0
2.785989
0
-3676.532
463.6596
-3310.599
1.0
Obj_RockSetSnow_A_03
0
0
0
-3586.939
428.2114
-3026.018
1.0
Obj_TreeConiferous_A_Snow_01
0
5.489239
0
-3237.371
609.5992
-3143.975
1.0
FldObj_BankingFlat_A_07
-0.07988802
-0.0007968759
0.2801033
-4029.583
514.6912
-3706.691
1.0
Obj_TreeConiferous_A_Snow_01
0
1.499145
0
-3848.414
414.3788
-3337.266
1.0
Item_Mushroom_F
0
0.3082275
0
-3059.441
427.9462
-3508.551
1.0
Obj_RockSetSnow_A_03
0
-0.7400002
0
-3036.479
675.8279
-3192.85
1.0
Obj_TreeConiferous_A_Snow_01
0
6.276812
0
-3913.179
393.5781
-3099.565
1.0
Dm_FldObj_EnemyTrace_Bonesmall_A_01
0
-0.6200001
0
-3520.639
422.45
-3115.342
1.0
Obj_RockSetSnow_A_03
0
0
0
-3407.635
343.9211
-3782.713
1.0
Obj_RockSetSnow_A_03
-0.1100674
-0.3010876
0.3567128
-3164.752
628.7001
-3252.216
1.0
Obj_TreeConiferousLow_A_Snow_01
0
5.157253
0
-3606.977
558.354
-3487.089
1.0
Obj_RockSetSnow_A_02
-0.2943626
-0.05874459
-0.1912884
-3223.795
347.2667
-3629.256
1.0
Animal_Elk_A
0
0.6399999
0
-3685.401
456.5746
-3154.669
1.0
FldObj_BankingFlat_A_07
-0.07517815
0.1199036
-0.3997105
-3856.896
528.9907
-3676.307
1.0
Obj_TreeConiferousLow_A_Snow_01
0
4.868893
0
-3670.8
335.5248
-3789.661
1.0
Item_Plant_E
0.09200495
-0.008078517
0.1059894
-3729.983
408.8662
-3408.01
1.0
Obj_RockSetSnow_A_02
0
-0.8999999
0
-3826.722
384.1142
-3390.002
1.0
Item_Plant_O
-1.997436
0.4036865
-2.909546
-3115.605
363.2188
-3595.711
1.0
Obj_LiftRockWhite_Korok_A_01
1.133693
1.112999
0.3687716
-3762.355
375.1492
-3846.256
1.0
Obj_TreeConiferous_A_Snow_01
0
2.282235
0
-3013.916
641.2259
-3305.684
1.0
Obj_TreeConiferous_A_Snow_01
0
0.2545582
0
-3828.471
344.5847
-3005.582
1.0
Item_Mushroom_D
-1.187622
-0.1911621
2.961303
-3376.863
330.6016
-3815.844
1.0
Obj_Plant_CypressLow_B_01
-0.1378889
0.733941
-0.2538031
-3932.379
389.6701
-3112.301
0.858887
Obj_TreeConiferous_A_Snow_01
0
5.779376
0
-3233.504
612.3878
-3273.695
1.0
FldObj_BankingFlat_A_07
-0.01974464
-0.003186157
0.2200312
-4012.012
518.1242
-3702.088
1.0
Obj_TreeConiferous_A_Snow_01
0
4.457012
0
-3632.174
437.8697
-3383.552
1.0
Obj_TreeConiferousDead_A_Snow_01
0
0
0
-3243.819
349.1536
-3685.608
1.0
Obj_LiftRockWhite_Korok_A_01
0
-2.709912
0
-3755.756
375.2466
-3850.039
1.0
Dm_FldObj_EnemyTrace_Bonesmall_A_01
0
1.120001
0
-3524.803
422.4174
-3116.507
1.0
Obj_TreeConiferous_A_Snow_01
0
3.450049
0
-3855.834
409.7487
-3058.468
1.0
Obj_RockSnow_A_01
-1.374495
1.10453
-0.1017852
-3740.342
398.7127
-3554.484
1.2
Obj_RockSetSnow_A_02
0
0.07999999
0
-3371.857
474.0651
-3585.593
1.0
Obj_RockSetSnow_A_05
0
-0.36
0
-3287.454
536.6246
-3365.217
1.0
Obj_TreeConiferous_A_Snow_01
0
0
0
-3408.601
345.0724
-3788.254
1.0
Barrel
-1.140033
0.05051944
-1.543982
-3520.723
422.5724
-3106.021
1.0
FldObj_BankingFlat_A_05
-2.5815
1.328122
-2.430058
-3944.617
531.3651
-3685.104
0.9
Obj_TreeConiferous_A_Snow_01
0
1.104758
0
-3243.548
602.5041
-3168.353
1.0
Obj_RockSetSnow_A_05
0
-1.38
0
-3205.561
438.0826
-3556.191
1.0
Item_Plant_O
-1.753296
-0.2554932
2.815918
-3796.938
446.0469
-3760.078
1.0
Obj_MineralBury_A_01
2.810188
-0.06017806
-2.611033
-3852.062
370.0109
-3801.635
1.0
Obj_RockSetSnow_A_02
2.473618
-1.177099
-1.992039
-3805.772
423.9466
-3313.228
1.0
KibakoSnowMountain_Contain_01
-0.001474916
-0.0001029447
-0.03335804
-2972.584
678.5944
-3203.816
1.0
Animal_Elk_A
0
0
0
-3590.228
469.3635
-3212.369
1.0
Obj_Plant_CypressLow_B_01
4.486033E-05
-0.4180876
-0.1566475
-3137.02
515.7141
-3013.379
0.878418
SpotBgmTag
0
-0.5601386
0
-2996.76
660.183
-3222.506
25
Item_Plant_O
2.218384
-0.8608398
-0.5500488
-3773.637
431.8164
-3045.848
1.0
Obj_RockSnow_A_01
0
0
0
-3630.799
467.9946
-3256.215
1.0
Obj_Plant_CypressLow_B_01
-0.452679
-0.2943298
0.2389162
-3457.379
508.4271
-3244.207
0.870605
Obj_TreeConiferousLow_A_Snow_01
0
2.004625
0
-3275.996
540.2784
-3376.17
1.0
Enemy_Keese_Ice
0
-1.280001
0
-3707.549
347.4458
-3838.15
1.0
Obj_RockSetSnow_A_02
0
0.16
0
-3175.876
439.2408
-3526.317
1.0
Obj_RockSetSnow_A_05
3.115243
-0.08407986
-2.565227
-3956.548
349.8871
-3241.779
1.0
Obj_TreeConiferous_A_Snow_01
0
5.95075
0
-3122.09
432.8146
-3537.605
1.0
Item_Mushroom_B
0
-0.4940185
0
-3720.23
413.3016
-3410.344
1.0
Obj_TreeConiferous_A_Snow_01
0
5.28798
0
-3107.681
583.9751
-3403.242
1.0
Obj_RockSetSnow_A_05
0
0.9615927
0
-3672.947
424.7354
-3398.965
1.0
Item_Plant_O
-2.036011
-1.380859
-2.924804
-3460.785
485.793
-3018.621
1.0
Obj_RockSetSnow_A_02
-3.132667
1.109988
3.128126
-3822.212
414.9543
-3073.903
1.0
Obj_RockSetSnow_A_03
0
0
0
-4058.322
337.7105
-3432.705
1.0
SpotBgmTag
0
0
0
-3620
420
-3030
30
Obj_TreeConiferous_A_Snow_01
0
4.945975
0
-3412.852
525.5331
-3512.707
1.0
Obj_RockSetSnow_A_05
3.001592
1.301593
3.141593
-3228.22
345.2065
-3683.829
1.0
Obj_RockSnow_A_01
-0.9782566
-0.1210207
0.8940248
-3952.139
404.616
-3194.494
1.0
Obj_RockSetSnow_A_05
0.5541888
0.009946753
0.1109595
-4055.466
266.412
-3210.935
1.0
Item_Plant_O
-1.748047
-0.157959
-2.880371
-3455.031
434.332
-3746.496
1.0
Animal_Ptarmigan_A
0
2.04
0
-3415.315
505.28
-3547.664
1.0
Obj_RockSetSnow_A_03
0
0
0
-3162.5
438.9153
-3507
1.0
Item_Plant_O
1.08606
0.392456
0.138916
-3509.176
515.2188
-3394.016
1.0
Obj_RockSetSnow_A_03
-0.02320502
0.03535077
0.3710363
-3539.366
456.1287
-3321.05
1.0
Obj_TreeConiferous_A_Snow_01
0
5.788131
0
-3119.639
580.6077
-3413.35
1.0
Obj_TreeConiferousLow_A_Snow_01
0
0
0
-3404.597
345.8972
-3779.4
1.0
Obj_RockSetSnow_A_05
0.9008042
-1.144152
-0.2779665
-3071.491
661.5826
-3198.056
1.0
Obj_Plant_HopBush_C_Snow_02
-0.08972207
-0.02980752
-0.09020546
-3239.137
348.6308
-3700.465
1.080566
Item_Mushroom_N
-0.4195897
-1.116172
0.4813153
-3318.798
564.3747
-3243.945
1.0
Obj_TreeConiferousLow_A_Snow_01
0
0
0
-3238.656
348.8774
-3675.946
1.0
Item_Mushroom_B
0
0.01245118
0
-3356.395
353.3746
-3696.914
1.0
Obj_LiftRockWhite_Korok_A_01
0.8799995
-1.540002
0
-3761.182
375.3858
-3851.658
1.0
Obj_TreeConiferousDead_A_Snow_01
0
0
0
-3537.228
340.0706
-3811.154
1.0
Obj_TreeConiferous_A_Snow_01
0
4.680852
0
-3825.445
422.273
-3339.137
1.0
Obj_TreeConiferous_A_Snow_01
0
-0.5000001
0
-3656.125
335.7153
-3782.523
1.0
Obj_LiftRockWhite_Korok_A_01
0
0.7
0
-3755.91
375.3919
-3853.258
1.0
Obj_TreeConiferous_A_Snow_02
0
1.783755
0
-3546
579.4598
-3446.14
1.0
Obj_RockSetSnow_A_02
-0.4339832
-0.7914664
0.6984695
-3745.739
417
-3488.381
1.0
Obj_RockSetSnow_A_03
-0.3632287
-0.1949193
0.601186
-3941.694
360.0901
-3256.91
1.0
Obj_TreeConiferousLow_A_Snow_01
0
0
0
-3537.917
339.7438
-3813.735
1.0
AnchorAction1
0
-1.280001
0
-3694.904
345.1291
-3815.443
1.0
Obj_RockSetSnow_A_03
0.5126349
-0.5187853
0.2478612
-3563.121
454.0481
-3366.668
1.0
Obj_RockSetSnow_A_02
-0.4275642
-1.124359
0.3899666
-3546.518
338.9885
-3806.505
1.0
Item_Mushroom_F
3.141479
-0.4416504
3.141479
-3941.047
356.5073
-3267.125
1.0
Obj_TreeConiferous_A_Snow_01
0
0.5615933
0
-3782.655
412.1146
-3464.764
1.0
Obj_Mineral_A_01
1.973662
1.303866
1.820957
-3025.55
422.0416
-3479.372
1.0
Obj_TreeConiferousLow_A_Snow_01
0
6.204451
0
-3620.928
557.8091
-3495.109
1.0
Item_Mushroom_D
-1.60376
0.2955322
-2.811157
-3678.855
216.0469
-3902.445
1.0
Obj_RockSetSnow_A_05
-0.4201425
0.06878648
0.3199815
-3853.973
403.8456
-3199.939
1.0
Item_Plant_E
3.141479
-1.039307
3.141479
-3701.223
461.5219
-3586.707
1.0
Obj_TreeConiferous_A_Snow_01
0
2.054102
0
-3584.094
490.9231
-3278.205
1.0
Obj_TreeConiferous_A_Snow_01
0
5.957122
0
-3726.407
454.174
-3569.667
1.0
Obj_TreeConiferous_A_Snow_01
0
3.288727
0
-3556.969
577.3862
-3486.203
1.0
Item_Plant_O
-1.94165
-1.256348
3.066895
-3745.219
435.8281
-3147.57
1.0
Obj_RockSnow_A_01
0
-2.219997
0
-3587.732
335.5299
-3821.939
1.0
Obj_RockSetSnow_A_02
-3.095247
0.5987198
-2.860021
-3430.144
512.4391
-3319.033
1.0
Obj_TreeConiferous_A_Snow_02
0
0
0
-3604.337
447.3556
-3373.284
1.0
Obj_RockSetSnow_A_03
0
0
0
-3312.201
350.6904
-3692.799
1.0
Obj_RockSetSnow_A_03
0
0
0
-3917.115
374.1737
-3243.154
1.0
Obj_RockSetSnow_A_05
0
-2.823185
0
-3593.548
340.0543
-3769.131
1.0
Animal_Rhino_A
0
0
0
-3130.156
577.583
-3395.453
1.0
Obj_RockSetSnow_A_02
-0.2066918
0.5107751
-0.102149
-3309.904
454.9012
-3568.337
1.0
Obj_RockSetSnow_A_05
-1.38489
0.3810603
-0.01225066
-3764.934
291.8134
-3870.559
1.0
Obj_RockSetSnow_A_05
-0.1882187
0.5520121
-0.09955428
-3765.933
441.0623
-3315.165
1.0
Obj_RockSetSnow_A_05
-0.08055674
-0.6759667
0.1283267
-3868.974
391.5524
-3221.133
1.0
Obj_TreeConiferousDead_A_Snow_01
0
-0.84
0
-3559.296
336.5996
-3841.914
1.0
Animal_Elk_A
0
0.8199999
0
-3452.328
501.8936
-3642.648
1.0
Item_Plant_O
-1.34668
-1.062012
2.415771
-3456.016
488.8281
-3032.93
1.0
Obj_RockSetSnow_A_05
-2.744469
-0.9848985
2.631042
-3679.484
334.6204
-3779.223
1.0
Obj_TreeConiferous_A_Snow_01
0
3.006002
0
-3711.091
420.8415
-3551.397
1.0
Obj_RockSetSnow_A_03
0
2.14
0
-3409.351
522.3547
-3286.21
1.0
Obj_TreeConiferous_A_Snow_01
0
5.589813
0
-3621.986
439.6208
-3376.474
1.0
Item_Mushroom_N
3.141479
0.7216796
3.141479
-3199.129
569.0129
-3028.355
1.0
Obj_RockSetSnow_A_02
0
2.683185
0
-3668.225
340.3158
-3765.239
1.0
Obj_RockSetSnow_A_05
3.135377
0.05893086
-2.046071
-3506.79
375.8998
-3038.963
1.0
Obj_TreeWhiteBirch_A_02
0
0
0
-3238.66
561.0956
-3036.224
1.0
Obj_TreeConiferous_A_Snow_01
0
1.66
0
-3733.065
410.518
-3420.807
1.0
Obj_TreeConiferous_A_Snow_02
0
3.847124
0
-3530.316
422.4594
-3127.214
1.0
Obj_Plant_CypressLow_B_01
-0.1322465
-0.07374333
-0.1771063
-3368.504
529.7524
-3518.742
0.894531
Item_Plant_O
-2.08406
0.2973585
-2.878618
-3983.289
334.8535
-3830.977
1.0
BarrelBomb3
0.08954953
0.00249482
-0.03673054
-3517.999
422.2916
-3119
1.0
Obj_RockSetSnow_A_02
-0.3200634
-0.1091854
0.3969293
-3488.033
494.266
-3277.163
1.0
Obj_LiftRockWhite_Korok_A_01
0
0.9849557
0
-3754.847
375.2076
-3848.695
1.0
Animal_Elk_A
0
0.9399999
0
-3309.429
518.954
-3461.103
1.0
Obj_TreeConiferousSnowFallenTree_A_M_01
0.8927706
0.9650047
0.8356039
-3612.516
558.8727
-3488.186
1.0
FldObj_BankingFlat_A_07
-0.1
0
0.46
-3992.158
525.5121
-3702.059
1.0
Obj_TreeConiferous_A_Snow_01
0
0.4226587
0
-3528.946
493.306
-3376.177
1.0
Obj_LiftRockWhite_Korok_A_01
0.14
-0.36
0
-3752.494
375.3681
-3850.209
1.0
Obj_Mineral_B_01
-0.06944206
-0.002954932
-0.0218
-3515.833
444.2864
-3737.25
1.0
Obj_RockSetSnow_A_02
-2.294674
-1.087235
2.594333
-3723.076
427.2774
-3486.947
1.0
Animal_Rhino_A
0
-1.04
0
-3404.133
348.3317
-3750.584
1.0
Obj_RockSetSnow_A_05
-2.937149
1.477412
-3.036213
-3820.834
350.6535
-3041.772
1.1
Animal_Doe_A
0
2.899999
0
-3942.732
282.6486
-2997.402
1.0
Obj_Plant_CypressLow_B_01
-0.1825972
0.6658173
-0.2185618
-3590.109
337.2041
-3805.973
0.883301
Obj_Mineral_A_01
0.4779952
-0.6734417
-0.2843074
-3476.367
477.0269
-3543.314
1.0
Item_Plant_E
3.141479
0.8948974
3.141479
-3497.582
571.6818
-3454.918
1.0
Barrel
-0.0150758
-0.620003
-9.012255E-05
-3655.007
335.3854
-3789.49
1.0
Animal_Doe_A
0
1.7
0
-3937.644
287.6112
-2917.354
1.0
Obj_TreeConiferous_A_Snow_01
0
5.757915
0
-3514.11
494.7254
-3378.356
1.0
Obj_TreeConiferousDead_A_Snow_01
0
0
0
-3593.567
337.7009
-3804.499
1.0
Item_Plant_O
-1.834228
-0.3261718
-3.044311
-3493.906
459.1641
-3729.52
1.0
