UnitConfigName/__text
Rotate/value/0
Rotate/value/1
Rotate/value/2
Translate/value/0
Translate/value/1
Translate/value/2
_Scale
FldObj_GerudoHighlandRock_C_03_Far
0.01847172
0.2796366
0.04094471
-3477.365
701.1766
947.731
1.0
Item_Fruit_B
0
0
-3.141593
-3688.685
724.5266
827.4063
1.0
FldObj_GerudoHighlandRock_C_03
0.06065039
0.01370624
-0.4443834
-3985.355
778.1708
995.8955
1.0
DragonDropItemTarget
0
0
0
-3913.942
780.6411
751.6537
1.0
FldObj_GerudoHighlandCliff_A_10
0
2.623186
0
-3892.275
288.7341
244.9182
1.0
DgnObj_EntranceShutterSP
0
1.919862
0
-3849.829
640.3002
715.4003
1.0
LocationTag
0
0
0
-3853.4
652
716.7
1.0
FldObj_GerudoHighlandCliff_A_10
0
1.66
0
-3081.331
187.2248
769.5837
1.0
FldObj_GerudoHighlandCliff_A_10_Far
0
2.623186
0
-3892.275
288.7341
244.9182
1.0
FldObj_GerudoHighlandRock_C_04
3.083194
-0.2785736
-3.017596
-3391.965
701.1036
899.3435
1.0
LinkTagAnd
0
0
0
-3511.4
543.9
695.2
1.0
FldObj_GerudoHighlandCliff_A_11_Far
0
-0.9215934
0
-3211.69
171.4135
144.6631
1.0
BarrelBomb2
0.02942842
0.44414
-0.001611199
-3503.001
387.8244
553.9968
1.0
FldObj_RockGerudoHighland_B_02
0
1.761593
0
-4006.184
790.9487
972.4003
1.0
FldObj_GerudoHighlandRock_C_03
0.1495216
-1.21623
0.2782458
-3958.387
778.9329
974.3561
1.180208
FldObj_RockGerudoHighland_B_02_Far
2.935753
-0.843362
-2.868994
-3482.336
694.3778
967.9785
1.0
FldObj_GerudoHighlandRock_C_03_Far
0.1715727
-0.9086393
-0.2156069
-3984.238
797.2582
841.5743
1.0
LinkTagAnd
0.00339933
-8.190609E-05
0.04818017
-3460.019
172.3561
172.0883
1.0
DgnObj_WarpPointSP
0
1.919862
0
-3844.76
640.263
713.5551
1.0
Obj_LiftRockWhite_A_01
0
-0.0003452301
0
-3714.56
746.6026
805.2648
1.0
FldObj_GerudoHighlandCliff_A_03_Far
0
2.9
0
-3890.504
608.7522
902.2124
1.0
FldObj_GerudoHighlandCliff_A_01
2.997112
0.6884556
3.134367
-3432.786
458.0706
847.887
1.0
SwitchTimeLag
-1.570796
-0.3000001
0
-3061.039
460.1524
911.0915
0.5
BarrelBomb3
-0.03255165
-1.154549E-05
-0.02900072
-3672.18
594.4483
967.1482
1.0
Enemy_Bokoblin_Middle
0
2.356194
0
-3535.5
380.1225
572
1.0
FldObj_GerudoHighlandRock_C_04
0.9467618
1.203687
0.7985666
-3973.401
784.7746
931.8057
1.0
FldObj_GerudoHighlandRock_C_04_Far
0.9467618
1.203687
0.7985666
-3973.401
784.7746
931.8057
1.0
LinkTagAnd
0
2.396126
0
-3626.8
594.8433
945.3691
1.0
FldObj_SkullRockSnow_A_01
0
-0.92
0
-3624.566
594.8333
949.8048
1.0
FldObj_PushRock_A_M_01
0.5125971
1.053131
-0.1251016
-3598.938
393.188
566.1156
0.9
FldObj_GerudoHighlandCliff_A_02_Far
0
2.42
0
-4040.303
395.4016
411.9792
1.0
FldObj_GerudoHighlandCliff_A_10_Far
-2.92199
0.7863852
-3.085869
-2896.948
125.2416
883.7417
1.019694
FldObj_GerudoHighlandRock_C_01_Far
-0.566529
-1.169419
0.4645182
-3985.661
787.9512
746.8523
1.0
FldObj_GerudoHighlandCliff_A_12_Far
0
-2.599999
0
-3643.474
415.5807
653.6008
1.0
Npc_HiddenKorokGround
0
0
0
-3461.163
176.1707
166.2989
1.0
FldObj_GerudoHighlandRock_C_01_Far
1.951153
0.4648469
2.031528
-3981.492
772.308
786.8661
1.0
DragonDropItemTarget
0
0
0
-3371.482
704.7358
899.0507
1.0
FldObj_GerudoHighlandCliff_A_02
0
2.42
0
-4040.303
395.4016
411.9792
1.0
LinkTagAnd
0
1.919862
0
-3848.794
640.3
714.8491
1.0
FldObj_GerudoHighlandCliff_A_08
0
2.34
0
-3808.393
615.6687
780.2804
1.0
FldObj_GerudoHighlandRock_A_01_Far
0
-0.7399998
0
-3679.708
584.3441
920.5674
1.0
Item_Fruit_B
0
0
3.141593
-3529.769
661.2902
953.5854
1.0
FldObj_GerudoHighlandRock_C_03
-3.007934
-1.040028
2.871015
-3975.896
790.0469
911.7886
1.0
Enemy_Chuchu_Ice_Junior
0
2.281592
0
-3654.906
716.7679
886.4488
1.0
FldObj_GerudoHighlandCliff_A_06
0
-0.8
0
-3467.949
614.012
974.1584
1.0
LinkTagNone
0
0
0
-3512.46
327.9356
488.437
1.0
FldObj_GerudoHighlandCliff_A_10_Far
0
1.19679
0
-3016.728
83.73367
602.5552
1.0
BarrelBomb3
-0.005551704
-0.9183431
0.002931065
-3632.275
594.8388
948.7604
1.0
FldObj_GerudoHighlandCliff_A_12
0
0.5215931
0
-3685.412
413.3619
590.8235
1.0
FldObj_GerudoHighlandRock_A_04
0
0
0
-3390.786
606.5488
858.6914
1.0
Obj_TreeSnowberry_A
0
0
0
-3988.402
776.9998
1015.49
1.0
FldObj_GerudoHighlandRock_A_03_Far
0
0
0
-3812.476
635.5181
790.9937
1.0
Obj_Plant_KorokColor_A_01
0.003519167
0.2617159
0.049091
-3464.014
172.1662
171.2879
1.05
FldObj_GerudoHighlandCliff_A_11
0
2.581593
0
-3028.76
175.5541
-137.3838
1.0
LinkTagAnd
0
0
0
-3561.339
273.5295
439.6764
1.0
FldObj_GerudoHighlandCliff_A_01_Far
-0.01778184
-0.7161145
-0.0797553
-3457.239
558.8494
914.9362
1.0
BarrelBomb3
0.01575023
0.0002753352
-0.01195257
-3656.551
594.2315
959.9956
1.0
Barrel
1.41233E-08
7.471185E-10
6.393032E-07
-3581.4
313.315
465.6
1.0
LinkTagNone
0
0
0
-3503
387.6665
554
1.0
Area
-0.9453983
3.712084E-08
1.570796
-3678.188
440.4438
630.662
20
KorokAnswerResponce
0
-0.3000001
0
-3063.427
458.1524
910.3527
1.0
FldObj_GerudoHighlandRock_C_01
2.571333
0.9187169
2.664867
-3982.982
770.1672
809.1573
1.0
Area
0
1.919862
0
-3853.4
639.3
716.7
40
FldObj_GerudoHighlandCliff_A_04
0
2.423184
0
-3320.281
552.3351
1014.95
1.0
FldObj_GerudoHighlandCliff_A_06
0
1.4
0
-3768.863
586.0945
925.3701
1.2
FldObj_GerudoHighlandRock_A_04_Far
0
2.190521
0
-3559.681
704.8791
810.6788
1.0
FldObj_GerudoHighlandCliff_A_10_Far
-3.04157
0.02148474
3.063749
-3612.318
376.1892
668.7881
1.0
FldObj_GerudoHighlandCliff_A_07
0
-2.879999
0
-3732.78
503.4517
757.514
1.10356
LinkTagAnd
0
-0.0003452301
0
-3719.189
760.9739
794.3164
1.0
ConstraintDummy
-0.9560779
-0.1146811
-0.2206834
-3986.108
777.4583
1014.93
1.0
FldObj_GerudoHighlandRock_A_01_Far
0
-2.939999
0
-3272.955
519.397
923.9332
1.0
FldObj_GerudoHighlandCliff_A_10_Far
0
1.66
0
-3081.331
187.2248
769.5837
1.0
SwitchTimeLag
0
2.281592
0
-3656.379
716.6577
882.4388
1.0
FldObj_GerudoHighlandCliff_A_04
-0.04126112
-0.6799676
-0.03794346
-3608.185
572.0363
787.5632
0.9695889
Obj_Plant_KorokColor_A_01
0.003442431
0.6980222
0.08299137
-3455.438
172.6967
169.527
0.95
FldObj_GerudoHighlandRock_A_04_Far
0
-1.032665
0
-3548.57
707.6129
801.4728
1.0
FldObj_GerudoHighlandCliff_A_08_Far
0
2.34
0
-3808.393
615.6687
780.2804
1.0
Item_Fruit_B
1.590828E-08
0.18
3.141593
-3533.538
660.6329
950.2076
1.0
LinkTagOr
0
0
0
-3013.663
177.4565
372.4366
1.0
LinkTagAnd
0
1.919862
0
-3851.539
653.1614
717.3896
1.0
MountainCloud
0
2.023185
0
-3471.736
562.4675
637.2576
1.0
FldObj_GerudoHighlandCliff_A_10_Far
2.819191
0.7785925
3.025639
-3142.109
283.9297
830.944
1.0
FldObj_GerudoHighlandCliff_A_11
0
2.48
0
-3270.729
228.2592
505.608
1.175103
FldObj_GerudoHighlandRock_A_01_Far
0
2.583186
0
-3258.002
520.3658
968.0778
1.0
LinkTagOr
0
2.643185
0
-3465.87
176.5536
162.1487
1.0
Area
0
1.559999
0
-3651.668
719.8013
827.7858
12
PlayerOnScaffoldCheckTag
0
-1.376401
0
-3635.185
601.9749
967.9603
1.0
FldObj_GerudoHighlandRock_A_04
0
-1.495849
0
-3547.806
704.8727
809.6552
1.0
Area
-3.117996
0.04077721
-3.072483
-3470.019
173.1765
171.7784
2
FldObj_GerudoHighlandCliff_A_01_Far
3.10764
0.7034606
3.089131
-3451.54
554.7979
898.8687
1.0
LinkTagAnd
0
0
0
-3589
393
571.5
3
Item_Fruit_B
3.141593
-0.6048974
1.062813E-07
-3497.545
685.9287
1005.76
1.0
Obj_Plant_KorokColor_A_01
3.022561
1.216566
3.072495
-3467.205
172.469
156.6589
0.9299999
FldObj_GerudoHighlandRock_C_02
-3.140718
0.9085693
3.1251
-3478.04
699.4216
852.3519
1.0
Obj_LiftRockWhite_A_01
0
-1.839325
0
-3673.786
550.6923
698.3047
1.0
FldObj_GerudoHighlandRock_A_03_Far
0
0.9599999
0
-3890.201
741.5537
772.6813
1.0
LinkTagAnd
2.259693
-0.730512
-1.444463
-3674.317
551.6923
700.233
1.0
FldObj_GerudoHighlandRock_A_02_Far
0
3.043185
0
-3918.594
661.192
602.7432
1.0
Area
-0.2559818
0.04604128
1.56487
-3561.339
273.5295
439.6764
1.0
ForceSetPosDirAutoSaveAnchor
0
-1.22173
0
-3846.914
640.3
714.4457
1.0
FldObj_GerudoHighlandCliff_A_12_Far
0
0.5215931
0
-3685.412
413.3619
590.8235
1.0
FldObj_RuinStatueKnightSword_B_01
0
0
0.6200003
-3966.653
766.1442
969.1855
1.0
FldObj_GerudoHighlandRock_C_02_Far
-0.8937902
-0.1405473
-0.04040323
-4001.385
798.1069
837.8622
1.0
LinkTagAnd
0
0
0
-3464.072
173.3621
172.092
1.0
FldObj_GerudoHighlandRock_A_03_Far
0
0.2600001
0
-3598.608
594.3513
910.8679
1.0
FldObj_GerudoHighlandCliff_A_02_Far
0
2.68
0
-4009.701
624.2544
707.5248
1.0
FldObj_GerudoHighlandRock_A_01
0
-2.939999
0
-3272.955
519.397
923.9332
1.0
Area
-1.570796
0.7852131
0
-3566.639
353.5
556.8552
20
LinkTagNAnd
0
2.396126
0
-3623.12
594.8743
949.4116
1.0
FldObj_GerudoHighlandRock_B_01_Far
-0.0996507
-0.1160952
-0.0747989
-3651.801
252.6418
401.3499
1.0
Area
0
-0.5435987
0
-3649.365
601.1875
952.9761
2
FldObj_GerudoHighlandRock_C_01
3.042874
1.002816
2.967585
-3950.424
774.9282
801.6627
1.0
Enemy_Keese
0
-0.92
0
-3637.712
597.8333
957.3009
1.0
FldObj_KorokTarget_A_01
0
0
0
-3014.163
175.9565
372.4369
1.0
FldObj_GerudoHighlandRock_C_02_Far
0.1685027
0.1927921
0.07038245
-4007.749
789.9901
860.0691
1.0
FldObj_GerudoHighlandCliff_A_10_Far
0
-2.783185
0
-3462.796
90.51883
341.8701
1.0
ActorObserverTag
0
-0.3000001
0
-3060.083
454.2473
911.387
1.0
FldObj_GerudoHighlandRock_C_01
1.951153
0.4648469
2.031528
-3981.492
772.308
786.8661
1.0
LinkTagAnd
0
0
0
-3829.4
651.4
706
1.0
FldObj_GerudoHighlandRock_C_03_Far
0.1495216
-1.21623
0.2782458
-3958.387
778.9329
974.3561
1.180208
LinkTagAnd
0
-1.839325
0
-3673.654
553.2923
697.8225
1.0
DgnObj_EntranceElevatorSP
0
1.919862
0
-3853.4
640.3002
716.7
1.0
Obj_TreeBroadleaf_B_L_01
0
-1.943186
0
-3534.276
172.3288
80.80713
1.0
Obj_LiftRockWhite_Korok_A_01
0
-0.3000001
0
-3061.039
452.0473
911.0915
1.0
FldObj_RockGerudoHighland_B_02_Far
0
1.761593
0
-4006.184
790.9487
972.4003
1.0
Enemy_Chuchu_Ice_Junior
0
1.541598
0
-3667.229
722.0963
785.9005
1.0
FldObj_GerudoHighlandRock_A_01
0
-2.68
0
-3793.766
652.2139
933.9669
1.0
EnemyLookTag
0
-1.376401
0
-3636.181
599.9749
973.2526
1.0
LinkTagAnd
0
0
0
-3596
394.5
563
3
LinkTagOr
0
1.954852
0
-3490.319
684.8297
1006.833
1.0
FldObj_GerudoHighlandCliff_A_11_Far
0
2.12
0
-3727.765
314.3822
341.015
1.086908
LinkTagOr
0
-0.09963661
0
-3688.35
742.9763
798.7744
1.0
FldObj_GerudoHighlandRock_C_03_Far
0.06704748
0.00638371
-0.05140577
-3953.697
798.1271
840.091
1.0
LinkTagOr
-3.117996
0.04077721
-3.072483
-3471.931
171.8416
171.7251
1.0
FldObj_GerudoHighlandCliff_A_11_Far
0
2.74
0
-3798.71
379.5307
341.929
1.0
Area
0
-0.0003452301
0
-3689.011
740.8251
801.015
1.0
LinkTagAnd
0
0
0
-3515.133
325.7071
482.0398
1.0
FldObj_GerudoHighlandCliff_A_06
-1.920426
-1.48772
1.939159
-3527.415
589.4352
983.423
1.0
SwitchTimeLag
0
1.541598
0
-3665.613
721.5796
781.946
1.0
FldObj_GerudoHighlandCliff_A_10_Far
0
-0.48
0
-3201.471
91.69377
265.0406
1.0
FldObj_GerudoHighlandRock_A_04
0
2.190521
0
-3559.681
704.8791
810.6788
1.0
FldObj_RockGerudoHighland_B_02
-1.270352
1.528923
-1.270599
-3794.948
734.5164
897.5829
1.0
DestinationAnchor
0
-1.745329
0
-3847.461
640.3
712.9421
1.0
LinkTagAnd
0.2367978
1.394296
0.2758589
-3467.253
172.6263
152.7985
1.0
FldObj_GerudoHighlandCliff_A_10_Far
0
1.9
0
-3689.175
207.4855
303.4258
1.0
FldObj_RockGerudoHighland_B_02
0
-1.463806
0
-3934.52
790.9487
966.0565
1.0
FldObj_GerudoHighlandCliff_A_10_Far
0
2.347266
0
-2924.196
234.3241
928.0532
1.0
Area
0
0
1.530796
-3488.11
294.8726
469.9741
10
Obj_Plant_KorokColor_A_01
0.002730406
-0.261905
0.08007193
-3456.485
172.6125
169.3269
1.05
FldObj_GerudoHighlandRock_C_04_Far
0.06397632
-0.7634057
-0.3223499
-3482.301
706.7608
927.7386
1.0
DgnObj_DungeonEntranceSP_Far
0
1.919862
0
-3853.4
639.3
716.7
1.0
FldObj_GerudoHighlandRock_A_02
0
0
0
-3927.469
668.153
576.1026
1.0
DragonDropItemTarget
0
0
0
-3549.636
715.9247
799.4182
1.0
Npc_HiddenKorokGround
0
1.521597
0
-3069.678
452.0268
910.7488
1.0
FldObj_GerudoHighlandCliff_A_04
0
-2.64
0
-3945.625
641.1572
790.6013
1.0
Obj_Plant_KorokColor_A_01
0
2.643185
0
-3465.069
176.5536
164.8614
1.0
ConstraintDummy
0
-0.92
0
-3633.165
609.0907
950.0675
1.0
FldObj_FallingRock_A_01
0
0
0
-3680.311
517.1531
683.6094
1.2
LinkTagOr
0.002637295
-0.0001065765
0.08077862
-3453.943
172.8136
171.1272
1.0
BattleBgmRequestFinishTag
0
2.396126
0
-3631.728
614.8098
941.2122
1.0
LinkTagAnd
0
-0.09963661
0
-3689.345
742.9763
798.6754
1.0
FldObj_RockGerudoHighland_B_02
0.1577857
-1.074991
-0.2196992
-3811.62
727.1085
846.6799
1.0
DragonDropItemTarget
0
0
0
-3825.487
637.106
722.4256
1.0
LinkTagAnd
0
0
0
-3061.039
460.1524
911.0915
1.0
LinkTagOr
0
0
0
-3686.622
723.7172
828.1886
1.0
LinkTagOr
0
2.643185
0
-3466.826
176.5536
163.9053
1.0
LinkTagOr
0
-0.3000001
0
-3061.039
455.2473
911.0915
1.0
FldObj_GerudoHighlandRock_A_02_Far
0
0
0
-3949.102
772.3894
1000.741
1.0
FldObj_GerudoHighlandRock_C_03
3.06555
-1.086492
-2.791569
-3968.968
774.7003
1008.08
1.0
LinkTagOr
-3.117996
0.04077721
-3.072483
-3474.213
174.7373
173.5706
1.0
LinkTagAnd
0
0
0
-3711.7
472.7
646.5187
10
EnemyLookTag
0
-0.5709341
0
-3625.362
594.8333
950.4106
1.0
DragonDropItemTarget
0
0
0
-3475.614
704.2512
884.4036
1.0
BarrelBomb3
-0.0007751028
-0.9199827
0.004738342
-3625.362
594.8535
950.4113
1.0
Barrel
-1.34795E-05
6.404568E-06
-0.0001035076
-3584.3
313.3152
463.2001
1.0
LinkTagOr
0
-1.839325
0
-3673.918
553.2923
698.7869
1.0
FldObj_GerudoHighlandCliff_A_10_Far
0
-3.103186
0
-3413.361
303.9926
561
1.0
Obj_Plant_KorokColor_A_01
0.2367978
1.394296
0.2758589
-3467.784
172.4151
157.3697
0.96
LinkTagAnd
0
0
0
-3464.1
342.2
517.4
1.0
Area
0
0
0
-3853.4
652
716.7
25
FldObj_GerudoHighlandCliff_A_03
0
-2.940001
0
-3012.003
348.9193
1050.046
1.0
ActorObserverTag
0
-0.3000001
0
-3061.039
454.2473
911.0915
1.0
FldObj_GerudoHighlandRock_C_04_Far
3.083194
-0.2785736
-3.017596
-3391.965
701.1036
899.3435
1.0
LinkTagAnd
0
0
0
-3829.4
651.4
706
1.0
FldObj_GerudoHighlandRock_C_01_Far
0.300087
0.8993783
0.2332374
-3963.041
777.3032
950.8419
1.0
FldObj_RockGerudoHighland_B_02_Far
-3.133622
0.08015326
3.103027
-3693.271
733.0027
800.8596
1.0
LinkTagAnd
0
0
0
-3853.4
652
716.7
1.0
LinkTagAnd
0
0
0
-3665.613
721.5796
781.946
1.0
LinkTagAnd
0
0
0
-3012.663
178.9565
372.4369
2
FldObj_GerudoHighlandCliff_A_11
0
2.941592
0
-3509.148
392.3009
658.8478
1.065265
FldObj_GerudoHighlandCliff_A_04_Far
0
-3.04
0
-3284.546
466.7786
1028.775
1.0
FldObj_GerudoHighlandCliff_A_10
-2.92199
0.7863852
-3.085869
-2896.948
125.2416
883.7417
1.019694
FldObj_GerudoHighlandRock_C_04_Far
-2.256522
1.302776
-2.287841
-3921.967
779.5689
796.7333
1.0
FldObj_GerudoHighlandRock_A_03
0
0.9599999
0
-3890.201
741.5537
772.6813
1.0
DragonDropItemTarget
0
0
0
-3692.365
612.7886
730.2139
1.0
FldObj_GerudoHighlandRock_C_01_Far
-2.772479
0.8038262
3.113296
-3517.845
712.2043
911.5519
1.0
FldObj_GerudoHighlandRock_C_03
2.859962
-0.7823253
2.690302
-3986.777
782.6104
958.4958
1.0
FldObj_GerudoHighlandRock_C_01
0.300087
0.8993783
0.2332374
-3963.041
777.3032
950.8419
1.0
Barrel
7.752908E-05
0.7989212
0.0004846331
-3519.301
326.7151
496.4016
1.0
ActorObserverTag
0
-0.0003452301
0
-3690.011
742.4251
801.0146
1.0
FldObj_GerudoHighlandCliff_A_10
-0.6909378
1.476808
-0.6931111
-3255.257
363.2802
856.9834
1.0
LinkTagNone
0
0
0
-3597.5
373.5787
542.5
1.0
Area
0.00339933
-8.190609E-05
0.04818017
-3464.072
173.3621
172.092
2
FldObj_GerudoHighlandRock_A_02_Far
0
0.04000006
0
-3776.491
605.7493
774.096
1.0
FldObj_GerudoHighlandRock_A_03
0
0
0
-3812.476
635.5181
790.9937
1.0
FldObj_HangedLamp_A
0
-0.92
0
-3626.709
603.9832
957.7206
1.0
FldObj_GerudoHighlandCliff_A_06_Far
-1.920426
-1.48772
1.939159
-3527.415
589.4352
983.423
1.0
FldObj_GerudoHighlandCliff_A_10
-3.04157
0.02148474
3.063749
-3612.318
376.1892
668.7881
1.0
FldObj_GerudoHighlandRock_A_03_Far
0
-0.4
0
-3862.572
634.5483
619.8401
1.0
Enemy_Bokoblin_Senior
0
2.570659
0
-3628.064
594.8356
954.6176
1.0
FldObj_GerudoHighlandCliff_A_03
0
2.983186
0
-3891.875
374.0764
479.245
1.0
FldObj_GerudoHighlandCliff_A_01_Far
2.997112
0.6884556
3.134367
-3432.786
458.0706
847.887
1.0
FldObj_GerudoHighlandRock_B_01
0
2.839999
0
-3782.68
474.053
654.369
1.0
LinkTagAnd
0
0
0
-3490.809
321.4697
475.7806
1.0
Item_Fruit_B
0
0
3.141593
-3988.332
777.9998
1015.91
1.0
FldObj_GerudoHighlandRock_C_01_Far
-0.4099336
-1.142483
0.4456526
-3934.439
772.4108
791.6714
1.0
FldObj_GerudoHighlandRock_A_03
0
0.2600001
0
-3598.608
594.3513
910.8679
1.0
DragonDropItemTarget
0
0
0
-3727.487
612.3862
745.4116
1.0
LinkTagAnd
0
0
0
-3014.663
177.4565
372.4371
1.0
FldObj_GerudoHighlandRock_C_01_Far
-0.3220491
-0.007656321
-0.007127377
-3967.881
784.2023
743.9133
1.0
Obj_TreeSnowberry_A
0
0
0
-3529.839
660.2902
953.1655
1.0
Area
0
2.281592
0
-3656.211
716.6577
884.9331
12
FldObj_GerudoHighlandRock_B_01
-0.04655498
-0.4487756
0.110422
-3755.377
465.6079
654.2611
1.0
FldObj_GerudoHighlandCliff_A_03_Far
0
2.983186
0
-3891.875
374.0764
479.245
1.0
FldObj_GerudoHighlandCliff_A_11_Far
0
2.74
0
-3043
221.2789
807.9399
1.028853
FldObj_GerudoHighlandRock_C_04_Far
-0.3416498
-0.4789505
-0.1230238
-3937.686
782.415
734.3511
1.0
LinkTagAnd
-3.117996
0.04077721
-3.072483
-3473.924
171.7036
171.6436
1.0
FldObj_GerudoHighlandCliff_A_04
0
-2.8
0
-3830.233
401.2477
577.1744
1.0
DragonDropItemTarget
0
0
0
-3687.758
721.8442
769.6881
1.0
FldObj_GerudoHighlandRock_A_01_Far
0
-2.56
0
-3567.103
579.348
737.6539
1.0
LinkTagOr
0.2367978
1.394296
0.2758589
-3465.621
172.6005
155.1088
1.0
ConstraintDummy
-0.9560779
-0.1146811
-0.2206834
-3527.545
660.7487
952.6047
1.0
Obj_Plant_KorokColor_A_01
0.007708543
1.221614
0.08802227
-3455.936
172.6588
168.627
1.0
FldObj_GerudoHighlandCliff_A_02
0
-2.843185
0
-3086.055
439.7153
1079.071
1.0
FldObj_GerudoHighlandCliff_A_04_Far
0
2.423184
0
-3320.281
552.3351
1014.95
1.0
Obj_TreeSnowberry_A
0
-0.18
0
-3533.532
659.6328
949.7819
1.0
Enemy_Bokoblin_Senior
0
-0.5709341
0
-3622.66
594.8449
946.2036
1.0
LinkTagNAnd
0.2367978
1.394296
0.2758589
-3470.026
175.3599
156.5186
1.0
ActorObserverTag
0
0
0
-3865.3
676
711.1
1.0
Enemy_Chuchu_Ice_Junior
0
1.559999
0
-3651.69
719.4139
829.7856
1.0
DragonDropItemTarget
0
0
0
-3569.884
662.4679
735.9766
1.0
DragonDropItemTarget
0
0
0
-3965.904
797.4902
759.3806
1.0
FldObj_GerudoHighlandCliff_A_11_Far
2.594337
0.2802567
3.112668
-3523.762
143.7997
293.2702
1.0
FldObj_GerudoHighlandCliff_A_04_Far
-0.04126112
-0.6799676
-0.03794346
-3608.185
572.0363
787.5632
0.9695889
FldObj_GerudoHighlandRock_A_02
0
0
0
-3903.866
740.192
754.0543
1.1
LinkTagNone
0
0
0
-3585.421
313.2699
459.9859
1.0
Enemy_Moriblin_Middle
0
2.536194
0
-3585.421
313.2699
459.9859
1.0
FldObj_GerudoHighlandRock_A_01
0
-0.7399998
0
-3679.708
584.3441
920.5674
1.0
FldObj_GerudoHighlandRock_C_02
0.1685027
0.1927921
0.07038245
-4007.749
789.9901
860.0691
1.0
DragonDropItemTarget
0
0
0
-3772.058
628.3149
771.2422
1.0
LinkTagAnd
0
0
0
-3467.98
173.6329
156.7858
1.0
FldObj_GerudoHighlandCliff_A_10_Far
0
1.741593
0
-3006.984
106.3986
745.7659
1.0
FldObj_GerudoHighlandRock_C_03_Far
-2.027344
1.252295
-2.542957
-3932.692
784.4464
748.601
1.0
BarrelBomb2
0.02967836
0.4449138
-0.00300105
-3504.498
387.8456
553.9922
1.0
FldObj_GerudoHighlandCliff_A_11_Far
3.101593
1.541593
3.141593
-3059.951
159.1494
625.5886
1.0
DragonDropItemTarget
0
0
0
-3711.516
745.3865
794.8722
1.0
Obj_TreeSnowberry_A
0
2.536695
0
-3497.727
684.9287
1006.145
1.0
BarrelBomb3
-0.006027485
-0.9206568
0.007852159
-3626.915
594.8621
956.6229
1.0
FldObj_GerudoHighlandCliff_A_10
-0.6909378
1.476808
-0.6931111
-3225.442
263.1015
686.5435
1.0
FldObj_GerudoHighlandRock_C_03
-2.027344
1.252295
-2.542957
-3932.692
784.4464
748.601
1.0
DragonDropItemTarget
0
0
0
-3871.126
741.4847
762.0223
1.0
FldObj_GerudoHighlandRock_C_03
0.01847172
0.2796366
0.04094471
-3477.365
701.1766
947.731
1.0
FldObj_GerudoHighlandRock_C_01_Far
0.1276668
-0.7315136
-0.1365131
-3935.163
793.0771
823.5696
1.0
FldObj_GerudoHighlandRock_A_02
0
3.043185
0
-3918.594
661.192
602.7432
1.0
FldObj_GerudoHighlandCliff_A_01_Far
-3.129338
-0.2012253
3.080355
-3779.285
581.6586
857.0198
1.0
FldObj_RockGerudoHighland_B_02
2.935753
-0.843362
-2.868994
-3482.336
694.3778
967.9785
1.0
FldObj_RockGerudoHighland_B_02
0
-2.165398
0
-4002.965
793.0425
926.2753
1.0
LinkTagOr
0.00339933
-8.190609E-05
0.04818017
-3462.017
172.253
174.0881
1.0
FldObj_GerudoHighlandRock_C_04
-0.01484271
1.316896
-0.1598858
-3499.315
703.2836
817.3561
1.0
FldObj_GerudoHighlandCliff_A_02_Far
0
2.24
0
-3964.904
530.2929
606.4592
1.0
ConstraintDummy
-0.9151677
-0.2901766
-0.2289412
-3531.175
660.0914
949.6409
1.0
SwitchTimeLag
0
1.559999
0
-3650.147
719.8013
825.8021
1.0
LinkTagAnd
0
0
0
-3650.147
719.8013
825.8021
1.0
EnemyLookTag
0
0
0
-3582.861
314.1
456.0516
1.0
Rope
0
-0.92
0
-3632.767
609.0907
949.7646
1.0
LinkTagAnd
0
0
0
-3488.11
294.8726
469.9741
1.0
ConstraintDummy
2.349206
0.7015035
-2.852921
-3499.932
685.3873
1005.302
1.0
DragonDropItemTarget
0
0
0
-3860.929
770.9195
804.5808
1.0
FldObj_GerudoHighlandRock_A_02_Far
0
-1.36
0
-3968.834
529.9318
332.026
1.0
Barrel
-0.001389146
0.8003772
-0.0009022617
-3516.496
326.7151
497.4952
1.0
Obj_RockBroken_A_02
0
-0.44
0
-3514.2
538.7
702.8
1.0
FldObj_GerudoHighlandCliff_A_10
0
1.19679
0
-3016.728
83.73367
602.5552
1.0
FldObj_GerudoHighlandRock_A_02_Far
0
0
0
-3903.866
740.192
754.0543
1.1
FldObj_GerudoHighlandCliff_A_10
0
-2.101593
0
-3199.502
173.2531
-38.81561
1.0
FldObj_GerudoHighlandCliff_A_06_Far
0
-0.8
0
-3467.949
614.012
974.1584
1.0
FldObj_GerudoHighlandRock_C_01
-0.566529
-1.169419
0.4645182
-3985.661
787.9512
746.8523
1.0
FldObj_GerudoHighlandCliff_A_10
0
2.58
0
-3858.636
184.4829
143.722
1.0
BarrelBomb3
0.003298566
1.751893E-05
-0.008187729
-3659.572
594.2587
959.6711
1.0
LinkTagNone
0
0
0
-3622.5
382.1859
474
1.0
FldObj_GerudoHighlandRock_C_01
0.1276668
-0.7315136
-0.1365131
-3935.163
793.0771
823.5696
1.0
FldObj_GerudoHighlandRock_C_04_Far
-2.550545
-0.5799392
2.456226
-3906.26
791.6239
826.2346
1.0
Area
0
1.541598
0
-3667.171
721.5796
783.9014
12
FldObj_GerudoHighlandRock_A_04
0
-0.3399999
0
-3597.338
714.7659
854.1106
1.0
FldObj_PushRock_A_M_01
0.3841822
1.039609
-0.192236
-3599
393.2422
565.9922
0.9
FldObj_GerudoHighlandCliff_A_03
0
2.9
0
-3890.504
608.7522
902.2124
1.0
LinkTagAnd
0
-0.7454668
0
-3631.826
614.8633
946.7299
1.0
LinkTagAnd
0
0
0
-3461.663
178.6707
166.2991
1.0
Enemy_Bokoblin_Senior
0
-2.665329
0
-3623.07
594.8455
954.8541
1.0
LinkTagAnd
0
0
0
-3656.379
716.6577
882.4388
1.0
FldObj_FallingRock_A_02
0.3112062
-0.682924
-0.4713833
-3684.824
519.4015
689.0287
1.0
FldObj_GerudoHighlandCliff_A_11
2.594337
0.2802567
3.112668
-3523.762
143.7997
293.2702
1.0
FldObj_GerudoHighlandRock_C_04
-2.256522
1.302776
-2.287841
-3921.967
779.5689
796.7333
1.0
FldObj_GerudoHighlandCliff_A_02
0
2.24
0
-3964.904
530.2929
606.4592
1.0
ConstraintDummy
0
2.094395
0
-3502.608
380.93
556.4397
1.0
Enemy_Bokoblin_Guard_Middle_TreeHouseTop
0
-0.5435987
0
-3649.365
599.2751
952.9762
1.0
FldObj_GerudoHighlandCliff_A_11
0
2.74
0
-3798.71
379.5307
341.929
1.0
Obj_Plant_KorokColor_A_01
0.003617597
-0.3491456
0.04694289
-3464.714
172.1308
171.7879
1.02
FldObj_GerudoHighlandRock_C_03_Far
3.06555
-1.086492
-2.791569
-3968.968
774.7003
1008.08
1.0
Item_Fruit_B
-3.141593
-1.18674
2.333239E-07
-3490.271
685.639
1009.039
1.0
FldObj_GerudoHighlandRock_C_02
-0.8937902
-0.1405473
-0.04040323
-4001.385
798.1069
837.8622
1.0
FldObj_GerudoHighlandCliff_A_02_Far
0
-2.843185
0
-3086.055
439.7153
1079.071
1.0
FldObj_GerudoHighlandRock_A_02_Far
0
-2.683186
0
-3983.826
762.3698
1051.974
1.0
BarrelBomb3
0.01547937
1.889851E-05
-0.01146813
-3659.853
594.2257
962.8497
1.0
FldObj_GerudoHighlandRock_C_04_Far
-0.01484271
1.316896
-0.1598858
-3499.315
703.2836
817.3561
1.0
FldObj_FallingRock_A_03
0
0
0
-3742.347
495.7108
627.85
1.0
Enemy_Bokoblin_Guard_Middle
0
-1.799999
0
-3534.9
249.3803
370.2
1.0
AscendingCurrent
0
-2.007129
0
-3515.1
537.8
703.1
1.0
FldObj_GerudoHighlandCliff_A_10_Far
0
2.58
0
-3858.636
184.4829
143.722
1.0
EnemyFortressMgrTag
0
-0.5709341
0
-3625.362
594.8333
950.4106
1.0
BarrelBomb2
0.0001491468
9.985389E-06
-7.688149E-05
-3582.8
313.3151
464.4
1.0
LinkTagAnd
0
2.396126
0
-3628.804
594.8517
942.3527
1.0
FldObj_GerudoHighlandCliff_A_10
0
1.561592
0
-3714.804
375.2919
518.0468
1.05
FldObj_GerudoHighlandCliff_A_11
0
2.74
0
-3043
221.2789
807.9399
1.028853
FldObj_StageWood_A_03
0
2.356194
0
-3625.717
381.8567
476.2854
1.0
FldObj_GerudoHighlandCliff_A_01
-3.129338
-0.2012253
3.080355
-3779.285
581.6586
857.0198
1.0
Barrel
-6.064277E-05
0.8000141
-0.0001278348
-3518.3
326.7148
494.6019
1.0
Barrel
-0.001338219
0.7997332
-0.0002360386
-3515.6
326.7152
495.9997
1.0
BarrelBomb2
0.03591004
-0.9655278
-0.009052793
-3624.5
382.3289
473.5065
1.0
LinkTagOr
0.002637295
-0.0001065765
0.08077862
-3452.192
175.9757
167.1353
1.0
FldObj_RockGerudoHighland_B_02_Far
0
-1.463806
0
-3934.52
790.9487
966.0565
1.0
Area
0
-0.92
0
-3624.566
594.8333
949.8048
25
FldObj_GerudoHighlandCliff_A_10
2.819191
0.7785925
3.025639
-3142.109
283.9297
830.944
1.0
FldObj_GerudoHighlandRock_C_03_Far
0.06065039
0.01370624
-0.4443834
-3985.355
778.1708
995.8955
1.0
FldObj_GerudoHighlandCliff_A_01
3.10764
0.7034606
3.089131
-3451.54
554.7979
898.8687
1.0
GrassCutTag
0
-0.5709341
0
-3625.362
594.8333
950.4106
1.0
LinkTagNAnd
0
1.919862
0
-3852.339
652.6659
715.1146
1.0
ConstraintDummy
-0.9560779
-0.1146811
-0.2206834
-3686.333
724.1651
827.3856
1.0
FldObj_GerudoHighlandCliff_A_11_Far
0
2.581593
0
-3028.76
175.5541
-137.3838
1.0
LinkTagOr
-3.117996
0.04077721
-3.072483
-3471.846
171.8002
169.7274
1.0
LinkTagOr
0.2367978
1.394296
0.2758589
-3467.591
172.5307
154.7674
1.0
LookTag
0
-1.269065
0
-3620.42
601.6517
944.0063
1.0
Rope
0
-0.92
0
-3626.709
607.9832
957.7206
1.0
FldObj_GerudoHighlandCliff_A_10
0
2.38
0
-3127.961
148.2232
484.507
1.0
MoveTriggerTag
0
2.356194
0
-3596
391.5
568
1.0
FldObj_GerudoHighlandCliff_A_10_Far
0
1.04
0
-3011.932
173.2531
39.71173
1.0
Enemy_Bokoblin_Senior
0
0.4762635
0
-3627.654
594.8336
945.967
1.0
FldObj_GerudoHighlandCliff_A_04
0
-2.641084
0
-3862.197
497.7936
733.6601
1.0
BarrelBomb3
-0.07738795
0.0002377109
0.02166712
-3646.554
594.2355
957.141
1.0
FldObj_GerudoHighlandCliff_A_03_Far
0
1.3
0
-3993.332
607.8379
984.3999
1.0
LinkTagAnd
0
2.396126
0
-3620.314
594.8622
954.063
1.0
Area
0
0
0
-3587.052
306.1057
455.2269
80
FldObj_GerudoHighlandCliff_A_10_Far
0
2.38
0
-3127.961
148.2232
484.507
1.0
KorokAnswerResponce
0
-0.0003452301
0
-3721.689
759.9739
794.3156
1.0
FldObj_GerudoHighlandRock_B_01_Far
-0.04655498
-0.4487756
0.110422
-3755.377
465.6079
654.2611
1.0
Area
0
0
0
-3598.5
388
570
80
LinkTagPulse
0
-1.839325
0
-3674.051
551.6923
699.2688
0.25
FldObj_RockGerudoHighland_B_02_Far
-1.270352
1.528923
-1.270599
-3794.948
734.5164
897.5829
1.0
PosAfterDemoSkip
0
-1.22173
0
-3846.914
640.3
714.4457
1.0
SwitchTimeLag
-1.567397
-8.190609E-05
0.04818017
-3460.115
174.3538
172.0951
0.5
Obj_TreeSnowberry_A
0
0
0
-3688.627
723.7065
827.9463
1.0
LinkTagAnd
0
0
0
-3860
638.0559
707.8
1.0
LinkTagAnd
0
-0.3000001
0
-3061.039
459.1524
911.0915
1.0
FldObj_GerudoHighlandRock_A_02_Far
0
0
0
-3789.289
714.9357
871.8402
1.0
FldObj_GerudoHighlandRock_C_01
0
2.14
0
-3981.299
773.325
829.3941
1.0
LinkTagAnd
0
0
0
-3719.189
761.9739
794.3164
1.0
EventTag
0
1.919862
0
-3853.4
639.3
716.7
1.0
FldObj_GerudoHighlandCliff_A_10_Far
0
-2.903185
0
-3447.357
196.6991
454.1685
1.0
FldObj_GerudoHighlandRock_C_02
-0.9535446
0.1416982
0.006030963
-3944.885
797.9296
835.9229
1.0
LinkTagNone
0
0
0
-3597
392.5
569
1.0
FldObj_GerudoHighlandRock_A_01_Far
0
-2.68
0
-3793.766
652.2139
933.9669
1.0
FldObj_GerudoHighlandRock_A_04
0
-1.032665
0
-3548.57
707.6129
801.4728
1.0
LinkTagAnd
0
0
0
-3865.3
676
711.1
1.0
BarrelBomb2
0.001753367
0.7997101
0.00125656
-3517.404
326.7153
496.1984
1.0
FldObj_GerudoHighlandRock_C_01_Far
0
2.14
0
-3981.299
773.325
829.3941
1.0
BarrelBomb3
-0.03557031
-0.001025799
-0.05775859
-3673.865
594.5038
966.6476
1.0
FldObj_GerudoHighlandCliff_A_11_Far
0
2.96
0
-3065.48
316.4036
876.8206
1.0
DgnObj_DungeonEntranceSP
0
1.919862
0
-3853.4
639.3
716.7
1.0
FldObj_GerudoHighlandRock_C_02
-3.139215
0.4274298
3.080744
-3442.267
696.0226
880.8156
1.0
LinkTagAnd
0
0
0
-3572.667
306.0029
455.626
1.0
FldObj_SkullRockSnow_A_01_Far
0
-0.92
0
-3624.566
594.8333
949.8048
1.0
FldObj_GerudoHighlandRock_A_03
0
0.8399997
0
-3796.986
743.0149
884.2502
1.0
FldObj_GerudoHighlandRock_A_02
0
0
0
-3789.289
714.9357
871.8402
1.0
Barrel
0.0002130088
-1.835861E-05
-2.815039E-05
-3583.1
313.3152
465.9997
1.0
Obj_LiftRockWhite_A_01
0
-0.3000001
0
-3084.565
452.7307
914.2062
1.0
FldObj_GerudoHighlandCliff_A_10
0
1.501593
0
-3618.408
123.1467
264.4314
1.0
Obj_Plant_KorokColor_A_01
-3.109535
-0.7443535
-3.095168
-3470.398
171.9548
172.088
1.05
FldObj_RockGerudoHighland_B_02
-3.133622
0.08015326
3.103027
-3693.271
733.0027
800.8596
1.0
FldObj_GerudoHighlandCliff_A_12
0
1.158406
0
-3631.654
347.2135
546.8051
1.0
LinkTagNone
0
0
0
-3518.3
326.6
494.6
1.0
Enemy_Bokoblin_Middle
0
0
0
-3597.5
373.5787
542.5
1.0
Item_Fruit_B
0
0
-3.141593
-3988.46
777.8198
1014.95
1.0
LinkTagOr
0
0
0
-3527.834
660.3008
953.4077
1.0
FldObj_GerudoHighlandRock_B_01
-0.0996507
-0.1160952
-0.0747989
-3651.801
252.6418
401.3499
1.0
FldObj_GerudoHighlandCliff_A_10
0
-0.48
0
-3201.471
91.69377
265.0406
1.0
FldObj_GerudoHighlandCliff_A_01
0
0.14
0
-3742.237
574.9348
858.9324
1.0
FldObj_GerudoHighlandCliff_A_10
0
2.347266
0
-2924.196
234.3241
928.0532
1.0
Obj_Plant_KorokColor_A_01
2.912088
1.38873
2.958359
-3468.553
172.4045
156.8308
0.98
Enemy_Chuchu_Ice_Junior
0
2.281592
0
-3657.516
716.5141
883.4174
1.0
MoveTriggerTag
0
1.832595
0
-3589.625
315.2074
455.8753
1.0
FldObj_GerudoHighlandCliff_A_11_Far
0
2.941592
0
-3509.148
392.3009
658.8478
1.065265
LinkTagAnd
0
0
0
-3853.4
652
716.7
1.0
FldObj_GerudoHighlandRock_C_04
0.06397632
-0.7634057
-0.3223499
-3482.301
706.7608
927.7386
1.0
LinkTagAnd
0.002637295
-0.0001065765
0.08077862
-3451.949
172.9802
169.1274
1.0
FldObj_GerudoHighlandRock_C_01_Far
2.571333
0.9187169
2.664867
-3982.982
770.1672
809.1573
1.0
FldObj_GerudoHighlandCliff_A_12_Far
0
1.158406
0
-3631.654
347.2135
546.8051
1.0
Area
0
2.643185
0
-3465.069
177.7536
164.8614
2
DragonDropItemTarget
0
0
0
-3933.075
781.3521
803.5376
1.0
FldObj_GerudoHighlandCliff_A_06_Far
0
1.4
0
-3768.863
586.0945
925.3701
1.2
FldObj_GerudoHighlandCliff_A_10
0
1.04
0
-3011.932
173.2531
39.71173
1.0
SwitchTimeLag
-1.570796
-0.0003452301
0
-3719.189
761.9739
794.3164
0.5
Obj_LiftRockWhite_Korok_A_01
0
-0.0003452301
0
-3689.011
740.2251
801.015
1.0
FldObj_GerudoHighlandRock_C_01_Far
2.571333
0.9187169
2.664867
-3982.982
770.1672
809.1573
1.0
FldObj_GerudoHighlandCliff_A_10
0
2.601593
0
-3260.906
96.64166
399.8808
1.007595
FldObj_GerudoHighlandRock_A_04_Far
0
0
0
-3390.786
606.5488
858.6914
1.0
FldObj_GerudoHighlandCliff_A_10_Far
-3.074717
0.4624211
-3.116067
-3354.544
346.8052
666.2988
1.0
FldObj_GerudoHighlandCliff_A_07_Far
0
-2.879999
0
-3732.78
503.4517
757.514
1.10356
ActorObserverTag
0
-0.0003452301
0
-3688.011
742.4251
801.0154
1.0
FldObj_GerudoHighlandRock_C_03
3.061457
0.05822024
3.136919
-4005.948
780.7578
800.7897
1.0
LinkTagAnd
0
1.919862
0
-3848.794
640.3
714.8491
1.0
FldObj_GerudoHighlandCliff_A_10_Far
0
1.501593
0
-3618.408
123.1467
264.4314
1.0
FldObj_GerudoHighlandCliff_A_10
0
1.9
0
-3689.175
207.4855
303.4258
1.0
DragonDropItemTarget
0
0
0
-3547.872
715.8306
800.6509
1.0
FldObj_GerudoHighlandRock_A_02
0
-2.683186
0
-3983.826
762.3698
1051.974
1.0
LinkTagOr
0
1.521597
0
-3069.654
454.5268
910.2493
1.0
DgnObj_EntranceTerminalSP
0
1.396263
0
-3848.446
640.3002
712.7685
1.0
FldObj_GerudoHighlandCliff_A_02
0
2.68
0
-4009.701
624.2544
707.5248
1.0
FldObj_GerudoHighlandCliff_A_11
0
0.8015929
0
-3058.118
174.3666
156.6963
1.0
FldObj_GerudoHighlandRock_A_04_Far
0.14
0
0
-3798.46
741.5256
893.6891
1.0
TBox_Field_Enemy
0
-0.7454668
0
-3618.727
599.8917
943.4792
1.0
Enemy_Bokoblin_Senior
0
-1.618131
0
-3620.368
594.8337
950.6471
1.0
Area
0
-0.92
0
-3624.566
594.8333
949.8048
50
Area
0
2.396126
0
-3619.251
601.8517
944.0475
2
FldObj_GerudoHighlandRock_A_02
0
-1.36
0
-3968.834
529.9318
332.026
1.0
Area
0
-1.839325
0
-3673.786
551.6924
698.3047
3
Obj_Plant_KorokColor_A_01
0.00339933
-8.190609E-05
0.04818017
-3464.514
172.138
172.4879
0.92
DragonDropItemTarget
0
0
0
-3737.999
729.4035
798.7577
1.0
Area
0
-0.3000001
0
-3061.039
452.6473
911.0915
1.0
LinkTagOr
0
2.536695
0
-3499.238
684.9393
1004.805
1.0
Enemy_Moriblin_Senior
0
0.1731471
0
-3974.235
780.1674
962.1725
1.0
LinkTagOr
0
-0.18
0
-3531.603
659.6435
950.3793
1.0
FldObj_GerudoHighlandRock_C_01
2.571333
0.9187169
2.664867
-3982.982
770.1672
809.1573
1.0
Npc_HiddenKorokGround
0
-0.09963661
0
-3688.848
740.4763
798.725
1.0
LinkTagAnd
0
1.559999
0
-3648.668
719.8013
827.8181
1.0
FldObj_GerudoHighlandRock_C_02_Far
-0.9535446
0.1416982
0.006030963
-3944.885
797.9296
835.9229
1.0
FldObj_GerudoHighlandCliff_A_10_Far
0
2.601593
0
-3260.906
96.64166
399.8808
1.007595
FldObj_GerudoHighlandRock_A_04_Far
0
-1.495849
0
-3547.806
704.8727
809.6552
1.0
FldObj_GerudoHighlandRock_A_03_Far
0
0.8399997
0
-3796.986
743.0149
884.2502
1.0
FldObj_GerudoHighlandRock_A_04
0
-0.3768139
0
-3713.536
671.9767
912.6848
1.0
FldObj_GerudoHighlandCliff_A_03_Far
0
-2.940001
0
-3012.003
348.9193
1050.046
1.0
FldObj_GerudoHighlandRock_C_01
-0.3220491
-0.007656321
-0.007127377
-3967.881
784.2023
743.9133
1.0
FldObj_GerudoHighlandCliff_A_10
0
-3.103186
0
-3413.361
303.9926
561
1.0
FldObj_GerudoHighlandCliff_A_11_Far
3.021593
1.496192
3.141593
-3610.227
292.2747
515.1165
1.0
LinkTagAnd
0
0
0
-3848.446
640.3002
712.7685
1.0
DragonDropItemTarget
0
0
0
-3410.722
707.0588
946.8109
1.0
EventTag
0
1.396263
0
-3848.446
640.3
712.7685
1.0
FldObj_GerudoHighlandCliff_A_10_Far
2.692228
0.5438709
2.981853
-3531.979
218.5607
472.842
1.0
Obj_Plant_KorokColor_A_01
0.006797617
1.047106
0.05406708
-3463.315
172.1979
171.888
0.95
FldObj_GerudoHighlandCliff_A_11_Far
0
0.8015929
0
-3058.118
174.3666
156.6963
1.0
FldObj_HangedLamp_A
0
-0.92
0
-3632.767
605.0907
949.7646
1.0
Npc_HiddenKorokFly
0
0
0
-3014.163
174.9565
372.4369
1.0
FldObj_StageWood_A_03
0
-2.617994
0
-3502.366
387.3567
556.7332
1.0
SeekerSimbol2
3.025302
1.168161
-3.096301
-3896.801
678.0619
733.5266
1.0
Item_Fruit_B
3.141593
-1.18674
2.333239E-07
-3489.429
685.819
1008.561
1.0
FldObj_GerudoHighlandCliff_A_10
0
-1.76
0
-3290.774
101.1547
67.75159
1.0
FldObj_GerudoHighlandCliff_A_10_Far
0
-2.101593
0
-3199.502
173.2531
-38.81561
1.0
Area
0.2367978
1.394296
0.2758589
-3467.98
173.6329
156.7858
2
FldObj_RockGerudoHighland_B_02_Far
0
-2.165398
0
-4002.965
793.0425
926.2753
1.0
FldObj_GerudoHighlandRock_A_03
0
-0.4
0
-3862.572
634.5483
619.8401
1.0
FldObj_GerudoHighlandRock_A_04_Far
0
-0.3399999
0
-3597.338
714.7659
854.1106
1.0
Obj_SweepCollision
0
1.919862
0
-3854.34
654.3
717.042
1.0
FldObj_PushRock_A_M_01
0
0
0
-3512.46
327.9356
488.437
1.0
Enemy_Chuchu_Ice_Junior
0
1.541598
0
-3667.113
721.053
781.9022
1.0
Enemy_Bokoblin_Guard_Middle_TreeHouseTop
0
-1.376401
0
-3634.219
600.0624
972.8662
1.0
DragonDropItemTarget
0
0
0
-3815.26
734.8543
834.7526
1.0
Enemy_Bokoblin_Middle
0
-2.356194
0
-3591
390.6711
578
1.0
FldObj_GerudoHighlandRock_C_03_Far
2.859962
-0.7823253
2.690302
-3986.777
782.6104
958.4958
1.0
FldObj_GerudoHighlandCliff_A_11
0
2.12
0
-3727.765
314.3822
341.015
1.086908
FldObj_PushRock_A_M_01
0
0
0
-3597
392.5
569
1.0
FldObj_GerudoHighlandCliff_A_10_Far
0
-1.76
0
-3290.774
101.1547
67.75159
1.0
FldObj_GerudoHighlandRock_A_01
0
-2.56
0
-3567.103
579.348
737.6539
1.0
FldObj_GerudoHighlandRock_C_03_Far
0.07999999
0
0
-4001.218
779.8792
811.7438
1.0
Area
-0.4066617
0.1851283
-1.500983
-3879.155
681.4903
726.481
3
FldObj_GerudoHighlandCliff_A_04_Far
0
-1.160001
0
-3602.583
455.4266
751.0358
1.0
FldObj_GerudoHighlandRock_A_02
0
0
0
-4023.805
791.3741
955.1923
1.0
FldObj_GerudoHighlandRock_A_02
0
0
0
-3949.102
772.3894
1000.741
1.0
FldObj_GerudoHighlandCliff_A_04_Far
0
-2.64
0
-3945.625
641.1572
790.6013
1.0
FldObj_GerudoHighlandRock_C_03_Far
-3.007934
-1.040028
2.871015
-3975.896
790.0469
911.7886
1.0
FldObj_GerudoHighlandCliff_A_04
0
-1.160001
0
-3602.583
455.4266
751.0358
1.0
FldObj_GerudoHighlandRock_A_02_Far
0
0
0
-4023.805
791.3741
955.1923
1.0
SwitchTimeLag
0
2.396126
0
-3629.044
614.8419
953.4983
1.0
Area
0.002637295
-0.0001065765
0.08077862
-3456.033
173.8535
169.1302
2
FldObj_GerudoHighlandRock_C_01
0.6124964
0.02444154
-0.5540847
-3950.299
792.7678
759.422
1.0
SeekerSimbol2_Far
3.025302
1.168161
-3.096301
-3896.801
678.0619
733.5266
1.0
Obj_Plant_KorokColor_A_01
0.004149569
0.6107793
0.05056027
-3463.565
172.1833
172.638
1.0
FldObj_RockGerudoHighland_B_02_Far
0.1577857
-1.074991
-0.2196992
-3811.62
727.1085
846.6799
1.0
FldObj_GerudoHighlandRock_C_01
-0.05036414
0.9134673
-0.1641281
-3881.848
781.009
892.8645
1.0
FldObj_GerudoHighlandCliff_A_02
0
1.94
0
-3933.994
497.9538
634.8009
1.0
Item_Fruit_B
0
0
3.141593
-3688.557
724.7065
828.3663
1.0
FldObj_GerudoHighlandRock_C_02_Far
-3.140718
0.9085693
3.1251
-3478.04
699.4216
852.3519
1.0
FldObj_PushRock_A_M_01
0
0
0
-3587.053
314.6526
455.2269
1.0
FldObj_GerudoHighlandCliff_A_11_Far
0
2.081592
0
-3652.017
247.0522
404.8962
1.165726
FldObj_GerudoHighlandRock_A_04
0
-0.22
0
-3855.718
634.2566
607.2983
1.0
FldObj_GerudoHighlandCliff_A_10_Far
0
2.519999
0
-3752.674
125.716
81.68085
1.0
LinkTagOr
0
0
0
-3460.663
178.6707
166.2986
1.0
EnemyLookTag
0
1.56
0
-3518.603
327.4
490.1648
1.0
AscendingCurrent
0
-2.007129
0
-3467.8
336.1
525.3
1.0
FldObj_PushRock_A_M_01
0.001058424
-0.0006348686
-0.02661983
-3512.444
327.9175
488.4379
1.0
FldObj_GerudoHighlandRock_A_04_Far
0
-0.22
0
-3855.718
634.2566
607.2983
1.0
MoveTriggerTag
0
2.356194
0
-3514.136
328.5839
490.4011
1.0
LinkTagAnd
0
1.521597
0
-3069.703
454.5268
911.2482
1.0
FldObj_GerudoHighlandRock_C_03
0.07999999
0
0
-4001.218
779.8792
811.7438
1.0
FldObj_GerudoHighlandRock_A_04
0
0
0
-4066.882
560.7512
438.06
1.0
FldObj_GerudoHighlandRock_A_04
0
-1.12
0
-3510.346
659.0142
943.4682
1.0
Enemy_Bokoblin_Senior
0
1.523461
0
-3630.356
594.8202
950.174
1.0
FldObj_GerudoHighlandRock_C_01
-2.772479
0.8038262
3.113296
-3517.845
712.2043
911.5519
1.0
ActorObserverTag
0
-0.0003452301
0
-3689.011
742.4251
801.015
1.0
ConstraintDummy
0
-0.92
0
-3627.106
607.9832
958.0236
1.0
EventTag
0
-0.7454668
0
-3616.417
614.836
953.9908
1.0
FldObj_GerudoHighlandCliff_A_02_Far
0
1.94
0
-3933.994
497.9538
634.8009
1.0
FldObj_GerudoHighlandCliff_A_01
-0.01778184
-0.7161145
-0.0797553
-3457.239
558.8494
914.9362
1.0
FldObj_GerudoHighlandCliff_A_10_Far
0
1.561592
0
-3714.804
375.2919
518.0468
1.05
BarrelBomb3
-0.006021271
-0.920422
0.007800795
-3625.609
594.869
957.5134
1.0
LinkTagOr
0.00339933
-8.190609E-05
0.04818017
-3462.017
172.2598
172.0881
1.0
LinkTagOr
0
-0.0003452301
0
-3689.011
743.4251
801.015
1.0
LinkTagAnd
0
0
0
-3584.496
304.0478
442.64
1.0
Item_Fruit_B
0
0
-3.141593
-3529.897
661.1102
952.6255
1.0
FldObj_GerudoHighlandCliff_A_04_Far
0
-2.8
0
-3830.233
401.2477
577.1744
1.0
LinkTagAnd
0
2.281592
0
-3653.938
716.6577
882.9758
1.0
FldObj_GerudoHighlandCliff_A_11
0
-0.9215934
0
-3211.69
171.4135
144.6631
1.0
LinkTagNOr
0
2.396126
0
-3613.9
594.8547
949.3579
1.0
FldObj_GerudoHighlandRock_C_01_Far
3.042874
1.002816
2.967585
-3950.424
774.9282
801.6627
1.0
MoveTriggerTag
0
2.136194
0
-3598.25
392.1094
565.375
1.0
FldObj_GerudoHighlandRock_A_04_Far
0
0
0
-4066.882
560.7512
438.06
1.0
DragonDropItemTarget
0
0
0
-3972.283
796.3158
853.2733
1.0
LinkTagOr
0
0
0
-3986.397
777.0104
1015.733
1.0
ConstraintDummy
0
0.7853982
0
-3625.496
375.43
475.976
1.0
ActorObserverTag
0
-0.3000001
0
-3061.994
454.2473
910.796
1.0
EnemyLookTag
0
0.1731471
0
-3973.29
780.6733
967.7063
1.0
Npc_HiddenKorokGround
0
-1.839325
0
-3673.786
550.7923
698.3047
1.0
Enemy_Moriblin_Middle
0
-2.186991
0
-3514.534
326.5699
492.9891
1.0
FldObj_GerudoHighlandCliff_A_10
-3.074717
0.4624211
-3.116067
-3354.544
346.8052
666.2988
1.0
LinkTagNone
0
0
0
-3635.289
597.8333
960.4833
1.0
FldObj_GerudoHighlandCliff_A_10
0
1.741593
0
-3006.984
106.3986
745.7659
1.0
FldObj_GerudoHighlandCliff_A_10
0
-2.903185
0
-3447.357
196.6991
454.1685
1.0
FldObj_GerudoHighlandRock_A_02_Far
0
2.923185
0
-3993.842
525.674
339.9557
1.0
Barrel
2.219211E-08
2.082394E-10
-1.721736E-06
-3582.3
313.3149
462.8
1.0
LinkTagNAnd
0.002637295
-0.0001065765
0.08077862
-3456.179
175.6529
167.1349
1.0
FldObj_GerudoHighlandRock_A_04_Far
0
-1.12
0
-3510.346
659.0142
943.4682
1.0
LinkTagNone
0
0
0
-3599
393.2422
565.9922
1.0
FldObj_GerudoHighlandRock_C_04
-2.550545
-0.5799392
2.456226
-3906.26
791.6239
826.2346
1.0
FldObj_PushRock_A_M_01
0.0009990691
-0.0006218264
-0.02632429
-3587.043
314.6173
455.2305
1.0
FldObj_GerudoHighlandRock_C_01
-0.4099336
-1.142483
0.4456526
-3934.439
772.4108
791.6714
1.0
BarrelBomb3
-0.06095024
-0.00225871
-0.08896267
-3674.366
594.6785
969.3596
1.0
DragonDropItemTarget
0
0
0
-3971.331
780.5986
803.9037
1.0
FldObj_GerudoHighlandRock_B_01_Far
0
2.839999
0
-3782.68
474.053
654.369
1.0
FldObj_GerudoHighlandCliff_A_12_Far
0
-2.538408
0
-3579.958
346.901
602.4619
1.0
FldObj_GerudoHighlandCliff_A_11
0
1.32
0
-3017.703
95.71724
211.8768
1.0
FldObj_GerudoHighlandCliff_A_10
0
2.88
0
-3889.205
124.6358
53.10434
1.0
Obj_Plant_KorokColor_A_01
-3.11799
-0.04646498
-3.074541
-3469.725
171.9872
171.5152
0.95
Area
0
-1.376401
0
-3634.219
601.9749
972.8662
2
FldObj_GerudoHighlandRock_C_03
0.1715727
-0.9086393
-0.2156069
-3984.238
797.2582
841.5743
1.0
FldObj_GerudoHighlandCliff_A_04_Far
0
-2.641084
0
-3862.197
497.7936
733.6601
1.0
LinkTagOr
0.2367978
1.394296
0.2758589
-3469.35
175.5512
152.5807
1.0
LinkTagAnd
0
0
0
-3456.033
173.8535
169.1302
1.0
FldObj_GerudoHighlandCliff_A_10_Far
-0.6909378
1.476808
-0.6931111
-3255.257
363.2802
856.9834
1.0
FldObj_GerudoHighlandCliff_A_11
3.101593
1.541593
3.141593
-3059.951
159.1494
625.5886
1.0
FldObj_GerudoHighlandRock_C_01_Far
0.6124964
0.02444154
-0.5540847
-3950.299
792.7678
759.422
1.0
FldObj_GerudoHighlandCliff_A_04
0
-3.04
0
-3284.546
466.7786
1028.775
1.0
FldObj_GerudoHighlandRock_C_04
-0.3416498
-0.4789505
-0.1230238
-3937.686
782.415
734.3511
1.0
LookTag
0
1.919862
0
-3844.003
639.3
713.2798
1.0
Obj_TreeBroadleafRoot_B_L_01
0
0
0
-3511.886
173.3695
75.37512
1.0
Item_Fruit_B
-3.141593
-0.6048974
1.062813E-07
-3497.986
685.7487
1006.622
1.0
FldObj_GerudoHighlandCliff_A_12
0
-2.599999
0
-3643.474
415.5807
653.6008
1.0
FldObj_StageWoodStanchion_A_01
-2.617994
0.7853982
3.141593
-3623.202
382
473.7017
1.0
DragonDropItemTarget
0
0
0
-3948.462
780.334
793.805
1.0
FldObj_GerudoHighlandCliff_A_11
0
2.081592
0
-3652.017
247.0522
404.8962
1.165726
BarrelBomb2
0.03595065
-0.9666564
-0.009144929
-3622.5
382.3593
474.0032
1.0
LinkTagNone
0
0
0
-3974.235
780.1674
962.1725
1.0
FldObj_GerudoHighlandCliff_A_01_Far
0
0.14
0
-3742.237
574.9348
858.9324
1.0
FldObj_GerudoHighlandRock_A_04_Far
0
-0.3768139
0
-3713.536
671.9767
912.6848
1.0
FldObj_GerudoHighlandRock_A_02_Far
0
0
0
-3927.469
668.153
576.1026
1.0
FldObj_GerudoHighlandRock_C_03
0
0
0
-3978.164
538.285
357.0746
1.0
FldObj_GerudoHighlandCliff_A_02_Far
0
2.172733
0
-3367.67
467.4227
1011.301
1.0
FldObj_GerudoHighlandRock_A_02
0
0.04000006
0
-3776.491
605.7493
774.096
1.0
FldObj_GerudoHighlandCliff_A_02
0
2.172733
0
-3367.67
467.4227
1011.301
1.0
Item_Fruit_B
1.590828E-08
0.18
-3.141593
-3533.492
660.4529
949.2402
1.0
Enemy_Keese
0
-0.92
0
-3635.289
597.8333
960.4833
1.0
LinkTagAnd
0
0
0
-3566.639
353.5
556.8552
1.0
Enemy_Chuchu_Ice_Junior
0
1.559999
0
-3651.646
720.2679
825.7859
1.0
PlayerOnScaffoldCheckTag
0
-0.5435987
0
-3653.644
601.1875
950.39
1.0
Area
0
-0.92
0
-3624.566
594.8333
949.8048
100
FldObj_GerudoHighlandCliff_A_11_Far
0
2.48
0
-3270.729
228.2592
505.608
1.175103
FldObj_GerudoHighlandRock_C_02_Far
-3.139215
0.4274298
3.080744
-3442.267
696.0226
880.8156
1.0
FldObj_GerudoHighlandRock_C_03_Far
0
0
0
-3978.164
538.285
357.0746
1.0
Obj_RockBroken_A_02
0
0.7307965
0
-3467.8
338
526.1
1.0
FldObj_GerudoHighlandCliff_A_11
0
2.96
0
-3065.48
316.4036
876.8206
1.0
FldObj_GerudoHighlandCliff_A_10_Far
0
2.88
0
-3889.205
124.6358
53.10434
1.0
ConstraintDummy
2.832399
1.227351
-2.439538
-3491.172
685.2776
1006.867
1.0
AnchorAction1
0
-0.5709341
0
-3625.362
594.8333
950.4106
1.0
FldObj_PushRock_A_M_01
0.09532371
0.01324216
-0.08450764
-3596.998
392.6321
569.0646
1.0
FldObj_GerudoHighlandCliff_A_10_Far
-0.6909378
1.476808
-0.6931111
-3225.442
263.1015
686.5435
1.0
FldObj_GerudoHighlandRock_A_04
0.14
0
0
-3798.46
741.5256
893.6891
1.0
FldObj_GerudoHighlandCliff_A_12
0
-2.538408
0
-3579.958
346.901
602.4619
1.0
FldObj_StageWoodStanchion_A_01
-2.617994
-0.5235989
3.141593
-3504.211
387.5
553.6346
1.0
FldObj_GerudoHighlandRock_A_01
0
2.583186
0
-3258.002
520.3658
968.0778
1.0
LinkTagNAnd
-3.117996
0.04077721
-3.072483
-3470.226
175.0132
173.7337
1.0
DragonDropItemTarget
0
0
0
-3606.749
709.2225
754.2563
1.0
Obj_TreeSnowberry_A
0
1.954852
0
-3489.792
684.819
1008.783
1.0
Area
0
0
0
-3512.437
316.9567
489.0386
80
FldObj_GerudoHighlandCliff_A_03
0
1.3
0
-3993.332
607.8379
984.3999
1.0
FldObj_GerudoHighlandCliff_A_10
2.692228
0.5438709
2.981853
-3531.979
218.5607
472.842
1.0
PlayerOnScaffoldCheckTag
0
2.396126
0
-3615.578
601.8517
947.4391
1.0
FldObj_GerudoHighlandRock_C_03
0.06704748
0.00638371
-0.05140577
-3953.697
798.1271
840.091
1.0
Obj_Plant_KorokColor_A_01
3.087957
0.6945636
-3.133335
-3467.917
172.4626
156.0794
1.0
FldObj_GerudoHighlandCliff_A_11_Far
0
1.32
0
-3017.703
95.71724
211.8768
1.0
EnemyLookTag
0
-3.141593
0
-3597.5
373.5789
544.5
1.0
FldObj_GerudoHighlandRock_C_01_Far
-0.05036414
0.9134673
-0.1641281
-3881.848
781.009
892.8645
1.0
FldObj_GerudoHighlandCliff_A_11
3.021593
1.496192
3.141593
-3610.227
292.2747
515.1165
1.0
LinkTagOr
0.002637295
-0.0001065765
0.08077862
-3453.943
172.8188
169.1272
1.0
LinkTagAnd
0
2.643185
0
-3468.583
176.5536
162.9493
1.0
FldObj_GerudoHighlandCliff_A_10
0
-2.783185
0
-3462.796
90.51883
341.8701
1.0
FldObj_GerudoHighlandRock_A_02
0
2.923185
0
-3993.842
525.674
339.9557
1.0
FldObj_GerudoHighlandCliff_A_10
0
2.519999
0
-3752.674
125.716
81.68085
1.0
BarrelBomb3
-0.2246867
-0.907923
0.01024761
-3631.807
594.9142
950.2512
1.0
BarrelBomb3
-0.03274158
0.001610016
0.0937373
-3637.664
594.7262
956.5403
1.0
LinkTagAnd
0
1.541598
0
-3664.172
721.5796
783.989
1.0
FldObj_GerudoHighlandRock_C_03_Far
3.061457
0.05822024
3.136919
-4005.948
780.7578
800.7897
1.0
EnemyLookTag
0
-0.5435987
0
-3650.399
599.1875
954.6879
1.0
