UnitConfigName/__text
Rotate/value/0
Rotate/value/1
Rotate/value/2
Translate/value/0
Translate/value/1
Translate/value/2
_Scale
FldObj_GerudoDesertRock_A_05
0
0
0
-3745.406
146.3413
3599.865
1.0
FldObj_GerudoDesertRock_A_05
0
0
-0.09999999
-3674.826
123.4488
3579.053
1.0
FldObj_GerudoDesertRock_A_31
3.066603
-0.356719
-3.072433
-3765.65
125.651
3389.262
1.22439
FldObj_GerudoDesertRock_A_05
0
-0.5768144
0
-3741.682
144.9924
3631.7
1.0
KibakoDesert_Contain_01
-0.00400062
-0.01046962
0.1498676
-3749.543
151.0709
3599.689
1.0
SpotBgmTag
0
0
0
-3430
175
3130
35
FldObj_GerudoDesertRock_A_10
0
-0.136814
0
-3831.688
118.5512
3586.785
1.0
TBox_Field_Iron
-0.02714937
0.6726794
0.1107198
-3751.359
150.6079
3602.25
1.0
FldObj_GerudoDesertRock_A_31
0
-2.859999
0
-3431.205
156.6503
3100.372
1.0
Obj_TreePalmMini_A_01
0
-2.483186
0
-3773.245
154.808
3131.638
1.0
SpotBgmTag
0
0
0
-3792
162
3124
40
FldObj_GerudoDesertRock_A_12
0
-2.96
0
-3652.444
139.3911
3617.111
1.0
FldObj_GerudoDesertRock_A_05
0
0.1384077
0
-3710.693
145.5087
3635.985
1.0
Obj_LiftRockGerudo_Korok_A_01
0.8799996
0.5399971
0
-3034.27
177.2569
3762.65
1.0
KibakoDesert_Contain_01
-0.01854018
0.6027603
0.04268963
-3752.514
150.5068
3600.803
1.0
Obj_LiftRockGerudo_Korok_A_01
0.4600001
0.5399971
0
-3034.56
178.0357
3747.713
1.0
Pot
0.01720541
-0.001800991
-0.02809213
-3749.733
150.7959
3607.097
1.0
Obj_LiftRockGerudo_Korok_A_01
0
2.899999
0
-3038.414
177.6102
3749.271
1.0
FldObj_GerudoDesertRock_A_11
0
-0.1568143
0
-3674.181
128.0254
3702.259
1.0
Obj_LiftRockGerudo_Korok_A_01
-1.16
0.5399971
0
-3027.241
179.2233
3758.593
1.0
FldObj_GerudoDesertRock_A_30
0
-0.8600001
0
-3410.154
154.119
3101.258
1.0
Obj_ElectricArrow_A_01
0
0
0
-3835.042
2000
3593.625
1.0
Obj_TreePalmMini_A_01
0
1.64
0
-3770.668
154.7922
3127.773
1.0
Obj_TreePalmMini_A_01
0
-2.063186
0
-3823.415
157.4917
3136.287
1.0
FldObj_GerudoDesertRock_A_05
0
0
0
-3636.246
119.6842
3663.213
1.0
FldObj_GerudoDesertRock_A_08
0.07999997
4.279912E-09
1.58512E-08
-3737.241
120.074
3489.398
1.086238
Item_Plant_L
0
0.6828613
0
-3700.309
125.1155
3662.199
1.0
Obj_LiftRockGerudo_Korok_A_01
-2.329077
-0.07740459
2.981108
-3028.967
179.0603
3760.802
1.0
Obj_TreePalmMini_A_01
0
-2.146371
0
-3798.157
157.4153
3136.453
1.0
Obj_LiftRockGerudo_Korok_A_01
0
0.5399978
0
-3040.649
176.0046
3759.146
1.0
Obj_TreePalmMini_A_01
0
0.6599998
0
-3764.907
154.7902
3127.125
1.0
FldObj_GerudoDesertRock_A_05
3.101593
0.4752222
3.141593
-3711.03
145.0942
3615.133
1.0
Obj_TreePalm_A_01
0
0.2231851
0
-3775.179
154.8453
3129.587
1.0
FldObj_GerudoDesertRock_A_08
-2.149971
-1.333162
2.136988
-3767.838
123.2999
3541.685
1.226815
FldObj_GerudoDesertRock_A_08
0
-2.28
0
-3804.376
114.2989
3700.236
1.086238
Obj_LiftRockGerudo_Korok_A_01
0.58
0.5399971
0
-3038.428
175.9731
3761.356
1.0
Item_Mushroom_D
-1.567627
-0.3435058
2.599243
-3042.582
165.7031
3735.066
1.0
Obj_LiftRockGerudo_Korok_A_01
0
-2.883186
0
-3037.228
177.8557
3748.469
1.0
FldObj_GerudoDesertRock_A_32
0
-0.01999979
0
-3537.431
134.6521
3003.922
1.0
FldObj_GerudoDesertRock_A_05
-0.02633557
0.317353
-0.08421449
-3699.755
144.5674
3648.023
1.0
Obj_LiftRockGerudo_Korok_A_01
-2.461593
-0.2584072
3.141593
-3027.578
178.6532
3751.054
1.0
Item_Mushroom_D
1.564819
-1.101074
-0.5329589
-3172.66
145.5859
3003.172
1.0
FldObj_GerudoDesertRock_A_31
0
2.7
0
-3437.633
156.6005
3155.661
1.0
FldObj_GerudoDesertRock_A_05
0.06837835
0.6782193
0.06688423
-3764.407
116.5074
3696.242
1.0
FldObj_GerudoDesertRock_A_30
-0.2107465
0.03569552
-0.2456166
-3788.145
128.2411
3329.87
1.0
FldObj_GerudoDesertRock_A_08
-0.2
0
0
-3702.651
122.052
3423.69
1.0
Obj_LiftRockGerudo_Korok_A_01
0.8
0.5399971
0
-3040.155
177.1101
3751.698
1.0
Obj_LiftRockGerudo_Korok_A_01
0.54
0.5399971
0
-3035.882
177.95
3747.905
1.0
Obj_TreePalm_A_01
0
2.343185
0
-3761.312
154.8169
3121.426
1.0
TwnObj_ArtifactObservationPostWindmill_A_01
0
0
0
-3431.8
200.9438
3126.801
1.0
Obj_LiftRockGerudo_Korok_A_01
0
1.299999
0
-3026.632
179.0483
3755.653
1.0
Obj_LiftRockGerudo_Korok_A_01
-2.461593
-0.2584072
3.141593
-3028.335
178.5813
3750.054
1.0
Obj_LiftRockGerudo_Korok_A_01
-3.082018
0.3162153
-2.952091
-3039.691
175.9583
3760.285
1.0
Obj_LiftRockGerudo_Korok_A_01
-2.461593
-0.2584072
3.141593
-3030.504
178.3564
3748.504
1.0
FldObj_GerudoDesertRock_A_30
-3.069407
-0.4757054
0.2185858
-3461.885
141.9756
3019.007
1.0
FldObj_GerudoDesertRock_A_05
0
-2.141592
0
-3702.995
144.8364
3629.767
1.0
FldObj_GerudoDesertRock_A_05
0
-1.02
0
-3846.633
116.2848
3653.337
1.0
FldObj_GerudoDesertRock_A_12
0
-0.1568143
0
-3674.181
136.3975
3702.259
1.0
Obj_LiftRockGerudo_Korok_A_01
0
-2.883186
0
-3031.372
178.3818
3762.325
1.0
FldObj_GerudoDesertRock_A_05
0.1553591
0.6670735
0.1526947
-3807.862
120.2377
3611.504
1.0
Item_Mushroom_D
0.9772949
-0.2254639
0.05310058
-3731.879
149.8711
3654.328
1.0
Obj_LiftRockGerudo_Korok_A_01
0
3.12
0
-3026.909
179.1265
3757.158
1.0
FldObj_GerudoDesertRock_A_05
3.139389
-0.0182751
-3.021572
-3825.871
121.6518
3589.191
1.0
Item_Plant_L
3.141479
-1.289184
3.141479
-3070.492
146.5608
3792.336
1.0
FldObj_GerudoDesertRock_A_31
0
0
0
-3462.426
139.0052
3013.365
1.0
Obj_LiftRockGerudo_Korok_A_01
0
3.12
0
-3026.638
178.9373
3754.133
1.0
Obj_LiftRockGerudo_Korok_A_01
0
1.299999
0
-3040.664
176.9074
3752.998
1.0
TBox_Field_Stone
0
-2.624777
0
-3432.911
161.1246
3131.577
1.0
FldObj_GerudoDesertRock_A_12
0
-0.136814
0
-3831.688
135.8439
3586.785
1.0
Obj_LiftRockGerudo_Korok_A_01
-3.001593
1.421593
3.141593
-3029.938
178.8142
3761.851
1.0
Item_CookSet
0
0
0
-3747.684
150.8055
3607.149
1.0
Obj_LiftRockGerudo_Korok_A_01
0
0.5399978
0
-3029.299
178.4813
3749.264
1.0
FldObj_GerudoDesertRock_A_31
0
-0.8000003
0
-3463.404
156.4815
3131.914
1.0
TwnObj_ArtifactObservationPostDoor_A_01
0
-2.621586
0
-3434.248
161.1441
3126
1.0
Item_Mushroom_H
0
-0.4020996
0
-3705.027
150.7593
3636.906
1.0
Obj_LiftRockGerudo_Korok_A_01
3.108166
-0.2958452
-3.098178
-3033.139
178.127
3747.694
1.0
FldObj_GerudoDesertRock_A_05
0
0.6399999
0
-3678.739
117.4416
3706.959
1.0
FldObj_GerudoDesertRock_A_10
0
-2.96
0
-3652.444
122.0985
3617.111
1.0
Obj_TreePalmMini_A_01
0
-2.683185
0
-3838.636
157.5091
3131.779
1.0
Item_Plant_L
3.141479
0.4365234
3.141479
-3711.094
122.1156
3682.109
1.0
Pot
-0.07309055
-0.001022447
-0.0182694
-3748.677
150.9451
3608.717
1.0
FldObj_GerudoDesertRock_A_05
3.042269
-1.224556
-2.996832
-3757.108
143.7296
3600.407
1.0
Animal_Sunazarashi_A
0
0
0
-3187.228
125.446
3469.803
1.0
Enemy_Octarock_Desert
0
3.135555
0
-3748
125.8862
3561
1.0
FldObj_GerudoDesertRock_A_13
0
-0.1568143
0
-3672.67
141.4582
3702.411
1.0
Obj_LiftRockGerudo_Korok_A_01
-2.601593
0.2415933
3.141593
-3032.806
177.8769
3762.711
1.0
Item_Mushroom_D
1.685669
0.2260742
-0.2614746
-3014.738
171.0195
3778.191
1.0
Obj_LiftRockGerudo_Korok_A_01
0
0.5399978
0
-3028.095
179.1453
3759.749
1.0
Obj_LiftRockGerudo_Korok_A_01
0.5800002
1.299999
0
-3041.262
176.4457
3756.095
1.0
FldObj_GerudoDesertRock_A_11
0
-0.136814
0
-3831.688
127.4717
3586.785
1.0
Obj_LiftRockGerudo_Korok_A_01
0
0.5399978
0
-3031.813
178.2238
3748.205
1.0
FldObj_GerudoDesertRock_A_05
0
-2.72
0
-3745.908
145.7502
3606.582
1.0
Obj_TreePalmMini_A_01
0
0.7968144
0
-3821.922
157.4164
3115.031
1.0
FldObj_GerudoDesertRock_A_31
-3.141592
0.4384071
-2.681593
-3450.979
155.2652
3104.623
1.0
FldObj_GerudoDesertRock_A_31
0
0
0
-3508.592
135.4554
3028.235
1.0
FldObj_GerudoDesertRock_A_11
0
-2.96
0
-3652.444
131.019
3617.111
1.0
FldObj_GerudoDesertRock_A_11
0
1.663186
0
-3534.513
131.9555
3003.869
1.0
FldObj_GerudoDesertRock_A_31
3.107595
0.6422381
-2.704955
-3739.116
126.9917
3366.144
1.22439
TwnObj_Gerudo_Light_A_01
0
-2.621586
0
-3433.369
163.6416
3133.745
1.0
Animal_Sunazarashi_A
0
0
0
-3121.227
119.2209
3463.302
1.0
FldObj_GerudoDesertRock_A_05
0
-2.764778
0
-3747.033
144.5623
3627.491
1.0
FldObj_GerudoDesertRock_A_32
0
0
0
-3422.483
157.0461
3149.124
1.0
Obj_LiftRockGerudo_Korok_A_01
0
2.779999
0
-3036.923
176.3811
3762.121
1.0
FldObj_GerudoDesertRock_A_05
0
0
0
-3803.229
123.5769
3561.162
1.0
FldObj_GerudoDesertRock_A_05
0
-1.481593
0
-3752.607
145.3256
3600.333
1.0
Obj_LiftRockGerudo_Korok_A_01
-3.001593
1.421593
3.141593
-3039.279
177.3252
3750.476
1.0
Obj_LiftRockGerudo_Korok_A_01
0
2.779999
0
-3041.148
176.1852
3757.706
1.0
Obj_TreePalm_A_01
0
-0.2968146
0
-3832.083
157.6081
3136.174
1.0
Obj_LiftRockGerudo_Korok_A_01
0
0.5399978
0
-3035.599
176.7647
3762.561
1.0
FldObj_GerudoDesertRock_A_31
-0.0650052
0.1953269
-0.3254047
-3801.698
124.8446
3426.433
1.22439
FldObj_GerudoDesertRock_A_30
1.856528
-1.370648
1.343361
-3729.055
126.6907
3545.196
1.205919
FldObj_GerudoDesertRock_A_10
0
-0.1568143
0
-3674.181
119.1049
3702.259
1.0
Item_Mushroom_H
3.141479
-0.1357422
3.141479
-3699.098
150.5207
3623.23
1.0
Item_Mushroom_D
1.824829
-0.2966308
-0.3901367
-3718.637
142.8242
3660.129
1.0
FldObj_GerudoDesertRock_A_31
0
0
0
-3034.873
176.463
3753.984
1.0
Item_Mushroom_D
-0.4490966
-1.071899
2.020752
-3768.32
134.4648
3587.164
1.0
FldObj_GerudoDesertRock_A_32
0
-0.5200004
0
-3396.238
156.0109
3140.102
1.0
FldObj_GerudoDesertRock_A_10
0
-0.4568144
0
-3628.042
117.9113
3661.097
1.0
Obj_LiftRockGerudo_Korok_A_01
0
2.899999
0
-3041.047
176.6778
3754.514
1.0
FldObj_GerudoDesertRock_A_11
0
-0.4568144
0
-3628.042
126.8318
3661.097
1.0
FldObj_GerudoDesertRock_A_32
-0.2947364
0.1669039
0.2265237
-3445.777
155.3192
3093.268
1.0
FldObj_GerudoDesertRock_A_05
0
1.723185
0
-3703.925
145.3364
3621.715
1.0
