UnitConfigName/__text
Rotate/value/0
Rotate/value/1
Rotate/value/2
Translate/value/0
Translate/value/1
Translate/value/2
_Scale
EnvSeEmitPointBirdSubarctic
3.102295
0.335205
-2.877197
-2414.301
472.75
-2075.512
1.0
Obj_RockSetSnow_A_03
-0.7479831
1.225425
-0.7783813
-2077.5
357.1115
-2334.707
1.0
Obj_TreeConiferous_A_Snow_01
0
3.053586
0
-2265.859
418.2866
-2008.352
1.0
Obj_RockSetSnow_A_05
0
0.2200001
0
-2799.536
503.5518
-2536.393
1.0
Obj_RockSetSnow_A_05
0
-2.243186
0
-2865.485
500.687
-2428.863
1.0
Item_Plant_O
0.3863525
-1.068726
1.319824
-2934.363
414.25
-2269.723
1.0
Obj_Plant_HopBush_C_Snow_01
-0.08419795
0.7091197
0.2390341
-2413.09
466.1237
-2113.897
1.0
Item_Plant_E
3.141479
-1.173462
3.141479
-2416.918
504.8834
-2832.574
1.0
Area
0
0
0
-2666.108
483.939
-2397.77
100
Obj_FireWoodBundle
0
0.5199998
0
-2398.326
386.3558
-1992.44
1.0
Obj_RockSetSnow_A_02
0.5048867
-0.9487083
-0.2251396
-2861.591
668.9053
-2884.217
1.0
Obj_RockSnow_A_01
-1.239965
0.4198173
0.1767875
-2787.653
418.5306
-2042.997
1.1
Obj_Plant_CypressLow_B_01
0.09579679
-0.4979741
-0.0568216
-1913.039
346.5941
-2783.184
0.947266
Obj_TreeDead_A_Snow_01
0
0.28
0
-2878.434
498.8924
-2461.976
1.0
Obj_RockSetSnow_A_05
0
-3.063185
0
-2915.185
676.9918
-3101.837
1.0
Obj_TreeConiferous_A_Snow_02
0
1.909183
0
-2852.815
517.7607
-2407.851
1.0
Obj_RockSetSnow_A_02
0.06918502
-0.3187047
-0.5016907
-2105.453
423.196
-2024.648
1.0
Obj_TreeConiferous_A_Snow_01_Trunk
2.121412
-0.5240039
-0.3740065
-2107.094
358.1816
-2670.24
1.0
Obj_RockSetSnow_A_05
2.843377
0.4600055
2.944029
-2400.075
415.4113
-2045.643
1.0
Obj_TreeConiferous_A_Snow_01
0
1.145379
0
-2167.518
412.5169
-2153.825
1.0
Obj_RockSetSnow_A_02
0
1.54
0
-2911.821
508.2196
-2387.957
0.8
Obj_Plant_HopBush_C_Snow_02
-0.5046439
1.378706
-0.3451781
-2847.208
457.3339
-2286.93
1.0
Item_Mushroom_D
-2.613281
1.302978
2.305908
-2150.465
402.1016
-2260.023
1.0
Obj_RockSetSnow_A_05
0
-1.516816
0
-2848.964
446.7224
-2245.751
1.0
Obj_TreeConiferousLow_A_Snow_01
0
-1.28
0
-2791.217
416.5096
-2064.158
1.0
Item_Mushroom_B
0
-0.6499023
0
-2875.949
517.7004
-2398.648
1.0
Obj_Plant_HopBush_C_Snow_01
0.796392
-1.199936
-0.4334595
-2694.871
464.0261
-2368.855
1.0
Obj_RockSetSnow_A_03
0
1.08
0
-2975.875
612.6343
-2893.291
1.0
Item_Mushroom_E
0
0.1412353
0
-2231.82
431.3616
-2061.102
1.0
Obj_RockSnow_A_01
0
1.440001
-0.18
-3016.905
556.2012
-2696.255
1.1
Obj_RockSetSnow_A_05
0.2927851
0.67446
-0.2930745
-2867.241
502.9738
-2524.111
1.0
Obj_Plant_HopBush_C_Snow_01
-1.228157
-1.222866
1.394379
-2237.082
476.1105
-2227.516
1.09668
Obj_TreeConiferous_A_Snow_01
0
6.267361
0
-2742.881
502.6146
-2425.771
1.0
Animal_Fish_I
0
1.32
0
-2976.525
218.3885
-2115.528
1.0
Obj_RockSetSnow_A_04
0
-0.74
0
-2546.563
392.642
-2240.689
1.0
Animal_Fish_C
0
1.32
0
-2985.114
218.1588
-2130.853
1.0
Enemy_Lizalfos_Senior
0
-1.32
0
-2190.5
357.7376
-2646
1.0
Obj_TreeConiferous_A_Snow_01
0
0.5038307
0
-1968.13
347.9109
-2064.671
1.0
Obj_TreeConiferous_A_Snow_01
0
0
0
-2207.266
451.0173
-2876.874
1.0
Obj_TreeConiferous_A_Snow_01
0
1.816112
0
-2835.102
451.9691
-2225.579
1.0
Obj_RockSetSnow_A_02
0
-2.02
0
-2599.754
369.6601
-2414.515
1.0
Obj_RockSetSnow_A_03
-1.684169
-1.114917
1.353807
-2385.239
519.0074
-2751.964
1.0
Item_Plant_E
0
0.6889648
0
-2410.137
507.5649
-2821.109
1.0
Obj_RockSetSnow_A_02
3.012735
0.1242906
3.027211
-2527.249
367.1184
-2485.123
1.0
AirWallHorse_HiddnKorok
0
1.501602
0
-2298.624
417.8304
-2278.719
1.0
Obj_Plant_HopBush_C_Snow_02
-0.6369857
-0.6593741
0.4452944
-2812.789
416.1436
-2054.188
1.069336
Obj_TreeConiferousLow_A_Snow_01
0
3.809944
0
-2206.719
450.9817
-2881.314
1.0
Enemy_Golem_Little_Ice
-0.09498228
0.8836452
0.1204573
-2634.635
468.5543
-2073.565
1.0
Obj_RockSetSnow_A_04
0
0
0
-2221.305
431.3651
-2110.21
1.0
Obj_TreeConiferous_A_Snow_01
0
5.404148
0
-2186.013
435.4754
-2843.805
1.0
Obj_LiftRockWhite_Korok_A_01
0
1.88
0
-2467.16
620.6502
-2768.62
1.0
Obj_Plant_HopBush_C_Snow_02
0.1726598
-0.3521682
-0.2848648
-2743.98
502.6296
-2444.535
0.851563
Animal_Fish_C
0
1.32
0
-2984.523
218.1998
-2124.761
1.0
Obj_TreeConiferous_A_Snow_01
0
2.821592
0
-2260.581
428.1681
-2084.207
1.0
Item_Mushroom_E
3.141479
-0.3321533
3.141479
-2170.594
415.1566
-2145.879
1.0
Obj_Mineral_A_01
2.945803
0.04895612
2.590941
-2458.438
425.5941
-1991.65
1.0
Obj_TreeConiferousLow_A_Snow_01
0
3.111812
0
-2236.104
466.4826
-2858.413
1.0
Obj_RockSetSnow_A_02
2.889913
-0.4023806
-2.976242
-2368.523
397.1715
-2006.569
1.0
Item_Plant_O
1.743286
0.8518066
0.7478027
-2160.477
427.2188
-2203.609
1.0
Obj_Plant_HopBush_C_Snow_01
0.3968896
0.7365092
0.4705561
-2756.254
665.1629
-2807.047
0.862305
AnchorAction1
0
0
0
-2781.5
417.0936
-2029.484
1.0
Obj_TreeConiferous_A_Snow_01
0
2.821592
0
-2259.107
427.0543
-2075.647
1.0
Obj_TreeConiferous_A_Snow_01
0
3.809127
0
-2302.192
418.369
-2034.481
1.0
Obj_TreeConiferous_A_Snow_02
0
3.037038
0
-2310.956
418.9631
-2053.769
1.0
Obj_TreeConiferous_A_Snow_02
0
0
0
-2218.527
431.3866
-2107.572
1.0
Obj_RockSetSnow_A_05
0.7387265
0.2599858
-0.3113187
-2155.031
438.5889
-2004.083
1.0
Obj_TreeConiferous_A_Snow_01
0
0
0
-2130.838
392.7313
-2245.025
1.0
BrokenSnowBall
0
0
0
-2554.55
364.99
-2446.31
0.3
Obj_Plant_CypressLow_B_01
-0.3849119
-0.6126437
0.3743057
-2282.07
446.477
-2127.227
0.899902
Obj_TreeConiferous_A_Snow_02
0
0
0
-2906.619
499.425
-2471.598
1.0
Obj_TreeConiferous_A_Snow_01
0
0.9873103
0
-2866.479
449.0325
-2242.411
1.0
Obj_Plant_CypressLow_B_01
-0.1554639
-0.2932832
0.1822919
-2569.402
442.6404
-1965.293
0.94873
Obj_RockSetSnow_A_02
0
0.8399999
0
-2751.288
416.1109
-2015.328
1.0
Obj_RockSnow_A_01
0.5936844
-0.6646605
-0.8303575
-2786.585
495.8536
-2375.234
1.0
Animal_Elk_A
0
-1.24
0
-2878.033
447.8818
-2243.995
1.0
Obj_RockSetSnow_A_03
0.08408512
0.4324083
0.1984786
-2636.376
442.3849
-2046.916
1.0
Item_Mushroom_F
3.141479
0.007568358
3.141479
-2018.848
353.149
-2319.215
1.0
Obj_RockSetSnow_A_02
0
-1.48
0
-2095.48
387.4305
-2160.615
1.0
Enemy_Lizalfos_Ice
0
-1.14
0
-2206
388.6516
-2741
1.0
Obj_Plant_HopBush_C_Snow_02
-0.1870207
0.5859076
0.2558137
-2915.471
513.3163
-2374.393
1.0
Obj_MineralBury_A_01
-0.7291855
0.3098304
-0.9540033
-2431.477
371.5009
-2510.403
1.0
Obj_LiftRockWhite_Korok_A_01
0
-0.4800016
0
-2464.593
621.085
-2767.317
1.0
Obj_TreeConiferous_A_Snow_01
0
4.461505
0
-2171.427
415.2975
-2146.338
1.0
Obj_RockSetSnow_A_05
-0.6404256
-1.03943
-0.6774018
-2797.28
475.5909
-2572.391
1.0
Obj_RockSetSnow_A_05
1.724888
-0.6931236
-1.47545
-2603.491
575.9655
-2622.83
1.0
Obj_RockSetSnow_A_04
0
0.68
0
-2831.184
451.7139
-2222.207
1.0
Obj_Plant_HopBush_C_Snow_01
-0.07522882
-0.176724
0.0536315
-2827.098
500.4219
-2350.504
1.097168
TBox_Field_Wood
-1.11117
1.42541
-1.21769
-2272.449
477.8792
-2825.341
1.0
Obj_TreeConiferous_A_Snow_01
0
4.160737
0
-2347.894
334.1055
-2285.53
1.0
Obj_BarrelOld_A_01
0.8175533
0.1762514
1.769974
-2846.25
456.7901
-2174.962
1.0
Obj_RockSetSnow_A_02
-0.1602835
-0.05923273
-0.1304297
-2849.876
674.5464
-2843.837
1.0
Obj_Plant_HopBush_C_Snow_01
1.006089
1.300058
1.259574
-2255.778
423.5426
-2020.373
1.0
Obj_TreeConiferous_A_Snow_02
0
0
0
-2773.382
505.9399
-2408.428
1.0
Obj_RockSetSnow_A_05
2.1617
1.378728
2.186426
-2176.011
438.1111
-2854.839
1.0
Obj_RockSetSnow_A_02
0
-1.14
0
-2614.847
441.5894
-2177.551
1.0
Obj_TreeConiferousLow_A_Snow_01
0
0
0
-2022.504
350.2759
-2462.025
1.0
Obj_RockSnow_A_01
-2.285021
-1.40336
1.238355
-3008.88
553.3066
-2694.175
1.0
Obj_RockSetSnow_A_05
0.1786099
-0.3105164
-0.25231
-2323.313
350.032
-2545.227
1.0
Obj_TreeConiferousDead_A_Snow_01
0
0
0
-2884.196
507.4194
-2379.734
1.0
EnvSeEmitPointBirdSubarctic
-1.024902
-1.160645
1.094849
-2449.238
461.457
-2087.453
1.0
Obj_RockSetSnow_A_04
0
2.679998
0
-2876.735
520.3736
-2546.556
1.0
Animal_Fish_C
0
1.32
0
-2987.856
218.1645
-2129.474
1.0
Obj_TreeDead_A_Snow_01_Trunk
1.524966
-0.2083671
2.754365
-2636.49
445.1536
-2082.162
1.0
Obj_TreeConiferous_A_Snow_01
0
0
0
-2463.344
619.5693
-2752.138
1.0
Obj_RockSetSnow_A_05
1.781246
-1.549979
-1.698858
-2707.082
451.0763
-2261.141
1.0
FldObj_GerudoHighlandRock_C_05
-0.2676441
0.1782767
0.3902422
-2109.666
351.9927
-2643.081
1.0
Obj_Plant_CypressLow_B_01
-0.5260014
1.235744
-0.2012427
-2742.254
445.7418
-2123.41
0.98291
Obj_RockSetSnow_A_05
0.08345202
0.5341455
0.1628455
-2805.244
448.7741
-2333.733
1.1
Item_Plant_O
1.913452
0.9533691
0.4747314
-2153.625
426.5156
-2294.156
1.0
Obj_RockSetSnow_A_02
0
-0.9999999
0
-2783.412
417.491
-2073.426
1.0
Obj_TreeConiferous_A_Snow_01
0
0
0
-2772.847
415.9662
-2058.97
1.0
Obj_TreeConiferousDead_A_Snow_01
0
0
0
-2824.422
503.8495
-2503.278
1.0
Item_Plant_E
3.141479
-0.4135742
3.141479
-2187.953
442.6231
-2852.945
1.0
Item_Mushroom_N
0
0.2132568
0
-2263.641
472.3633
-2856.559
1.0
Item_Mushroom_B
3.141479
0.3723145
3.141479
-2905.941
499.1242
-2448.969
1.0
Item_Plant_O
-1.367554
-1.19812
2.572876
-2241.367
388.4648
-2417.281
1.0
Obj_Mineral_C_01
-3.063376
-0.2760053
2.763176
-2141.266
409.9464
-2455.609
1.0
Obj_RockSnow_A_01
0
-1.7
0
-2675.088
609.8697
-2706.648
1.0
Obj_RockSetSnow_A_02
2.636838
1.009616
2.682646
-2936.267
680.8683
-3008.114
1.0
Obj_RockSetSnow_A_02
-2.784116
-1.311544
2.283043
-2386.951
513.678
-2766.559
1.0
Obj_TreeConiferous_A_Snow_02
0
1.34
0
-2896.827
503.5562
-2435.491
1.0
Obj_Plant_HopBush_C_Snow_01
1.401759E-08
0.5656738
1.812167E-08
-2914.157
514.3485
-2371.23
1.0
BrokenSnowBall
1.305359
-1.49426
-0.8655655
-2199.524
449.5537
-2883.284
1.2
Obj_RockSnow_A_01
0
0
0
-2199.695
436.696
-2847.834
1.0
Obj_RockSetSnow_A_05
0
-2.759998
0
-2653.132
530.4168
-2661.272
1.0
Obj_Plant_HopBush_C_Snow_02
0.05496635
0.1852984
0.00470007
-2770.512
665.8045
-2810.199
1.000488
Obj_TreeConiferous_A_Snow_02
0
0
0
-2917.893
499.5875
-2460.436
1.0
Obj_TreeConiferous_A_Snow_01
0
4.358487
0
-2852.97
499.8148
-2363.715
1.0
Obj_RockSetSnow_A_03
0
2.141591
0
-2902.71
675.0851
-2953.957
0.8
FldObj_GerudoHighlandRock_C_05
0.4405179
0.02457392
-0.1096538
-2130.76
354.19
-2656.693
1.0
Item_Plant_O
0.8046874
-1.165283
0.6560058
-2956.641
647.3164
-2843.66
1.0
EnvSeEmitPointBirdSubarctic
-0.08483887
-0.2521972
0.439209
-2371.371
330.3438
-2309.848
1.0
Obj_Plant_HopBush_C_Snow_01
0.07440497
-0.1833327
-0.09050845
-2869.278
520.6496
-2546.444
1.0
SpotBgmTag
0
0
0
-2640
445
-2070
20
Enemy_Keese
0
-1.458408
0
-2679.511
486.993
-2394.648
1.0
Obj_TreeConiferous_A_Snow_01
0
1.942339
0
-2033.655
348.0767
-2445.596
1.0
Obj_RockSetSnow_A_05
-3.057363
0.1273252
2.223515
-2446.23
560.8664
-2807.487
1.0
Obj_MineralBury_A_01
1.072468
-0.3685912
-1.149314
-2860.163
686.9286
-2798.584
1.0
Obj_Plant_HopBush_C_Snow_02
0
-0.09033202
0
-2877.375
517.7629
-2399.313
1.077637
Animal_Rhino_A
0
1.22
0
-2758.073
449.2398
-2214.139
1.0
Item_Plant_O
1.751465
0.4685058
0.5531005
-2064.914
393.3477
-2535.957
1.0
Obj_Plant_CypressLow_B_01
0.08586662
1.33165
-0.03457084
-2005.414
351.7796
-2784.664
0.876465
Obj_LiftRockWhite_Korok_A_01
0
1.76
0
-2466.695
619.9851
-2761.319
1.0
EnvSeEmitPointBirdSubarctic
0.3989258
-0.5578613
0.3179932
-2323.188
456.4414
-2217.367
1.0
Obj_Plant_CypressLow_B_01
0.09560832
-1.259762
-0.234122
-2566.016
443.779
-2029.48
0.942871
Obj_RockSetSnow_A_05
0.2003576
-0.8756789
-0.5642217
-2224.76
453.5439
-2865.963
1.0
Obj_RockSetSnow_A_02
0.1999999
0
-0.05999999
-2405.607
339.9041
-2480.813
1.0
Obj_TreeConiferousLow_A_Snow_01
0
0
0
-2892.342
511.319
-2413.55
1.0
Obj_RockSetSnow_A_02
-0.3101002
0.7844342
-0.3244524
-2917.852
532.3551
-2561.639
0.8
Obj_RockSetSnow_A_03
0
-2.92
0
-2975.29
675.5477
-3169.335
1.0
Obj_RockSetSnow_A_03
0
-1.540008
0
-2648.588
442.8184
-2081.891
1.0
Obj_TreeConiferousLow_A_Snow_01
0
-1.2
0
-2795.951
417.8988
-2042.285
1.0
Obj_TreeConiferousLow_A_Snow_01
0
0
0
-2699.257
626.8427
-2726.426
1.0
Obj_RockSetSnow_A_03
0
2.18
0
-2074.296
387.913
-2117.283
1.0
Obj_RockSetSnow_A_02
3.062903
-0.5384052
-2.996628
-2735.102
470.5723
-2386.746
1.0
Obj_RockSetSnow_A_03
0.7407839
-0.7203596
-0.3560581
-2190.855
431.6341
-1975.743
1.0
Obj_Mineral_A_01
2.656449
-0.5375048
-2.950803
-2425.535
370.7383
-2509.431
1.0
EnvSeEmitPointBirdSubarctic
2.91394
0.1625977
2.990722
-2265.695
435.8438
-2075.73
1.0
Obj_RockSetSnow_A_02
1.314655
-1.346626
-1.398654
-2929.672
673.6293
-3062.521
1.0
Obj_Plant_HopBush_C_Snow_02
0.7650759
1.373234
1.146642
-2259.103
422.3251
-2021.402
1.0
Obj_TreeConiferous_A_Snow_02
0
2.856709
0
-2855.608
500.1618
-2508.944
1.0
Obj_TreeDead_A_Snow_01
0
0
0
-2865.908
498.8584
-2481.319
1.0
Obj_Plant_HopBush_C_Snow_01
-0.2764171
-1.26737
-0.03018242
-2115.117
378.9658
-2286.086
1.098145
Obj_RockSetSnow_A_02
0
0
0
-2857.726
516.4538
-2398.229
1.0
Obj_TreeConiferous_A_Snow_02
0
6.061981
0
-2859.662
498.4961
-2356.733
1.0
Obj_TreeWhiteBirch_A_02
0
-2.02
0
-2061.575
353.3962
-2344.009
1.0
Obj_Plant_HopBush_C_Snow_01
0.5488724
-1.237585
-0.4574463
-2437.801
454.546
-2081.43
1.072754
Obj_RockSnow_A_01
0.8939187
-0.6937665
0.3038004
-2798.275
496.0755
-2386.056
1.0
Obj_RockSetSnow_A_02
0
0.3599999
0
-2947.242
511.6105
-2593.604
1.0
Obj_Plant_HopBush_C_Snow_01
0
1.395141
0
-2843.744
457.4816
-2285.792
1.0
Obj_TreeBroadleafLow_Snow_A_01
0
0
0
-2535.541
405.8645
-2203.739
1.0
Obj_Plant_HopBush_C_Snow_01
-0.5126951
-0.823634
0.7412962
-2839.645
505.1007
-2455.609
1.0
Obj_TreeBroadleafLow_Snow_A_02
0
0
0
-2006.646
348.0291
-2345.339
1.0
FldObj_GerudoHighlandRock_C_05
3.014901
-0.8815144
-2.566337
-2104.609
353.8539
-2669.393
1.0
Enemy_Lizalfos_Middle
0
1.559999
0
-2814.5
507.9088
-2436
1.0
Obj_TreeBroadleafLow_Snow_A_01
0
0
0
-2017.665
346.6615
-2409.82
1.0
FldObj_TravelerTrace_Tent_A_01
0
-0.206001
0
-2555.058
365.8248
-2459.923
1.0
Obj_RockSnow_A_01
0
0.5999998
0
-2992.852
554.6627
-2695.095
1.0
Obj_RockSetSnow_A_02
-2.109141
1.431229
-2.121599
-2612.102
373.6902
-2312.119
1.0
Obj_Plant_HopBush_C_Snow_02
0.15854
0.1685977
-0.2418392
-2212.984
430.538
-2112.035
0.994141
Item_Plant_O
-2.447143
1.255127
2.295288
-2331.047
516.6445
-2840.781
1.0
Obj_RockSetSnow_A_02
-0.07871287
-0.01430758
-0.1794366
-2476.462
335.626
-2266.345
1.0
Obj_TreeWhiteBirch_A_01
0
2.04759
0
-2012.868
345.262
-2402.993
1.0
Obj_RockSetSnow_A_04
-2.805996
-0.575097
2.954108
-2531.728
365.282
-2451.852
1.0
Obj_RockSetSnow_A_02
0
-0.3400001
0
-2764.756
503.377
-2401.711
1.0
Obj_TreeConiferous_A_Snow_01
0
0.8037379
0
-2102.727
384.2997
-2220.83
1.0
Obj_TreeConiferousDead_A_Snow_01
0
0
0
-2750.375
504.4453
-2421.812
1.0
Obj_LiftRockWhite_Korok_A_01
0.14
0.7000002
0
-2469.614
619.3882
-2761.331
1.0
Item_Mushroom_D
-2.729126
0.8250732
2.530395
-2158.152
432.0625
-2349.988
1.0
Obj_RockSnow_A_01
0
0.2799999
0
-2942.277
524.7717
-2631.634
1.0
Area
0
0
0
-2867.344
495.5059
-2305.197
25
Obj_RockSetSnow_A_02
0
2.039998
0
-2555.864
437.5147
-2060.568
1.0
Obj_RockSetSnow_A_02
0.1528903
0.03859319
-0.4936515
-2193.4
425.0839
-2141.696
1.0
Area
0
0
0
-2781.5
417.0385
-2030.5
60
Obj_RockSetSnow_A_02
-3.141592
0.09840865
-2.841593
-2413.682
464.5625
-2108.543
1.0
Item_Plant_O
0.512207
1.3396
-0.7635498
-2487.535
615.5664
-2858.281
1.0
Obj_RockSetSnow_A_02
-2.87498
-0.823689
2.943839
-2132.577
390.0931
-2224.025
1.0
Item_Mushroom_D
1.82727
0.9121093
0.1558838
-2160.758
429.3281
-2269.73
1.0
Area
0
0
0
-2867.344
495.5059
-2305.197
40
Area
0
0
0
-2781.5
417.0385
-2030.5
25
Obj_TreeConiferous_A_Snow_01
0
1.533977
0
-2807.974
454.5899
-2242.521
1.0
Obj_Plant_HopBush_C_Snow_02
0.1387808
-0.2959904
-0.1711084
-2820.16
499.8154
-2355.828
1.053711
Item_Plant_E
0
-1.417969
0
-2117.609
386.2259
-2243.984
1.0
Obj_TreeConiferousLow_A_Snow_01
0
1.287566
0
-2366.811
327.1337
-2299.392
1.0
Obj_RockSetSnow_A_02
0
1.08
0
-2191.109
453.5831
-2037.853
1.0
Obj_RockSetSnow_A_02
3.125044
0.001463616
-2.981659
-2696.164
475.2696
-2386.208
1.0
Obj_Plant_HopBush_C_Snow_02
0.2486897
-1.248203
-0.344701
-2691.296
464.3971
-2369.468
1.0
Obj_LiftRockWhite_Korok_A_01
0
-0.4800016
0
-2463.845
621.214
-2766.045
1.0
Enemy_Lizalfos_Senior
0
-0.9600001
0
-2171.5
367.0115
-2689.5
1.0
Obj_FireWoodBundle
0.1499868
-0.00631279
0.08397096
-2830.576
671.9523
-2896.038
1.0
Obj_TreeConiferous_A_Snow_02
0
0
0
-2487.723
618.8939
-2755.598
1.0
Obj_Plant_CypressLow_B_01
1.426362
1.266549
1.215741
-2611.234
453.8846
-2030.082
1.085449
Obj_RockSetSnow_A_05
0
0.46
0
-2579.272
442.2042
-2058.157
1.0
Obj_RockSetSnow_A_02
0
-3.139998
0
-2665.524
441.0068
-1969.578
1.0
Obj_RockSetSnow_A_04
-0.4090506
-0.7624481
-1.105654
-2147.908
450.7283
-2034.202
1.0
Obj_TreeConiferous_A_Snow_01
0
0
0
-2271.599
415.5091
-2347.883
1.0
Obj_RockSetSnow_A_05
1.22708
1.042397
0.8792657
-2896.18
519.3162
-2537.233
1.0
Obj_RockSnow_A_01
0
-0.78
0
-2789.024
497.6959
-2378.715
1.0
Obj_RockSetSnow_A_05
3.075943
0.7237515
-3.053969
-2407.914
460.1667
-2076.184
1.0
Obj_Plant_CypressLow_B_01
0.1621737
-0.78167
-0.1540159
-1914.68
347.283
-2789.559
1.029785
Obj_RockSetSnow_A_05
0.5102818
-1.186988
-0.5457706
-2348.888
334.6714
-2485.176
0.8
Obj_TreeConiferous_A_Snow_01
0
5.739819
0
-2030.175
349.5046
-2469.076
1.0
Animal_Fox_B
0
-0.34
0
-2677.097
454.369
-2256.245
1.0
Obj_RockSetSnow_A_05
0
1.980003
0
-2358.426
323.7845
-2447.053
1.0
Obj_RockSetSnow_A_02
0.2248867
-0.9487085
-0.2251395
-2806.364
662.3621
-2810.158
1.0
Obj_Plant_HopBush_C_Snow_01
0.05004954
0.5524753
0.313867
-2908.156
498.723
-2445.691
1.056641
Obj_TreeConiferous_A_Snow_01
0
2.598413
0
-2119.69
391.7533
-2198.595
1.0
Obj_RockSetSnow_A_05
0
0.5800005
0
-2860.739
443.8339
-2197.198
1.0
Animal_Fox_B
0
1.38
0
-2777.554
460.4692
-2597.131
1.0
Obj_TreeConiferousDead_A_Snow_01
0
-0.8799999
0
-2885.327
508.5132
-2416.865
1.0
Obj_TreeConiferous_A_Snow_01
0
0
0
-2413.613
464.8485
-2074.062
1.0
Obj_TreeWhiteBirch_A_01
0
-1.46
0
-2008.166
347.5377
-2348.622
1.0
BrokenSnowBall
0
0
0
-2554.09
364.61
-2447.76
0.3
Obj_TreeConiferous_A_Snow_01
0
1.44233
0
-2258.354
421.221
-2013.254
1.0
Obj_RockSetSnow_A_05
-1.103493
-1.526066
1.155674
-2173.504
458.5936
-2025.018
1.0
Obj_RockSetSnow_A_02
-3.024493
-1.267162
2.975644
-2906.973
680.0519
-3049.063
1.0
Item_Mushroom_D
2.147217
-1.161133
0.08178711
-2841.879
402.168
-2036.262
1.0
Obj_RockSetSnow_A_02
0.02534694
0.3992394
0.06512831
-2898.082
497.8389
-2442.767
1.0
Enemy_Keese_Ice_AllDay
0
1.639999
0
-3009.365
545.0186
-2695.289
1.0
Obj_Plant_CypressLow_B_01
0.2126884
1.036582
0.3463634
-2680.719
445.5911
-2194.559
0.850586
Obj_TreeConiferous_A_Snow_01
0
4.732363
0
-2822.735
416.2258
-2044.307
1.0
Obj_RockSetSnow_A_02
-0.07103735
-0.8646608
0.375048
-2883.052
511.14
-2399.886
1.0
Obj_Mineral_C_01
2.353094
1.060569
2.160478
-2980.706
508.7026
-2587.195
1.0
Obj_RockSnow_A_01
0
-0.07999999
0
-2499.851
617.3218
-2746.07
1.0
Item_Plant_E
3.141479
1.201782
3.141479
-2916.656
523.4324
-2510.195
1.0
FldObj_GerudoHighlandRock_C_05
0.1119012
-0.2018235
0.3172027
-2096.21
359.0414
-2684.806
1.0
Obj_RockSnow_A_01
0
0
0
-2918.416
534.3384
-2542.783
1.0
Animal_Rhino_A
0
-2.02
0
-2827.528
443.3149
-2153.439
1.0
Obj_RockSetSnow_A_02
0
-0.78
0
-3062.026
548.2413
-2692.061
1.0
Item_Mushroom_B
0
0.3883056
0
-2857.145
499.1899
-2464.359
1.0
Item_Plant_O
0.5927734
-0.6213378
0.4329834
-2626.742
550.2305
-2611.199
1.0
Obj_TreeWhiteBirch_A_02
0
0
0
-2532.328
406.8292
-2202.228
1.0
Obj_TreeConiferous_A_Snow_02
0
0
0
-2838.946
451.2505
-2235.845
1.0
Obj_Plant_HopBush_C_Snow_01
0.007367705
0.6583892
0.2696914
-2745.535
445.2496
-2119.168
0.885742
Animal_Fox_B
0
-0.7
0
-2601.697
446.7775
-2126.211
1.0
Obj_TreeConiferousDead_A_Snow_01
0
0
0
-2794.058
504.9854
-2512.896
1.0
Obj_RockSetSnow_A_04
0
-2.919998
0
-2729.946
499.8423
-2404.32
1.0
Enemy_Golem_Little_Ice
-0.05523924
-0.8566018
0.1876175
-2636.134
468.7042
-2065.826
1.0
Obj_TreeConiferousLow_A_Snow_01
0
0
0
-2199.468
438.7264
-2849.88
1.0
Obj_Plant_CypressLow_B_01
-0.2259134
-1.068924
0.07264841
-2818.711
505.2137
-2451.965
1.054688
Obj_TreeConiferous_A_Snow_01
0
1.205168
0
-2031.474
349.3553
-2459.219
1.0
Obj_RockSetSnow_A_05
0.1
0.8999999
0
-2805.206
496.6085
-2410.365
1.0
Obj_RockSetSnow_A_02
0
0.24
0
-2608.864
408.98
-2478.154
1.0
Obj_RockSetSnow_A_05
-0.1619482
-0.6069742
-0.8995226
-2409.742
530.2394
-2759.652
1.0
Item_Plant_O
-0.5631103
1.167114
-1.912109
-2145.574
411.7695
-2350.648
1.0
SpotBgmTag
0
1.047198
0
-2173
462.8792
-2034
31
Obj_RockSetSnow_A_03
0
-1.24
0
-2276.132
477.4696
-2822.875
1.0
Obj_Plant_HopBush_C_Snow_02
0.3900651
-0.8680485
-0.2519577
-2988.977
642.3829
-2994.094
0.918945
Obj_RockSetSnow_A_05
0
2.103185
0
-2180.636
426.8298
-2829.378
1.0
Obj_Plant_HopBush_C_Snow_02
0.1984362
0.090358
0.07975976
-2219.695
428.9368
-2374.583
1.0
Obj_RockSetSnow_A_02
0.755126
-0.500918
-0.2657992
-2665.508
604.8001
-2704.163
1.0
Obj_Plant_CypressLow_B_01
0.7901151
-1.502429
-0.9270152
-2553.762
442.3242
-2017.254
1.04541
Obj_TreeConiferousDead_A_Snow_01
0
0
0
-2656.506
417.2779
-2478.352
1.0
Obj_RockSetSnow_A_05
0.1740797
-0.00743635
-0.06072818
-2108.287
385.7777
-2175.998
1.0
Animal_Fish_I
0
1.32
0
-2977.716
218.0915
-2119.254
1.0
Obj_TreeConiferousLow_A_Snow_01
0
0
0
-2848.503
457.4022
-2280.782
1.0
Animal_Fish_D
0
1.32
0
-3013.232
217.8377
-2149.953
1.0
Obj_RockIcicle_A_01
0
-2.14
0
-3010.165
549.7745
-2694.891
0.7
Obj_RockSetSnow_A_05
0
-1.36
0
-2802.505
450.0662
-2229.509
1.0
Item_Mushroom_F
3.141479
1.207153
3.141479
-2767.984
432.3239
-2131.902
1.0
Area
0
0
0
-2844.5
450.8994
-2225.5
25
Obj_LiftRockWhite_Korok_A_01
0
-0.4800016
0
-2471.373
619.5385
-2763.731
1.0
Obj_Plant_HopBush_C_Snow_02
0.08581485
-0.02511278
-0.5260292
-2133.216
405.787
-2152.54
1.0
Area
0
0
0
-2844.5
450.8994
-2225.5
40
Obj_TreeConiferous_A_Snow_01
0
1.509435
0
-2247.012
466.9279
-2865.372
1.0
Obj_Mineral_B_01
0.5318889
-0.1679275
0.2879646
-2738.447
475.0027
-2388.691
1.0
Obj_Plant_HopBush_C_Snow_01
0.190649
-0.02087517
-0.114804
-2887.488
504.5704
-2364.807
1.0
Obj_TreeWhiteBirch_A_01
0
-1.739999
0
-2665.652
487.9952
-2421.626
1.0
Obj_Plant_HopBush_C_Snow_01
0.3248951
1.335526
0.3655356
-2857.247
499.7614
-2506.739
1.0
Obj_Plant_HopBush_C_Snow_01
0.08716852
0.3125862
0.0008511374
-1915.223
346.9485
-2786.574
0.956055
Animal_Fish_C
0
1.32
0
-2979.449
218.0244
-2146.569
1.0
Enemy_Lizalfos_Ice
0
-2.08
0
-2980.516
613.3956
-2887.6
1.0
Obj_RockSnow_A_01
-2.285021
-1.40336
1.238355
-3012.833
555.2831
-2694.175
1.0
Obj_Plant_HopBush_C_Snow_01
-0.01939371
0.9051009
-0.2317968
-2740.102
503.5461
-2402.994
1.0
Obj_TreeConiferous_A_Snow_01
0
0
0
-2708.721
624.3876
-2725.387
1.0
Obj_RockSnow_A_01
0
-2.96
0
-2983.917
647.3818
-3012.013
1.0
Obj_TreeConiferous_A_Snow_01
0
5.604516
0
-2290.592
420.1006
-2038.28
1.0
Obj_RockSetSnow_A_05
0
1.66
0
-1958.941
346.9539
-2243.918
1.0
Obj_RockSetSnow_A_05
0
-0.7
0
-3102.738
565.2711
-2752.566
1.0
FldObj_GerudoHighlandRock_C_06
0.8653021
-0.6893672
-0.6007745
-2213.505
337.3287
-2579.066
1.0
Obj_RockSetSnow_A_05
-2.708486
-1.473454
2.734357
-2793.828
412.4701
-2053.59
0.9
Obj_TreeConiferous_A_Snow_01
0
0
0
-2177.113
432.4462
-2093.826
1.0
Item_Plant_E
3.141479
-1.014648
3.141479
-2090
376.0681
-2255.457
1.0
Obj_RockIcicle_A_01
-0.640013
-1.306875
0.6569751
-3001.278
545.0245
-2699.676
1.0
Obj_RockSetSnow_A_04
0
0.6200002
0
-2900.041
502.4437
-2436.562
1.0
Obj_RockSetSnow_A_03
1.008271
1.414171
1.132712
-2708.47
471.8195
-2377.239
1.0
Obj_RockSetSnow_A_05
2.925688
0.136259
2.987596
-2032.297
344.0151
-2450.704
1.0
BoxWater
0
-0.9399997
0
-2700.836
442.877
-1990.721
1.0
Obj_RockSetSnow_A_04
0
0
0
-2499.6
360.7086
-2479.774
1.0
Obj_Plant_HopBush_C_Snow_01
0.1498325
0.08130298
0.07172703
-2791.184
504.3678
-2506.007
1.0
Obj_Plant_HopBush_C_Snow_01
-0.08580782
0.09887936
-0.3592091
-2842.824
516.5158
-2405.172
1.0
SpotBgmTag
0
-1.778064
0
-2799.668
669.7891
-2882.479
15
Obj_Plant_HopBush_C_Snow_01
0.2829049
-0.04481957
0.3122213
-2191.071
435.7297
-1979.15
1.0
Obj_LiftRockWhite_Korok_A_01
0
1.88
0
-2468.213
619.6003
-2761.079
1.0
Obj_TreeConiferous_A_Snow_01
0
-1.94
0
-2934.84
681.8633
-3023.86
1.0
Obj_TreeConiferousDead_A_Snow_01
0
-0.8799999
0
-2864.262
499.4124
-2500.37
1.0
Obj_RockSetSnow_A_03
0
-2.72
0
-2566.642
366.8522
-2432.091
1.0
Animal_Fox_B
0
1.64
0
-2910.813
504.4667
-2618.197
1.0
Item_Plant_E
3.141479
-0.2977295
3.141479
-2917.441
526.0201
-2517.398
1.0
Enemy_Wizzrobe_Ice_Senior
0
0
0
-2897.711
683.9163
-2962.242
1.0
Obj_TreeConiferousDead_A_Snow_01
0
0
0
-2996.368
606.0688
-2841.824
1.0
Item_Plant_E
3.141479
1.232788
3.141479
-2766.938
652.8088
-2776.125
1.0
Area
0
0
0
-2254
418.2588
-2365
40
Animal_Wolf_A
0
-0.22
0
-2953.37
377.7505
-1972.111
1.0
Animal_Fox_B
0
0.7199999
0
-2133.292
348.491
-2645.376
1.0
EnvSeEmitPointBirdSubarctic
3.141479
-1.221802
3.141479
-2310.605
426.9219
-2052.969
1.0
Animal_Rhino_A
0
-0.4
0
-2822.868
453.0223
-2253.722
1.0
Obj_Plant_HopBush_C_Snow_01
-1.448759
1.167322
-1.231562
-2188.303
434.239
-2084.08
1.0
Obj_TreeConiferousLow_A_Snow_01
0
0
0
-2439.264
455.2249
-2085.919
1.0
Item_Plant_O
2.211181
-0.9534912
-0.4310302
-2935.09
437.0313
-2264.277
1.0
Obj_MineralBury_A_01
1.764308
1.005679
2.219397
-2159.236
416.4423
-2369.145
1.0
Obj_RockSetSnow_A_03
0
-2.499996
0
-2942.148
540.8138
-2512.709
1.0
Animal_Fox_B
0
-0.5599999
0
-2307.249
324.531
-2450.81
1.0
Obj_Plant_HopBush_C_Snow_02
0.4258271
0.9124253
0.6513276
-2256.032
422.6392
-2017.124
1.0
Obj_RockSetSnow_A_05
0.4739645
-0.848961
-0.5594185
-2241.154
431.7927
-2107.4
1.0
Obj_Plant_CypressLow_B_01
0.249356
0.7947336
-0.1821765
-2041.5
362.6453
-2907.613
0.916992
Enemy_Golem_Little_Ice
-0.1263131
1.148267
-0.4509133
-3062.094
552.0101
-2702.539
1.0
EnvSeEmitPointBirdSubarctic
0
1.301025
0
-2551.043
400.6094
-2241.762
1.0
Obj_RockSnow_A_01
-0.202066
0.1004671
0.9207628
-2808.531
497.4183
-2402.017
1.0
Obj_Plant_HopBush_C_Snow_02
-0.3740022
-1.453945
0.5126827
-2893.474
445.4337
-2242.148
1.0
Obj_Plant_HopBush_C_Snow_01
0.1636265
0.1561432
0.303996
-2673.184
447.1572
-2192.828
0.874512
Obj_RockSetSnow_A_04
-0.1799999
0
0
-2210.754
428.5715
-1978.84
1.0
Obj_TreeConiferous_A_Snow_01
0
4.731386
0
-2620.763
410.4512
-2457.89
1.0
Obj_TreeConiferous_A_Snow_02
0
5.95075
0
-2859.94
518.1288
-2391.031
1.0
Item_Plant_E
0
1.065351
0
-2890.646
586.5927
-2710.759
1.0
IceWall
-0.08091978
-0.09824386
-0.02064348
-2849.2
700.9176
-3105.002
1.3
Enemy_Golem_Little_Ice
-0.07944704
-0.002978842
-0.07491495
-2630.02
468.2353
-2083.13
1.0
Item_Plant_O
-2.811645
1.015259
2.272705
-2340.844
484.8633
-2759.621
1.0
Obj_Plant_HopBush_C_Snow_01
0.3642077
-0.3373238
-0.349158
-2877.527
503.5592
-2369.219
0.962891
Obj_TreeConiferous_A_Snow_01
0
6.276812
0
-2202.758
430.209
-2125.554
1.0
Obj_RockSetSnow_A_05
-3.141592
0.09840623
3.001593
-2914.838
500.4146
-2340.937
1.0
Animal_Fox_B
0
0
0
-2766.434
454.0618
-2571.998
1.0
Enemy_Keese
0
-1.458408
0
-2679.959
486.993
-2398.623
1.0
Obj_RockSetSnow_A_02
0.1441185
-0.7882855
-0.1962398
-2883.954
509.4026
-2391.278
1.0
EnvSeEmitPointBirdSubarctic
-0.164917
-0.296997
0.3007813
-2119.129
399.9609
-2197.93
1.0
Obj_RockSetSnow_A_02
3.044719
0.7591289
2.664589
-2785.827
463.0234
-2584.303
1.0
Obj_Plant_CypressLow_B_01
1.46172
-1.350466
-1.23428
-2678.895
446.5273
-2197.754
1.012207
Obj_TreeConiferous_A_Snow_01
0
5.914351
0
-2005.995
350.9414
-2057.388
1.0
Obj_TreeConiferous_A_Snow_01
0
2.815003
0
-2043.09
350.7271
-2458.934
1.0
Item_Plant_O
-1.316406
0.9942626
-2.718994
-2517.176
618.4453
-2940.871
1.0
Item_Plant_E
0
-1.364624
0
-2131.168
388.3069
-2269.508
1.0
Obj_RockSetSnow_A_02
0
0
-0.07999999
-2861.309
500.7271
-2371.99
1.0
Obj_RockSetSnow_A_05
-2.756518
-0.105728
2.226811
-2416.675
522.6574
-2801.854
1.0
Item_Plant_E
3.141479
1.234497
3.141479
-2203.133
444.3191
-2866.637
1.0
Obj_Mineral_A_01
2.970786
-0.1745161
2.69169
-2158.578
416.6624
-2371.02
1.0
Obj_RockSetSnow_A_02
0.1416037
-0.3903949
-0.1464891
-2694.924
492.2051
-2450.115
1.0
Obj_TreeConiferous_A_Snow_01
0
0.78
0
-2914.891
534.3771
-2546.702
1.0
Obj_TreeDead_A_Snow_01
0
0.8799999
0
-2832.643
501.0631
-2491.362
1.0
Obj_TreeConiferousSnowFallenTree_A_M_01
3.105702
0.3800961
0.005769999
-2015.581
344.4418
-2454.367
1.0
Obj_RockSetSnow_A_02
1.655649
-1.451275
-1.643129
-2994.096
635.478
-2990.705
1.0
Obj_RockSnow_A_01
-1.6895
-1.288264
1.06486
-2822.906
666.7336
-2824.601
1.0
Obj_RockSetSnow_A_05
0
-2.423185
0
-2594.521
441.9178
-2169.983
1.0
Obj_TreeConiferous_A_Snow_01
0
5.957122
0
-2230.841
431.8739
-2061.018
1.0
Item_Plant_E
-0.01130249
-0.0007895652
-0.1394872
-2131.62
403.836
-2902.59
1.0
Enemy_Wizzrobe_Ice_Senior
0
0
0
-2844.5
453.8994
-2225.5
1.0
Obj_RockSetSnow_A_03
0
-0.05840745
0
-3066.455
555.7263
-2728.536
1.0
Obj_RockSetSnow_A_03
0
3
0
-2788.615
501.8187
-2493.179
1.0
Obj_RockSnow_A_01
-2.285021
-1.40336
1.238355
-3021.794
560.4394
-2691.503
1.0
Item_Mushroom_D
1.788696
-0.3718261
-0.3697509
-2334.914
442.1875
-2062.906
1.0
Obj_RockSetYellow_A_01
0
2.2
0
-2991.743
271.344
-2087.02
0.8
Obj_TreeConiferous_A_Snow_02
0
3.259243
0
-2877.12
517.7936
-2398.406
1.0
Animal_Fish_I
0
1.32
0
-2976.448
218.0498
-2139.338
1.0
Obj_RockSetSnow_A_02
0.06744213
0.1392291
-0.2138325
-2717.975
435.4703
-2483.713
1.0
Obj_RockSetSnow_A_02
-0.04158745
-0.4383127
-0.0776391
-2450.522
344.9615
-2466.793
0.8
Obj_RockSetSnow_A_04
0.03251306
0.09097291
0.1656398
-2225.227
431.0188
-2074.845
1.0
Obj_RockSetSnow_A_02
-0.2145595
0.870037
-0.5702714
-2394.804
528.9299
-2718.267
1.0
BoxWater
0
-1.76
0
-2900.23
374.896
-2119.996
1.0
Obj_Plant_HopBush_C_Snow_02
0.3553255
0.605891
0.007065292
-2871.017
504.5319
-2509.232
1.0
Obj_Plant_HopBush_C_Snow_02
0.663499
-1.108854
-1.182127
-2785.317
503.7586
-2506.228
1.0
Obj_TreeConiferous_A_Snow_02
0
1.816912
0
-2292.066
420.4446
-2046.839
1.0
Enemy_Golem_Little_Ice
-0.122967
-0.7794465
0.01262708
-2628.669
468.7491
-2075.478
1.0
Obj_TreeConiferous_A_Snow_01
0
0.9305176
0
-2805.599
419.419
-2081.381
1.0
Obj_TreeConiferous_A_Snow_01
0
3.202823
0
-2892.4
505.0152
-2319.145
1.0
Obj_RockSetSnow_A_05
2.210933
1.167557
2.034009
-2860.01
526.9082
-2585.264
1.0
Obj_TreeConiferous_A_Snow_01
0
4.960822
0
-2208.125
431.0443
-2116.521
1.0
Obj_TreeConiferous_A_Snow_02
0
0
0
-2870.873
499.3992
-2323.912
1.0
Obj_Plant_HopBush_C_Snow_01
0.238754
0.9644157
0.4763746
-2253.327
422.855
-2014.702
1.0
Obj_Plant_HopBush_C_Snow_01
0.3693469
-0.4086659
-0.06580032
-2911.066
497.7729
-2445.137
0.950684
Obj_TreeConiferousLow_A_Snow_01
0
0.1211407
0
-2793.895
455.0126
-2235.739
1.0
Obj_RockSetSnow_A_02
-0.01475651
-0.2616885
-0.2357665
-2898.633
526.0739
-2551.318
1.0
IceWall
0.2730445
0.2903694
0.2624401
-2830.127
672.0858
-2897.913
0.7551401
Obj_TreeDead_A_Snow_01
0
0
0
-2849.096
499.3523
-2497.101
1.0
Obj_TreeConiferousLow_A_Snow_01
0
0
0
-2605.017
414.1736
-2477.702
1.0
Obj_TreeConiferous_A_Snow_02
0
0.001227675
0
-2872.253
509.3911
-2422.093
1.0
Obj_Plant_HopBush_C_Snow_01
0.2154625
-0.5348815
0.2396305
-2819.078
499.5402
-2350.695
1.072754
Item_Plant_O
-1.615112
1.377563
-3.048584
-2480.262
578.2656
-2906.055
1.0
Obj_TreeConiferousLow_A_Snow_01
0
0
0
-2492.805
621.502
-2758.616
1.0
Obj_RockSetSnow_A_04
0
-2.220001
0
-2260.744
469.6732
-2853.817
1.0
Obj_Plant_HopBush_C_Snow_01
0.3818038
0.02932277
-0.1514522
-2225.973
432.1646
-1988.355
1.0
Obj_TreeConiferous_A_Snow_01
0
2.511344
0
-2839.938
454.7845
-2188.118
1.0
Obj_TreeConiferous_A_Snow_01
0
0.3426929
0
-2218.459
426.524
-2815.841
1.0
Obj_Plant_HopBush_C_Snow_01
-0.5525911
-1.439905
0.71618
-2897.066
444.8403
-2242.257
1.0
Item_Plant_E
0
0.04535065
0
-2892.646
586.7943
-2715.048
1.0
Obj_RockSetSnow_A_05
-1.118399
1.504076
-1.117523
-2744.985
497.1374
-2437.53
1.0
Obj_TreeConiferous_A_Snow_01
0
4.945975
0
-2306.994
457.2513
-2233.378
1.0
Obj_RockSetSnow_A_02
0
-1.38
0
-2816.847
415.7317
-2044.1
0.8
Obj_TreeConiferous_A_Snow_02
0
0
0
-2802.576
416.2055
-2055.237
1.0
Obj_RockSetSnow_A_02
0
-0.84
0
-2866.92
506.4058
-2421.336
1.0
Obj_Plant_HopBush_C_Snow_02
0
1.032837
0
-2861.947
499.4836
-2501.25
1.0
Obj_Plant_CypressLow_B_01
1.389631
-1.227074
-1.170826
-2444.914
454.4696
-2085.77
0.957031
Obj_TreeConiferous_A_Snow_01
0
2.785989
0
-2373.411
321.5023
-2309.187
1.0
Obj_RockSetSnow_A_05
-2.177674
-1.449252
2.17421
-2052.59
365.4622
-2235.519
1.0
Obj_Plant_HopBush_C_Snow_01
-0.05490659
0.2532023
0.3193758
-2218.707
483.8734
-2223.188
0.901367
Item_Plant_E
3.141479
-1.112671
3.141479
-2246.121
434.3567
-2976.785
1.0
Obj_TreeConiferousLow_A_Snow_01
0
0
0
-2647.867
414.4581
-2474.769
1.0
Obj_RockSetSnow_A_02
2.654638
1.221081
2.666973
-2874.894
498.955
-2502.811
1.0
Item_Plant_E
0.1393778
-0.001068624
0.01530908
-2213.879
455.0445
-2183.601
1.0
EnvSeEmitPointBirdSubarctic
3.141479
1.275879
3.141479
-2273.25
429.9063
-2308.715
1.0
Obj_TreeConiferous_A_Snow_01
0
6.056008
0
-2808.55
416.7377
-2042.761
1.0
FldObj_GerudoHighlandRock_C_05
0.4823902
0.3115825
0.4299468
-2216.969
400.7353
-2771.76
1.0
Obj_Plant_HopBush_C_Snow_02
0.2541087
-0.01691107
0.1321918
-2192.518
435.5273
-1979.172
1.0
Obj_TreeConiferous_A_Snow_01
0
2.986057
0
-2606.077
409.855
-2470.979
1.0
Obj_Plant_CypressLow_B_01
-0.04180992
0.8582449
0.06924017
-2569.512
443.6996
-1957.773
0.895996
Obj_Plant_HopBush_C_Snow_02
0.0526904
0.6845018
-0.1159969
-2003.75
354.3688
-2906.121
0.916016
Item_Mushroom_B
0
-0.5043945
0
-2864.234
499.5025
-2501.656
1.0
Obj_Plant_HopBush_C_Snow_01
-0.1803126
-0.08626086
-0.4156623
-2133.616
406.5359
-2149.119
1.0
Obj_Plant_HopBush_C_Snow_02
0.0724228
-0.6555195
-0.245903
-2564.867
444.0803
-2037.457
0.862793
Obj_RockSetSnow_A_04
0
0
0
-2877.751
515.5834
-2401.627
1.0
Obj_RockSetSnow_A_05
0
-1.52
0
-2772.513
457.6328
-2273.584
1.0
Obj_Plant_CypressLow_B_01
0.08829854
-0.2319442
-0.09625746
-2008.82
354.3154
-2898.363
0.901855
Obj_TreeConiferous_A_Snow_01_Trunk
-1.728947
0.4681884
-2.842177
-2095.212
354.8774
-2670.186
1.0
Obj_Plant_HopBush_C_Snow_02
-0.1561249
0.8977212
-0.1804179
-2742.6
503.838
-2405.633
1.0
Obj_Plant_HopBush_C_Snow_02
0.256513
-0.02628087
-0.04327536
-2886.837
505.3037
-2368.354
1.0
BrokenSnowBall
0
0
0
-2444.99
285.09
-2293.85
0.7
FldObj_GerudoHighlandRock_C_05
0.2555325
0.03900922
-0.3013901
-2175.608
342.7443
-2605.212
1.0
Area
0
0
0
-2897.711
680.9163
-2962.242
40
FldObj_TravelerTrace_Tent_A_01
0
-0.0599997
0
-2836.527
672.0507
-2904.834
1.0
Obj_RockSnow_A_01
0
0
0
-2262.739
472.515
-2841.745
1.0
Enemy_Golem_Little_Ice
0.3274942
-0.2684329
-0.1983794
-3071.075
559.1504
-2729.792
1.0
Obj_TreeConiferous_A_Snow_01
0
5.739819
0
-1986.755
346.842
-2071.552
1.0
TBox_Field_Wood
0.194738
-1.004612
-0.2456787
-2391.248
469.6907
-2097.552
1.0
Obj_RockSetSnow_A_02
0
-0.96
0
-1949.728
344.8691
-2167.53
1.0
Area
0
0
0
-2897.711
680.9163
-2962.242
25
Obj_Plant_CypressLow_B_01
0
0.004150393
0
-1999.293
352.9197
-2873.402
0.90918
Obj_RockSetSnow_A_05
0
-0.8600001
0
-2843.429
453.1112
-2286.659
1.0
Obj_Plant_HopBush_C_Snow_01
0.02028801
0.09509288
0.3117741
-2219.776
428.4786
-2370.99
1.0
Obj_RockSetSnow_A_02
0.26453
-1.097047
-0.1016611
-2878.809
495.5447
-2453.064
1.0
Obj_RockSetSnow_A_03
0
-0.16
0
-2757.033
455.1579
-2587.175
1.0
Obj_Plant_HopBush_C_Snow_02
-0.08897521
-0.1971601
-0.2394417
-2868.114
520.2886
-2549.895
1.0
Obj_RockSetSnow_A_02
0
-1
0
-2753.475
416.1109
-2053.242
1.0
Obj_TreeConiferous_A_Snow_01
0
3.896719
0
-2147.409
400.7241
-2176.775
1.0
Obj_RockSetSnow_A_03
-2.911715
-1.21313
2.930608
-2269.598
427.6188
-2287.802
0.8
Obj_RockSetSnow_A_02
0
-1.243183
0
-2579.993
437.5147
-2104.986
1.0
Animal_Fish_I
0
1.32
0
-2977.703
218.1801
-2136.977
1.0
Obj_TreeConiferous_A_Snow_02
0
0
0
-2789.636
502.365
-2488.5
1.0
Enemy_Keese_Ice_AllDay
0
1.639999
0
-3010.419
545.8062
-2695.422
1.0
Obj_Plant_HopBush_C_Snow_01
-0.1015244
1.467008
0.08608066
-2897.944
444.6205
-2244.256
1.0
Obj_RockSetSnow_A_02
-1.415439
1.291008
-1.36348
-2940.815
538
-2509.235
1.0
AnchorAction1
0
0
0
-2781.5
417.0652
-2030.5
1.0
Obj_RockSetSnow_A_05
0
-0.6568143
0
-2888.597
500.5289
-2326.57
1.0
Obj_RockSetSnow_A_05
0.3692372
-0.4055235
-0.7809162
-2918.352
527.88
-2534.292
1.0
Obj_RockSetSnow_A_05
-2.933689
-0.9251931
2.927147
-2794.298
502.9401
-2412.322
1.0
Obj_RockSnow_A_01
0
1.100001
0
-2387.436
467.0029
-2092.542
1.0
Obj_RockSetSnow_A_03
0
2.043175
0
-2638.969
442.5137
-2085.583
1.0
Obj_RockSetSnow_A_02
-0.16
-1.36
0
-2774.93
450.4583
-2499.213
1.0
Obj_RockSetSnow_A_05
0
0.5600003
0
-2930.628
499.7584
-2474.303
1.0
Obj_RockSetSnow_A_05
-3.049778
-0.8579161
3.072052
-2763.821
502.7831
-2438.313
1.0
Item_Plant_B
0
0.1711426
0
-2140.625
411.7798
-2136.969
1.0
Obj_RockSnow_A_01
-0.720033
-0.2490113
1.451573
-2760.53
493.1535
-2455.482
1.0
Obj_RockSetSnow_A_05
0.002818244
-0.1399719
0.1398024
-2743.53
439.6986
-2119.616
1.0
Obj_Plant_HopBush_C_Snow_02
0.4317963
0.7287142
-0.04285152
-2871.59
503.9303
-2507.009
1.0
Obj_TreeConiferous_A_Snow_01
0
2.209024
0
-2832.305
452.0146
-2217.899
1.0
Obj_RockSetSnow_A_05
-0.857383
-0.9513384
0.6356492
-2200.341
421.4791
-2132.103
1.0
Obj_RockSetSnow_A_03
-0.4738567
-0.03301376
-0.1365235
-2169.74
448.9648
-2064.922
1.0
Obj_RockSetSnow_A_04
0
0
0
-2615.702
410.1811
-2459.152
1.0
PointWindSetTag
0.08000009
0.6200004
0
-2828.089
719.2874
-2849.547
1.0
Obj_MineralBury_A_01
2.164666
0.1159113
-1.819297
-2837.686
415.7978
-2079.625
1.0
Obj_TreeConiferous_A_Snow_02
0
2.590165
0
-2885.231
504.7786
-2366.877
1.0
Obj_RockGray_A_M_06
0.5396974
-0.09022202
0.3235567
-2296.084
417.2745
-2282.196
1.0
Obj_TreeConiferousLow_A_Snow_01
0
0
0
-2281.545
476.4612
-2862.232
1.0
Obj_Mineral_B_01
0.3991657
-0.04249348
0.2093407
-2839.531
415.7996
-2080.042
1.0
Obj_RockSnow_A_01
0.4237762
0.4384113
0.8157766
-2721.301
442.0207
-1999.253
1.0
Obj_TreeConiferousLow_A_Snow_01
0
0
0
-2803.968
416.1297
-2065.156
1.0
Obj_RockSetSnow_A_02
-0.1455417
-0.3304472
0.4443099
-2290.075
398.9976
-2342.492
1.0
Obj_TreeConiferousLow_A_Snow_01
0
2.683829
0
-2372.677
321.565
-2314.513
1.0
FireWoodDie
0.08889611
0.6346564
0.149213
-2834.011
672.2191
-2900.442
1.0
Obj_TreeConiferousDead_A_Snow_01
0
-1.3
0
-2737.576
440.5159
-2483.834
1.0
Obj_RockSetSnow_A_04
-2.993227
1.241412
3.017309
-2143.768
397.0153
-2202.653
1.0
Item_Plant_E
0
0.4821777
0
-2157.648
345.3694
-2588.336
1.0
Obj_TreeConiferous_A_Snow_02
0
5.680852
0
-2229.632
430.5681
-2068.684
1.0
FldObj_GerudoHighlandRock_C_05
0.1119012
-0.2018235
0.3172027
-2111.116
351.5101
-2658.968
1.0
Obj_RockSetSnow_A_05
0
0
0
-2936.25
677.2028
-3047.6
1.0
Item_Mushroom_B
0
-0.7392578
0
-2906.715
499.4988
-2473.07
1.0
Obj_RockSetSnow_A_02
-3.141592
0.0984079
3.001593
-3029.807
543.3898
-2711.58
1.0
Item_Plant_E
0
-0.9438476
0
-2190.906
433.6519
-2084.227
1.0
Obj_LiftRockWhite_A_01
0.6032511
1.283358
0.6826385
-2550.275
365.592
-2456.495
1.2
Item_Plant_E
3.141479
-0.1959228
3.141479
-2416.754
464.9658
-2098.801
1.0
Obj_RockSetSnow_A_02
-0.02792181
-0.7229025
-0.2626605
-2813.88
472.2105
-2605.504
1.0
Item_Mushroom_D
0.2421875
0.9949951
-1.073242
-2145.723
402.4063
-2213.004
1.0
Obj_Plant_HopBush_C_Snow_01
0.05524715
0.9906479
-0.003128903
-1997.633
352.8268
-2872.531
0.990234
Obj_TreeDead_A_Snow_01
0
-1.08
0
-2898.494
499.3082
-2454.215
1.0
Obj_Plant_CypressLow_B_01
0.05858225
-0.9880679
0.009048164
-2235.816
430.1221
-2059.922
0.947266
Obj_Mineral_B_01
0.09107099
0.06836203
-0.06773801
-2430.436
371.4695
-2512.083
1.0
Obj_RockSetSnow_A_04
0.006710075
0.8332029
0.2380775
-2192.688
449.7481
-2008.37
1.0
Obj_Plant_CypressLow_B_01
-0.1413312
0.0479982
-0.2810872
-2389.09
520.9055
-2757.02
1.063965
Obj_TreeConiferousLow_A_Snow_01
0
5.555273
0
-2210.791
452.1242
-2892.57
1.0
Obj_RockSetSnow_A_05
0
2.059999
0
-1970.971
344.1936
-2064.263
1.0
Animal_Fish_D
0
1.32
0
-3017.521
218.2028
-2148.166
1.0
Obj_RockSnow_A_01
0
1.980015
0
-3016.702
555.6309
-2688.255
1.1
Obj_Mineral_B_01
2.493178
1.290025
2.354802
-2077.033
397.2752
-2499.091
1.0
Area
0
0
0
-2952.633
522.5701
-2696
40
AddAutoPlacementCreator
0
0
0
-2996.831
216.0982
-2145.858
1.0
Obj_TreeConiferous_A_Snow_02
0
0
0
-2843.351
499.3799
-2463.856
1.0
Obj_TreeDead_A_Snow_01
0
1.22
0
-2888.912
500.4042
-2449.534
1.0
Obj_TreeWhiteBirch_A_02
0
0
0
-2550.609
392.7039
-2242.251
1.0
Obj_Plant_HopBush_C_Snow_01
-0.4321147
1.442173
-0.7210271
-2108.227
376.7689
-2289.848
0.886719
Area
0
0
0
-2952.633
522.5701
-2696
25
Obj_Plant_HopBush_C_Snow_01
0.04425149
-0.5369909
0.2236751
-2691.629
464.0467
-2365.748
1.0
Obj_RockSetSnow_A_05
0
-0.3199999
0
-2131.294
396.2573
-2157.023
1.0
Obj_Plant_HopBush_C_Snow_01
0.1354018
1.087175
0.02288774
-2004.043
353.9891
-2899.527
0.86377
Obj_LiftRockWhite_Korok_A_01
0
1.76
0
-2470.136
620.1882
-2767.788
1.0
Obj_RockSetSnow_A_02
-2.338173
1.256932
-2.606941
-2144.329
392.9367
-2266.311
1.0
Obj_MineralBury_A_01
0.7074428
-0.3090445
-1.2174
-2085.344
407.4977
-2497.756
1.0
Obj_TreeConiferous_A_Snow_01
0
2.87729
0
-2213.791
431.804
-2079.467
1.0
Obj_TreeConiferous_A_Snow_01
0
3.614267
0
-2850.915
451.9218
-2214.743
1.0
Obj_Plant_HopBush_C_Snow_02
1.524962
1.221583
1.107271
-2216.42
437.7599
-1999.357
1.0
Item_Mushroom_D
2.517944
1.068481
1.279907
-2156.957
425.3438
-2278.742
1.0
Obj_TreeConiferous_A_Snow_01
0
6.240693
0
-2364.945
326.6815
-2315.296
1.0
Obj_TreeConiferous_A_Snow_02
0
0
0
-2907.291
499.0905
-2449.365
1.0
Obj_Plant_HopBush_C_Snow_01
-0.02071652
0.7869685
0.06371162
-2640.801
440.6858
-1928.891
0.854492
Animal_Fox_B
0
1.82
0
-2297.792
329.5106
-2480.491
1.0
Obj_Plant_HopBush_C_Snow_02
-0.3245443
-1.010504
0.2684925
-2914.824
444.0085
-2280.121
0.876465
Obj_Plant_HopBush_C_Snow_01
0.03910489
-0.1905158
-0.4882826
-2132.716
405.4754
-2151.975
1.0
Obj_Plant_HopBush_C_Snow_02
-0.6569108
-0.7980976
0.6779866
-2836.462
505.2613
-2457.356
1.0
Obj_RockSetSnow_A_03
0
2.263186
0
-2203.905
447.5424
-2878.121
1.0
Obj_RockSetSnow_A_02
0.09251126
0.3728159
-0.3676891
-2711.756
492.68
-2413.215
1.0
Obj_TreeConiferousLow_A_Snow_01
0
0
0
-2230.747
425.7681
-2364.585
1.0
Barrel
0.09781356
0.0238039
-0.2526684
-2264.803
418.2904
-2378.3
1.0
Obj_RockSnow_A_01
-0.9216931
-0.03153021
-0.9634884
-2677.636
440.6157
-1980.415
1.0
Area
0
0
0
-2254
418.2588
-2365
25
Obj_RockSetSnow_A_02
0.4831713
0.9990498
0.4711218
-2932.18
521.5518
-2498.723
1.0
Obj_RockSetSnow_A_03
0
-2.399999
0
-2956.854
511.1234
-2567.21
1.0
Obj_RockSetSnow_A_02
0
0
-1.4
-2798.507
462.6918
-2349.361
1.0
Obj_RockSetSnow_A_03
0
-0.44
0
-2632.802
446.1867
-2214.056
1.0
Obj_RockSetSnow_A_02
-3.030512
-0.9513843
-3.100324
-2153.576
443.9341
-2072.939
1.0
Obj_LiftRockWhite_Korok_A_01
0
2.38
0
-2463.908
620.9968
-2764.592
1.0
Obj_RockSetSnow_A_05
0
1.001593
0
-2966.324
522.5538
-2669.761
1.0
Obj_RockSetSnow_A_02
0
0.62
0
-2467.85
615.75
-2737.593
1.0
Obj_RockSetSnow_A_04
-0.3792167
0.004849236
0.02526651
-2180.683
452.0648
-2059.471
1.0
EnvSeEmitPointBirdSubarctic
0.7077636
1.078979
2.212769
-2522.504
409.6289
-2203.914
1.0
Obj_RockGray_A_M_06
0.5019777
0.0662957
-0.2572349
-2299.634
416.3112
-2282.237
1.0
Area
0
0
0
-2666.108
483.939
-2397.77
25
EnvSeEmitPointBirdSubarctic
1.611328
0.5093994
-3.08374
-2147.582
409.2344
-2176.578
1.0
Obj_Plant_HopBush_C_Snow_02
0.04887423
-0.6908255
0.1501945
-2737.742
447.2794
-2116.242
0.950195
Obj_RockSetSnow_A_04
0
0
0
-2856.911
497.2388
-2359.642
1.0
Obj_RockSetSnow_A_05
0
0.1399999
0
-2721.067
444.3835
-2029.941
1.0
Enemy_Keese_Ice_AllDay
0
1.4
0
-3002.006
539.699
-2699.369
1.0
Obj_Plant_HopBush_C_Snow_01
0.1009065
-0.4979098
-0.2637905
-2579.762
447.9672
-2040.598
0.978516
Item_Plant_O
1.01709
-0.09216309
-0.1470947
-2556.223
598.2539
-2663.566
1.0
Obj_FireWoodBundle
0
0.5200001
0
-2397.326
386.3558
-1991.44
1.0
Obj_Plant_HopBush_C_Snow_02
0.1736333
0.7210056
0.1525899
-2797.52
416.925
-2069.133
1.09668
Item_Plant_O
2.54602
0.8099365
0.2972412
-2329.574
490.6445
-2963.727
1.0
Obj_RockSetSnow_A_05
-0.2031555
-0.3514138
0.2031556
-2345.024
339.8832
-2261.734
1.0
Obj_Plant_HopBush_C_Snow_02
0.5137145
1.050202
0.3873104
-2689.321
488.5344
-2426.868
1.0
Obj_Plant_HopBush_C_Snow_01
0.391395
-1.219511
-0.4230762
-2872.445
502.5723
-2366.906
0.947266
Obj_RockSetSnow_A_04
0
0
0
-3094.816
573.8107
-2768.738
1.0
Item_Mushroom_E
3.141479
-0.4100341
3.141479
-2290.965
420.1276
-2039.105
1.0
Obj_TreeDead_A_Snow_01
0
1.26
0
-2857.439
499.1754
-2463.054
1.0
Obj_TreeConiferousSnowFallenTree_A_M_01
0.828024
1.10096
0.7707328
-2017.16
345.0027
-2451.736
1.0
Obj_Plant_HopBush_C_Snow_02
0.03507878
0.7389445
-0.02286176
-2544.543
433.9174
-2095.101
1.0
Item_Plant_E
0
0.9300537
0
-2123.121
353.3472
-2660.676
1.0
Obj_LiftRockWhite_A_01
0.08014043
-0.003379959
0.08425597
-2125.554
393.2965
-2184.863
1.0
Item_Plant_O
1.784668
1.438721
0.6278076
-2131.891
389.7344
-2323.273
1.0
Obj_TreeConiferous_A_Snow_02
0
5.676882
0
-2195.292
434.2036
-2080.61
1.0
Obj_RockSetSnow_A_02
2.962327
0.1020743
3.131329
-2171.396
454.0887
-2014.932
1.0
Obj_RockSetSnow_A_05
0
-2.54
0
-2943.274
675.4996
-3080.811
0.8
Obj_TreeConiferousLow_A_Snow_01
0
0
0
-2845.197
451.4769
-2242.276
1.0
Obj_TreeConiferous_A_Snow_01
0
0
0
-2798.897
416.5508
-2047.152
1.0
Obj_TreeConiferous_A_Snow_02
0
5.959855
0
-2899.952
507.609
-2413.687
1.0
Obj_RockSetSnow_A_02
0
0.2800001
0
-2889.915
525.816
-2576.74
1.0
Item_Plant_E
3.141479
-0.2565918
3.141479
-2802.156
660.9371
-2769.082
1.0
Obj_TreeConiferousLow_A_Snow_01
0
3.731034
0
-2806.708
454.3044
-2231.614
1.0
Obj_Plant_CypressLow_B_01
-0.02073138
0.07188518
0.2219912
-2441.223
489.4623
-2986.203
0.887695
Obj_Mineral_C_01
3.115835
-0.2893002
2.714556
-2132.64
409.3506
-2460.875
1.0
Obj_RockSetSnow_A_05
0
-2.779998
0
-2690.655
533.8465
-2646.385
1.0
Obj_TreeConiferous_A_Snow_01
0
4.457012
0
-2295.962
420.3981
-2284.433
1.0
Obj_Plant_HopBush_C_Snow_02
0.001098229
-0.5328313
0.2456091
-2689.412
464.617
-2368.585
1.0
Obj_RockSetSnow_A_05
0.46
-0.1399999
0
-2223.757
431.9959
-1993.866
0.7
Item_Plant_O
1.350708
-0.5804443
-0.1168213
-2740.305
588.8789
-2660.707
1.0
Obj_Plant_HopBush_C_Snow_01
0.3684033
1.055946
0.4812899
-2686.341
487.9589
-2424.849
1.0
Obj_TreeWhiteBirch_A_01
0
1.300551
0
-2018.555
345.8004
-2387.537
1.0
Obj_RockSetSnow_A_03
0
0
0
-2018.465
344.8571
-2407.246
1.0
Obj_TreeWhiteBirch_A_01
0
0
0
-2543.463
396.5001
-2215.192
1.0
BrokenSnowBall
0
0
0
-2439.13
284.89
-2291.89
0.5
Obj_TreeConiferousLow_A_Snow_01
0
0
0
-2790.378
417.0326
-2056.081
1.0
Obj_TreeConiferousDead_A_Snow_01
0
-0.3200001
0
-2198.019
422.2165
-2808.012
1.0
Obj_TreeConiferous_A_Snow_01
0
1.224809
0
-2815.342
416.0311
-2058.365
1.0
Obj_RockSetSnow_A_03
0
0
0.2
-2264.471
416.97
-2326.652
1.0
Item_Plant_E
0
0.3901367
0
-2011.27
349.8195
-2508.078
1.0
Obj_RockSetSnow_A_02
0
1.8
0
-2057.547
358.4597
-2165.303
1.0
Obj_RockSetSnow_A_05
0.1306836
-0.478291
-0.02943121
-2768.595
424.5828
-2088.329
1.0
Obj_Plant_HopBush_C_Snow_01
0.05139278
0.7399232
-0.0671207
-2542.533
433.5263
-2092.112
1.0
Obj_TreeConiferous_A_Snow_01
0
0
0
-2708.606
491.9491
-2443.232
1.0
Obj_RockSetSnow_A_03
2.325835
-1.145772
-2.842427
-2205.509
446.1221
-2870.546
1.0
Item_Plant_O
1.342163
0.2271728
0.003173829
-2949.527
550.9805
-2627.047
1.0
Obj_TreeConiferousLow_A_Snow_01
0
0
0
-2927.801
680.3129
-3011.345
1.0
TBox_Field_Iron
0.07104659
-0.004099702
0.09022664
-2786.674
441.7257
-2358.262
1.0
Obj_TreeDead_A_Snow_01
0
1.24
0
-2877.096
503.8411
-2437.687
1.0
Obj_Mineral_A_01
-3.040614
-0.4853668
2.410074
-2457.459
425.8065
-1995.465
1.0
Obj_TreeWhiteBirch_A_01
0
0
0
-2017.745
352.9475
-2319.874
1.0
Obj_RockSetSnow_A_03
2.72423
-0.8821243
2.649893
-2150.234
454.0632
-2021.365
1.0
Obj_TreeConiferous_A_Snow_01
0
3.658818
0
-2172.002
428.7533
-2819.124
1.0
Obj_RockSetSnow_A_05
-0.4429076
1.05817
-0.5914737
-2683.274
526.0742
-2628.557
1.0
Obj_RockSetSnow_A_02
0
-0.28
0
-2610.14
442.7555
-2127.596
1.0
Barrel
-1.575497
-0.3398721
-0.3349639
-2846.588
456.5659
-2176.547
1.0
Obj_Plant_HopBush_C_Snow_01
-0.1259913
-0.1462901
-0.03208886
-2910.934
444.5356
-2276.648
1.046387
BrokenSnowBall
0
0
0
-2552.34
365.06
-2446.23
0.3
Obj_RockSnow_A_01
-2.285021
-1.40336
1.238355
-3021.794
560.4394
-2695.496
1.0
Obj_TreeConiferous_A_Snow_01_Trunk
1.908313
-0.7273677
1.914532
-2127.184
356.8102
-2662.462
1.0
Animal_Wolf_C
0
-0.38
0
-2345.027
328.6703
-2466.428
1.0
Obj_RockSetSnow_A_05
0
0.3
-0.26
-2293.881
475.194
-2844.756
1.0
Obj_RockSetSnow_A_03
0.2166297
0.3915872
0.08379935
-2383.592
336.0158
-2479.279
1.0
Obj_RockSetSnow_A_02
2.641593
-0.138407
-3.141592
-2628.6
441.0196
-1972.446
1.0
Enemy_Keese_Ice_AllDay
0
1.4
0
-3000.602
538.5255
-2700.146
1.0
TBox_Field_Iron
0.32
0
0.22
-2427.712
419.669
-1987.022
1.0
Item_Plant_O
0.5258788
1.171875
-0.5374755
-2102.699
388.9883
-2473.688
1.0
Obj_TreeConiferous_A_Snow_02
0
0
0
-2764.121
416.8514
-2018.191
1.0
Obj_RockSetSnow_A_02
0
-1.660002
0
-2893.492
506.23
-2411.865
1.0
EnvSeEmitPointBirdSubarctic
2.897827
-0.2904053
-2.740967
-2311.203
430.5977
-2036.184
1.0
Obj_TreeWhiteBirch_A_01
0
-0.22
0
-2668.818
487.3181
-2416.165
1.0
Obj_RockSnow_A_01
1.516502
-1.37051
-1.517585
-2388.952
468.6806
-2099.593
1.0
Item_Plant_E
0
1.459228
0
-2047.898
368.333
-2715.543
1.0
Obj_Plant_HopBush_C_Snow_01
0
1.534058
0
-2772.57
506.1014
-2406.609
1.044922
Obj_Plant_HopBush_C_Snow_02
-0.340233
1.463086
-0.1902156
-2901.42
443.9999
-2245.131
1.0
Obj_RockSetSnow_A_02
-0.9310867
-1.248311
1.101097
-2535.167
400.3337
-2203.541
1.0
Item_Plant_O
2.472778
-1.169189
-1.606445
-2910.965
492.6875
-2298.707
1.0
Animal_Fish_C
0
1.32
0
-2984.713
218.1202
-2147.745
1.0
Obj_RockSetSnow_A_05
0.3146582
1.03254
0.09225051
-2820.765
420.2519
-2087.088
1.0
EnvSeEmitPointBirdSubarctic
-2.756714
0.368042
2.984497
-2171.641
423.1602
-2146.898
1.0
Obj_Plant_CypressLow_B_01
0.0735435
0.4597666
-0.02368359
-1992.824
352.6179
-2873.852
0.967285
Obj_MineralBury_A_01
-3.096294
0.1967312
-3.066178
-2075.852
397.9626
-2497.341
1.0
Obj_RockSetSnow_A_05
3.067185
-0.1927281
2.90717
-2753.084
452.0318
-2242.879
0.8
FldObj_GerudoHighlandRock_C_05
-0.1609493
-0.9541883
0.2441333
-2142.178
414.3979
-2776.529
1.0
Obj_TreeConiferous_A_Snow_01
0
2.018044
0
-2144.689
411.3862
-2140.03
1.0
Item_Plant_O
0.9060058
-0.02331543
0.3435058
-3040.094
538.5781
-2599.504
1.0
Obj_RockSetSnow_A_05
0
-0.46
0
-2451.179
447.4738
-2080.973
1.0
Obj_TreeConiferous_A_Snow_02
0
1.6
0
-2779.855
503.889
-2449.438
1.0
Obj_TreeConiferous_A_Snow_01
0
0
0
-2926.95
680.6567
-3000.396
1.0
Obj_TreeConiferous_A_Snow_01
0
0.4312342
0
-2316.698
417.0695
-2044.477
1.0
Animal_Wolf_A
0
-0.9
0
-2962.888
376.5687
-1958.284
1.0
Item_Plant_E
0
0.06542969
0
-2186.43
338.0609
-2578.18
1.0
Obj_Plant_HopBush_C_Snow_01
0.50107
1.200582
0.763867
-2892.039
586.5911
-2713.547
0.995605
Animal_Wolf_C
0
0.2
0
-2339.871
331.6623
-2471.19
1.0
Obj_TreeDead_A_Snow_01
0
-1.08
0
-2821.846
501.901
-2475.87
1.0
Obj_RockSetSnow_A_05
-0.05340935
-0.416791
0.1312968
-2491.907
435.3544
-2077.312
1.0
Enemy_Lizalfos_Senior
0
-0.78
0
-2196
366.5317
-2683
1.0
AscendingCurrent_Slant
-0.3440285
-0.2264866
-0.06497264
-2661.102
567.1401
-2654.57
1.0
Obj_RockSetSnow_A_02
0
0.3800001
0
-2834.418
499.1726
-2498.185
1.0
Obj_TreeConiferous_A_Snow_01
0
2.786154
0
-2201.904
428.0189
-2820.773
1.0
Obj_TreeConiferousLow_A_Snow_01
0
2.762746
0
-2237.306
462.6162
-2883.851
1.0
Obj_TreeConiferousDead_A_Snow_01
0
0
0
-2901.216
498.7805
-2460.585
1.0
Obj_Plant_HopBush_C_Snow_02
-0.4418499
-0.6363069
0.1748467
-2810.102
417.2406
-2040.328
1.007324
Obj_LiftRockWhite_Korok_A_01
0
0.2799998
0
-2464.633
620.7396
-2763.048
1.0
Obj_RockSetSnow_A_03
-0.3523207
-1.187138
0.206154
-2139.939
396.3874
-2227.448
1.0
Obj_TreeConiferous_A_Snow_01
0
0
0
-2773.477
438.71
-2162.677
1.0
Obj_LiftRockWhite_A_01
0
0
0
-2016.362
340.6545
-2185.531
1.0
Obj_RockSetSnow_A_05
0
0
0
-2709.281
454.2024
-2265.085
1.0
Obj_RockSetSnow_A_02
0
0
0
-2825.662
501.1572
-2464.961
1.0
Item_Plant_E
3.141479
0.6887207
3.141479
-2443.063
489.039
-2981.816
1.0
Obj_Plant_HopBush_C_Snow_02
0.1760978
0.6739821
0.03496152
-2903.229
445.4384
-2255.198
1.0
Item_Plant_E
3.141479
0.7963867
3.141479
-2216.395
391.2627
-2744.926
1.0
Obj_RockSetSnow_A_02
2.970036
0.1022152
-3.055
-2710.879
486.1915
-2414.082
1.0
Animal_Fox_B
0
-0.48
0
-2692.051
447.6839
-2212.183
1.0
Weapon_Spear_008
1.040163
-0.1552886
-0.2577258
-2201.117
451.5301
-2882.187
1.0
Obj_Mineral_C_01
1.429969
0.8024353
1.240976
-2142.582
409.6697
-2455.36
1.0
Obj_TreeConiferous_A_Snow_01
0
2.054102
0
-2126.744
393.401
-2185.191
1.0
Obj_TreeConiferousLow_A_Snow_01
0
0
0
-2192.483
431.5851
-2821.022
1.0
Obj_TreeConiferous_A_Snow_01
0
0
0
-2283.101
476.8005
-2841.726
1.0
Obj_RockSetSnow_A_04
0
0
0
-2887.091
497.4203
-2512.189
1.0
BrokenSnowBall
0
0
0
-2553.15
364.81
-2447
0.3
Obj_RockSetSnow_A_03
0
-1.559999
0.2
-2273.345
416.5175
-2377.062
1.0
Obj_RockSetSnow_A_02
0.22
0
0
-2699.699
620.9907
-2723.087
1.0
Obj_TreeConiferous_A_Snow_01
0
5.60753
0
-2015.449
346.6696
-2468.798
1.0
Item_Plant_E
3.141479
0.9415283
3.141479
-2946.66
378.8821
-2288.703
1.0
Animal_Fox_B
0
-0.48
0
-2346.701
326.8834
-2439.587
1.0
Obj_Plant_CypressLow_B_01
0.3047071
-0.308069
-0.08129682
-2780.344
424.8306
-2106.059
0.968262
Obj_TreeConiferous_A_Snow_01
0
2.776703
0
-2725.968
499.9574
-2407.099
1.0
Obj_TreeConiferous_A_Snow_02
0
0
0
-2609.364
410.9855
-2458.271
1.0
Obj_Plant_HopBush_C_Snow_01
0.05950311
0.8538666
0.1070741
-2804.098
451.4396
-2212.25
0.978027
Obj_RockSetSnow_A_05
0
1.480001
0
-2247.758
411.7976
-2382.582
1.0
Obj_Mineral_C_01
1.455425
0.6146604
1.003327
-2975.763
510.0768
-2588.688
1.0
Obj_Plant_HopBush_C_Snow_01
-1.012812
-1.224637
1.15634
-2201.714
436.1971
-2070.742
1.0
Obj_RockSetSnow_A_02
-2.690292
1.139589
-2.801196
-2234.778
416.8235
-2375.761
1.0
Item_Mushroom_F
3.141479
-0.1109619
3.141479
-2488.805
619.5627
-2756.207
1.0
Obj_TreeConiferous_A_Snow_01
0
1.44
0
-2786.722
416.7309
-2063.47
1.0
Obj_RockSetSnow_A_03
0
1.480001
0
-2466.791
617.5888
-2749.647
1.0
Obj_TreeConiferousDead_A_Snow_01
0
1.68
0
-2812.954
502.892
-2459.193
1.0
BrokenSnowBall
0
0
0
-2437.69
284.65
-2288.9
0.7
Obj_RockSetSnow_A_05
-0.2172457
-0.7382298
0.2200828
-2495.222
616.1741
-2768.857
1.0
Obj_RockSetSnow_A_02
0
1.981581
0
-2693.651
460.4729
-2324.327
1.0
Obj_TreeConiferous_A_Snow_01
0
0
0
-2768.571
415.6683
-2011.006
1.0
Obj_TreeConiferous_A_Snow_01
0
0
0
-2769.073
431.9276
-2131.547
1.0
Obj_Mineral_A_01
-0.36
0
0
-2960.522
526.2282
-2671.179
1.0
Obj_TreeConiferous_A_Snow_01
0
5.253152
0
-2853.735
450.3805
-2230.922
1.0
Item_Plant_O
-2.100852
1.320677
-2.830509
-2577.143
414.7237
-2202.329
1.0
Obj_TreeConiferous_A_Snow_01
0
0.5560762
0
-2323.096
448.308
-2216.861
1.0
Obj_Plant_HopBush_C_Snow_01
0.006605266
0.2388649
-0.06755465
-1970.73
350.5193
-2817.734
1.087402
Item_Plant_E
3.141479
-0.9832763
3.141479
-2657.586
612.4462
-2712.969
1.0
BrokenSnowBall
0
0
0
-2552.9
364.45
-2448.57
0.3
Obj_TreeConiferous_A_Snow_02
0
0
0
-2137.468
396.2154
-2238.876
1.0
Obj_RockSnow_A_01
1.542982
1.521584
3.122914
-2933.614
277.4419
-2113.472
1.0
Obj_TreeConiferousDead_A_Snow_01
0
0
0
-2225.368
460.7119
-2867.059
1.0
Animal_Fish_D
0
1.32
0
-3016.794
217.504
-2161.58
1.0
SpotBgmTag
0
0
0
-2390
295
-2266
25
Obj_TreeConiferous_A_Snow_01
0
6.090624
0
-2900.009
496.7171
-2307.051
1.0
Obj_TreeWhiteBirch_A_01
0
-1.860001
0
-2522.103
401.5726
-2203.969
1.0
Obj_MineralBury_A_01
0
-2.560002
0
-2958.751
526.8099
-2671.147
1.0
Obj_RockGray_A_M_06
-0.3259733
0.06357748
0.3820326
-2298.128
416.3867
-2274.932
1.0
TBox_Field_Iron
-0.2353924
0.04724178
0.374413
-2776
416.4659
-2026
1.0
Obj_TreeDead_A_Snow_01
0
-1.660001
0
-2824.994
506.2142
-2463.78
1.0
Obj_RockSetSnow_A_02
3.062903
-0.5384052
-2.996628
-2788.152
436.5531
-2360.362
1.0
AirWallHorse_HiddnKorok
0
0
0
-2797.573
674.0324
-2878.883
1.0
Obj_RockSetSnow_A_02
0.4318033
1.230858
0.4098358
-2833.457
451.5498
-2181.132
1.0
Obj_RockSetSnow_A_02
-0.2461567
1.14868
-0.2253065
-2362.359
323.8464
-2305.855
1.0
Obj_Plant_CypressLow_B_01
1.597399
1.402119
1.234788
-2031.844
349.3674
-2458.379
0.971191
Obj_RockSetSnow_A_05
1.890674
0.8903918
1.973639
-2565.504
624.845
-2713.699
1.0
Obj_MineralBury_A_01
1.567657
-0.03853193
-1.692312
-2611.323
617.4846
-2711.246
1.0
Obj_TreeDead_A_Snow_01
0
-1.58
0
-2890.244
499.4836
-2466.696
1.0
Obj_Plant_HopBush_C_Snow_01
0.3408556
0.609304
-0.01678187
-2869.671
503.0265
-2506.422
1.0
Obj_TreeWhiteBirch_A_01
0
0
0
-2082.324
359.1099
-2334.701
1.0
Obj_Plant_HopBush_C_Snow_01
0.4986533
-1.247912
-0.4005123
-2788.887
504.4266
-2505.634
1.0
AddAutoPlacementCreator
0
0
0
-3004.874
216.0575
-2112.448
1.0
Obj_Plant_HopBush_C_Snow_02
0.03718368
-0.9864642
0.2261296
-2219.036
428.7171
-2371.289
1.0
Obj_TreeConiferous_A_Snow_01
0
0.7275891
0
-2273.114
421.8199
-2309.679
1.0
Obj_MineralGrain_A_02
0.1835823
-0.5890536
-0.2619686
-2158.904
416.529
-2370.395
1.0
Item_Plant_E
3.141479
0.3641357
3.141479
-2681.277
522.3294
-2596.953
1.0
Obj_RockSetSnow_A_02
0.3943776
-1.241743
-0.3479349
-2154.381
447.5184
-2049.544
1.0
FldObj_GerudoHighlandRock_C_05
0.5253
0.02737875
-0.1017508
-2099.253
363.2344
-2690.463
1.0
Obj_RockSetSnow_A_04
0
1.72
0
-2219.034
427.4136
-2821.877
1.0
Obj_TreeConiferous_A_Snow_02
0
0
0
-2789.394
449.9982
-2206.01
1.0
Obj_RockSetSnow_A_02
0
0.5599999
0
-2836.792
500.3451
-2451.872
1.0
Obj_RockSetSnow_A_02
0
1.363185
0
-1939.127
345.4551
-2135.881
1.0
Barrel
0.2698506
0.6426507
-0.09351956
-2264.904
418.1148
-2377.113
1.0
Obj_TreeConiferous_A_Snow_02
0
0
0
-2850.618
453.4107
-2203.204
1.0
Obj_Plant_HopBush_C_Snow_01
0
1.032837
0
-2859.111
499.4445
-2498.959
1.0
Obj_LiftRockWhite_Korok_A_01
0
-0.4800016
0
-2471.351
620.0089
-2766.776
1.0
Item_Plant_O
-1.342895
1.220825
-2.826416
-2135.871
388.1094
-2392.602
1.0
Animal_Fox_B
0
0.8399999
0
-2917.578
506.4032
-2608.263
1.0
Obj_Plant_HopBush_C_Snow_01
-0.1311858
-0.2351977
-0.1708524
-2740.547
502.233
-2434.816
1.062012
Obj_TreeConiferous_A_Snow_01
0
3.847124
0
-2302.218
416.4567
-2273.563
1.0
Obj_LiftRockWhite_A_01
0.03357727
0.002306209
-0.1371391
-2110.466
396.2664
-2141.35
1.0
Obj_Plant_CypressLow_B_01
0.3575604
1.074732
0.5072805
-2768.391
667.0573
-2818.512
1.042969
Obj_RockSetSnow_A_04
3.078399
-0.2933625
-2.97508
-2274.425
413.7154
-2345.2
1.0
Obj_MineralBury_A_01
0.0604027
0.754981
0.1599569
-2865.525
683.9601
-2793.119
1.0
Obj_Plant_HopBush_C_Snow_01
0.1990211
-0.9212257
0.1099398
-2890.988
586.6735
-2712.16
0.98584
Obj_MineralBury_A_01
-1.408664
1.192889
-1.149587
-2737.032
475.1635
-2387.259
1.0
TBox_Field_Iron
2.916262
0.5735865
-3.072213
-2678.083
725.9772
-2804.772
1.0
Obj_LiftRockWhite_Korok_A_01
0
0.2799998
0
-2468.805
620.3719
-2768.429
1.0
Obj_TreeWhiteBirch_A_01
0
0.7200001
0
-2049.553
349.2158
-2370.975
1.0
Obj_Plant_HopBush_C_Snow_01
0.9210096
-1.369741
-0.9128617
-2167.25
463.8259
-2018.371
0.983398
Obj_MineralBury_A_01
1.558882
0.06691881
-1.830521
-2733.09
475.7401
-2388.899
1.0
Obj_RockSetSnow_A_02
0
1.32
0
-3068.202
568.0748
-2767.719
1.0
Area
0
0
0
-2036
347.7048
-2377.5
100
Obj_Plant_HopBush_C_Snow_01
-0.102975
1.333322
-0.2562884
-2084.098
390.1186
-2071.242
1.030273
Obj_MineralBury_A_01
-0.3198279
-0.02008615
-1.631778
-2954.711
527.8755
-2668.217
1.0
Obj_RockSetSnow_A_04
0
0.4199993
0
-2869.561
509.7097
-2416.514
1.0
Obj_RockSetSnow_A_03
0
1.658407
0
-2455.794
617.7404
-2750.347
1.0
Obj_TreeConiferous_A_Snow_01
0
0.4226587
0
-2873.702
504.2784
-2371.602
1.0
Obj_TreeConiferousDead_A_Snow_01
0
-1.12
0
-2830.528
451.8168
-2227.262
1.0
Obj_TreeConiferous_A_Snow_02
0
0.6798969
0
-2209.599
433.6887
-2074.736
1.0
Obj_TreeConiferousDead_A_Snow_01
0
0
0
-2881.838
505.3425
-2429.504
1.0
Obj_RockSnow_A_01
0
0
0
-2515.69
617.433
-2723.535
1.0
Obj_RockSetSnow_A_05
-0.286932
-0.8374757
0.3481778
-2379.491
337.7711
-2238.875
1.0
Obj_RockSetSnow_A_03
2.851857
0.6167145
2.820995
-2968.594
505.7702
-2569.088
1.0
Obj_Plant_HopBush_C_Snow_01
0
0.7572021
0
-2885.289
506.1454
-2332.714
1.0
Obj_RockSetSnow_A_02
-0.02951581
-0.9105535
0.02009687
-2929.55
675.3295
-3127.369
1.0
Obj_TreeWhiteBirch_A_01
0
0.1277279
0
-2024.159
347.2734
-2412.057
1.0
Obj_Plant_HopBush_C_Snow_01
0.1968814
1.271369
0.1429567
-2002.734
352.1833
-2840.121
1.056641
Obj_RockSetSnow_A_03
0
2.003185
0
-2275.299
420.5635
-2305.321
1.0
Obj_Plant_HopBush_C_Snow_02
0.6087322
1.356635
0.7387976
-2913.859
498.6701
-2451.305
1.043945
Obj_TreeConiferous_A_Snow_01
0
4.143743
0
-2175.619
414.7175
-2156.201
1.0
Obj_RockSetSnow_A_03
0.3074501
-0.1815429
0.2989783
-2226.211
422.4805
-1968.89
1.0
Obj_Mineral_A_01
-2.833496
0.0870036
2.861182
-2082.288
402.1205
-2494.807
1.0
Animal_Fox_B
0
0.8199999
0
-2775.43
459.2331
-2590.066
1.0
Animal_Fish_D
0
1.32
0
-3015.903
218.061
-2154.812
1.0
PointWindSetTag
0
0
0
-2485.4
269.6
-2363.8
200
Obj_TreeConiferous_A_Snow_01
0
3.006002
0
-2193.395
430.748
-2092.932
1.0
Item_Mushroom_B
0
-0.5053711
0
-2043.234
350.7249
-2459.684
1.0
Obj_RockSetSnow_A_03
0
0
0
-2271.69
416.4808
-2372.676
1.0
Obj_TreeConiferous_A_Snow_01
0
0
0
-2244.857
419.112
-2368.906
1.0
Obj_Plant_HopBush_C_Snow_01
-0.2307083
-0.9399722
0.6432676
-2222.27
427.9048
-2369.682
1.0
Obj_Mineral_A_01
0.16
0
0.22
-2074.788
388.9541
-2533.646
1.0
Obj_RockSetSnow_A_03
-0.4948682
1.020589
-0.5994277
-2135.467
403.8392
-2156.097
1.0
Obj_TreeConiferousLow_A_Snow_01
0
4.508076
0
-2256.781
471.6098
-2843.024
1.0
Item_Mushroom_B
3.141479
0.6271972
3.141479
-2708.262
624.4879
-2726.328
1.0
Obj_RockSetSnow_A_05
-1.137766
1.174568
-1.273474
-2169.314
455.4373
-2047.916
1.0
Obj_TreeConiferous_A_Snow_01
0
0
0
-2448.886
453.2703
-2085.757
1.0
Enemy_Lizalfos_Senior
0
2.64
0
-2218
365.6021
-2662
1.0
Obj_Plant_HopBush_C_Snow_01
0.03390974
-0.9606827
-0.1642382
-1981.563
351.1397
-2871.117
0.908203
Item_Plant_O
1.658813
-0.8569335
-0.5483398
-2872.355
636.918
-2744.969
1.0
Obj_RockSetSnow_A_05
0.05942994
-0.6376209
-0.09962118
-2263.113
467.5874
-2867.18
1.0
Obj_RockSetSnow_A_03
0
0
0
-2735.875
453.3274
-2582.734
1.0
EnvSeEmitPointBirdSubarctic
3.141479
0.1685791
3.141479
-2245.738
427.0117
-2367.203
1.0
Obj_TreeConiferous_A_Snow_01
0
5.753466
0
-2263.738
419.0087
-2329.326
1.0
Animal_Fish_D
0
1.32
0
-3012.748
217.6569
-2157.017
1.0
Obj_LiftRockWhite_Korok_A_01
0
2.38
0
-2470.643
619.4283
-2762.412
1.0
Obj_TreeConiferous_A_Snow_01
0
2.827142
0
-2804.845
451.5117
-2213.281
1.0
Obj_Plant_CypressLow_B_01
0.6637399
1.409813
0.6358147
-2922.32
496.6776
-2443.426
0.964844
Obj_RockSetSnow_A_03
2.769299
-1.177083
-2.795482
-2213.892
439.1416
-2851.085
1.0
Obj_TreeConiferous_A_Snow_02
0
0
0
-1955.796
344.7841
-2075.371
1.0
Obj_Mineral_B_01
0.2652416
0.1904692
0.1350164
-2867.225
683.4941
-2794.418
1.0
Obj_Plant_HopBush_C_Snow_01
0.3480531
0.7870001
0.4909628
-2909.887
498.2957
-2446.359
0.865234
Obj_TreeConiferous_A_Snow_01
0
1.162434
0
-2291.564
424.4063
-2267.03
1.0
Obj_RockSetSnow_A_05
0
0
0
-2820.508
495.8148
-2357.58
1.0
Obj_Plant_HopBush_C_Snow_02
1.014579
1.306241
0.3187305
-2860.652
500.3569
-2508.036
1.0
Obj_RockSnow_A_01
0
0
0
-2202.598
444.9566
-2870.735
1.0
Obj_TreeConiferous_A_Snow_01
0
5.881756
0
-2834.474
452.2587
-2270.242
1.0
Obj_TreeWhiteBirch_A_02
0
0
0
-2670.653
488.1376
-2424.413
1.0
Obj_RockSetSnow_A_02
0
-0.7031854
0
-2062.289
363.4597
-2146.705
1.0
Obj_FireWoodBundle
0
0.5199998
0
-2396.826
386.3558
-1989.94
1.0
Obj_RockSnow_A_01
-1.329596
1.282214
-1.319615
-2721.545
458.0919
-2285.008
1.0
Obj_RockSetSnow_A_02
0
-2.323185
0
-2911.806
504.5068
-2424.838
0.8
Obj_Plant_HopBush_C_Snow_02
-0.07499128
0.7550514
-0.07876822
-2887.394
506.1137
-2335.69
1.0
Obj_RockSnow_A_01
-0.3238114
0.01816855
0.6943454
-2702.054
441.2487
-1972.38
1.0
Obj_RockSetSnow_A_02
-0.198581
0.1462669
0.1117226
-2160.069
432.5649
-2097.465
1.0
Enemy_Lizalfos_Senior
0
0
0
-2213.5
379.2224
-2716.5
1.0
Obj_RockSetSnow_A_02
0.1041526
-0.3883624
-0.412352
-2664.244
419.3138
-2469.08
1.0
Obj_Plant_HopBush_C_Snow_02
0.01486506
0.9815966
0.1109624
-2650.18
439.1862
-1921.871
0.951172
Area
0
0
0
-2666.108
483.939
-2397.77
50
Enemy_Lizalfos_Senior
0
-0.2799465
0
-2192.323
448.5884
-2892.804
1.0
Item_Mushroom_F
0.1829269
-0.03595601
0.3871548
-2361.438
328.0677
-2295.447
1.0
Obj_RockSetSnow_A_02
0.2341075
1.208555
0.2779138
-2856.029
449.0901
-2189.496
1.0
Obj_TreeConiferousDead_A_Snow_01
0
0
0
-2839.583
452.9629
-2198.71
1.0
Enemy_Lizalfos_Senior
0
0.14
0
-2158
378.9648
-2721
1.0
Enemy_Lizalfos_Ice
0
1.24
0
-2814.5
505.2122
-2445.5
1.0
BrokenSnowBall
-1.42
-0.06891821
0
-2197.315
449.2071
-2885.77
0.8
Obj_TreeConiferous_A_Snow_02
0
0
0
-1983.472
348.4153
-2050.27
1.0
Animal_Fox_B
0
0.32
0
-2612.233
447.2227
-2132.531
1.0
Obj_RockSetSnow_A_02
0.07799806
0.9106445
0.3884113
-2273.538
420.7428
-2068.47
1.0
EnvSeEmitPointBirdSubarctic
1.4729
1.255005
1.837524
-2297.383
427.9922
-2284.797
1.0
Enemy_Golem_Little_Ice
-3.053041
0.1641955
3.082079
-2628
469.4817
-2066.572
1.0
Obj_RockSetSnow_A_02
0
1.02
0
-2973.992
612.9456
-2866.757
1.0
Obj_TreeConiferous_A_Snow_01
0
0
0
-2888.119
525.0714
-2570.265
1.0
Obj_Plant_HopBush_C_Snow_02
-1.438443
1.182586
-1.222849
-2191.762
433.2581
-2084.746
1.0
Obj_Mineral_C_01
2.168162
0.8701156
1.667196
-2973.976
510.2593
-2588.098
1.0
Obj_RockSetSnow_A_05
2.636837
-0.9072154
-2.80978
-2657.72
450.7557
-2245.821
1.0
Item_Mushroom_F
0
-1.305664
0
-2414.551
464.6234
-2073.98
1.0
Obj_RockSetSnow_A_05
0
0
0
-2780.953
446.4398
-2195.158
1.0
FldObj_GerudoHighlandRock_C_05
-0.08747515
0.01420291
0.3217245
-2128.2
347.633
-2636.849
1.0
Obj_RockSnow_A_01
0
-0.8600001
0
-2805.042
496.8813
-2355.541
1.0
Obj_FireWoodBundle
0.3137853
-1.065465
-0.1917405
-2832.598
672.0358
-2897.723
1.0
Obj_RockSetSnow_A_02
0
0.78
0
-3055.922
574.686
-2776.143
1.0
Obj_Plant_HopBush_C_Snow_02
0.3341782
-0.02560883
0.151553
-2227.419
432.4375
-1988.377
1.0
Obj_RockSetSnow_A_03
4.590766E-10
0.6000002
-0.03999998
-2266.516
425.8903
-2292.15
1.0
Obj_Plant_HopBush_C_Snow_02
0.04659171
0.08717769
-0.02187433
-2791.002
504.6949
-2509.611
1.0
Obj_RockSetSnow_A_02
-1.460364
1.28912
-1.461607
-2350.531
326.8307
-2320.074
1.0
Obj_RockSetSnow_A_04
0
0
0
-2442.152
454.309
-2088.599
1.0
Obj_LiftRockWhite_Korok_A_01
0
2.38
0
-2465.653
620.903
-2768.274
1.0
Item_Mushroom_B
3.141479
-1.192993
3.141479
-2823.234
501.7743
-2475.168
1.0
Obj_Plant_HopBush_C_Snow_01
0.2408379
0.6688535
0.07960194
-2901.397
444.778
-2252.116
1.0
Item_Plant_E
0.1200108
0.006162217
-0.1024817
-2509.789
564.7443
-2631.664
1.0
Item_Plant_O
0.998535
0.9859619
-0.3861084
-2155.266
429.7383
-2382.59
1.0
FldObj_EnemyLookout_B_01
0
1.661593
0
-2658.137
484.9617
-2398.064
1.0
Obj_TreeConiferous_A_Snow_02
0
0
0
-2214.481
431.3323
-2114.783
1.0
Obj_TreeConiferous_A_Snow_02
0
3.055979
0
-2143.584
413.4052
-2133.494
1.0
Obj_TreeDead_A_Snow_01_Trunk
1.567448
-0.493644
2.942697
-2650.771
445.0146
-2074.381
1.0
Obj_TreeConiferousDead_A_Snow_01
0
0
0
-2216.558
454.3907
-2895.816
1.0
Obj_TreeBroadleafLow_Snow_A_01
0
0
0
-2083.685
358.7676
-2337.227
1.0
Enemy_Golem_Little_Ice
-2.902145
-1.229583
2.840318
-2622.332
468.1398
-2077.075
1.0
Obj_Plant_HopBush_C_Snow_01
0.04105451
0.2583354
0.05969803
-2071.332
389.8505
-2106.055
1.0
Obj_Plant_CypressLow_A_02
-0.1465707
1.030629
-0.1105851
-2939.781
376.0565
-2077.973
0.895508
Obj_RockSnow_A_01
-0.6451835
0.1677842
0.02418049
-2195.344
451.9229
-2051.567
1.0
Obj_RockSetSnow_A_02
0.64762
0.3650052
-0.05772928
-2179.348
433.9199
-1980.878
0.8
Obj_MineralBury_A_01
-2.884484
0.4272353
-2.519305
-2458.164
425.5969
-1989.872
1.0
Obj_RockSetSnow_A_03
0.6710075
1.086062
0.2598213
-2769.626
453.0362
-2555.916
1.0
Obj_Mineral_C_01
0.22
0
3.277883E-08
-2454.058
427.8447
-1945.536
1.0
EnvSeEmitPointBirdSubarctic
3.141479
0.2712402
3.141479
-2262.121
436.5703
-2084.93
1.0
Item_Mushroom_N
3.141479
0.07226562
3.141479
-2895.945
503.5125
-2434.926
1.0
Obj_RockSetSnow_A_05
0
-1.2
0
-2265.67
470.7989
-2830.52
1.0
Animal_Wolf_A
0
0.8599999
0
-2953.007
374.4853
-2013.395
1.0
BoxWater
0
0.8799986
0
-2804.349
497.7205
-2373.717
1.0
FldObj_EnemyLookout_B_01
0
-0.6199999
0
-2682.27
486.6875
-2415.541
1.0
BrokenSnowBall
0
0
0
-2551.35
364.7
-2447.42
0.3
Obj_MineralBury_A_01
2.683661
-0.193164
-2.344763
-2857.689
683.8748
-2782.765
1.0
Item_Plant_O
-2.774536
1.125977
2.521484
-2416.035
546.6563
-2719.109
1.0
Obj_TreeConiferous_A_Snow_01
0
5.689846
0
-2237.603
429.0528
-2069.195
1.0
Obj_RockSetSnow_A_05
0
1.96
0
-2980.898
528.335
-2715.796
1.0
Item_Plant_E
3.141479
0.7364501
3.141479
-2758.277
447.6739
-2519.188
1.0
Obj_RockSetSnow_A_02
-3.049644
1.159754
-3.041343
-2856.953
450.507
-2207.373
1.0
Obj_RockSetSnow_A_02
0
-1.9
0
-2915.704
509.2192
-2371.026
1.0
Obj_RockSetSnow_A_05
0
0
0
-2903.586
495.4961
-2476.037
1.0
Obj_RockSnow_A_01
-3.081985
-0.3536277
2.970939
-2734.9
455.4694
-2269.242
1.0
BrokenSnowBall
0
0
0
-2549.88
364.66
-2448.08
0.3
Obj_TreeConiferousDead_A_Snow_01
0
0
0
-2840.727
451.2605
-2253.259
1.0
Obj_TreeConiferous_A_Snow_01
0
2.59747
0
-2851.648
450.5582
-2246.133
1.0
Obj_RockSnow_A_01
0
-1.64
0
-2498.249
617.3218
-2727.523
1.0
Obj_RockSetSnow_A_02
-0.4379518
-0.03628232
-0.170688
-2063.675
367.7177
-2272.298
1.0
Item_Plant_O
0.9913329
0.427124
0.3491211
-2488.691
625.418
-2714.336
1.0
Obj_RockSnow_A_01
-0.6948794
0.3410239
0.1712454
-2787.99
420.1702
-2042.821
0.8
Obj_TreeDead_A_Snow_01
0
0
0
-2795.189
502.9342
-2474.179
1.0
BrokenSnowBall
0
0
0
-2550.83
364.48
-2449.09
0.3
Obj_TreeConiferous_A_Snow_01
0
0.8113035
0
-2242.527
468.269
-2845.336
1.0
Item_Plant_O
1.44165
-0.0279541
-0.06970215
-2618.168
606.5273
-2683.582
1.0
Obj_Plant_HopBush_C_Snow_02
-1.112274
-1.040235
1.424525
-2198.198
437.1661
-2071.01
1.0
Item_Mushroom_B
0
0.22229
0
-2804.25
451.5657
-2213.926
1.0
Obj_Plant_CypressLow_B_01
0.04543082
-0.3347112
0.03955047
-2853.398
499.4331
-2456.332
0.963379
Item_Mushroom_F
-0.1633938
-0.621577
0.4046636
-2273.28
421.7011
-2310.277
1.0
Obj_TreeConiferous_A_Snow_02
0
3.409954
0
-2875.272
505.0523
-2512.593
1.0
Obj_RockSetSnow_A_02
0.2018421
0.6301131
0.292087
-2755.715
437.2558
-2142.549
1.0
Item_Plant_E
3.141479
0.2270508
3.141479
-2247.879
412.4287
-2765.82
1.0
Obj_MineralBury_A_01
0.594905
-0.01664046
-1.092823
-2073.529
389.5672
-2533.396
1.0
Obj_Plant_HopBush_C_Snow_01
1.465848
1.210367
1.177087
-2216.272
438.195
-2000.665
1.0
Obj_RockSetSnow_A_03
0
-1.18
0
-2699.973
444.7146
-2213.627
1.0
Obj_RockSetSnow_A_05
2.462786
-1.484153
-2.523059
-2538.636
428.1309
-2095.33
1.0
Obj_TreeConiferous_A_Snow_01
0
3.450049
0
-2136.588
407.9784
-2145.2
1.0
