UnitConfigName/__text
Rotate/value/0
Rotate/value/1
Rotate/value/2
Translate/value/0
Translate/value/1
Translate/value/2
_Scale
FldObj_CliffOrange_A_01
2.854691
-0.7559918
-3.112351
-2353.869
439.5449
2422.7
1.0
LinkTagAnd
0
0
0
-2176
328.7228
2077
1.0
Area
0
-0.7853982
0
-2691.8
104.0109
2814.4
25
FldObj_CliffOrange_A_07
0
0.4199999
0
-2820.165
145.4651
2180.21
1.0
FldObj_CliffOrange_A_01_Far
3.286985E-08
-0.6399999
1.684062E-08
-2896.414
127.815
2311.568
1.0
LocationTag
0
0
0
-2110.145
545.5148
2616.955
1.0
Obj_PlantMelonGrass_A_01
0
-0.3214111
0
-2658.816
107.8522
2927.418
1.0
FldObj_CliffOrangeTop_A_02
0
-0.18
0
-2750.177
242.5502
2173.673
1.0
ActorObserverTag
0
1.658062
0
-2592.686
290.8724
2536.735
1.0
Area
0
0.5235988
0
-2301.836
511.6172
2434.32
2.75
FldObj_DownloadTerminalBody_A_01
0
-1.047198
0
-2306.836
530.182
2437.32
1.0
Npc_HiddenKorokGround
0
3.141593
0
-2019.698
375.7961
2884.231
1.0
LinkTagAnd
3.033684
-0.540462
-3.117162
-2358.274
478.6223
2554.507
1.0
Npc_HiddenKorokGround
0
-2.521592
0
-2305.082
486.2545
2561.364
1.0
FldObj_RuinStatueKnight_A_01
0
-1.570796
0
-2574.5
106
2813.5
1.0
FldObj_DesertRuinPillar_A_01_Far
0
2.925329
0
-2859.522
132.93
2787.867
1.0
FldObj_GerudoStonepit_A_02
0
-0.7231858
0
-2358.38
461.1546
2556.865
1.0
FldObj_GerudoStonepit_A_01
0
-2.44
0
-2633.786
177.395
2387.529
1.0
LinkTagPulse
-0.3390677
-0.05072949
-0.2942784
-2814.094
161.229
2247.664
0.25
ActorObserverTag
0
0
0
-2663.1
105.9952
2811.21
1.0
LinkTagAnd
0
0
0
-2603.736
339.0657
2126.613
1.0
LinkTagPulse
0
2.98
0
-2854.35
211.3986
2319.992
0.25
EventTag
0
0
0
-2060.156
625.665
2662.012
1.0
DgnObj_DungeonEntranceSP_Far
0
-0.7853982
0
-2688.6
104.0054
2811.2
1.0
LinkTagNAnd
0
0
0
-2669.66
106.1
2828.05
1.0
FldObj_RockOrangeBridgeBase_A_01
0
2.20374
0
-2753.53
266.059
2383.215
1.0
Enemy_Moriblin_Senior
0
2.501583
0
-2436.7
407.4864
2197.3
1.0
ActorObserverTag
0
0
0
-2703.5
105.5
2801
1.0
FldObj_CliffOrange_A_07_Far
2.461593
1.261593
3.141593
-2095.165
251.9828
2351.538
1.0
Item_Fruit_I
0
-0.8020025
0
-2338.42
357.7622
2199.549
1.0
FldObj_CliffOrange_A_01
0
0.6799999
0
-2880.907
150.6415
2277.397
1.0
FldObj_CliffOrange_A_07_Far
-3.018655
1.410872
-2.614244
-2276.162
342.5146
2322.138
1.0
LinkTagAnd
1.423481
-1.374415
-1.199783
-2133.653
474.5052
2559.102
1.0
FldObj_GerudoStonepit_A_02
0
2.803185
0
-2852.328
210.4815
2321.848
1.0
Obj_Plant_ChiliPepper_A_01
0
-2.619999
0
-2730.215
104.7357
2827.001
1.0
DgnObj_EntranceShutter_A_01
0
1.478408
0
-2807.18
172.0084
2300.435
1.0
LinkTagAnd
0
-1.570796
0
-2306.836
510
2448.32
1.0
LinkTagAnd
0
1.54
0
-2777.673
134.7378
2234.178
1.0
ActorObserverTag
0
0
0
-2802.821
134.5664
2246.538
1.0
LinkTagPulse
0
-2.7
0
-2299.604
353.4616
2850.447
0.25
FldObj_RockOrange_A_L_02
0
1.267778
0
-2293.584
390.704
2339.29
1.0
FldObj_CliffOrange_A_01
3.286985E-08
-0.6399999
1.684062E-08
-2896.414
127.815
2311.568
1.0
LinkTagAnd
0
0
0
-2548.679
194.0043
2038.102
2
FldObj_CliffOrange_A_02
0
-0.76
0
-2461.188
340.0607
2220.989
1.0
LinkTagOr
0
1.100003
0
-2853.136
212.9986
2319.707
1.0
LinkTagNAnd
0
0
0
-2664.94
106.7
2810.4
1.0
LinkTagAnd
-0.1087504
0.004445705
0.08163404
-2085.643
291.1673
2133.638
1.0
LinkTagPulse
0
0.9138113
0
-2059.274
307.6729
2419.307
0.25
LinkTagAnd
0
0
0
-2306.836
529.1757
2437.32
1.0
LinkTagOr
0
0
0
-2680.13
105.67
2786.93
1.0
LinkTagAnd
0
1.570796
0
-2306.836
498
2426.383
1.0
Area
0
0
0
-2671.556
141.9665
2219.043
50
FldObj_CliffOrangeWall_A_02_Far
0
0
0
-2204.697
389.1926
2666.55
1.0
FldObj_CliffOrange_A_07
0
-0.18
0.07999999
-2505.805
288.6072
2178.13
1.0
Enemy_Chuchu_Electric_Junior
0
-1.040414
0
-2599.865
280.1286
2264.88
1.0
FldObj_RockOrangeBridgeBase_A_01_Far
0
1.720001
0
-2058.183
198.9432
2102.445
1.0
AnchorAction1
0
0.2617994
0
-2800.515
134.895
2241.075
1.0
FldObj_RuinStatueKnightSword_A_01_Far
0
0.7853982
0
-2746.827
103.5
2757.885
1.0
LinkTagOr
0
0
0.02
-2906.135
128.8716
2319.325
1.0
FldObj_GerudoStonepit_A_01_Far
0
2.84
0
-2824.415
208.3126
2334.896
1.0
LinkTagAnd
0
0
0
-2626.615
172.4946
2751.206
2
Obj_BreakBoxIron
-3.763061E-05
-0.3399428
1.042796E-05
-2793.428
198.7641
2343.911
1.0
Enemy_Chuchu_Electric_Junior
0
-1.48
0
-2490.484
339.1258
2355.161
1.0
FldObj_KnightDollMini_03
0.7853982
0
0
-2691
104.3
2781.753
1.0
FldObj_KnightDollMini_04
0.7853982
-0.7853982
0
-2685.65
104.7
2790.17
1.0
FldObj_CliffOrangeWall_A_33
0
-0.18
0
-2153.375
323.1266
2329.028
1.0
FldObj_CliffOrange_A_01_Far
0
0.6799999
0
-2880.907
150.6415
2277.397
1.0
AnchorAction2
0
0.2617994
0
-2805.355
135.4614
2217.852
1.0
LinkTagAnd
0
0
0
-2810.03
137.4669
2239.816
1.0
FldObj_CliffOrange_A_07_Far
-0.5826323
-1.514422
0.3438754
-2446.416
333.6382
2493.547
1.0
FldObj_GerudoStonepit_A_01_Far
0
-0.4368144
0
-2336.763
452.0046
2554.302
1.0
FldObj_CliffOrangeMountain_A_04_Far
0
-3
0
-2159.519
238.7107
2064.479
1.0
FldObj_CliffOrange_A_07
-0.7846302
-1.017602
-0.05911862
-2067.671
317.4546
2904.759
1.0
LinkTagAnd
0
0
0
-2148.16
429.6607
2444.321
1.0
FldObj_GerudoStonepit_A_01
0
-3.103186
0
-2673.262
184.386
2403.867
1.0
FldObj_RuinStatueKnight_A_01
0
0
0
-2691
106
2697
1.0
SwitchTimeLag
-1.570796
0
0
-2005.402
374.843
2882.527
0.5
LinkTagAnd
-1.99172
-1.501919
2.075755
-2594.945
287.1765
2539.214
1.0
MusicianSpotBgmTag
0
0
0
-2145
471.5
2561
5
FldObj_KnightDollMini_07
-0.7853982
0
0
-2691
104.3
2845.261
1.0
FldObj_DesertRuinWall_A_01_Far
0
0
0
-2789.505
111.0481
2885.291
1.0
FldObj_CliffOrange_A_07_Far
-0.12
0.9999999
0
-2256.098
401.2753
2500.451
1.0
Obj_Plant_ChiliPepper_A_01
0
-0.7400001
0
-2812.355
135.1093
2212.719
1.0
Area
0
2.7
0
-2110.145
545.5148
2616.955
130
LinkTagAnd
0
0
0
-2144.037
526.343
2678.675
1.0
Enemy_Bokoblin_Middle
0
0.05998984
0
-2433.825
407.4112
2190.09
1.0
Area
0
0.3840391
0
-2103.928
305.4708
2297.191
0.7
FldObj_GerudoStonepit_A_01_Far
0
-2.44
0
-2633.786
177.395
2387.529
1.0
FldObj_MapTowerStairWood_A_01
0
2.603596
0
-2306.836
510
2437.32
1.0
DgnObj_EntranceShutterSP
0
-0.7853982
0
-2691.287
105.0056
2813.887
1.0
FldObj_GerudoStonepit_A_01_Far
0
2.24
0
-2716.333
152.4095
2368.545
1.0
EventTag
-1.466799
-1.517971
1.674789
-2058.801
624.9507
2663.372
1.0
Item_Fruit_I
0
-1.923598
0
-2810.694
136.1949
2212.175
1.0
FldObj_CliffOrangeWall_A_15
0
-0.46
0
-2804.075
157.917
2491.191
1.0
Npc_GerudoCanyonHatago001
0
0.5599999
0
-2799.542
135.4414
2232.403
1.0
FldObj_GateGerudoDesert_A_02
-2.258746
1.145878
2.993402
-2933.969
136.5663
2309.123
1.0
ActorObserverTag
0
0
0
-2668.49
106.11
2830.6
1.0
LocationTag
0
0
0
-2803.812
134.9514
2225.765
1.0
FldObj_CliffOrangeTop_A_01
0.03366982
0.6993264
0.0522786
-2552.065
282.8356
1957.456
1.0
LocationTag
0
0
0
-2691.1
51.5
2813.2
1.0
LinkTagOr
-1.570796
0
0
-2594.772
288.5385
2539.565
1.0
Area
0
0
0
-2145
471.5
2561
5
FldObj_CliffOrangeWall_A_33_Far
-3.082402
0.3974405
-2.989669
-2574.086
234.1575
2192.508
1.0
FldObj_KorokStartingBlock_A_01
0
-1.800004
0
-2603.736
337.6157
2126.613
1.0
ActorObserverTag
0
0
0
-2805.967
134.5636
2248.06
1.0
FldObj_CliffOrangeWall_A_02_Far
0
0
0
-2380.416
411.3911
2522.251
1.0
Npc_Musician_AoC_HeroGerudo
0
1.047198
0
-2146
471.2752
2560.5
1.0
FldObj_RockOrangePillar_A_02_Far
0
-0.7781572
0
-2298.642
308.7736
2849.842
0.963671
FldObj_CliffOrange_A_02
0
-1.7
0
-2564.786
236.1271
2115.571
1.0
LinkTagAnd
0
0
0
-2306.836
460.3195
2437.32
1.0
LinkTagAnd
0
0
0
-2132.426
423.4505
2459.83
1.0
FldObj_CliffOrange_A_01_Far
-0.1755066
1.339082
-0.08553226
-2145.149
303.1068
2095.084
1.0
FldObj_CliffOrange_A_02_Far
-0.09999999
-0.1800002
0
-2590.542
217.5885
2004.251
0.8
LinkTagAnd
0
-1.047198
0
-2308.75
530.1522
2437.785
0.5
FldObj_CliffOrange_A_07_Far
0
-0.1800001
0
-2274.411
246.666
2895.817
1.0
FldObj_CliffOrange_A_02
-0.09999999
1.12
0
-2040.535
436.8141
2707.875
1.0
LinkTagNone
0
0
0
-2787.234
215.9025
2344.906
1.0
FldObj_CliffOrange_A_01
-2.683552
-1.293846
2.613329
-2388.86
402.5605
2354.499
1.0
Enemy_Lizalfos_Junior
0
-2.2
0
-2176
328.7228
2077
1.0
ConstraintDummy
0
2.341599
0
-2342.172
356.5165
2198.327
1.0
FldObj_GerudoStonepit_A_02
0
1.56
0
-2355.937
459.2483
2446.318
1.0
Obj_BoardWood_Triangle_01
-2.869212
-1.227131
2.859623
-2132.5
420.4637
2460.102
1.0
FldObj_RockOrangeBridgeBase_A_01
0
-0.9378527
0
-2612.327
266.0589
2281.918
1.0
FldObj_CliffOrangeWall_A_02_Far
0
-1.88
0
-2310.707
407.3286
2558.12
1.0
Enemy_Chuchu_Electric_Senior
0
-1.49841
0
-2333.34
378.465
2229.974
1.0
FldObj_DesertRuinWall_A_01_Far
0
2.238809
0
-2831.727
132.5013
2946.293
1.0
FldObj_CliffOrangeWall_A_33_Far
0
1
0
-2069.171
324.4646
2455.844
1.0
Area
0
0
0
-2313.54
484.6914
2560.113
0.1
FldObj_StageGerdoFlagBase_A_01
0
-1.806371
0
-2577.664
336.6484
2132.96
1.0
LinkTagAnd
0
0.5235988
0
-2297.31
510
2431.82
1.0
LinkTagOr
0
2.341599
0
-2342.611
356.5165
2200.798
1.0
FldObj_CliffOrange_A_03
0
0.8800001
0
-2560.194
194.6909
1969.784
1.0
FldObj_CliffOrange_A_02_Far
0
-0.92
0
-2346.104
268.8069
2881.384
1.0
FldObj_CliffOrange_A_01_Far
0.08484118
1.095038
0.08630095
-2659.981
246.9442
2064.845
1.0
FldObj_RuinGuardianSand_A_Dynamic
-0.2744754
-1.27287
0.3841304
-2648.526
166.5792
2357.71
1.0
FldObj_CliffOrangeWall_A_15
0
-0.26
0
-2444.837
243.631
2662.039
1.0
AirOcta_Tag
-0.1209352
-0.7206675
0.0552198
-2148.16
429.6607
2444.321
1.0
FldObj_DesertRuinPillar_A_02_Far
0
-0.16
0
-2872.922
113.6854
2865.911
1.0
FldObj_RuinStatueKnight_A_01_Far
0
1.570796
0
-2807.5
106
2813.5
1.0
AnchorAction5
0
1.520002
0
-2811.234
134.8653
2242.66
1.0
LinkTagAnd
0
2.78159
0
-2264.044
359.4891
2163.556
1.0
FldObj_CliffOrangeWall_A_33_Far
-0.04886489
0.9002045
0.01346499
-2374.794
374.3912
2219.783
1.0
LinkTagNone
0
0
0
-2259.542
358.4554
2224.756
1.0
LinkTagAnd
0
0
0
-2671.12
106
2830.91
1.0
Enemy_Chuchu_Electric_Middle
0
0.1456062
0
-2345.474
376.0314
2218.901
1.0
FldObj_KnightDollMini_02
0.3179967
-0.8216904
-2.786473
-2748
113.6
2764.7
1.0
FldObj_ChainEyeBolt_A_01
0
1.570796
-3.141593
-2263.723
360.7547
2162.794
1.0
LinkTagAnd
0
-0.5235988
0
-2297.349
498
2442.875
1.0
FldObj_KnightDollMini_06
0.7161894
0.3898012
-0.4186932
-2710.482
104.64
2825.223
1.0
Area
3.141591
-0.01840761
-3.031164
-2685.824
206.9505
2929.656
3
LinkTagAnd
0
0
0
-2688.28
105.9951
2842.05
1.0
Enemy_AirOctarock
-0.09597901
-0.3305025
0.006428884
-2136.232
422.7062
2465.77
1.0
Area
0
1.658062
0
-2592.74
289.1224
2536.689
0.1
Area
0
-1.065398
0
-2924.118
153.4176
2329.39
1.0
EnemyFortressMgrTag
0
-0.14
0
-2338
377.0593
2221.5
1.0
FldObj_GerudoStonepit_A_02_Far
0
1.801593
0
-2635.327
183.0972
2385.771
1.0
LinkTagNAnd
0
0
0
-2713.61
106.26
2796.85
1.0
FldObj_RockOrangeBridgeBase_A_01_Far
0
1.140001
0
-2119.622
284.2439
2116.185
1.0
Item_Fruit_I
0
2.663392
0
-2812.586
136.0593
2212.719
1.0
LinkTagOr
0
0
0
-2687.95
105.995
2777.97
1.0
Npc_HiddenKorokFly
0
1.361592
0
-2697.263
270.8433
2105.062
1.0
LinkTagNAnd
0
0.7000001
0
-2328.251
379.3134
2228.136
1.0
Kibako_Contain_01
-4.054716E-05
-0.339949
9.849462E-06
-2803.687
238.2643
2340.286
1.0
FldObj_GerudoStonepit_A_01
0
2.883185
0
-2705.359
223.9127
2437.662
1.0
ConstraintDummy
0
0
0
-2711.69
123.09
2835.46
1.0
FldObj_CliffOrange_A_01
0
0.36
0
-2934.86
145.9072
2288.483
1.0
LinkTagOr
0
-0.3214111
0
-2657.28
107.8522
2928.435
1.0
FldObj_CliffOrange_A_01
-0.302787
0.1337087
-0.04162121
-2115.647
383.0012
2767.578
1.0
FldObj_KorokStone_A_01
0
0
0
-2313.24
484.4414
2559.813
1.0
Item_Fruit_I
0
1.741594
0
-2810.591
135.9649
2211.795
1.0
FldObj_CliffOrangeWall_A_33_Far
-2.967954
1.440056
-3.007863
-2284.304
326.5456
2083.093
1.0
Item_Fruit_F
-0.6866156
-0.149124
-1.659834
-2944.479
138.1069
2314.823
1.0
FldObj_CliffOrangeWall_A_33
-0.04886489
0.9002045
0.01346499
-2374.794
374.3912
2219.783
1.0
AnchorAction2
0
0.1035997
0
-2800.635
135.4414
2219.959
1.0
FldObj_CliffOrangeWall_A_03_Far
0
0
0
-2150.898
315.287
2276.209
1.0
ConstraintDummy
0
0
0
-2263.723
360.9672
2162.794
0.1
LinkTagAnd
-0.6056248
0.7374268
-1.511424
-2166.872
337.3488
2080.263
1.0
FldObj_CliffOrangeWall_A_19
0
-0.05999983
0
-2460.618
335.1239
2453.952
1.0
Obj_BoxIron_A_M_01
-0.0002971468
-0.3636764
-7.057827E-05
-2800.94
238.263
2337.524
1.0
Obj_GerdoElevatorStep_A
0
2.792527
0
-2793.574
198.7143
2341.467
1.0
FldObj_CliffOrange_A_01
0
-2.16
0
-2612.543
149.7833
2198.472
1.0
TBox_Field_Wood
0
-3.043185
0
-2132.5
421
2460
1.0
Area
0
0.3200001
0
-2066.654
288.7696
2397.045
1.7
FldObj_CliffOrangeWall_A_02
0
-0.3199998
0
-2860.677
194.2065
2366.842
1.0
FldObj_RockOrange_A_L_02
0
-2.635407
0
-2439.271
370.3993
2179.339
1.029838
FldObj_GerudoStonepit_A_01
0
2.76
0
-2825.536
183.8907
2322.445
1.0
FldObj_RuinStatueKnightSword_A_01_Far
0
1.570796
0
-2768.675
103.5
2813.304
1.0
FldObj_GerudoStonepit_A_02_Far
0
2.803185
0
-2852.328
210.4815
2321.848
1.0
FldObj_MapTowerStairWood_A_01
0
-0.5235988
0
-2306.875
498
2437.375
1.0
ActorObserverTag
0
0
0
-2005.652
372.843
2882.277
1.0
FldObj_GerudoStonepit_A_01
0
-3
0
-2643.762
222.0845
2436.958
1.0
FldObj_CliffOrange_A_02
0
-0.36
0
-2587.615
244.3769
2285.144
1.0
LinkTagNAnd
0
0
0
-2687.95
106.32
2840.01
1.0
FldObj_CliffOrange_A_07_Far
0
-2.12
0
-2190.302
354.936
2594.81
1.0
Npc_HiddenKorokGround
0
1.097306
0
-2167.784
336.4488
2082.042
1.0
LinkTagAnd
0
0
0
-2110.145
545.5148
2616.955
1.0
FldObj_RockOrange_A_L_02
0
-2.041592
0
-2805.353
127.0971
2971.121
1.0
Area
0
-1.047198
0
-2312.358
519.1946
2440.454
2
FldObj_GateGerudoDesert_A_01_Far
0
2.181662
0
-2903.58
148.2318
2311.839
1.0
FldObj_KorokGoal_A_01
0
-1.78
0
-2697.263
268.8433
2105.062
1.0
FldObj_GerudoStonepit_A_02_Far
0
-2.583186
0
-2384.575
461.9593
2500.65
1.0
FldObj_CliffOrange_A_07_Far
3.022198
-1.213239
-3.118526
-2431.063
332.1631
2382.599
1.0
FldObj_CliffOrange_A_07
0
-2.12
0
-2190.302
354.936
2594.81
1.0
FldObj_RockOrange_A_L_01
0
-0.9368156
0
-2662.819
142.5827
2227.128
1.0
LinkTagAnd
0
-0.7853982
0
-2691.992
105.0054
2814.824
1.0
FldObj_KorokTarget_A_01
0
0
0
-2207.692
433.1688
2550.621
1.0
LocationTag
0
0
0
-2924.118
153.4176
2329.39
1.0
LinkTagOr
0
0.9138113
0
-2059.579
309.2729
2419.703
1.0
FldObj_CliffOrange_A_07
0
-0.42
0
-2172.562
248.9004
2923.641
1.0
LinkTagAnd
0
0
0
-2691.428
105.0056
2816.857
1.0
FldObj_CliffOrange_A_01_Far
-0.4357627
-1.052743
-0.1015323
-2090.773
348.9796
2821.365
1.091932
Area
0
-0.7853982
0
-2688.6
104.0054
2811.2
40
Area
0
-1.047198
0
-2306.862
519.2102
2431.02
2
FldObj_CliffOrangeWall_A_33
-2.967954
1.440056
-3.007863
-2284.304
326.5456
2083.093
1.0
LinkTagOr
0
0
0
-2145
524.5
2561
1.0
FldObj_RuinStatueKnightSword_A_01
0
-0.7853982
0
-2635.484
103.5
2758.189
1.0
Obj_LiftRockGerudo_A_01
2.75821
-0.5103748
-2.978666
-2358.783
476.0242
2554.524
1.0
FldObj_RockOrange_A_L_02_Far
0
-2.16
0
-2470.261
336.3387
2173.844
1.0
EventTag
0
-0.7853982
0
-2688.6
104.0054
2811.2
1.0
ChangeWeatherTag
0
0
0
-2904.23
128.872
2322.221
1.0
LookTag
0
-2.965191
0
-2323.225
386.0908
2231.49
1.0
ActorObserverTag
0
0
0
-2693.59
106.93
2785.41
1.0
LinkTagOr
-0.113893
-0.4606152
-0.06862181
-2308.425
355.5387
2186.055
1.0
LinkTagNAnd
0
0
0
-2674.67
106.5
2791.9
1.0
FldObj_CliffOrangeWall_A_19
0.1378422
1.15715
0.1029568
-2642.277
249.3015
2497.931
1.0
FldObj_CliffOrangeMountain_A_04
0
-3
0
-2159.519
238.7107
2064.479
1.0
LinkTagAnd
0.03176432
-0.0006504756
0.04094685
-2019.234
191.2161
2186.722
1.0
Area
0
1.478408
0
-2809.732
169.4053
2303.694
25
LinkTagAnd
0
0
0
-2693.56
105.9945
2777.79
1.0
LinkTagNAnd
0
0
0
-2695.12
107.43
2786.93
1.0
Item_Fruit_I
0
2.863189
0
-2338.717
357.5322
2199.292
1.0
LinkTagOr
0
-2.579998
0
-2299.123
355.0616
2850.287
1.0
FldObj_GerudoStonepit_A_02
0
2.261593
0
-2734.199
192.973
2361.386
1.0
Enemy_Chuchu_Electric_Middle
0
2.283185
0
-2639.635
213.1583
2412.455
1.0
ShelterFromRainTag
0
-1.9
0
-2657.104
142.1705
2227.257
1.0
LinkTagOr
0
0
0
-2729.47
105.9952
2810.12
1.0
LinkTagOr
0
0
0
-2103.967
306.0208
2300.097
1.0
FldObj_CliffOrange_A_02
-0.7474209
0.004688083
-0.1717928
-2126.419
359.4465
2795.987
1.0
Enemy_AirOctarock
-1.558421
1.480019
-1.583173
-2124.537
424.0479
2443.978
1.0
Item_Fruit_I
0
0.7833928
0
-2730.145
105.6857
2826.781
1.0
FldObj_KnightDollMini_04
-0.3677243
-0.2829103
-0.627048
-2693
104.6516
2839.1
1.0
FldObj_CliffOrangeTop_A_01_Far
0.03366982
0.6993264
0.0522786
-2552.065
282.8356
1957.456
1.0
LinkTagAnd
0
0
0
-2688.4
105.9944
2851.07
1.0
LinkTagAnd
0
2.26
0
-2259.223
359.9554
2225.142
1.0
FldObj_CliffOrange_A_03_Far
0
1.781593
0
-2066.418
171.3521
2167.458
1.0
Obj_GerdoElevatorFrame_A_01_Far
0
2.792527
0
-2797.427
197.5034
2340.064
1.0
LinkTagAnd
0
0
0
-2731.66
105.996
2818.06
1.0
NPC_oasis004_fr04
0
0.84
0
-2815.035
134.8653
2243.292
1.0
FldObj_CliffOrange_A_07
-0.12
0.9999999
0
-2256.098
401.2753
2500.451
1.0
LinkTagAnd
0
0
0
-2124.537
424.0479
2443.978
1.0
ForceSetPosDirAutoSaveAnchor
0
-1.663185
0
-2804.136
172.0082
2300.817
1.0
Area
0
1.658062
0
-2592.688
289.7224
2537.287
0.1
FldObj_RockOrangeBridgeBase_A_01_Far
0
2.20374
0
-2753.53
266.059
2383.215
1.0
FldObj_CliffOrange_A_03_Far
0
0.9599999
0
-2631.123
182.0427
2033.213
1.0
FldObj_MapTowerStairWood_A_01
0
-2.617994
0
-2306.836
498
2437.32
1.0
FldObj_RockOrangeBridge_A_01
-0.2027289
-1.191858
0.2177408
-2401.616
413.5832
2253.231
1.0
LinkTagAnd
0
0
0
-2306.836
530.1819
2437.32
1.0
LinkTagAnd
0
0
0
-2693.59
106.93
2785.41
1.0
LinkTagAnd
0
0
0
-2132.517
422.9229
2442.495
1.0
LinkTagAnd
0
0
0
-2208.192
434.6688
2550.621
1.0
Obj_BoardWood_Triangle_01
-0.09076985
-0.00112191
-0.02470166
-2131.331
422.4434
2442.448
1.0
FldObj_CliffOrange_A_01_Far
3.101642
-0.4828694
3.102348
-2862.057
148.8407
2319.442
1.0
FldObj_CliffOrangeWall_A_33
-0.5333852
1.321496
-0.5065965
-2698.573
163.2507
2987.194
1.0
Enemy_Chuchu_Electric_Junior
0
2.283185
0
-2635.713
213.1051
2416.995
1.0
FldObj_CliffOrangeWall_A_19
0.03428116
0.6798383
-0.01617074
-2738.893
247.8079
2456.219
1.0
FldObj_CliffOrange_A_02_Far
0
-0.8000002
0
-2966.58
186.5909
2260.839
1.0
EnemyLookTag
0
1.560001
0
-2280.541
431.7511
2336.22
1.0
LinkTagNOr
0
0
0
-2146.5
481
2560.5
1.0
Area
0
2.26
0
-2255.703
353.7834
2221.102
2.5
LinkTagAnd
0
-1.570796
0
-2306.836
510
2448.32
1.0
Npc_HiddenKorokGround
0
2.310972E-08
0
-2815.311
160.7108
2247.913
1.0
LinkTagAnd
0
0
0
-2711.6
106
2794.61
1.0
FldObj_FallingRock_A_03
0.1579408
0.0138158
-0.1741464
-2106.882
297.6405
2118.038
1.0
FldObj_CliffOrange_A_01
0.08484118
1.095038
0.08630095
-2659.981
246.9442
2064.845
1.0
LinkTagAnd
0
0
0
-2717.47
106.5
2819.2
1.0
LinkTagOr
0
-2.821593
0
-2067.129
291.3196
2397.202
1.0
LinkTagAnd
0
1.54
0
-2780.376
134.7354
2236.178
1.0
LinkTagAnd
0
0
0
-2130.351
422.0126
2450.67
1.0
ShelterFromRainTag
0
0
0
-2796.191
135.4323
2231.908
1.0
TBox_Field_Enemy
0
-2.441592
0
-2322.914
384.3308
2233.236
1.0
FldObj_RockOrange_A_L_02
0
1.807778
0
-2294.732
372.7274
2281.856
1.0
LinkTagAnd
0
0
0
-2134.311
421.5699
2453.813
1.0
LinkTagAnd
0
0
0
-2669.7
106
2831.22
1.0
LinkTagAnd
0
1.478408
0
-2805.128
172.0082
2302.132
0.3
Area
0
0
0
-2714
103.2
2790.4
0.6
LinkTagAnd
0
-2.579998
0
-2298.277
355.0616
2849.754
1.0
LinkTagOr
0
0
0
-2303.066
490.295
2553.732
1.0
FldObj_RockOrangeBridge_A_01_Far
-0.04731408
-0.6669659
0.07639328
-2207.278
465.8072
2548.732
1.0
Item_Fruit_I
0
2.341599
0
-2340.945
357.3965
2199.633
1.0
LinkTagOr
0.03176432
-0.0006504756
0.04094685
-2018.235
191.2571
2186.722
1.0
LinkTagAnd
0
1.54
0
-2777.225
134.7407
2232.044
1.0
LinkTagNAnd
0
0
0
-2058.679
627.0601
2661.028
1.0
LinkTagOr
0.1904745
-0.08804855
0.0162788
-2203.823
356.0577
2260.56
1.0
HorsePlacmentAnchor
0
1.1036
0
-2792.386
134.8296
2237.688
1.0
FldObj_CliffOrangeWall_A_33
-3.082402
0.3974405
-2.989669
-2574.086
234.1575
2192.508
1.0
Npc_HiddenKorokGround
0
2.78159
0
-2264.512
356.9891
2163.38
1.0
Obj_LiftRockGerudo_A_01
0.2115253
1.077954
0.287471
-2167.784
336.3488
2082.042
1.0
LinkTagAnd
0
0
0
-2701.9
100.8
2824.4
1.0
EventTag
0
-2.441592
0
-2333.632
399.2751
2234.214
1.0
Area
1.590797
0
1.570796
-2957.362
135.3779
2348.378
1.0
AnchorAction1
0
3.119712
0
-2811.373
134.8809
2241.497
1.0
DgnObj_WarpPoint_A_01
0
1.478408
0
-2801.808
171.9712
2300.933
1.0
FldObj_CliffOrange_A_01
3.101642
-0.4828694
3.102348
-2862.057
148.8407
2319.442
1.0
FldObj_DesertRuinWall_A_01_Far
0
-1.765467
0
-2870.189
157.72
2825.575
1.0
LinkTagAnd
0
0
0
-2689.08
106
2840.85
1.0
LinkTagAnd
0
0
0
-2581.915
160.4149
2039.622
1.0
Area
0
0
0
-2805.656
134.5134
2247.821
2.719016
LinkTagAnd
0
0
0
-2718.88
105.9946
2789.38
1.0
LinkTagAnd
0
0.9138113
0
-2060.19
309.2729
2420.495
1.0
BattleBgmRequestFinishTag
0
0.7000001
0
-2319.04
399.2488
2220.62
1.0
FldObj_KnightDollMini_03
0.7853982
0
0
-2691
104.3
2781.753
1.0
Item_Fruit_I
0
-2.879793
0
-2342.112
357.4082
2199.714
1.0
FldObj_CliffOrange_A_02
0
1.08
0
-2869.31
197.7838
2231.3
1.0
FldObj_CliffOrange_A_01
8.104923E-07
1.42
1.003251E-06
-1968.765
308.319
2532.313
1.0
ShelterFromRainTag
0
0
0
-2544.972
159.4187
2048.428
1.0
FldObj_GerudoStonepit_A_02_Far
0
-0.34
0
-2756.655
182.0485
2365.97
1.0
AnchorAction2
0
-1.999997
0
-2809.326
134.8653
2240.741
1.0
FldObj_CliffOrange_A_03
-0.16
1.24
0
-2674.646
177.5188
2121.963
1.0
FldObj_CliffOrange_A_07
-3.018655
1.410872
-2.614244
-2276.162
342.5146
2322.138
1.0
FldObj_StageGerdoFlagBase_A_01
0
-3.089233
0
-2261.768
325.383
2026.405
1.0
Enemy_Moriblin_Middle
0
-1
0
-2559.4
305.5258
2275.8
1.0
ConstraintDummy
0
1.741594
0
-2810.866
135.0849
2210.024
1.0
FldObj_FallingRock_A_02
-0.2448667
0.3311234
-0.2667765
-2083.905
248.3539
2105.789
1.2
FldObj_DLC_FlyShield_Wood_A_02
-2.953811
-0.1539751
2.786772
-2140.868
425.1295
2442.616
1.0
Obj_KorokPot_A_01
0
0
0
-2263.723
359.2172
2162.794
1.0
FldObj_CliffOrangeWall_A_34
0
3.123185
0
-2950.98
228.1078
2173.819
1.0
FldObj_CliffOrange_A_07
2.461593
1.261593
3.141593
-2095.165
251.9828
2351.538
1.0
SitRemainsElec
0
2.760001
0
-2110.354
475.625
2625.581
1.0
FldObj_CliffOrangeTop_A_02
-0.03540432
1.546184
0.5943521
-2018.245
407.7218
2622.582
1.0
LinkTagAnd
0
0
0
-2717.74
108.18
2815.7
1.0
FldObj_CliffOrangeMountain_A_02
0
-0.09999999
0
-2911.803
191.1071
2226.115
1.0
DgnObj_DungeonEntrance_A_01_Far
0
1.478408
0
-2810.964
171.0082
2300.084
1.0
LinkTagAnd
1.37613
-1.393265
-1.189143
-2129.891
474.5896
2559.645
1.0
FldObj_CliffOrangeMountain_A_01
0
0
0
-2789.821
224.1914
2404.017
1.0
FldObj_CliffOrange_A_03
-0.7339361
-0.7162843
0.004601477
-2196.585
359.944
2757.794
1.0
LinkTagOr
0
1.741594
0
-2812.624
135.0849
2211.816
1.0
FldObj_GerudoStonepit_A_01
0
2.403186
0
-2347.463
460.364
2515.423
1.0
LinkTagAnd
0
0
0
-2154.594
428.3923
2443.788
1.0
FldObj_MapTowerStairWood_A_01_Far
0
1.570796
0
-2306.836
498
2437.383
1.0
FldObj_MapTowerStairWood_A_01
0
-1.570796
0
-2306.836
510
2437.32
1.0
DgnObj_DungeonEntrance_A_01
0
1.478408
0
-2810.964
171.0082
2300.084
1.0
Area
0
0
0
-2005.703
371.693
2882.227
0.1
FldObj_CliffOrange_A_07
3.022198
-1.213239
-3.118526
-2431.063
332.1631
2382.599
1.0
LinkTagAnd
0
0
0
-2592.415
292.8724
2536.962
1.0
FldObj_GerudoStonepit_A_01
0
1.483186
0
-2367.935
459.3171
2477.367
1.0
FldObj_DesertRuinWall_A_01
0
1.37881
0
-2855.598
157.72
2750.518
1.0
FldObj_MapTowerStairWood_A_01
0
1.570796
0
-2306.836
498
2437.383
1.0
LinkTagAnd
0
-1.047198
0
-2308.324
530.1819
2434.742
0.5
Enemy_Moriblin_Middle
0
2.881593
0
-2780.103
265.2496
2383.91
1.0
EnemyLookTag
0
-1
0
-2562.8
308.2
2277.6
1.0
Area
0
0.5800009
0
-2803.812
134.9514
2225.765
40
LinkTagAnd
0
0
0
-2059.655
627.0601
2661.028
1.0
FldObj_CliffOrange_A_07_Far
0
0.4199999
0
-2804.384
184.5979
2165.718
1.0
Item_Fruit_I
0
-2.879793
0
-2751.188
106.8358
2827.359
1.0
LinkTagAnd
0.08580876
0.005994031
-0.1393953
-2775.17
169.6936
2304.217
1.0
FldObj_CliffOrange_A_07_Far
2.774372
-1.245495
-3.05988
-2390.601
368.6953
2473.382
1.0
LocationTag
0
0
0
-2775.17
169.6936
2304.217
1.0
AnchorAction3
0
0
0
-2805.482
135.4414
2227.803
1.0
FldObj_RockOrange_A_L_02
-2.333668
1.378739
-2.319077
-2356.91
382.0868
2313.436
1.0
LinkTagAnd
0
0
0
-2669.61
106.1
2826.96
1.0
LinkTagAnd
0
0.7000001
0
-2320.537
379.2908
2223.378
1.0
FldObj_RockOrangePillar_A_02
-0.03540449
-0.7568115
-0.02989103
-2826.297
211.4022
2429.927
0.963671
FldObj_RockOrange_A_L_01_Far
0
-0.9368156
0
-2662.819
142.5827
2227.128
1.0
FldObj_MapTower_A_01
0
-1.047198
0
-2306.836
456
2437.32
1.0
FldObj_GerudoStonepit_A_01_Far
0
2.883185
0
-2705.359
223.9127
2437.662
1.0
FldObj_RuinStatueKnightSword_A_01
0
-3.141593
0
-2691.235
103.5
2891.238
1.0
EventTag
0
-1.047198
0
-2306.836
530.182
2437.32
1.0
LinkTagAnd
0
0.7000001
0
-2323.78
379.2823
2224.99
1.0
Area
0
0
0
-2005.103
371.093
2882.227
0.1
FldObj_CliffOrangeWall_A_02
0
0
0
-2204.697
389.1926
2666.55
1.0
FldObj_KnightDollMini_05
0.3254268
-0.2151082
-0.53356
-2636.1
107
2761.8
1.0
FldObj_KnightDollMini_02
0.6143559
-0.5235988
-0.9546951
-2714.092
104.3
2790.422
1.0
FldObj_CliffOrangeWall_A_34_Far
0.02
0
0.04
-2172.261
323.06
2143.671
1.0
Area
-2.308014
-0.8133242
2.153981
-2083.207
546.7825
2561.845
1.0
Area
0
1.100003
0
-2853.363
211.3987
2320.153
3
FldObj_CliffOrangeWall_A_19_Far
0
-0.5199999
0
-2502.195
310.9232
2445.346
1.0
LinkTagAnd
0
0
0
-2664.19
105.9944
2836.88
1.0
Enemy_Moriblin_Senior
0
-0.14
0
-2337.302
376.7458
2216.549
1.0
LinkTagAnd
0
0
0
-2775.17
169.6936
2304.217
1.0
DgnObj_WarpPointSP
0
-0.7853982
0
-2695.102
104.9684
2817.702
1.0
FldObj_CliffOrange_A_01_Far
0
-2.779999
0
-2821.404
149.1071
2291.275
1.0
LinkTagNone
0
0
0
-2084.166
246.4143
2106.559
1.0
LinkTagOr
0
2.863189
0
-2339.581
356.6522
2201.132
1.0
FldObj_GateGerudoDesert_A_01
0
-1.038338
0
-2548.998
159.6068
2041.823
1.0
Area
0
0
0
-2691.1
51.5
2813.2
127
FldObj_CliffOrange_A_03
0
-1.24
0
-2174.896
393.1401
2678.568
1.0
ActorObserverTag
0
0
0
-2313.49
486.4414
2559.563
1.0
FldObj_RuinStatueKnightSword_A_01_Far
0
-3.141593
0
-2691.235
103.5
2891.238
1.0
FldObj_GerudoStonepit_A_01_Far
0
2.763186
0
-2773.23
200.9165
2352.362
1.0
Enemy_Moriblin_Middle
0
1.954395
0
-2342.637
376.8791
2223.371
1.0
ConstraintDummy
0
2.863189
0
-2340.433
356.6522
2198.771
1.0
FldObj_CliffOrange_A_07_Far
2.745047
0.5946685
3.04106
-2040.896
331.08
2558.529
1.0
FldObj_CliffOrange_A_01
0
-1.38
0
-2501.87
176.3192
2881.026
1.0
FldObj_CliffOrange_A_07_Far
0
-1.58
0
-2353.281
248.2442
2797.788
1.0
FldObj_CliffOrange_A_07
-0.1091248
1.060913
0.034233
-2244.325
348.9644
2501.051
1.094864
LinkTagAnd
0
0
0
-2775.17
169.6936
2304.217
1.0
Npc_HiddenKorokGround
0
2.26
0
-2259.542
357.4554
2224.756
1.0
LinkTagOr
0
-1.78
0
-2698.094
270.8433
2108.974
1.0
FldObj_RockOrange_A_L_02_Far
0
1.267778
0
-2293.584
390.704
2339.29
1.0
FldObj_DesertRuinWall_A_01_Far
2.399333
-1.343938
-2.751292
-2824.095
132.2782
2745.876
1.0
FldObj_CliffOrange_A_02_Far
-0.09999999
1.12
0
-2040.535
436.8141
2707.875
1.0
FldObj_RuinStatueKnightSword_A_01
0
1.570796
0
-2613.095
103.5
2813.4
1.0
LinkTagOr
0
-1.78
0
-2696.744
268.8433
2102.616
1.0
FldObj_CliffOrangeWall_A_02_Far
0
-1.46
0
-2385.077
410.6099
2464.11
1.0
Npc_HiddenKorokGround
0
-2.6
0
-2358.78
476.1237
2554.533
1.0
LinkTagAnd
0
0
0
-2313.24
487.4414
2559.813
1.0
LinkTagAnd
0
2.603596
0
-2316.282
510
2431.684
1.0
DgnObj_DungeonEntranceSP
0
-0.7853982
0
-2688.6
104.0054
2811.2
1.0
ActorObserverTag
0
1.658062
0
-2592.642
290.8724
2537.233
1.0
ActorObserverTag
0
0
0
-2691
105.5
2830.5
1.0
FldObj_CliffOrange_A_02
0
-0.8000002
0
-2966.58
186.5909
2260.839
1.0
FldObj_CliffOrangeWall_A_02
0
0
0
-2380.416
411.3911
2522.251
1.0
FldObj_DesertRuinWall_A_01
0
0
0
-2789.505
111.0481
2885.291
1.0
LinkTagAnd
0
0
0
-2132.5
421
2460
1.0
Area
0
0
0
-2312.94
485.2914
2560.113
0.1
Npc_HiddenKorokFly
0
0
0
-2207.692
432.1688
2550.621
1.0
FldObj_CliffOrange_A_01_Far
2.854691
-0.7559918
-3.112351
-2353.869
439.5449
2422.7
1.0
LinkTagAnd
-0.3390677
-0.05072949
-0.2942784
-2815.064
163.0998
2247.057
1.0
AnchorAction1_Rain
0
0.6399999
0
-2795.656
134.9124
2237.237
1.0
LinkTagAnd
-3.116944
-0.4984018
-2.063693
-2360.467
476.9775
2555.646
1.0
FldObj_GerudoStonepit_A_01_Far
0
2.62
0
-2704.473
187.4485
2399.724
1.0
SwitchTimeLag
-1.570796
0
0
-2313.24
488.4414
2559.813
0.5
FldObj_CliffOrange_A_02
0
-0.09999993
0
-2749.58
196.2743
2197.156
1.0
FldObj_CliffOrange_A_02
-0.09999999
-0.1800002
0
-2590.542
217.5885
2004.251
0.8
LinkTagAnd
0
0
0
-2674.17
106.42
2791.27
1.0
FldObj_CliffOrangeTop_A_02
0.06997613
0.7171984
0.1062365
-2614.502
275.0538
2006.544
1.0
KorokAnswerResponce
0
0.3200001
0
-2068.558
286.8196
2400.836
1.0
FldObj_CliffOrangeWall_A_02
0
-1.46
0
-2385.077
410.6099
2464.11
1.0
FldObj_CliffOrange_A_01_Far
-0.3451044
-1.249967
0.08273952
-2392.147
408.4427
2399.712
1.0
TreasureSpot_00
-0.3287312
-1.267783
0.4342449
-2648.704
168.052
2357.569
1.0
NPC_oasis004_fr01
0
1.460002
0
-2812.643
134.8653
2239.141
1.0
LinkTagAnd
0
0
0
-2662.41
105.9942
2788.19
1.0
FldObj_CliffOrangeWall_A_15_Far
0.02912613
-0.2588401
-0.02234861
-2662.587
142.2733
2612.974
1.0
FldObj_RuinStatueKnight_A_01
0
0.7853982
0
-2774
106
2730.5
1.0
ConstraintDummy
0
2.792527
0
-2796.401
219.1284
2337.245
1.0
SwitchTimeLag
1.570796
1.48353
3.141593
-2592.415
292.8724
2536.962
0.5
FldObj_GerudoStonepit_A_01_Far
0
-3.103186
0
-2673.262
184.386
2403.867
1.0
LinkTagAnd
0
0
0
-2148.234
426.674
2444.593
1.0
LinkTagNAnd
0
0
0
-2670.31
106.11
2829.49
1.0
LinkTagAnd
0
3.141593
0
-2019.198
378.2961
2884.231
1.0
AnchorAction3
0
0
0
-2811.322
134.8653
2238.575
1.0
LinkTagAnd
0
0
0
-2713.92
106.69
2796.06
1.0
LinkTagAnd
0
-1.047198
0
-2285.147
456
2468.843
1.0
FldObj_RockOrange_A_L_02_Far
-2.333668
1.378739
-2.319077
-2356.91
382.0868
2313.436
1.0
FldObj_CliffOrange_A_07_Far
-0.05999999
1.52
0
-2034.689
415.1801
2624.836
1.0
AnchorAction2
0
2.4
0
-2805.705
134.7409
2249.347
1.0
FldObj_CliffOrange_A_07
0
-1.38
0
-2122.9
254.1348
2970.922
1.0
FldObj_KnightDollMini_07
-0.7853982
0
0
-2691
104.3
2845.261
1.0
FldObj_CliffOrange_A_03
-0.5812929
-1.390066
0.5888532
-2549.572
225.0791
2315.427
1.0
LinkTagAnd
0
0
0
-2147
479.5
2561
1.0
FldObj_CliffOrange_A_03_Far
-0.16
1.24
0
-2674.646
177.5188
2121.963
1.0
FldObj_CliffOrangeTop_A_02
0.2456037
-1.505955
-1.090435
-2370.505
251.1645
2774.486
1.033789
FldObj_RockOrangeBridgeBase_A_01
0
1.140001
0
-2119.622
284.2439
2116.185
1.0
LinkTagAnd
0
0
0
-2137.219
423.8119
2437.586
1.0
Enemy_AirOctarock
-3.013717
-0.7801724
3.026593
-2137.219
423.8119
2437.586
1.0
Area
0
0
0
-2659.3
103.2
2813.5
0.6
ChangeWeatherTag
0
0
0
-2772.128
122.0218
2849.575
1.0
FldObj_GerudoStonepit_A_02
0
-0.3490658
0
-2793.671
207.4782
2364.574
1.0
LinkTagOr
0
0
0
-2627.615
170.9946
2751.205
1.0
FldObj_CliffOrange_A_02_Far
0
-0.6199999
0
-2352.587
409.4913
2556.376
1.0
FldObj_GerudoStonepit_A_02
0
-2.959999
0
-2668.315
181.6988
2394.5
1.0
FldObj_CliffOrangeTop_A_02
-1.131243
-0.3892417
0.2274687
-2438.382
232.5421
2692.927
1.0
LinkTagAnd
0
0
0
-2676.19
106.46
2791.56
1.0
Obj_GerdoElevatorFrame_A_01
0
2.792527
0
-2797.427
197.5034
2340.064
1.0
FldObj_GerudoStonepit_A_01
0
2.62
0
-2704.473
187.4485
2399.724
1.0
LinkTagNone
0
0
0
-2559.4
305.5258
2275.8
1.0
FldObj_CliffOrangeWall_A_19_Far
-0.2145178
0.2309214
0.07698163
-2508.043
315.7034
2315.176
1.0
FldObj_DesertRuinWall_A_01
0
2.238809
0
-2831.727
132.5013
2946.293
1.0
LinkTagAnd
0
0
0
-2683.62
104.1013
2789.79
1.0
FldObj_CliffOrange_A_02_Far
0
2.38
0
-2230.494
261.0186
2036.811
1.0
LinkTagAnd
0
0
0
-2132.5
420.4637
2460.102
1.0
FldObj_CliffOrange_A_02_Far
0
1.08
0
-2869.31
197.7838
2231.3
1.0
Obj_BreakBoxIron
3.141369
-1.230814
-3.141331
-2795.983
198.7638
2343.009
1.0
LinkTagAnd
0
0
0
-2712.68
107.08
2794.5
1.0
FldObj_CliffOrange_A_01_Far
3.085174
-0.1936398
-2.856112
-2340.501
425.2298
2385.198
1.0
LinkTagAnd
0
0
0
-2803.812
134.9514
2225.765
1.0
FldObj_RuinStatueKnightSword_A_01
0
0.7853982
0
-2746.827
103.5
2757.885
1.0
FldObj_CliffOrangeWall_A_15
0
0
0
-2368.574
159.1544
3009.656
1.0
NPC_oasis004_fr03
0
-1.24
0
-2808.76
134.8654
2240.347
1.0
LinkTagAnd
0
0
0
-2731.57
105.9942
2811.16
1.0
LinkTagOr
-1.570796
0
0
-2014.587
375.6568
2869.055
1.0
FldObj_RockOrangePillar_A_02
0
0.4435732
0
-2456.815
225.4446
2933.561
0.963671
Obj_PlantMelonGrass_A_01
0.2536897
0.2143723
0.3602575
-2944.111
138.0887
2314.023
1.0
FldObj_RuinStatueKnightSword_A_01_Far
0
-2.356194
0
-2636.29
103.5
2868.222
1.0
FldObj_GerudoStonepit_A_02_Far
0
1.24
0
-2737.434
197.5485
2351.636
1.0
ActorObserverTag
0
0
0
-2672.37
105.9953
2791.85
1.0
LinkTagAnd
0
-2.821593
0
-2066.18
291.3196
2396.887
1.0
LinkTagAnd
0
0
0
-2667.47
105.9961
2843.1
1.0
FldObj_CliffOrange_A_01
-0.3451044
-1.249967
0.08273952
-2392.147
408.4427
2399.712
1.0
FldObj_CliffOrange_A_03_Far
-0.8600001
-1.22
0
-2438.74
345.06
2557.906
1.0
FldObj_CliffOrangeTop_A_02
0.2799999
1.24
0
-2679.455
257.5742
2126.368
1.0
LinkTagNAnd
0
-0.7853982
0
-2688.891
117.3713
2813.085
1.0
LinkTagAnd
0
0
0
-2701.9
100.8
2824.4
1.0
LinkTagAnd
0
-0.5235988
0
-2297.349
498
2442.875
1.0
ActorObserverTag
0
0
0
-2719.79
107.88
2817.17
1.0
LinkTagNone
0
0
0
-2383.796
421.7992
2336.207
1.0
FldObj_KnightDollMini_06
-0.6143559
-0.5235988
0.9546951
-2668.93
104.3
2835.594
1.0
LinkTagAnd
0
0
0
-2110.145
545.5148
2616.955
1.0
FldObj_CliffOrangeWall_A_33_Far
0
-0.18
0
-2153.375
323.1266
2329.028
1.0
FldObj_CliffOrange_A_01
-0.9115454
-1.323586
0.9341802
-2554.226
277.8704
2253.249
0.9894394
FldObj_GerudoStonepit_A_01_Far
0
2.603185
0
-2737.159
224.2475
2425.733
1.0
FldObj_CliffOrange_A_03
-0.8600001
-1.22
0
-2438.74
345.06
2557.906
1.0
ActorObserverTag
0
0
0
-2674.6
104.3
2798.1
1.0
Item_Fruit_I
0
-1.323593
0
-2340.815
357.6265
2200.004
1.0
FldObj_CliffOrangeWall_A_02_Far
0
-0.3199998
0
-2860.677
194.2065
2366.842
1.0
FldObj_CliffOrange_A_01
0
-2.779999
0
-2821.404
149.1071
2291.275
1.0
LinkTagAnd
0
0
0
-2103.928
305.4708
2297.191
1.0
PosAfterDemoSkip
0
2.356194
0
-2693.526
105.0054
2815.984
1.0
FldObj_CliffOrange_A_07
3.066617
-1.080092
-3.056632
-2164.253
409.0909
2587.361
1.0
AnchorAction3
0
1.02
0
-2815.604
134.8653
2242.969
1.0
LinkTagAnd
0
0
0
-2718.85
106.61
2817.32
1.0
LinkTagPulse
2.203522E-06
1.217894E-07
0.1104282
-2684.83
207.0606
2929.656
0.25
AnchorAction1
0
1.047198
0
-2145.1
471.4748
2561.1
1.0
PosAfterDemoSkip
0
-1.663185
0
-2804.136
172.0082
2300.817
1.0
LinkTagAnd
0
0
0
-2655.18
105.9946
2810.88
1.0
Npc_gerudovalley001
0
0
0
-2796.565
134.9028
2240.07
1.0
FldObj_CliffOrange_A_07_Far
0
0.4199999
0
-2820.165
145.4651
2180.21
1.0
FldObj_CliffOrangeWall_A_03
0
1.561593
0
-2509.506
343.9348
2187.055
1.0
LinkTagAnd
0
0
0
-2811.371
140.1348
2240.778
1.0
LinkTagAnd
0
1.54
0
-2782.823
134.7442
2231.624
1.0
LinkTagAnd
0
0.5800009
0
-2794.495
144.9514
2239.985
1.0
FldObj_GerudoStonepit_A_02
0
-3.04
0
-2603.815
224.3089
2420.058
1.0
Enemy_Lizalfos_Electric
0
1.719999
0
-2829.331
241.3344
2370.841
1.0
FldObj_CliffOrangeMountain_A_04
0
0.1599999
0
-2002.214
318.501
2579.586
1.0
LinkTagOr
0
0
0
-2802.332
134.9177
2239.315
1.0
ActorObserverTag
0
0
0
-2005.152
372.843
2882.277
1.0
Area
0
-1.047198
0
-2306.836
529.1757
2437.32
15
Npc_HiddenKorokGround
0
-1.601592
0
-2594.755
284.7202
2539.869
1.0
LinkTagAnd
0
1.097306
0
-2168.012
338.9488
2082.488
1.0
FldObj_RuinStatueKnight_A_01
0
-2.356194
0
-2609
106
2895.5
1.0
AnchorAction1
0
0
0
-2822.2
253.2414
2378.939
1.0
LinkTagAnd
0
0
0
-2814.355
134.8653
2242.623
1.0
FldObj_CliffOrangeWall_A_33
-3.081593
-1.291749
3.141593
-2698.989
165.7976
3013.991
1.0
FldObj_MapTowerStairWood_A_01_Far
0
-2.617994
0
-2306.836
498
2437.32
1.0
LinkTagAnd
0
-1.047198
0
-2300.053
530.1522
2444.283
1.0
FldObj_CliffOrange_A_02
0
2.38
0
-2230.494
261.0186
2036.811
1.0
Obj_Plant_ChiliPepper_A_01
0
0
0
-2341.942
356.4582
2199.559
1.0
FldObj_CliffOrangeWall_A_33_Far
-3.081593
-1.291749
3.141593
-2698.989
165.7976
3013.991
1.0
ActorObserverTag
0
0
0
-2673.3
106.56
2790.71
1.0
FldObj_KnightDollMini_06
-0.6154796
-0.5235987
0.9553165
-2668.93
104.3
2835.594
1.0
EnemyChatFortMgrTag
0
-0.6400099
0
-2433.714
407.4864
2193.29
1.0
Area
0
0
0
-2552.774
159.2747
2036.331
50
FldObj_CliffOrange_A_02
-0.09999999
-1.48
0
-2395.155
453.9985
2487.311
1.0
FldObj_RockOrangePillar_A_02
0
-1.964527
0
-2321.269
298.0239
2847.132
0.8573266
Enemy_AirOctarock
-2.936743
1.108944
-2.982502
-2126.073
421.5874
2455.906
1.0
FldObj_CliffOrange_A_07
0
-1.58
0
-2353.281
248.2442
2797.788
1.0
FldObj_GerudoStonepit_A_01
0
-0.4368144
0
-2336.763
452.0046
2554.302
1.0
FldObj_GerudoStonepit_A_01
0
2.84
0
-2824.415
208.3126
2334.896
1.0
LinkTagOr
0
1.54
0
-2786.48
134.7564
2231.885
1.0
FldObj_DesertRuinWall_A_01_Far
0
1.37881
0
-2855.598
157.72
2750.518
1.0
LinkTagAnd
0
-2.617994
0
-2316.362
498
2442.82
1.0
LinkTagAnd
0
0
0
-2661.28
105.9959
2837.17
1.0
FldObj_CliffOrange_A_01_Far
0
0.36
0
-2934.86
145.9072
2288.483
1.0
LinkTagAnd
0
0
0
-2069.407
616.1
2614.451
1.0
LinkTagNAnd
0
1.478408
0
-2808.834
184.5082
2298.775
0.6
LinkTagOr
0
0
0
-2103.967
305.0208
2300.097
1.0
ActorObserverTag
0
0
0
-2691
105.5
2796.5
1.0
FldObj_CliffOrange_A_01
2.480276
-1.15799
-2.394685
-2442.512
340.2611
2269.188
1.0
FldObj_GerudoStonepit_A_01
0
3.063185
0
-2673.196
223.5064
2441.906
1.0
FldObj_RockOrangeBridgeBase_A_01_Far
0
-0.9378527
0
-2612.327
266.0589
2281.918
1.0
LinkTagOr
3.141591
-0.01840761
-3.031164
-2686.497
208.4855
2929.666
1.0
NPC_oasis004
0
0
0
-2797.533
135.0492
2240.966
1.0
LinkTagOr
0
0
0
-2549.679
192.5043
2038.101
1.0
LinkTagAnd
0
0
0
-2804.805
172.0084
2298.646
1.0
LinkTagAnd
0
0
0
-2668.74
106.36
2828.98
1.0
FldObj_RockOrange_A_L_02
0
-2.16
0
-2470.261
336.3387
2173.844
1.0
FldObj_RockOrangeBridge_A_01_Far
-0.2027289
-1.191858
0.2177408
-2401.616
413.5832
2253.231
1.0
LinkTagPulse
0.03176432
-0.0006504756
0.04094685
-2017.67
189.6797
2186.672
0.25
Area
0
-1.047198
0
-2306.836
531
2437.32
40
Obj_Plant_ChiliPepper_A_01
0
0
0
-2751.018
105.8858
2827.203
1.0
FldObj_CliffOrange_A_02_Far
0
-2.4
0
-2147.726
399.8445
2533.81
1.0
LinkTagAnd
0
0
0
-2730.02
105.9952
2817.06
1.0
LinkTagNone
0
0
0
-2803.687
238.2083
2340.286
1.0
FldObj_CliffOrangeWall_A_19_Far
0.03428116
0.6798383
-0.01617074
-2738.893
247.8079
2456.219
1.0
Enemy_AirOctarock
-0.9799361
-1.461428
0.9523566
-2154.594
428.3923
2443.788
1.0
Enemy_Moriblin_Middle
0
-2.3
0
-2676.003
276.2733
2322.167
1.0
Area
0
2.283185
0
-2637.674
213.17
2414.725
12
FldObj_GerudoStonepit_A_01
0
2.823186
0
-2318.559
452.0046
2527.17
1.0
Area
0
1.570796
0
-2306.934
499.6172
2431.553
2.75
Item_Fruit_I
0
1.877994
0
-2812.315
136.2193
2212.452
1.0
LinkTagOr
0
0
0
-2207.192
434.6688
2550.621
1.0
AnchorAction2
0
1.561878
0
-2812.695
134.8809
2239.962
1.0
FldObj_CliffOrangeMountain_A_03
0
3.787364
0
-2680.188
163.7229
2332.312
1.0
FldObj_CliffOrange_A_01_Far
-0.9211012
-1.191148
-0.3135015
-2577.496
250.9453
2460.029
1.0
FldObj_CliffOrange_A_01
2.640677
-1.256357
-2.861821
-2405.91
371.5338
2314.6
1.0
FldObj_KorokStartingBlock_A_01
0
0.3840391
0
-2103.928
304.0208
2297.191
1.0
Area
-0.3390677
-0.05072949
-0.2942784
-2815.05
161.5188
2247.614
3
ActorObserverTag
0
0
0
-2708
105.5
2813.5
1.0
LinkTagOr
-1.147627
0.2521612
0.3872893
-2304.066
485.795
2553.732
1.0
LinkTagAnd
0
0
0
-2126.073
421.5874
2455.906
1.0
LinkTagOr
0
2.26
0
-2259.86
359.9554
2224.37
1.0
LinkTagAnd
0
0
0
-2811.529
138.2589
2242.971
1.0
LinkTagOr
0
0
0
-2667.96
105.9947
2840.36
1.0
Area
-2.050911
0
1.570796
-2116.674
573.3508
2626.109
1.0
FldObj_CliffOrange_A_01
1.936951
-1.49812
-3.033612
-2584.767
259.0487
2498.203
1.043278
FldObj_DesertRuinWall_A_01
0
-1.765467
0
-2870.189
157.72
2825.575
1.0
FldObj_RuinStatueKnight_A_01
0
-0.7853982
0
-2608
106
2731
1.0
LinkTagAnd
0
0
0
-2716.4
105.9942
2785.15
1.0
LinkTagAnd
0
1.570796
0
-2306.836
498
2426.383
1.0
FldObj_MapTower_A_01_Far
0
-1.047198
0
-2306.836
456
2437.32
1.0
LinkTagAnd
0
0
0
-2720.59
105.9956
2789.28
1.0
Item_Fruit_F
-0.0904901
-0.119241
-2.116401
-2659.496
108.1722
2927.877
1.0
FldObj_CliffOrangeMountain_A_02_Far
0
-0.09999999
0
-2911.803
191.1071
2226.115
1.0
Area
0
-1.48
0
-2490.212
339.0179
2358.149
12
ActorObserverTag
0
1.658062
0
-2592.144
290.8724
2537.189
1.0
Area
0
-1.800004
0
-2603.736
339.0657
2126.613
0.7
FldObj_KorokStoneLift_A_01
0.0005187071
6.092882E-07
0.0005519509
-2019.642
372.7959
2875.343
1.0
Area
0
-1.570796
0
-2306.738
511.6172
2443.15
2.75
DgnObj_EntranceElevator_A_01
0
1.478408
0
-2810.964
172.0084
2300.084
1.0
LinkTagNone
0
0
0
-2676.003
276.2733
2322.167
1.0
FldObj_CliffOrangeWall_A_33
0
2.700001
0
-2544.408
174.7222
2972.808
1.0
Weapon_Spear_021
-1.890204
-0.2242268
0.9245051
-2784.338
216.3595
2346.017
1.0
FldObj_DownloadTerminal_A_01
0
-1.047198
0
-2306.836
530.1819
2437.32
1.0
LinkTagAnd
0
0
0
-2691.8
104.0109
2814.4
1.0
FldObj_CliffOrange_A_01
2.735999
-0.9862822
-2.655424
-2465.988
330.4097
2313.033
0.9619465
LinkTagOr
0
0
0.02
-2775.54
118.7732
2841.199
1.0
FldObj_KnightDollMini_05
0
0
0.7853982
-2659.238
104.3
2813.5
1.0
LinkTagAnd
0
0
0
-2131.331
422.4434
2442.448
1.0
FldObj_DesertRuinWall_A_01
0
-2.463598
0
-2813.626
157.7197
2689.204
1.0
LinkTagAnd
0
0
0
-2665.26
105.9942
2841.63
1.0
FldObj_CliffOrangeWall_A_15_Far
0
0
0
-2368.574
159.1544
3009.656
1.0
LinkTagAnd
0
1.54
0
-2783.989
134.7442
2234.537
1.0
FldObj_CliffOrange_A_07
2.787077
-1.01303
-2.912953
-2583.433
226.0132
2226.526
1.0
ActorObserverTag
0
0
0
-2688.28
105.9951
2842.05
1.0
LinkTagAnd
0
0
0
-2666.38
106.69
2808.03
1.0
LinkTagAnd
0
0
0
-2695.06
107.33
2785.59
1.0
FldObj_KnightDollMini_04
0.7853982
-0.7853982
0
-2667.914
104.3
2790.93
1.0
LinkTagAnd
0
0
0
-2803.812
134.9514
2225.765
1.0
FldObj_RuinStatueKnight_A_01_Far
0
-0.7853982
0
-2608
106
2731
1.0
LinkTagAnd
0
0.5235988
0
-2297.31
510
2431.82
1.0
LinkTagOr
0
0
0
-2147.5
481
2560.5
1.0
FldObj_CliffOrange_A_02
0
0.5599999
0
-2713.453
196.6037
2191.249
1.0
FldObj_CliffOrange_A_03_Far
-0.7339361
-0.7162843
0.004601477
-2196.585
359.944
2757.794
1.0
FldObj_GerudoStonepit_A_01
0
2.763186
0
-2773.23
200.9165
2352.362
1.0
FldObj_MapTowerStairWood_A_01_Far
0
-0.5235988
0
-2306.875
498
2437.375
1.0
Kibako_Contain_01
-3.140556
-1.230839
3.14054
-2801.217
238.2638
2341.16
1.0
TreasureSpot_00
0.1904745
-0.08804855
0.0162788
-2207.182
357.1217
2262.395
1.0
Obj_Plant_ChiliPepper_A_01
0
1.741594
0
-2810.499
135.0849
2211.988
1.0
FldObj_CliffOrangeTop_A_01_Far
-1.60226
-0.5273804
0.272298
-2744.78
229.1961
2438.396
1.0
FldObj_KnightDollMini_07
-0.7853982
0
0
-2687.31
104.58
2836.62
1.0
FldObj_CliffOrange_A_02_Far
0
-1.7
0
-2564.786
236.1271
2115.571
1.0
LinkTagAnd
0
0
0
-2005.402
373.843
2882.527
1.0
LinkTagAnd
0
0
0
-2149.517
427.6804
2437.008
1.0
FldObj_CliffOrange_A_07_Far
0
-0.42
0
-2172.562
248.9004
2923.641
1.0
Obj_Plant_ChiliPepper_A_01
0
2.863189
0
-2338.504
356.6522
2199.292
1.0
FldObj_GateGerudoDesert_A_01
0
2.181662
0
-2903.58
148.2318
2311.839
1.0
FldObj_RockOrangePillar_A_02_Far
0
-1.964527
0
-2321.269
298.0239
2847.132
0.8573266
Area
0
-1.9
0
-2657.104
142.1705
2227.257
50
ActorObserverTag
0
0
0
-2060.268
625.1603
2663.281
1.0
FldObj_CliffOrange_A_01_Far
-0.3617786
1.497239
-0.01022487
-2200.221
331.3931
2284.704
1.0
FldObj_GerudoStonepit_A_01_Far
0
2.823186
0
-2318.559
452.0046
2527.17
1.0
Area
0
0
0
-2005.703
371.093
2882.827
0.1
LinkTagAnd
0
0
0
-2672.51
106
2793.05
1.0
LinkTagAnd
0
0
0
-2666.71
105.9944
2786.32
1.0
FldObj_CliffOrange_A_02
0
-0.6199999
0
-2352.587
409.4913
2556.376
1.0
Obj_RockBroken_A_02
-0.2380866
0.432074
-0.08235226
-2587.069
159.8658
2039.148
1.0
FldObj_MapTowerStairWood_A_01_Far
0
2.603596
0
-2306.836
510
2437.32
1.0
LinkTagAnd
0
1.100003
0
-2853.589
212.9986
2320.599
1.0
FldObj_CliffOrangeWall_A_19_Far
0.1378422
1.15715
0.1029568
-2642.277
249.3015
2497.931
1.0
FldObj_CliffOrangeWall_A_19_Far
-3.104518
0.1180392
-3.121582
-2235.357
348.2019
2202.706
1.0
LinkTagOr
0
0
0
-2593.772
288.5385
2539.565
1.0
FldObj_CliffOrange_A_02_Far
0
-0.36
0
-2587.615
244.3769
2285.144
1.0
FldObj_RuinStatueKnightSword_A_02
0
3.003186
0
-2690.834
103.8084
2735.616
1.0
LocationTag
0
0
0
-2306.836
460.3195
2437.32
1.0
TwnObj_StableHostel_A_01
0
0.5800009
0
-2803.812
134.9514
2225.765
1.0
LinkTagAnd
0
2.603596
0
-2316.282
510
2431.684
1.0
LinkTagAnd
0
0
0
-2255.703
360.299
2221.102
1.0
FldObj_GerudoStonepit_A_01_Far
0
3.063185
0
-2673.196
223.5064
2441.906
1.0
FldObj_Chain_A_02
0
0
0
-2263.723
360.8656
2162.794
1.0
KorokAnswerResponce
0
0
0
-2302.066
484.295
2553.732
1.0
ActorObserverTag
0
0
0
-2712.68
107.08
2794.5
1.0
Obj_LiftRockGerudo_A_01
-0.3390677
-0.05072949
-0.2942784
-2815.339
160.621
2247.946
1.0
LinkTagPulse
3.033684
-0.540462
-3.117162
-2359.609
476.9985
2555.131
0.25
FldObj_CliffOrange_A_03_Far
2.801593
0.7415929
3.141593
-2258.456
382.8053
2402.558
1.0
FldObj_CliffOrange_A_01_Far
0
-1.38
0
-2501.87
176.3192
2881.026
1.0
LinkTagAnd
0
0
0
-2807.769
134.8653
2239.025
1.0
DgnObj_EntranceElevatorSP
0
-0.7853982
0
-2688.6
105.0056
2811.2
1.0
MoveTriggerTag
-3.061592
1.221593
-3.141592
-2109.021
299.6523
2118.477
1.0
FldObj_GerudoStonepit_A_01_Far
0
-1.74
0
-2625.982
171.797
2360.913
0.9
Area
0
-1.040414
0
-2598.166
279.9682
2267.379
12
FldObj_CliffOrangeMountain_A_01_Far
0
-0.28
0
-1959.858
314.6409
2969.6
1.0
FldObj_RockOrangeBridgeBase_A_01
0
1.720001
0
-2058.183
198.9432
2102.445
1.0
FldObj_CliffOrange_A_07
2.774372
-1.245495
-3.05988
-2390.601
368.6953
2473.382
1.0
DestinationAnchor
0
2.094395
0
-2307.702
530.1871
2437.82
1.0
FldObj_CliffOrangeWall_A_15_Far
0
-0.26
0
-2444.837
243.631
2662.039
1.0
LinkTagOr
0
3.141593
0
-2307.566
486.795
2556.732
1.0
Area
0
0
0
-2722.6
103.2
2813.5
0.6
FldObj_GerudoStonepit_A_01
0
-1.74
0
-2625.982
171.797
2360.913
0.9
FldObj_MapTowerWingBefore_A_01
0
-1.047198
0
-2306.836
455.9999
2437.32
1.0
LinkTagAnd
0
0
0
-2804.659
134.5701
2248.311
1.0
DestinationAnchor
0
-2.186784
0
-2803.989
172.0082
2299.224
1.0
LinkTagOr
3.033684
-0.540462
-3.117162
-2359.131
478.6013
2555.022
1.0
FldObj_CliffOrange_A_02
0
-2.4
0
-2147.726
399.8445
2533.81
1.0
FldObj_CliffOrangeTop_A_01
-1.60226
-0.5273804
0.272298
-2744.78
229.1961
2438.396
1.0
FldObj_CliffOrangeWall_A_33_Far
-2.728707
1.10755
-2.729373
-2469.807
336.0258
2120.305
1.0
LinkTagAnd
0
0
0
-2585
162.1795
2041
1.0
FldObj_RuinStatueKnight_A_01
0
1.570796
0
-2807.5
106
2813.5
1.0
FldObj_RuinStatueKnight_A_01_Far
0
0
0
-2691
106
2697
1.0
FldObj_CliffOrange_A_07_Far
3.066617
-1.080092
-3.056632
-2164.253
409.0909
2587.361
1.0
AnchorAction3
0
1.561878
0
-2812.695
134.8809
2239.962
1.0
FldObj_CliffOrange_A_01_Far
2.480276
-1.15799
-2.394685
-2442.512
340.2611
2269.188
1.0
AnchorAction1
0
1.28721
0
-2778
134.8465
2238.5
1.0
FldObj_GerudoStonepit_A_02
0
2.294602
0
-2369.715
456.3186
2433.536
0.9556633
FldObj_RockOrangeBridge_A_01
-0.04731408
-0.6669659
0.07639328
-2207.278
465.8072
2548.732
1.0
Item_Fruit_I
0
-0.002005591
0
-2729.973
105.8457
2827.12
1.0
LinkTagAnd
0
0
0
-2663.92
106
2811.96
1.0
FldObj_CliffOrange_A_07_Far
2.787077
-1.01303
-2.912953
-2583.433
226.0132
2226.526
1.0
FldObj_RuinStatueKnightSword_A_02_Far
0
3.003186
0
-2690.834
103.8084
2735.616
1.0
FldObj_CliffOrangeMountain_A_03_Far
0
3.787364
0
-2680.188
163.7229
2332.312
1.0
FldObj_GerudoStonepit_A_01
0
-3
0
-2615.763
220.7799
2429.548
1.0
LinkTagAnd
0
0
0
-2653.21
105.9942
2815.28
1.0
LinkTagAnd
0
0
0
-2695.34
105.9961
2852.84
1.0
LinkTagOr
0
2.78159
0
-2264.98
359.4891
2163.204
1.0
FldObj_CliffOrange_A_01
-1.501193
-0.2089266
-0.1235056
-2685.017
242.7876
2496.36
1.0
FldObj_GerudoStonepit_A_02
0
-2.583186
0
-2384.575
461.9593
2500.65
1.0
FldObj_CliffOrange_A_07_Far
0
-0.18
0.07999999
-2505.805
288.6072
2178.13
1.0
EnemyLookTag
0
-2.059994
0
-2386.232
423.1027
2334.82
1.0
FldObj_CliffOrange_A_01
-0.3617786
1.497239
-0.01022487
-2200.221
331.3931
2284.704
1.0
SwitchTimeLag
0
0.56
0
-2585
162.1795
2041
1.0
AnchorAction2
0
1.28721
0
-2778
134.8465
2238.5
1.0
LinkTagOr
0
0
0
-2262.723
359.2547
2162.794
1.0
FldObj_CliffOrange_A_03
0
1.781593
0
-2066.418
171.3521
2167.458
1.0
FldObj_CliffOrange_A_03
-0.6068676
-0.1571806
0.08806474
-2349.09
351.22
2596.146
1.0
Area
0
0
0
-2145
473.5
2561
50
Npc_HiddenKorokFly
0
0
0
-2550.179
190.0043
2038.102
1.0
LinkTagNAnd
0
0
0
-2653.28
105.9942
2812.08
1.0
FldObj_DesertRuinWall_A_01
2.399333
-1.343938
-2.751292
-2824.095
132.2782
2745.876
1.0
FldObj_CliffOrange_A_01_Far
2.735999
-0.9862822
-2.655424
-2465.988
330.4097
2313.033
0.9619465
FldObj_GerudoStonepit_A_02
0
1.801593
0
-2635.327
183.0972
2385.771
1.0
LinkTagNOr
0
1.54
0
-2780.024
134.7427
2231.905
1.0
FldObj_CliffOrangeMountain_A_01
0
-0.28
0
-1959.858
314.6409
2969.6
1.0
FldObj_RuinStatueKnight_A_01_Far
0
0.7853982
0
-2774
106
2730.5
1.0
FldObj_CliffOrange_A_03_Far
2.999687
0.3182254
3.13247
-2080.325
393.3824
2544.44
1.0
LinkTagAnd
0
-0.7853982
0
-2690.578
117.8668
2811.362
1.0
Item_Fruit_I
0
-0.0166042
0
-2338.297
357.6022
2199.189
1.0
FldObj_GerudoStonepit_A_02
0
-2.463185
0
-2760.265
195.9183
2365.113
1.0
LinkTagAnd
0
0
0
-2672.37
105.9953
2791.85
1.0
LinkTagAnd
0
0
0
-2059.124
625.9741
2661.028
1.0
Area
0
0
0
-2667.9
103.2
2791
0.6
LinkTagAnd
0
0
0
-2136.517
424.5316
2446.026
1.0
LinkTagOr
0
1.361592
0
-2697.159
273.3433
2104.572
1.0
LinkTagAnd
0
0
0
-2688.6
105.9944
2775.94
1.0
FldObj_CliffOrange_A_01
-0.1755066
1.339082
-0.08553226
-2145.149
303.1068
2095.084
1.0
FldObj_DesertRuinWall_A_01
0
0.6806784
0
-2754.204
157.7196
2641.086
1.0
FldObj_RockOrange_A_L_02_Far
0
-2.041592
0
-2805.353
127.0971
2971.121
1.0
FldObj_CliffOrange_A_02_Far
0
-0.76
0
-2461.188
340.0607
2220.989
1.0
Area
0
1.658062
0
-2592.142
289.7224
2536.637
0.1
FldObj_CliffOrangeWall_A_33_Far
-3.096958
0.07586813
-3.081467
-2542.713
303.8481
2463.059
1.0
LinkTagAnd
0
1.478408
0
-2809.111
184.5082
2301.763
0.6
LinkTagAnd
0
0
0
-2653.25
105.9958
2817.45
1.0
AnchorAction1
0
0.2617994
0
-2805.37
134.8653
2246.948
1.0
AirOcta_Tag
-0.09076985
-0.00112191
-0.02470166
-2131.257
425.4301
2442.176
1.0
Obj_LiftRockGerudo_A_01
0
2.98
0
-2853.363
210.3986
2320.153
1.0
FldObj_CliffOrange_A_01
-0.4357627
-1.052743
-0.1015323
-2090.773
348.9796
2821.365
1.091932
FldObj_CliffOrange_A_07
0
0.34
0
-2617.494
176.4932
2587.022
1.0
LinkTagAnd
0
0
0
-2787.53
134.8011
2226.277
1.0
FldObj_CliffOrangeMountain_A_04_Far
0
0
0
-2585.831
194.7028
2543.209
1.0
EnemyLookTag
0
2.881593
0
-2779.5
265.9
2381.8
1.0
Area
0
0.5800009
0
-2803.812
137.4514
2225.765
1.0
FldObj_CliffOrange_A_07
-0.5826323
-1.514422
0.3438754
-2446.416
333.6382
2493.547
1.0
LinkTagAnd
0
0
0
-2306.836
531
2437.32
1.0
FldObj_CliffOrangeWall_A_03_Far
0
1.561593
0
-2509.506
343.9348
2187.055
1.0
FldObj_GerudoStonepit_A_02_Far
0
0.66
0
-2710.023
188.4339
2388.933
1.0
LinkTagOr
0
-1.500005
0
-2606.729
339.6157
2126.825
1.0
MoveTriggerTag
2.981593
1.221593
-3.141592
-2108.243
299.6523
2120.609
1.0
Animal_Dog_A
0
0
0
-2807.769
134.8653
2239.025
1.0
Item_Fruit_F
-0.2871061
0.06467956
1.235883
-2944.169
138.2924
2314.02
1.0
LinkTagOr
0
0
0
-2013.587
377.5943
2869.055
1.0
LinkTagOr
-1.99172
-1.501919
2.075755
-2594.978
287.2367
2540.211
1.0
LinkTagOr
0
0
0
-2693.59
105.9946
2850.35
1.0
FldObj_FallingRock_A_01
0.01070922
0.3805209
-0.1046448
-2107.175
298.1511
2120.334
1.0
FldObj_KorokStone_A_01
0
0
0
-2005.402
370.843
2882.527
1.0
FldObj_RockOrangePillar_A_02_Far
-0.03540449
-0.7568115
-0.02989103
-2826.297
211.4022
2429.927
0.963671
FldObj_GerudoStonepit_A_01_Far
0
-3
0
-2643.762
222.0845
2436.958
1.0
ShelterFromRainTag
0
0
0
-2671.556
141.9665
2219.043
1.0
LinkTagAnd
0
0
0
-2691.1
51.5
2813.2
1.0
LinkTagAnd
0
0
0
-2708.125
106.7
2830
1.0
ActorObserverTag
0
0
0
-2678.5
105.5
2826
1.0
FldObj_CliffOrange_A_01
-0.9211012
-1.191148
-0.3135015
-2577.496
250.9453
2460.029
1.0
AnchorSleep
0
2.18
0
-2811.271
136.3292
2230.867
1.0
LinkTagAnd
0
-1.040414
0
-2600.753
279.9682
2268.897
1.0
Obj_LiftRockGerudo_A_01
0
0.9138113
0
-2059.885
306.6729
2420.099
1.0
Npc_HiddenKorokGround
0
0.9138113
0
-2059.885
306.7729
2420.099
1.0
ActorObserverTag
0
0
0
-2719.2
108.17
2816.21
1.0
FldObj_DesertRuinPillar_A_01_Far
0
-2.497855
0
-2813.545
107.7112
2964.048
1.0
LookTag
0
-0.7853982
0
-2695.671
104.0054
2818.271
1.0
LinkTagAnd
0
0
0
-2306.836
460.3195
2437.32
1.0
LinkTagAnd
-0.3627192
0.7116486
-1.349971
-2058.663
307.6729
2418.516
1.0
LinkTagNone
0
0
0
-2322.914
384.3308
2233.236
1.0
LinkTagAnd
0
-2.441592
0
-2324.502
399.3024
2219.833
1.0
LinkTagOr
-0.3287312
-1.267783
0.4342449
-2645.881
167.1303
2360.207
1.0
FldObj_RockOrangePillar_A_02_Far
0
0.4435732
0
-2456.815
225.4446
2933.561
0.963671
LinkTagAnd
-2.963762
-0.5307282
-2.112652
-2300.508
353.4616
2850.875
1.0
FldObj_GerudoStonepit_A_01_Far
0
2.403186
0
-2347.463
460.364
2515.423
1.0
LinkTagOr
-1.147627
0.2521612
0.3872893
-2014.587
373.0943
2869.055
1.0
Npc_HiddenKorokGround
0
-2.579998
0
-2298.7
352.5616
2850.02
1.0
LinkTagNAnd
0
0
0
-2689.93
105.9942
2853.66
1.0
FldObj_GerudoStonepit_A_01
0
-0.9399999
0
-2630.283
159.8595
2341.663
0.9
Area
0.03176432
-0.0006504756
0.04094685
-2018.669
189.6389
2186.672
3
FldObj_CliffOrange_A_07_Far
0
-1.38
0
-2122.9
254.1348
2970.922
1.0
Obj_LiftRockGerudo_A_01
0
-2.7
0
-2298.7
352.4616
2850.02
1.0
LinkTagAnd
0
0
0
-2691
125.6
2813.5
1.0
FldObj_DesertRuinPillar_A_01
0
2.925329
0
-2859.522
132.93
2787.867
1.0
Item_Fruit_F
-0.8594657
-0.08614316
0.8678106
-2658.783
108.0567
2927.374
1.0
FldObj_CliffOrange_A_01
2.981593
-0.1415939
3.141593
-2763.672
146.4323
2280.818
1.0
FldObj_CliffOrange_A_07_Far
0
0.34
0
-2617.494
176.4932
2587.022
1.0
FldObj_CliffOrange_A_07_Far
-0.1091248
1.060913
0.034233
-2244.325
348.9644
2501.051
1.094864
Item_Fruit_I
0
-2.619999
0
-2730.365
105.6157
2827.154
1.0
FldObj_CliffOrangeWall_A_02
0
-1.88
0
-2310.707
407.3286
2558.12
1.0
FldObj_CliffOrange_A_02_Far
-0.7474209
0.004688083
-0.1717928
-2126.419
359.4465
2795.987
1.0
LinkTagNAnd
0
0
0
-2712.8
106.26
2796.13
1.0
ConstraintDummy
0
0
0
-2339.944
356.4582
2199.53
1.0
FldObj_DesertRuinPillar_A_01
0
0.6564011
0
-2781.217
132.9296
2667.175
1.0
FldObj_KorokGoal_A_01
0
0.3200001
0
-2066.654
286.8196
2397.045
1.0
ActorObserverTag
0
2.26
0
-2255.703
360.299
2221.102
2
ActorObserverTag
0
0
0
-2312.99
486.4414
2560.063
1.0
FldObj_CliffOrange_A_01_Far
-0.9115454
-1.323586
0.9341802
-2554.226
277.8704
2253.249
0.9894394
FldObj_DesertRuinWall_A_01_Far
0
-2.463598
0
-2813.626
157.7197
2689.204
1.0
FldObj_RuinStatueKnight_A_01_Far
0
-1.570796
0
-2574.5
106
2813.5
1.0
Item_Fruit_I
0
-0.7400001
0
-2812.164
135.9893
2212.815
1.0
TBox_Field_Iron
-0.09732978
-0.3687323
0.01037426
-2148.5
427
2443.5
1.0
FldObj_CliffOrange_A_07
2.745047
0.5946685
3.04106
-2040.896
331.08
2558.529
1.0
FldObj_CliffOrangeTop_A_01_Far
-1.279973
-0.02794111
0.3401195
-2633.709
240.3992
2475.646
1.0
LinkTagOr
0
0
0
-2341.412
356.4582
2197.494
1.0
AnchorAction2
0
0
0
-2811.322
134.8653
2238.575
1.0
Obj_HeartUtuwa_A_01
0
-2.46
0
-2131.468
474.1526
2559.573
1.0
FldObj_CliffOrangeWall_A_33_Far
0
2.700001
0
-2544.408
174.7222
2972.808
1.0
LinkTagAnd
0
0
0
-2146.733
473.5818
2633.542
1.0
ActorObserverTag
0
0
0
-2694.7
107.46
2784.8
1.0
AnchorAction3
0
-1.999997
0
-2809.326
134.8653
2240.741
1.0
ActorObserverTag
0
0
0
-2312.99
486.4414
2559.563
1.0
Area
0
0
0
-2691
103.2
2845.3
0.6
FldObj_CliffOrangeWall_A_19_Far
0
0
0
-2397.759
228.8541
2889.74
1.0
Area
0
1.097306
0
-2167.784
337.3488
2082.042
3
Enemy_Moriblin_Middle
0
-2.000005
0
-2383.796
421.7992
2336.207
1.0
FldObj_CliffOrangeMountain_A_01_Far
0
0
0
-2789.821
224.1914
2404.017
1.0
PlayerInAreaAutoEnemyForbidTag
0
0
0
-2145
526
2561
1.0
LinkTagAnd
0
-1.047198
0
-2301.405
530.1522
2441.942
1.0
LinkTagAnd
0
0
0
-2686.33
106.32
2838.1
1.0
Area
0
-1.78
0
-2697.263
270.7933
2105.062
1.7
LinkTagAnd
0
0
0
-2695.98
107.42
2788.21
1.0
FldObj_GerudoStonepit_A_02_Far
0
1.56
0
-2355.937
459.2483
2446.318
1.0
LinkTagAnd
0
0
0
-2660.91
105.9963
2790.14
1.0
ActorObserverTag
0
0
0
-2005.152
372.843
2882.777
1.0
ChangeWeatherTag
0
-1.047198
0
-2306.836
576
2437.32
1.0
AnchorAction1
0
0
0
-2799.7
253.3044
2382.148
1.0
KorokAnswerResponce
0
0
0
-2012.587
371.5943
2869.055
1.0
FldObj_CliffOrange_A_01
3.085174
-0.1936398
-2.856112
-2340.501
425.2298
2385.198
1.0
EventTag
0
0.9548088
0
-2804.805
172.0082
2298.646
0.6
LinkTagAnd
0
0
0
-2686.31
107.06
2840.54
1.0
LinkTagNAnd
0
0
0
-2718.15
106.5
2816.73
1.0
LinkTagAnd
0
-1.48
0
-2493.2
339.0179
2358.421
1.0
LinkTagAnd
0
0
0
-2924.118
153.4176
2329.39
1.0
Enemy_Chuchu_Electric_Junior
0
-3.092801
0
-2340.895
378.0313
2229.371
1.0
Npc_HiddenKorokFly
0
-2.821593
0
-2066.654
288.8196
2397.045
1.0
TBox_Field_Iron
0
0
-0.22
-2587.684
161.7522
2037.932
1.0
LinkTagAnd
0
0
0
-2924.118
153.4176
2329.39
1.0
FldObj_CliffOrangeWall_A_33_Far
-3.130068
-0.3387285
-3.011036
-2486.833
213.9903
2818.697
1.05
LinkTagNAnd
0
0
0
-2682.09
104.1252
2789.37
1.0
ActorObserverTag
0
0.5800009
0
-2794.495
139.9514
2239.985
1.0
FldObj_CliffOrange_A_03_Far
0
0.8800001
0
-2560.194
194.6909
1969.784
1.0
ConstraintDummy
0
0
0
-2749.02
105.8858
2827.175
1.0
LinkTagAnd
0.5676383
0.2708147
-0.7634834
-2683.836
207.1708
2929.656
1.0
AirOcta_Tag
-2.869212
-1.227131
2.859623
-2132.426
423.4505
2459.83
1.0
FldObj_KnightDollMini_02
0.6154796
-0.5235987
-0.9553165
-2714.092
104.3
2790.422
1.0
FldObj_PushRock_A_M_01
-2.949101
0.8553698
-2.810404
-2244.45
358.9184
2212.206
0.8
Area
0
0
0
-2668.9
103.2
2835.6
0.6
LinkTagNone
0
0
0
-2433.825
407.4112
2190.09
1.0
Area
0
0
0
-2313.54
485.2914
2559.513
0.1
Npc_HiddenKorokFly
0
0
0
-2628.115
168.4946
2751.206
1.0
Enemy_Moriblin_Middle
0
-2.234395
0
-2334.061
377.7971
2224.58
1.0
FldObj_CliffOrange_A_01_Far
0
-2.16
0
-2612.543
149.7833
2198.472
1.0
Obj_BoardWood_Triangle_01
-0.1209352
-0.7206675
0.0552198
-2148.234
426.674
2444.593
1.0
LinkTagAnd
0
0
0
-2692.92
106.94
2786.4
1.0
LinkTagOr
0
0
0
-2750.488
105.8858
2825.138
1.0
FldObj_KnightDollMini_04
0.7853982
-0.7853982
0
-2667.914
104.3
2790.93
1.0
FldObj_RuinGuardianSand_A_Dynamic
-0.1343701
-0.4620773
-0.06253588
-2312.071
355.963
2186.338
1.0
FldObj_GerudoStonepit_A_01
0
2.603185
0
-2737.159
224.2475
2425.733
1.0
TwnObj_StableHostel_A_01_Far
0
0.5800009
0
-2803.812
134.9514
2225.765
1.0
ForceSetPosDirAutoSaveAnchor
0
2.356194
0
-2693.526
105.0054
2815.984
1.0
FldObj_CliffOrange_A_01_Far
1.936951
-1.49812
-3.033612
-2584.767
259.0487
2498.203
1.043278
Npc_HiddenKorokGround
0
-3.123185
0
-2685.725
206.0558
2929.656
1.0
Area
0
0.7000001
0
-2323.412
386.2908
2232.645
2
LinkTagAnd
0
-1.047198
0
-2301.405
530.1522
2441.942
1.0
FldObj_CliffOrangeTop_A_01
0
-0.78
0
-2494.627
322.4551
2607.457
1.0
FireWoodDie
-0.1168252
-0.1333657
0.1143912
-2338
377.0593
2221.5
1.0
FldObj_MapTowerStairWood_A_01_Far
0
-1.570796
0
-2306.836
510
2437.32
1.0
PlayerInAreaAutoEnemyForbidTag
0
-1.047198
0
-2315.496
516
2442.32
1.0
LinkTagNOr
0
0.7000001
0
-2329.35
379.2938
2237.29
1.0
SwitchTimeLag
1.570796
0.8815927
3.141593
-2255.703
362.299
2221.102
0.5
LinkTagOr
0
0
0
-2655.04
105.9949
2816.4
1.0
Enemy_AirOctarock
-0.1365105
0.8418515
-0.1269049
-2144.235
428.7148
2450.153
1.0
Item_Fruit_I
0
-1.138199
0
-2810.316
136.0349
2212.129
1.0
ActorObserverTag
0
0
0
-2662.95
106.71
2809.23
1.0
FldObj_GerudoStonepit_A_01
0
2.24
0
-2716.333
152.4095
2368.545
1.0
TBox_Field_Iron_NoReaction
-2.788878
-0.7130731
2.629039
-2780.031
134.3258
2235.158
1.0
LinkTagAnd
0
0
0
-2550.679
192.5043
2038.102
1.0
KorokAnswerResponce
0
0
0
-2592.772
284.476
2539.565
1.0
LinkTagAnd
0
0
0
-2666.77
105.9956
2784.35
1.0
Area
0
0
0
-2312.94
484.6914
2559.513
0.1
KorokAnswerResponce
0
-1.78
0
-2699.574
268.8433
2101.504
1.0
FldObj_CliffOrange_A_07_Far
-0.7846302
-1.017602
-0.05911862
-2067.671
317.4546
2904.759
1.0
ActorObserverTag
0
1.658062
0
-2592.188
290.8724
2536.691
1.0
Area
3.033684
-0.540462
-3.117162
-2358.752
477.0195
2554.616
3
LinkTagNAnd
0
0
0
-2673.67
106.49
2792.4
1.0
FldObj_KnightDollMini_03
1.133608
-0.00797124
0.07900508
-2691
171.9594
2732.8
1.0
FldObj_GerudoStonepit_A_02
0
1.24
0
-2737.434
197.5485
2351.636
1.0
LinkTagOr
0
0.3200001
0
-2069.027
286.8196
2397.831
1.0
AnchorAction1
0
0.5800009
0
-2798.222
135.4514
2234.297
1.0
DgnObj_EntranceTerminal_A_01
0
0.9548088
0
-2804.805
172.0084
2298.646
1.0
Enemy_Moriblin_Junior
-0.1281597
-0.7824073
0.06579697
-2132.517
422.9229
2442.495
1.0
FldObj_CliffOrange_A_01
-1.471651
-0.4271393
-0.1327993
-2684.304
226.2466
2554.657
1.0
FldObj_CliffOrange_A_03
0
0.9599999
0
-2631.123
182.0427
2033.213
1.0
Enemy_Bokoblin_Middle
0
-1.383196
0
-2430.216
407.4111
2192.777
1.0
LocationTag
0
0
0
-2691.8
104.0109
2814.4
1.0
LinkTagNAnd
0
0
0
-2665.46
106.7
2808.81
1.0
LinkTagOr
0
0.3200001
0
-2062.857
288.8196
2395.786
1.0
Enemy_Guardian_A_Sand
0
1.410796
0
-2333.9
237.4861
2987.1
1.0
AnchorAction1
0
2.001593
0
-2793.424
134.9081
2234.741
1.0
Obj_BoxIron_A_M_01
-0.0001108273
-0.3636294
-9.965708E-05
-2793.121
198.7628
2340.28
1.0
FldObj_GerudoStonepit_A_02
0
0.8999996
0
-2745.418
230.3384
2415.513
1.0
FldObj_GerudoStonepit_A_01_Far
0
2.743185
0
-2791.545
167.7837
2328.558
1.0
LinkTagAnd
0.3923682
-0.02484966
-1.198668
-2813.138
160.9393
2247.715
1.0
FldObj_CliffOrange_A_01_Far
-1.501193
-0.2089266
-0.1235056
-2685.017
242.7876
2496.36
1.0
DestinationAnchor
0
-2.483182
0
-2796.948
135.4945
2236.235
1.0
FldObj_CliffOrange_A_01_Far
8.104923E-07
1.42
1.003251E-06
-1968.765
308.319
2532.313
1.0
EnemyLookTag
0
0
0
-2679.256
276.455
2319.477
1.0
LinkTagNone
0
0
0
-2145
471.5
2561
1.0
LinkTagAnd
0
0.7000001
0
-2333.217
379.3013
2230.338
1.0
LinkTagAnd
0
-1.047198
0
-2306.836
460.3195
2437.32
1.0
Npc_HiddenKorokGround
0
1.100003
0
-2853.363
210.4986
2320.153
1.0
Enemy_Chuchu_Electric_Middle
0
-1.040414
0
-2596.846
280.0098
2270.064
1.0
Area
0
-1.047198
0
-2306.836
490.5367
2437.32
1.0
PlayerOnScaffoldCheckTag
0
0.7000001
0
-2327.237
386.2908
2235.866
1.0
FldObj_GerudoStonepit_A_01
0
2.743185
0
-2791.545
167.7837
2328.558
1.0
LinkTagAnd
0
0
0
-2686.5
105.9964
2776.69
1.0
FldObj_DesertRuinWall_A_01_Far
0
0.6806784
0
-2754.204
157.7196
2641.086
1.0
LinkTagNAnd
0
0
0
-2731.71
105.9943
2816.26
1.0
FldObj_RuinStatueKnight_A_01_Far
0
-3.141593
0
-2691
106
2930
1.0
LinkTagOr
0
-2.619999
0
-2729.646
104.7357
2829.056
1.0
LinkTagAnd
0
0
0
-2816.898
136.7703
2221.647
1.0
AnchorAction1
0
-0.14
0
-2338
377.0593
2221.5
1.0
FldObj_CliffOrange_A_03
2.801593
0.7415929
3.141593
-2258.456
382.8053
2402.558
1.0
FldObj_RuinGuardianSand_A_Dynamic
0.1893604
-0.08649514
0.0003349974
-2207.142
355.6566
2262.132
1.0
ActorObserverTag
0
0
0
-2313.49
486.4414
2560.063
1.0
FldObj_KorokTarget_A_01
0
0
0
-2550.179
191.0043
2038.102
1.0
FldObj_CliffOrange_A_02_Far
0
0.5599999
0
-2713.453
196.6037
2191.249
1.0
ConstraintDummy
0
-2.619999
0
-2731.933
104.7357
2828.021
1.0
LinkTagAnd
-2.448545
-0.1652801
-2.294882
-2855.336
211.3986
2319.831
1.0
FldObj_RockOrangePillar_A_02
0
-0.7781572
0
-2298.642
308.7736
2849.842
0.963671
LinkTagAnd
0
1.478408
0
-2805.128
172.0082
2302.132
0.3
FldObj_MapTowerStairWood_A_01
0
0.5235988
0
-2306.836
510
2437.32
1.0
FldObj_KnightDollMini_01
0
0
-0.7853982
-2722.653
104.3
2813.5
1.0
FldObj_DLC_FlyShield_Wood_A_02
1.554002
-1.352558
-1.636636
-2130.351
422.0126
2450.67
1.0
FldObj_GerudoStonepit_A_01_Far
0
2.76
0
-2825.536
183.8907
2322.445
1.0
ActorObserverTag
0
0
0
-2674
105.5
2813.5
1.0
AnchorAction1
0
0
0
-2814
253.4974
2381.92
1.0
LinkTagAnd
0
0
0
-2144.235
428.7148
2450.153
1.0
FldObj_GerudoStonepit_A_01_Far
0
-0.9399999
0
-2630.283
159.8595
2341.663
0.9
ConstraintDummy
0
-0.7400001
0
-2810.86
135.1093
2214.045
1.0
LinkTagOr
0
0
0
-2593.772
290.476
2539.565
1.0
LinkTagOr
-1.466799
-1.517971
1.674789
-2058.51
623.5757
2663.446
1.0
Item_Fruit_I
0
0
0
-2341.737
357.3382
2199.501
1.0
Enemy_Moriblin_Middle
0
1.560001
0
-2282.6
429.5975
2335.725
1.0
FldObj_CliffOrange_A_01_Far
2.640677
-1.256357
-2.861821
-2405.91
371.5338
2314.6
1.0
LinkTagOr
0
-0.7400001
0
-2810.571
135.1093
2211.552
1.0
LinkTagAnd
0
0
0
-2808.843
137.1778
2239.733
1.0
LinkTagAnd
0
0
0
-2695.07
105.9959
2776.77
1.0
FldObj_CliffOrangeWall_A_19
0
0
0
-2397.759
228.8541
2889.74
1.0
LinkTagNAnd
0
0
0
-2686.62
106.32
2839.32
1.0
Obj_LiftRockGerudo_A_01
-0.07921842
0.01115134
0.2499862
-2685.714
205.9565
2929.656
1.0
FldObj_GerudoStonepit_A_02_Far
0
-3.04
0
-2603.815
224.3089
2420.058
1.0
FldObj_CliffOrange_A_07
0
-0.1800001
0
-2274.411
246.666
2895.817
1.0
Enemy_Chuchu_Electric_Middle
0
-1.48
0
-2489.94
339.2913
2361.136
1.0
FldObj_CliffOrangeWall_A_19
0
-0.5199999
0
-2502.195
310.9232
2445.346
1.0
EnemyLookTag
0
-0.6400099
0
-2433.714
407.4815
2193.29
1.0
Area
0
2.603596
0
-2311.893
511.6172
2434.417
2.75
FldObj_CliffOrange_A_03_Far
-0.5812929
-1.390066
0.5888532
-2549.572
225.0791
2315.427
1.0
LinkTagAnd
0
0
0
-2714.91
105.9958
2784.06
1.0
Area
2.030797
1.629207E-07
-1.570796
-2119.12
501.8229
2629.568
1.0
FldObj_CliffOrangeWall_A_33_Far
-0.5333852
1.321496
-0.5065965
-2698.573
163.2507
2987.194
1.0
FldObj_KnightDollMini_01
0
0
-0.7853982
-2722.653
104.3
2813.5
1.0
FldObj_RuinStatueKnightSword_A_01
0
1.570796
0
-2768.675
103.5
2813.304
1.0
LinkTagAnd
0
0
0
-2140.868
425.1295
2442.616
1.0
FldObj_GerudoStonepit_A_02_Far
0
-0.7231858
0
-2358.38
461.1546
2556.865
1.0
DgnObj_EntranceTerminalSP
0
-1.308997
0
-2691.428
105.0056
2816.857
1.0
Area
0
0
0
-2005.103
371.693
2882.827
0.1
FldObj_CliffOrangeMountain_A_04
0
0
0
-2585.831
194.7028
2543.209
1.0
LinkTagOr
0
0
0
-2303.066
488.3575
2553.732
1.0
FldObj_RockOrange_A_L_02_Far
0
-2.635407
0
-2439.271
370.3993
2179.339
1.029838
FldObj_GateGerudoDesert_A_02_Far
-2.258746
1.145878
2.993402
-2933.969
136.5663
2309.123
1.0
Item_Fruit_I
0
-0.5381947
0
-2340.53
357.4666
2199.754
1.0
SitRemainsElec_Far
0
2.760001
0
-2110.354
475.625
2625.581
1.0
FldObj_RockOrangePillar_A_02_Far
0
-0.7427959
0
-2467.101
204.61
2953.896
0.8573266
FldObj_KorokTarget_A_01
0
0
0
-2628.115
169.4946
2751.206
1.0
FldObj_CliffOrange_A_07
0
0.4199999
0
-2804.384
184.5979
2165.718
1.0
DgnObj_WarpPoint_A_01
0
-1.047198
0
-2314.63
530.1522
2441.82
1.0
LinkTagAnd
0
0
0
-2005.402
374.843
2882.527
1.0
FldObj_CliffOrange_A_03_Far
-0.6068676
-0.1571806
0.08806474
-2349.09
351.22
2596.146
1.0
LinkTagAnd
0
-1.047198
0
-2308.75
530.1522
2437.785
0.5
FldObj_GerudoStonepit_A_01_Far
0
1.483186
0
-2367.935
459.3171
2477.367
1.0
FldObj_CliffOrange_A_01_Far
-2.683552
-1.293846
2.613329
-2388.86
402.5605
2354.499
1.0
NPC_oasis004_fr02
0
0
0
-2810.669
134.8653
2238.853
1.0
FldObj_RuinStatueKnightSword_A_01
0
-2.356194
0
-2636.29
103.5
2868.222
1.0
Item_Fruit_I
0
0
0
-2750.813
106.7658
2827.145
1.0
FldObj_CliffOrangeWall_A_19
-0.2145178
0.2309214
0.07698163
-2508.043
315.7034
2315.176
1.0
ActorObserverTag
0
0
0
-2669.7
106
2831.22
1.0
Obj_LiftRockGerudo_A_01
0.03176432
-0.0006504756
0.04094685
-2018.628
188.6401
2186.64
1.0
LinkTagOr
-1.147627
0.2521612
0.3872893
-2594.772
285.976
2539.565
1.0
Npc_HiddenKorokGround
0
0
0
-2018.632
188.74
2186.643
1.0
LookTag
0
1.478408
0
-2800.509
171.0082
2301.053
1.0
FldObj_GerudoStonepit_A_02
0
-0.34
0
-2756.655
182.0485
2365.97
1.0
FldObj_CliffOrangeTop_A_01
-1.279973
-0.02794111
0.3401195
-2633.709
240.3992
2475.646
1.0
DestinationAnchor
0
1.832596
0
-2692.394
105.0054
2817.116
1.0
Area
0
-2.579998
0
-2298.7
353.4617
2850.02
3
LinkTagAnd
0
0
0
-2628.615
170.9946
2751.206
1.0
LinkTagOr
0
0
0
-2714.97
105.9947
2785.78
1.0
FldObj_CliffOrange_A_03
2.999687
0.3182254
3.13247
-2080.325
393.3824
2544.44
1.0
LinkTagAnd
0.5894619
0.2946911
-0.826865
-2016.671
189.7206
2186.673
1.0
FldObj_CliffOrange_A_03_Far
0
-1.24
0
-2174.896
393.1401
2678.568
1.0
LinkTagAnd
0
0
0
-2136.232
422.7062
2465.77
1.0
FldObj_RockOrangePillar_A_02
0
-0.6078302
0
-2471.696
211.465
2932.498
0.8798071
LinkTagAnd
0
0
0
-2686.59
105.9959
2853.51
1.0
FldObj_KnightDollMini_01
0.2999999
0
0.66
-2658.1
104.5
2821.8
1.0
FldObj_DesertRuinPillar_A_02
0
-0.16
0
-2872.922
113.6854
2865.911
1.0
Area
-1.656183
0.17822
-0.1422684
-2084.166
246.4143
2106.559
1.0
ActorObserverTag
0
0
0
-2687.03
106.32
2842.16
1.0
FldObj_RuinStatueKnightSword_A_01_Far
0
-0.7853982
0
-2635.484
103.5
2758.189
1.0
FldObj_KnightDollMini_05
0
0
0.7853982
-2659.238
104.3
2813.5
1.0
LinkTagNAnd
0
0
0
-2664.98
105.9942
2785.69
1.0
Area
0
0.9138113
0
-2059.885
307.673
2420.099
3
LinkTagAnd
0
-2.617994
0
-2316.362
498
2442.82
1.0
SwitchTimeLag
0
0.7000001
0
-2331.565
399.2809
2221.748
1.0
LinkTagAnd
0
0
0
-2663.1
105.9952
2811.21
1.0
FldObj_CliffOrangeWall_A_33
0
1
0
-2069.171
324.4646
2455.844
1.0
ShelterFromRainTag
0
0
0
-2552.774
159.2747
2036.331
1.0
LinkTagNone
0
0
0
-2340.895
378.0313
2229.371
1.0
LinkTagOr
0
3.141593
0
-2020.198
378.2961
2884.231
1.0
FldObj_GerudoStonepit_A_02_Far
0
-2.959999
0
-2668.315
181.6988
2394.5
1.0
FldObj_CliffOrange_A_01_Far
-0.302787
0.1337087
-0.04162121
-2115.647
383.0012
2767.578
1.0
FldObj_KorokStone_A_01
0
1.658062
0
-2592.415
288.8724
2536.962
1.0
LinkTagAnd
0
0
0
-2653.47
105.9958
2809.41
1.0
FldObj_RuinStatueKnightSword_A_01_Far
0
1.570796
0
-2613.095
103.5
2813.4
1.0
Npc_Musician_009
0
0
0
-2800.985
135.9017
2238.873
1.0
ActorObserverTag
0
0
0
-2713.99
107.09
2795.43
1.0
Area
0
-0.5235988
0
-2301.777
499.6172
2440.205
2.75
Item_Fruit_I
0
2.617994
0
-2342.093
357.5682
2199.335
1.0
Area
0
0
0
-2544.972
159.4187
2048.428
50
LinkTagAnd
0
0
0
-2148.5
427
2443.5
1.0
FldObj_GerudoStonepit_A_02_Far
0
2.261593
0
-2734.199
192.973
2361.386
1.0
FldObj_CliffOrangeWall_A_19_Far
-3.136617
-0.9816419
-3.105824
-2327.716
348.5378
2150.823
1.0
LinkTagAnd
0
0
0
-2060.268
625.1603
2663.281
1.0
LinkTagAnd
0
-0.7853982
0
-2691.992
105.0054
2814.824
1.0
LinkTagPulse
0
1.097306
0
-2167.328
337.3488
2081.153
0.25
Area
0
0
0
-2691
103.2
2781.8
0.6
EventTag
0
-1.308997
0
-2691.428
105.0054
2816.857
1.0
LinkTagOr
-0.3390677
-0.05072949
-0.2942784
-2814.108
162.81
2247.107
1.0
Enemy_AirOctarock
-3.050654
-0.06084254
3.111244
-2149.517
427.6804
2437.008
1.0
FldObj_CliffOrangeWall_A_33
-2.728707
1.10755
-2.729373
-2469.807
336.0258
2120.305
1.0
Area
0
2.26
0
-2259.542
358.4554
2224.756
2
Enemy_AirOctarock
-3.040683
-0.4514718
3.072641
-2134.311
421.5699
2453.813
1.0
LinkTagOr
0
-1.500005
0
-2606.729
338.6157
2126.825
1.0
Area
0
-1.047198
0
-2301.319
519.2493
2440.495
2
FldObj_CliffOrange_A_02_Far
-0.09999999
-1.48
0
-2395.155
453.9985
2487.311
1.0
LinkTagAnd
3.141591
-0.01840761
-3.031164
-2685.503
208.5957
2929.647
1.0
LinkTagOr
0
0
0
-2013.587
375.6568
2869.055
1.0
FldObj_CliffOrangeWall_A_34
0.02
0
0.04
-2172.261
323.06
2143.671
1.0
LinkTagAnd
0
0
0
-2255.703
362.299
2221.102
1.0
LinkTagOr
0.2536897
0.2143723
0.3602575
-2942.349
138.6237
2314.098
1.0
LinkTagAnd
0
0
0
-2691.8
104.0109
2814.4
1.0
Area
0
0
0
-2796.191
135.4323
2231.908
50
LinkTagNAnd
0
0
0
-2693.01
105.9942
2776.23
1.0
Area
0
1.658062
0
-2592.09
289.1224
2537.235
0.1
Area
-2.050911
0
1.570796
-2144.037
526.343
2678.675
20
FldObj_CliffOrange_A_03_Far
0
0
0
-2102.2
391.5765
2729.491
1.0
LinkTagNAnd
0
0
0
-2719.37
105.9942
2788.02
1.0
FldObj_RockOrangePillar_A_02
0
-0.7427959
0
-2467.101
204.61
2953.896
0.8573266
Obj_Plant_ChiliPepper_A_01
0
2.341599
0
-2340.76
356.5165
2199.74
1.0
LinkTagOr
-1.570796
0
0
-2304.066
488.3575
2553.732
1.0
FldObj_CliffOrangeWall_A_19
-3.136617
-0.9816419
-3.105824
-2327.716
348.5378
2150.823
1.0
Item_Fruit_I
0
2.617994
0
-2751.169
106.9958
2826.979
1.0
AnchorAction4
0
1.520002
0
-2811.234
134.8653
2242.66
1.0
LinkTagAnd
0
0
0
-2146.733
473.5818
2633.542
1.0
FldObj_GerudoStonepit_A_02_Far
0
-2.463185
0
-2760.265
195.9183
2365.113
1.0
FldObj_CliffOrange_A_01_Far
2.981593
-0.1415939
3.141593
-2763.672
146.4323
2280.818
1.0
FldObj_CliffOrangeWall_A_15_Far
0
-0.46
0
-2804.075
157.917
2491.191
1.0
FldObj_CliffOrangeWall_A_03
0
0
0
-2150.898
315.287
2276.209
1.0
FldObj_CliffOrangeTop_A_01_Far
0
-0.78
0
-2494.627
322.4551
2607.457
1.0
FldObj_CliffOrangeWall_A_19_Far
0
-0.05999983
0
-2460.618
335.1239
2453.952
1.0
FldObj_RockOrange_A_L_02_Far
0
1.807778
0
-2294.732
372.7274
2281.856
1.0
FldObj_RockOrangePillar_A_02_Far
0
-0.6078302
0
-2471.696
211.465
2932.498
0.8798071
LinkTagOr
0
1.097306
0
-2167.557
338.9488
2081.597
1.0
FldObj_CliffOrangeWall_A_15
0.02912613
-0.2588401
-0.02234861
-2662.587
142.2733
2612.974
1.0
Obj_GerdoElevatorStep_A
0
2.792527
0
-2801.28
238.2143
2338.662
1.0
AnchorSleep
0
2.181662
0
-2808.236
135.4614
2231.798
1.0
FldObj_RuinStatueKnight_A_01
0
-3.141593
0
-2691
106
2930
1.0
FldObj_GerudoStonepit_A_02_Far
0
0.8999996
0
-2745.418
230.3384
2415.513
1.0
FldObj_CliffOrange_A_07
-0.05999999
1.52
0
-2034.689
415.1801
2624.836
1.0
LinkTagAnd
0
0
0
-2313.24
488.4414
2559.813
1.0
FldObj_GerudoStonepit_A_01_Far
0
-3
0
-2615.763
220.7799
2429.548
1.0
AnchorAction2
0
1.02
0
-2815.604
134.8654
2242.969
1.0
LinkTagAnd
0
3.141593
0
-2306.566
486.795
2556.732
1.0
FldObj_CliffOrangeWall_A_33
-3.096958
0.07586813
-3.081467
-2542.713
303.8481
2463.059
1.0
NPC_artist_003
0
0.4599999
0
-2788.714
134.8209
2229.985
1.0
FldObj_CliffOrange_A_02_Far
0
-0.09999993
0
-2749.58
196.2743
2197.156
1.0
LinkTagNone
0
0
0
-2780.103
265.2496
2383.91
1.0
Npc_TripMaster_02
0
0.34
0
-2795.665
134.6004
2244.765
1.0
LinkTagAnd
0
0
0
-2663.91
106.62
2808.8
1.0
LinkTagAnd
0
2.283185
0
-2635.403
213.17
2412.764
1.0
LinkTagAnd
0
0
0
-2713.69
106.26
2798.36
1.0
LinkTagNone
0
0
0
-2132.5
421
2460
1.0
ActorObserverTag
0
0
0
-2005.652
372.843
2882.777
1.0
FldObj_KorokStoneLift_A_01
-3.087829
1.478766
-3.0775
-2591.969
290.3687
2541.408
1.0
LinkTagAnd
0
1.361592
0
-2697.367
273.3433
2105.551
1.0
FldObj_GerudoStonepit_A_02_Far
0
-1.621591
0
-2378.035
457.2796
2485.515
1.0
LinkTagAnd
0
0
0
-2683.41
104.1367
2788.31
1.0
LinkTagNAnd
0
0
0
-2663.11
105.9942
2839.05
1.0
FldObj_CliffOrangeMountain_A_04_Far
0
0.1599999
0
-2002.214
318.501
2579.586
1.0
AnchorAction3
0
-2.579998
0
-2800.924
135.4514
2230.176
1.0
LinkTagNAnd
0
0
0
-2694.18
107.44
2786.61
1.0
FldObj_GerudoStonepit_A_02_Far
0
-0.3490658
0
-2793.671
207.4782
2364.574
1.0
FldObj_DesertRuinPillar_A_01
0
-2.497855
0
-2813.545
107.7112
2964.048
1.0
FldObj_CliffOrange_A_01_Far
-1.471651
-0.4271393
-0.1327993
-2684.304
226.2466
2554.657
1.0
LinkTagOr
0
0
0
-2663.07
105.9949
2790.12
1.0
FldObj_CliffOrange_A_03
0
0
0
-2102.2
391.5765
2729.491
1.0
FldObj_KorokStoneLift_A_01
-0.05949978
-0.005668055
-0.004219438
-2315.27
484.2474
2556.778
1.0
FldObj_DesertRuinPillar_A_01_Far
0
0.6564011
0
-2781.217
132.9296
2667.175
1.0
LinkTagAnd
0
0
0
-2206.192
436.1688
2550.621
2
LinkTagAnd
0
0
0
-2691.1
51.5
2813.2
1.0
FldObj_RuinStatueKnight_A_01_Far
0
-2.356194
0
-2609
106
2895.5
1.0
LinkTagAnd
0
0
0
-2719.2
108.17
2816.21
1.0
LinkTagNone
0
0
0
-2282.6
429.5975
2335.725
1.0
Area
0
-2.617994
0
-2311.836
499.6172
2440.32
2.75
FldObj_MapTowerStairWood_A_01_Far
0
0.5235988
0
-2306.836
510
2437.32
1.0
LinkTagAnd
0
0
0
-2803.385
134.5698
2249.605
1.0
Kibako_Contain_01
-0.03982124
1.186947
-0.0462267
-2787.24
215.9027
2344.913
1.0
KorokAnswerResponce
0
2.26
0
-2254.431
360.299
2222.646
1.0
PlayerForbidComebackTag
0
-1.047198
0
-2303.187
516.7646
2435.126
1.0
FldObj_GateGerudoDesert_A_01_Far
0
-1.038338
0
-2548.998
159.6068
2041.823
1.0
FldObj_GerudoStonepit_A_02_Far
0
2.294602
0
-2369.715
456.3186
2433.536
0.9556633
LinkTagAnd
0
0
0
-2731.52
105.9961
2809.12
1.0
LinkTagAnd
0
1.658062
0
-2592.415
291.8724
2536.962
1.0
FldObj_CliffOrangeWall_A_33
-3.130068
-0.3387285
-3.011036
-2486.833
213.9903
2818.697
1.05
TreasureSpot_00
-0.113893
-0.4606152
-0.06862181
-2311.887
357.4836
2186.16
1.0
Enemy_AirOctarock
-0.1281605
-0.782407
0.06579717
-2136.517
424.5316
2446.026
1.0
FldObj_CliffOrangeWall_A_19
-3.104518
0.1180392
-3.121582
-2235.357
348.2019
2202.706
1.0
LinkTagAnd
0
0
0
-2692.79
105.9942
2853.39
1.0
AnchorAction1
0
0
0
-2783.7
265.312
2382.5
1.0
FldObj_CliffOrange_A_02
0
-0.92
0
-2346.104
268.8069
2881.384
1.0
FldObj_GerudoStonepit_A_02
0
-1.621591
0
-2378.035
457.2796
2485.515
1.0
LinkTagAnd
0
0
0
-2131.257
425.4301
2442.176
1.0
LinkTagNAnd
0
0
0
-2717.86
106.51
2817.52
1.0
Obj_SweepCollision
0
-0.7853982
0
-2687.893
119.0054
2810.493
1.0
FldObj_CliffOrangeWall_A_34_Far
0
3.123185
0
-2950.98
228.1078
2173.819
1.0
FldObj_GerudoStonepit_A_02
0
0.66
0
-2710.023
188.4339
2388.933
1.0
TBox_Field_Stone_NoReaction
0
-1.899997
0
-2815.909
135.1327
2221.999
1.0
Area
0
1.570796
0
-2683.771
142.6533
2762.341
1.0
