UnitConfigName/__text
Rotate/value/0
Rotate/value/1
Rotate/value/2
Translate/value/0
Translate/value/1
Translate/value/2
_Scale
FldObj_CliffYellowWall_A_06_Far
-0.5913636
-0.3776083
-0.1525696
-1791.662
332.6862
-1059.291
1.0
TBox_Field_Wood
-5.525795E-05
-0.8144805
-9.73061E-05
-1778.289
217.1468
-1688.327
1.0
LinkTagAnd
0
0
0
-1272.4
208.8725
-1035.537
1.0
TBox_Field_Wood
3.131229
-0.3038508
-3.135283
-1780.044
219.375
-1669.124
1.0
Item_Fruit_E
3.094819
-0.3526426
-2.908866
-1187.779
225.1533
-1327.379
1.0
ConstraintDummy
-2.967679
0.01725337
-3.091815
-1438.221
229.6009
-1668.804
0.5
TwnObj_StableHostel_A_01_Far
0
0.5709339
0
-1559.375
212.325
-1799.053
1.0
LinkTagAnd
0
2.881601
0
-1804.873
34.06281
-1842.399
1.0
FldObj_HyliaStoneRuinStraightWall_A_06
0
2.674395
0
-1233.747
207.4666
-1058.129
1.0
AnchorAction3
0
-2.589065
0
-1556.527
212.825
-1794.616
1.0
FldObj_HyliaStoneRuinStraightWall_A_07
0
-2.617994
0
-1726.738
211.9661
-1656.933
1.0
LinkTagAnd
0
0
0
-1234.313
208.8725
-1094.255
1.0
FldObj_HyliaStoneRuinRightAngleWall_A_02_Far
0
-2.617994
0
-1802.445
211.9661
-1654.867
1.0
FldObj_HyliaStoneRuinStraightWall_A_01_Far
0
-0.4671975
0
-1267.728
207.4666
-1113.63
1.0
Area
0
-2.452527
0
-1488.604
266.7046
-1473.031
25
Obj_BreakBoxIron
-3.141047
0.5201192
3.141439
-1775.764
211.9667
-1656.506
1.0
Item_CookSet
0
-1.62
0
-1940.602
211.6487
-1536.102
1.0
FldObj_HyliaStoneRuinStraightWall_A_02_Far
0
-2.037994
0
-1298.799
207.6833
-1064.132
1.0
FldObj_CliffYellowWall_A_01
0
-2.38
0
-1598.706
207.0206
-1874.45
1.0
FldObj_HyliaStoneRuinDebris_A_01_Far
0
-1.02
0
-1806.591
211.9661
-1649.05
1.0
FldObj_CliffGrayParts_A_08_Far
2.125375
-1.274449
2.965844
-1555.652
237.3655
-1516.206
1.0
Item_Fruit_E
-1.670048
1.350715
-1.701756
-1225.755
253.9888
-1574.624
1.0
FldObj_CliffGrayParts_A_08
2.125375
-1.274449
2.965844
-1555.652
237.3655
-1516.206
1.0
FldObj_CliffYellowWall_A_11
-0.4283978
-0.1929094
0.001066975
-1863.987
317.9583
-1149.551
1.0
FldObj_CliffYellowWall_A_03_Far
2.524449
0.7452831
-2.976438
-1934.309
395.2183
-1294.163
1.0
LinkTagNone
0
0
0
-1942.154
214.9065
-1543.651
1.0
Obj_RockSetYellow_A_L_01
-0.3944789
-1.392583
0.4978449
-2012.29
182.3632
-1566.227
1.25
FldObj_CliffGrayParts_A_11_Far
-1.398179
0.8277853
0.1157107
-1398.891
237.21
-1085.129
1.0
LinkTagAnd
0
-0.46
0
-1267.044
210.6725
-1044.958
1.0
Item_Fruit_E
-2.878052
0.7964451
-2.826894
-1144.906
216.7447
-1207.312
1.0
KorokAnswerResponce
0
0
0
-1094.787
213.6587
-1734.894
1.0
AnchorAction1
0
0
0
-1245
208.8953
-1860
1.0
FldObj_HyliaStoneRuinStraightWall_A_06_Far
0
2.674395
0
-1233.747
207.4666
-1058.129
1.0
Obj_RockSetYellow_A_L_01
2.835816
-0.9129865
3.081605
-1653.572
29.11204
-1873.941
1.0
FldObj_HyliaStoneRuinStraightWall_A_01_Far
0
-2.617994
0
-1755.183
211.9661
-1640.191
1.0
FldObj_CliffYellowWall_A_04_Far
-0.58
1.321593
0
-1828.491
371.6636
-1220.05
1.0
Area
0
-0.46
0
-1234.313
208.8725
-1094.255
2
FldObj_CliffGrayParts_A_05
-2.64
-1.46
0.14
-1686.015
309.4503
-1241.09
1.0
LinkTagNone
0
0
0
-1777.679
211.9661
-1657.188
1.0
FldObj_CliffGrayParts_A_08_Far
-2.372225
0.483721
-0.09601586
-1351.145
216.1164
-1612.875
1.0
FldObj_RockDislocation_D_03_Far
-0.34
0.7231857
5.277825E-09
-1226.05
258.4723
-1555.161
1.0
PosAfterDemoSkip
0
0.6108654
0
-1943.756
249.8813
-1463.882
1.0
FldObj_HyliaStoneRuinBalanceBeam_A_01_Far
0
1.103598
0
-1183.894
207.6117
-1063.205
1.0
FldObj_CliffGrayParts_A_11
-1.259999
1.06
0
-1339.717
245.6584
-1158.459
1.0
Obj_Plant_Lotus_A_01
0
3.103186
0
-1181.974
224.2954
-1277.605
1.0
LinkTagAnd
0
0
0
-1488.604
266.7046
-1473.031
1.0
FldObj_HyliaStoneRuinStraightWall_A_04_Far
0
-1.047198
0
-1724.676
211.6327
-1712.36
1.0
EventTag
0
0.9815929
0
-1940.127
231.6412
-1543.383
1.0
LinkTagAnd
0
0
0
-1781.571
220
-1685.067
1.0
SwitchTimeLag
-1.570796
-0.46
0
-1235.2
210.6725
-1092.463
0.5
Obj_Plant_Lotus_A_01
0
-1.32
0
-1159.806
224.2832
-1309.264
1.0
LinkTagNAnd
0
-2.452527
0
-1491.034
287.7222
-1473.621
0.6
LinkTagNone
0
0
0
-1019.5
208.9637
-1721
1.0
LinkTagOr
0
2.12
0
-1103.931
224.2742
-1369.291
1.0
FldObj_HyliaStoneRuinLookoutSmall_A_01
0
2.094395
0
-1784.882
211.9661
-1624.445
1.0
FldObj_CliffYellowWall_A_03_Far
-0.6599999
0.7999998
0
-1760.978
3.665368
-1946.923
1.0
Item_Fruit_A
0
0
0
-1723.358
254.5903
-1460.533
1.0
LinkTagAnd
0
0
0
-1891.981
420.5857
-1234.487
1.0
KorokAnswerResponce
0
0.7200018
0
-1856.263
393.4964
-1188.308
1.0
FldObj_CliffGrayParts_A_08
1.926751
0.9046966
-3.021584
-1209.726
214.9291
-1662.33
1.0
FldObj_HyliaStoneRuinRightAngleWall_A_01_Far
0
0.5235988
0
-1744.281
211.9661
-1682.012
1.0
Obj_RockSetGray_A_L_01
-2.061828
-0.01057776
1.402822
-1690.209
217.0414
-1584.545
1.0
ActorObserverTag
0
0.7554775
0
-1021.544
116.9594
-1067.073
2
FldObj_CliffGrayParts_A_08
-1.795986
-0.2677003
-0.1038649
-1072.753
195.8603
-1700.641
1.0
Enemy_Bokoblin_Senior
0
-0.5999998
0
-1070.5
246.4604
-1503.5
1.0
FldObj_CliffGrayParts_A_08_Far
1.95607
-0.8929985
-3.060991
-1505.449
258.7031
-1477.977
1.0
FldObj_CliffGrayParts_A_07_Far
2.615002
1.340635
-3.072482
-1621.832
289.1765
-1239.862
1.0
FldObj_HyliaStoneRuinStraightWall_A_02
0
1.103598
0
-1239.097
207.4338
-1067.238
1.0
Obj_RockSetYellow_A_L_01_Far
-0.367504
0.7004544
0.7091736
-1989.925
216.0907
-1507.469
1.0
Obj_Plant_Lotus_A_01
0
-2.3
0
-1099.661
224.2832
-1380.105
1.0
FldObj_HyliaStoneRuinDebris_A_01
0
1.358407
0
-1775.298
211.9661
-1726.25
1.0
SwitchTimeLag
-1.570796
-1.063177
0
-1333.662
211.6099
-1919.458
0.5
FldObj_HyliaStoneRuinStraightWall_A_01_Far
0
-1.047198
0
-1752.504
211.6327
-1760.563
1.0
ForceSetPosDirAutoSaveAnchor
0
0.6890662
0
-1492.893
275.2222
-1478.395
1.0
LinkTagNone
0
0
0
-1070.5
246.4604
-1503.5
1.0
FldObj_CliffGrayParts_A_01
-0.05650462
-1.071496
-1.68052
-1604.27
233.9987
-1002.8
1.0
FldObj_RockDislocation_D_01
0
2.76
0
-1304.534
248.7702
-1546.208
1.0
FldObj_CliffGrayParts_A_04
2.42399
1.315972
-3.089833
-1405.989
235.6731
-1611.084
1.0
BattleBgmRequestFinishTag
0
-2.16
0
-1950.367
231.615
-1526.27
1.0
LinkTagAnd
0
-2.16
0
-1939.449
211.6675
-1539.544
1.0
FldObj_HyliaStoneRuinStraightWall_A_05
0
-2.617994
0
-1821.033
211.9661
-1727.281
1.0
Item_Fruit_A
0
1.396263
0
-1722.639
251.8303
-1463.75
1.0
LinkTagOr
0
-1.063177
0
-1278.371
211.6099
-1946.602
2
Item_Fruit_E
0.4197206
-1.037335
-0.4396568
-1159.007
216.7447
-1195.738
1.0
Obj_RockSetYellow_A_L_01
2.150973
-1.107195
-2.338592
-1557.234
25.57542
-1967.447
1.0
FldObj_CliffGrayParts_A_05
-1.780073
-0.4741542
0.2037741
-1662.655
203.8874
-1641.62
1.0
AnchorAction1_Rain
0
1.967196
0
-1556.23
213.0737
-1805.663
1.0
LinkTagOr
0
0
0
-1187.997
224.2837
-1305.909
1.0
FldObj_HyliaStoneRuinRightAngleWall_A_02
0
-0.4671975
0
-1287.311
207.6814
-1082.871
1.0
DgnObj_DungeonEntrance_A_01
0
-2.530727
0
-1939.9
248.8813
-1458.2
1.0
Item_Fruit_E
-2.76676
0.9840066
-2.73998
-1105.841
225.1432
-1371.04
1.0
LinkTagAnd
0
0
0
-1544.3
212.2225
-1793.921
1.0
FldObj_CliffYellowWall_A_02
2.651847
-0.6927918
2.967975
-1674.88
11.96367
-1940.135
1.0
BeeHome
0
1.823184
0
-1942.154
214.9065
-1543.651
1.0
SwitchTimeLag
-1.570796
1.18
0
-1233.767
221.8282
-1004.178
0.5
AnchorAction1
0
-0.04373613
0
-1563.51
212.2225
-1786.642
1.0
Npc_HiddenKorokGround
0
-2.881593
0
-1230.517
207.6727
-999.8165
1.0
FldObj_CliffYellowWall_A_04
-0.58
1.321593
0
-1828.491
371.6636
-1220.05
1.0
FldObj_CliffGrayParts_A_05
2.328288
1.461298
2.609209
-1648.916
287.1515
-1167.798
1.0
FldObj_HyliaStoneRuinDebris_A_01
0
-0.34
0
-1757.018
212.0026
-1761.896
1.0
LinkTagOr
0
0.7200018
0
-1889.75
421.5793
-1233.615
1.0
Enemy_Bokoblin_Senior
0
-0.6800001
0
-1575.585
268.1512
-1215.564
1.0
Enemy_Bokoblin_Senior
0
0
0
-1029.5
209.4418
-1715
1.0
FldObj_HyliaStoneRuinBalanceBeam_A_01_Far
0
0.5235988
0
-1710.014
211.9661
-1672.44
1.0
ActorObserverTag
0
0.7554775
0
-1020.088
116.9594
-1068.444
2
Area
0
-1.063177
0
-1306.312
207.1099
-1932.579
1.0
FldObj_CliffGrayParts_A_08_Far
2.021081
-0.7281836
-2.967077
-1445.392
282.8938
-1445.624
1.0
FldObj_CliffGrayParts_A_08_Far
2.667666
-0.9685642
2.445342
-1384.318
246.8778
-1547.99
1.0
LinkTagOr
0.05193811
0.0009347317
-0.03598201
-1883.901
26.46049
-1813.052
1.0
LinkTagAnd
0
-1.063177
0
-1306.312
213.6099
-1932.579
2
FldObj_CliffYellowWall_A_03
-0.6599999
0.7999998
0
-1760.978
3.665368
-1946.923
1.0
DragonDropItemTarget
0
0
0
-1798.831
28.36322
-1855.203
1.0
FldObj_HyliaStoneRuinStraightWall_A_06
0
-2.037994
0
-1285.693
207.6448
-975.827
1.0
Obj_RockSetYellow_A_L_01
0.6981788
-1.280422
-0.9819883
-1594.946
28.0781
-1935.443
1.0
FldObj_HyliaStoneRuinDebris_A_01
0
0
0
-1716.044
211.9493
-1738.743
1.0
FldObj_CliffGrayParts_A_08_Far
-1.470604
-0.9715508
0.09143882
-1602.306
203.3674
-1775.604
1.0
LinkTagNone
0
0
0
-1765.466
211.9783
-1697.866
1.0
AnchorAction2
0
0.5235988
0
-1566.907
212.2225
-1781.167
1.0
LinkTagAnd
0
0
0
-1331.717
207.1099
-1915.962
1.0
FldObj_HyliaStoneRuinRightAngleWall_A_02
0
0.5235988
0
-1767.429
211.9661
-1659.711
1.0
Obj_RockSetGray_A_L_01
1.418421
-0.3330497
0.138718
-1195.824
243.7148
-1588.217
1.0
FldObj_CliffGrayParts_A_04_Far
1.731034
0.04106832
2.645974
-1565.098
265.6529
-1197.807
1.0
Area
0
0.5235988
0
-1781.571
220
-1685.067
1.0
FldObj_HyliaStoneRuinStraightWall_A_05
0
1.103598
0
-1236.82
207.5981
-1002.675
1.0
LinkTagNOr
0
0.6
0
-1559.864
213.4184
-1774.818
1.0
FldObj_CliffYellowWall_A_02_Far
2.651847
-0.6927918
2.967975
-1674.88
11.96367
-1940.135
1.0
ActorObserverTag
0
0.5709339
0
-1550.188
217.325
-1784.749
1.0
LinkTagOr
0
-1.08
0
-1160.811
215.8756
-1197.596
1.0
FldObj_CliffYellowWall_A_06
0
3.103185
0
-1709.756
202.0348
-1847.95
1.0
DgnObj_EntranceTerminal_A_01
0
-3.054327
0
-1944.98
249.8814
-1461.968
1.0
Item_Fruit_A
0
0
0
-1820.719
217.9128
-1548.214
1.0
Item_Fruit_E
0.03490658
0
-0.2181662
-1185.508
225.1527
-1306.625
1.0
FldObj_HyliaStoneRuinStraightWall_A_02
0
-0.467198
0
-1262.059
207.7198
-1038.219
1.0
Npc_HiddenKorokGround
0
2.68
0
-1227.239
255.96
-1578.176
1.0
LocationTag
0
0
0
-1488.604
266.7046
-1473.031
1.0
FldObj_HyliaStoneRuinStraightWall_A_04_Far
0
-2.617994
0
-1778.192
211.6327
-1719.832
1.0
DestinationAnchor
0
0.08726668
0
-1945.067
249.8813
-1462.964
1.0
FldObj_HyliaStoneRuinDebris_A_01_Far
0
-0.4399999
0
-1243.085
207.6534
-976.8889
1.0
FldObj_CliffYellowWall_A_06
-0.5913636
-0.3776083
-0.1525696
-1791.662
332.6862
-1059.291
1.0
FldObj_CliffGrayParts_A_04_Far
-1.273455
0.7539759
0.04349323
-1535.023
247.0387
-1070.446
1.0
FldObj_CliffYellowWall_A_03_Far
2.588645
-0.5737146
2.585681
-1872.947
373.1228
-1287.908
1.0
FldObj_CliffGrayParts_A_08_Far
-1.540688
-0.3450002
0.2003234
-1260.559
201.393
-1739.18
1.0
FldObj_HyliaStoneRuinRightAngleWall_A_02_Far
0
0.5235988
0
-1767.429
211.9661
-1659.711
1.0
LinkTagAnd
0
-2.452527
0
-1491.261
275.2222
-1478.616
0.3
LinkTagAnd
0
0
0
-1278.371
207.1099
-1946.602
1.0
FldObj_HyliaStoneRuinStraightWall_A_02_Far
0
1.103598
0
-1239.097
207.4338
-1067.238
1.0
FldObj_HyliaStoneRuinStraightWall_A_01
0
2.674395
0
-1268.837
207.8
-1041.642
1.0
FldObj_RockDislocation_D_02_Far
0.09551895
1.058446
0.04073253
-1234.761
253.876
-1544.684
1.0
Obj_TreeApple_A_M_01
0
0
0
-1875.93
211.6762
-1558.169
1.0
Area
0
-2.16
0
-1949.508
218.6569
-1539.035
2
FldObj_HyliaStoneRuinStraightWall_A_02_Far
0
-2.617994
0
-1805.621
211.9661
-1736.187
1.0
LinkTagOr
0
-2.78
0
-1185.704
224.2843
-1328.929
1.0
Obj_RockSetYellow_A_L_01
-0.367504
0.7004544
0.7091736
-1989.925
216.0907
-1507.469
1.0
FldObj_CliffYellowWall_A_03
2.704555
1.103696
-2.857085
-1977.015
362.0553
-1362.856
1.0
FldObj_CliffYellowWall_A_03_Far
2.875792
0.7420908
-2.532439
-1965.371
371.3708
-1340.585
1.0
ActorObserverTag
0
0
0
-1092.287
212.6587
-1734.894
1.0
FldObj_CliffGrayParts_A_05_Far
2.966584
-0.261998
-2.78174
-1777.63
271.6168
-1400.484
1.0
LinkTagAnd
0
0
0
-1947.4
249
-1452.8
1.0
FldObj_HyliaStoneRuinDebris_A_01
0
-1.943186
0
-1210.681
207.6763
-1081.277
1.0
LinkTagOr
0
0
0
-1092.287
213.6587
-1734.894
1.0
Enemy_Bokoblin_Senior
0
2.959999
0
-1547.666
261.7188
-1133.291
1.0
Npc_Attacked_005
0
0.09840775
0
-1245
208.8783
-1860
1.0
FldObj_CliffGrayParts_A_04_Far
-0.213837
0.9172019
0.4131251
-1345.951
244.414
-1139.673
1.0
FldObj_HyliaStoneRuinStraightWall_A_02
0
-2.037994
0
-1242.616
207.4338
-991.5814
1.0
FldObj_HyliaStoneRuinStraightWall_A_02_Far
0
-0.4671975
0
-1254.022
207.4338
-1107.012
1.0
LinkTagNAnd
0
-1.063177
0
-1332.69
213.6099
-1917.71
2
LinkTagOr
0
1.600001
0
-1224.967
253.1198
-1572.157
1.0
FldObj_HyliaStoneRuinRightAngleWall_A_02_Far
0
-2.617994
0
-1822.031
211.9661
-1680.598
1.0
LinkTagAnd
0
0
0
-1947.4
249
-1452.8
1.0
LinkTagOr
0
0
0
-1876.529
211.6762
-1554.697
1.0
FldObj_HyliaStoneRuinGate_A_01_Far
0
0.5235988
0
-1813.678
211.9661
-1647.694
1.0
Obj_Plant_Lotus_A_01
0
2.303185
0
-1097.958
224.2832
-1370.465
1.0
LinkTagAnd
0
0.5709339
0
-1550.188
222.325
-1784.749
1.0
LinkTagOr
0
2.32
0
-1142.686
215.8756
-1205.977
1.0
LinkTagOr
0
0.5623014
0
-1076.957
241.0356
-1278.975
1.0
FldObj_CliffGrayParts_A_08_Far
-2.072504
-0.5120734
0.1816695
-1474.138
224.803
-1602.469
1.0
FldObj_ScaffoldWood_B_02_Far
0
-0.8615925
0
-1781.571
211.2732
-1685.067
1.0
LinkTagAnd
0
-0.46
0
-1273.732
210.6725
-1032.849
1.0
Obj_RockSetYellow_A_L_01_Far
0.6981788
-1.280422
-0.9819883
-1594.946
28.0781
-1935.443
1.0
FldObj_HyliaStoneRuinStraightWall_A_02
0
-1.047198
0
-1744.667
211.5999
-1747.516
1.0
FldObj_HyliaStoneRuinStraightWall_A_05_Far
0
-2.037994
0
-1306.811
207.6966
-1048.236
1.0
FldObj_CliffGrayParts_A_08
1.95607
-0.8929985
-3.060991
-1505.449
258.7031
-1477.977
1.0
SignalFlowchart
0
-1.063177
0
-1331.717
209.6099
-1915.962
2
Area
0
1.18
0
-1235.616
220.0282
-1004.94
2
AnchorAction2
0
0.1745329
0
-1560.606
213.4036
-1806.271
1.0
FldObj_CliffYellowWall_A_03_Far
2.704555
1.103696
-2.857085
-1977.015
362.0553
-1362.856
1.0
Obj_Plant_Lotus_A_01
0
-2.76
0
-1088.191
224.2832
-1377.485
1.0
Animal_Dog_B
0
0
0
-1544.3
212.2225
-1793.921
1.0
FldObj_CliffGrayParts_A_11_Far
1.80371
0.7511684
-2.985505
-1438.039
220.9213
-1665.042
1.0
FldObj_CliffYellowWall_A_11_Far
-0.4283978
-0.1929094
0.001066975
-1863.987
317.9583
-1149.551
1.0
FldObj_HyliaStoneRuinStraightWall_A_05_Far
0
0.5235988
0
-1841.315
211.9661
-1666.309
1.0
Obj_Plant_Korok_A_01
0
-1.961593
0
-1235.616
218.8282
-1004.94
1.0
Obj_LiftRockWhite_Korok_A_01
0
0
0
-1092.287
210.4587
-1734.894
1.0
FldObj_HyliaStoneRuinStraightWall_A_04
0
-1.047198
0
-1724.676
211.6327
-1712.36
1.0
FldObj_HyliaStoneRuinRightAngleWall_A_02_Far
0
1.103598
0
-1313.44
207.7222
-1029.128
1.0
FldObj_CliffYellowWall_A_05_Far
0
-2.299999
0
-1992.295
207.4323
-1686.524
1.0
ActorObserverTag
0
0
0
-1091.287
212.6587
-1734.894
1.0
Weapon_Sword_006
2.407722
1.464793
-1.908371
-1949.951
211.878
-1530.44
1.0
LinkTagAnd
0
-2.881593
0
-1230.034
210.1727
-999.9453
1.0
LinkTagOr
0
-2.386115
0
-1018.224
119.4594
-1065.735
1.0
FldObj_HyliaStoneRuinGate_A_01_Far
0
-0.4671975
0
-1260.813
207.4666
-1110.147
1.0
FldObj_HyliaStoneRuinStraightWall_A_04_Far
0
2.094395
0
-1790.929
211.9661
-1639.476
1.0
FldObj_CliffGrayParts_A_08
-2.812537
-0.6813144
1.160196
-1858.486
239.7473
-1461.897
1.0
Obj_TreeApple_A_M_01
0
0
0
-1888.73
219.469
-1498.738
1.0
Npc_HiddenKorokFly
0
-2.421591
0
-1855.986
395.4964
-1192.541
1.0
LinkTagOr
0
2
0
-1187.907
224.2864
-1326.802
1.0
LinkTagAnd
0
0.6
0
-1560.313
213.4135
-1771.579
1.0
FldObj_CliffYellowWall_A_04
3.130491
-0.02830082
3.135727
-1883.368
338.7877
-1346.853
1.0
Npc_HiddenKorokGround
0
0.1168231
0
-1309.765
209.0709
-1941.56
1.0
FldObj_HyliaStoneRuinDebris_A_01_Far
0
1.938407
0
-1267.99
207.657
-1072.437
1.0
SwitchTimeLag
-1.570796
0
0
-1092.287
215.6587
-1734.894
0.5
LinkTagXOr
0
-1.063177
0
-1307.284
211.6099
-1934.327
0.5
FldObj_CliffGrayParts_A_01
-1.569847
0.04001446
-0.03074378
-1584.963
275.2789
-1155.424
1.0
FldObj_CliffGrayParts_A_08_Far
1.926751
0.9046966
-3.021584
-1172.843
208.1322
-1680.15
1.0
AnchorSleep
0
2.094395
0
-1566.906
213.699
-1794.132
1.0
FldObj_HyliaStoneRuinRightAngleWall_A_02_Far
0
0.5235988
0
-1837.167
211.9661
-1715.008
1.0
PosAfterDemoSkip
0
0.6890662
0
-1492.893
275.2222
-1478.395
1.0
FldObj_CliffGrayParts_A_08
1.640944
0.008836291
-2.775678
-1540.629
248.951
-1401.78
1.0
FldObj_HyliaStoneRuinRightAngleWall_A_01_Far
0
-2.037994
0
-1193.995
207.6722
-1036.268
1.0
Obj_RockSetGray_A_L_01
-1.57012
0.3243416
-1.178225
-1637.059
292.5599
-1137.613
1.0
FldObj_HyliaStoneRuinRightAngleWall_A_01_Far
0
-2.617994
0
-1733.226
211.9661
-1655.445
1.0
Area
0
0.5709339
0
-1559.375
214.825
-1799.053
1.0
SwitchTimeLag
-1.570796
-1.063177
0
-1280.315
211.6099
-1950.097
0.5
FldObj_HyliaStoneRuinDebris_A_01
0
2.198407
0
-1753.078
211.9661
-1683.406
1.0
FldObj_CliffGrayParts_A_08_Far
2.024523
0.1730585
3.113655
-1273.645
230.5619
-1594.338
1.0
FldObj_HyliaStoneRuinStraightWall_A_05_Far
0
-2.617994
0
-1821.033
211.9661
-1727.281
1.0
Area
0
0.6799999
0
-1060.24
229.3895
-1925.863
8
FldObj_HyliaStoneRuinStraightWall_A_07_Far
0
-2.037994
0
-1189.384
207.6708
-1041.069
1.0
FldObj_HyliaStoneRuinLookoutSmall_A_01
0
0.22
0
-1203.999
215.5241
-1204.998
1.0
LinkTagOr
0
-1.063177
0
-1331.717
211.6099
-1915.962
2
FldObj_CliffGrayParts_A_05
2.966584
-0.261998
-2.78174
-1777.63
271.6168
-1400.484
1.0
Npc_HiddenKorokGround
0
2.781592
0
-1094.139
210.8778
-1731.894
1.0
LinkTagAnd
0
0.5623014
0
-1077.803
241.0356
-1278.441
1.0
FldObj_CliffYellowWall_A_04_Far
3.125587
-0.1074711
-2.91313
-1749.804
354.9046
-1232.321
1.0
LinkTagOr
0
0
0
-1220.34
253.1198
-1574.084
1.0
LinkTagOr
0
0
0
-1889.329
219.469
-1495.265
1.0
FldObj_CliffYellowWall_A_04_Far
2.920134
0.5061978
-2.968597
-1837.836
341.2431
-1332.78
1.0
LinkTagAnd
0
0
0
-1093.07
232.0975
-1299.368
1.0
FldObj_CliffGrayParts_A_08
2.021081
-0.7281836
-2.967077
-1445.392
282.8938
-1445.624
1.0
Obj_BreakBoxIron
0.0002443733
-0.5015834
-0.0001123352
-1767.22
211.9785
-1698.828
1.0
FldObj_HyliaStoneRuinLookoutSmall_A_01
0
-1.350798
0
-1224.844
215.5241
-1200.337
1.0
FldObj_HyliaStoneRuinStraightWall_A_06
0
-2.617994
0
-1817.753
211.6327
-1695.139
1.0
LinkTagOr
0
2.881601
0
-1805.84
34.06281
-1842.656
1.0
LookTag
0
-2.452527
0
-1495.28
274.2222
-1481.136
1.0
FldObj_CliffGrayParts_A_08_Far
-0.8411921
0.7082962
0.0465433
-1604.354
257.7147
-1063.318
1.0
FldObj_CliffGrayParts_A_08_Far
-1.958153
0.3513109
-0.4270494
-1758.234
239.043
-1477.256
1.0
FldObj_ScaffoldWood_B_02
0
-0.8615925
0
-1781.571
211.2732
-1685.067
1.0
FldObj_HyliaStoneRuinStraightWall_A_07
0
1.103598
0
-1244.406
207.4666
-1057.717
1.0
Npc_HiddenKorokGround
0
3.12
0
-1436.289
231.0027
-1668.662
1.0
LinkTagAnd
0
-3.043185
0
-1251.229
208.8783
-1851.849
1.0
DgnObj_EntranceElevator_A_01
0
-2.452527
0
-1488.604
275.2224
-1473.031
1.0
FldObj_CliffGrayParts_A_08
-1.722615
-0.7789797
0.005176299
-1209.87
200.6273
-1741.493
1.0
Obj_Plant_Lotus_A_01
0
-1.959999
0
-1148.437
215.8846
-1209.028
1.0
DragonDropItemTarget
0
0
0
-1749.274
5.782001
-1930.122
1.0
LinkTagPulse
0.05193811
0.0009347317
-0.03598201
-1883.459
24.84568
-1813.135
0.25
Area
0.5151204
0.6630463
0.2788524
-1891.981
420.5857
-1234.487
0.7
FldObj_HyliaStoneRuinStraightWall_A_02_Far
0
-2.037994
0
-1242.616
207.4338
-991.5814
1.0
Obj_TreeApple_A_M_01
0
1.823184
0
-1942.842
211.6487
-1545.442
1.0
FldObj_CliffGrayParts_A_08
-2.072504
-0.5120734
0.1816695
-1474.138
224.803
-1602.469
1.0
AnchorAction1_Rain
0
0.4235988
0
-1555.082
212.815
-1807.59
1.0
FldObj_CliffYellowWall_A_04
3.032252
0.833281
-2.777583
-1813.855
345.0283
-1309.145
1.0
WildHorseCreateTag01
0
0
0
-1786.616
354.5058
-1150.554
1.0
FldObj_HyliaStoneRuinDebris_A_01_Far
0
-2.56
0
-1741.654
211.9661
-1735.611
1.0
LinkTagNAnd
0
-2.530727
0
-1942.276
262.3813
-1458.978
0.6
LinkTagAnd
0
0
0
-1559.375
212.325
-1799.053
1.0
FldObj_HyliaStoneRuinStraightWall_A_01
0
-2.617994
0
-1755.183
211.9661
-1640.191
1.0
TBox_Field_Iron_NoReaction
3.05888
-0.4569018
2.774349
-1542.008
212.0024
-1761.31
1.0
Item_Fruit_A
0
0
0
-1721.579
251.3553
-1463.72
1.0
Item_Fruit_E
3.079733
-0.410987
-2.903242
-1196.281
225.1554
-1299.39
1.0
RememberTag
0
0
0
-1091.216
232.4676
-1301.683
1.0
LinkTagAnd
0
0.6
0
-1561.288
213.4199
-1777.244
1.0
FldObj_HyliaStoneRuinDebris_A_01_Far
0
-0.541593
0
-1765.703
211.5989
-1718.208
1.0
LinkTagOr
0
-0.46
0
-1272.4
210.6725
-1035.537
1.0
FldObj_CliffGrayParts_A_05
2.668057
-0.3341476
1.60285
-1680.054
249.6911
-1380.846
1.0
FldObj_CliffGrayParts_A_07_Far
2.354182
-0.01849775
1.867819
-1726.313
270.5686
-1365.698
1.0
LinkTagNAnd
0
1.18
0
-1233.604
221.8282
-1001.948
1.0
FldObj_HyliaStoneRuinRightAngleWall_A_02
0
0.5235988
0
-1837.167
211.9661
-1715.008
1.0
ForceSetPosDirAutoSaveAnchor
0
0.6108654
0
-1943.756
249.8813
-1463.882
1.0
FldObj_CliffGrayParts_A_07_Far
2.942179
-1.079386
2.347941
-1410.906
281.8246
-1493.869
1.0
LocationTag
0
0
0
-1947.4
249
-1452.8
1.0
AnchorAction1
0
-0.22
0
-1542.917
212.2333
-1802.77
1.0
Item_Fruit_E
0.03490658
0
-0.2181662
-1183.448
225.1472
-1326.649
1.0
Enemy_Bokoblin_Senior
0
3.043183
0
-1642.141
291.3391
-1255.074
1.0
FldObj_CliffGrayParts_A_07
-0.7392377
1.146891
-0.08049673
-1580.094
278.3409
-1163.283
1.0
FldObj_CliffGrayParts_A_07
1.044367
0.4098147
1.901936
-1638.351
249.5512
-1024.375
1.0
FldObj_HyliaStoneRuinGate_A_01_Far
0
-1.047198
0
-1748.629
211.6327
-1753.86
1.0
FldObj_CliffGrayParts_A_07
2.354182
-0.01849775
1.867819
-1726.313
270.5686
-1365.698
1.0
Item_Fruit_I
0
-0.7997933
0
-1550.756
213.1727
-1810.753
1.0
Obj_RockYellow_A_L_04_Far
-0.1521787
-0.5006652
0.3896238
-1485.856
52.27499
-1983.995
1.0
Obj_RockLayerMoss_A_Cliff_02
3.139372
-0.1217248
3.021882
-1056.33
228.9987
-1317.613
1.0
AnchorAction1
0
1.745329
0
-1544.123
212.2233
-1801.566
1.0
FldObj_CliffGrayParts_A_05_Far
-0.5938141
0.8746336
-0.03646405
-1595.656
252.4374
-1081.198
1.0
FldObj_CliffGrayParts_A_11
2.387738
0.1558089
2.961678
-1178.06
268.4965
-1515.336
1.0
FldObj_CliffGrayParts_A_08_Far
1.926751
0.9046966
-3.021584
-1209.726
214.9291
-1662.33
1.0
FldObj_HyliaStoneRuinGate_A_01
0
-0.4671975
0
-1260.813
207.4666
-1110.147
1.0
FldObj_CliffGrayParts_A_08_Far
1.640944
0.008836291
-2.775678
-1540.629
248.951
-1401.78
1.0
FldObj_CliffGrayParts_A_05_Far
0.4377128
-0.8382908
-2.777493
-1648.884
260.6959
-1035.306
1.0
FldObj_HyliaStoneRuinDebris_A_01
0
-1.64
0
-1823.665
211.9661
-1686.366
1.0
FldObj_HyliaStoneRuinRightAngleWall_A_01
0
-2.037994
0
-1193.995
207.6722
-1036.268
1.0
DgnObj_EntranceShutter_A_01
0
-2.452527
0
-1491.02
275.2224
-1475.964
1.0
AnchorAction1_Rain
0
0.5235988
0
-1556.462
212.2225
-1785.478
1.0
FldObj_HyliaStoneRuinDebris_A_01_Far
0
-0.34
0
-1757.018
212.0026
-1761.896
1.0
FldObj_CliffGrayParts_A_01
2.402195
-0.314043
-3.139661
-1481.067
265.3365
-1431.743
1.0
Enemy_Moriblin_Senior
0
1.82
0
-1831.326
211.9661
-1653.391
1.0
LinkTagAnd
0
-3.043185
0
-1247.003
208.8783
-1849.754
1.0
LinkTagNone
0
0
0
-1950.151
216.6969
-1539.465
1.0
FldObj_HyliaStoneRuinStraightWall_A_03
0
-2.037994
0
-1252.822
207.4666
-1092.112
1.0
Obj_Plant_Lotus_A_01
0
0
0
-1185.15
224.2947
-1310.059
1.0
FldObj_HyliaStoneRuinBalanceBeam_A_01
0
1.103598
0
-1183.894
207.6117
-1063.205
1.0
FldObj_CliffYellowWall_A_02_Far
-0.4560114
0.07954097
-0.6179148
-1760.063
12.23952
-2019.444
1.0
Area
0
0.7200018
0
-1855.986
395.4464
-1192.541
1.7
Item_Fruit_A
0
0
0
-1822.498
221.1478
-1545.026
1.0
Enemy_Bokoblin_Senior
0
-3.043185
0
-1244.509
209.0093
-1855.024
1.0
FldObj_HyliaStoneRuinDebris_A_01
0
-1.02
0
-1806.591
211.9661
-1649.05
1.0
FldObj_HyliaStoneRuinStraightWall_A_02_Far
0
0.5235988
0
-1753.979
211.5999
-1706.067
1.0
FldObj_HyliaStoneRuinStraightWall_A_04
0
-0.4671975
0
-1276.363
207.6685
-1079.49
1.0
LinkTagOr
0
2.82
0
-1799.35
32.71352
-1846.188
1.0
LinkTagOr
0
-2.72
0
-1194.303
224.2864
-1301.062
1.0
FldObj_CliffYellowWall_A_05
0
-2.299999
0
-1992.295
207.4323
-1686.524
1.0
LinkTagNAnd
0
-1.063177
0
-1279.343
213.6099
-1948.349
2
FldObj_CliffYellowWall_A_04
2.920134
0.5061978
-2.968597
-1837.836
341.2431
-1332.78
1.0
FldObj_HyliaStoneRuinGate_A_01_Far
0
2.094395
0
-1762.075
211.6068
-1707.638
1.0
FldObj_CliffYellowWall_A_09
3.081592
1.461593
3.141593
-1727.588
293.456
-1190.623
1.0
AnchorSleep
0
1.570796
0
-1568.393
213.6986
-1798.634
1.0
DestinationAnchor
0
0.1654675
0
-1494.128
275.2222
-1477.377
1.0
LinkTagPulse
0
-1.401584
0
-1805.188
32.46281
-1841.542
0.25
Npc_HyruleWestHatago002
0
1.745329
0
-1544.979
212.2225
-1800.326
1.0
FldObj_CliffGrayParts_A_06
-1.81293
1.298897
-0.7441919
-1713.458
224.6835
-1528.971
1.0
LinkTagOr
0
-0.46
0
-1265.712
210.6725
-1047.646
1.0
FldObj_CliffYellowWall_A_02_Far
2.638993
-0.6336523
2.975893
-1781.505
22.07304
-1869.315
1.0
FldObj_ScaffoldWood_A_03
0
-2.170796
0
-1925.182
212.603
-1551.583
1.0
LinkTagAnd
0
0.6
0
-1564.328
213.4199
-1776.468
1.0
FldObj_CliffWhiteWall_A_03_Far
-0.1898663
0.7589782
-0.01479688
-1058.58
168.2796
-1085.555
1.0
LinkTagAnd
0
-2.16
0
-1949.695
211.6569
-1529.335
1.0
Item_Fruit_A
0
1.396263
0
-1821.779
218.3878
-1548.244
1.0
SignalFlowchart
0
-1.063177
0
-1278.371
209.6099
-1946.602
2
Obj_RockSetYellow_A_L_01_Far
0.6547332
0.5865682
2.390213
-1942.207
218.0931
-1499.739
1.0
Enemy_Moriblin_Senior
0
1.82
0
-1747.656
211.9783
-1687.989
1.0
Obj_LiftRockWhite_A_01
-0.2971618
-1.100289
0.1754546
-1077.38
238.4356
-1278.708
1.0
AnchorAction1
0
2.792527
0
-1541.441
212.2225
-1792.742
1.0
FldObj_HyliaStoneRuinRightAngleWall_A_02
0
-2.617994
0
-1822.031
211.9661
-1680.598
1.0
LinkTagAnd
0
0
0
-1944.98
249.8814
-1461.968
1.0
FldObj_HyliaStoneRuinStraightWall_A_01
0
-1.047198
0
-1752.504
211.6327
-1760.563
1.0
LinkTagNAnd
0
-0.46
0
-1237.437
210.6725
-1092.455
1.0
Enemy_Bokoblin_Senior
0
1.82
0
-1754.721
211.9661
-1647.729
1.0
LinkTagAnd
0.5658044
0.2722897
-0.8744034
-1075.38
239.4356
-1278.713
1.0
Obj_Plant_ChiliPepper_A_01
0
2.08
0
-1550.974
212.2227
-1810.826
1.0
FldObj_HyliaStoneRuinDebris_A_01
0
-2.523185
0
-1722.517
211.9539
-1702.237
1.0
FldObj_CliffGrayParts_A_05
-2.007045
0.2300334
-1.058125
-1610.991
251.0278
-1325.212
1.0
LinkTagOr
0
0
0
-1185.938
224.2782
-1325.933
1.0
Enemy_Bokoblin_Senior
0
0
0
-1622.833
287.2148
-1125.842
1.0
FldObj_CliffYellowHead_A_01
0
-1.02
0
-1904.876
370.2371
-1240.563
1.0
FldObj_CliffYellowWall_A_04_Far
3.130491
-0.02830082
3.135727
-1883.368
338.7877
-1346.853
1.0
Obj_Plant_Korok_A_01
0
2.681593
0
-1234.313
207.6726
-1094.255
1.0
Obj_Plant_Korok_A_01
0
-2.041588
0
-1226.597
207.6692
-1001.778
1.0
FldObj_CliffGrayParts_A_06_Far
-1.81293
1.298897
-0.7441919
-1713.458
224.6835
-1528.971
1.0
Enemy_Bokoblin_Senior
0
-2.62
0
-1938.461
211.6571
-1530.909
1.0
LinkTagAnd
0
-2.452527
0
-1491.261
275.2222
-1478.616
0.3
FldObj_CliffYellowWall_A_04_Far
3.032252
0.833281
-2.777583
-1813.855
345.0283
-1309.145
1.0
EnemyFortressMgrTag
0
-1.62
0
-1940.602
211.6487
-1536.102
1.0
FldObj_HyliaStoneRuinRightAngleWall_A_02
0
-2.617994
0
-1802.445
211.9661
-1654.867
1.0
FldObj_HyliaStoneRuinStraightWall_A_03
0
-2.617994
0
-1751.828
211.6327
-1734.395
1.0
AnchorAction1
0
-2.968789
0
-1542.92
212.2225
-1800.345
1.0
FldObj_CliffGrayParts_A_11
-1.398179
0.8277853
0.1157107
-1398.891
237.21
-1085.129
1.0
AnchorSleep
0
2.094395
0
-1557.829
213.9088
-1799.986
1.0
Item_Fruit_E
-2.664928
1.09242
-2.652103
-1189.594
225.1554
-1328.768
1.0
SwitchTimeLag
-1.570796
0.7554775
0
-1020.131
119.9594
-1067.03
0.5
Enemy_Bokoblin_Senior
0
-1.66
0
-1866.314
5.350998
-1883.026
1.0
FldObj_HyliaStoneRuinDebris_A_01
0
-1.98
0
-1244.978
207.6814
-1098.706
1.0
FldObj_HyliaStoneRuinDebris_A_01_Far
0
-1.943186
0
-1210.681
207.6763
-1081.277
1.0
FldObj_HyliaStoneRuinGate_A_01
0
-1.047198
0
-1748.629
211.6327
-1753.86
1.0
Enemy_Moriblin_Senior
0
1.82
0
-1770.5
211.9905
-1732
1.0
FldObj_RockDislocation_D_02_Far
0
0
0
-1164.772
249.4912
-1545.386
1.0
AnchorAction2
0
2.96706
0
-1249.5
208.7555
-1848.3
1.0
FldObj_CliffGrayParts_A_07
2.024059
-0.1284673
2.194877
-1675.489
301.7299
-1253.61
1.0
FldObj_CliffGrayParts_A_08
1.769613
0.6191068
-3.110945
-1249.447
204.1117
-1730.637
1.0
Obj_Plant_Lotus_A_01
0
0
0
-1175.396
224.2923
-1282.819
1.0
FldObj_CliffYellowWall_A_03
2.588645
-0.5737146
2.585681
-1872.947
373.1228
-1287.908
1.0
FldObj_HyliaStoneRuinStraightWall_A_06_Far
0
-2.037994
0
-1285.693
207.6448
-975.827
1.0
Obj_RockWhiteCover_A_L_01
0
-2.356194
0
-1941
247
-1464
1.0
AnchorAction1_Rain
0
0.1745329
0
-1560.63
213.4033
-1806.275
1.0
Obj_RockSetGray_A_L_01
1.365473
-0.8414359
-2.280754
-1702.461
287.2757
-1328.922
1.0
LinkTagAnd
0
0
0
-1092.287
215.6587
-1734.894
1.0
Area
0
0
0
-1947.4
249
-1452.8
25
FldObj_CliffGrayParts_A_04_Far
2.497818
-0.0558593
2.95117
-1257.337
267.0897
-1525.884
1.0
FldObj_HyliaStoneRuinStraightWall_A_05_Far
0
0.5235988
0
-1774.576
211.9661
-1628.926
1.0
FldObj_HyliaStoneRuinStraightWall_A_02_Far
0
-0.4671975
0
-1302.825
207.6635
-1046.382
1.0
DragonDropItemTarget
0
0
0
-1970.381
18.98266
-1772.536
1.0
FldObj_CliffGrayParts_A_04
-2.045087
-0.9273867
-0.2817116
-1577.92
256.2309
-1269.095
1.0
FldObj_CliffGrayParts_A_04_Far
2.42399
1.315972
-3.089833
-1405.989
235.6731
-1611.084
1.0
Area
0.05193811
0.0009347317
-0.03598201
-1884.459
24.88176
-1813.135
3
Obj_RockSetGray_A_L_01
0
-1.260001
-1.68
-1594.106
281.1339
-1174.728
1.0
Item_Fruit_E
0.03490658
0
-0.2181662
-1217.851
253.9888
-1574.8
1.0
FldObj_CliffYellowWall_A_01_Far
0
-2.38
0
-1598.706
207.0206
-1874.45
1.0
FldObj_HyliaStoneRuinDebris_A_01_Far
0
0.24
0
-1272.234
207.6814
-1112.272
1.0
Obj_LiftRockWhite_A_01
-1.15117
-1.155594
1.406308
-1805.355
31.57487
-1842.582
1.0
LinkTagAnd
0
-1.063177
0
-1278.371
213.6099
-1946.602
2
FldObj_HyliaStoneRuinRightAngleWall_A_02_Far
0
1.103598
0
-1224.943
207.6519
-1021.092
1.0
FldObj_HyliaStoneRuinDebris_A_01
0
1.938407
0
-1267.99
207.657
-1072.437
1.0
FldObj_CliffGrayParts_A_08_Far
-1.722615
-0.7789797
0.005176299
-1209.87
200.6273
-1741.493
1.0
LinkTagOr
0
-2.3
0
-1098.591
224.2742
-1382.246
1.0
Item_Fruit_A
0
1.396263
0
-1887.98
222.509
-1499.238
1.0
FldObj_RockDislocation_D_02
0
0
0
-1164.772
249.4912
-1545.386
1.0
FldObj_HyliaStoneRuinStraightWall_A_03_Far
0
2.094395
0
-1761.886
211.9661
-1645.512
1.0
FldObj_RockDislocation_D_03
0
0
0
-1332.501
244.6509
-1584.896
1.0
FldObj_CliffGrayParts_A_08
2.024523
0.1730585
3.113655
-1273.645
230.5619
-1594.338
1.0
FldObj_HyliaStoneRuinDebris_A_01
0
0
0
-1306.787
207.6373
-988.9003
1.0
FldObj_CliffYellowWall_A_02
-0.4560114
0.07954097
-0.6179148
-1760.063
12.23952
-2019.444
1.0
LinkTagNOr
0
-2.16
0
-1945.095
211.66
-1545.148
1.0
Area
0
-1.063177
0
-1278.371
207.1099
-1946.602
1.0
FldObj_HyliaStoneRuinRightAngleWall_A_01
0
-2.617994
0
-1733.226
211.9661
-1655.445
1.0
Weapon_Sword_006
0.04480473
1.464793
1.908371
-1949.927
211.879
-1528.498
1.0
FldObj_CliffYellowWall_A_02
2.676403
-0.4066412
-3.04675
-1936.69
16.50796
-1786.495
1.0
LocationTag
0
0
0
-1559.375
212.325
-1799.053
1.0
Area
0
2.881601
0
-1805.357
32.46291
-1842.527
3
FldObj_CliffYellowWall_A_04_Far
-1.41544
1.550553
-1.235473
-1910.376
300.271
-1429.149
1.0
LinkTagNone
0
0
0
-1245
208.8783
-1860
1.0
Enemy_Bokoblin_Senior
0
-0.5999998
0
-1019.5
208.9637
-1721
1.0
FldObj_HyliaStoneRuinStraightWall_A_03
0
2.094395
0
-1761.886
211.9661
-1645.512
1.0
LinkTagOr
0
-1.32
0
-1160.989
224.2742
-1311.345
1.0
Obj_Plant_Lotus_A_01
0
2.12
0
-1105.673
224.2832
-1370.932
1.0
LinkTagAnd
-2.967679
0.01725337
-3.091815
-1435.905
233.4872
-1669.086
1.0
SwitchTimeLag
-1.570796
-0.46
0
-1273.288
210.6725
-1033.745
0.5
Obj_RockLayerMoss_A_Cliff_02
2.756207
-1.126731
-2.712407
-1106.191
236.0284
-1314.519
1.0
LinkTagNone
0
0
0
-1925.182
212.603
-1551.583
1.0
Obj_Plant_Lotus_A_01
0
0
0
-1185.688
224.2927
-1306.537
1.0
Area
0
0.5709339
0
-1559.375
212.325
-1799.053
40
FldObj_CliffYellowRock_A_01_Far
-1.573324
1.257295
-1.750569
-2004.321
243.6386
-1467.776
1.0
FldObj_CliffWhiteWall_A_02
-0.4
0.76
0
-1143.7
202.3448
-1053.151
1.0
DgnObj_EntranceShutter_A_01
0
-2.530727
0
-1942.08
249.8814
-1461.313
1.0
LinkTagAnd
0
0
0
-1331.717
209.6099
-1915.962
1.0
FldObj_CliffGrayParts_A_08_Far
1.729257
-0.6538228
3.070959
-1276.26
197.0922
-1737.697
1.0
Item_Fruit_A
0
0
0
-1888.699
225.269
-1496.02
1.0
FldObj_CliffGrayParts_A_11_Far
-1.259999
1.06
0
-1339.717
245.6584
-1158.459
1.0
FldObj_CliffGrayParts_A_07_Far
2.612439
-0.843579
2.579359
-1768.394
244.1488
-1476.839
1.0
Obj_RockSetYellow_A_L_01_Far
2.835816
-0.9129865
3.081605
-1653.572
29.11204
-1873.941
1.0
LookTag
0
0.4579942
0
-1949.367
218.4569
-1537.875
1.0
Weapon_Lsword_006
2.783689
1.48125
-1.4526
-1949.862
212.129
-1526.884
1.0
LinkTagAnd
0
0
0
-1559.375
212.325
-1799.053
1.0
LinkTagOr
0
0.7200018
0
-1857.865
393.4964
-1190.893
1.0
FldObj_HyliaStoneRuinDebris_A_01_Far
0
-1.98
0
-1244.978
207.6814
-1098.706
1.0
LinkTagOr
0
0.7200018
0
-1852.979
395.4964
-1195.179
1.0
FldObj_CliffYellowRock_A_01_Far
-1.037631
0.1642876
0.169476
-1977.271
346.5622
-1145.2
1.0
FldObj_CliffGrayParts_A_08
1.651327
0.6764869
-3.041407
-1229.526
207.6562
-1694.218
1.0
FldObj_HyliaStoneRuinStraightWall_A_02
0
-2.617994
0
-1791.116
211.5999
-1648.906
1.0
FldObj_RockDislocation_D_03_Far
0
0
0
-1332.501
244.6509
-1584.896
1.0
Obj_RockLayerMoss_A_Cliff_02_Far
3.139372
-0.1217248
3.021882
-1056.33
228.9987
-1317.613
1.0
FldObj_HyliaStoneRuinStraightWall_A_02
0
2.674395
0
-1295.421
207.0444
-1017.799
1.0
FldObj_HyliaStoneRuinRightAngleWall_A_01_Far
0
-0.4671981
0
-1213.016
206.0286
-1046.389
1.0
FldObj_HyliaStoneRuinStraightWall_A_07
0
-2.037994
0
-1189.384
207.6708
-1041.069
1.0
FldObj_HyliaStoneRuinStraightWall_A_04
0
-1.047198
0
-1778.437
211.9661
-1736.738
1.0
FldObj_CliffGrayParts_A_05
2.081592
-0.1241103
1.97724
-1736.382
288.6849
-1349.377
1.0
LinkTagAnd
0
-2.421591
0
-1855.61
397.9964
-1192.871
1.0
FldObj_CliffGrayParts_A_05_Far
-2.257304
0.3893191
-1.161882
-1630.516
251.1668
-1354.725
1.0
FldObj_HyliaStoneRuinRightAngleWall_A_02
0
-2.037994
0
-1242.804
207.6454
-984.027
1.0
LinkTagAnd
0
0
0
-1278.371
209.6099
-1946.602
1.0
FldObj_CliffGrayParts_A_08
1.833518
-0.3187622
-2.798661
-1501.899
265.512
-1404.473
1.0
FldObj_HyliaStoneRuinStraightWall_A_04
0
-2.617994
0
-1778.192
211.6327
-1719.832
1.0
FldObj_HyliaStoneRuinStraightWall_A_06_Far
0
2.094395
0
-1754.496
211.6327
-1695.516
1.0
DragonDropItemTarget
0
0
0
-1894.266
23.56859
-1813.019
1.0
LinkTagNone
0
0
0
-1866.314
5.350998
-1883.026
1.0
FldObj_HyliaStoneRuinStraightWall_A_01
0
-2.037994
0
-1295.142
207.6836
-1071.38
1.0
FldObj_CliffYellowWall_A_04
3.125587
-0.1074711
-2.91313
-1749.804
354.9046
-1232.321
1.0
FldObj_CliffGrayParts_A_05_Far
-2.64
-1.46
0.14
-1686.015
309.4503
-1241.09
1.0
Obj_RockYellow_A_L_04_Far
0
0
0
-2015.205
171.5053
-1558.942
1.0
FldObj_HyliaStoneRuinStraightWall_A_02
0
0.5235988
0
-1753.979
211.5999
-1706.067
1.0
Obj_BreakBoxIron
0.001259652
0.6990104
0.001537756
-1766.192
213.9757
-1698.262
1.0
FldObj_HyliaStoneRuinStraightWall_A_02
0
-2.617994
0
-1748.605
211.9661
-1643.984
1.0
Obj_RockYellow_A_L_04
-0.1521787
-0.5006652
0.3896238
-1485.856
52.27499
-1983.995
1.0
Obj_RockSetGray_A_L_01
1.650708
-0.7492251
-0.292884
-1785.616
281.7822
-1415.811
1.0
FldObj_CliffGrayParts_A_06_Far
-0.8819227
-0.1153054
0.3933104
-1545.701
253.7673
-1407.469
1.0
FldObj_CliffGrayParts_A_04
2.916772
-0.5854999
2.857633
-1102.789
254.4171
-1542.285
1.0
Obj_RockSetGray_A_L_01
2.058017
-0.4386886
-3.094965
-1730.13
272.9154
-1373.232
1.0
FldObj_CliffGrayParts_A_05
0.4377128
-0.8382908
-2.777493
-1648.884
260.6959
-1035.306
1.0
FldObj_CliffGrayParts_A_08
-2.372225
0.483721
-0.09601586
-1351.145
216.1164
-1612.875
1.0
LinkTagAnd
0
-3.043185
0
-1250.935
208.8783
-1848.863
1.0
LinkTagOr
0
3.103186
0
-1179.642
224.2864
-1278.145
1.0
FldObj_CliffGrayParts_A_07_Far
1.270452
0.1314703
1.880751
-1665.251
277.561
-1095.052
1.0
LocationTag
0
0
0
-1265
220
-1030
1.0
Area
0
-0.46
0
-1272.4
208.8725
-1035.537
2
FldObj_CliffGrayParts_A_07_Far
2.024059
-0.1284673
2.194877
-1675.489
301.7299
-1253.61
1.0
Item_Fruit_E
3.089868
-0.3720991
-2.90711
-1088.326
225.1432
-1377.337
1.0
FldObj_CliffGrayParts_A_01
1.696531
0.106862
3.130941
-1695.184
251.0995
-1384.409
1.0
FldObj_HyliaStoneRuinStraightWall_A_06
0
2.094395
0
-1754.496
211.6327
-1695.516
1.0
Item_Fruit_E
-2.870484
0.8124197
-2.821442
-1098.143
225.1432
-1370.54
1.0
LinkTagAnd
0
0
0
-1092.287
214.6587
-1734.894
1.0
LinkTagAnd
0
1.18
0
-1232.842
221.8282
-1003.797
1.0
FldObj_HyliaStoneRuinRightAngleWall_A_02_Far
0
-1.047198
0
-1785.742
211.9661
-1745.566
1.0
LinkTagOr
-2.967679
0.01725337
-3.091815
-1437.269
230.6345
-1668.96
1.0
FldObj_CliffYellowWall_A_03
2.875792
0.7420908
-2.532439
-1965.371
371.3708
-1340.585
1.0
FldObj_HyliaStoneRuinDebris_A_01
0
-0.4399999
0
-1243.085
207.6534
-976.8889
1.0
FldObj_CliffYellowWall_A_04
-1.41544
1.550553
-1.235473
-1910.376
300.271
-1429.149
1.0
Enemy_Bokoblin_Senior
0
-0.4400004
0
-1938.457
211.6487
-1540.402
1.0
FldObj_CliffYellowRock_A_01
-1.037631
0.1642876
0.169476
-1977.271
346.5622
-1145.2
1.0
Obj_RockYellow_A_L_04
0
0
0
-2015.205
171.5053
-1558.942
1.0
LinkTagAnd
0
0
0
-1226.597
208.8692
-1001.778
1.0
LinkTagAnd
0.601891
0.3110851
-0.9000892
-1882.46
24.80971
-1813.136
1.0
FldObj_CliffYellowWall_A_02_Far
2.676403
-0.4066412
-3.04675
-1936.69
16.50796
-1786.495
1.0
FldObj_HyliaStoneRuinStraightWall_A_05_Far
0
-1.047198
0
-1714.489
211.6327
-1694.727
1.0
DgnObj_WarpPoint_A_01
0
-2.452527
0
-1494.451
275.1852
-1480.129
1.0
LinkTagAnd
0
2.781592
0
-1093.671
213.3778
-1731.718
1.0
TBox_Field_Enemy
0
0.9815929
0
-1950.151
216.6969
-1539.465
1.0
Obj_BreakBoxIron
-9.106715E-06
-0.5204493
0.0001659051
-1777.679
211.9663
-1657.188
1.0
FldObj_HyliaStoneRuinDebris_A_01
0
-0.541593
0
-1765.703
211.5989
-1718.208
1.0
LinkTagOr
0
0
0
-1823.129
215.3478
-1544.271
1.0
FldObj_CliffGrayParts_A_04
-0.7151292
0.09214292
0.485552
-1517.123
266.2935
-1396.898
1.0
Npc_HiddenKorokGround
0
0.5623014
0
-1077.38
238.5356
-1278.708
1.0
LinkTagAnd
0
-2.530727
0
-1939.818
262.3813
-1460.699
0.6
FldObj_HyliaStoneRuinStraightWall_A_04_Far
0
-1.047198
0
-1778.437
211.9661
-1736.738
1.0
FldObj_HyliaStoneRuinStraightWall_A_03_Far
0
-2.617994
0
-1751.828
211.6327
-1734.395
1.0
Obj_RockSetYellow_A_L_01
0.6547332
0.5865682
2.390213
-1942.207
218.0931
-1499.739
1.0
FldObj_HyliaStoneRuinStraightWall_A_01
0
-0.4671975
0
-1267.728
207.4666
-1113.63
1.0
FldObj_HyliaStoneRuinRightAngleWall_A_01
0
0.5235988
0
-1744.281
211.9661
-1682.012
1.0
FldObj_CliffYellowWall_A_02_Far
-0.571768
0.2166822
-0.2834713
-1918.177
19.51054
-1926.393
1.0
AnchorWander_Rain
0
0.1745329
0
-1560.638
213.4031
-1806.279
1.0
Obj_Plant_Lotus_A_01
0
-2.78
0
-1187.641
224.2933
-1327.524
1.0
FldObj_CliffGrayParts_A_05_Far
2.328288
1.461298
2.609209
-1648.916
287.1515
-1167.798
1.0
FldObj_HyliaStoneRuinDebris_A_01_Far
0
0
0
-1716.044
211.9493
-1738.743
1.0
FldObj_CliffGrayParts_A_06
-0.8819227
-0.1153054
0.3933104
-1545.701
253.7673
-1407.469
1.0
Obj_RockWhiteCover_A_L_01_Far
0
-2.356194
0
-1941
247
-1464
1.0
FldObj_HyliaStoneRuinStraightWall_A_05
0
-1.047198
0
-1714.489
211.6327
-1694.727
1.0
LocationTag
0
0
0
-1781.571
220
-1685.067
1.0
FldObj_CliffGrayParts_A_08
-1.470604
-0.9715508
0.09143882
-1602.306
203.3674
-1775.604
1.0
FldObj_CliffGrayParts_A_05_Far
2.911488
0.7290981
-2.841149
-1714.525
300.2975
-1312.972
1.0
FldObj_CliffGrayParts_A_08_Far
1.833518
-0.3187622
-2.798661
-1501.899
265.512
-1404.473
1.0
LinkTagAnd
0
-2.386115
0
-1017.496
119.4594
-1066.421
1.0
Npc_HyruleWestHatago004
0
0
0
-1541.844
212.2332
-1804.586
1.0
ConstraintDummy
0
2.08
0
-1551.973
212.2227
-1812.556
1.0
LinkTagNone
0
0
0
-1949.979
211.9222
-1531.288
1.0
LinkTagOr
0
0.7554775
0
-1020.088
119.9594
-1068.444
1.0
Item_Fruit_E
-3.098369
0.03749593
-2.92327
-1182.157
225.1554
-1277.525
1.0
LinkTagAnd
0
0.1168231
0
-1310.261
211.5709
-1941.502
1.0
LinkTagAnd
0
0
0
-1488.604
266.7046
-1473.031
1.0
FldObj_HyliaStoneRuinBalanceBeam_A_01
0
0.5235988
0
-1710.014
211.9661
-1672.44
1.0
PlayerOnScaffoldCheckTag
0
-2.16
0
-1946.729
218.6569
-1543.192
1.0
Obj_TreeApple_A_M_01
0
0
0
-1822.529
215.3478
-1547.744
1.0
LinkTagOr
0
2.08
0
-1553.036
212.2227
-1810.282
1.0
FldObj_CliffGrayParts_A_04_Far
-0.7151292
0.09214292
0.485552
-1517.123
266.2935
-1396.898
1.0
DestinationAnchor
0
0.9599311
0
-1092.797
232.9474
-1302.851
1.0
LinkTagOr
0
-2.76
0
-1086.282
224.2742
-1378.929
1.0
Area
0
-0.46
0
-1265.712
208.8725
-1047.646
2
FldObj_RockDislocation_D_03
-0.34
0.7231857
5.277825E-09
-1226.05
258.4723
-1555.161
1.0
FldObj_HyliaStoneRuinStraightWall_A_07_Far
0
-2.617994
0
-1726.738
211.9661
-1656.933
1.0
FldObj_CliffGrayParts_A_05_Far
-2.007045
0.2300334
-1.058125
-1610.991
251.0278
-1325.212
1.0
Area
0
1.100004
0
-1226.597
208.8692
-1001.778
2
FldObj_CliffGrayParts_A_08
-1.652696
-0.01682154
0.06785697
-1559.624
203.3436
-1860.044
0.8
FldObj_HyliaStoneRuinRightAngleWall_A_02_Far
0
-2.037994
0
-1242.804
207.6454
-984.027
1.0
FldObj_CliffYellowWall_A_07
2.870014
0.7291229
-2.913294
-1988.316
359.7627
-1379.403
1.0
LinkTagAnd
0
-0.46
0
-1235.644
210.6725
-1091.567
1.0
FldObj_HyliaStoneRuinStraightWall_A_02
0
-2.617994
0
-1805.621
211.9661
-1736.187
1.0
LinkTagOr
0
2.303185
0
-1095.947
224.2742
-1369.168
1.0
Npc_HiddenKorokFly
0
-2.386115
0
-1017.86
116.9594
-1066.078
1.0
Obj_Plant_Lotus_A_01
0
2.32
0
-1144.719
215.8847
-1207.239
1.0
ActorObserverTag
0
0
0
-1093.287
212.6587
-1734.894
1.0
FldObj_CliffGrayParts_A_04_Far
-2.045087
-0.9273867
-0.2817116
-1577.92
256.2309
-1269.095
1.0
Obj_Plant_Lotus_A_01
0
1.600001
0
-1225.662
253.1288
-1574.447
1.0
FldObj_RockDislocation_D_01
-0.04001588
-0.001598188
0.01993605
-1240.698
244.9814
-1589.133
1.0
LinkTagAnd
0
0
0
-1245
213.8783
-1860
2
LinkTagXOr
0
-1.063177
0
-1332.69
211.6099
-1917.71
0.5
FldObj_HyliaStoneRuinStraightWall_A_04_Far
0
-0.4671975
0
-1218.034
207.4666
-1088.561
1.0
Item_Fruit_E
2.938835
-0.8154426
-2.820379
-1099.715
225.1432
-1379.912
1.0
FldObj_CliffGrayParts_A_11
-1.966219
-1.154622
1.815026
-1075.745
234.399
-1608.527
1.0
Npc_HyruleWestHatago005
0
0.6309341
0
-1555.17
213.9088
-1792.31
1.0
FldObj_RockDislocation_D_01_Far
0
2.76
0
-1304.534
248.7702
-1546.208
1.0
FldObj_HyliaStoneRuinStraightWall_A_02_Far
0
-2.617994
0
-1748.605
211.9661
-1643.984
1.0
DestinationAnchor
0
-2.492249
0
-1552.607
212.868
-1788.521
1.0
FldObj_CliffGrayParts_A_08_Far
1.769613
0.6191068
-3.110945
-1249.447
204.1117
-1730.637
1.0
Enemy_Bokoblin_Senior
0
0
0
-1080.5
246.7334
-1497.5
1.0
FldObj_CliffYellowWall_A_06
0
-2.58
0
-1848.078
202.0348
-1795.259
1.0
LinkTagAnd
0
0
0
-1094.101
232.8882
-1301.767
1.0
FldObj_CliffGrayParts_A_05_Far
-1.780073
-0.4741542
0.2037741
-1662.655
203.8874
-1641.62
1.0
FldObj_HyliaStoneRuinLookoutSmall_A_01_Far
0
0.22
0
-1203.999
215.5241
-1204.998
1.0
FldObj_CliffYellowWall_A_02
-0.571768
0.2166822
-0.2834713
-1918.177
19.51054
-1926.393
1.0
FldObj_CliffGrayParts_A_01
-1.54
1.54
0
-1511.95
247.0399
-1140.513
1.0
LinkTagAnd
0
0
0
-1020.131
119.9594
-1067.03
1.0
LinkTagAnd
0
0.6
0
-1558.326
213.4164
-1772.475
1.0
FldObj_CliffGrayParts_A_11_Far
-1.966219
-1.154622
1.815026
-1075.745
234.399
-1608.527
1.0
FldObj_CliffGrayParts_A_08_Far
1.787796
0.8036988
3.125635
-1182.739
197.8695
-1767.049
1.0
SwitchTimeLag
-1.570796
-0.46
0
-1266.6
210.6725
-1045.854
0.5
FldObj_HyliaStoneRuinStraightWall_A_02_Far
0
2.094395
0
-1828.304
211.5999
-1695.656
1.0
Item_Fruit_A
0
0
0
-1874.12
214.2412
-1558.639
1.0
EventTag
0
-2.976125
0
-1493.963
275.2222
-1476.391
0.6
Item_Fruit_E
0.7363967
-1.239904
-0.7290999
-1159.677
225.1432
-1309.111
1.0
Obj_RockSetYellow_A_L_01_Far
2.150973
-1.107195
-2.338592
-1557.234
25.57542
-1967.447
1.0
LinkTagAnd
0
0
0
-1265
220
-1030
1.0
FldObj_CliffGrayParts_A_07
2.942179
-1.079386
2.347941
-1410.906
281.8246
-1493.869
1.0
FldObj_CliffYellowWall_A_07_Far
2.870014
0.7291229
-2.913294
-1988.316
359.7627
-1379.403
1.0
LinkTagAnd
0
0
0
-1265
220
-1030
1.0
FldObj_HyliaStoneRuinStraightWall_A_07
0
0.5235988
0
-1770.75
211.6327
-1707.563
1.0
FldObj_HyliaStoneRuinRightAngleWall_A_02
0
1.103598
0
-1313.44
207.7222
-1029.128
1.0
FldObj_CliffYellowWall_A_09_Far
3.081592
1.461593
3.141593
-1727.588
293.456
-1190.623
1.0
DgnObj_EntranceElevator_A_01
0
-2.530727
0
-1939.9
249.8814
-1458.2
1.0
FldObj_CliffGrayParts_A_05
2.911488
0.7290981
-2.841149
-1714.525
300.2975
-1312.972
1.0
FldObj_HyliaStoneRuinStraightWall_A_04
0
-0.4671975
0
-1218.034
207.4666
-1088.561
1.0
FldObj_CliffWhiteWall_A_03
-0.1898663
0.7589782
-0.01479688
-1058.58
168.2796
-1085.555
1.0
Enemy_Bokoblin_Senior
0
1.82
0
-1804.344
211.9661
-1640.457
1.0
FldObj_CliffGrayParts_A_07
2.612439
-0.843579
2.579359
-1768.394
244.1488
-1476.839
1.0
Obj_Plant_Lotus_A_01
0
-1.08
0
-1159.168
215.8847
-1195.855
1.0
LinkTagOr
0
1.823184
0
-1943.269
211.6487
-1547.099
1.0
LookTag
0
-2.530727
0
-1945.923
248.8813
-1466.801
1.0
FldObj_CliffGrayParts_A_04
-2.032274
1.171645
-0.4045759
-1573.424
271.8446
-1194.299
1.0
LinkTagAnd
0
-0.3490659
0
-1562.361
213.4971
-1783.181
1.0
FldObj_CliffGrayParts_A_11_Far
2.387738
0.1558089
2.961678
-1178.06
268.4965
-1515.336
1.0
FldObj_CliffGrayParts_A_08_Far
1.651327
0.6764869
-3.041407
-1229.526
207.6562
-1694.218
1.0
FldObj_HyliaStoneRuinStraightWall_A_07_Far
0
0.5235988
0
-1770.75
211.6327
-1707.563
1.0
Area
0
0.9948376
0
-1265
220
-1030
1.0
LinkTagOr
0
-1.063177
0
-1306.312
211.6099
-1932.579
2
FldObj_HyliaStoneRuinStraightWall_A_02
0
2.094395
0
-1828.304
211.5999
-1695.656
1.0
Obj_RockSetGray_A_L_01
0.7173466
0.1591652
-1.424928
-1144.289
217.9292
-1669.081
1.0
Npc_HiddenKorokFly
0
0.6199999
0
-1062.994
226.9131
-1934.109
1.0
AnchorAction1
0
0.5235988
0
-1566.524
212.2225
-1781.385
1.0
FldObj_HyliaStoneRuinStraightWall_A_02_Far
0
-1.047198
0
-1818.833
211.9661
-1723.623
1.0
Npc_HyruleWestHatago001
0
2.094395
0
-1543.124
212.2225
-1793.033
1.0
LinkTagAnd
0.05193811
0.0009347317
-0.03598201
-1884.901
26.49644
-1813.051
1.0
FldObj_CliffGrayParts_A_08_Far
-2.812537
-0.6813144
1.160196
-1858.486
239.7473
-1461.897
1.0
Item_Fruit_A
0
0
0
-1886.92
222.034
-1499.208
1.0
Item_Fruit_E
0.03490658
0
-0.2181662
-1184.97
225.1547
-1310.146
1.0
FldObj_HyliaStoneRuinStraightWall_A_01_Far
0
-2.037994
0
-1295.142
207.6836
-1071.38
1.0
FldObj_HyliaStoneRuinRightAngleWall_A_02
0
1.103598
0
-1224.943
207.6519
-1021.092
1.0
AnchorAction1_Rain
0
-0.5235988
0
-1553.182
212.8707
-1807.159
1.0
FldObj_HyliaStoneRuinLookoutSmall_A_01_Far
0
2.094395
0
-1784.882
211.9661
-1624.445
1.0
FldObj_CliffGrayParts_A_04
2.497818
-0.0558593
2.95117
-1257.337
267.0897
-1525.884
1.0
Obj_RockSetGray_A_L_01
2.667223
-0.1743751
1.63425
-1589.047
220.1918
-1610.788
1.0
FldObj_HyliaStoneRuinDebris_A_01
0
3.083186
0
-1788.85
211.9661
-1628.375
1.0
LinkTagOr
0
0.6
0
-1563.656
213.4321
-1780.044
1.0
FldObj_CliffYellowHead_A_01_Far
0
-1.02
0
-1904.876
370.2371
-1240.563
1.0
LinkTagOr
0
-2.421591
0
-1856.362
397.9964
-1192.211
1.0
DragonDropItemTarget
0
0
0
-1899.491
18.58155
-1931.762
1.0
FldObj_CliffGrayParts_A_04_Far
-2.032274
1.171645
-0.4045759
-1573.424
271.8446
-1194.299
1.0
LinkTagOr
0
-1.959999
0
-1148.142
215.8756
-1211.403
1.0
Obj_BreakBoxIron
-3.140754
-0.681586
3.139498
-1775.895
213.9638
-1656.583
1.0
Npc_TripMaster_05
0
2.268928
0
-1539.034
212.2225
-1785.345
1.0
FldObj_CliffGrayParts_A_08
-0.8411921
0.7082962
0.0465433
-1604.354
257.7147
-1063.318
1.0
DgnObj_EntranceTerminal_A_01
0
-2.976125
0
-1493.963
275.2224
-1476.391
1.0
LinkTagNone
0
0
0
-1938.461
211.6571
-1530.909
1.0
FldObj_HyliaStoneRuinDebris_A_01
0
-2.56
0
-1741.654
211.9661
-1735.611
1.0
FldObj_HyliaStoneRuinStraightWall_A_01_Far
0
-2.617994
0
-1798.589
211.9661
-1740.246
1.0
FldObj_CliffGrayParts_A_08_Far
-1.955209
-0.9591551
0.1554431
-1119.156
208.9052
-1638.346
1.0
FldObj_HyliaStoneRuinStraightWall_A_02_Far
0
-0.467198
0
-1262.059
207.7198
-1038.219
1.0
LinkTagAnd
0
-1.063177
0
-1303.488
213.6099
-1928.053
2
BarrelBomb2
0.005480259
-0.5999945
-0.005251446
-1929.657
247.6208
-1548.588
1.0
LinkTagPulse
0
0.002301387
0
-1076.38
239.4356
-1278.71
0.25
ActorObserverTag
0
0.7554775
0
-1018.632
116.9594
-1069.815
2
FldObj_CliffGrayParts_A_04
1.731034
0.04106832
2.645974
-1565.098
265.6529
-1197.807
1.0
Item_Fruit_I
0
2.08
0
-1551.125
213.1027
-1810.977
1.0
DgnObj_DungeonEntrance_A_01_Far
0
-2.530727
0
-1939.9
248.8813
-1458.2
1.0
SignalFlowchart
0
-1.063177
0
-1306.312
209.6099
-1932.579
2
LinkTagNAnd
0
-0.46
0
-1268.836
210.6725
-1045.846
1.0
LinkTagOr
0
-0.46
0
-1233.417
210.6725
-1093.812
1.0
FldObj_HyliaStoneRuinStraightWall_A_02_Far
0
-2.617994
0
-1791.116
211.5999
-1648.906
1.0
LinkTagAnd
0
0
0
-1781.571
220
-1685.067
1.0
LinkTagOr
0
-0.46
0
-1234.313
210.6725
-1094.255
1.0
FldObj_CliffYellowWall_A_06_Far
0
3.103185
0
-1709.756
202.0348
-1847.95
1.0
FldObj_HyliaStoneRuinStraightWall_A_04_Far
0
-0.4671975
0
-1276.363
207.6685
-1079.49
1.0
LookTag
0.08726646
0.9599311
0
-1084.899
235.3659
-1297.282
1.0
FldObj_KorokStartingBlock_A_01
0.5151204
0.6630463
0.2788524
-1892.056
419.2516
-1235.05
1.0
LinkTagNAnd
0
-1.063177
0
-1307.284
213.6099
-1934.327
2
FldObj_CliffGrayParts_A_08_Far
-2.653553
0.2761723
-0.2157288
-1313.53
247.2024
-1514.634
1.0
FldObj_HyliaStoneRuinDebris_A_01_Far
0
-1.16
0
-1814.595
211.9661
-1625.46
1.0
Npc_HyruleWestHatago003
0
2.094395
0
-1542.723
212.2225
-1797.436
1.0
Enemy_Bokoblin_Senior
0
-1.06
0
-1876.436
5.144434
-1888.816
1.0
LinkTagAnd
0
-1.063177
0
-1331.717
213.6099
-1915.962
2
FldObj_CliffYellowRock_A_01
-1.573324
1.257295
-1.750569
-2004.321
243.6386
-1467.776
1.0
Enemy_Bokoblin_Senior
0
0.3600001
0
-1070.5
241.6188
-1488
1.0
HorsePlacmentAnchor
0
1.094533
0
-1548.058
212.2229
-1787.027
1.0
FldObj_CliffGrayParts_A_08
-2.653553
0.2761723
-0.2157288
-1313.53
247.2024
-1514.634
1.0
FldObj_HyliaStoneRuinStraightWall_A_01
0
-2.617994
0
-1798.589
211.9661
-1740.246
1.0
FldObj_CliffYellowWall_A_03
-1.138582
0.607877
-0.3756677
-2051.349
31.41852
-1790.762
1.0
Obj_Plant_Lotus_A_01
0
2
0
-1189.439
224.2954
-1328.641
1.0
Area
0
-1.063177
0
-1331.717
207.1099
-1915.962
1.0
FldObj_CliffGrayParts_A_08_Far
-1.652696
-0.01682154
0.06785697
-1559.624
203.3436
-1860.044
0.8
FldObj_CliffGrayParts_A_07
2.615002
1.340635
-3.072482
-1621.832
289.1765
-1239.862
1.0
LinkTagOr
-2.967679
0.01725337
-3.091815
-1436.903
233.4375
-1669.103
1.0
FldObj_HyliaStoneRuinStraightWall_A_02
0
-1.047198
0
-1818.833
211.9661
-1723.623
1.0
KorokAnswerResponce
0
0.7554775
0
-1020.131
118.9594
-1067.03
0.5
FldObj_CliffGrayParts_A_05_Far
2.668057
-0.3341476
1.60285
-1680.054
249.6911
-1380.846
1.0
Obj_Plant_Korok_A_01
0
2.681593
0
-1265.712
207.6725
-1047.646
1.0
Npc_HiddenKorokGround
0
2.881601
0
-1805.357
31.56281
-1842.527
1.0
Area
0
0.5623014
0
-1077.38
239.4357
-1278.708
3
Obj_RockSetGray_A_L_01
-2.118805
-1.357044
0.6832525
-1559.346
207.9598
-1757.721
0.88
FldObj_HyliaStoneRuinDebris_A_01
0
-1.16
0
-1814.595
211.9661
-1625.46
1.0
LinkTagOr
0
2.781592
0
-1094.607
213.3778
-1732.07
1.0
FldObj_CliffGrayParts_A_08
-1.540688
-0.3450002
0.2003234
-1260.559
201.393
-1739.18
1.0
LinkTagOr
0
0
0
-1723.988
248.7903
-1459.778
1.0
FldObj_HyliaStoneRuinStraightWall_A_05
0
0.5235988
0
-1841.315
211.9661
-1666.309
1.0
FldObj_HyliaStoneRuinDebris_A_01_Far
0
-2.523185
0
-1722.517
211.9539
-1702.237
1.0
AnchorAction1_Rain
0
-1.821721
0
-1551.553
212.815
-1805.742
1.0
TwnObj_StableHostel_A_01
0
0.5709339
0
-1559.375
212.325
-1799.053
1.0
FldObj_HyliaStoneRuinStraightWall_A_05
0
-2.037994
0
-1306.811
207.6966
-1048.236
1.0
Obj_Plant_Lotus_A_01
0
0
0
-1218.031
253.1288
-1574.712
1.0
DgnObj_WarpPoint_A_01
0
-2.530727
0
-1945.174
249.8443
-1465.732
1.0
FldObj_CliffWhiteWall_A_02_Far
-0.4
0.76
0
-1143.7
202.3448
-1053.151
1.0
FldObj_CliffGrayParts_A_08
-1.958153
0.3513109
-0.4270494
-1758.234
239.043
-1477.256
1.0
Area
0
0
0
-1092.287
211.0587
-1734.894
1.0
LinkTagAnd
0
-2.530727
0
-1942.113
249.8813
-1463.975
0.3
AnchorAction2
0
-0.3490658
0
-1542.798
212.2225
-1794.937
1.0
SwitchTimeLag
0
-2.16
0
-1938.648
231.6471
-1530.833
1.0
LinkTagAnd
0
-2.16
0
-1947.028
211.6485
-1531.784
1.0
FldObj_HyliaStoneRuinStraightWall_A_03_Far
0
-1.047198
0
-1767.609
211.9661
-1717.98
1.0
Weapon_Shield_006
-0.01128303
1.303596
1.712289
-1949.979
211.9222
-1531.288
1.0
LinkTagOr
0
0.6199999
0
-1063.441
229.4131
-1933.79
1.0
Obj_TreeApple_A_M_01
0
0
0
-1723.389
248.7903
-1463.25
1.0
Item_Fruit_E
0.03490658
0
-0.2181662
-1175.216
225.1523
-1282.906
1.0
LinkTagOr
0
0.1168231
0
-1309.268
211.5709
-1941.619
1.0
FldObj_CliffGrayParts_A_08
-1.955209
-0.9591551
0.1554431
-1119.156
208.9052
-1638.346
1.0
FldObj_CliffGrayParts_A_07_Far
-0.7392377
1.146891
-0.08049673
-1580.094
278.3409
-1163.283
1.0
Obj_RockSetYellow_A_L_01_Far
-0.3944789
-1.392583
0.4978449
-2012.29
182.3632
-1566.227
1.25
AnchorAction2_Rain
0
-0.5235988
0
-1553.182
212.8707
-1807.159
1.0
LinkTagAnd
0
0
0
-1306.312
207.1099
-1932.579
1.0
LinkTagXOr
0
-1.063177
0
-1279.343
211.6099
-1948.349
0.5
FldObj_CliffGrayParts_A_07_Far
1.044367
0.4098147
1.901936
-1638.351
249.5512
-1024.375
1.0
FldObj_HyliaStoneRuinStraightWall_A_02_Far
0
-1.047198
0
-1744.667
211.5999
-1747.516
1.0
FldObj_CliffGrayParts_A_08
1.926751
0.9046966
-3.021584
-1172.843
208.1322
-1680.15
1.0
FldObj_HyliaStoneRuinRightAngleWall_A_01
0
-0.4671981
0
-1213.016
206.0286
-1046.389
1.0
FldObj_HyliaStoneRuinGate_A_01
0
2.094395
0
-1762.075
211.6068
-1707.638
1.0
FldObj_HyliaStoneRuinRightAngleWall_A_02
0
-1.047198
0
-1785.742
211.9661
-1745.566
1.0
DgnObj_DungeonEntrance_A_01_Far
0
-2.452527
0
-1488.604
274.2222
-1473.031
1.0
FldObj_CliffGrayParts_A_04
-1.273455
0.7539759
0.04349323
-1535.023
247.0387
-1070.446
1.0
FldObj_CliffYellowWall_A_03_Far
-1.138582
0.607877
-0.3756677
-2051.349
31.41852
-1790.762
1.0
FldObj_CliffGrayParts_A_04_Far
-2.175333
0.2858576
-0.5577986
-1658.454
293.6717
-1259.797
1.0
NPC_artist_005
0
0.3709342
0
-1565.289
212.2225
-1784.179
1.0
FldObj_CliffWhiteWall_A_03_Far
-0.3339993
0.7635797
-0.05289228
-1069.689
201.4993
-1114.431
1.0
FldObj_CliffGrayParts_A_07
1.270452
0.1314703
1.880751
-1665.251
277.561
-1095.052
1.0
FldObj_HyliaStoneRuinDebris_A_01_Far
0
1.358407
0
-1775.298
211.9661
-1726.25
1.0
FldObj_CliffYellowWall_A_02
2.638993
-0.6336523
2.975893
-1781.505
22.07304
-1869.315
1.0
LinkTagAnd
0
-2.452527
0
-1488.718
287.7222
-1475.529
0.6
Obj_Plant_Korok_A_01
0
2.681593
0
-1272.4
207.6725
-1035.537
1.0
Npc_HiddenKorokGround
0
0
0
-1884.491
23.98346
-1813.181
1.0
FldObj_CliffGrayParts_A_05
-2.257304
0.3893191
-1.161882
-1630.516
251.1668
-1354.725
1.0
FldObj_HyliaStoneRuinStraightWall_A_05_Far
0
1.103598
0
-1236.82
207.5981
-1002.675
1.0
FldObj_CliffGrayParts_A_04
-2.175333
0.2858576
-0.5577986
-1658.454
293.6717
-1259.797
1.0
AnchorAction1
0
0.5709339
0
-1553.863
212.825
-1790.471
1.0
FldObj_CliffGrayParts_A_04_Far
2.500942
1.391432
-2.980097
-1598.701
261.4781
-1287.747
1.0
FldObj_CliffGrayParts_A_04
-0.213837
0.9172019
0.4131251
-1345.951
244.414
-1139.673
1.0
Obj_LiftRockWhite_A_01
0
0
0
-1080.865
215.4116
-1691.503
1.0
Enemy_Bokoblin_Senior
0
-1.62
0
-1936.335
211.654
-1535.82
1.0
AnchorSleep
0
1.047198
0
-1567.354
213.7013
-1803.299
1.0
Obj_KorokPot_A_01
2.92593
0.7416033
2.446474
-1436.339
229.7131
-1668.791
1.0
FldObj_HyliaStoneRuinDebris_A_01
0
0.24
0
-1272.234
207.6814
-1112.272
1.0
FldObj_CliffGrayParts_A_05_Far
2.666774
0.8120474
3.00913
-1655.028
241.1461
-1372.967
1.0
LinkTagAnd
0
0
0
-1265.712
208.8725
-1047.646
1.0
FldObj_HyliaStoneRuinBalanceBeam_A_01
0
-1.047198
0
-1831.604
211.9661
-1645.374
1.0
Obj_RockSetGray_A_L_01
1.004789
0.1496782
-1.295584
-1220.228
222.3473
-1672.549
1.0
LinkTagOr
0
0.6199999
0
-1062.546
229.4131
-1934.429
1.0
LinkTagAnd
0
0
0
-1493.963
275.2224
-1476.391
1.0
FldObj_HyliaStoneRuinStraightWall_A_02
0
-2.037994
0
-1298.799
207.6833
-1064.132
1.0
FldObj_CliffGrayParts_A_05
-0.5938141
0.8746336
-0.03646405
-1595.656
252.4374
-1081.198
1.0
LinkTagAnd
0
0
0
-1235.616
220.0282
-1004.94
1.0
SwitchTimeLag
-1.570796
-1.063177
0
-1308.257
211.6099
-1936.075
0.5
FldObj_HyliaStoneRuinStraightWall_A_03
0
-1.047198
0
-1767.609
211.9661
-1717.98
1.0
LinkTagOr
0
0
0
-1177.706
224.2833
-1282.191
1.0
FldObj_CliffYellowWall_A_06_Far
0
-2.58
0
-1848.078
202.0348
-1795.259
1.0
FldObj_CliffGrayParts_A_08
2.667666
-0.9685642
2.445342
-1384.318
246.8778
-1547.99
1.0
FldObj_HyliaStoneRuinStraightWall_A_03_Far
0
-2.037994
0
-1252.822
207.4666
-1092.112
1.0
AnchorAction2_Rain
0
0.5235988
0
-1556.872
212.2225
-1785.806
1.0
FldObj_HyliaStoneRuinDebris_A_01_Far
0
-1.64
0
-1823.665
211.9661
-1686.366
1.0
LinkTagAnd
0
0.6
0
-1563.523
213.4112
-1772.583
1.0
FldObj_CliffWhiteWall_A_03
-0.3339993
0.7635797
-0.05289228
-1069.689
201.4993
-1114.431
1.0
LinkTagNone
0
0
0
-1780.043
219.3737
-1669.124
1.0
LinkTagOr
0
0
0
-1187.459
224.2857
-1309.431
1.0
LinkTagAnd
1.725121
-0.5998943
-1.108888
-1805.02
32.46281
-1840.556
1.0
EventTag
0
-3.054327
0
-1944.98
249.8813
-1461.968
0.6
FldObj_CliffGrayParts_A_11
1.80371
0.7511684
-2.985505
-1438.039
220.9213
-1665.042
1.0
DragonDropItemTarget
0
0
0
-1970.607
20.65635
-1882.134
1.0
FldObj_RockDislocation_D_01_Far
-0.04001588
-0.001598188
0.01993605
-1240.698
244.9814
-1589.133
1.0
LinkTagNAnd
0
-2.16
0
-1943.607
211.6795
-1536.049
1.0
FldObj_CliffGrayParts_A_04_Far
2.916772
-0.5854999
2.857633
-1102.789
254.4171
-1542.285
1.0
Item_Fruit_E
2.690905
-1.127355
-2.612834
-1148.425
216.7446
-1208.828
1.0
FldObj_HyliaStoneRuinBalanceBeam_A_01_Far
0
-1.047198
0
-1831.604
211.9661
-1645.374
1.0
FldObj_CliffYellowWall_A_03
2.524449
0.7452831
-2.976438
-1934.309
395.2183
-1294.163
1.0
FldObj_HyliaStoneRuinStraightWall_A_02_Far
0
2.674395
0
-1295.421
207.0444
-1017.799
1.0
Obj_RockSetGray_A_L_01
1.284627
0.763318
2.605007
-1672.121
301.668
-1223.703
1.0
FldObj_HyliaStoneRuinLookoutSmall_A_01_Far
0
-1.350798
0
-1224.844
215.5241
-1200.337
1.0
LinkTagAnd
0
0
0
-1306.312
209.6099
-1932.579
1.0
Obj_LiftRockWhite_A_01
0.07193811
0.0009347317
-0.03598201
-1884.495
23.88366
-1813.186
1.0
FldObj_HyliaStoneRuinStraightWall_A_04
0
2.094395
0
-1790.929
211.9661
-1639.476
1.0
Item_Fruit_A
0
1.396263
0
-1875.18
214.7162
-1558.669
1.0
DgnObj_DungeonEntrance_A_01
0
-2.452527
0
-1488.604
274.2222
-1473.031
1.0
FldObj_HyliaStoneRuinGate_A_01
0
0.5235988
0
-1813.678
211.9661
-1647.694
1.0
Obj_BreakBoxIron
-3.141496
0.5015875
-3.140431
-1765.458
211.9783
-1697.872
1.0
Obj_RockLayerMoss_A_Cliff_02_Far
2.756207
-1.126731
-2.712407
-1106.191
236.0284
-1314.519
1.0
LinkTagAnd
0
0.9815929
0
-1944.901
231.6686
-1527.032
1.0
FldObj_CliffGrayParts_A_08
1.729257
-0.6538228
3.070959
-1276.26
197.0922
-1737.697
1.0
Obj_Plant_Lotus_A_01
0
0
0
-1183.628
224.2872
-1326.562
1.0
FldObj_HyliaStoneRuinStraightWall_A_06_Far
0
-2.617994
0
-1817.753
211.6327
-1695.139
1.0
Item_Fruit_I
0
-1.58519
0
-1551.096
213.3327
-1810.585
1.0
FldObj_CliffGrayParts_A_08
1.787796
0.8036988
3.125635
-1182.739
197.8695
-1767.049
1.0
FldObj_HyliaStoneRuinStraightWall_A_07_Far
0
1.103598
0
-1244.406
207.4666
-1057.717
1.0
Area
0
0.7554775
0
-1018.717
114.1594
-1066.988
1.2
LinkTagOr
0
0.7200018
0
-1889.75
420.5793
-1233.615
1.0
LinkTagNAnd
0
-0.46
0
-1275.524
210.6725
-1033.737
1.0
FldObj_HyliaStoneRuinStraightWall_A_01_Far
0
2.674395
0
-1268.837
207.8
-1041.642
1.0
FldObj_HyliaStoneRuinDebris_A_01_Far
0
0
0
-1306.787
207.6373
-988.9003
1.0
FldObj_CliffGrayParts_A_04
2.500942
1.391432
-2.980097
-1598.701
261.4781
-1287.747
1.0
FldObj_HyliaStoneRuinStraightWall_A_05
0
0.5235988
0
-1774.576
211.9661
-1628.926
1.0
FldObj_HyliaStoneRuinDebris_A_01_Far
0
2.198407
0
-1753.078
211.9661
-1683.406
1.0
FldObj_CliffGrayParts_A_08_Far
-1.795986
-0.2677003
-0.1038649
-1072.753
195.8603
-1700.641
1.0
FldObj_CliffGrayParts_A_05
2.666774
0.8120474
3.00913
-1655.028
241.1461
-1372.967
1.0
FldObj_HyliaStoneRuinStraightWall_A_02
0
-0.4671975
0
-1254.022
207.4338
-1107.012
1.0
FldObj_HyliaStoneRuinDebris_A_01_Far
0
3.083186
0
-1788.85
211.9661
-1628.375
1.0
LinkTagAnd
0
-2.530727
0
-1942.113
249.8813
-1463.975
0.3
LinkTagOr
0
1.18
0
-1235.616
221.8282
-1004.94
1.0
FldObj_CliffGrayParts_A_01
-0.05650462
-1.071496
-1.68052
-1604.27
233.9987
-1002.8
1.0
FldObj_KorokGoal_A_01
0
0.7200018
0
-1855.986
393.4964
-1192.541
1.0
FldObj_HyliaStoneRuinRightAngleWall_A_02_Far
0
-0.4671975
0
-1287.311
207.6814
-1082.871
1.0
FldObj_RockDislocation_D_02
0.09551895
1.058446
0.04073253
-1234.761
253.876
-1544.684
1.0
FldObj_HyliaStoneRuinStraightWall_A_02
0
-0.4671975
0
-1302.825
207.6635
-1046.382
1.0
FldObj_CliffGrayParts_A_05_Far
2.081592
-0.1241103
1.97724
-1736.382
288.6849
-1349.377
1.0
Obj_Plant_Lotus_A_01
0
-2.72
0
-1196.153
224.2954
-1299.543
1.0
WallCrack
2.847898
-0.3541293
-2.918456
-1805.058
29.8999
-1842.893
1.0
Item_Fruit_A
0
0
0
-1875.899
217.4762
-1555.452
1.0
LinkTagOr
0
-2.881593
0
-1231.001
210.1727
-999.6877
1.0
