UnitConfigName/__text
Rotate/value/0
Rotate/value/1
Rotate/value/2
Translate/value/0
Translate/value/1
Translate/value/2
_Scale
Item_Fruit_A
0
-0.7796963
0
-1942.348
336.0642
335.0942
1.0
LinkTagOr
0
-1.73113
0
-1381.427
134.0784
904.4158
1.0
FldObj_HyliaStoneRuinStraightWall_A_02_Far
0
1.570796
0
-1423.723
114.41
200.5658
1.0
Item_Fruit_A
0
1.08
0
-1955.723
335.2393
345.0663
1.0
FldObj_CliffYellowWall_A_08
0
1.241593
0
-1863.523
201.1934
347.1032
1.0
Obj_KorokIronRock_A_01
0
1.163185
0
-1442.285
116.4191
845.6494
1.0
LinkTagAnd
0
0
0
-1691.2
209.2
159.5
1.0
FldObj_HyliaStoneRuinStraightWall_A_01
0
1.570796
0
-1336.882
114.421
249.2152
1.0
AirWallForE3
0
-0.01086582
0
-1875.23
214.9
34.48294
1.0
LinkTagOr
0
0.6199999
0
-1933.859
329.7573
322.3829
1.0
FldObj_CliffYellowWall_A_03
1.876315
-0.6407473
-3.009562
-1792.08
212.5651
841.79
1.0
Item_Fruit_A
0
1.396263
0
-1955.354
333.8084
351.9578
1.0
FldObj_CliffGrayParts_A_08_Far
3.116967
1.369525
-2.324289
-1550.561
184.2924
350.3727
1.2
Item_Fruit_A
0
0
0
-1945.102
334.8738
353.2108
1.0
AirWallForE3
0
0.6107962
0
-1656.49
218.4
19.32877
1.0
DgnObj_EntranceTerminalSP
0
1.535888
0
-1888.941
212.4002
86.91727
1.0
DgnObj_WarpPointSP
0
2.059489
0
-1885.181
212.363
87.1832
1.0
Item_Fruit_A
0
0.6101134
0
-1361.662
139.9771
912.2501
1.0
Item_Fruit_A
0
-2.4518
0
-1948.95
334.2862
326.9604
1.0
FldObj_CliffYellowWall_A_03_Far
1.76782
-1.505723
-2.894073
-1925.112
221.2267
989.08
1.0
Item_Fruit_A
0
-2
0
-1953.643
332.2916
369.1447
1.0
SwitchTimeLimited
0
0
0
-1872.45
215.4
90.84
1.0
Area
1.675516
0.9302605
-3.141593
-1828.921
228.1037
68.52436
1.0
LinkTagAnd
1.337917
-0.3853245
-0.9229119
-1335.807
123.4514
251.3453
1.0
FldObj_CliffGrayParts_A_04
-0.9652321
0.227273
0.1065935
-1135.219
142.5343
364.3438
1.0
FldObj_HyliaStoneRuinStraightWall_A_05_Far
0
-1.570796
0
-1388.422
114.41
202.2342
1.0
ActorObserverTag
0
-2.094395
0
-1820.33
251.6103
974.4084
1.0
Item_Fruit_A
0
2.536263
0
-1960.441
333.4574
326.1418
1.0
ConstraintDummy
0
1.163185
0
-1442.285
123.2988
845.6494
0.1
FldObj_CliffWhiteLumpRock_A_01
-1.534608
-1.330875
0.9266919
-1021.973
154.3143
445.0685
1.0
LinkTagAnd
0
0
0
-1858.667
217.4892
72.53894
1.0
LookTag
-0.03490658
-1.396263
0
-1610.201
250.5
686.33
1.0
FldObj_CliffGrayParts_A_05
1.042442
0.7140005
1.623921
-1565.014
180.9073
755.1818
1.0
ActorObserverByGroupTag
0
0
0
-1869.5
222.5
96.5
1.0
ActorObserverTag
0
0
0
-1009.463
132.3415
929.0392
1.0
Area
0
-2.043182
0
-1508.868
115.9741
155.6242
0.1
Item_Fruit_A
0
1.96
0
-1959.621
335.7825
353.5059
1.0
SwitchTimeLimited
0
0
0
-1800.5
213
49.5
1.0
SwitchTimeLag
-1.570796
0
0
-1009.463
135.3415
929.0392
0.5
LinkTagAnd
0
0
0
-1009.463
134.3415
929.0392
1.0
LinkTagAnd
0
0
0
-1629.727
240
688.0231
1.0
FldObj_CliffYellowRock_A_01_Far
2.875238
-0.8532498
-2.881038
-1830.459
184.6576
833.5919
1.0
FldObj_HyliaStoneRuinStraightWall_A_01_Far
0
1.570796
0
-1336.882
114.421
249.2152
1.0
Obj_RockSetWhite_A_L_01
-0.040505
-0.01364297
-0.1297006
-1971.722
200.6926
968.5369
1.0
Item_Fruit_A
0
0
0
-1956.072
336.5684
355.175
1.0
KorokAnswerResponce
0
-2.094395
0
-1819.673
252.4851
973.2767
0.5
Obj_TreeApple_A_M_01
0
0
0
-1017.831
201.2663
558.5264
1.0
Item_Fruit_A
0
0
0
-1948.102
335.9239
349.5108
1.0
FldObj_CliffGrayParts_A_08
-0.4914978
1.137967
0.3066671
-1558.427
206.0698
700.929
1.2
LocationTag
0
0
0
-1128.806
142.4491
1017.053
1.0
FldObj_CliffGrayParts_A_07
-0.9293572
0.2145876
-0.1202039
-1842.201
230.589
989.9558
1.2
Item_Fruit_A
0
1.08
0
-1954.886
335.4893
345.514
1.0
FldObj_CliffGrayParts_A_01
1.986344
-0.8721732
-2.827775
-1670.956
202.7268
576.6936
1.0
SwitchTimeLimited
0
0
0
-1869.81
222.5
90.29001
1.0
Obj_TreeApple_A_L_01
0
1.52
0
-1934.53
328.8002
314.2954
1.0
LinkTagAnd
0
0
0
-1854.5
216
99.5
1.0
FldObj_HyliaStoneRuinDebris_A_01_Far
0
-3.141593
0
-1320.013
114.421
261.3841
1.0
FldObj_HyliaStoneRuinStraightWall_A_03
0
-3.141593
0
-1319.307
114.421
253.0079
1.0
Item_Fruit_A
0
1.379475
0
-1139.623
139.6634
250.4607
1.0
FldObj_CliffGrayParts_A_08
-1.304069
0.4140636
-0.2423213
-1753.035
167.1273
1081.916
1.2
LinkTagAnd
0
-2.78
0
-1962.689
258.5213
603.5483
2
LinkTagPulse
0
0
0
-1550.966
168.282
815.4899
0.25
FldObj_CliffGrayParts_A_08
-0.8242483
0.5218102
-0.4081314
-1678.755
165.0863
931.4938
1.2
Area
0
1.163185
0
-1440.418
123.641
846.075
0.8
Area
0
-0.100002
0
-1336.888
123.4515
249.6623
3
FldObj_CliffWhiteLumpRock_A_01
2.590377
0.1052944
2.987741
-1099.59
153.6168
525.066
1.2
ActorObserverByGroupTag
0
0
0
-1794.797
214.5
36.67969
1.0
FldObj_CliffGrayParts_A_07
-0.7535691
1.003606
0.004862762
-1711.96
222.9463
873.4558
1.2
AirOcta_Tag
0
-1.36
0
-1686.9
209.7
109
1.0
Npc_HiddenKorokFly
0
0.6399999
0
-1127.287
145.9699
414.3107
1.0
LinkTagOr
0
-1.221591
0
-1501.793
120.5242
156.6876
1.0
Item_Fruit_A
0
1.96
0
-1958.742
336.0325
353.1454
1.0
SwitchTimeLag
-1.570796
-1.14
0
-1096.398
150.3858
197.5477
0.5
FldObj_BridgeWoodLattice_A_01_Far
0
0.26
0
-1689.858
206.8167
130.8358
1.0
FldObj_CliffYellowWall_A_02
2.185415
-0.6475943
-3.045703
-1850.901
223.8208
949.3752
1.0
FldObj_CliffGrayParts_A_07
3.118449
1.338403
-2.565689
-1455.578
162.7899
603.7839
1.2
Enemy_AirOctarock
0
-1.645398
0
-1697.453
207.8265
157.9801
1.0
SwitchTimeLimited
0
0
0
-1869.274
222.5
105.6563
1.0
Item_Fruit_A
0
1.14
0
-1957.818
336.2173
328.1383
1.0
Item_Fruit_A
0
1.62962
0
-1212.276
147.2004
130.3894
1.0
FldObj_CliffGrayParts_A_08_Far
-0.7444401
1.178369
-0.1712984
-1659.24
126.2777
1059.97
1.2
FldObj_CliffGrayParts_A_08
-0.5867944
0.5233588
0.1930769
-1560.569
127.5394
855.5798
1.2
Obj_TreeApple_A_M_01
0
0
0
-1966.35
330.3907
360.5497
1.0
SwitchTimeLimited
0
0
0
-1862.234
220.6953
56.375
1.0
FldObj_CliffGrayParts_A_11
-1.45757
-1.244316
-0.2148056
-1659.562
230.1962
693.4512
1.0
LinkTagOr
0
1.96
0
-1965.177
330.7825
356.3363
1.0
FldObj_CliffYellowWall_A_04
2.722041
0.7871862
3.01858
-1875.997
228.6642
260.7469
1.3
Area
0
-1.14
0
-1094.581
148.5858
196.7125
2
FldObj_CliffGrayParts_A_08_Far
-0.5867944
0.5233588
0.1930769
-1560.569
127.5394
855.5798
1.2
Item_Fruit_A
0
-2.4518
0
-1949.701
333.9862
324.7928
1.0
Obj_TreeApple_A_M_01
0
0.6101134
0
-1363.245
134.1771
910.041
1.0
Area
0
2.059489
0
-1893.3
211.4
91.5
40
FldObj_CliffYellowWall_A_11_Far
2.810138
1.330257
2.899663
-1992.669
301.2786
272.4126
0.85
LinkTagAnd
0
0
0
-1690.7
206.6
159.1
1.0
Area
-2.094395
3.785517E-08
1.570796
-1819.17
248.7742
972.4039
0.2109886
FldObj_KorokStoneLift_A_01
0.1835839
-0.1778419
-0.002112634
-1347.91
107.9868
388.7965
1.0
FldObj_CliffWhite_A_03_Far
0
0
0
-1411.492
109.155
859.2036
1.0
FldObj_HyliaStoneRuinStraightWall_A_06
0
-1.570796
0
-1321.831
114.8975
238.2955
1.0
LinkTagAnd
0
0
0
-1508.465
119.1241
155.4936
1.0
FldObj_CliffYellowWall_A_11
0
-2.72
0
-1675.416
103.9087
193.092
1.0
LinkTagAnd
0
-0.7400006
0
-1107.76
144.4999
219.115
1.0
Item_Fruit_A
0
1.52
0
-1935.532
334.4002
312.342
1.0
LinkTagOr
0
1.08
0
-1961.445
330.2393
342.5876
1.0
LinkTagAnd
0
0
0
-1858.5
214
56.5
1.0
LinkTagAnd
0
0
0
-1803.725
222.1843
99.99591
1.0
FldObj_CliffYellowWall_A_09_Far
3.026086
0.07969359
3.017852
-1616.683
103.1795
205.7879
1.2
FldObj_HyliaStoneRuinHouse_A_02
0
3.141593
0
-1352.073
114.1741
192.3226
1.0
ActorObserverByGroupTag
0
0
0
-1803
214
31.5
1.0
Item_Fruit_A
0
-0.3348666
0
-1377.721
137.1184
906.382
1.0
Obj_KorokPot_A_01
0
0
0
-1134.464
145.8102
1030.472
1.0
Item_Fruit_A
0
-0.7796963
0
-1944.897
337.1142
334.5431
1.0
FldObj_CliffWhiteWall_A_01
-1.256875
1.158671
-0.2107181
-1022.465
179.7519
570.7883
1.0
FldObj_CliffGrayParts_A_04_Far
-0.8911127
-0.2433577
-0.9716442
-1654.625
142.9085
1000.096
1.0
Item_Fruit_A
0
0.6199999
0
-1929.833
334.7573
327.1439
1.0
LinkTagAnd
0
0
0
-1310.033
111.7423
786.8482
1.0
Obj_TreeApple_A_M_01
0
-1.86
0
-1961.102
330.1162
319.8871
1.0
FldObj_CliffGrayParts_A_04
-2.433197
-1.218511
1.327141
-1663.907
233.0012
709.8302
1.0
FldObj_HyliaStoneRuinGate_A_01
0
3.141593
0
-1396.701
114.41
190.0795
1.0
TBox_Field_Iron_NoReaction_Aoc
-3.068195
0.2911463
-2.890827
-1402.26
113.9166
219.3553
1.0
Area
-1.570796
0
0
-1855.747
216.5719
75.9578
1.0
FldObj_BridgeWoodLarge_A_05_Far
0
-0.98
0
-1310.033
116.7423
786.8482
1.0
ActorObserverByGroupTag
0
0
0
-1858.171
216.6848
74.04321
1.0
EnemyChatFortMgrTag
0
-2.780001
0
-1112.5
169.8847
430.5
1.0
LinkTagAnd
0
-2.04
0
-1023.059
206.0212
558.4551
1.0
FldObj_CliffYellowRock_A_01
1.425094
1.169304
2.077738
-1965.299
221.465
591.4391
1.0
Item_Fruit_A
0
1.62962
0
-1208.814
146.9504
127.9317
1.0
FldObj_HyliaStoneRuinStraightWall_A_04
0
-3.141593
0
-1367.217
113.8069
305.7679
1.0
FldObj_KorokStone_A_01
0
0
0
-1095.74
138.4218
909.2686
1.0
Obj_LiftRockWhite_A_01
-2.719563
-0.5525936
2.888036
-1962.832
312.7995
408.4212
1.0
FldObj_CliffYellowWall_A_11
-3.006097
0.5589504
-2.845933
-1826.46
172.8732
282.8193
0.85
FldObj_CliffGrayParts_A_11_Far
1.497372
-1.054173
3.097949
-1657.244
231.039
663.5137
1.0
LinkTagOr
-1.147627
0.2521612
0.3872893
-1092.4
139.1929
898.9289
1.0
LinkTagAnd
0
-3.141593
0
-1008.963
132.6141
932.0389
1.0
EnemyLookTag
0
-2.780001
0
-1112.5
169.8847
430.5
1.0
LinkTagAnd
0
0
0
-1612.94
246.3227
692.8622
1.0
LinkTagOr
0
0
0
-1966.949
330.3907
364.022
1.0
LinkTagAnd
0
0
0
-1888.941
212.4002
86.91727
1.0
FldObj_CliffGrayParts_A_07
-1.626062
1.258604
-0.03670874
-1609.112
193.9787
416.6634
1.2
LinkTagAnd
0
2.059489
0
-1888.997
212.4
89.02612
1.0
LinkTagNAnd
0
-2.78
0
-1962.689
257.0213
603.5483
2
FldObj_CliffGrayParts_A_08_Far
2.431757
1.15682
-3.082349
-1528.582
201.2622
587.5318
1.2
Area
-1.570796
1.260001
4.008768E-07
-1863.364
221.7127
93.77478
1.0
FldObj_HyliaStoneRuinDebris_A_01
0
1.570796
0
-1371.884
114.339
292.7343
1.60756
LinkTagAnd
0
-2.78
0
-1962.791
258.5213
608.9325
2
FldObj_CliffWhiteLumpRock_A_01
2.580912
-1.029586
-2.993882
-1255.108
120.8592
481.5782
1.0
Obj_RaftWood_A_S_02
0.1745329
1.22173
0.2094395
-1422.014
115.1148
173.4393
1.0
LinkTagAnd
0
0
0
-1686.9
209.7
109
1.0
LinkTagOr
0
-1.86
0
-1964.26
330.1162
318.3224
1.0
AirWallForE3
0
1.24
0
-1863.131
221.4851
93.83813
1.0
LinkTagAnd
0
0
0
-1340.191
119.1381
365.8403
1.0
Item_Fruit_A
0
0.6199999
0
-1929.281
335.0073
327.9171
1.0
FldObj_CliffYellowWall_A_04
0
-2.736025
0
-1676.887
202.7819
209.1075
1.3
Npc_HiddenKorokFly
0
0
0
-1134.464
143.8477
1030.472
1.0
Area
0
-2.043182
0
-1508.595
115.3741
155.0899
0.1
FldObj_CliffGrayParts_A_08_Far
0.8539204
0.7698971
1.892454
-1794.539
206.6312
1018.478
1.2
SwitchTimeLag
1.570796
-0.3415923
3.141593
-1510.99
120.3846
910.4503
0.5
Item_Fruit_A
0
1.52
0
-1935.688
334.0502
316.3893
1.0
FldObj_CliffYellowWall_A_06
0
0.3200001
0
-1686.454
197.105
74.771
1.0
LinkTagOr
0
0
0
-1943.887
329.9393
309.9698
1.0
ActorObserverByGroupTag
0
0
0
-1840.5
214
58.5
1.0
SwitchTimeLag
1.570796
-0.3615922
3.141593
-1966.748
261.7401
601.3036
0.5
Item_Fruit_A
0
1.62962
0
-1213.891
147.3004
129.3326
1.0
LinkTagOr
0
0
0
-1858.587
273.6248
333.2492
1.0
SwitchTimeLimited
0
0
0
-1788.843
216.7929
80.72055
1.0
FldObj_KorokTarget_A_01
0
-2.78
0
-1967.245
269.6541
608.9904
1.0
LinkTagAnd
0
0
0
-1968.641
252.5818
596.0898
1.0
ForceSetPosDirAutoSaveAnchor
0
-1.082104
0
-1887.191
212.4
88.3649
1.0
Item_Fruit_A
0
0
0
-1939.027
338.6281
347.6364
1.0
FldObj_HyliaStoneRuinDebris_A_01_Far
0.06171281
-0.008222074
-0.03179734
-1383.82
114.1039
282.6783
1.0
Item_Fruit_A
0
1.36
0
-1955.581
335.576
312.1893
1.0
Area
0
-0.7000011
0
-1125.371
139.2271
238.3294
2
FldObj_CliffGrayParts_A_08_Far
-0.9481981
-0.4138691
-0.1387742
-1892.238
216.7924
1016.511
1.2
LinkTagOr
0
-2.094395
0
-1819.552
250.9935
974.0313
1.0
LinkTagOr
3.075014
0.3597673
3.083093
-1963.221
317.1393
409.834
1.0
FldObj_HyliaStoneRuinStraightWall_A_07
0
3.141593
0
-1385.301
114.41
209.1789
1.0
FldObj_HyliaStoneRuinLookout_A_02
0
3.141593
0
-1404.37
110.1697
257.6785
1.0
FldObj_CliffYellowWall_A_03
1.832586
-0.6575479
-2.937246
-1819.486
209.0251
864.5869
1.0
FldObj_CliffGrayParts_A_11_Far
-1.45757
-1.244316
-0.2148056
-1659.562
230.1962
693.4512
1.0
LinkTagAnd
0
-0.1399886
0
-1101.487
145.3751
236.7394
1.0
Obj_TreeApple_A_M_01
0
2.06
0
-1945.148
329.876
367.1564
1.0
FldObj_CliffWhiteBroken_A_03_Far
-1.38317
-1.024334
2.16068
-1061.692
165.0695
505.2944
1.0
SwitchTimeLimited
0
0
0
-1880.82
221.1275
70.56219
1.0
Item_Fruit_A
0
2.775739
0
-1139.854
140.1384
251.4957
1.0
FldObj_CliffGrayParts_A_07
1.585447
1.304428
2.224277
-1812.352
213.618
355.1733
1.2
Item_Fruit_A
0
0
0
-1940.542
336.2252
361.1132
1.0
LinkTagNAnd
0
0
0
-1815.548
217.8594
96.29498
1.0
LinkTagAnd
0
0
0
-1809.055
218.1094
59.33594
1.0
FldObj_CliffWhiteWall_A_02_Far
2.321322
0.4528117
-3.092313
-1158.052
167.3127
528.2635
0.85
FldObj_CliffYellowWall_A_05
0
-0.24
-0.02
-1850.482
204.5897
117.9893
1.0
ActorObserverTag
0
0
0
-1339.941
118.1381
366.0903
1.0
FldObj_CliffGrayParts_A_05_Far
0.4119855
0.4644655
1.240014
-1497.506
171.9093
674.3224
1.0
LinkTagOr
0
0
0
-1960.851
330.2036
337.4801
1.0
FldObj_CliffYellowRock_A_01_Far
1.425094
1.169304
2.077738
-1965.299
221.465
591.4391
1.0
Item_Fruit_A
0
1.36
0
-1954.782
335.926
308.2185
1.0
Item_Fruit_A
0
0
0
-1933.027
336.8281
347.7864
1.0
FldObj_BridgeWoodLattice_A_01
0
0.26
0
-1689.858
206.8167
130.8358
1.0
FldObj_CliffGrayParts_A_08
3.116967
1.369525
-2.324289
-1550.561
184.2924
350.3727
1.2
LinkTagOr
-1.570796
0
0
-1339.634
119.7549
360.177
1.0
Area
-2.04
3.898743E-08
1.570796
-1021.934
201.2532
560.538
0.2109886
ActorObserverByGroupTag
0
0
0
-1869
223.5
97
1.0
ConstraintDummy
0
-2.880002
0
-1251.122
125.9323
732.545
0.5
Obj_TreeApple_A_M_01
0
0
0
-1943.288
329.9393
306.4975
1.0
FldObj_CliffYellowWall_A_04_Far
2.722041
0.7871862
3.01858
-1875.997
228.6642
260.7469
1.3
ShelterFromRainTag
0
2.397794
0
-1777.115
224.7524
880.6141
1.0
Item_Fruit_A
0
-2.4518
0
-1949.762
334.9362
321.7324
1.0
LinkTagAnd
0
0
0
-1805.5
214
59.5
1.0
FldObj_CliffYellowWall_A_09_Far
0
-3.101591
0
-1772.701
114.1287
245.7997
1.0
FldObj_KorokTarget_A_01
0
-2.78
0
-1955.474
254.076
606.1716
1.0
LinkTagAnd
0
2.059489
0
-1891.361
225.2614
91.92389
1.0
FldObj_HyliaStoneRuinHouse_A_03_Far
0
-1.570796
0
-1366.949
114.2522
243.3755
1.0
LinkTagAnd
0
0
0
-1310.033
111.7423
786.8482
1.0
Area
-1.570796
0.009203223
0
-1875.241
215.1044
34.4383
1.0
ConstraintDummy
0
-0.5800001
0
-1728.637
217.3719
375.0581
0.5
Obj_TreeApple_A_M_01
0
0
0
-1960.252
330.2036
334.0078
1.0
ActorObserverByGroupTag
0
0
0
-1802
214
34
1.0
FldObj_CliffYellowRock_A_01
-3.106186
-1.05718
1.879788
-1791.018
185.6767
796.5698
1.0
FldObj_CliffGrayParts_A_08_Far
0.08132192
1.497831
0.5147274
-1652.76
128.003
977.0481
1.2
ActorObserverByGroupTag
0
0
0
-1814.5
214
97
1.0
LinkTagOr
0
2.06
0
-1941.801
329.876
366.0538
1.0
FldObj_CliffYellowWall_A_11_Far
2.767976
1.18057
-3.105948
-1858.335
216.8024
300.2744
0.85
GameRomHorseZelda
0
0
0
-1674.169
222.9428
807.4351
1.0
Item_Fruit_A
0
-0.7796963
0
-1944.256
335.9642
335.3879
1.0
ActorObserverByGroupTag
0
0
0
-1802.5
214
99
1.0
Enemy_Moriblin_Junior
0
-1.534599
0
-1687.1
207
108.7
1.0
Npc_HiddenKorokFly
0
-2.094395
0
-1439.601
125.505
846.6677
1.0
FldObj_KorokPinwheel_A_01
0.6028507
0.1409986
-0.4466935
-1967.049
252.4954
598.9104
1.0
LinkTagAnd
0
0
0
-1803.578
218.8047
96.71875
3
LinkTagOr
0
0
0
-1968.775
330.7412
339.0363
1.0
LinkTagAnd
0
0
0
-1837.109
217.1875
56.46094
3
Item_Fruit_A
0
0
0
-1936.492
336.5752
361.0632
1.0
Obj_TreeApple_A_L_01
0
0
0
-1938.392
330.9752
362.1632
1.0
Item_Fruit_A
0
0
0
-1968.265
335.9912
346.2006
1.0
Npc_HiddenKorokFly
0
-2.880002
0
-1249.552
125.526
730.6769
1.0
Obj_LiftRockWhite_A_01
-0.2399999
-0.03284897
0
-1405.51
162.502
459.7081
1.0
LinkTagOr
0.08347608
0.005705985
-0.1364186
-1313.107
118.5744
623.0668
1.0
Item_Fruit_A
0
0
0
-1940.46
334.36
312.8501
1.0
LinkTagAnd
0
3.090336
0
-1405.011
165.102
459.7336
1.0
FldObj_CliffGrayParts_A_01
3.09805
-0.827409
2.903958
-1049.88
148.1769
485.288
1.0
LinkTagAnd
0
0
0
-1806.16
221.9314
34.754
1.0
Item_Fruit_A
0
0
0
-1947.836
335.0507
362.5122
1.0
LinkTagOr
0
1.379475
0
-1136.211
137.0984
253.5758
1.0
DgnObj_DungeonEntranceSP
0
2.059489
0
-1893.3
211.4
91.5
1.0
DestinationAnchor
0
-1.605703
0
-1887.942
212.4
86.95218
1.0
Area
0
0
0
-1551.966
168.2822
815.4899
3
LinkTagXOr
0
0
0
-1806.5
214
57.5
1.0
LinkTagAnd
0.593631
0.2496442
-0.8672229
-1403.511
163.502
459.7738
1.0
Enemy_AirOctarock
0
1.285398
0
-1315.232
116.2328
774.3818
1.0
Npc_HiddenKorokGround
0
1.941592
0
-1106.94
139.4218
905.2623
1.0
FldObj_CliffYellowRock_A_01_Far
-1.153825
0.7663252
-0.1165544
-1989.981
310.8447
408.0619
1.0
LinkTagAnd
0
0
0
-1439.484
124.5051
844.3014
1.0
LinkTagAnd
0
0
0
-1816.359
225.2969
94.65625
1.0
Area
-1.570796
-0.2581317
2.125364E-08
-1792.357
212.3321
41.18902
1.0
FldObj_HyliaStoneRuinStraightWall_A_01_Far
0
0
0
-1307.235
114.421
175.2675
1.0
Area
0
0
0
-1111.991
170.4422
430.9083
13
Item_Fruit_A
0
0
0
-1927.542
336.3174
335.2276
1.0
Item_Fruit_A
0
1.62962
0
-1212.364
148.3504
131.4464
1.0
FldObj_HyliaStoneRuinDebris_A_01_Far
0
1.570796
0
-1319.404
114.421
192.1365
1.0
LinkTagAnd
0
-2.78
0
-1964.56
260.0213
604.2559
2
FldObj_HyliaStoneRuinStraightWall_A_02
0
1.570796
0
-1423.723
114.41
200.5658
1.0
LinkTagAnd
0
0
0
-1776.5
210.5
70
1.0
Npc_HiddenKorokFly
0
0.3415921
0
-1512.686
117.3846
908.6653
1.0
Item_Fruit_A
0
0
0
-1971.949
333.335
347.2326
1.0
Obj_TreeApple_A_L_01
0
1.36
0
-1954.104
330.326
310.3066
1.0
Obj_TreeBroadleafRoot_B_L_01
0
0
0
-1892.987
276.1956
401.7471
1.0
LinkTagOr
0
-1.14
0
-1088.023
148.0447
197.4702
1.0
FldObj_CliffYellowWall_A_08_Far
0
0.8199995
0
-1997.67
192.4355
505.4431
1.0
FldObj_CliffYellowRock_A_01
2.347024
-0.9718226
2.870091
-1780.706
199.3095
815.8392
1.0
SwitchTimeLimited
0
0
0
-1816.359
222.0938
90.71875
1.0
Item_Fruit_A
0
1.396263
0
-1947.117
332.2907
359.295
1.0
FldObj_CliffYellowWall_A_03_Far
1.832586
-0.6575479
-2.937246
-1819.486
209.0251
864.5869
1.0
FldObj_CliffYellowRock_A_01
2.875238
-0.8532498
-2.881038
-1830.459
184.6576
833.5919
1.0
FldObj_CliffYellowWall_A_02
0.02032835
0.1799636
0.003639135
-1704.594
205.1412
68.49713
1.0
Item_Fruit_A
0
-1.73113
0
-1377.92
136.6434
907.4237
1.0
Item_Fruit_A
0
-0.7796963
0
-1945.187
335.7142
339.5299
1.0
FldObj_CliffYellowWall_A_02_Far
0.02032835
0.1799636
0.003639135
-1704.594
205.1412
68.49713
1.0
LinkTagNAnd
0
0
0
-1809.547
218.1094
61.63281
1.0
ActorObserverByGroupTag
0
0
0
-1798
214
63.5
1.0
LinkTagAnd
0
0
0
-1111.991
170.4422
430.9083
1.0
Npc_HiddenKorokGround
0
-1.06
0
-1154.359
132.8694
964.6355
1.0
ActorObserverByGroupTag
0
0
0
-1806
214
61
1.0
FldObj_KorokStone_A_01
0
0
0
-1340.191
116.1381
365.8403
1.0
FldObj_CliffYellowWall_A_03_Far
2.445474
-0.6652738
-3.108458
-1917.072
215.8259
960.6982
1.0
Item_Fruit_A
0
0
0
-1968.265
335.7412
345.2506
1.0
LinkTagAnd
0
0
0
-1315.232
116.2328
774.3818
1.0
FldObj_CliffYellowWall_A_11
2.810138
1.330257
2.899663
-1992.669
301.2786
272.4126
0.85
Item_Fruit_A
0
0
0
-1946.46
336.1599
312.7001
1.0
Area
-1.570796
-1.134464
0
-1783.946
209.3141
75.01493
1.0
Npc_HiddenKorokGround
0
1.521591
0
-1155.97
137.3342
245.1235
1.0
FldObj_HyliaStoneRuinGate_A_01_Far
0
3.141593
0
-1396.701
114.41
190.0795
1.0
FldObj_CliffGrayParts_A_07
2.998449
1.338403
-2.565689
-1528.917
197.7655
471.9726
1.2
Item_Fruit_A
0
-2.4518
0
-1948.224
335.2862
326.4262
1.0
Obj_RockSetWhite_A_L_01_Far
-0.040505
-0.01364297
-0.1297006
-1971.722
200.6926
968.5369
1.0
FldObj_HyliaStoneRuinStraightWall_A_02_Far
0
1.570796
0
-1394.521
113.8069
289.5927
1.0
ActorObserverTag
0
0
0
-1340.441
118.1381
366.0903
1.0
Area
0
0
0
-1096.04
138.6718
909.5686
0.1
FldObj_HyliaStoneRuinStraightWall_A_03
0
0
0
-1325.458
114.4145
179.094
1.183388
Area
-1.570796
0
0
-1855.747
216.5719
76.3578
1.0
FldObj_CliffGrayParts_A_08
2.367405
0.5809814
2.889344
-1470.513
141.8055
367.4163
1.0
LinkTagAnd
0
-2.04
0
-1020.157
203.5212
559.3656
1.0
Item_Fruit_A
0
1.396263
0
-1926.823
333.5574
332.0104
1.0
FldObj_CliffGrayParts_A_08_Far
2.367405
0.5809814
2.889344
-1470.513
141.8055
367.4163
1.0
SwitchTimeLag
-1.570796
-0.7000011
0
-1126.66
141.0271
239.8591
0.5
Item_Fruit_A
0
0
0
-1954.294
333.3334
351.9875
1.0
LinkTagOr
0
-2.78
0
-1966.28
258.2401
601.127
1.0
FldObj_CliffGrayParts_A_05
1.305454
0.6963924
2.097692
-1446.235
164.9015
569.467
1.0
Item_Fruit_A
0
1.379475
0
-1136.832
142.8984
252.8131
1.0
Item_Fruit_A
0
0
0
-1945.202
336.1739
351.0108
1.0
FldObj_HyliaStoneRuinStraightWall_A_03_Far
0
1.570796
0
-1311.027
114.421
192.8426
1.0
LinkTagAnd
0
0.3415921
0
-1513.157
119.8846
908.833
1.0
Item_Fruit_A
0
1.08
0
-1960.586
336.6393
346.2093
1.0
LinkTagNAnd
0
-0.7000011
0
-1128.833
141.0271
239.3355
1.0
FldObj_HyliaStoneRuinStraightWall_A_07_Far
0
1.570796
0
-1322.858
114.421
182.5934
1.0
FldObj_CliffYellowWall_A_03
1.76782
-1.505723
-2.894073
-1925.112
221.2267
989.08
1.0
FldObj_CliffWhiteLumpRock_A_01
-0.3040671
-1.380127
0.01572519
-1246.919
126.4836
424.1476
1.3
Area
-1.570796
-1.134464
0
-1783.765
209.3141
74.9304
1.0
FldObj_CliffGrayParts_A_07
-0.6615726
0.8077046
-0.1227182
-1634.582
161.9101
884.5886
1.2
ActorObserverByGroupTag
0
0
0
-1854
214
39
1.0
LinkTagAnd
0.6197485
0.3381214
-0.9949345
-1311.839
116.7909
622.9251
1.0
LinkTagOr
0
-0.1399886
0
-1101.068
145.3751
233.7688
1.0
LinkTagAnd
0
0
0
-1804.5
214
32.5
1.0
Enemy_AirOctarock
0
2.856195
0
-1319.058
116.1547
767.6678
1.0
Npc_HiddenKorokGround
0
0
0
-1551.966
167.382
815.4899
1.0
Item_Fruit_A
0
1.96
0
-1961.839
337.1825
357.9821
1.0
FldObj_CliffGrayParts_A_07_Far
3.118449
1.338403
-2.565689
-1455.578
162.7899
603.7839
1.2
Item_Fruit_A
0
1.62962
0
-1210.373
146.2504
126.1202
1.0
KorokAnswerResponce
0
0
0
-1011.963
133.3415
929.0392
1.0
FldObj_CliffGrayParts_A_11
1.497372
-1.054173
3.097949
-1657.244
231.039
663.5137
1.0
FldObj_CliffGrayParts_A_05
0.4119855
0.4644655
1.240014
-1497.506
171.9093
674.3224
1.0
FldObj_HyliaStoneRuinDebris_A_01
0
1.570796
0
-1370.778
113.8069
269.3702
1.0
Obj_LiftRockWhite_A_01
0.08347607
0.005705985
-0.1364186
-1313.956
116.0757
622.8531
1.0
FldObj_CliffGrayParts_A_01
1.859086
-0.419686
-2.622199
-1734.37
206.6428
787.4729
1.0
LinkTagOr
0
3.090336
0
-1406.009
165.102
459.6828
1.0
Item_Fruit_A
0
-0.6037366
0
-1953.175
332.7666
368.1932
1.0
LinkTagAnd
0.08347608
0.005705985
-0.1364186
-1314.098
118.7104
623.073
1.0
Area
0
0
0
-1339.891
116.9881
366.1403
0.1
SwitchTimeLag
1.570796
-1.047197
3.141593
-1821.9
255.4935
972.0981
0.5
FldObj_CliffWhiteWall_A_02
2.794885
-1.200923
2.894644
-1025.372
199.2771
545.2855
0.8
Item_Fruit_A
0
1.14
0
-1959.971
332.9824
325.191
1.0
FldObj_HyliaStoneRuinStraightWall_A_04_Far
0
-3.141593
0
-1312.634
114.8975
207.5748
1.0
LinkTagXOr
0
0
0
-1884.5
214
70
1.0
Item_Fruit_A
0
1.08
0
-1957.626
334.8393
340.9882
1.0
ActorObserverTag
0
0
0
-1095.99
140.4218
909.0186
1.0
LinkTagXOr
0
0
0
-1794
214
65.5
1.0
FldObj_HyliaStoneRuinStraightWall_A_03
0
1.570796
0
-1333.055
114.4145
267.4386
1.183388
FldObj_HyliaStoneRuinStraightWall_A_02_Far
0
-3.141593
0
-1380.575
113.8069
305.788
1.0
LinkTagAnd
0
-2.78
0
-1962.108
260.0213
602.2592
2
KorokAnswerResponce
0
0
0
-1090.4
137.6929
898.9289
1.0
Item_Fruit_A
0
-0.7796963
0
-1941.34
336.3142
338.1998
1.0
FldObj_HyliaStoneRuinStraightWall_A_04_Far
0
-3.141593
0
-1360.501
113.8069
268.2047
1.0
FldObj_CliffGrayParts_A_08
-2.155677
0.6950783
-0.8211464
-1464.168
163.3781
531.231
1.2
LinkTagOr
0
0
0
-1859.087
275.1248
334.3036
1.0
LinkTagOr
0
0
0
-1091.4
141.7554
898.9289
1.0
LinkTagOr
0
-2.78
0
-1965.621
260.5213
601.4498
2
Item_Fruit_A
0
0
0
-1949.252
335.8239
351.0608
1.0
FldObj_ChainEyeBolt_A_01
-0.5195913
-1.103137
3.052874
-1442.303
122.9746
845.6279
1.0
FldObj_CliffGrayParts_A_08
-0.656144
1.093027
0.4707457
-1970.683
199.0482
656.5212
1.0
Item_Fruit_A
0
-2
0
-1955.802
335.5266
366.2008
1.0
Area
-0.2090913
-1.040429
0.3706905
-1154.528
133.7485
964.541
3
LinkTagOr
0
-1.721593
0
-1336.432
119.6225
367.1107
1.0
FldObj_CliffGrayParts_A_04
2.078175
-0.2344561
3.022147
-1619.35
233.8078
598.9493
1.0
LinkTagNone
0
0
0
-1687.126
208.3266
115.956
1.0
Item_Fruit_A
0
0.6101134
0
-1362.031
136.7421
908.6185
1.0
Obj_TreeBroadleaf_B_L_01
3.117867
1.200613
2.913799
-1407.146
149.9906
461.5396
1.0
Item_Fruit_A
0
-2.4518
0
-1949.158
334.6862
322.4652
1.0
SwitchTimeLag
-1.570796
1.163185
0
-1439.484
126.5051
844.3014
0.5
FldObj_CliffGrayParts_A_08
-1.082084
-0.2361292
-0.8871987
-1417.508
132.3962
672.4722
1.2
LinkTagAnd
0
-2.094395
0
-1439.351
128.005
846.2346
1.0
Item_Fruit_A
0
1.96
0
-1963.977
335.3825
352.3739
1.0
KorokAnswerResponce
0
-2.78
0
-1968.619
259.7401
602.0112
0.5
FldObj_CliffYellowWall_A_01_Far
-0.05761006
-0.2467426
-0.1456876
-2016.437
260.8549
9.907928
0.7
LinkTagOr
0
1.4
0
-1954.673
330.8029
361.2838
1.0
FldObj_CliffWhiteLumpRock_A_01
2.529973
-0.8282474
3.079184
-1059.366
140.6356
491.5836
1.0
FldObj_CliffYellowWall_A_11
0
1.3
0
-1884.693
204.5027
400.0236
1.0
FldObj_HyliaStoneRuinStraightWall_A_02
0
-3.141593
0
-1380.575
113.8069
305.788
1.0
Item_Fruit_A
0
1.62962
0
-1212.567
146.5504
125.448
1.0
FldObj_CliffWhiteWall_A_01_Far
1.826807
-1.207404
2.736706
-1265.072
98.12753
893.183
0.85
LinkTagNAnd
0
0
0
-1672.414
223.789
802.6401
1.0
Obj_TreeApple_A_M_01
0
0
0
-1954.162
330.2875
318.0865
1.0
FldObj_CliffGrayParts_A_04_Far
-2.433197
-1.218511
1.327141
-1663.907
233.0012
709.8302
1.0
FldObj_CliffGrayParts_A_08
-0.9481981
-0.4138691
-0.1387742
-1892.238
216.7924
1016.511
1.2
FldObj_KorokStoneLift_A_01
-0.01882296
0.1113401
-0.2085149
-1482.852
111.7599
162.2547
1.0
WildHorseCreateTag01
0
0
0
-1819.505
190.1613
626.7285
1.0
LinkTagAnd
0
0
0
-1685.8
207.1
106.5
1.0
FldObj_CliffGrayParts_A_07_Far
-0.6615726
0.8077046
-0.1227182
-1634.582
161.9101
884.5886
1.2
LinkTagOr
0
-0.100002
0
-1336.391
125.0514
249.712
1.0
SwitchTimeLimited
0
0
0
-1866.36
222.5
101.5
1.0
ActorObserverTag
0
-2.8
0
-1511.597
117.3846
911.7275
2
FldObj_HyliaStoneRuinHouse_A_01_Far
-0.01011919
-0.008451964
0.004110801
-1366.317
113.8069
288.2989
1.0
Item_Fruit_A
0
0.6199999
0
-1934.697
336.1573
326.0093
1.0
Obj_TreeApple_A_M_01
0
1.379475
0
-1139.506
137.0984
252.3271
1.0
LinkTagAnd
0
-2.78
0
-1958.822
255.5213
605.293
2
FldObj_CliffYellowRock_A_01
-0.4812304
0.5642889
-0.1420147
-1985.656
265.2545
487.8003
1.0
FldObj_CliffGrayParts_A_08
0.08132192
1.497831
0.5147274
-1652.76
128.003
977.0481
1.2
LinkTagNAnd
0
-2.78
0
-1967.72
258.5213
604.3818
2
FldObj_CliffYellowWall_A_09
0
-2.7
0
-1719.201
114.9834
232.8231
1.0
Item_Fruit_A
0
1.52
0
-1933.33
333.1002
312.3539
1.0
FldObj_CliffGrayParts_A_07
-0.6234189
0.7213834
-0.1190557
-1740.451
162.8243
1103.675
1.2
LinkTagAnd
0
0
0
-1396.745
129.1906
220.4499
1.0
LinkTagAnd
0
0
0
-1883
214
68
1.0
LinkTagAnd
0
0
0
-1817.5
214
96.5
1.0
FldObj_HyliaStoneRuinHouse_A_01
-0.01011919
-0.008451964
0.004110801
-1366.317
113.8069
288.2989
1.0
LinkTagOr
0
0
0
-1954.762
330.2875
321.5588
1.0
FldObj_CliffYellowWall_A_03
2.445474
-0.6652738
-3.108458
-1917.072
215.8259
960.6982
1.0
Item_Fruit_A
0
-2.4518
0
-1945.131
334.9362
323.8104
1.0
Obj_TreeApple_A_M_01
0
1.4
0
-1957.993
330.8029
360.103
1.0
LinkTagXOr
0
0
0
-1839
214
54.5
1.0
ActorObserverByGroupTag
0
0
0
-1857.527
216.7362
73.38043
1.0
LinkTagAnd
0
1.521591
0
-1155.994
139.8342
245.6229
1.0
LinkTagAnd
0
-2.043182
0
-1508.465
118.1241
155.4936
1.0
Item_Fruit_A
0
1.52
0
-1937.178
334.1502
315.1621
1.0
FldObj_CliffGrayParts_A_08_Far
-0.4914978
1.137967
0.3066671
-1558.427
206.0698
700.929
1.2
Item_Fruit_A
0
-0.7796963
0
-1945.855
335.9642
340.2055
1.0
Obj_TreeApple_A_L_01
0
0
0
-1947.102
330.5739
352.1108
1.0
SwitchTimeLimited
0
0
0
-1854.672
222.2188
41.09375
1.0
Area
0
0
0
-1340.491
116.3881
366.1403
0.1
AirWallForE3
0
2.879793
0
-1792.366
212.1
41.14941
1.0
LinkTagAnd
0
0
0
-1825.5
217
59.5
1.0
LinkTagAnd
0
0
0
-1852.375
218.3359
94.36719
3
Item_Fruit_A
0
0.6199999
0
-1929.727
334.3573
322.6451
1.0
Obj_Plant_Korok_A_01
0
2.441592
0
-1125.371
138.0271
238.3294
1.0
LinkTagAnd
0
0
0
-1675.5
213.8
51.79999
1.0
FldObj_CliffGrayParts_A_05_Far
1.333779
0.3695842
2.096432
-1580.64
208.5548
743.3127
1.0
Item_Fruit_A
0
2.006377
0
-1362.917
137.2171
909.2015
1.0
Item_Fruit_A
0
-2.4518
0
-1944.226
336.0862
323.2579
1.0
Item_Fruit_A
0
0
0
-1935.727
337.2281
351.3864
1.0
Item_Fruit_A
0
1.36
0
-1956.856
335.676
310.7405
1.0
ActorObserverByGroupTag
0
0
0
-1796.273
214.5
36.67969
1.0
FldObj_RockLayerMossTreeBroadleaf_A_02
0
-0.01999998
0
-1870.439
267.4056
380.0616
1.0
FldObj_HyliaStoneRuinStraightWall_A_05
0
-1.570796
0
-1388.422
114.41
202.2342
1.0
FldObj_CliffWhiteWall_A_01_Far
-1.0482
-0.0294335
-0.002798202
-1049.151
161.1133
635.35
1.0
FldObj_CliffWhite_A_01_Far
0
0.16
0
-1136.167
114.5655
934.4829
1.2
ActorObserverTag
0
-2.8
0
-1513.482
117.3846
912.3975
2
Area
-1.570796
0
0
-1855.747
216.5719
76.15778
1.0
LinkTagAnd
0
0
0
-1319.058
116.1547
767.6678
1.0
FldObj_CliffYellowWall_A_11_Far
-0.3313542
0.04709462
0.05619442
-1929.128
187.8381
502.5729
1.15
LinkTagAnd
0
0
0
-1805
214
101
1.0
LinkTagAnd
0
0
0
-1689.858
205
130.8358
1.0
LinkTagAnd
0
0
0
-1893.3
210.7
91.5
1.0
FldObj_CliffGrayParts_A_04
-2.056484
-0.698083
0.5923595
-1690.63
212.2424
590.6779
1.0
FldObj_HyliaStoneRuinLookoutSmall_A_01
0
0
0
-1286.153
111.2542
197.1029
1.0
FldObj_CliffGrayParts_A_08_Far
1.832317
-1.264841
-2.978016
-1690.355
206.6522
627.3628
1.0
FldObj_HyliaStoneRuinStraightWall_A_06
0
-3.141593
0
-1296.315
114.8975
190.3186
1.0
FldObj_CliffGrayParts_A_11
1.42828
-1.312828
-3.111245
-1649.891
229.1193
635.9993
1.0
Item_Fruit_A
0
-0.7796963
0
-1942.816
335.0142
339.8346
1.0
Obj_TreeApple_A_M_01
0
-1.73113
0
-1378.095
134.0784
905.5618
1.0
LinkTagAnd
0
0
0
-1688.064
207.8266
165.7128
1.0
FldObj_CliffWhiteLumpRock_A_01
-0.671729
1.26327
0.2534251
-1188.373
138.2831
406.4583
1.0
FldObj_CliffGrayParts_A_08
-1.11077
-0.05326059
0.02708125
-1101.827
143.0634
336.123
1.0
LinkTagAnd
0
0
0
-1616.885
247.9135
693.9716
1.0
LinkTagAnd
0
-2.78
0
-1953.438
258.5213
605.3949
2
Area
0
0
0
-1009.463
130.7415
929.0392
1.0
FldObj_CliffYellowWall_A_09
2.761592
0.2199995
3.141593
-2000.996
267.3943
234.0712
1.0
ActorObserverTag
0
-2.043182
0
-1508.801
117.1241
155.6024
1.0
Item_Fruit_A
0
0
0
-1939.392
336.3252
359.5632
1.0
LinkTagOr
-1.570796
0
0
-1499.181
119.1665
159.0201
1.0
LinkTagAnd
0
0
0
-1094.581
148.5858
196.7125
1.0
FldObj_CliffYellowWall_A_11_Far
-3.006097
0.5589504
-2.845933
-1826.46
172.8732
282.8193
0.85
LinkTagAnd
0
-2.78
0
-1965.345
258.2401
600.7728
1.0
FldObj_CliffGrayParts_A_07_Far
-0.9182533
0.8694469
-0.1988806
-1636.75
208.7275
810.2449
1.2
FldObj_CliffYellowWall_A_09
0
1.12
0
-1930.187
262.6756
344.6786
1.0
Item_Fruit_A
0
1.36
0
-1952.61
334.626
308.5811
1.0
AirWallForE3
0
-1.134464
0
-1783.968
209.0953
75.03622
1.0
Area
1.570796
-0.6017306
3.141592
-1832.42
217.01
63.39732
1.0
Item_Fruit_A
0
0
0
-1935.727
337.4781
352.3364
1.0
LinkTagNone
0
0
0
-1792.366
212.1
41.14941
1.0
Item_Fruit_A
0
1.396263
0
-1017.081
204.3063
558.0264
1.0
FldObj_CliffGrayParts_A_05_Far
1.305454
0.6963924
2.097692
-1446.235
164.9015
569.467
1.0
ActorObserverByGroupTag
0
0
0
-1855
216
101
1.0
FldObj_HyliaStoneRuinStraightWall_A_03
0
3.141593
0
-1403.686
114.41
213.6751
1.183388
Obj_RaftWood_A_S_02
0.3228859
1.308997
0.3141593
-1247.008
115.3793
827.5673
1.0
FldObj_CliffWhiteLumpRock_A_01
-0.5343012
-0.7399691
0.070509
-1282.478
125.2658
367.0493
1.0
LinkTagAnd
0
0
0
-1095.74
141.4218
909.2686
1.0
Item_Fruit_A
0
1.62962
0
-1212.564
147.5504
126.3494
1.0
SwitchTimeLimited
0
0
0
-1843
217
96
1.0
LinkTagOr
0
-0.5800001
0
-1729.473
218.3719
374.5101
1.0
LinkTagAnd
0
2.059489
0
-1888.997
212.4
89.02612
1.0
LinkTagOr
0
0
0
-1943.67
329.7599
310.2358
1.0
LinkTagAnd
0
0
0
-1821.9
255.4935
972.0981
1.0
LinkTagOr
0
-2.04
0
-1020.609
203.5212
560.2578
1.0
LinkTagAnd
0
0
0
-1101.068
143.5751
233.7688
1.0
GrassCutTag
0
-2.780001
0
-1112.5
169.8847
430.5
1.0
Item_Fruit_A
0
0
0
-1936.392
335.2751
363.2632
1.0
Area
0
0
0
-1095.44
139.2718
909.5686
0.1
FldObj_CliffGrayParts_A_08
-0.7444401
1.178369
-0.1712984
-1659.24
126.2777
1059.97
1.2
Area
0
1.828791
0
-1775.348
224.6302
887.6453
50
FldObj_CliffYellowWall_A_05_Far
0
-0.24
-0.02
-1850.482
204.5897
117.9893
1.0
Obj_LiftRockWhite_A_01
-0.1317074
-1.006415
-0.1804218
-1336.888
122.4514
249.6623
1.0
Obj_Plant_Korok_A_01
-2.885161
0.6543663
2.938696
-1094.6
147.3311
196.7263
1.0
SwitchTimeLag
-1.570796
0
0
-1095.74
142.4218
909.2686
0.5
Enemy_Bokoblin_Bone_Junior
-0.1549312
-0.6777846
0.08947054
-1984.3
259.7816
513.8
1.0
FldObj_CliffWhiteWall_A_02
-1.109521
-0.8253949
-0.06824542
-1088.933
182.7522
560.9959
1.0
FldObj_CliffGrayParts_A_08_Far
2.96027
-1.369578
2.164818
-1710.786
210.6224
754.3384
1.0
SwitchTimeLimited
0
0
0
-1853.5
218
65
1.0
Enemy_Moriblin_Middle
0
2.439998
0
-1114.775
169.7191
432.9643
1.0
LinkTagOr
0
-0.5800001
0
-1730.658
219.4656
375.4055
1.0
FldObj_CliffYellowWall_A_08
0
0.8199995
0
-1997.67
192.4355
505.4431
1.0
Obj_Plant_Korok_A_01
0
1.48158
0
-1154.533
137.362
244.9762
1.0
FldObj_CliffYellowWall_A_11
2.767976
1.18057
-3.105948
-1858.335
216.8024
300.2744
0.85
FldObj_HyliaStoneRuinStraightWall_A_03_Far
0
3.141593
0
-1403.686
114.41
213.6751
1.183388
Obj_RockSetYellow_A_L_01
-1.54
0
0
-1637.189
199.5923
230.1087
1.0
Item_Fruit_A
0
0
0
-1965.565
335.3412
341.6506
1.0
FldObj_HyliaStoneRuinStraightWall_A_03_Far
0
0
0
-1416.832
114.41
192.494
1.0
LinkTagPulse
-0.105199
0.009958949
0.1886012
-1153.545
133.9359
964.5311
0.25
Item_Fruit_A
0
-1.73113
0
-1380.782
139.8784
905.1588
1.0
TBox_Field_Iron
0
-1.72
0
-1318.1
115
773.6
1.0
AirWallForE3
0
0.01999971
0
-1688.73
208.9
59.47461
1.0
Item_Fruit_A
0
-0.7796963
0
-1940.736
335.3142
338.8681
1.0
FldObj_CliffGrayParts_A_08
-1.54761
0.12193
-0.4185458
-1685.279
154.5086
966.2416
1.2
LinkTagNAnd
0
-1.14
0
-1098.142
150.3858
196.148
1.0
Item_Fruit_A
0
0
0
-1943.16
335.0099
317.4001
1.0
LinkTagAnd
-3.131286
-0.599536
-2.093298
-1964.206
314.0532
409.9568
1.0
FldObj_CliffYellowRock_A_01_Far
-0.4812304
0.5642889
-0.1420147
-1985.656
265.2545
487.8003
1.0
Obj_KorokPlate_A_01
0
-2.094395
0
-1819.173
248.4851
972.4107
1.0
LinkTagOr
0
0
0
-1936.238
332.2281
345.1721
1.0
Item_Fruit_A
0
1.396263
0
-1973.009
333.81
347.2029
1.0
FldObj_CliffWhite_A_S_01
0
0
0
-1227.495
114.7418
923.6357
1.0
LinkTagOr
0
-0.7400006
0
-1105.738
144.4999
216.8996
1.0
LinkTagAnd
0
0
0
-1857.391
221.8906
55.82813
1.0
FldObj_HyliaStoneRuinStraightWall_A_01
0
0
0
-1307.235
114.421
175.2675
1.0
AirWallForE3
0
-0.6566376
0
-1833.633
215.1187
98.89117
1.0
Item_Fruit_A
0
-2.4518
0
-1945.032
335.0362
325.7378
1.0
LinkTagOr
0
0.6101134
0
-1361.747
134.1771
913.2303
1.0
ConstraintDummy
0
0
0
-1134.464
149.0602
1030.472
0.1
ActorObserverByGroupTag
0
0
0
-1776.438
213
73.64063
1.0
AnchorAction1
0
-1.274602
0
-1681.478
214.5036
51.98123
1.0
FldObj_CliffGrayParts_A_05_Far
1.399337
0.1604868
2.580861
-1499.365
165.1656
376.5187
1.0
FldObj_CliffGrayParts_A_08_Far
-2.155677
0.6950783
-0.8211464
-1464.168
163.3781
531.231
1.2
LinkTagXOr
0
0
0
-1803.5
214
103
1.0
Item_Fruit_A
0
0
0
-1971.565
337.1412
341.5006
1.0
FldObj_BridgeHyruleStone_A_01
0
0
0
-1128.607
156.2441
1012.773
1.0
Area
0
2.061593
0
-1893.3
210.7
91.5
25
LinkTagAnd
0
0.6399999
0
-1127.688
148.4699
414.6095
1.0
LinkTagAnd
0
0
0
-1687.126
208.3266
115.956
1.0
Area
0
0.6399999
0
-1124.898
138.3936
417.5191
1.0
Item_Fruit_A
0
0
0
-1943.16
334.7599
316.4501
1.0
Npc_HiddenKorokGround
0
-3.141593
0
-1009.463
130.1141
932.0392
1.0
FldObj_CliffGrayParts_A_08_Far
-1.54761
0.12193
-0.4185458
-1685.279
154.5086
966.2416
1.2
FldObj_KorokStone_A_01
0
-2.043182
0
-1508.465
115.1241
155.4936
1.0
LocationTag
0
0
0
-1111.991
170.4422
430.9083
1.0
SwitchTimeLimited
0
0
0
-1841.292
221.2373
92.99191
1.0
LinkTagOr
-1.570796
0
0
-1092.4
141.7554
898.9289
1.0
FldObj_HyliaStoneRuinStraightWall_A_04_Far
0
-1.570796
0
-1304.575
114.8975
254.6149
1.0
Item_Fruit_A
0
0
0
-1946.057
331.8157
359.3247
1.0
ActorObserverByGroupTag
0
0
0
-1797.375
214.5
36.67969
1.0
LinkTagNAnd
0
-2.78
0
-1966.431
257.0213
604.9634
2
Obj_LiftRockWhite_Korok_A_01
0
0
0
-1009.463
130.1415
929.0392
1.0
Area
3.075014
0.3597673
3.083093
-1962.7
313.871
408.8803
3
LinkTagAnd
0
0
0
-1878.471
214.8326
38.2887
1.0
FldObj_CliffWhiteWall_A_02
2.321322
0.4528117
-3.092313
-1158.052
167.3127
528.2635
0.85
LinkTagOr
0
0
0
-1133.464
145.3477
1030.472
1.0
FldObj_HyliaStoneRuinStraightWall_A_03
0
1.570796
0
-1311.027
114.421
192.8426
1.0
Item_Fruit_A
0
1.62962
0
-1207.866
147.2004
127.8758
1.0
FldObj_HyliaStoneRuinStraightWall_A_03_Far
0
-3.141593
0
-1319.307
114.421
253.0079
1.0
LinkTagAnd
0
0
0
-1837.5
214
56.5
1.0
FldObj_CliffYellowWall_A_02_Far
2.185415
-0.6475943
-3.045703
-1850.901
223.8208
949.3752
1.0
Item_Fruit_A
0
0
0
-1925.763
333.0824
332.0401
1.0
FldObj_CliffGrayParts_A_08
2.407666
0.9755918
-3.090801
-1458.337
116.7693
352.5296
1.0
Obj_RockSetYellow_A_L_01_Far
-0.4003943
-0.6344184
-0.6543658
-1851.86
204.8047
873.7615
1.0
AirOcta_Tag
0
-0.8600004
0
-1691.2
209.2
159.5
1.0
LinkTagAnd
0
0
0
-1134.964
146.3477
1030.473
1.0
FldObj_CliffYellowWall_A_04_Far
0
-2.736025
0
-1676.887
202.7819
209.1075
1.3
ActorObserverTag
0
-2.043182
0
-1508.574
117.1241
155.1572
1.0
TwnObj_BraveHorsePark_A_01
0
3.141593
0
-1619.727
245.7882
688.0231
1.0
FldObj_CliffYellowRock_A_01_Far
2.18799
-0.5838469
3.098073
-1976.842
187.9409
922.1439
1.0
LinkTagAnd
0
0
0
-1355
115
233
1.0
SwitchTimeLimited
0
0
0
-1836.406
220.0703
57.95313
1.0
Enemy_AirOctarock
0
-2.145398
0
-1691.659
208.3265
104.6685
1.0
SwitchTimeLimited
0
0
0
-1861
217
71.5
1.0
FldObj_HyliaStoneRuinStraightWall_A_07_Far
0
-3.141593
0
-1329.556
114.421
264.8383
1.0
Item_Fruit_A
0
0
0
-1973.728
336.57
350.4201
1.0
Obj_TreeApple_A_M_01
0
-2
0
-1953.318
329.7266
367.3031
1.0
FldObj_CliffGrayParts_A_08
0.8539204
0.7698971
1.892454
-1794.539
206.6312
1018.478
1.2
Npc_HiddenKorokFly
0
-0.5800001
0
-1731.076
216.9656
375.1318
1.0
Area
0
-2.043182
0
-1508.334
115.3741
155.8972
0.1
FldObj_CliffYellowWall_A_09
0
-3.101591
0
-1772.701
114.1287
245.7997
1.0
FldObj_CliffGrayParts_A_08_Far
-0.656144
1.093027
0.4707457
-1970.683
199.0482
656.5212
1.0
LinkTagNAnd
0
-2.78
0
-1962.108
258.5213
602.2592
2
FldObj_CliffYellowWall_A_11_Far
0
1.3
0
-1884.693
204.5027
400.0236
1.0
ActorObserverTag
0
0
0
-1095.49
140.4218
909.5186
1.0
LinkTagAnd
0
-0.7000011
0
-1127.304
141.0271
240.6239
1.0
SwitchTimeLimited
0
0
0
-1807.713
222.7702
63.28513
1.0
SwitchTimeLimited
0
0
0
-1796.592
220.4898
65.01428
1.0
LinkTagAnd
0
0
0
-1023.059
208.0212
558.4551
1.0
LinkTagAnd
0
0
0
-1125.371
139.2271
238.3294
1.0
Area
1.605703
-0.9808751
-3.141592
-1851.961
227.073
50.09364
1.0
ActorObserverTag
0
0
0
-1095.49
140.4218
909.0186
1.0
ActorObserverByGroupTag
0
0
0
-1798.5
214
66.5
1.0
SwitchTimeLag
1.570796
-1.101592
3.141593
-1023.059
208.0212
558.4551
0.5
Item_Fruit_A
0
1.96
0
-1961.684
335.0825
352.2982
1.0
FldObj_HyliaStoneRuinRightAngleWall_A_02_Far
0
0
0
-1392.324
113.8069
269.3369
1.0
Area
0
0
0
-1340.491
116.9881
365.5403
0.1
LinkTagOr
0
-2.8
0
-1511.597
120.3846
911.7275
1.0
Area
0
0
0
-1629.727
240
688.0231
50
Item_Fruit_A
0
1.08
0
-1956.107
334.5393
342.7072
1.0
PosAfterDemoSkip
0
-1.082104
0
-1887.191
212.4
88.3649
1.0
Obj_TreeBroadleaf_B_L_01
0
3.02
0
-1386.081
114.6931
253.848
1.0
Area
-1.570796
-0.2581317
2.125364E-08
-1792.408
212.3321
41.38238
1.0
Area
0
-0.1399886
0
-1101.068
143.5751
233.7688
2
Obj_RockSetYellow_A_L_01
-0.4003943
-0.6344184
-0.6543658
-1851.86
204.8047
873.7615
1.0
FldObj_CliffGrayParts_A_01
1.817694
0.4503406
2.644507
-1566.361
186.363
277.0478
1.0
ActorObserverByGroupTag
0
0
0
-1826
219.5
62.5
1.0
FldObj_HyliaStoneRuinDebris_A_01
0
-3.141593
0
-1320.013
114.421
261.3841
1.0
FldObj_CliffYellowRock_A_01_Far
2.347024
-0.9718226
2.870091
-1780.706
199.3095
815.8392
1.0
SwitchTimeLimited
0
0
0
-1793.795
212.661
77.7977
1.0
FldObj_CliffYellowCurve_A_01_Far
2.518507
-0.3295055
3.110563
-1932.698
185.3342
906.7589
1.0
LinkTagXOr
0
0
0
-1816.5
214
94.5
1.0
LinkTagAnd
0
-0.5800001
0
-1731.494
219.4656
374.8579
1.0
LinkTagAnd
0
0
0
-1510.99
120.3846
910.4503
1.0
LinkTagOr
0
-2.4518
0
-1944.809
329.6862
326.9339
1.0
LinkTagAnd
0
0
0
-1111.991
170.4422
430.9083
1.0
ActorObserverByGroupTag
0
0
0
-1857
214
39
1.0
FldObj_CliffGrayParts_A_04
-1.291515
-0.8284609
-1.353162
-1609.921
233.4217
655.7627
1.0
FldObj_CliffWhiteParts_A_03
-0.4200002
-0.4399999
0
-1155.402
124.8806
964.1129
0.8
Item_Fruit_A
0
0
0
-1947.002
335.5739
354.6608
1.0
SwitchTimeLag
-1.570796
0
0
-1340.191
120.1381
365.8403
0.5
LinkTagAnd
0
0
0
-1105.738
142.6999
216.8996
1.0
LinkTagAnd
0
0
0
-1796.273
214.5
38.90625
1.0
Area
0
0.26
0
-1689.858
205
130.8358
1.0
Obj_TreeBroadleaf_B_L_01
0
-1.3
0
-1366.128
114.6931
210.4937
1.0
LinkTagAnd
0
0
0
-1693.5
206.6
158.7
1.0
Item_Fruit_A
0
1.96
0
-1963.969
336.1325
356.4778
1.0
Npc_HiddenKorokFly
0
0
0
-1859.587
272.6248
334.3039
1.0
LinkTagOr
0
-2
0
-1956.226
329.7266
365.3131
1.0
LinkTagAnd
0
0
0
-1320.4
114.6
772.9
1.0
RememberTag
0
0
0
-1612.415
246.3292
688.02
1.0
FldObj_CliffYellowWall_A_03_Far
1.876315
-0.6407473
-3.009562
-1792.08
212.5651
841.79
1.0
Obj_BoardWood_Triangle_01
0
-1.36
0
-1686.9
206.7
109
1.0
FldObj_CliffYellowWall_A_11_Far
0
-2.72
0
-1675.416
103.9087
193.092
1.0
Area
0
0
0
-1355
115
233
90
LinkTagAnd
0
0
0
-1697.453
207.8265
157.9801
1.0
LinkTagNAnd
0
2.059489
0
-1892.47
224.7659
89.78244
1.0
ActorObserverByGroupTag
0
0
0
-1776.797
213
74.35156
1.0
Item_Fruit_A
0
0
0
-1947.002
335.8239
355.6108
1.0
Item_Fruit_A
0
1.08
0
-1960.784
335.5893
343.6091
1.0
AirWallForE3
0
0
0
-1855.73
216.3646
76.17999
1.0
Obj_TreeBroadleafRoot_B_L_01
0
0
0
-1865.255
269.1304
351.778
1.0
Enemy_Moriblin_Middle
0
0
0
-1071.023
175.4339
563.5078
1.0
FldObj_HyliaStoneRuinStraightWall_A_07
0
-3.141593
0
-1329.556
114.421
264.8383
1.0
Area
1.631883
1.064651
-3.141593
-1826.325
225.4699
60.07714
1.0
LinkTagAnd
0
0
0
-1340.191
120.1381
365.8403
1.0
Npc_HiddenKorokGround
0
-1.721593
0
-1336.357
117.1225
366.6163
1.0
FldObj_HyliaStoneRuinStraightWall_A_03_Far
0
1.570796
0
-1333.055
114.4145
267.4386
1.183388
Obj_TreeApple_A_L_01
0
-2.4518
0
-1947.458
329.6862
324.3686
1.0
SwitchTimeLimited
0
0
0
-1844.5
224
99.5
1.0
LinkTagAnd
0
0
0
-1841.5
218
102.7734
1.0
LinkTagAnd
0
0
0
-1796.5
214
66.5
1.0
Item_Fruit_A
0
1.52
0
-1935.891
335.2002
317.4304
1.0
LinkTagOr
0
0
0
-1947.512
330.5739
348.4465
1.0
Area
-1.675516
0.2042035
0
-1869.203
227.6379
63.64053
1.0
FldObj_BridgeHyruleStone_A_01_Far
0
0
0
-1128.607
156.2441
1012.773
1.0
Item_Fruit_A
0
-1.86
0
-1961.168
332.6812
321.7561
1.0
Item_Fruit_A
0
0.6199999
0
-1929.129
334.0573
324.8598
1.0
FldObj_HyliaStoneRuinStraightWall_A_02_Far
0
1.748456E-07
0
-1300.963
114.421
256.0973
1.0
DgnObj_EntranceElevatorSP
0
2.059489
0
-1893.3
212.4002
91.5
1.0
FldObj_CliffYellowWall_A_09_Far
2.761592
0.2199995
3.141593
-2000.996
267.3943
234.0712
1.0
Item_Fruit_A
0
0
0
-1964.54
332.9557
360.0793
1.0
Npc_HiddenKorokGround
0
-0.100002
0
-1336.888
122.5514
249.6623
1.0
FldObj_CliffGrayParts_A_08_Far
2.407666
0.9755918
-3.090801
-1458.337
116.7693
352.5296
1.0
LinkTagPulse
0
-0.03284897
0
-1404.51
163.502
459.741
0.25
FldObj_CliffGrayParts_A_04_Far
-1.291515
-0.8284609
-1.353162
-1609.921
233.4217
655.7627
1.0
FldObj_HyliaStoneRuinDebris_A_01
0.06171281
-0.008222074
-0.03179734
-1359.612
114.0392
298.5522
1.0
Item_Fruit_A
0
1.396263
0
-1953.412
333.3275
317.5865
1.0
Area
0
-0.9800006
0
-1310.033
111.7423
786.8482
1.0
FldObj_CliffGrayParts_A_11_Far
1.42828
-1.312828
-3.111245
-1649.891
229.1193
635.9993
1.0
Item_Fruit_A
0
1.4
0
-1955.31
336.6029
360.5341
1.0
LinkTagAnd
0
0
0
-1808.93
214.6094
39.16406
3
LinkTagAnd
0
0
0
-1691.659
208.3265
104.6685
1.0
LinkTagAnd
0
0
0
-1816.359
218.4453
93.04688
3
KorokAnswerResponce
0
1.163185
0
-1439.286
124.7472
843.8424
1.0
FldObj_CliffYellowWall_A_11_Far
2.91938
0.9910585
-3.051561
-1915.429
260.3904
300.2217
0.85
FldObj_HyliaStoneRuinLookout_A_01
0
0
0
-1341.214
114.2208
225.8182
1.0
FldObj_CliffYellowWall_A_04_Far
0
-0.6
0
-1898.77
208.7657
104.6688
0.9
LinkTagAnd
0
0
0
-1890.4
226
63.69998
1.0
FldObj_CliffGrayParts_A_08_Far
0.1931705
-1.472266
-2.28786
-1504.25
187.9758
641.3492
1.2
AirWallForE3
0
0.6199999
0
-1832.392
216.8
63.42685
1.0
Item_Fruit_A
0
0.6199999
0
-1933.72
335.1073
323.5916
1.0
FldObj_CliffYellowWall_A_08_Far
0
1.241593
0
-1863.523
201.1934
347.1032
1.0
FldObj_CliffYellowWall_A_08
0
0.4015927
0
-1945.203
244.4355
423.4938
1.0
SwitchTimeLag
-1.570796
-0.1399886
0
-1101.347
145.3751
235.7492
0.5
LinkTagNAnd
0
0
0
-1803.578
218.8047
99.28125
1.0
AirWallForE3
0
0.3800004
0
-1641.957
219.1
23.88129
1.0
LinkTagAnd
0
-2.094395
0
-1821.9
253.4935
972.0981
1.0
Item_Fruit_A
0
1.479733
0
-1246.883
123.4753
214.9492
1.0
Item_Fruit_A
0
1.52
0
-1935.437
333.4002
311.4457
1.0
FldObj_CliffYellowWall_A_04
0
-0.6
0
-1898.77
208.7657
104.6688
0.9
FldObj_HyliaStoneRuinStraightWall_A_04_Far
0
-1.570796
0
-1408.295
114.41
190.1669
1.0
FldObj_CliffYellowWall_A_03
2.504742
-1.461979
2.569602
-1979.789
201.3561
950.8271
1.0
LinkTagAnd
0
0
0
-1966.748
261.7401
601.3036
1.0
FldObj_CliffGrayParts_A_07
-0.9182533
0.8694469
-0.1988806
-1636.75
208.7275
810.2449
1.2
LinkTagAnd
0
-2.78
0
-1967.72
260.0213
604.3818
2
Item_Fruit_A
0
2.796263
0
-1958.359
333.843
359.2789
1.0
FldObj_CliffGrayParts_A_08_Far
-0.8242483
0.5218102
-0.4081314
-1710.924
163.8714
1003.72
1.2
SwitchTimeLimited
0
0
0
-1868.187
219.2681
34.86835
1.0
LinkTagAnd
0
-2.78
0
-1965.621
256.5213
601.4498
2
SwitchTimeLimited
0
0
0
-1860
222.5
96.5
1.0
FldObj_CliffGrayParts_A_04
2.497722
-1.237006
2.738316
-1651.141
228.761
610.6837
1.0
FldObj_CliffWhiteLumpRock_A_01
2.032454
-0.7259188
3.077593
-1282.454
109.5428
530.8848
1.2
ConstraintDummy
0
0
0
-1857.587
272.6248
333.2492
0.5
FldObj_CliffYellowWall_A_11
-0.3313542
0.04709462
0.05619442
-1929.128
187.8381
502.5729
1.15
FldObj_CliffGrayParts_A_08
0.1931705
-1.472266
-2.28786
-1504.25
187.9758
641.3492
1.2
Obj_TreeBroadleaf_B_L_01
-0.03903025
0.542849
0.06293234
-1742.632
213.943
402.1492
1.0
FldObj_HyliaStoneRuinLookout_A_02_Far
0
3.141593
0
-1404.37
110.1697
257.6785
1.0
Obj_TreeBroadleaf_B_L_01
0
-0.48
0
-1957.302
311.5255
397.0422
1.0
FldObj_CliffGrayParts_A_08
-0.8242483
0.5218102
-0.4081314
-1710.924
163.8714
1003.72
1.2
FldObj_HyliaStoneRuinRightAngleWall_A_01_Far
0
-1.570796
0
-1390.593
114.41
192.2906
1.0
Item_Fruit_A
0
0
0
-1954.131
336.0875
320.8037
1.0
FldObj_CliffGrayParts_A_05_Far
-0.4186796
0.4956163
1.399102
-1448.93
122.6456
709.506
1.0
LinkTagNone
0
0
0
-1315.232
116.2328
774.3818
1.0
SwitchTimeLimited
0
0
0
-1782.5
211.5
69.5
1.0
Obj_TreeApple_A_L_01
0
0
0
-1943.26
329.7599
313.9001
1.0
Item_Fruit_A
0
2.06
0
-1946.414
332.441
365.7797
1.0
FldObj_CliffGrayParts_A_07_Far
-0.9293572
0.2145876
-0.1202039
-1842.201
230.589
989.9558
1.2
Area
1.61443
0.6213372
3.141592
-1815.828
224.825
73.97572
1.0
FldObj_CliffYellowCurve_A_01
2.518507
-0.3295055
3.110563
-1932.698
185.3342
906.7589
1.0
LinkTagOr
-0.2090913
-1.040429
0.3706905
-1154.592
135.4027
964.8042
1.0
Item_Fruit_A
0
0
0
-1935.592
335.5752
361.1132
1.0
SwitchTimeLimited
0
0
0
-1824
218
59
1.0
LinkTagAnd
0
0
0
-1840.5
214
57
1.0
LinkTagOr
0
1.479733
0
-1243.176
120.9103
217.7071
1.0
FldObj_CliffGrayParts_A_07_Far
-0.6234189
0.7213834
-0.1190557
-1740.451
162.8243
1103.675
1.2
FldObj_HyliaStoneRuinLookoutSmall_A_01_Far
0
3.141593
0
-1404.975
111.2444
280.346
1.0
ActorObserverTag
0
-2.043182
0
-1508.128
117.1241
155.3847
1.0
FldObj_CliffYellowWall_A_08_Far
0
0.4015927
0
-1945.203
244.4355
423.4938
1.0
LinkTagOr
0
0
0
-1498.181
121.104
159.0201
1.0
LinkTagAnd
0
0
0
-1803.578
218.8047
101.4844
1.0
LinkTagOr
0
-3.141593
0
-1009.963
132.6141
932.0395
1.0
ActorObserverByGroupTag
0
0
0
-1837.5
214
58
1.0
FldObj_CliffYellowWall_A_11_Far
2.688283
1.028081
3.01664
-1553.568
99.73368
211.6394
1.0
Area
0
0
0
-1096.04
139.2718
908.9686
0.1
DestinationAnchor
0
-1.570796
0
-1610.38
246.3072
688.0037
1.0
SwitchTimeLimited
0
0
0
-1793.5
213
46
1.0
FldObj_CliffGrayParts_A_08_Far
-0.8273712
1.275527
-0.2624309
-1423.785
142.0694
533.518
1.0
LocationTag
0
0
0
-1893.3
210.7
91.5
1.0
FldObj_CliffGrayParts_A_08
2.781747
1.384625
-2.575121
-1553.435
174.5437
292.8428
1.0
FldObj_CliffGrayParts_A_08_Far
2.545702
1.160836
3.094683
-1531.462
131.9135
807.6813
1.2
DgnObj_EntranceShutterSP
0
2.059489
0
-1889.945
212.4002
89.716
1.0
FldObj_CliffYellowWall_A_11
2.91938
0.9910585
-3.051561
-1915.429
260.3904
300.2217
0.85
LinkTagOr
0
0
0
-1338.634
119.7549
360.177
1.0
KorokAnswerResponce
0
0
0
-1337.634
115.6924
360.177
1.0
Item_Fruit_A
0
1.36
0
-1954.545
334.926
307.3489
1.0
Item_Fruit_A
0
0
0
-1933.927
337.8281
347.7364
1.0
FldObj_CliffWhite_A_03
0
0
0
-1411.492
109.155
859.2036
1.0
FldObj_HyliaStoneRuinDebris_A_01
0
-1.570796
0
-1401.967
114.41
222.9397
1.380534
Obj_KorokPot_A_01
0
0
0
-1859.587
272.6248
333.2492
1.0
ActorObserverTag
0
-2.043182
0
-1508.356
117.1241
155.8299
1.0
Obj_LiftRockWhite_A_01
0
0
0
-1551.966
167.282
815.4899
1.0
LinkTagOr
0
1.941592
0
-1107.121
141.9218
904.7964
1.0
SwitchTimeLag
-1.570796
-0.7400006
0
-1107.086
144.4999
218.3765
0.5
FldObj_CliffGrayParts_A_08_Far
2.781747
1.384625
-2.575121
-1553.435
174.5437
292.8428
1.0
LinkTagAnd
0
0
0
-1552.466
169.882
815.4901
1.0
Enemy_AirOctarock
0
-0.285398
0
-1321.548
116.2094
778.0692
1.0
FldObj_CliffGrayParts_A_04_Far
-2.056484
-0.698083
0.5923595
-1690.63
212.2424
590.6779
1.0
FldObj_CliffGrayParts_A_07
-0.4063164
0.9354566
-0.1497975
-1523.218
172.535
710.9714
1.2
Item_Fruit_A
0
0
0
-1958.442
332.7686
333.5374
1.0
LinkTagAnd
0.5676367
0.270813
-0.873912
-1549.966
168.282
815.4899
1.0
Area
0
3.090336
0
-1405.51
163.5021
459.7081
3
FldObj_HyliaStoneRuinHouse_A_02_Far
0
3.141593
0
-1352.073
114.1741
192.3226
1.0
Npc_HiddenKorokGround
0
0
0
-1313.943
116.1744
622.8615
1.0
FldObj_CliffWhiteWall_A_02_Far
2.496181
-1.475931
2.302468
-1148.797
138.7986
533.8026
1.0
LinkTagAnd
0
0
0
-1803.5
214
34.5
1.0
Item_Fruit_A
0
0
0
-1941.592
337.3752
360.9632
1.0
FldObj_CliffGrayParts_A_04_Far
2.067091
-0.9880927
-3.070038
-1647.141
220.3484
563.1525
1.0
FldObj_CliffWhite_A_S_01_Far
0
0
0
-1227.495
114.7418
923.6357
1.0
AirOcta_Tag
0
0.5000001
0
-1320.4
117.6
772.9
1.0
Item_Fruit_A
0
0
0
-1937.977
337.4781
347.7864
1.0
ShelterFromRainTag
0
3.028793
0
-1775.621
224.6826
881.4254
1.0
Item_Fruit_A
0
1.36
0
-1955.947
336.726
313.1847
1.0
FldObj_HyliaStoneRuinRightAngleWall_A_01
0
-1.570796
0
-1390.593
114.41
192.2906
1.0
FldObj_CliffGrayParts_A_04
2.067091
-0.9880927
-3.070038
-1647.141
220.3484
563.1525
1.0
FldObj_HyliaStoneRuinStraightWall_A_03_Far
0
0
0
-1325.458
114.4145
179.094
1.183388
FldObj_KorokTarget_A_01
0
-2.78
0
-1964.125
259.9822
613.7549
1.0
Item_Fruit_A
0
0
0
-1941.478
332.5043
306.0272
1.0
ActorObserverByGroupTag
0
0
0
-1878.918
214.6781
36.60538
1.0
FldObj_HyliaStoneRuinStraightWall_A_02_Far
0
-1.570796
0
-1314.117
114.421
211.1865
1.0
LinkTagOr
-1.147627
0.2521612
0.3872893
-1499.181
116.604
159.0201
1.0
Area
0
0
0
-1989.5
256.2
521.3
10
FldObj_HyliaStoneRuinStraightWall_A_04
0
-3.141593
0
-1312.634
114.8975
207.5748
1.0
LinkTagAnd
0
0
0
-1796
214
64
1.0
SwitchTimeLimited
0
0
0
-1852.375
222.8281
92.46094
1.0
Item_Fruit_A
0
0
0
-1017.8
207.0663
561.2437
1.0
ActorObserverByGroupTag
0
0
0
-1868.5
222.5
98.5
1.0
Area
-1.570796
-1.134464
0
-1784.127
209.3141
75.09943
1.0
LinkTagAnd
0
-1.221591
0
-1502.135
120.5242
155.7481
1.0
FldObj_CliffWhiteWall_A_02
2.496181
-1.475931
2.302468
-1148.797
138.7986
533.8026
1.0
FldObj_HyliaStoneRuinRightAngleWall_A_01
0
1.570796
0
-1327.638
114.421
197.0642
1.0
LinkTagAnd
0
0
0
-1893
232.9
73.29999
1.0
LinkTagAnd
0
-2.78
0
-1972.144
258.5213
612.4702
2
FldObj_CliffGrayParts_A_01
1.421916
-0.04486365
2.42428
-1546.033
147.5264
772.8864
1.0
SwitchTimeLimited
0
0
0
-1810.009
222.5413
37.95599
1.0
KorokAnswerResponce
0
-2.04
0
-1022.39
204.9641
561.437
0.5
FldObj_CliffYellowRock_A_01
2.18799
-0.5838469
3.098073
-1976.842
187.9409
922.1439
1.0
ActorObserverByGroupTag
0
0
0
-1840.156
218
102.1875
1.0
Area
0
-1.660012
0
-1154.533
138.562
244.9762
2
ActorObserverTag
0
-2.04
0
-1021.937
203.9641
560.545
1.0
LinkTagAnd
0
0
0
-1882
214
71
1.0
Obj_TreeApple_A_M_01
0
0
0
-1973.759
330.77
347.7029
1.0
LinkTagAnd
0
0
0
-1687.1
207
108.7
1.0
LinkTagAnd
0
-1.14
0
-1097.307
150.3858
197.9653
1.0
Item_Fruit_A
0
0
0
-1969.365
336.0912
340.1006
1.0
LocationTag
0
0
0
-1355
115
233
1.0
Enemy_AirOctarock
0
0.2107965
0
-1687.126
208.3266
115.956
1.0
LinkTagOr
0
-2.880002
0
-1250.156
126.9323
732.2864
1.0
DgnObj_DungeonEntranceSP_Far
0
2.059489
0
-1893.3
211.4
91.5
1.0
LinkTagAnd
0
0
0
-1816.954
217.8594
99.78717
1.0
Item_Fruit_A
0
0
0
-1945.41
335.0099
312.8501
1.0
Obj_LiftRockWhite_A_01
0
0
0
-1008.659
128.228
903.3439
1.0
Area
0
-0.7400006
0
-1105.738
142.6999
216.8996
2
LinkTagAnd
0
0
0
-1851
216
100
1.0
Obj_SweepCollision
0
2.059489
0
-1894.183
226.4
91.96948
1.0
Item_Fruit_A
0
2.875996
0
-1247.009
123.9503
216.0021
1.0
FldObj_CliffYellowRock_A_01_Far
-3.106186
-1.05718
1.879788
-1791.018
185.6767
796.5698
1.0
LinkTagXOr
0
0
0
-1806
214
34.5
1.0
LinkTagAnd
0
0
0
-1095.74
142.4218
909.2686
1.0
LinkTagAnd
0
0
0
-1852.375
225.8438
98.3125
1.0
Enemy_AirOctarock
0
3.06699
0
-1691.485
207.8578
151.927
1.0
FldObj_CliffYellowWall_A_06_Far
0
0.3200001
0
-1686.454
197.105
74.771
1.0
Npc_Musician_001
0
-1.485467
0
-1681.678
214.498
51.38123
1.0
LinkTagOr
0
-2.880002
0
-1250.034
128.026
730.8065
1.0
ActorObserverByGroupTag
0
0
0
-1776
213
73
1.0
ActorObserverByGroupTag
0
0
0
-1881
214
68
1.0
Area
-1.570796
0.009203223
0
-1875.24
215.1044
34.63829
1.0
LinkTagPulse
3.133024
-0.5986419
3.075302
-1963.382
313.9984
409.3932
0.25
FldObj_CliffYellowWall_A_03_Far
2.504742
-1.461979
2.569602
-1979.789
201.3561
950.8271
1.0
TBox_Field_Iron
0
-0.6400001
0
-1685.8
207.1
106.5
1.0
Obj_KorokPlate_A_01
0
-2.094395
0
-1820.33
248.6103
974.4084
1.0
FldObj_HyliaStoneRuinDebris_A_01_Far
0
1.570796
0
-1371.884
114.339
292.7343
1.60756
LinkTagOr
0
0
0
-1974.358
330.77
351.1752
1.0
Obj_TreeApple_A_L_01
0
0
0
-1935.827
332.2281
348.8364
1.0
FldObj_BridgeWoodThin_A_01
0
0.2617994
0
-1097.594
169.851
480.2093
1.0
LinkTagAnd
3.075014
0.3597673
3.083093
-1962.286
317.0846
410.1855
1.0
Obj_RaftWoodSail_A_S_01
0.1745329
1.22173
0.2094395
-1422.182
115.0899
173.9098
1.0
FldObj_HyliaStoneRuinStraightWall_A_02
0
-1.570796
0
-1314.117
114.421
211.1865
1.0
ActorObserverTag
0
0
0
-1008.463
132.3415
929.0392
1.0
ActorObserverByGroupTag
0
0
0
-1826.5
219.5
63
1.0
LinkTagAnd
0
0
0
-1321.548
116.2094
778.0692
1.0
LinkTagAnd
0
0
0
-1629.727
240
688.0231
1.0
EventTag
0
1.535888
0
-1888.941
212.4
86.91727
1.0
LinkTagXOr
0
0
0
-1855
214
36
1.0
FldObj_CliffGrayParts_A_08
2.431757
1.15682
-3.082349
-1528.582
201.2622
587.5318
1.2
FldObj_CliffGrayParts_A_07_Far
1.585447
1.304428
2.224277
-1812.352
213.618
355.1733
1.2
Area
-1.570796
-0.6512391
0
-1833.633
215.3139
98.89242
1.0
FldObj_CliffGrayParts_A_08
2.511674
-1.472225
2.801564
-1705.306
210.3096
694.0014
1.2
Item_Fruit_A
0
0
0
-1966.365
335.0412
343.8006
1.0
LinkTagAnd
0
0
0
-1854
214
37.5
1.0
FldObj_CliffYellowWall_A_11
2.715125
0.6875531
3.057951
-1884.595
217.5002
273.6045
0.85
Item_Fruit_A
0
0
0
-1941.36
335.36
312.8001
1.0
LinkTagOr
0
0
0
-1133.964
146.3477
1030.472
1.0
FldObj_BridgeWoodThin_A_01_Far
0
0.2617994
0
-1097.594
169.851
480.2093
1.0
ActorObserverTag
0
1.163185
0
-1439.484
124.5051
844.3014
2
Area
0
0
0
-1339.891
116.3881
365.5403
0.1
Enemy_Bokoblin_Guard_Junior_TreeHouseTop
0
0.44
0
-1320.8
115.0372
772.1
1.0
Item_Fruit_A
0
1.96
0
-1963.681
336.3825
353.2255
1.0
LinkTagAnd
0
0
0
-1318.1
115
773.6
1.0
LinkTagXOr
0
0
0
-1856
214
56.5
1.0
Area
-1.570796
0.009203223
0
-1875.243
215.1044
34.23832
1.0
LinkTagAnd
0
0
0
-1796.172
217.5625
64.625
3
Obj_TreeApple_A_M_01
0
1.14
0
-1960.3
330.4174
327.032
1.0
Obj_KorokPot_A_01
0
-2.880002
0
-1249.19
125.9323
732.0277
1.0
LinkTagAnd
0
0
0
-1009.463
135.3415
929.0392
1.0
Area
0
-2.043182
0
-1508.061
115.9741
155.3629
0.1
Enemy_AirOctarock
0
0.710796
0
-1688.064
207.8266
165.7128
1.0
Area
-1.570796
-0.2581317
2.125364E-08
-1792.306
212.3321
40.99563
1.0
Obj_TreeApple_A_M_01
0
0
0
-1956.104
330.7684
352.4578
1.0
Area
-1.570796
1.260001
4.008768E-07
-1862.983
221.7127
93.89709
1.0
FldObj_CliffGrayParts_A_07_Far
2.284503
1.215136
2.975636
-1531.433
161.5833
305.7924
1.2
Item_Fruit_A
0
0
0
-1950.302
336.9738
350.9108
1.0
Obj_KorokPlate_A_01
0
-2.04
0
-1021.937
200.9641
560.545
1.0
KorokAnswerResponce
0
-2.094395
0
-1820.83
252.6103
975.2744
0.5
LinkTagAnd
0
0
0
-1128.806
142.4491
1017.053
1.0
Area
-1.684243
-1.12399
0
-1806.632
222.9791
86.1459
1.0
SwitchTimeLimited
0
0
0
-1779.5
212.5
80
1.0
SwitchTimeLimited
0
0
0
-1878.567
215.4347
45.3844
1.0
FldObj_CliffYellowWall_A_11_Far
2.961593
1.481593
3.141593
-2005.122
313.8464
304.5375
1.0
Item_Fruit_A
0
1.08
0
-1958.094
335.8393
341.7584
1.0
Enemy_Bokoblin_Guard_Junior_TreeHouseTop
0
1.485385
0
-1690.7
206.6
159.1
1.0
LinkTagOr
0
1.52
0
-1938.211
328.8002
314.5194
1.0
LinkTagOr
0
0
0
-1009.463
133.3415
929.0392
1.0
Enemy_AirOctarock
0
2.566991
0
-1683.519
208.3578
102.2175
1.0
Obj_TreeApple_A_M_01
0
1.479733
0
-1246.579
120.9103
216.7944
1.0
LinkTagNAnd
0
-2.78
0
-1964.56
258.5213
604.2559
2
FldObj_HyliaStoneRuinRightAngleWall_A_01
0
-3.141593
0
-1315.085
114.421
269.6183
1.0
FldObj_CliffGrayParts_A_07_Far
2.998449
1.338403
-2.565689
-1528.917
197.7655
471.9726
1.2
Obj_TreeApple_A_L_01
0
1.62962
0
-1211.354
141.9504
128.1814
1.0
SwitchTimeLag
1.570796
-1.098411
3.141593
-1508.465
119.1241
155.4936
0.5
LinkTagAnd
0
0
0
-1811.227
218.1094
64.35156
3
FldObj_KorokStoneLift_A_01
-0.01523552
-0.01667655
-0.07871155
-1101.79
137.8259
904.3287
1.0
Obj_Plant_Korok_A_01
0
2.401592
0
-1105.738
141.4999
216.8996
1.0
LinkTagAnd
0
0
0
-1884.601
223.6197
70.56219
1.0
FldObj_CliffGrayParts_A_08_Far
-1.304069
0.4140636
-0.2423213
-1753.035
167.1273
1081.916
1.2
FldObj_CliffYellowWall_A_11
2.961593
1.481593
3.141593
-2005.122
313.8464
304.5375
1.0
FldObj_HyliaStoneRuinDebris_A_01_Far
0
1.570796
0
-1370.778
113.8069
269.3702
1.0
SwitchTimeLimited
0
0
0
-1780.961
211.5
66.14063
1.0
LinkTagAnd
0
-2.094395
0
-1819.052
250.9935
973.165
1.0
ActorObserverTag
0
-2.094395
0
-1819.173
251.4851
972.4107
1.0
LinkTagAnd
0
0
0
-1997.8
259.3431
514.1
1.0
Area
0
-2.8
0
-1512.267
114.5846
909.8431
1.2
LinkTagOr
0
1.14
0
-1957.395
330.4174
329.0267
1.0
LinkTagAnd
0
0
0
-1890.4
226
63.69998
1.0
SwitchTimeLimited
0
0
0
-1825.5
218
56.5
1.0
FldObj_Chain_A_03
0
0
0
-1134.464
148.9586
1030.472
1.0
Obj_TreeBroadleaf_B_L_01
0
2.28
0
-1721.621
233.1582
828.7094
1.0
Item_Fruit_A
0
1.96
0
-1962.098
336.0325
356.9537
1.0
FldObj_CliffGrayParts_A_05
-0.4186796
0.4956163
1.399102
-1448.93
122.6456
709.506
1.0
LinkTagAnd
0
0
0
-1854.672
218.7891
39.0625
3
FldObj_CliffYellowWall_A_09_Far
0
-2.7
0
-1719.201
114.9834
232.8231
1.0
LinkTagOr
0
0
0
-1018.43
201.2663
561.9988
1.0
LinkTagXOr
0
0
0
-1852.5
216.5
98.5
1.0
Npc_HiddenKorokGround
0
-2.094395
0
-1819.302
248.4935
973.5981
1.0
Item_Fruit_A
0
1.08
0
-1959.959
335.4893
345.3539
1.0
LinkTagAnd
0
-0.100002
0
-1337.386
125.0514
249.6126
1.0
Obj_RaftWoodSail_A_S_01
0.3228859
1.308997
0.3141593
-1247.131
115.35
828.0511
1.0
FldObj_HyliaStoneRuinStraightWall_A_02
0
1.748456E-07
0
-1300.963
114.421
256.0973
1.0
Area
0
-2.78
0
-1968.641
252.5818
596.0898
4.55267
Obj_TreeBroadleaf_B_L_01
-0.03341669
0.001389405
0.08310074
-1956.724
220.0027
954.2629
1.0
FldObj_CliffGrayParts_A_07
2.284503
1.215136
2.975636
-1531.433
161.5833
305.7924
1.2
FldObj_CliffWhiteParts_A_03_Far
-0.4200002
-0.4399999
0
-1155.402
124.8806
964.1129
0.8
LinkTagOr
0
0
0
-1956.703
330.7684
355.9301
1.0
Obj_TreeApple_A_L_01
0
0.6199999
0
-1931.396
329.7573
325.1266
1.0
FldObj_HyliaStoneRuinDebris_A_01_Far
0.06171281
-0.008222074
-0.03179734
-1359.612
114.0392
298.5522
1.0
SwitchTimeLimited
0
0
0
-1830.5
217
107
1.0
SwitchTimeLimited
0
0
0
-1803.863
220.3965
97.77597
1.0
LinkTagPulse
0
-1
0
-1336.348
123.4514
250.5038
0.25
ActorObserverByGroupTag
0
0
0
-1840.5
218
101
1.0
Item_Fruit_A
0
0
0
-1944.302
335.1739
351.0608
1.0
FldObj_CliffYellowRock_A_01
-1.153825
0.7663252
-0.1165544
-1989.981
310.8447
408.0619
1.0
TBox_Field_Iron
0
1.719998
0
-1693.5
206.6
158.7
1.0
LinkTagOr
0
1.62962
0
-1214.988
141.9504
128.8067
1.0
Npc_HiddenKorokGround
0
-1.221591
0
-1501.964
118.0242
156.2179
1.0
FldObj_CliffWhiteWall_A_02_Far
-1.109521
-0.8253949
-0.06824542
-1088.933
182.7522
560.9959
1.0
FldObj_CliffYellowWall_A_01
-0.05761006
-0.2467426
-0.1456876
-2016.437
260.8549
9.907928
0.7
FldObj_CliffGrayParts_A_08
-1.12399
0.3020985
-0.4622433
-1697.455
148.2367
1069.603
1.2
LinkTagAnd
0
-2.78
0
-1968.175
255.5213
608.8307
2
FldObj_HyliaStoneRuinStraightWall_A_04_Far
0
-3.141593
0
-1367.217
113.8069
305.7679
1.0
Item_Fruit_A
0
1.479733
0
-1243.87
126.7103
217.0104
1.0
FldObj_CliffGrayParts_A_04_Far
2.078175
-0.2344561
3.022147
-1619.35
233.8078
598.9493
1.0
Item_Fruit_A
0
-0.4637366
0
-1960.837
333.1562
320.7486
1.0
Item_Fruit_A
0
0.6199999
0
-1930.488
335.3573
323.1274
1.0
FldObj_CliffGrayParts_A_07
-1.061759
0.7880409
-0.2849435
-1760.515
216.88
943.0183
1.2
FldObj_CliffWhiteLumpRock_A_01
2.761592
-1.461591
-3.141592
-1154.194
136.7621
923.093
1.0
FldObj_CliffGrayParts_A_08_Far
-1.082084
-0.2361292
-0.8871987
-1417.508
132.3962
672.4722
1.2
FldObj_CliffGrayParts_A_04
-0.8911127
-0.2433577
-0.9716442
-1654.625
142.9085
1000.096
1.0
LinkTagAnd
0
0
0
-1837.914
224.0625
55.03906
1.0
ActorObserverByGroupTag
0
0
0
-1804.5
214
99
1.0
ActorObserverTag
0
0
0
-1095.99
140.4218
909.5186
1.0
LinkTagAnd
0
0
0
-1860.087
275.1248
334.3041
1.0
LinkTagAnd
0
0
0
-1320.4
117.6
772.9
1.0
LinkTagAnd
0
0
0
-1320.8
115.0372
772.1
1.0
LinkTagOr
0
-1.14
0
-1094.581
150.3858
196.7125
1.0
Item_Fruit_A
0
1.52
0
-1931.979
333.8002
314.325
1.0
FldObj_CliffWhiteWall_A_02_Far
2.794885
-1.200923
2.894644
-1025.372
199.2771
545.2855
0.8
LinkTagAnd
0
0
0
-1870.5
222.5
98
1.0
FldObj_CliffWhiteWall_A_01
-1.0482
-0.0294335
-0.002798202
-1049.151
161.1133
635.35
1.0
LinkTagAnd
0.4910706
0.1958472
-0.7025107
-1152.563
134.1233
964.5211
1.0
LinkTagNAnd
0
-0.7400006
0
-1109.237
144.4999
217.7664
1.0
LinkTagAnd
0
0
0
-1808.5
214
59
1.0
FldObj_HyliaStoneRuinStraightWall_A_04
0
-3.141593
0
-1360.501
113.8069
268.2047
1.0
LinkTagAnd
-0.2090913
-1.040429
0.3706905
-1155.063
135.2194
963.9418
1.0
Obj_KorokPot_A_01
0
-0.5800001
0
-1730.31
217.3719
373.962
1.0
FldObj_CliffWhite_A_01
0
0.16
0
-1136.167
114.5655
934.4829
1.2
Obj_LiftRockWhite_A_01
-0.09984877
0.03463902
0.4273946
-1154.34
132.7717
964.646
1.0
Item_Fruit_A
0
1.396263
0
-1965.6
333.4308
360.0497
1.0
LinkTagNone
0
0
0
-1690.7
206.6
159.1
1.0
FldObj_CliffYellowWall_A_11
2.688283
1.028081
3.01664
-1553.568
99.73368
211.6394
1.0
ActorObserverByGroupTag
0
0
0
-1878.163
214.8316
35.33652
1.0
FldObj_HyliaStoneRuinDebris_A_01
0.06171281
-0.008222074
-0.03179734
-1383.82
114.1039
282.6783
1.0
Item_Fruit_A
0
0
0
-1952.352
332.8525
317.6162
1.0
Area
1.719149
1.338668
3.141593
-1822.453
226.019
84.03419
1.0
FldObj_HyliaStoneRuinStraightWall_A_04
0
-1.570796
0
-1304.575
114.8975
254.6149
1.0
FldObj_CliffGrayParts_A_05_Far
1.042442
0.7140005
1.623921
-1565.014
180.9073
755.1818
1.0
Area
-2.094395
3.785517E-08
1.570796
-1820.326
248.8994
974.4016
0.2109886
Item_Fruit_A
0
1.52
0
-1931.03
334.0502
314.3733
1.0
LinkTagAnd
0
0
0
-1439.484
126.5051
844.3014
1.0
Obj_TreeApple_A_L_01
0
1.08
0
-1958.02
330.2393
343.9526
1.0
FldObj_HyliaStoneRuinRightAngleWall_A_01_Far
0
1.570796
0
-1327.638
114.421
197.0642
1.0
ActorObserverByGroupTag
0
0
0
-1840.234
218
99.57813
1.0
LinkTagOr
0
0.6399999
0
-1126.886
148.4699
414.0119
1.0
ActorObserverByGroupTag
0
0
0
-1827
219.5
63.5
1.0
Item_Fruit_A
0
0.6199999
0
-1933.755
335.0073
325.5213
1.0
Item_Fruit_A
0
-1.86
0
-1963.716
335.9162
319.1422
1.0
ActorObserverTag
0
0
0
-1010.463
132.3415
929.0392
1.0
LinkTagNone
0
0
0
-1109.163
169.5585
430.8417
1.0
FldObj_CliffGrayParts_A_07_Far
-0.7535691
1.003606
0.004862762
-1711.96
222.9463
873.4558
1.2
Item_Fruit_A
0
0
0
-1966.319
336.1907
363.2668
1.0
FldObj_HyliaStoneRuinStraightWall_A_06_Far
0
-3.141593
0
-1296.315
114.8975
190.3186
1.0
LinkTagAnd
0
0
0
-1128.806
142.4491
1017.053
1.0
Obj_BoardWood_Square_01
0
0.5000001
0
-1320.4
114.6
772.9
1.0
LinkTagOr
0
0
0
-1091.4
143.6929
898.9289
1.0
Area
0.08347608
0.005705985
-0.1364186
-1313.82
117.063
622.9365
3
FldObj_CliffGrayParts_A_08_Far
-1.11077
-0.05326059
0.02708125
-1101.827
143.0634
336.123
1.0
Npc_HiddenKorokGround
0
3.090336
0
-1405.51
162.602
459.7081
1.0
LinkTagAnd
0
0
0
-1854.672
225.3828
36.27344
1.0
Obj_TreeApple_A_L_01
0
1.96
0
-1961.943
330.7825
354.566
1.0
Item_Fruit_A
0
1.4
0
-1958.149
333.368
358.2394
1.0
LinkTagAnd
0
0
0
-1882.921
219.1119
70.56219
1.0
SwitchTimeLimited
0
0
0
-1875.102
214.64
42.83252
1.0
Enemy_AirOctarock
0
-1.856194
0
-1325.375
116.2094
771.3552
1.0
LinkTagOr
0
0
0
-1551.466
169.882
815.4896
1.0
FldObj_HyliaStoneRuinStraightWall_A_02
0
1.570796
0
-1394.521
113.8069
289.5927
1.0
Area
0
0
0
-1128.806
142.4491
1017.053
1.0
LinkTagAnd
0
1.941592
0
-1106.758
141.9218
905.7283
1.0
FldObj_CliffGrayParts_A_04_Far
-0.9652321
0.227273
0.1065935
-1135.219
142.5343
364.3438
1.0
FldObj_KorokTarget_A_01
0
-2.78
0
-1931.063
256.0057
608.8477
1.0
LinkTagOr
0
0.3415921
0
-1512.215
119.8846
908.4976
1.0
LinkTagOr
0
1.521591
0
-1155.945
139.8342
244.6241
1.0
FldObj_HyliaStoneRuinStraightWall_A_06_Far
0
-1.570796
0
-1321.831
114.8975
238.2955
1.0
Item_Fruit_A
0
0
0
-1960.221
336.0035
336.7249
1.0
ActorObserverByGroupTag
0
0
0
-1859
217
74.5
1.0
LinkTagAnd
0
0
0
-1355
115
233
1.0
LinkTagOr
0
0
0
-1853.172
248.5
81.03906
3
Npc_HiddenKorokFly
0
2.780002
0
-1962.841
314.6183
409.854
1.0
LinkTagOr
0
-0.7000011
0
-1125.371
141.0271
238.3294
1.0
LinkTagPulse
0.08347607
0.005705985
-0.1364186
-1312.83
116.9269
622.9308
0.25
SwitchTimeLimited
0
0
0
-1806
213
43
1.0
FldObj_CliffYellowWall_A_09
3.026086
0.07969359
3.017852
-1616.683
103.1795
205.7879
1.2
FldObj_CliffGrayParts_A_08
2.96027
-1.369578
2.164818
-1710.786
210.6224
754.3384
1.0
Area
0
0
0
-1681.981
214
52.19177
5
Item_Fruit_A
0
-2.826922
0
-1945.942
332.916
366.7294
1.0
Obj_TreeGiant_A_01
0
0.4599999
0
-1112.131
141.8118
432.0293
1.4
FldObj_CliffGrayParts_A_08
1.832317
-1.264841
-2.978016
-1690.355
206.6522
627.3628
1.0
Obj_TreeApple_A_L_01
0
0
0
-1968.365
330.7412
342.7006
1.0
FldObj_CliffYellowWall_A_09_Far
0
1.12
0
-1930.187
262.6756
344.6786
1.0
Item_Fruit_A
0
0
0
-1938.292
336.2252
365.6632
1.0
LinkTagAnd
0
0
0
-1325.375
116.2094
771.3552
1.0
ActorObserverTag
0
0
0
-1340.441
118.1381
365.5903
1.0
LinkTagOr
0
0
0
-1338.634
121.6924
360.177
1.0
FldObj_CliffGrayParts_A_05
1.399337
0.1604868
2.580861
-1499.365
165.1656
376.5187
1.0
Item_Fruit_A
0
1.36
0
-1950.66
335.576
310.9412
1.0
FldObj_HyliaStoneRuinLookoutSmall_A_01_Far
0
0
0
-1286.153
111.2542
197.1029
1.0
Item_Fruit_A
0
0
0
-1933.827
336.5281
349.9364
1.0
LinkTagNAnd
0
-0.1399886
0
-1103.467
145.3751
236.4604
1.0
LinkTagAnd
0
-2.880002
0
-1249.069
128.026
730.5474
1.0
FldObj_CliffGrayParts_A_08_Far
-0.8242483
0.5218102
-0.4081314
-1678.755
165.0863
931.4938
1.2
MusicianSpotBgmTag
0
0
0
-1681.981
214
52.19177
5
ActorObserverByGroupTag
0
0
0
-1809
214
60
1.0
LinkTagAnd
0
0
0
-1689.858
205
130.8358
1.0
KorokAnswerResponce
0
-2.8
0
-1510.99
119.3846
910.4503
0.5
Obj_TreeApple_A_L_01
0
-0.7796963
0
-1943.465
330.7141
337.6463
1.0
LinkTagOr
0
0
0
-1498.181
119.1665
159.0201
1.0
KorokAnswerResponce
0
0
0
-1497.181
115.104
159.0201
1.0
Area
-1.58825
0.4328416
0
-1865.99
227.0424
53.71005
1.0
FldObj_CliffGrayParts_A_08
-0.8273712
1.275527
-0.2624309
-1423.785
142.0694
533.518
1.0
FldObj_CliffGrayParts_A_07_Far
-1.061759
0.7880409
-0.2849435
-1760.515
216.88
943.0183
1.2
Item_Fruit_A
0
0
0
-1943.257
335.7393
309.2147
1.0
FldObj_HyliaStoneRuinRightAngleWall_A_02
0
0
0
-1392.324
113.8069
269.3369
1.0
ActorObserverByGroupTag
0
0
0
-1851
216
101.5
1.0
FldObj_HyliaStoneRuinRightAngleWall_A_01_Far
0
-3.141593
0
-1315.085
114.421
269.6183
1.0
ActorObserverTag
0
0
0
-1339.941
118.1381
365.5903
1.0
Item_Fruit_A
0
2.06
0
-1942.764
335.676
365.852
1.0
Item_Fruit_A
0
0
0
-1938.292
335.9752
364.7132
1.0
FldObj_HyliaStoneRuinStraightWall_A_07_Far
0
3.141593
0
-1385.301
114.41
209.1789
1.0
FldObj_HyliaStoneRuinLookout_A_01_Far
0
0
0
-1341.214
114.2208
225.8182
1.0
WildHorseCreateTag02
0
0
0
-1148.863
139.1647
142.8014
1.0
Enemy_Bokoblin_Bone_Junior
0.1039789
0.9755417
0.1530204
-2006.7
259.0842
509.8
1.0
FldObj_HyliaStoneRuinDebris_A_01_Far
0
-1.570796
0
-1401.967
114.41
222.9397
1.380534
Area
1.570796
-0.6017306
3.141592
-1832.33
217.01
63.52924
1.0
SwitchTimeLimited
0
0
0
-1777.938
212.5
83.85156
1.0
FldObj_CliffYellowRock_A_01
2.153909
-0.5012881
-3.119179
-1808.512
182.2789
809.4135
1.0
FldObj_KorokTarget_A_01
0
-2.78
0
-1956.209
264.7557
614.229
1.0
LinkTagAnd
0
0
0
-1807.543
225.7011
60.49341
1.0
Area
0
3.057787
0
-1782.29
224.6302
883.1512
50
Item_Fruit_A
0
1.396263
0
-1959.502
333.2436
333.5078
1.0
Area
1.570796
-0.6017306
3.141592
-1832.511
217.01
63.26542
1.0
Npc_HiddenKorokGround
0
-2.04
0
-1020.383
201.0212
559.8116
1.0
LinkTagAnd
0
0
0
-1893.3
210.7
91.5
1.0
LinkTagAnd
0
0
0
-1691.2
206.2
159.5
1.0
FldObj_CliffGrayParts_A_08
2.545702
1.160836
3.094683
-1531.462
131.9135
807.6813
1.2
Item_Fruit_A
0
1.396263
0
-1942.538
332.9793
305.9975
1.0
FldObj_CliffGrayParts_A_04_Far
2.497722
-1.237006
2.738316
-1651.141
228.761
610.6837
1.0
FldObj_CliffWhiteWall_A_01_Far
-1.256875
1.158671
-0.2107181
-1022.465
179.7519
570.7883
1.0
Enemy_Bokoblin_Bone_Junior
0
1.86
0
-2000.4
259.4771
520.1
1.0
LinkTagAnd
0
0
0
-1857.5
214
58.5
1.0
Item_Fruit_A
0
0
0
-1936.827
337.5781
346.2364
1.0
Npc_HiddenKorokFly
0
-2.78
0
-1965.813
255.7401
600.9499
1.0
ActorObserverByGroupTag
0
0
0
-1878.5
214.5
36
1.0
Item_Fruit_A
0
1.36
0
-1951.589
335.326
310.7424
1.0
LinkTagAnd
0
0
0
-1691.485
207.8578
151.927
1.0
LinkTagOr
-1.147627
0.2521612
0.3872893
-1339.634
117.1924
360.177
1.0
LookTag
0
2.059489
0
-1884.471
211.4
86.8053
1.0
LinkTagAnd
0
0
0
-1802
214
101
1.0
Area
1.396263
-1.399754
-3.141593
-1845.046
229.3927
96.96517
1.0
FldObj_HyliaStoneRuinStraightWall_A_03
0
0
0
-1416.832
114.41
192.494
1.0
FldObj_CliffGrayParts_A_07_Far
-0.4063164
0.9354566
-0.1497975
-1523.218
172.535
710.9714
1.2
FldObj_Chain_A
0
1.163185
0
-1442.285
123.0988
845.6494
1.0
LinkTagAnd
0
-1.721593
0
-1336.282
119.6225
366.1219
1.0
Area
0
0
0
-1095.44
138.6718
908.9686
0.1
Area
-1.570796
1.260001
4.008768E-07
-1863.174
221.7128
93.83594
1.0
TwnObj_BraveHorsePark_A_01_Far
0
3.141593
0
-1619.727
245.7882
688.0231
1.0
LocationTag
0
0
0
-1310.033
111.7423
786.8482
1.0
Obj_RockSetYellow_A_L_01_Far
-1.54
0
0
-1637.189
199.5923
230.1087
1.0
LinkTagOr
0
-0.7796963
0
-1941.181
330.7142
334.7518
1.0
FldObj_BridgeWoodLarge_A_05
0
-0.98
0
-1310.033
116.7423
786.8482
1.0
LocationTag
0
0
0
-1689.858
205
130.8358
1.0
FldObj_HyliaStoneRuinDebris_A_01
0
1.570796
0
-1319.404
114.421
192.1365
1.0
ActorObserverByGroupTag
0
0
0
-1817.5
214
98
1.0
LinkTagAnd
0
0
0
-1154.533
138.562
244.9762
1.0
FldObj_CliffYellowRock_A_01_Far
2.153909
-0.5012881
-3.119179
-1808.512
182.2789
809.4135
1.0
LinkTagOr
0
-2.094395
0
-1439.851
128.005
847.1008
1.0
Area
-1.570796
-0.6512391
0
-1833.754
215.3139
99.05151
1.0
LinkTagOr
0
0
0
-1928.172
330.5174
335.9828
1.0
LinkTagNone
0
0
0
-1656.49
218.4
19.32877
1.0
LinkTagAnd
0
0
0
-1683.519
208.3578
102.2175
1.0
Obj_TreeBroadleaf_B_L_01
3.105107
-0.8622562
-3.112804
-1812.638
249.0078
974.9694
1.0
LinkTagAnd
0
0
0
-1859.742
217.7656
55.98438
3
LinkTagOr
0
0
0
-1948.466
329.2507
363.2673
1.0
Enemy_Bokoblin_Middle
0
-1.680001
0
-1109.163
169.5585
430.8417
1.0
Area
-1.570796
-0.6512391
0
-1833.512
215.3139
98.73336
1.0
LinkTagAnd
0
0
0
-1795.169
220.2588
68.00055
1.0
FldObj_CliffGrayParts_A_08_Far
-1.12399
0.3020985
-0.4622433
-1697.455
148.2367
1069.603
1.2
FldObj_CliffWhiteBroken_A_03
-1.38317
-1.024334
2.16068
-1061.692
165.0695
505.2944
1.0
Item_Fruit_A
0
0
0
-1970.515
335.9912
341.6506
1.0
EventTag
0
2.059489
0
-1893.3
211.4
91.5
1.0
LinkTagAnd
0
0
0
-1686.9
206.7
109
1.0
LinkTagAnd
0
0
0
-1815
214
95.5
1.0
Item_Fruit_A
0
0
0
-1944.26
335.11
311.3001
1.0
FldObj_CliffGrayParts_A_08_Far
2.511674
-1.472225
2.801564
-1705.306
210.3096
694.0014
1.2
ActorObserverByGroupTag
0
0
0
-1880
214
70.5
1.0
LinkTagAnd
-0.2178204
-0.01031899
-0.09430361
-1399.481
124.3503
218.773
1.0
FldObj_ChainEyeBolt_A_01
0
1.570796
-3.141593
-1134.464
148.8477
1030.472
1.0
FldObj_HyliaStoneRuinStraightWall_A_07
0
1.570796
0
-1322.858
114.421
182.5934
1.0
FldObj_HyliaStoneRuinLookoutSmall_A_01
0
3.141593
0
-1404.975
111.2444
280.346
1.0
LinkTagAnd
0
0
0
-1856.5
214
37.5
1.0
Obj_TreeApple_A_M_01
0
0
0
-1927.573
330.5174
332.5104
1.0
Obj_Plant_Korok_A_01
0
3.001604
0
-1101.068
142.3751
233.7688
1.0
FldObj_CliffGrayParts_A_07_Far
-1.626062
1.258604
-0.03670874
-1609.112
193.9787
416.6634
1.2
FldObj_HyliaStoneRuinStraightWall_A_04
0
-1.570796
0
-1408.295
114.41
190.1669
1.0
LocationTag
0
0
0
-1629.727
240
688.0231
1.0
FldObj_HyliaStoneRuinHouse_A_03
0
-1.570796
0
-1366.949
114.2522
243.3755
1.0
FldObj_CliffYellowWall_A_11_Far
2.715125
0.6875531
3.057951
-1884.595
217.5002
273.6045
0.85
Obj_BoardWood_Triangle_01
0
-0.8600004
0
-1691.2
206.2
159.5
1.0
LinkTagOr
0
1.36
0
-1957.773
330.326
309.9413
1.0
LinkTagOr
0
0
0
-1938.803
330.9752
358.4989
1.0
ActorObserverByGroupTag
0
0
0
-1859
214
59.5
1.0
Item_Fruit_A
0
0
0
-1966.465
336.3412
341.6006
1.0
FldObj_CliffGrayParts_A_05
1.333779
0.3695842
2.096432
-1580.64
208.5548
743.3127
1.0
LinkTagAnd
0
-2.78
0
-1966.431
258.5213
604.9634
2
FldObj_CliffWhiteWall_A_01
1.826807
-1.207404
2.736706
-1265.072
98.12753
893.183
0.85
Area
1.43117
-1.333432
3.141591
-1806.391
223.5795
69.56024
1.0
Item_Fruit_A
0
0
0
-1941.26
334.0599
315.0001
1.0
Item_Fruit_A
0
0
0
-1016.021
203.8313
558.0562
1.0
ActorObserverByGroupTag
0
0
0
-1860
214
57
1.0
Obj_TreeApple_A_M_01
0
0
0
-1947.867
329.2507
359.795
1.0
SwitchTimeLimited
0
0
0
-1822.57
218
56.53125
1.0
ActorObserverTag
0
-2.8
0
-1509.713
117.3846
911.0576
2
