UnitConfigName/__text
Rotate/value/0
Rotate/value/1
Rotate/value/2
Translate/value/0
Translate/value/1
Translate/value/2
_Scale
Obj_TreeConiferous_A_02
0
4.178746
0
-315.901
269.7661
-1575.797
1.094327
Obj_TreeConiferous_A_02
0
1.541024
0
-467.7227
255.7978
-1556.384
1.017466
Obj_Plant_CypressLow_A_02
3.064791
-0.01761481
-3.118005
-921.988
215.8318
-1879.407
1.040755
Obj_TreeConiferous_A_02
0
4.480822
0
-478.8118
315.2485
-1710.269
1.052158
Obj_Plant_CypressLow_A_01
0.2812399
-0.4041685
-0.08001797
-872.1276
202.9425
-1197.326
0.9
Obj_Plant_HopBush_A_01
-0.3403222
-0.1803771
0.2855958
-624.6814
268.3566
-1729.596
0.89
FldObj_CliffWhiteLumpRock_A_02
0.7630301
-0.2837714
-3.085329
-192.48
252.4346
-1526.4
1.0
Obj_Plant_CypressLow_A_02
-0.2174519
-0.04397259
0.2073232
-641.306
236.4223
-1847.556
0.9
FldObj_RockGashamahi_A_06
0
0
0
-447.7822
318.3703
-1695.727
1.0
Obj_Plant_HopBush_A_02
0.6117069
-0.8719148
-0.3116881
-549.3063
257.0833
-1999.052
0.95
EnvSeEmitPointInsectTemperate
1.645874
-1.012451
-1.708496
-530.9063
256.8398
-1545.512
1.0
EnvSeEmitPointBirdTemperate
0
1.557007
0
-833.2344
226.3516
-1898.703
1.0
Obj_Plant_CypressLow_A_01
-0.03979929
-1.166368
0.4180566
-653.5735
263.9865
-1651.916
1.0
Obj_Plant_HopBush_A_02
-0.8741395
-1.239148
1.178755
-559.7634
254.5388
-1865.695
0.98
Obj_TreeConiferous_A_01
0
0.06818085
0
-777.6249
227.3986
-1600.662
1.004215
Obj_Plant_HopBush_A_02
-1.048844
1.250752
-0.703836
-562.705
254.4695
-1862.401
0.95
Obj_Plant_CypressLow_A_02
1.027567
1.25417
1.334919
-520.6445
306.4245
-1675.961
0.886719
EnvSeEmitPointInsectTemperate
-0.1287842
-0.3381347
-0.9647216
-508.582
164.7461
-1339.129
1.0
Obj_Plant_HopBush_A_02
0.3579144
-0.7097806
-0.2023212
-560.3455
257.0979
-2002.716
0.98
Obj_Plant_CypressLow_A_01
1.185517
-1.280496
-1.220953
-306.7781
245.9332
-1520.899
1.0
Obj_Plant_CypressLow_A_01
-0.2507983
1.06225
-0.1562346
-360.838
301.0755
-1844.14
1.0
Obj_TreeConiferous_A_01
0
4.931412
0
-945.85
209.0944
-1715.532
1.02182
Obj_TreeGhost_A_01
-0.03288242
-0.002088542
-0.1268491
-10.92944
279.9095
-1910.441
1.0
Obj_Plant_HopBush_A_01
-0.02676421
-0.08160915
0.325507
-676.9531
256.7391
-1634.836
1.0
Obj_Plant_CypressLow_A_01
-0.7981899
1.379345
-0.6939874
-363.7853
300.915
-1839.03
0.9
Obj_Plant_HopBush_A_01
-0.04651656
0.7695444
-0.1203146
-965.8086
214.864
-1416.609
1.0
Obj_TreeConiferous_A_02
0
-2.262363
0
-409.7392
280.7345
-2025.484
1.052158
EnvSeEmitPointBirdTemperate
0.4519043
-0.6141357
-0.3425293
-722.1133
247.6328
-1428.516
1.0
Obj_TreeConiferous_A_01
0
2.060665
0
-472.6788
263.9585
-1573.476
1.046555
Item_Mushroom_L
3.141479
-0.793579
3.141479
-753.582
220.0774
-1915.734
1.0
Obj_TreeConiferous_A_01
0
0.357298
0
-680.2809
259.1661
-1573.974
1.096324
Obj_Plant_CypressLow_A_02
0.08990069
0.004042757
0.009920272
-914.8204
217.9807
-1904.937
0.9607202
FldObj_RockGashamahi_A_01
-0.3964324
0.4629777
2.388567
-494.3563
252.7737
-1537.849
1.0
FldObj_RockGashamahi_A_03
-2.573282
0.9227946
0.6999871
-733.2403
244.3096
-1677.941
1.0
FldObj_RockYellowOcher_A_L_01
2.808891
0.5396043
2.311821
-601.8058
142.3044
-1243.871
1.0
Obj_TreeConiferous_A_01
0
4.379291
0
-617.1081
234.3487
-1477.156
1.029041
Obj_Plant_HopBush_A_02
1.005177
1.49741
1.051403
-686.968
256.7314
-1576.821
0.95
EnvSeEmitPointBirdTemperate
0.02941894
-0.05285644
0.2806396
-712.0898
255.2305
-1659.34
1.0
EnvSeEmitPointBirdTemperate
-2.741089
-0.3520508
-3.07251
-575.7266
275.0664
-1794.879
1.0
FldObj_RockGashamahi_A_01
0
0
0.05999999
-581.1204
285.9745
-1646.554
1.0
Obj_TreeConiferous_A_01
0
1.958214
0
-30.50888
253.6182
-1556.401
1.022416
Obj_Plant_CypressLow_A_01
2.658434
-0.9894282
-2.790165
-302.095
246.6503
-1524.485
0.8999999
FldObj_RockGashamahi_A_03
0.4547284
0.1133558
-0.4809771
-822.9348
200.8428
-1223.717
1.0
FldObj_RockGashamahi_A_02
0.5680848
-0.1045301
-0.03166196
-534.658
242.4687
-1514.941
1.0
Obj_TreeConiferous_A_01
0
1.08465
0
-918.0215
212.9162
-1599.352
1.082226
Obj_TreeConiferous_A_01
0
2.310306
0
-450.3833
284.5058
-1900.973
1.072873
Obj_Plant_CypressLow_A_02
0.8304197
-1.44026
-0.878949
-917.9083
214.0346
-1480.253
1.040755
Obj_TreeConiferous_A_01
0
1.322907
0
-714.6508
245.6496
-1700.287
1.038695
Obj_TreeConiferous_A_01
0
0.1105357
0
-900.2367
218.1497
-1363.008
1.016189
EnvSeEmitPointInsectTemperate
0.3935547
-0.1705322
-0.3618164
-630.582
243.8828
-1489.098
1.0
Obj_TreeConiferous_A_01
0
2.224495
0
-720.132
207.6855
-1352.092
1.013228
Obj_TreeConiferous_A_01
0
4.184153
0
-439.8781
316.2932
-1723.245
1.016675
Obj_Plant_HopBush_A_01
-0.175729
-0.05159816
0.170752
-647.6433
233.9734
-1852.594
0.89
FldObj_RockGashamahi_A_06
0
0
0.16
-719.7595
244.9908
-1628.616
1.0
Obj_Plant_CypressLow_A_02
-0.3611336
-0.1727208
0.310696
-629.2773
264.7207
-1736.261
0.9
Obj_TreeConiferous_A_01
0
2.527147
0
-563.4521
222.269
-1451.957
1.060398
Obj_Plant_CypressLow_A_01
3.07487
-1.328939
-2.771159
-650.1409
265.1829
-1656.713
0.8999999
Obj_TreeConiferous_A_01
0
0.7806436
0
-808.415
204.7115
-1251.943
1.084638
Obj_TreeConiferous_A_01
0
0.4396676
0
-390.9481
309.4663
-1721.292
1.009176
Obj_Plant_HopBush_A_01
0
0.9190673
0
-910.2813
209.3961
-1648.992
1.097168
EnvSeEmitPointBirdTemperate
0.4176025
-1.040161
-0.2757568
-721.9688
228.6289
-1907.488
1.0
FldObj_RockGashamahi_A_03
0
0.32
0
-419.4081
280.0071
-1997.485
1.0
Obj_Plant_HopBush_A_02
0.359686
-0.5296058
-0.06511103
-527.1875
298.0829
-1654.348
0.973145
EnvSeEmitPointBirdTemperate
2.768188
-0.3634033
-2.983521
-564.7734
230.1719
-1451.676
1.0
Obj_Plant_CypressLow_A_01
-0.06104012
0.7797763
0.05577983
-872.6198
215.3871
-1797.302
1.0
Obj_Plant_CypressLow_A_01
-0.002922583
-0.7504742
0.2404034
-764.8672
229.7263
-1606.574
1.003418
Obj_TreeConiferous_A_01
0
0.8037379
0
-596.7751
220.9563
-1444.191
1.007336
Obj_Plant_CypressLow_A_01
0.4877592
-1.005605
-0.3776563
-878.0233
202.7636
-1197.135
1.0
EnvSeEmitPointBirdTemperate
0
-0.08056641
0
-939.4961
221.5781
-1594.594
1.0
Obj_TreeConiferous_A_01
0
0.1094695
0
-462.766
317.3879
-1705.791
1.0952
EnvSeEmitPointInsectTemperate
0.5410156
0.100708
0.1442871
-353.5156
220.2188
-1016.809
1.0
Obj_TreeConiferous_A_01
0
6.206444
0
-612.6997
248.8748
-1512.524
1.071793
EnvSeEmitPointInsectTemperate
0.7385253
-0.9912109
-0.6092529
-513.3359
120.3672
-1255.105
1.0
Obj_Plant_HopBush_A_02
0.06619763
-0.07987168
0.01364466
-927.0471
216.0432
-1883.347
0.95
Obj_Plant_HopBush_A_02
0.08794061
0.7873127
0.2252301
-585.5581
287.1044
-1652.326
0.98
Obj_Plant_CypressLow_A_02
0.1855285
-0.9503207
0.1828156
-663.5784
260.1942
-1655.991
0.9607203
Obj_Plant_CypressLow_A_01
0.7011507
0.8489131
0.6193939
-89.97198
248.5435
-1545.842
1.062152
Item_Mushroom_L
3.141479
0.01940918
3.141479
-570.0664
272.9825
-1781.887
1.0
FldObj_RockYellowOcher_A_M_02
1.481196
-1.145365
-1.794067
-506.6134
132.7829
-1305.408
1.0
FldObj_RockGashamahi_A_04
0
0
0
-646.3159
202.204
-1380.194
1.0
FldObj_HyliaWoodRuinDebris_A_01
0
1.536194
0
-784.0917
224.7
-1606.809
1.0
Obj_Plant_HopBush_A_02
-0.06648328
-0.2142138
-0.02801102
-912.1275
210.8255
-1430.86
0.95
Obj_Plant_HopBush_A_02
0.8378034
-0.9058586
-0.5784674
-456.1413
293.5515
-1641.514
0.95
Obj_TreeConiferous_A_01
0
2.862594
0
-377.755
253.1485
-1550.062
1.067333
Obj_Plant_HopBush_A_01
-0.1334391
0.8407683
0.2213234
-655.0566
235.9904
-1828.33
0.9
Obj_TreeConiferous_A_02
0
4.026248
0
-755.0768
220.0547
-1915.454
1.023687
Obj_Plant_CypressLow_A_01
0.3532561
-0.7384162
-0.2187541
-873.6243
206.3385
-1212.673
1.0
Obj_Plant_HopBush_A_01
0.7807952
-1.052065
-0.9179311
-527.4766
274.8246
-1590.703
0.918945
Obj_Plant_CypressLow_A_02
0.0867479
-0.5833024
-0.07875298
-886.7988
216.6044
-1880.313
0.9607203
Obj_Plant_CypressLow_A_02
0.6265086
0.9173171
0.6069643
-555.3268
255.5843
-1996.846
1.040755
Obj_Plant_HopBush_A_01
0.7519261
1.484715
1.037509
-472.9766
315.3887
-1699.668
0.870605
Obj_Plant_CypressLow_A_02
-0.2485161
-0.2518369
0.2529189
-451.2344
289.6187
-1862.523
1.02002
Obj_Plant_CypressLow_A_01
0.01073617
-0.3768892
-0.2800815
-298.9766
288.4167
-1690.832
1.043945
Obj_TreeConiferous_A_01
0
0.1111465
0
-822.6924
214.6302
-1256.125
1.094617
Obj_Plant_CypressLow_A_02
0.4011136
0.406663
0.2687855
-89.87375
244.0806
-1536.075
0.9236203
Item_Mushroom_D
1.292603
0.7099609
0.5588378
-643.3125
258.4609
-1494.566
1.0
Obj_Plant_HopBush_A_02
0.1029557
0.5982977
0.07960395
-913.4331
215.7551
-1876.057
0.98
Obj_Plant_CypressLow_A_02
0.7518426
-1.115412
-0.7583447
-315.1583
248.3166
-1527.716
0.9607202
Obj_TreeConiferous_A_01
0
3.138637
0
-223.2527
253.2199
-1525.977
1.080668
Obj_Plant_HopBush_A_02
-0.3385057
-1.089365
0.480103
-460.6602
284.0783
-1876.934
1.088379
FldObj_CliffWhiteLumpRock_A_02
1.053176
-0.4435079
-2.436618
-310.0846
277.6704
-1590.136
1.0
Obj_TreeConiferousDead_A_01
0
2.814395
0
-338.2251
299.9542
-1752.714
1.15
Obj_TreeConiferous_A_02
0
2.673454
0
-950.8061
207.8632
-1732.624
1.025586
Obj_Plant_CypressLow_A_02
2.15678
-1.506166
-2.069077
-880.3116
215.2649
-1833.736
0.9236203
Obj_Plant_CypressLow_A_02
0.3362862
-0.8069196
-0.1484033
-531.7344
296.6463
-1651.289
1.005859
Item_Mushroom_F
3.141479
1.357666
3.141479
-367.1563
298.4063
-1662.691
1.0
Obj_Plant_CypressLow_A_02
-0.0457868
-0.08087575
0.3179128
-677.0212
256.4529
-1640.118
0.9236203
Obj_Plant_CypressLow_A_01
0.2749326
-0.1334786
-0.09002806
-312.2447
250.4434
-1536.094
1.0
Obj_Plant_CypressLow_A_01
-0.448209
1.25486
-0.324181
-420.9628
283.5877
-1991.845
0.9
Obj_Plant_HopBush_A_02
-0.07991964
-0.7990142
0.4203254
-702.1057
248.7987
-1609.408
0.95
EnvSeEmitPointBirdTemperate
2.359863
-0.6624756
-2.891113
-837.5898
221.3984
-1233.441
1.0
EnvSeEmitPointBirdTemperate
0.3790283
0.4207764
-0.1656494
-615.9609
251.0664
-1500.422
1.0
Obj_TreeConiferous_A_01
0
-0.3505304
0
-397.3493
282.3806
-2014.348
1.0952
Obj_TreeGhost_A_01
0
0.4584069
0
-18.62622
279.9989
-1852.918
1.0
Obj_Plant_HopBush_A_01
-1.163206
1.450032
-0.9713939
-321.4063
300.4356
-1732.371
1.037109
Obj_TreeGhost_A_01
0
-0.86
0
-36.62524
280.663
-1938.005
1.0
Obj_Plant_CypressLow_A_01
0.2027269
1.265388
0.2164165
-897.8751
216.9505
-1889.01
1.062152
Obj_Plant_HopBush_A_01
2.856926
-1.398076
-2.863006
-888.5156
216.905
-1884.43
1.0
Obj_Plant_CypressLow_A_01
-0.8695896
-1.422043
1.060327
-802.2894
226.3036
-1514.059
1.062152
FldObj_RockGashamahi_A_06
0.2207568
-0.006664107
0.06011182
-715.6523
242.6766
-1444.585
1.0
Obj_Plant_HopBush_A_02
1.445566
1.493197
1.381827
-921.4987
213.7141
-1474.941
0.95
Item_Mushroom_D
1.27417
0.1629639
-0.2453613
-934.0703
167.2461
-1141.398
1.0
FldObj_RockGashamahi_A_04
0.5891256
0.03240012
-0.106702
-839.6788
209.8677
-1228.052
1.0
Obj_Plant_HopBush_A_02
-0.05412806
-1.215127
0.1655769
-876.7188
214.9636
-1796.152
0.888184
Obj_Plant_CypressLow_A_02
0.6233827
-0.9318411
-0.5026168
-515.2227
252.9743
-1539.391
1.037109
Item_Mushroom_E
3.141479
0.6131591
3.141479
-653.8203
263.8886
-1648.285
1.0
Obj_Plant_CypressLow_A_01
0.1664305
-1.200325
-0.06050314
-871.8477
215.5464
-1789.213
1.062152
FldObj_RockGashamahi_A_07
0
0
0
-517.6368
229.7423
-1483.474
1.0
Item_Mushroom_L
0
-1.101929
0
-499.7695
308.9632
-1692.012
1.0
Obj_Plant_CypressLow_A_02
0.6040117
-1.235177
-0.5000237
-880.8701
204.914
-1207.556
0.9607203
Obj_Plant_CypressLow_A_01
3.132064
0.1574393
-2.994721
-889.1769
214.0399
-1829.635
1.062152
FldObj_RockYellowOcher_A_L_01
0.4921558
-0.2927027
-0.8522215
-602.9177
165.9988
-1279.071
1.0
Obj_TreeConiferous_A_01
0
1.070073
0
-183.2996
257.8258
-1555.836
1.080373
Obj_TreeConiferousDead_A_02
0
-0.72
0
-323.1222
299.7378
-1747.041
1.0
EnvSeEmitPointInsectTemperate
2.682373
1.010864
2.757202
-401.5547
298.3555
-1646.086
1.0
Obj_Plant_CypressLow_A_01
0.06409945
0.1397498
0.3302305
-663.2368
261.4128
-1664.855
1.0
Obj_Plant_CypressLow_A_01
-0.02328287
0.2145954
0.2662469
-452.9922
277.7522
-1988.176
1.090332
FldObj_RockYellowOcher_A_M_02
-0.05464688
-0.001205368
-0.04409668
-243.1537
219.8618
-1385.168
1.0
Obj_Plant_CypressLow_A_02
-0.08432005
0.2172155
0.2091018
-808.3949
224.0584
-1521.684
0.9236203
Obj_Plant_CypressLow_A_02
-0.07731523
0.4382397
0.2977957
-675.9347
257.2519
-1629.759
0.9607203
Obj_Plant_HopBush_A_02
0.5532328
-0.8408557
-0.3322602
-441.2729
255.9138
-1554.515
0.95
Obj_TreeConiferous_A_02
0
1.402226
0
-793.1683
223.5016
-1934.403
1.039548
Obj_Plant_HopBush_A_02
0.2822578
0.4753503
0.1996402
-684.3759
228.8595
-1931.14
0.98
Item_Mushroom_L
0
0.3029785
0
-200.6484
262.8936
-1569.629
1.0
EnvSeEmitPointBirdTemperate
0.7200927
-0.5604247
-0.4195556
-302.668
273.5664
-1566.32
1.0
Obj_TreeConiferous_A_01
0
4.585115
0
-133.8019
241.6241
-1529.163
1.043457
Obj_TreeConiferous_A_01
0
-0.5237414
0
-462.8253
284.2521
-1873.48
1.08197
Obj_TreeConiferous_A_01
0
4.408672
0
-592.7906
216.5522
-1431.182
1.045426
Obj_Plant_CypressLow_A_02
0.09723055
0.3869389
-0.1353062
-326.6947
293.1089
-1689.539
1.040755
Obj_TreeGhost_A_01
0
-2.82
0
-12.19357
279.959
-1975.235
1.0
Obj_TreeConiferous_A_01
0
4.678269
0
-840.5226
221.8976
-1928.608
1.083447
Obj_TreeConiferous_A_01
0
3.066727
0
-451.1387
314.411
-1681.006
1.095511
Item_Mushroom_L
3.141479
-0.08337401
3.141479
-469.2266
292.2028
-1637.375
1.0
FldObj_RockGashamahi_A_06
0.3927664
0.02198941
-0.1104209
-664.8995
211.1946
-1391.015
1.0
Obj_Plant_CypressLow_A_01
0.336527
0.5385346
0.3045537
-558.813
259.0021
-2008.367
1.0
Obj_Plant_CypressLow_A_01
0.2165999
1.233797
0.2209905
-929.6069
215.0334
-1870.07
0.9
Obj_Plant_CypressLow_A_01
0.1164176
-0.6639342
0.03972865
-841.9414
218.6447
-1907.934
0.987793
Obj_Plant_CypressLow_A_02
-0.0365201
-0.4009878
0.2933077
-643.2043
267.3448
-1655.609
0.9236203
Obj_Plant_CypressLow_A_02
-0.9553449
-1.123534
1.126498
-519.5234
267.8529
-1858.93
0.929688
Obj_ArrowNormal_A_01
0.4599999
0.2999999
0
-921.8008
213.7563
-1622.886
1.0
Obj_Plant_CypressLow_A_01
0.08871799
-0.7752762
0.007940862
-888.4805
214.645
-1848.461
0.987793
Obj_TreeConiferous_A_01
0
2.144119
0
-462.7469
316.7597
-1692.045
1.077757
Obj_Plant_CypressLow_A_01
0.2709038
0.4768536
0.1957754
-700.1456
227.3676
-1929.441
1.0
Obj_TreeConiferous_A_02
0
1.824494
0
-498.7424
309.1551
-1692.605
1.070586
Item_Mushroom_D
1.068481
0.2408447
-0.09020996
-937.4805
158.1641
-1137.121
1.0
Obj_Plant_CypressLow_A_02
-0.1503492
-0.5777948
0.2302856
-765.5536
236.7978
-1486.421
1.040755
Obj_TreeConiferous_A_01
0
1.786606
0
-530.7178
266.6003
-1854.787
1.093102
Obj_Plant_CypressLow_A_01
-0.2119479
-0.03272697
0.4007379
-555.0931
255.4183
-1869.227
1.0
Obj_Plant_CypressLow_A_01
0.0453978
0.1466278
0.3390356
-588.6418
283.465
-1669.294
0.9
FldObj_CliffWhiteLumpRock_A_02
0.6521071
-0.1425313
3.066538
-283.5757
261.4569
-1563.173
1.0
Obj_TreeConiferous_A_01
0
3.938337
0
-597.3231
213.7693
-1419.253
1.064484
Obj_Plant_CypressLow_A_01
-0.2894488
1.287066
-0.02803631
-650.6865
264.8786
-1661.888
1.062152
Obj_Plant_CypressLow_A_01
-2.526628
-0.8891186
2.921686
-616.6022
269.0643
-1732.892
1.062152
Weapon_Sword_021
-1.770508
-0.6938476
-3.001465
-792.8203
219.3711
-1903.754
1.0
Obj_Plant_HopBush_A_01
-0.09228193
0.8351765
0.3426058
-556.0938
281.8315
-1763.348
1.0
Obj_TreeConiferous_A_01
0
4.290903
0
-785.6748
219.5576
-1914.582
1.079638
EnvSeEmitPointBirdTemperate
0.857788
-0.9283447
-0.78833
-31.54297
261.3125
-1555.77
1.0
Obj_Plant_HopBush_A_01
-0.2753982
1.111724
-0.05619199
-650.2656
236.2638
-1838.934
1.0
Obj_Plant_HopBush_A_01
-1.415949
-1.492788
1.519192
-951.1406
208.0207
-1729.371
0.875977
Obj_Plant_CypressLow_A_01
-0.5642342
1.197047
-0.2975068
-654.413
233.9168
-1847.089
1.062152
Obj_TreeConiferous_A_01
0
1.934236
0
-531.4531
247.2256
-1523.858
1.077317
FldObj_CliffWhiteLumpRock_A_02
-1.055513
-0.705134
0.07401497
-247.1907
260.7427
-1553.118
1.0
Obj_Plant_HopBush_A_01
0.3635026
-0.6801912
-0.2144636
-21.29297
216.7074
-1482.836
1.055176
Obj_Plant_CypressLow_A_01
0.5453703
1.067089
0.5671414
-699.8619
225.9226
-1923.549
0.9
Obj_Plant_CypressLow_A_01
-0.2709346
-1.301228
0.481126
-580.832
285.5258
-1709.551
0.895996
Obj_Plant_CypressLow_A_01
0.1258467
0.7746481
0.4340049
-582.8955
285.3928
-1667.962
1.0
Obj_TreeConiferousDead_A_02
0
1.02
0
-332.9393
300.2538
-1756.972
1.0
Obj_Plant_CypressLow_A_02
-0.5795161
-1.043491
0.8608544
-557.414
257.0102
-1860.665
0.9607202
Obj_TreeGhost_A_01
0
2.523186
0
-11.20239
279.255
-1864.609
1.0
EnvSeEmitPointBirdTemperate
2.792969
-0.4588623
-1.406494
-437.293
242.6016
-1500.227
1.0
Obj_TreeGhost_A_01
0
3.003185
0
-25.74829
279.8679
-1986.572
1.0
FldObj_HyliaWoodRuinBeam_A_01
0
1.672389
0
-796.7
218.1
-1897.4
1.0
Obj_Plant_CypressLow_A_02
0.3622232
-0.4931663
-0.09203359
-555.4088
256.7113
-2000.175
0.9607203
Obj_TreeConiferous_A_01
0
0.8562358
0
-440.4515
316.2696
-1738.152
1.08709
Obj_Plant_CypressLow_A_01
0.09332097
0.5993332
0.06101525
-929.2938
215.4767
-1875.96
1.0
Obj_TreeConiferous_A_01
0
3.566363
0
-486.5776
240.3909
-1509.953
1.064924
EnvSeEmitPointBirdTemperate
3.110962
0.6075439
2.443359
-868
222.4297
-1574.039
1.0
EnvSeEmitPointBirdTemperate
1.165039
-0.8242188
-1.113281
-219.8555
256.5664
-1519.152
1.0
Obj_TreeConiferous_A_01
0
4.960581
0
-139.6646
258.423
-1573.776
1.037838
Obj_Plant_HopBush_A_02
0.3703772
-0.7957122
-0.3117411
-566.7305
241.4284
-1505.586
0.865723
Obj_TreeConiferous_A_02
0
3.471332
0
-203.4144
248.5669
-1517.059
1.061704
Obj_TreeGhost_A_01
0
0.5231851
0
-24.47681
279.8233
-1999.505
1.0
Obj_TreeConiferous_A_02
0
0.9127465
0
-444.7452
306.9077
-1665.38
1.025392
GrassCutTag
0
0
0
-760.394
187.5204
-1269.952
1.0
Obj_Plant_CypressLow_A_02
-0.9284778
-1.385658
1.377852
-468.0942
275.2085
-1910.968
0.9236203
Obj_Plant_CypressLow_A_01
0.08845858
-0.7174747
-0.0252202
-914.1876
215.3589
-1870.251
1.0
Obj_Plant_CypressLow_A_01
1.121199
-1.206781
-0.9160421
-543.5107
261.013
-2006.462
0.9
Obj_TreeConiferousDead_A_02
0
-1.12
0
-333.1808
299.5931
-1737.757
1.0
Obj_Plant_CypressLow_A_01
-0.002877814
0.1649385
0.1010571
-876.5703
216.0072
-1847.352
0.945313
Obj_Plant_CypressLow_A_01
-0.04059143
-0.142388
0.1005225
-578.8398
287.8308
-1650.902
0.930664
Obj_TreeConiferous_A_01
0
5.327393
0
-96.26523
240.4499
-1524.013
1.089599
Obj_Plant_CypressLow_A_02
0.04454738
-0.7038412
0.09214193
-905.6406
211.9754
-1716.996
0.943848
Obj_Plant_HopBush_A_01
-0.1588355
1.048708
-0.1820629
-977.3761
215.5122
-1417.869
0.9
Obj_Plant_HopBush_A_02
0.04708451
-0.2776526
-0.2301501
-320.5679
291.6778
-1687.648
0.95
Obj_Plant_CypressLow_A_02
0.06116435
-0.1106342
-0.01479255
-884.8019
217.1534
-1890.058
0.9
EnvSeEmitPointInsectTemperate
2.407104
-0.04821778
-2.764404
-237.5156
257.5039
-1536.914
1.0
Item_Mushroom_L
3.141479
0.6064453
3.141479
-445.8125
306.3555
-1664.699
1.0
EnvSeEmitPointBirdTemperate
1.479614
-1.161743
-1.559448
-597.3125
222.3047
-1420.559
1.0
GrassCutTag
0
0
0
-732.894
186.8141
-1261.952
1.0
Obj_Plant_HopBush_A_02
-0.08559895
-0.7744678
0.01020532
-934.2695
211.232
-1628.207
0.876953
Obj_Plant_CypressLow_A_01
1.550014
-1.265089
-1.554887
-25.00391
217.3064
-1484.863
1.075195
Obj_Plant_HopBush_A_02
0.348462
-0.635229
-0.210548
-880.2592
201.0582
-1191.212
0.95
FldObj_HyliaWoodRuinDebris_A_02
0
0.1092036
0
-801.1716
218.4
-1905.462
1.0
EnvSeEmitPointBirdTemperate
0
0.567749
0
-816.0859
225.9063
-1814.063
1.0
Obj_Plant_CypressLow_A_01
-0.02562771
0.1399087
0.1058191
-878.3444
214.7184
-1798.725
0.9
Obj_TreeConiferousSnowFallenTree_A_M_01
-0.4217915
-1.226305
0.4796468
-818.194
222.6932
-1930.83
1.0
Obj_Plant_HopBush_A_02
0.4446788
-1.02201
-0.2817457
-879.4738
206.2212
-1212.929
0.98
EnvSeEmitPointBirdTemperate
-3.008789
0.7039795
-2.824585
-436.0469
297.3633
-1879.617
1.0
Obj_Plant_HopBush_A_02
-0.03996802
1.20283
0.04390348
-880.2617
214.4305
-1803.574
0.875
Obj_TreeConiferous_A_01
0
4.128289
0
-549.5292
221.4407
-1450.832
1.071287
Obj_Plant_CypressLow_A_01
-2.885025
0.005623735
-2.829871
-476.4527
272.839
-1905.914
1.062152
Obj_TreeConiferous_A_01
0
1.711719
0
-821.6473
208.6905
-1237.616
1.033341
Obj_TreeConiferous_A_01
0
5.177582
0
-400.6005
312.4391
-1695.182
1.013552
Obj_Plant_HopBush_A_02
-0.2223243
0.6939644
0.04309058
-763.6688
237.994
-1480.292
0.95
Obj_Plant_CypressLow_A_01
-0.1705569
-0.05945926
0.04717606
-409.604
283.9638
-1993.76
1.062152
Obj_Plant_CypressLow_A_01
-2.929295
0.9988852
-2.648307
-591.1447
283.6011
-1654.078
1.0
Obj_Plant_CypressLow_A_01
-2.724477
-1.094321
3.023
-544.1569
261.4263
-1858.355
0.8999999
Obj_Plant_CypressLow_A_02
0
-1.143799
0
-803.9414
217.8564
-1838.457
0.912109
Obj_Plant_CypressLow_A_02
0.251592
0.2524166
0.1530218
-689.7708
228.8508
-1932.452
0.9607203
Obj_Plant_HopBush_A_01
-0.07475968
-0.4665827
0.1342791
-788.5781
219.3268
-1793.387
1.024414
Obj_Plant_HopBush_A_02
1.185596
-1.269241
-1.199415
-299.8482
248.3082
-1531.005
0.95
Obj_Plant_CypressLow_A_01
-0.5718848
-1.342993
0.8450592
-548.5779
261.0118
-1854.45
1.0
Obj_Plant_HopBush_A_02
0.312491
-1.172166
0.04056202
-666.9961
259.6359
-1660.366
0.9800001
Obj_Plant_CypressLow_A_02
-0.1353611
1.029911
0.1778831
-582.826
285.8543
-1657.159
0.9607203
Obj_TreeConiferous_A_01
0
0.2157547
0
-504.2624
272.5065
-1586.661
1.028845
FldObj_RockYellowOcher_A_M_02
0.4229166
-0.532706
-0.5891494
-564.5832
132.7044
-1261.837
1.0
Obj_Plant_CypressLow_A_02
-0.01916232
-0.2655308
0.04979375
-806.1016
217.943
-1833.273
0.913086
EnvSeEmitPointInsectTemperate
0.3237305
0.007812495
-0.002929692
-495.5586
225.6992
-1472.621
1.0
Obj_Plant_CypressLow_A_01
0.3396848
-0.7988833
-0.1738673
-684.5399
227.3529
-1925.287
1.0
FldObj_RockYellowOcher_A_L_01
1.044419
-0.5753297
-1.292404
-550.0573
154.1431
-1305.661
1.0
Obj_TreeConiferous_A_01
0
2.971838
0
-151.085
264.6746
-1581.163
1.017009
Obj_Plant_CypressLow_A_02
-0.4865765
-1.055409
0.8145197
-538.2142
268.7466
-1835.577
0.9607203
Obj_TreeConiferous_A_01
0
5.537206
0
-721.6692
220.5154
-1906.725
1.057271
Obj_Plant_CypressLow_A_02
0.1174549
0.1718124
0.2762271
-398.0641
306.554
-1817.135
0.9607203
EnvSeEmitPointBirdTemperate
-1.571533
-0.2785645
0.1264648
-518.3828
306.1602
-1652.129
1.0
Obj_Plant_HopBush_A_01
0.1182551
0.494211
0.1463011
-840.6992
219.4327
-1913.648
1.099121
Obj_Plant_HopBush_A_02
-1.85117
1.209274
-1.643423
-622.4861
266.385
-1736.141
0.95
Obj_Plant_HopBush_A_02
-0.1021143
-0.2934397
0.357758
-648.1734
266.0794
-1650.642
0.95
Obj_TreeConiferous_A_01
0
0.3740039
0
-310.213
281.9769
-1656.639
1.072258
Obj_Plant_HopBush_A_02
1.1458
-1.312578
-1.16263
-317.1504
249.8145
-1532.898
0.98
Obj_Plant_CypressLow_A_02
0.07380831
0.3707557
0.0461024
-918.6681
215.7807
-1877.907
0.9607203
Obj_Plant_CypressLow_A_01
0.4366196
-0.7261356
-0.06764133
-544.6173
258.7265
-2000.668
1.0
Obj_TreeConiferous_A_01
0
4.761372
0
-602.8745
245.6394
-1509.739
1.001201
Obj_TreeConiferous_A_01
0
3.376175
0
-770.7054
209.4786
-1332.197
1.057557
Obj_Plant_HopBush_A_01
0.0535973
-0.1113044
0.008275816
-891.3566
217.3402
-1894.81
0.89
Obj_Plant_HopBush_A_02
-0.2314837
0.8339251
0.03979023
-640.4573
238.1772
-1839.625
0.98
FldObj_RockGashamahi_A_02
-2.755151
-0.8962646
-0.2578627
-611.4083
211.7864
-1417.595
1.0
Obj_Plant_CypressLow_A_01
0.1924953
0.9874196
0.1199254
-452.1563
318.0363
-1723.293
0.893066
Obj_TreeConiferous_A_02
0
4.789488
0
-495.6892
225.0393
-1470.552
1.029955
Obj_TreeConiferous_A_01
0
0.152962
0
-436.6269
289.282
-1879.112
1.008791
Obj_Plant_CypressLow_A_02
-0.5230494
1.478176
-0.4937448
-808.418
218.1901
-1796.168
0.882324
EnvSeEmitPointBirdTemperate
0.6103515
-0.3049316
-0.2325439
-763.6289
224.3281
-1348.133
1.0
Obj_Plant_HopBush_A_01
0.09019027
0.7843837
0.3098655
-597.6295
280.3093
-1666.29
0.9
Obj_Plant_CypressLow_A_02
-0.228047
0.6424307
0.2928363
-564.6085
255.3314
-1851.187
0.9
FldObj_RockGashamahi_A_07
0
0.5600002
0
-599.7467
279.6016
-1602.505
1.0
FldObj_RockYellowOcher_A_M_02
0.5872074
-0.002679414
0.008862151
-386.721
201.8851
-1420.886
1.0
Obj_Plant_CypressLow_A_01
0.02235873
1.180467
0.1608962
-905.8125
212.1081
-1723.441
0.975098
Obj_TreeConiferous_A_01
0
1.681188
0
-193.0187
270.282
-1591.655
1.041048
Item_Mushroom_F
3.141479
-0.8164062
3.141479
-332.1758
299.6396
-1737.184
1.0
EnvSeEmitPointInsectTemperate
0
1.155395
0
-755.1914
220.2031
-1916.449
1.0
FldObj_CliffGashamahi_A_02
1.335777
0.8758655
3.03465
-386.8103
281.6807
-2003.852
1.0
Obj_Plant_HopBush_A_01
0.302598
-1.471697
-0.1792355
-865.4102
214.6407
-1569.559
1.005371
Obj_Plant_CypressLow_A_01
0.02995837
0.7079514
-0.1021604
-440.0078
316.291
-1724.848
0.868652
Obj_TreeConiferous_A_01
0
1.671096
0
-120.1178
241.2497
-1524.392
1.087757
Obj_TreeConiferous_A_02
0
2.438875
0
-928.71
212.0607
-1614.287
1.029627
Obj_TreeConiferous_A_01
0
-3.097194
0
-408.7743
284.082
-1993.296
1.00065
Obj_TreeConiferous_A_01
0
-0.8822995
0
-416.7065
266.5492
-1581.113
1.04983
FldObj_RockGashamahi_A_04
0.00763995
0.02611673
0.2318503
-805.1519
229.0343
-1448.858
1.0
Obj_Plant_CypressLow_A_02
0.08843166
0.7740828
0.1417304
-881.4661
213.784
-1780.297
0.9
Obj_Plant_HopBush_A_02
-0.168668
-0.7949678
0.3117837
-648.7769
236.5484
-1838.979
0.95
EnvSeEmitPointInsectTemperate
0.3679199
0.7547607
0.4191895
-446.6719
232.3672
-1499.328
1.0
Obj_Plant_HopBush_A_01
0.1097033
0.5979173
0.08306748
-925.0855
214.3641
-1861.741
0.9
FldObj_RockGashamahi_A_03
0
0.4999992
0
-439.261
255.4326
-1559.943
1.0
Obj_Plant_CypressLow_A_01
3.139816
0.7656234
3.04688
-967.9536
215.3407
-1407.75
1.0
Obj_Plant_HopBush_A_02
-0.3546415
0.5295855
0.0746835
-619.6332
264.9502
-1742.291
0.95
Obj_Plant_HopBush_A_02
-0.6227036
-1.391042
0.9001802
-641.9954
267.3847
-1660.609
0.95
Obj_TreeConiferous_A_01
0
4.626412
0
-609.4281
237.3398
-1490.204
1.057624
Obj_Plant_HopBush_A_01
0.1405765
-0.5044884
-0.07661536
-913.6641
218.5095
-1909.984
1.0
Obj_Plant_HopBush_A_02
0.4899455
0.712733
0.3347208
-517.3555
241.7994
-1509.395
0.900391
FldObj_RockGashamahi_A_04
0.3266722
0.01137118
-0.06897147
-701.9944
242.8173
-1445.85
1.0
EnvSeEmitPointBirdTemperate
1.66748
-0.02441407
2.158691
-624.4453
265.0703
-1520.398
1.0
Item_Plant_A
3.141479
1.087036
3.141479
-590.3242
284.21
-1649.316
1.0
Obj_Plant_CypressLow_A_02
0.009946555
1.285412
-0.115549
-960.7147
214.4223
-1412.877
0.9607203
Obj_Plant_CypressLow_A_01
-2.973304
-1.362113
-2.978913
-673.4121
258.0198
-1631.042
1.062152
Obj_TreeConiferous_A_01
0
1.183214
0
-416.9077
314.603
-1745.967
1.032288
EnvSeEmitPointBirdTemperate
3.12207
1.238647
-2.901733
-566.9453
297.7344
-1680.723
1.0
Obj_Plant_CypressLow_A_01
-0.01247494
0.4727403
0.298532
-453.1055
278.299
-1974.668
1.039063
Obj_TreeConiferous_A_01
0
2.682117
0
-658.351
210.6479
-1391.757
1.016387
Obj_Plant_CypressLow_A_02
0.1867501
0.9941752
0.2701737
-872.7205
215.276
-1786.5
0.9607203
Obj_Plant_CypressLow_A_02
-2.930383
0.312111
-2.64968
-469.204
275.2111
-1908.189
1.040755
Obj_TreeGhost_A_01
0
-1.6
0
-48.88303
280.0092
-1948.957
1.0
Obj_TreeConiferousDead_A_01
0
0.9943957
0
-326.9693
299.937
-1752.818
1.15
Obj_TreeConiferous_A_01
0
5.64489
0
-113.1016
250.6041
-1551.287
1.048819
Obj_Plant_CypressLow_A_02
-2.985529
-1.05022
-2.959051
-674.4628
257.3668
-1638.566
1.040755
Obj_Plant_CypressLow_A_02
0
1.151855
0
-907.2852
209.2951
-1655.254
0.993652
FldObj_RockGashamahi_A_01
1.800338
0.4068328
1.797364
-512.5844
294.1367
-1629.978
1.0
Obj_TreeConiferous_A_01
0
4.503445
0
-521.8818
252.4935
-1537.557
1.054682
Obj_Plant_HopBush_A_01
0.2252299
0.4809954
0.1948033
-694.5223
224.4915
-1915.72
0.9
Item_Mushroom_L
0
-0.9519042
0
-463.9805
315.9451
-1682.668
1.0
Item_Mushroom_D
1.344116
0.3315429
-0.300415
-883.4492
145.9688
-1150.191
1.0
Obj_Plant_HopBush_A_01
-0.1503154
0.6328002
0.2874381
-556.5739
259.1288
-1850.192
0.89
EnvSeEmitPointBirdTemperate
2.941162
0.6813965
-2.391113
-818.3086
230.6563
-1929.082
1.0
TreasureSpot_00
0
0.6600001
0
-684.0921
188.885
-1314.52
1.0
FldObj_RockGashamahi_A_06
2.911532
0.7748592
2.790455
-836.2124
216.6995
-1241.266
1.0
Obj_Plant_HopBush_A_01
0.02224631
0.7779
0.08382297
-887.3783
213.8836
-1795.863
0.9
Obj_Plant_CypressLow_A_01
-0.265649
-1.281224
0.3569737
-791.2969
219.1768
-1791.371
0.856934
EnvSeEmitPointBirdTemperate
2.859131
0.2010498
-2.702881
-223.1523
284.1992
-1603.145
1.0
Obj_Plant_CypressLow_A_01
-0.6094888
-0.9375552
0.8708986
-612.709
269.5892
-1734.748
1.062152
FldObj_RockGashamahi_A_03
0.3134052
-0.2412257
0.02223045
-829.6023
230.6404
-1305.651
1.0
Obj_TreeConiferous_A_01
0
6.000339
0
-446.0761
229.4799
-1488.751
1.066307
Obj_Plant_CypressLow_A_01
-0.1189774
0.7336736
0.1900009
-649.2088
265.3976
-1660.463
1.062152
Obj_Plant_HopBush_A_01
0.7175131
-1.436796
-0.3634939
-657.5156
262.6202
-1657.758
1.0
Item_Mushroom_L
0
1.149902
0
-121.0508
241.0154
-1524.406
1.0
Obj_TreeConiferous_A_01
0
5.736305
0
-756.5825
210.3389
-1341.082
1.005832
Obj_Plant_HopBush_A_01
0.009870166
0.493619
0.1361435
-876.5977
214.9989
-1791.484
1.0
Obj_Plant_HopBush_A_01
0.0532571
-0.07150786
-0.03577752
-884.9922
216.2092
-1875.461
1.0
Obj_Plant_HopBush_A_01
-1.030537
-1.199425
1.141376
-541.3851
259.7763
-1867.417
0.9
Obj_TreeConiferous_A_01
0
5.710568
0
-602.3878
231.9683
-1480.933
1.026172
Obj_Plant_HopBush_A_01
0.06344965
-0.07309915
0.2827489
-700.9371
249.0597
-1623.019
0.89
Obj_Plant_HopBush_A_01
-0.4681776
1.188865
-0.4120151
-402.4436
285.1088
-1988.774
0.89
Obj_Plant_CypressLow_A_02
0.635851
1.091673
0.5372538
-312.1523
247.5294
-1525.789
1.077637
Obj_Plant_HopBush_A_01
0.3944884
-0.7156162
-0.1449233
-546.8646
263.1866
-2015.325
0.9
Obj_TreeConiferous_A_01
0
2.994749
0
-943.4648
211.7125
-1628.67
1.035358
Obj_TreeConiferousDead_A_01
0
2.634395
0
-327.2427
299.5479
-1741.505
1.15
Obj_Plant_HopBush_A_01
-0.6078998
1.341523
-0.2107554
-356.3438
302.8285
-1838.711
1.0
Obj_Plant_HopBush_A_01
0.4614195
-0.1502235
-0.02227704
-441.3504
261.9187
-1568.177
0.8899999
Obj_Plant_CypressLow_A_01
-0.08957121
0.4118278
-0.09936117
-969.471
214.747
-1423.095
0.8999999
Obj_Plant_CypressLow_A_02
8.538658E-08
0.5334473
2.755265E-08
-901.1187
210.7056
-1433.719
0.9
EnvSeEmitPointBirdTemperate
0
0.08178711
0
-664.9375
201.5391
-1347.238
1.0
Obj_TreeConiferous_A_02
0
2.53298
0
-443.3668
226.3558
-1478.952
1.021865
Obj_TreeConiferous_A_01
0
4.991685
0
-240.8048
269.1832
-1582.464
1.036447
Obj_TreeConiferous_A_01
0
5.338321
0
-225.3196
267.4698
-1580.35
1.076593
Obj_Plant_CypressLow_A_01
0.5474358
0.983447
0.4061132
-309.6805
249.1301
-1531.932
1.062152
Obj_Plant_HopBush_A_01
2.131958
-1.256659
-2.216152
-308.8438
247.8468
-1527.637
1.0
Obj_Plant_HopBush_A_02
-0.4322406
-1.37826
0.7723693
-761.0156
231.371
-1601.223
0.899902
Obj_Plant_CypressLow_A_02
-0.5713556
1.534421
-0.2686974
-646.1929
266.4107
-1655.762
1.040755
EnvSeEmitPointBirdTemperate
1.609619
-0.1002197
-0.6811523
-754.1055
201.043
-1310.926
1.0
Obj_Plant_CypressLow_A_02
0
0.04296875
0
-969.9531
207.7323
-1723.281
1.071777
Obj_TreeConiferous_A_01
0
5.403968
0
-199.7761
262.7421
-1568.595
1.097965
FldObj_RockGashamahi_A_01
0.4484456
-0.4130581
-0.8754911
-499.2897
247.9893
-1525.726
1.0
FldObj_RockGashamahi_A_03
0.6799999
0
-0.6199999
-529.4429
247.9586
-1531.505
1.0
Item_Mushroom_L
0
-1.453857
0
-477.8633
315.555
-1711.316
1.0
Obj_TreeGhost_A_01
0
-1.096815
0
-65.81274
279.8846
-1975.665
1.0
EnvSeEmitPointBirdTemperate
-0.03601073
-0.670288
0.3435058
-557.3516
299.5234
-1717.164
1.0
Obj_TreeConiferous_A_01
0
2.115855
0
-368.9453
280.7604
-1619.955
1.029122
Obj_Plant_CypressLow_A_02
0.5510145
-0.1424377
-0.04634074
-434.5916
260.38
-1563.72
0.9
Obj_Plant_CypressLow_A_01
-0.140016
1.048505
-0.2122016
-963.5756
214.2923
-1423.294
1.0
Obj_Plant_CypressLow_A_01
-0.1126327
-0.2633768
0.2336634
-757.9771
238.0987
-1486.984
1.062152
Obj_Plant_CypressLow_A_01
0.006170141
-0.7036792
0.07988669
-870.5
215.743
-1791.336
0.874512
Obj_Plant_CypressLow_A_02
0.02038111
0.7515178
-0.1468205
-325.6316
292.7938
-1686.742
0.9236204
Obj_Plant_CypressLow_A_02
0.1764936
-0.451993
-0.08333122
-880.0898
220.8832
-1925.719
0.961426
Obj_Plant_HopBush_A_02
-0.1122035
-0.4376985
0.4391329
-472.4362
272.7204
-1913.727
0.95
Obj_Plant_HopBush_A_01
8.538658E-08
0.5334473
2.755265E-08
-903.5034
210.5801
-1441.456
0.89
Obj_Plant_CypressLow_A_02
-0.1094646
-0.3231068
0.0731086
-929.1211
215.1953
-1371.188
1.01709
Obj_Plant_CypressLow_A_02
0.1189891
-1.221186
-0.09148789
-893.6573
216.7678
-1883.82
0.9607202
FldObj_RockGashamahi_A_04
0.0859577
-0.005447314
0.1264973
-858.866
227.8732
-1296.49
1.0
Item_Plant_A
0
0.3691406
0
-395.5703
310.4263
-1683.641
1.0
Obj_Plant_CypressLow_A_01
-0.1957867
-0.08864971
0.07139898
-408.3316
285.9146
-1982.999
1.0
Obj_Plant_CypressLow_A_01
-0.174879
-1.218728
0.4655946
-674.3164
257.3493
-1639.504
0.901855
Obj_Plant_HopBush_A_01
0.2452588
-0.7553609
-0.1663053
-875.7813
204.4311
-1203.816
1.0
Item_Mushroom_L
3.141479
0.8111572
3.141479
-445.5547
307.3492
-1666.242
1.0
Obj_Plant_CypressLow_A_02
-0.05186427
-0.05403269
0.3835297
-694.6129
251.1378
-1617.965
0.9
Obj_Plant_CypressLow_A_01
0.4621546
1.011244
0.5585393
-884.6329
202.9336
-1200.067
1.062152
Obj_Plant_CypressLow_A_01
0.3492235
0.6898088
0.05308408
-322.8968
293.7513
-1696.119
1.062152
Item_Plant_A
0
-0.2220459
0
-750.2188
243.0633
-1441.785
1.0
Obj_TreeConiferous_A_01
0
2.64656
0
-754.0349
193.0822
-1311.062
1.040506
Obj_Plant_HopBush_A_02
0
-0.5743408
0
-850.418
216.8822
-1845.313
1.057129
Obj_TreeConiferous_A_01
0
5.672146
0
-804.3594
219.9088
-1911.958
1.013531
Obj_TreeConiferous_A_02
0
1.739135
0
-509.3665
226.4712
-1471.344
1.064776
Obj_Plant_HopBush_A_01
0.03273167
-0.2433673
0.1125501
-887.6367
214.643
-1846.227
1.085449
Obj_Plant_CypressLow_A_01
0.02681584
0.7130967
0.1243095
-883.6953
215.0735
-1847.969
0.877441
Obj_Plant_CypressLow_A_02
-0.7847679
1.371661
-0.6193775
-767.2676
236.8678
-1483.968
0.9236204
Obj_TreeConiferous_A_01
0
0.7575697
0
-646.4183
204.5286
-1384.077
1.060733
Obj_TreeGhost_A_01
0
0.2
0
-50.70337
279.5623
-1921.997
1.0
Item_Mushroom_L
0
1.272583
0
-240.5195
269.1562
-1583.102
1.0
FldObj_HyliaWoodRuinBeam_A_01
0
-0.7200001
0
-676.5544
193.446
-1339.375
1.0
Obj_Plant_CypressLow_A_01
-0.05050761
-0.4682972
0.3476109
-677.4375
256.5073
-1636.5
0.889648
FldObj_RockGashamahi_A_03
0
1.759999
0
-431.3918
261.4326
-1569.802
1.0
Obj_TreeConiferousSnowFallenTree_A_M_01
-2.949583
-1.030841
2.964913
-701.1547
246.2177
-1448.12
1.0
EnvSeEmitPointInsectTemperate
2.961914
1.234375
-1.798096
-940.793
217.6289
-1649.008
1.0
Obj_Plant_HopBush_A_01
0.2262785
1.002672
0.207195
-893.2969
218.8755
-1911.699
0.915039
Obj_Plant_HopBush_A_02
-0.02836801
1.054765
-0.1631312
-962.1038
214.6369
-1407.501
0.98
Obj_Plant_CypressLow_A_02
0.01054091
0.8338628
-0.1376683
-449.9297
318.1784
-1730.43
1.032715
Obj_TreeConiferous_A_01
0
1.152704
0
-819.4064
204.1237
-1227.864
1.089497
Weapon_Sword_021
-1.726684
-0.8100585
-3.109863
-798
218.8164
-1896.039
1.0
EnvSeEmitPointInsectTemperate
0
-0.08056641
0
-939.4961
213.5273
-1594.594
1.0
Obj_Plant_CypressLow_A_02
-0.3243065
0.9739513
-0.2317536
-407.506
284.4073
-1991.832
0.9607203
Obj_Plant_HopBush_A_01
0.2327886
-0.1945134
-0.03783602
-322.4102
250.4285
-1535.309
0.925781
Obj_TreeConiferous_A_01
0
2.663448
0
-397.9795
309.4506
-1748.508
1.016199
GrassCutTag
0
0
0
-749.394
186.6954
-1249.952
1.0
Obj_TreeConiferous_A_01
0
4.953688
0
-671.0758
257.9471
-1659.018
1.057856
Obj_Plant_CypressLow_A_02
0.3856976
0.4617668
0.2691368
-508.8164
245.8039
-1518.906
0.910645
EnvSeEmitPointBirdTemperate
3.141479
1.165527
3.141479
-861.4063
229.125
-1928.266
1.0
Obj_Plant_CypressLow_A_02
3.073464
0.4748642
-3.077949
-881.7214
214.983
-1831.097
1.040755
FldObj_RockGashamahi_A_03
-0.1923415
0.01687851
0.1745241
-772.7924
239.4961
-1404.539
1.0
FldObj_HyliaWoodRuin_A_01
0
1.570796
0
-923.4
211
-1626.9
1.0
Obj_TreeConiferous_A_01
0
0.9305176
0
-654.096
263.9702
-1647.332
1.048722
EnvSeEmitPointBirdTemperate
0
1.540405
0
-929.2578
219.9648
-1615.691
1.0
Obj_Plant_HopBush_A_01
0.3134928
-1.033353
-0.2653731
-864.2155
204.3633
-1202.542
0.9
Obj_Plant_CypressLow_A_02
-2.629232
-1.322659
2.867384
-805.4944
224.8286
-1520.947
1.040755
Obj_Plant_HopBush_A_01
-0.523817
1.189551
-0.3609599
-422.1472
285.0161
-1982.443
0.9
Obj_Plant_CypressLow_A_02
-0.2084704
0.3407096
0.3005187
-553.4298
282.3601
-1767.787
0.9607203
Obj_TreeConiferous_A_01
0
1.152889
0
-510.3181
232.5206
-1484.234
1.020858
Item_Mushroom_L
3.141479
0.6350097
3.141479
-482.7383
271.7917
-1589.074
1.0
Obj_TreeConiferous_A_02
0
0.5540283
0
-410.5087
313.8079
-1714.845
1.018477
Obj_TreeConiferous_A_01
0
5.295772
0
-398.3031
286.969
-1622.527
1.020867
Obj_Plant_CypressLow_A_01
-0.1757573
-0.4655164
0.3002231
-642.5107
238.5827
-1834.142
1.0
Obj_TreeConiferous_A_02
0
0.2349069
0
-483.285
311.9085
-1691.644
1.020188
Obj_TreeConiferous_A_01
0
2.065372
0
-763.3199
216.649
-1348.652
1.051565
Obj_Plant_HopBush_A_02
0.38855
0.6955158
-0.07080545
-511.9977
232.136
-1482.818
0.95
Area
0
0
0
-747.894
187.5416
-1266.452
75
Item_Mushroom_D
1.324463
-0.3920898
-0.08679199
-916.4883
175.0078
-1139.492
1.0
Obj_Plant_CypressLow_A_02
0.3689084
0.07202271
0.1497361
-552.7867
255.1765
-1995.264
0.9236203
Obj_Plant_HopBush_A_02
0
-1.286011
0
-812.9844
217.9905
-1800.324
0.910156
Obj_Plant_CypressLow_A_02
-0.1981383
0.6083189
0.08374228
-645.1351
236.6961
-1842.616
0.9607202
FldObj_CliffWhiteLakeHylia_A_01
0
-0.5800001
0
-318.8416
268.1791
-1573.82
1.0
Obj_Plant_HopBush_A_01
-0.07525993
-1.165984
0.2489211
-649.4722
264.8685
-1666.166
0.9
Obj_TreeConiferous_A_01
0
3.235874
0
-110.942
253.6906
-1561.326
1.072664
FldObj_RockGashamahi_A_07
0
-2.66
0
-606.9685
216.5333
-1436.658
1.0
Obj_Plant_CypressLow_A_01
-0.6846854
-1.272972
0.9622163
-553.6674
258.8247
-1858.419
1.062152
Obj_Plant_HopBush_A_01
-1.831781
-1.302412
2.135104
-551.1094
259.0035
-1861.027
1.0
Obj_TreeConiferous_A_01
0
1.110306
0
-366.0253
298.0487
-1662.663
1.072873
Obj_TreeConiferous_A_01
0
1.75583
0
-540.923
280.9992
-1790.292
1.040223
Obj_Plant_HopBush_A_01
-0.07070441
1.074041
0.1338406
-363.5268
301.9622
-1829.557
0.9
EnvSeEmitPointInsectTemperate
0.4176025
-1.040161
-0.2757568
-721.9688
220.5703
-1907.488
1.0
Obj_Plant_CypressLow_A_01
0.9423045
1.171487
1.026141
-556.2892
258.0015
-2004.383
1.062152
Obj_Plant_HopBush_A_02
0.6199772
-0.9011766
-0.4748346
-512.4492
240.2918
-1505.035
0.905273
Obj_Plant_HopBush_A_01
0.6250091
-0.9592294
-0.348753
-550.6445
258.7661
-2004.32
1.0
FldObj_HyliaWoodRuinWell_A_01
0
0
0
-911.3
211.5947
-1616.2
1.0
EnvSeEmitPointBirdTemperate
2.407104
-0.04821778
-2.764404
-237.5156
264.7578
-1536.914
1.0
Obj_TreeConiferous_A_01
0
5.019904
0
-937.666
213.4761
-1594.504
1.049037
Obj_Plant_HopBush_A_01
0.09082708
-1.298375
0.05248854
-580.207
286.8854
-1640.242
0.939453
FldObj_RockGashamahi_A_03
2.685805
0.7324277
2.607031
-648.9313
209.4042
-1395.781
1.0
FldObj_RockGashamahi_A_07
0
0
0
-402.8235
283.5939
-1996.071
1.0
Obj_Plant_HopBush_A_02
0.2732547
-0.6423435
-0.05881321
-568.4336
238.9066
-1497.246
0.889648
Obj_TreeConiferous_A_01
0
2.14512
0
-159.5203
252.9057
-1554.073
1.030689
Obj_Plant_CypressLow_A_02
0.5235301
0.6003798
0.3415362
-91.70151
244.9066
-1538.445
1.040755
Obj_TreeConiferous_A_01
0
0.9427316
0
-362.6952
254.2004
-1551.729
1.043422
Obj_Plant_CypressLow_A_02
-0.5606958
1.175142
-0.4629862
-405.5359
286.412
-1981.292
0.9
FldObj_RockGashamahi_A_02
0.2293591
-0.05523761
0.3507852
-708.7562
246.1959
-1458.202
1.0
FldObj_RockGashamahi_A_02
2.697542
-0.8852793
-2.58054
-536.5557
247.3884
-1527.736
1.0
Obj_TreeConiferous_A_01
0
5.457559
0
-301.1015
264.9981
-1565.348
1.092611
Obj_Plant_HopBush_A_01
0.1340006
-1.440783
-0.04536777
-581.5391
287.5704
-1648.781
0.89502
Obj_Plant_HopBush_A_01
1.215924
-1.265509
-1.228665
-298.6967
248.9468
-1533.332
0.9
EnvSeEmitPointBirdTemperate
2.386963
-1.316162
-2.673218
-317.1055
293.2305
-1663.422
1.0
FldObj_RockYellowOcher_A_M_02
2.159798
-0.8205647
2.986538
-615.9969
172.7435
-1273.601
1.0
Obj_Plant_CypressLow_A_02
0.07304372
0.5259865
-0.02062601
-920.8938
214.1526
-1480.049
0.9236203
Obj_TreeConiferous_A_01
0
2.606727
0
-397.9341
285.3435
-1986.977
1.095511
Obj_TreeGhost_A_01
-0.1038779
0.1630259
-0.003099197
-79.26874
278.5614
-1910.022
1.0
EnvSeEmitPointBirdTemperate
3.141479
-1.484131
3.141479
-498.9727
317.1094
-1691.965
1.0
Obj_Plant_CypressLow_A_02
0.02637654
0.8615823
0.08448676
-889.3906
213.6853
-1793.422
1.08252
Obj_Plant_CypressLow_A_01
-0.111601
0.07431718
0.2263978
-581.8555
285.589
-1706.398
0.962402
Obj_Plant_CypressLow_A_02
-0.4191661
-1.189246
0.5959567
-726.3594
239.8874
-1719.988
0.88916
Obj_Plant_HopBush_A_01
0.7879823
-1.300607
-0.7187827
-846.5898
220.0648
-1920.027
0.916992
Obj_Plant_CypressLow_A_01
0.9898722
1.108572
1.001962
-447.6056
258.7966
-1562.094
1.062152
Obj_Plant_HopBush_A_01
0.4271532
-0.8852233
-0.3783579
-309.5186
251.5508
-1540.656
0.89
Obj_Plant_HopBush_A_01
0.1374068
1.066719
0.299552
-605.9023
280.5422
-1617.988
0.914551
FldObj_RockGashamahi_A_06
-0.04415803
0.007103689
0.3189567
-804.3253
237.9339
-1384.437
1.0
Obj_Plant_CypressLow_A_02
-0.1964942
0.812266
0.1147847
-717.1484
242.7995
-1715.527
0.943848
Obj_Plant_CypressLow_A_02
-0.05673293
0.3657829
0.07131936
-463.2031
317.2609
-1707.438
0.915527
Obj_TreeConiferous_A_01
0
1.398047
0
-725.2661
210.6647
-1356.106
1.031517
Obj_Plant_HopBush_A_02
0.01948266
-0.5721278
0.1524549
-884.3227
214.911
-1836.957
0.95
Obj_Plant_HopBush_A_01
-0.3471918
0.8934071
0.04405492
-613.2859
272.5492
-1726.041
0.89
Obj_Plant_HopBush_A_01
-0.1315773
0.4490485
0.2237657
-640.625
267.625
-1662.029
0.89
Obj_Plant_CypressLow_A_01
0.2284582
-1.155882
-0.2821133
-912.717
213.1447
-1474.706
1.062152
FldObj_RockGashamahi_A_02
0.09982361
-0.1238935
0.4850524
-867.8599
215.239
-1236.001
1.0
Obj_Plant_HopBush_A_02
1.586094E-07
-0.8578345
2.613904E-07
-891.8843
216.6933
-1881.158
0.95
Obj_Plant_HopBush_A_02
-0.2678111
1.241477
-0.008980142
-810.5609
223.9326
-1517.018
0.95
Obj_Plant_CypressLow_A_01
-0.7565932
1.451699
-0.4329517
-657.5682
234.5612
-1837.468
0.8999999
Obj_Plant_CypressLow_A_02
0.3636943
-0.3928159
-0.3843587
-524.2188
260.2937
-1555.344
0.937012
Obj_Plant_CypressLow_A_02
0.2374941
0.07481524
0.05962409
-871.6012
203.2959
-1198.589
0.9
Obj_Plant_HopBush_A_01
0.3073957
0.7516403
0.2958245
-693.4297
227.3227
-1927.305
1.0
Obj_Plant_CypressLow_A_01
0.2078613
1.206966
0.4868627
-707.7209
246.7288
-1617.532
1.062152
Item_Mushroom_N
0
-0.009887692
0
-309.7344
264.9893
-1567.199
1.0
Obj_TreeGhost_A_01
0
-1.8
0
-6.91095
279.7609
-1889.986
1.0
Obj_Plant_CypressLow_A_01
-0.1149109
-1.22168
0.1492255
-963.5625
207.8059
-1718.32
0.861328
EnvSeEmitPointBirdTemperate
0
1.072144
0
-777.2695
235.4258
-1601.223
1.0
Obj_Plant_CypressLow_A_01
0
0.8900146
0
-902.2461
209.4799
-1655.152
0.933594
Obj_Plant_CypressLow_A_01
2.972378
1.040272
3.077234
-881.0865
214.0261
-1783.55
1.0
Item_Mushroom_L
0
-1.522339
0
-441.0547
316.3247
-1739.145
1.0
FldObj_RockYellowOcher_A_L_02
0.2070669
0.3297633
-0.2181227
-581.2239
174.9867
-1315.799
1.0
Obj_Plant_HopBush_A_01
-1.234429
1.401401
-1.158954
-413.6563
284.2924
-1990.398
1.0
Obj_TreeConiferous_A_02
0
2.091882
0
-549.5325
269.6152
-1812.607
1.08499
Obj_Plant_HopBush_A_01
0.162745
0.08020229
0.02099822
-877.1229
204.5464
-1204.509
0.8899999
Obj_TreeConiferous_A_01
0
4.29163
0
-599.2604
254.3968
-1528.058
1.003814
Obj_Plant_HopBush_A_01
0.1582919
0.7664797
0.2119635
-873.3767
214.545
-1780.622
0.89
Obj_Plant_HopBush_A_01
-0.08061136
0.5209858
0.3117328
-586.7813
283.8351
-1662.082
1.0
Obj_Plant_HopBush_A_02
0.2074982
-1.159926
-0.01747527
-603.375
280.8646
-1616.121
1.050781
Obj_Plant_CypressLow_A_02
-0.004162951
0.7396179
0.152538
-874.1602
210.7858
-1672.684
1.09375
Obj_TreeConiferous_A_01
0
2.892297
0
-631.1378
244.511
-1489.687
1.095051
Obj_Plant_HopBush_A_02
0
-0.8132323
0
-953.1133
215.5886
-1355.234
0.852051
EnvSeEmitPointInsectTemperate
0.8792724
0.8013915
0.6799316
-414.7305
292.3125
-1636.922
1.0
Obj_Plant_CypressLow_A_02
-0.04143893
0.4416336
0.3152936
-637.4963
269.1979
-1654.562
0.9
EnvSeEmitPointBirdTemperate
0.4957275
-0.5109863
-0.4067383
-478.8867
269.6094
-1566.813
1.0
Obj_Plant_HopBush_A_01
-1.800566
-1.333173
2.145343
-533.1289
270.4547
-1836.551
1.0
Obj_TreeConiferous_A_01
0
1.202422
0
-844.5845
216.5484
-1821.322
1.02019
Obj_Plant_CypressLow_A_02
-0.3575477
0.8803766
-0.0713442
-621.2906
270.4684
-1724.83
0.9
Obj_Plant_HopBush_A_01
0.4126015
-1.115685
-0.4659513
-308.4883
288.5681
-1684.887
1.023438
Obj_Plant_CypressLow_A_01
-0.2355352
0.8362259
0.06805272
-655.9255
234.2677
-1843.133
1.0
Obj_Plant_CypressLow_A_02
0.1541796
-1.108748
-0.115883
-921.9908
216.0537
-1882.4
0.9236203
Obj_Plant_CypressLow_A_02
-0.05500194
-0.3933035
0.2822782
-450.3008
278.6888
-1981.984
0.962402
EnvSeEmitPointBirdTemperate
0.6871338
-0.6113281
-0.8621826
-764.4219
235.7031
-1363.922
1.0
Obj_TreeConiferous_A_01
0
1.75676
0
-424.7238
316.4139
-1708.043
1.041456
Obj_Plant_HopBush_A_01
0.06432917
0.7025874
-0.04061621
-400.1641
306.0669
-1812.402
1.0
Obj_Plant_CypressLow_A_01
0.2562453
-0.5357825
-0.1723145
-936.8438
223.9696
-1934.141
0.982422
Obj_TreeConiferous_A_01
0
1.345293
0
-557.205
291.6355
-1716.719
1.053616
EnvSeEmitPointBirdTemperate
-3.02771
-0.3314209
-2.860107
-451.1641
292.1055
-1902.637
1.0
FldObj_RockGashamahi_A_03
0
0
0
-507.0561
248.5478
-1534.083
1.0
Obj_Plant_CypressLow_A_02
0.4686399
-0.8777267
-0.3921129
-301.5806
251.7464
-1542.247
0.9
Obj_Plant_CypressLow_A_02
0.4398056
-0.8559363
-0.2712496
-327.1211
248.6356
-1528.941
1.004395
Obj_TreeConiferous_A_01
0
5.068568
0
-483.6626
271.6234
-1588.096
1.052659
Obj_TreeConiferous_A_01
0
5.236147
0
-386.0194
297.6882
-1644.12
1.008791
Obj_Plant_HopBush_A_02
0.4616186
-0.5487405
-0.1404662
-85.28979
245.617
-1538.41
0.95
Obj_Plant_HopBush_A_02
0.547749
-0.7737195
-0.3590272
-513.9844
246.0755
-1520.84
1.036133
EnvSeEmitPointBirdTemperate
2.821167
-0.1342773
3.049438
-148.2305
254.7695
-1539.664
1.0
Obj_Plant_HopBush_A_02
-0.145927
1.174628
-0.04960006
-879.9102
210.4056
-1662.258
1.04541
Obj_Plant_CypressLow_A_01
1.69665E-08
0.6274329
2.307928E-08
-912.1992
210.6092
-1440.736
1.062152
Obj_Plant_CypressLow_A_01
0.3911774
-1.118214
-0.465195
-527.293
259.5024
-1550.402
1.053711
EnvSeEmitPointBirdTemperate
2.718262
-1.343017
2.423218
-843.2383
227.4141
-1915.164
1.0
Obj_Plant_HopBush_A_02
0.4241208
-0.3252771
-0.02774688
-98.17578
233.6529
-1509.863
0.905762
Obj_Plant_CypressLow_A_01
3.068661
-0.333314
-3.101156
-927.8715
215.3916
-1874.601
1.062152
Obj_Plant_HopBush_A_01
0.1214846
0.8817686
0.1105868
-922.8281
215.3521
-1873.156
1.0
Obj_Plant_CypressLow_A_02
-0.3660721
1.198786
-0.1333476
-756.8605
238.653
-1484.384
0.9607204
FldObj_RockGashamahi_A_02
-0.0237486
-0.4018766
-0.6979332
-818.9973
210.2426
-1250.422
1.0
EnvSeEmitPointInsectTemperate
3.141479
-0.2276611
3.141479
-482.8242
311.8906
-1691.883
1.0
FldObj_RockYellowOcher_A_L_01
0.5163306
-1.028398
-0.6980638
-513.5204
116.264
-1254.019
1.0
FldObj_RockGashamahi_A_06
0
0
0
-416.808
280.3214
-2022.166
1.0
Obj_TreeConiferous_A_01
0
0.7435024
0
-310.6259
264.3627
-1566.531
1.018869
Obj_Plant_HopBush_A_01
9.102302E-08
0.1732691
2.82614E-07
-895.5508
216.7494
-1884.285
1.0
Obj_Plant_CypressLow_A_01
0
2.85008
0
-892.5808
216.6829
-1881.203
1.062152
Obj_Plant_HopBush_A_01
-0.0995307
0.2230447
0.2511511
-806.7852
224.9155
-1516.652
1.0
Obj_Plant_HopBush_A_02
0.2324561
-0.2436993
-0.0226264
-692.223
226.2371
-1922.64
0.95
Obj_Plant_CypressLow_A_02
0.3054726
-0.4703403
-0.1302662
-565.5469
240.1608
-1501.234
0.907715
Obj_Plant_HopBush_A_02
0.4394187
-0.1581987
0.01270835
-440.2382
261.045
-1566.038
0.98
Obj_TreeConiferous_A_01
0
5.399006
0
-642.7813
249.0655
-1786.45
1.093166
FldObj_WagonBroken_A_01
0
0.6600001
0
-684.4673
188.885
-1314.612
1.0
Obj_Plant_CypressLow_A_01
0.442569
-0.8299949
-0.3723121
-301.4447
250.765
-1538.974
1.0
Obj_TreeConiferous_A_01
0
5.452859
0
-675.7875
262.2899
-1527.914
1.034323
Obj_Plant_CypressLow_A_02
0.2640671
0.2480302
-0.1046311
-320.1192
293.0957
-1695.579
0.9607204
Obj_TreeConiferous_A_01
0
5.650057
0
-491.7622
259.4494
-1558.665
1.034162
Obj_Plant_HopBush_A_02
0.03247764
-0.06928363
0.317994
-700.0245
249.2409
-1620.788
0.9800001
EnvSeEmitPointInsectTemperate
0.5906982
0.7499999
0.5491943
-387.0078
203.6211
-1420.52
1.0
EnvSeEmitPointBirdTemperate
-0.1828613
1.120727
-0.4093017
-392.4141
317.8047
-1722.289
1.0
Obj_Plant_HopBush_A_01
-0.2505908
-0.1870095
0.3355543
-619.2755
262.8628
-1749.574
0.9
Obj_TreeConiferous_A_01
0
3.013434
0
-740.8585
211.6396
-1349.628
1.000232
Obj_Plant_CypressLow_A_01
-0.1177629
-0.8695518
0.3871261
-640.6779
268.1946
-1653.782
1.0
Obj_Plant_CypressLow_A_02
2.718374
-1.389655
-2.797062
-883.245
216.7175
-1884.076
0.9236203
Obj_Plant_CypressLow_A_01
-2.679831
0.8448579
-2.563222
-621.2706
269.6439
-1728.106
1.0
Obj_Plant_HopBush_A_01
1.204734
1.1956
1.151524
-510.3398
233.2964
-1486.23
1.0
Obj_TreeConiferous_A_01
0
3.539484
0
-541.2439
259.6594
-1549.946
1.07753
Obj_TreeConiferous_A_01
0
1.167093
0
-837.4164
217.3013
-1809.011
1.029765
Obj_TreeConiferous_A_01
0
2.042091
0
-413.5732
292.5723
-1637.239
1.051573
Obj_Plant_CypressLow_A_02
0.2541853
-0.1555419
0.06416995
-882.0069
203.5828
-1201.174
0.9607202
Obj_Plant_HopBush_A_01
2.413882
-1.526387
-2.280041
-885.582
214.6105
-1833.379
1.0
Obj_Plant_HopBush_A_02
0.1542588
-0.3170431
-0.1697761
-398.1427
305.6583
-1809.192
0.95
FldObj_RockGashamahi_A_03
2.217113
-0.7585968
-2.049496
-400.3775
291.3126
-1636.816
1.0
Obj_TreeConiferous_A_01
0
5.131098
0
-418.3948
284.8001
-1618.193
1.070028
Obj_TreeConiferous_A_01
0
4.349988
0
-473.5292
315.0345
-1688.335
1.066335
Obj_Plant_CypressLow_A_01
0.7228118
-1.142875
-0.6539505
-874.3155
202.7212
-1196.755
1.0
EnvSeEmitPointBirdTemperate
0
0.7701416
0
-398.3555
293.1836
-1988.066
1.0
Item_Mushroom_N
0
-0.07910157
0
-574.9102
267.608
-1794.059
1.0
Obj_TreeConiferous_A_02
0
0.7325053
0
-843.8328
219.3808
-1915.185
1.091784
Obj_Plant_HopBush_A_01
0.4745656
0.3901499
0.2891617
-88.03513
246.4345
-1541.027
1.0
Obj_Plant_HopBush_A_01
-0.09829432
-0.05588655
0.2183744
-646.9989
237.8911
-1831.908
0.9
Obj_TreeConiferous_A_01
0
0.2114927
0
-712.5554
247.2058
-1659.984
1.051938
Obj_Plant_CypressLow_A_02
-0.7974975
1.037162
-0.3991696
-613.2787
270.5125
-1731.955
0.9607203
Obj_Plant_CypressLow_A_02
-0.1245869
0.2217847
0.2522708
-646.3619
266.1775
-1660.592
0.9607203
Obj_Plant_HopBush_A_02
0.0831863
-0.1454481
0.009276787
-922.099
214.9881
-1868.393
0.95
Obj_Plant_HopBush_A_02
8.538658E-08
0.5334473
2.755265E-08
-904.0045
210.5663
-1439.098
0.98
Obj_TreeConiferous_A_01
0
0.5160885
0
-410.1285
270.6187
-1589.691
1.091592
Obj_Plant_CypressLow_A_02
0.620352
-1.0773
-0.6132563
-309.2443
249.9033
-1534.748
0.9607203
Obj_Plant_HopBush_A_02
-1.365248
1.484462
-1.080975
-591.5986
282.1685
-1662.192
0.95
Obj_TreeConiferous_A_02
0
4.294265
0
-802.1328
198.6664
-1235.681
1.091616
Item_Mushroom_N
0
1.185181
0
-486.7773
299.6212
-1649.395
1.0
FldObj_RockGashamahi_A_04
0.3266722
0.01137118
-0.06897147
-523.7112
257.4474
-1548.325
1.0
Obj_TreeConiferous_A_01
0
1.481884
0
-567.4064
262.3042
-1814.806
1.02024
Obj_Plant_CypressLow_A_01
0
-1.265503
0
-914.4531
209.4738
-1650.844
0.950684
Obj_Plant_HopBush_A_02
-0.326023
-0.5658097
0.4954079
-531.6447
270.1079
-1840.042
0.95
Obj_Plant_HopBush_A_01
-0.06627926
-0.9377588
0.2969942
-580.4531
285.4569
-1712.68
1.040039
Obj_Plant_CypressLow_A_02
-0.3056427
0.960013
0.004726973
-454.2422
286.1685
-1872.48
1.071289
EnvSeEmitPointBirdTemperate
3.141479
-1.404175
3.141479
-844.4414
224.5781
-1819.543
1.0
EnvSeEmitPointBirdTemperate
0
0.105957
0
-947.3633
217.0469
-1715.574
1.0
Obj_Plant_CypressLow_A_01
0.2605768
-0.2801875
-0.1269467
-301.7714
246.3944
-1523.557
0.9
Obj_TreeConiferous_A_01
0
0.2261809
0
-474.7811
240.0382
-1513.249
1.024648
Obj_Plant_CypressLow_A_02
0.01861261
-0.6264708
0.3372363
-596.4688
282.1576
-1643.383
1.094238
Obj_TreeConiferous_A_01
0
2.565624
0
-573.6759
267.9337
-1793.965
1.041875
Obj_Plant_HopBush_A_02
0.6843562
1.107045
0.6072081
-314.7656
246.7352
-1522.535
0.975586
Obj_Plant_CypressLow_A_01
-0.006644252
-0.9250268
-0.1112481
-960.618
214.403
-1415.725
1.062152
EnvSeEmitPointInsectTemperate
0
1.182007
0
-714.7773
245.6094
-1699.906
1.0
Obj_TreeConiferous_A_01
0
0.1647803
0
-21.99982
240.6872
-1534
1.009258
Obj_TreeConiferous_A_01
0
4.858804
0
-754.6276
216.9654
-1896.25
1.068593
Obj_Plant_HopBush_A_01
0.09333717
0.4408833
0.07020334
-891.7422
214.3843
-1847.281
1.063965
Obj_Plant_HopBush_A_02
0.4777764
0.9473174
0.3916523
-518.7734
299.0467
-1656.633
0.939453
FldObj_RockGashamahi_A_07
0.3676561
0.03338471
-0.1790945
-553.3411
243.9943
-1518.353
1.0
Obj_Plant_CypressLow_A_01
0.162614
0.0728973
0.1108117
-890.2623
201.1567
-1194.207
1.0
Obj_Plant_CypressLow_A_01
-0.01952613
1.077562
0.4033986
-655.8552
263.0163
-1651.055
0.9
Obj_TreeConiferous_A_01
0
4.034865
0
-641.9208
209.1156
-1397.941
1.002722
EnvSeEmitPointInsectTemperate
2.792969
-0.4588623
-1.406494
-437.293
242.6641
-1500.227
1.0
Obj_Plant_CypressLow_A_01
-0.352955
0.2784661
0.1733106
-620.2106
264.3787
-1743.49
0.9
Obj_Plant_HopBush_A_01
-0.2592926
0.831131
0.003646686
-639.2873
238.0621
-1841.733
0.89
Obj_Plant_HopBush_A_02
-0.3939337
-0.3896774
0.3204802
-494.5898
288.3455
-1816.523
0.884766
Obj_TreeGhost_A_01
0
-2.38
0
-14.01782
279.8265
-1992.427
1.0
EnvSeEmitPointBirdTemperate
-0.5582275
-1.382202
0.9431152
-679.5117
267.2852
-1575.617
1.0
Item_Mushroom_L
0
-0.2811279
0
-314.7539
269.6036
-1575.508
1.0
Obj_Plant_HopBush_A_02
0
-1.050415
0
-950.0156
215.5638
-1362.473
0.884766
Obj_Plant_CypressLow_A_01
-0.4850025
0.8680716
-0.1724404
-496.7617
289.2917
-1811.844
1.018066
Obj_Plant_CypressLow_A_01
-0.4975907
0.8741439
-0.08908051
-614.3644
266.3214
-1742.703
1.0
Obj_Plant_CypressLow_A_02
-0.08288047
0.4216096
-0.1544405
-404.351
306.5221
-1810.795
1.040755
FldObj_CliffWhiteBroken_A_01
1.482559
-0.2925861
2.80529
-169.6786
111.4002
-1375.522
1.0
Obj_TreeGhost_A_01
0
-2.98
0
-34.32248
280.0105
-1958.314
1.0
Obj_Plant_HopBush_A_02
-0.1569213
0.6363893
0.3308301
-558.5198
258.1281
-1851.615
0.98
Obj_Plant_CypressLow_A_01
0.09265568
0.4189188
0.3918943
-656.5199
262.91
-1656.916
1.0
Obj_Plant_HopBush_A_02
0.3361862
-0.02607793
0.2085771
-550.723
260.4725
-2009.138
0.95
Obj_Plant_CypressLow_A_02
1.169578
1.196531
1.171599
-515.6167
233.3915
-1486.474
0.9236204
Obj_Plant_HopBush_A_02
-0.2105234
0.4753674
-0.02393231
-415.8419
284.8494
-1986.104
0.95
Obj_Plant_CypressLow_A_02
-0.2415057
0.8328219
0.02461206
-639.274
239.389
-1833.637
0.9
Obj_TreeConiferous_A_01
0
2.823464
0
-604.9048
278.8785
-1674.468
1.079235
Obj_Plant_CypressLow_A_01
0.1697496
0.7144873
0.1157179
-887.6083
200.4942
-1188.939
0.8999999
FldObj_RockGashamahi_A_02
1.80658
1.097776
2.061799
-604.3486
221.2624
-1447.903
1.0
Obj_Plant_HopBush_A_02
0.06876747
-0.3126522
0.3975466
-316.9102
301.5977
-1726.473
0.983398
Obj_TreeConiferous_A_01
0
5.827473
0
-846.8648
216.5956
-1797.282
1.010244
Obj_TreeConiferous_A_01
0
3.874202
0
-236.1996
268.6924
-1574.674
1.033021
Obj_TreeConiferous_A_02
0
1.159646
0
-808.4097
218.4168
-1898.116
1.028956
Obj_Plant_CypressLow_A_02
0
-0.2229004
0
-809.6602
217.7645
-1837.047
1.02832
Obj_TreeConiferous_A_01
0
3.031579
0
-224.8834
275.55
-1603.565
1.015332
TBox_Field_Iron
-0.1320813
0.04655264
0.3369206
-979.598
208.7383
-1809.343
1.0
Obj_TreeConiferous_A_01
0
3.787406
0
-565.0211
290.1422
-1678.794
1.075891
Obj_Plant_CypressLow_A_02
0.8926398
1.1374
0.65846
-520.8477
258.9244
-1553.531
1.063477
EnvSeEmitPointInsectTemperate
1.132324
-1.148315
-1.067871
-552.4648
215.3477
-1436.578
1.0
Obj_Plant_CypressLow_A_01
0.4207387
-0.8840843
-0.3922546
-307.6484
246.8181
-1524.064
1.0
Obj_Plant_HopBush_A_02
-0.2535633
-0.6023865
0.4448534
-548.2229
259.0957
-1864.886
0.95
Obj_Plant_CypressLow_A_02
-2.855789
0.4762683
-2.671559
-529.4211
272.4164
-1834.028
1.040755
Obj_Plant_CypressLow_A_02
0.7919929
1.103966
0.5634117
-505.212
232.9324
-1486.947
0.9607203
Obj_Plant_HopBush_A_01
-0.02296279
0.766646
0.2110584
-578.1133
285.9679
-1714.723
0.871582
Obj_TreeStump_Coniferous_A_01
0
0
0
-697.6118
188.8831
-1292.968
1.0
Obj_Plant_HopBush_A_02
-0.2511318
0.3655642
0.3380061
-357.8513
303.2275
-1834.134
0.95
Obj_Plant_CypressLow_A_02
-0.775979
-1.473222
1.056322
-683.2419
257.4511
-1582.039
1.040755
Item_Mushroom_N
3.141479
0.2949218
3.141479
-399.7227
299.0128
-1648.207
1.0
Obj_TreeConiferous_A_01
0
1.544157
0
-717.3641
188.6902
-1294.427
1.011519
Obj_Plant_CypressLow_A_01
-0.3627683
-1.356176
0.7293566
-697.0315
250.332
-1615.755
1.0
Obj_Plant_CypressLow_A_01
0.289598
-1.11194
-0.2541661
-902.2734
218.8002
-1911.426
0.901855
Obj_Plant_HopBush_A_02
-0.09162417
0.4458079
0.2433175
-640.8934
267.7985
-1659.633
0.98
Obj_Plant_CypressLow_A_01
-0.2721032
0.6382281
0.2077126
-553.1129
256.857
-1866.526
1.0
Obj_Plant_HopBush_A_02
0.3806233
-0.6732323
-0.3076161
-305.6946
248.675
-1531.284
0.95
Obj_Plant_HopBush_A_02
-0.4539075
0.8846048
-0.02702465
-615.5439
271.5623
-1726.886
0.98
EnvSeEmitPointBirdTemperate
2.836914
-0.05236817
-3.101196
-363.9766
262.2148
-1551.617
1.0
Obj_Plant_HopBush_A_01
-0.08789805
0.6408423
-0.1220052
-949.2031
212.6592
-1433.074
0.855957
Obj_Plant_CypressLow_A_02
3.280874E-08
0.3041047
6.573973E-08
-909.3533
210.5659
-1440.586
0.9607203
FldObj_RockYellowOcher_A_M_02
0.9690219
0.8732811
0.4006077
-572.2958
148.7862
-1288.854
1.0
Obj_Plant_CypressLow_A_01
-0.05794582
-1.47413
0.4475681
-436.7987
260.134
-1561.299
1.0
Obj_Plant_CypressLow_A_02
0.09308738
-0.5950246
-0.04680328
-930.2775
215.481
-1876.09
0.9607203
Obj_Plant_HopBush_A_02
0.440984
-0.8823683
-0.3857394
-307.223
251.2462
-1539.919
0.98
Obj_Plant_CypressLow_A_01
0.4810007
0.5878172
0.2582871
-100.082
232.6642
-1507.711
1.092773
Obj_Plant_CypressLow_A_01
-0.2304363
-1.164855
0.6499054
-678.1953
259.8247
-1576.36
1.062152
FldObj_RockYellowOcher_A_L_02
1.041242
0.9963821
1.107436
-231.0222
204.2601
-1359.321
1.0
Obj_Plant_HopBush_A_02
0.03943998
-0.427723
0.2653827
-655.568
263.5131
-1662.165
0.95
FldObj_RockGashamahi_A_02
0.8064811
-0.959638
-0.8940397
-651.4087
208.4157
-1392.62
1.0
Obj_TreeGhost_A_01
0
0.6784068
0
-29.52271
279.8083
-1920.227
1.0
Obj_Plant_HopBush_A_02
3.903695E-07
-1.103562
4.052469E-08
-881.3028
216.0919
-1874.578
0.95
Obj_TreeConiferous_A_01
0
4.626886
0
-957.5789
207.7141
-1724.981
1.015079
Obj_Plant_HopBush_A_02
-0.06635365
0.7665129
0.07787658
-873.6758
211.2711
-1659.457
0.856445
Obj_TreeGhost_A_01
0
-3.14
0
-17.47864
279.7975
-1895.236
1.0
Obj_TreeConiferous_A_01
0
5.498542
0
-238.4259
255.0809
-1535.659
1.010083
Obj_Plant_HopBush_A_02
0
0.6520995
0
-793.7266
218.3003
-1804.02
0.939941
Obj_Plant_HopBush_A_02
0.581259
-1.299876
-0.5315275
-871.0978
204.7076
-1204.949
0.95
Item_Plant_B
0
-0.7248535
0
-661.7852
208.0757
-1382.992
1.0
Obj_Plant_CypressLow_A_02
0.273612
1.397799
0.4032942
-882.2148
214.1999
-1789.711
1.006348
Obj_TreeGhost_A_01
0
0.5231851
0
-41.72681
279.9774
-1984.274
1.0
Obj_TreeConiferous_A_01
0
5.076256
0
-830.8442
217.4874
-1248.495
1.008275
Obj_Plant_CypressLow_A_01
2.51787E-08
-0.7865528
1.244398E-07
-904.3612
210.6348
-1433.253
1.0
Obj_TreeConiferous_A_01
0
4.475928
0
-706.8719
245.1576
-1450.315
1.041083
Item_Mushroom_L
3.141479
0.6312256
3.141479
-483.6367
311.6735
-1692.609
1.0
Obj_Plant_CypressLow_A_02
0.4695722
-0.3545046
-0.1353379
-445.3135
259.6558
-1563.787
0.9607203
FldObj_RockGashamahi_A_03
0
-1.1
0
-514.2903
294.0372
-1635.376
1.0
Obj_Plant_CypressLow_A_02
0.05351191
-0.2997686
0.2464274
-705.2841
247.546
-1619.009
0.9607203
Item_Mushroom_J
3.141479
-1.165893
3.141479
-95.01953
240.6046
-1524.398
1.0
FldObj_RockGashamahi_A_07
0.3676561
0.03338471
-0.1790945
-718.5045
231.9252
-1414.335
1.0
Obj_Plant_CypressLow_A_02
2.969276
-0.6116193
-3.025141
-909.8617
218.8297
-1912.362
1.040755
Obj_TreeGhost_A_01
0
1.898407
0
-39.96216
279.5498
-1873.313
1.0
Obj_Plant_CypressLow_A_01
-0.2096895
0.01178359
0.345009
-558.5295
254.1991
-1868.862
0.9
EnvSeEmitPointInsectTemperate
1.063721
1.129883
0.9943847
-377.9258
252.6563
-1548.957
1.0
Obj_Plant_HopBush_A_02
0.06385535
-0.5749734
0.2360619
-516.1914
298.312
-1649.047
1.077148
Obj_Plant_CypressLow_A_02
0.1614055
1.037874
0.08191266
-914.0413
213.0119
-1472.205
0.9607203
Obj_Plant_CypressLow_A_02
0
-1.328003
0
-878.543
213.2212
-1575.199
1.004395
Obj_TreeConiferous_A_01
0
3.128927
0
-488.9673
229.0807
-1481.704
1.040459
Obj_Plant_HopBush_A_02
0.2124955
0.0789596
0.02774451
-876.5447
204.1045
-1202.169
0.98
Item_Mushroom_N
3.141479
-0.4226074
3.141479
-401.3867
312.6495
-1694.41
1.0
EnvSeEmitPointInsectTemperate
0.6871338
-0.6113281
-0.8621826
-764.4219
227.6875
-1363.922
1.0
Obj_Plant_HopBush_A_01
-1.028173
-1.344843
1.411671
-473.293
272.9406
-1910.031
1.0
Obj_Plant_CypressLow_A_02
-0.2451758
0.8557447
0.1386347
-554.97
258.8671
-1855.885
0.9607203
Obj_TreeConiferous_A_01
0
6.048132
0
-487.7131
300.1482
-1650.24
1.089037
Obj_TreeConiferous_A_01
0
1.575904
0
-317.6801
288.6736
-1675.863
1.010489
Obj_Plant_CypressLow_A_01
-0.09650395
0.5880271
0.2980724
-709.0458
246.4487
-1606.089
0.9
Obj_Plant_CypressLow_A_01
-0.2052888
0.3421593
0.1241673
-647.8124
235.9919
-1843.592
1.062152
Obj_Plant_CypressLow_A_01
0.6803662
0.8867003
0.5603066
-525.9336
245.6035
-1519.953
0.916504
Obj_Plant_HopBush_A_01
-0.1628294
0.2329557
0.1911968
-652.3008
235.3364
-1842.266
1.0
Obj_TreeConiferous_A_01
0
4.197319
0
-975.0485
212.6882
-1641.855
1.020198
Obj_Plant_HopBush_A_02
0.2490085
1.523055
0.3835283
-881.4127
214.3817
-1791.671
0.95
Item_Mushroom_F
0
0.9843749
0
-748.8672
206.1476
-1337.949
1.0
EnvSeEmitPointBirdTemperate
-2.910889
-0.05419921
-2.808838
-532.3359
274.0625
-1854.633
1.0
Obj_TreeConiferous_A_02
0
5.561207
0
-448.1808
232.0781
-1498.739
1.044821
Item_Mushroom_L
3.141479
-0.3790283
3.141479
-323.582
299.7445
-1748.082
1.0
Obj_TreeConiferous_A_01
0
2.119216
0
-571.1862
272.7802
-1782.034
1.058456
Obj_TreeConiferous_A_01
0
3.376175
0
-693.4445
190.7447
-1328.279
1.057557
Obj_TreeConiferous_A_01
0
2.663528
0
-786.3879
217.8865
-1898.319
1.086578
Obj_Plant_HopBush_A_01
1.342459
1.401332
1.501509
-533.1484
297.8426
-1657.938
1.055664
Obj_Plant_HopBush_A_01
0.008844917
1.056123
-0.09848982
-959.7366
214.35
-1407.044
0.8899999
Item_Mushroom_L
0
-1.248047
0
-479.625
243.8328
-1522.121
1.0
Obj_Plant_CypressLow_A_01
0.4354162
0.4395191
0.2266891
-447.8815
253.826
-1550.578
0.8999999
Obj_TreeConiferous_A_01
0
1.811789
0
-833.8918
218.3776
-1898.926
1.024947
Obj_TreeStump_Coniferous_A_01
0
0
0
-425.9943
316.0889
-1736.099
1.0
Obj_Plant_CypressLow_A_02
0.3393301
-0.4145204
-0.009362491
-553.7518
258.7076
-2005.635
0.9607203
Obj_Plant_HopBush_A_01
0
-1.172851
0
-799.9688
218.0542
-1805.277
1.069824
Obj_Plant_CypressLow_A_02
9.218501E-08
1.201504
2.027437E-07
-886.8627
216.0479
-1871.385
1.040755
Obj_TreeConiferous_A_01
0
5.485396
0
-381.1736
261.0251
-1571.453
1.067407
Obj_Plant_CypressLow_A_01
0.0001203994
0.5334498
-0.04918394
-919.8216
210.8815
-1437.919
1.0
EnvSeEmitPointBirdTemperate
0.9650878
-0.3287354
1.13501
-99.04688
255.0781
-1542.816
1.0
FldObj_RockYellowOcher_A_L_02
-0.02996056
-0.2281614
-0.1553804
-159.9942
214.139
-1448.365
1.0
Obj_Plant_CypressLow_A_01
0.6898871
-1.327022
-0.5816519
-845.125
218.8517
-1912.598
0.935547
Obj_Plant_CypressLow_A_02
0.02895437
1.056332
-0.05941505
-967.4277
215.2176
-1404.516
0.9
Obj_Plant_CypressLow_A_02
-0.1501941
0.8400207
0.2638361
-559.5988
280.8455
-1759.396
0.9236203
Obj_Plant_CypressLow_A_01
0.4168383
-0.1360279
-0.09249019
-451.6996
255.5524
-1555.074
1.0
FldObj_RockGashamahi_A_03
0.7795848
1.021515
0.5942994
-715.978
236.8454
-1430.26
1.0
Obj_Plant_CypressLow_A_01
-0.1473921
1.167877
-0.1930781
-919.7323
211.1217
-1432.021
0.8999999
Obj_Plant_CypressLow_A_02
0.554511
0.8562796
0.5517119
-456.5581
290.9142
-1635.116
1.040755
Obj_Plant_HopBush_A_01
0.08748125
-0.1086007
-0.05706565
-889.7941
216.3149
-1874.173
0.9
Obj_Plant_HopBush_A_02
0.004918525
-0.4497749
0.4105039
-459.8633
275.5332
-1988.199
0.951172
Obj_Plant_HopBush_A_02
0.9685381
-1.236745
-0.9908338
-936.8984
222.8487
-1929.777
0.911133
Obj_Plant_HopBush_A_01
0
0.5202636
0
-433.0586
316.6558
-1689.684
0.993652
Obj_TreeConiferous_A_01
0
5.338442
0
-369.5606
248.8459
-1535.633
1.007161
Obj_Plant_HopBush_A_01
0.09611401
-1.293377
0.03900646
-877.5508
214.8682
-1791.102
1.008301
FldObj_RockGashamahi_A_02
2.885241
-1.06352
-2.650244
-599.3896
214.9402
-1426.03
1.0
EnvSeEmitPointBirdTemperate
2.495605
-0.2518311
-1.787598
-435.7539
326.1758
-1762.457
1.0
Obj_Plant_HopBush_A_01
-0.06546526
-0.3988867
0.3052692
-645.7695
266.3898
-1660.227
1.0
Obj_Plant_HopBush_A_01
-0.369842
-0.4366089
0.4519038
-617.2188
266.9821
-1738.121
1.0
Obj_Plant_CypressLow_A_01
0.1265657
-0.1964645
-0.01878461
-897.3672
218.7171
-1910.645
1.001953
Obj_Plant_CypressLow_A_01
-0.226237
0.6401525
0.2096785
-556.1583
281.179
-1768.537
1.062152
Obj_Plant_HopBush_A_02
0.134961
0.5180541
0.06549966
-916.2618
218.8781
-1912.749
0.95
EnvSeEmitPointBirdTemperate
0
-0.6818848
0
-474.7344
247.7539
-1511.441
1.0
Obj_Plant_CypressLow_A_02
0.2083427
-0.8043583
-0.0669691
-849.8516
218.2938
-1911.746
0.979004
Obj_Plant_CypressLow_A_01
0.3923812
0.6261362
0.08350313
-463.8398
291.8533
-1637.283
1.062152
Obj_TreeConiferous_A_01
0
2.054102
0
-608.7076
215.7205
-1427.851
1.056616
EnvSeEmitPointInsectTemperate
1.221436
-1.262085
-1.182007
-705.5078
244.9805
-1449.676
1.0
Obj_TreeGhost_A_01
0
-2.396815
0
-59.31168
279.6547
-1890.311
1.0
Obj_Plant_CypressLow_A_01
0.6667795
-0.9596719
-0.5903357
-432.2031
245.3733
-1531.215
0.942383
Obj_Plant_CypressLow_A_01
-2.84776
1.164816
-2.424608
-563.7045
255.2398
-1854.336
1.0
Obj_Plant_CypressLow_A_01
-0.02740519
-0.0590319
0.3654634
-712.438
244.867
-1610.915
1.0
Obj_Plant_CypressLow_A_02
0.2850885
-1.292485
-0.269484
-928.3203
215.9001
-1881.598
0.883789
Item_Mushroom_L
3.141479
-0.5367432
3.141479
-327.4141
261.7513
-1570.078
1.0
Obj_Plant_CypressLow_A_02
0.05320793
-0.3401812
-0.009778918
-895.5104
217.0692
-1890.6
0.9607203
Obj_Plant_HopBush_A_01
0
0.4025879
0
-803.918
218.0222
-1803.203
1.092773
Obj_Plant_HopBush_A_01
0.6934536
0.9683979
0.3472336
-261.6094
274.3018
-1593.773
0.943848
Obj_Plant_CypressLow_A_02
-0.1744188
0.731362
0.1056463
-804.3268
226.1081
-1512.095
0.9607203
Obj_TreeConiferous_A_01
0
5.948534
0
-538.6685
251.9706
-1535.305
1.088446
Obj_TreeConiferousDead_A_02
0
0
0
-343.0227
300.7254
-1746.873
1.0
Obj_Plant_HopBush_A_01
-0.8212734
1.369085
-0.6467478
-761.9922
237.7512
-1483.695
1.0
Obj_TreeConiferous_A_01
0
2.481817
0
-208.3637
243.1738
-1510.675
1.013037
Obj_Plant_HopBush_A_01
0.0927966
0.5988304
0.0744549
-912.7726
215.9475
-1878.376
0.89
TreasureSpot_00
0
0.6600001
0
-689.7496
189.8928
-1317.961
1.0
Obj_Plant_HopBush_A_01
-0.08733431
-0.5065711
0.1411114
-924.3633
215.097
-1375.555
0.962891
Obj_Plant_CypressLow_A_02
-0.08892001
0.3192134
0.3405243
-560.446
280.2128
-1762.266
1.040755
Obj_Plant_HopBush_A_02
-0.01438301
0.02135227
0.1511146
-487.0547
311.5548
-1682.539
0.888672
Obj_TreeConiferous_A_01
0
-2.270964
0
-673.6554
257.6438
-1638.429
1.089468
Obj_TreeConiferous_A_02
0
3.979189
0
-435.2283
318.1199
-1762.769
1.09862
Obj_TreeConiferous_A_01
0
2.058328
0
-632.5551
233.8537
-1462.564
1.077064
FldObj_RockGashamahi_A_03
0
0
0
-593.894
215.826
-1437.134
1.0
Obj_Plant_HopBush_A_01
0.1094441
0.7530999
-0.1216763
-322.4375
292.3225
-1690.949
1.0
EnvSeEmitPointInsectTemperate
1.019287
-1.108154
-1.150879
-416.9922
285.1758
-1619.727
1.0
Obj_Plant_CypressLow_A_02
0.4197364
-0.3706335
-0.2080064
-525.0234
247.0584
-1523.57
0.897949
Area
0
0
0
-857.3287
224.8721
-1365.757
100
Obj_Plant_CypressLow_A_01
0.2381317
0.9072627
0.2579987
-880.9706
204.4583
-1204.708
1.062152
Obj_Plant_CypressLow_A_02
-0.01285373
0.005753293
0.248125
-470.4688
316.0829
-1700.254
0.877441
Obj_Plant_HopBush_A_01
0.2579776
0.3438117
0.1840715
-883.2578
201.8472
-1194.984
1.0
Obj_Plant_CypressLow_A_02
0.2776387
0.4762306
0.1959681
-681.3145
227.7106
-1925.86
0.9
Obj_Plant_CypressLow_A_02
-0.02479769
-1.087134
0.1991292
-890.5952
213.8048
-1832.084
0.9607203
Obj_Plant_HopBush_A_01
-0.1415214
0.7951402
0.01669332
-583.3896
287.4005
-1651.272
0.89
Obj_Plant_CypressLow_A_01
1.118511
1.153444
1.133999
-524.6133
243.5235
-1514.547
0.944336
Obj_TreeConiferous_A_01
0
4.877623
0
-218.6226
247.7378
-1518.24
1.022562
TBox_Field_Iron
-0.00110763
-0.0008361391
-0.0004939336
-415.2639
104.6099
-1193.445
1.0
Obj_Plant_HopBush_A_01
0.2632165
0.4771528
0.1990062
-683.9529
229.4744
-1933.514
0.89
Obj_Plant_CypressLow_A_01
0.3177012
-0.2374572
-0.2131726
-506.3429
233.9821
-1489.541
1.062152
Obj_TreeConiferous_A_01
0
0.5973179
0
-552.1705
215.9974
-1438.097
1.0329
EnvSeEmitPointInsectTemperate
0
-1.487182
0
-558.7695
288.7383
-1635.66
1.0
FldObj_CliffGashamahi_A_02
1.806348
1.168615
2.957913
-420.4731
312.2707
-1781.901
1.0
Obj_Plant_CypressLow_A_02
-0.03195196
0.7975969
0.2918247
-591.4729
283.7838
-1650.819
0.9
Obj_Plant_CypressLow_A_01
0.879859
1.4896
0.8368831
-889.0875
216.5708
-1878.649
1.062152
Obj_Plant_HopBush_A_01
-0.1812828
0.6317377
0.2243511
-567.9089
251.7264
-1867.508
0.9
Obj_Plant_HopBush_A_01
-0.4061823
0.6082942
0.02421088
-617.6797
267.4359
-1736.484
1.0
FldObj_RockGashamahi_A_06
1.208676
-0.9756934
-1.258403
-843.7402
212.2096
-1232.276
1.0
Obj_Plant_HopBush_A_01
0.3105612
1.514726
0.4159861
-886.0547
213.7775
-1788.598
1.027344
Obj_Plant_HopBush_A_01
0.0002375632
0.7199954
0.2963583
-649.6797
265.3112
-1655.219
1.0
Obj_Plant_CypressLow_A_01
3.099299
0.01669858
-2.772255
-661.3781
260.7925
-1654.179
1.062152
Obj_Plant_CypressLow_A_02
0.4191913
-0.0639918
0.02210409
-87.15698
248.8272
-1546.13
0.9607203
Obj_TreeConiferous_A_01
0
3.527203
0
-322.6924
254.4885
-1552.073
1.06847
Obj_TreeConiferous_A_01
0
5.539695
0
-518.4553
298.109
-1651.904
1.004062
Obj_Plant_CypressLow_A_02
0
1.528686
0
-805.1289
218.3992
-1792.246
1.080078
Obj_Plant_HopBush_A_01
0.3468999
-0.6147674
-0.2607327
-304.6328
248.3615
-1530.434
1.0
Obj_TreeConiferous_A_02
0
3.866507
0
-940.3197
210.5778
-1649.052
1.005297
Obj_Plant_CypressLow_A_01
2.836186
0.2831062
2.993633
-313.5824
247.4748
-1525.341
1.062152
Obj_Plant_HopBush_A_01
0.5479959
-0.7359229
-0.3764617
-510.7734
242.1054
-1509.449
1.015625
FldObj_RockGashamahi_A_02
2.023462
-1.13933
-2.561436
-539.114
255.5444
-1543.51
1.0
FldObj_RockGashamahi_A_04
0
0
0
-396.1853
281.623
-1613.006
1.0
Obj_Plant_HopBush_A_02
0.02269864
-0.6044103
0.1347473
-619.8438
277.4565
-1603.703
0.875
Obj_Plant_CypressLow_A_02
1.021587E-07
-0.0702564
2.079073E-08
-884.0914
216.0454
-1870.256
0.9236204
Obj_Plant_CypressLow_A_02
0.3902455
0.2296117
0.3130967
-318.3398
269.3707
-1576.133
0.888672
Obj_Plant_CypressLow_A_02
-0.3391312
0.5299403
0.1184677
-518.1133
271.3337
-1850.34
1.055664
Obj_TreeConiferous_A_01
0
1.979886
0
-837.8718
212.2806
-1231.669
1.067137
Obj_Plant_CypressLow_A_01
0.3704092
-1.421239
-0.3606083
-887.114
217.0526
-1887.738
1.0
FldObj_RockGashamahi_A_02
0.07704893
-0.02593279
0.2556078
-812.7993
235.9481
-1341.036
1.0
FldObj_CliffGashamahi_A_02
1.595107
-0.7467649
-3.065467
-762.2136
239.2339
-1444.326
1.0
Obj_ArrowNormal_A_01
-2.761592
1.140001
-3.141592
-802.1125
222.4828
-1892.259
1.0
Obj_TreeConiferous_A_01
0
3.100495
0
-220.4142
266.661
-1570.118
1.062622
Obj_Plant_CypressLow_A_02
0.07945132
0.5989606
0.08300172
-910.9208
215.4875
-1870.495
0.9
Obj_Plant_CypressLow_A_02
0.396025
-0.5527196
-0.2011862
-513.9161
234.3195
-1488.937
1.040755
Obj_TreeConiferousDead_A_01
0
-1.205606
0
-338.1099
300.1006
-1741.579
1.15
Item_Mushroom_D
1.290283
-0.177124
-0.189209
-1010.754
175.0859
-1123.016
1.0
Obj_Plant_CypressLow_A_01
-0.2629675
0.1354255
0.3488803
-352.8495
303.5116
-1842.65
1.062152
Obj_TreeConiferous_A_02
0
1.307714
0
-666.6689
230.1593
-1434.297
1.003055
Obj_TreeConiferous_A_01
0
1.716173
0
-455.5027
292.6387
-1639.265
1.000806
Obj_TreeConiferous_A_01
0
4.186718
0
-731.7532
240.6499
-1583.976
1.041792
Obj_Plant_HopBush_A_01
0.5467862
-0.1420836
-0.04799291
-438.8752
251.6995
-1547.629
0.9
EnvSeEmitPointBirdTemperate
0.8500976
1.036133
0.8023681
-399.9883
304.9063
-1641.152
1.0
Obj_Plant_CypressLow_A_01
-0.05176524
-0.2295066
0.0817627
-825.7422
218.6693
-1756.336
0.957031
Obj_Plant_HopBush_A_01
0.3544103
-0.7103745
-0.2000235
-561.3136
256.4561
-2000.508
0.89
Obj_ArrowNormal_A_01
-2.793905
-0.3044592
-3.106908
-785.9
229.2
-1599.5
1.0
EnvSeEmitPointInsectTemperate
2.359863
-0.6624756
-2.891113
-837.5898
213.3438
-1233.441
1.0
Obj_Plant_HopBush_A_02
-0.1184642
-0.1827421
0.4062899
-554.4808
282.7798
-1759.914
0.95
Obj_Plant_CypressLow_A_01
0.071988
-0.1117692
0.01914596
-902.2761
216.4682
-1882.178
1.0
Obj_TreeConiferous_A_01
0
2.224495
0
-722.45
194.0338
-1325.353
1.013228
Obj_Plant_CypressLow_A_01
2.987617
-0.9299374
-3.009218
-911.9939
218.0144
-1905.07
1.062152
Obj_TreeConiferous_A_01
0
1.82687
0
-721.0613
239.1735
-1427.431
1.03192
Obj_Plant_CypressLow_A_01
0.01054256
-0.4771256
0.09360643
-912.1445
211.271
-1717.164
0.943359
Item_Mushroom_L
0
-0.2562256
0
-484.6367
271.578
-1588.379
1.0
Obj_TreeConiferous_A_01
0
1.684119
0
-403.4346
283.1668
-2002.023
1.077757
Item_Plant_A
0
-0.3846435
0
-445.8672
318.4941
-1758.605
1.0
Obj_Plant_HopBush_A_02
0
1.12439
0
-859.7617
216.6888
-1845.031
0.966309
Obj_Plant_HopBush_A_01
-0.8597392
-1.248657
1.155731
-561.8803
254.1551
-1864.542
0.8899999
Obj_Plant_HopBush_A_02
-0.453272
1.189553
-0.4179999
-404.3325
285.3367
-1987.276
0.98
Obj_TreeConiferous_A_01
0
0.8438569
0
-399.7339
298.7596
-1647.178
1.096635
Obj_TreeGhost_A_01
0
2.643185
0
2.73999
280.2488
-1999.751
1.0
Obj_TreeConiferous_A_01
0
4.374341
0
-815.153
217.9386
-1813.222
1.008299
Obj_Plant_HopBush_A_02
-0.362634
-0.1774033
0.284051
-624.9109
267.4153
-1731.996
0.98
Obj_Plant_HopBush_A_01
-0.08184316
-0.04957335
0.3513793
-700.3458
249.9425
-1602.332
0.9
Obj_TreeConiferous_A_01
0
3.184144
0
-326.2104
262.4325
-1570.311
1.078553
Obj_Plant_HopBush_A_02
-0.01675597
0.7716907
0.2363376
-611.1563
279.5532
-1622.566
0.93457
Obj_Plant_CypressLow_A_02
0.1975306
-0.5037758
-0.08808794
-911.5569
219.1758
-1914.828
0.9236203
FldObj_BankingFlat_A_02
1.732259
0.6776176
1.36785
-229.0551
192.9189
-1345.318
1.214398
Item_Mushroom_F
3.141479
1.230713
3.141479
-706.0664
245.298
-1450.586
1.0
Obj_Plant_CypressLow_A_01
-0.1364709
1.006415
0.1280777
-597.2656
282.5333
-1634.465
0.869141
FldObj_CliffWhiteLumpRock_A_02
-0.1939265
-0.3340662
0.2414175
-310.0652
254.3519
-1559.775
1.0
Obj_TreeConiferous_A_02
0
5.281144
0
-499.8174
232.1441
-1487.491
1.035607
Obj_TreeConiferous_A_01
0
1.913496
0
-556.1296
227.4403
-1464.274
1.002484
FldObj_RockGashamahi_A_03
0
0
0
-450.4219
241.0835
-1524.32
1.0
Obj_Plant_CypressLow_A_01
-0.06900145
-0.8340363
0.2603361
-769.5781
229.1266
-1598.852
0.981934
Obj_TreeGhost_A_01
0
0
0
-19.96509
280.5321
-1946.481
1.0
Obj_TreeConiferous_A_02
0
-0.225093
0
-422.0162
281.2348
-2010.781
1.020188
Obj_Plant_CypressLow_A_02
-0.04725884
-0.6963997
0.1284988
-790.5977
218.6722
-1799.387
0.887207
Obj_Plant_CypressLow_A_01
-0.4028085
0.8333584
-0.07788906
-510.2188
273.7066
-1849.789
0.984863
Obj_Plant_HopBush_A_01
0.5978187
-0.8005233
-0.5729591
-516.1133
260.1852
-1558.238
0.948242
FldObj_HyliaWoodRuinDebris_A_02
0
1.536194
0
-785.0734
224.7
-1600.558
1.0
Obj_Plant_HopBush_A_01
-0.6260051
-1.418154
0.7762384
-489.2539
311.2262
-1684.398
0.889648
Obj_Plant_CypressLow_A_02
-0.7402055
-1.293595
1.062809
-557.5564
254.0282
-1871.386
0.9
EnvSeEmitPointInsectTemperate
0.1052246
1.134277
-1.450195
-609.2734
241.8555
-1490.098
1.0
Obj_TreeConiferous_A_01
0
4.203203
0
-616.1216
242.3225
-1497.856
1.032753
Obj_Plant_HopBush_A_02
-0.1984323
-0.04681364
0.1989371
-646.725
234.6275
-1850.365
0.98
Obj_Plant_CypressLow_A_02
0.2703651
-0.7384387
0.01126724
-562.0827
258.511
-2008.567
0.9
Obj_Plant_CypressLow_A_01
0.3854772
0.4433055
0.2509253
-514.1797
242.9874
-1512.387
1.01416
Obj_Plant_HopBush_A_02
-0.1213916
0.09724233
0.2169584
-650.6373
236.8304
-1834.129
0.95
Obj_Plant_CypressLow_A_01
0.0535644
0.5272093
0.07372013
-898.6609
216.3255
-1877.517
0.8999999
Obj_Plant_HopBush_A_01
-0.05655469
0.5317425
-0.06993055
-914.6534
211.3184
-1424.02
0.9
Obj_TreeConiferous_A_01
0
6.171676
0
-711.0966
234.7362
-1420.597
1.027453
Obj_Plant_HopBush_A_01
-0.06647284
0.0424583
0.0581094
-820.125
219.0726
-1756.512
0.908203
Obj_TreeConiferous_A_01
0
4.732363
0
-468.8603
292.1038
-1636.515
1.055301
Item_Mushroom_L
0
1.434204
0
-376.8789
253.0682
-1550.328
1.0
Obj_Plant_HopBush_A_02
0
-0.4154052
0
-301.9063
288.4755
-1684.363
0.947754
Obj_Plant_CypressLow_A_01
1.315856
1.16836
1.025412
-723.5703
209.5304
-1354.5
1.000977
Item_Mushroom_L
3.141479
-0.3361816
3.141479
-441.6836
316.4058
-1738.395
1.0
Obj_TreeConiferous_A_01
0
1.637696
0
-910.3074
213.3967
-1592.052
1.064285
Obj_Plant_CypressLow_A_02
-0.08618982
-0.9295127
0.1393808
-583.1367
287.4908
-1650.652
1.095703
FldObj_RockGashamahi_A_03
0.7795848
1.021515
0.5942994
-550.5102
246.0172
-1526.653
1.0
Obj_Plant_CypressLow_A_01
-0.1391432
-0.04682129
0.2831048
-659.113
233.839
-1840.46
1.0
Obj_TreeConiferous_A_01
0
1.572474
0
-875.2466
215.1778
-1793.834
1.07198
FldObj_CliffWhiteLakeHylia_A_01
1.741459
0.2343261
-2.978474
-322.0619
281.4676
-1599.314
1.0
Obj_Plant_CypressLow_A_01
-0.4474184
-0.7657029
0.639025
-612.0305
266.8106
-1743.465
0.9
Obj_Plant_CypressLow_A_02
0.1955069
-1.175107
0.1424695
-666.1216
260.5893
-1666.407
0.9
Obj_Plant_CypressLow_A_01
-2.913792
0.1721784
-2.718748
-536.9544
269.8723
-1833.043
1.062152
Area
0
-2.359999
0
-760.7422
219.4634
-1837.602
150
Obj_Plant_CypressLow_A_01
-0.3107179
-1.153005
0.5331151
-581.9961
285.741
-1659.885
1.062152
Obj_TreeConiferous_A_01
0
1.138339
0
-123.2638
248.3314
-1544.781
1.033061
Obj_Plant_HopBush_A_01
0.463602
-1.020211
-0.2842926
-881.8403
206.0479
-1213.39
0.89
FldObj_RockGashamahi_A_01
-0.4618123
1.415481
-0.2094256
-728.5929
243.9455
-1678.911
1.0
Obj_Plant_CypressLow_A_02
0.03899809
0.7054932
-0.1144237
-403.1585
306.3642
-1808.051
0.9236203
Obj_TreeGhost_A_01
0
0.723186
0
-28.00708
279.9266
-1887.148
1.0
Obj_Plant_CypressLow_A_02
0.2871419
0.9959829
0.9470266
-346.9336
310.6878
-1830.945
0.9
GrassCutTag
0
0
0
-745.394
187.5121
-1281.452
1.0
Obj_TreeGhost_A_01
0
-1.88
0
-24.38885
279.9969
-1971.171
1.0
Obj_TreeConiferous_A_01
0
1.335255
0
-817.3557
218.0541
-1893.221
1.072828
Obj_Plant_HopBush_A_01
0.1781019
-1.104587
-0.1485394
-926.4688
215.7645
-1879.598
1.0
Obj_Plant_CypressLow_A_01
0.08745215
0.5565556
0.07108679
-921.4971
215.7544
-1878.25
1.062152
Obj_Plant_CypressLow_A_02
-1.821091
-1.321551
2.107523
-527.8464
272.2398
-1836.573
0.9236203
Obj_Plant_HopBush_A_01
1.367862E-07
0.8178005
3.32114E-08
-913.1797
210.6557
-1435.563
1.0
Obj_Plant_CypressLow_A_01
0.0681417
-0.04533732
0.005031135
-939.0547
216.3806
-1888.262
1.018066
Obj_TreeConiferous_A_01
0
5.625183
0
-503.7199
308.1436
-1709.283
1.070299
Obj_TreeConiferous_A_01
0
1.923835
0
-624.5004
257.146
-1520.503
1.060017
Obj_Plant_HopBush_A_02
-0.07883207
0.9515284
0.2771342
-680.457
255.4708
-1636.289
0.95
FldObj_RockGashamahi_A_01
0.5157699
0.05649039
-0.2134183
-830.2826
209.1079
-1230.928
1.0
Obj_TreeConiferous_A_01
0
0.3571105
0
-479.4515
261.2359
-1565.833
1.016354
Obj_Plant_CypressLow_A_01
-0.04278404
0.745201
0.09889381
-400.8639
306.1202
-1817.545
1.062152
Obj_Plant_CypressLow_A_02
1.173318
-1.297629
-1.183826
-314.551
251.1378
-1538.421
0.9
EnvSeEmitPointBirdTemperate
1.221436
-1.262085
-1.182007
-705.5078
253.0313
-1449.676
1.0
Obj_Plant_HopBush_A_02
0.04979723
-0.1112385
0.006243856
-890.3402
217.2301
-1892.624
0.98
FldObj_RockGashamahi_A_01
0.332864
0.006415259
-0.03818466
-727.2456
238.4881
-1426.478
1.0
Obj_Plant_CypressLow_A_02
1.536196
-1.165023
-1.605397
-463.9594
292.8849
-1640.11
0.9607203
Obj_Plant_HopBush_A_01
1.163085
-1.306335
-1.166399
-319.3427
249.6076
-1531.895
0.8899999
Obj_Plant_HopBush_A_01
0.04251011
0.2184388
-0.09080415
-449.3789
318.0574
-1727.367
0.894531
Obj_TreeGhost_A_01
-0.01037888
-1.096514
0.1267881
-73.33224
278.9029
-1947.751
1.0
Obj_TreeGhost_A_01
-0.0482871
-0.821508
-0.09155053
-23.09009
279.9492
-1927.521
1.0
Obj_TreeConiferous_A_01
0
1.574735
0
-765.101
226.9757
-1362.386
1.057234
Obj_Plant_CypressLow_A_01
0.1442559
0.6758628
0.3698996
-512.9922
299.9323
-1655.52
0.872559
Obj_TreeConiferous_A_01
0
1.000708
0
-480.4355
243.8638
-1521.693
1.02798
Obj_Plant_HopBush_A_01
0.4757609
0.1086943
0.08411229
-445.0742
256.8804
-1557.477
1.0
Item_Mushroom_L
0
-1.333496
0
-160.4961
252.9007
-1554.137
1.0
Obj_TreeConiferous_A_01
0
2.378189
0
-558.1341
289.0063
-1636.487
1.065912
Obj_Plant_HopBush_A_01
0
-0.4714355
0
-904.4375
209.4868
-1644.707
0.913574
Obj_Plant_HopBush_A_01
-0.02122822
0.5047321
0.3148855
-683.2461
257.648
-1577.555
1.0
EnvSeEmitPointBirdTemperate
2.610718
-0.5715331
-2.964477
-667.4063
238.6484
-1435.008
1.0
FldObj_RockYellowOcher_A_L_01
1.003105
-0.8027502
-1.291775
-452.0834
126.5167
-1321.165
1.0
FldObj_RockGashamahi_A_01
0.7479843
1.225425
0.7783822
-444.5
242.1063
-1522.934
1.0
EnvSeEmitPointInsectTemperate
2.74768
-0.854248
-2.901855
-159.6016
252.5977
-1552.66
1.0
Obj_Plant_CypressLow_A_01
0.325133
0.6261567
0.2593946
-692.6201
228.5806
-1932.507
1.062152
Obj_Plant_HopBush_A_01
-0.02867644
0.2244332
0.2957653
-705.6211
247.2724
-1612.703
1.0
EnvSeEmitPointBirdTemperate
0
1.182007
0
-714.7773
253.6563
-1699.906
1.0
Obj_Plant_HopBush_A_02
-0.06124876
-0.527955
0.2710325
-449.8008
278.6307
-1988.316
0.962891
Obj_Plant_CypressLow_A_02
0.5588483
-0.9853638
-0.452805
-874.1459
207.2738
-1215.907
0.9
Obj_Plant_CypressLow_A_01
-0.33977
-0.1581297
0.4134898
-610.1758
269.405
-1737.865
1.0
Obj_TreeConiferous_A_02
0
0.2302335
0
-747.5663
205.4449
-1337.224
1.024314
Obj_Plant_CypressLow_A_01
-0.08361685
0.5822059
0.2514014
-655.7085
235.2703
-1835.643
0.9
FldObj_CliffGashamahi_A_02
0.6760017
-1.16409
-2.632957
-634.4171
203.4638
-1393.784
1.0
Obj_Plant_CypressLow_A_02
-0.3559658
-0.9187137
0.5479833
-478.1326
271.7769
-1908.191
0.9607203
Obj_Plant_HopBush_A_02
0.07085216
-0.7045645
-0.03990744
-886.7869
217.0583
-1887.806
0.95
Item_Mushroom_L
0
1.19043
0
-317.1289
269.4764
-1576.215
1.0
Obj_Plant_HopBush_A_01
0.1235895
0.5272773
0.004850169
-917.7969
213.5906
-1475.77
1.0
Obj_Plant_HopBush_A_02
0.01056728
-0.6270391
-0.1791738
-517.8438
306.4318
-1674.094
0.857422
EnvSeEmitPointBirdTemperate
3.141479
0.6011962
3.141479
-898.3047
226.2813
-1363.617
1.0
Obj_Plant_HopBush_A_01
0.3891227
-1.169643
-0.0004526261
-668.8003
258.6965
-1658.767
0.89
Obj_Plant_CypressLow_A_02
0.6831471
-0.9802876
-0.3927047
-454.084
291.91
-1636.799
0.9236203
FldObj_RockYellowOcher_A_L_01
2.41087
0.5427886
2.074817
-509.476
162.0081
-1340.159
1.0
EnvSeEmitPointBirdTemperate
-3.063843
-0.421997
-2.777954
-643.6289
256.7109
-1786.793
1.0
EnvSeEmitPointInsectTemperate
0.6457519
-0.1422119
0.151123
-326.7617
261.7305
-1569.695
1.0
Obj_Plant_HopBush_A_01
0.6642239
-0.9518226
-0.5525992
-458.918
292.0936
-1638.93
1.0
Obj_Plant_HopBush_A_01
-0.3193927
0.3685039
0.248135
-557.9844
256.5631
-1861.434
1.0
Obj_Plant_CypressLow_A_01
-2.945893
0.1982126
-2.762556
-555.676
258.1537
-1858.406
1.062152
Obj_Plant_HopBush_A_01
0
1.466064
0
-804.1875
218.0127
-1810.953
0.935059
EnvSeEmitPointBirdTemperate
0.7442626
0.958496
0.6530761
-531.0039
254.918
-1523.254
1.0
Obj_Plant_HopBush_A_02
0.5529881
0.7855356
0.4893197
-425.125
245.4304
-1530.82
0.984863
Obj_Plant_CypressLow_A_02
-0.215337
1.0266
0.1963477
-679.5836
259.4552
-1573.895
0.9607203
Obj_Plant_HopBush_A_01
-0.1964266
0.4652696
0.3306533
-650.0197
266.3209
-1643.588
0.9
Obj_Plant_HopBush_A_02
1.063836
1.368865
1.033849
-884.875
221.2731
-1927.762
1.0625
Obj_TreeConiferous_A_01
0
5.627239
0
-32.8006
248.3934
-1545.779
1.020553
EnvSeEmitPointInsectTemperate
-1.141602
1.231445
-0.7255859
-541.2031
280.7188
-1790.645
1.0
Obj_Plant_HopBush_A_01
-0.5861386
0.8510173
-0.1922335
-628.8758
263.4946
-1739.653
0.9
Enemy_Giant_Middle
0
-2.080487
0
-752.4863
187.408
-1268.125
1.0
Obj_Plant_CypressLow_A_02
-0.2207455
-0.2703986
0.239371
-651.9799
234.0745
-1848.573
0.9607203
Obj_Plant_CypressLow_A_02
-0.06597894
-1.126499
-0.03678509
-948.875
213.0294
-1425.93
0.962891
Obj_Plant_CypressLow_A_01
-0.7088553
1.019142
-0.3900399
-626.3239
264.9164
-1737.678
1.0
Obj_Plant_CypressLow_A_02
-0.1575217
0.5064903
0.09988547
-686.2318
256.7938
-1581.912
0.9236203
FldObj_CliffWhiteBroken_A_01
1.665173
0.277604
0.03703257
-221.997
115.3838
-1349.996
1.0
Obj_TreeConiferous_A_01
0
3.500628
0
-860.4927
221.0001
-1927.516
1.098152
TwnObj_HyruleCityWoodRuinWell_A_01
0
0
0
-670.9031
193.5338
-1351.729
1.0
Obj_Plant_HopBush_A_01
0.4231574
-0.8904361
-0.3448165
-293.2986
247.3259
-1527.801
0.9
Item_Mushroom_L
3.141479
-1.148559
3.141479
-124.1172
248.0332
-1544.363
1.0
Obj_Plant_HopBush_A_01
0.3247118
0.07251722
0.1540388
-552.793
257.0935
-2000.547
1.0
Obj_Plant_CypressLow_A_01
2.765474
-0.3758192
-2.870871
-552.6521
256.7254
-1999.453
1.062152
FldObj_HyliaWoodRuinDebris_A_01
0
0.1092036
0
-794.8439
218.4
-1905.386
1.0
FldObj_RockGashamahi_A_02
0
0
0.05999999
-582.3614
285.5312
-1651.21
1.0
EnvSeEmitPointBirdTemperate
0.05407714
0.4213867
0.4034424
-658.5664
270.0313
-1655.875
1.0
GrassCutTag
0
0
0
-747.894
187.2353
-1266.452
1.0
Obj_TreeConiferous_A_01
0
3.645992
0
-463.6573
316.0097
-1681.855
1.00065
Enemy_Lynel_Middle
0
-2.359999
0
-760.7423
219.4634
-1837.602
1.0
Weapon_Lsword_032
-0.5708804
-0.4271778
1.719292
-696.9548
190.653
-1294.018
1.0
Obj_Plant_CypressLow_A_02
0.3723577
-0.3908895
-0.09970602
-515.6289
244.1755
-1516.07
0.855957
Item_Mushroom_F
3.141479
0.8701171
3.141479
-397.3555
306.5624
-1664.75
1.0
Obj_TreeConiferous_A_02
0
3.744867
0
-105.2952
243.021
-1532.258
1.00527
Obj_TreeConiferous_A_01
0
2.252258
0
-866.3904
214.4432
-1769.081
1.014444
Obj_Plant_CypressLow_A_02
0.3709145
0.2386049
0.1397273
-15.54297
220.0345
-1492.41
1.081543
FldObj_RockGashamahi_A_07
-3.094424
0.1754262
-2.877444
-638.9655
272.0657
-1589.338
1.0
Obj_Plant_HopBush_A_02
-2.96546
1.337123
-3.052733
-970.4906
215.3125
-1415.47
0.95
EnvSeEmitPointBirdTemperate
-1.966186
-0.7418212
0.6590576
-675.7422
181.7734
-1192.074
1.0
Obj_Plant_CypressLow_A_01
-0.03608177
-0.4663721
0.2750076
-584.375
284.3912
-1714.02
1.029785
Obj_Plant_CypressLow_A_02
-0.3728976
0.04251743
0.2214264
-619.3619
268.6142
-1732.181
0.9607204
Obj_Plant_CypressLow_A_02
-0.1363011
-0.908445
0.319321
-649.0739
265.0578
-1664.213
0.9607203
Obj_Plant_CypressLow_A_01
-0.7933251
-1.28394
0.9672548
-643.719
236.4262
-1845.34
1.0
Obj_TreeGhost_A_01
0
1.898407
0
-35.26294
280.1726
-1904.619
1.0
Obj_Plant_HopBush_A_01
0.006602188
0.08173886
0.05175274
-879.5474
200.0398
-1183.956
0.9
Obj_TreeConiferous_A_02
0
1.042627
0
-950.2377
212.5565
-1621.026
1.048163
Obj_Plant_CypressLow_A_02
3.047617
0.6040379
3.04693
-884.9966
216.6181
-1881.649
1.040755
Obj_Plant_HopBush_A_02
0.1521977
0.7674828
0.2023489
-875.5283
214.4583
-1781.71
0.9800001
Obj_TreeConiferous_A_01
0
1.224809
0
-658.6572
262.0359
-1656.141
1.043976
EnvSeEmitPointInsectTemperate
3.141479
1.165527
3.141479
-861.4063
221.082
-1928.266
1.0
Obj_Plant_CypressLow_A_02
0.1355043
1.049842
0.2632802
-468.2188
316.7022
-1707.254
0.954102
Obj_TreeConiferous_A_01
0
4.440327
0
-739.9033
243.5495
-1483.294
1.051498
Obj_TreeConiferous_A_01
0
4.559443
0
-396.1578
306.0452
-1664.298
1.08197
Obj_TreeConiferous_A_01
0
0.7861341
0
-44.74185
251.3461
-1546.71
1.034184
