UnitConfigName/__text
Rotate/value/0
Rotate/value/1
Rotate/value/2
Translate/value/0
Translate/value/1
Translate/value/2
_Scale
Weapon_Shield_007
0.3384285
-0.03329932
-3.048875
-50.48419
202.6424
2985.742
1.0
TwnObj_TempleOfTime_WallPlant_B_02
0.08726646
0.4709073
0
-470.9785
168.6193
2079.469
1.5
Obj_Plant_CypressLow_A_02
0
0.8792723
0
-596.1094
190.4893
2064.98
0.873047
Obj_Plant_CypressLow_A_02
-0.06562329
-1.210733
-0.3461374
-986.1836
290.8691
2603.691
1.034668
Obj_TreeConiferous_A_01
0
-0.2536145
0
-824.2899
254.5906
2664.094
1.0
Obj_Plant_HopBush_A_01
0.0667556
-9.610016E-05
0.002878092
11.5177
171.2997
3015.538
0.89
FldObj_FenceWoodDamage_A_01
0
3.02
0
-10.01758
161.7643
2842.277
1.0
Kibako_Contain_01
-0.06329306
0.04477566
0.05976019
-38.78843
196.9011
2912.971
1.0
Obj_Plant_CypressLow_A_01
0
1.558921
0
-160.5
178.4222
3031.5
1.0
Kibako_Contain_01
0.002118097
-0.8200299
0.001482618
-34.98719
145.6219
2523.008
1.0
EnvSeEmitPointInsectTemperate
2.607422
-0.9512939
-2.678223
-970.0469
252.3984
2792.641
1.0
FldObj_KorokStone_A_01
0
-3.090796
0
-468.0679
95.26442
2909.282
1.0
Obj_Plant_CypressLow_B_01
-0.98681
1.150701
-0.7998664
-1002.758
258.0271
2081.859
0.885254
Obj_ShieldFenceWood_A_M_03
0
-0.7853981
0
-717
189.7697
2090.5
1.0
TwnObj_TempleOfTime_WallPlant_B_03
0.04373018
0.870765
0.004960481
-663.7481
182.6333
2266.176
1.5
Obj_TreeWhiteBirch_A_03
0
5.136276
0
-779.577
190.4832
2285.429
1.038038
TwnObj_TempleOfTime_WallPlant_B_01
0
0.5018331
0
-732.0554
182.752
2320.191
1.5
Obj_TreeConiferous_A_01
0
1.210758
0
-851.7755
227.965
2988.676
1.0
Obj_Plant_CypressLow_A_02
0
1.248169
0
-651.0703
189.7945
2164.598
0.870117
TwnObj_TempleOfTime_WallPlant_B_02
0.2144431
-1.204344
-0.1762139
-507.8359
155.9294
2094.458
1.5
Obj_TreeStump_Moss_A_01
0
-1.570796
0
-859.9999
189.8312
2300
1.0
Obj_Plant_CypressLow_A_02
0.0837501
0.2531739
-0.1171597
-734.9766
191.1125
2245.98
1.071289
Obj_TreeWhiteBirch_A_03
0
4.99517
0
-750.8241
189.5703
2162.559
1.037054
Obj_Plant_CypressLow_A_01
0.0392516
0.2760848
0.06664602
-225.4414
157.4053
2182.832
1.003906
Obj_RockWhite_A_L_02
0
0
0
-813.137
190.1687
2134.443
1.0
Obj_TreeConiferous_A_01
0
0.001227675
0
-798.4218
234.0249
2716.996
1.0
Obj_Plant_HopBush_B_01
0
2.42
0
-139.3543
193.7514
2956.423
1.0
Obj_Plant_CypressLow_A_01
0.1617382
-0.7502849
-0.1272463
-423.0664
123.2405
2129.426
1.056152
FldObj_RockGashamahi_A_04
0.16
-1.04
0
-140.4541
181.1104
2997.799
1.0
TBox_Field_Wood
-0.0001728298
1.824567E-06
1.85002E-05
-397.991
89.36839
2902.485
1.0
FldObj_RockGashamahi_A_07
-0.188075
-0.01940087
-0.2049871
-686.0056
196.7048
2719.071
1.0
FldObj_CliffWhiteScaffold_A_02
0
0.2200002
0
-959.4015
296.4369
2317.803
1.0
EnvSeEmitPointInsectTemperate
0.762207
0.6247558
0.3648681
-830.0352
206.6523
2092.004
1.0
Item_Mushroom_D
0.7853982
1.22173
0
23.46106
180.6506
2967.174
1.0
EnvSeEmitPointBirdTemperate
2.866699
-0.5343017
3.042114
-800.3008
242.3984
2718.012
1.0
EnvSeEmitPointInsectTemperate
1.136352
-0.2322998
0.6027831
-870.7539
233.5859
2062.609
1.0
FldObj_BirdNest_A_01
0
0
-0.2
-216.6086
137.875
2215.517
1.0
Obj_Plant_CypressLow_A_01
0.1960884
1.284383
0.05432497
-876.0117
241.2035
2766.879
1.056641
AirWallForE3
0
-1.579999
0
-780.1497
195.08
2260.721
1.0
Animal_Pigeon_A
0
0.8028514
0
-849.7
191.4959
2264.7
1.0
Obj_TreeBroadleafLow_Snow_A_01
0
0
0
-1012.656
249.9843
2038.204
1.0
Obj_TreeWhiteBirch_A_03
0
2.945275
0
-898.1342
238.6041
2040.91
1.000626
Obj_Plant_HopBush_A_01
0.4006925
-0.1396873
-0.1297759
-956.7734
249.4947
2801.781
0.868164
FldObj_Banking_A_01
0.02201365
0.01956617
0.03936427
-872.623
189.8157
2295.322
1.0
Obj_Plant_CypressLow_A_01
-0.1527904
0.01757818
0.2286522
-187.8801
174.892
2966.801
1.0
FldObj_TorchStandBone_A_01
0
1.54
0
83.76563
142.4741
2862.447
1.0
Obj_TreeWhiteBirch_A_04
0
3.906267
0
-781.0722
190.1199
2165.09
1.0
FldObj_PlantBokoFortress_A_02
-0.5179388
1.451359
-0.2821049
21.29492
180.976
2970.961
1.0
Obj_Plant_HopBush_A_02
-0.04941446
0.7435871
-0.1737343
51.31195
162.8877
2956.622
0.95
Obj_Plant_HopBush_A_01
0.2236964
0.02341704
-0.2077498
50.00897
163.8394
2949.448
0.9
FldObj_FenceWoodDamage_A_01
0.02023447
-0.1989875
-0.10202
-48.13669
202.9548
2996.995
1.0
TwnObj_FenceWood_A_01
0
-0.185467
0
-629.939
189.2266
2103.367
1.0
Obj_ShieldFenceWood_A_M_03
0
2.478407
0
-150.9039
180.6812
2988.039
1.0
TwnObj_TempleOfTime_WallPlant_B_02
0.2031009
0.620937
0.2315618
-712.1208
167.2464
2299.65
1.5
FldObj_RockGashamahi_A_07
3.014524
0.1236746
2.909073
-740.7773
215.0711
2748.464
1.0
FldObj_RockGashamahi_A_06
2.321505
-0.8861002
-2.776468
-619.5736
89.80722
2480.733
1.0
FldObj_FenceWoodDamage_A_01
0
1.308997
0
-797
190.1602
2113
1.0
TwnObj_TempleOfTime_WallPlant_B_03
0.02129604
0.5108338
0.002748849
-470.9557
174.9697
2079.01
1.5
Item_Mushroom_D
0.6981317
1.047198
-1.047198
-916.9
243.9
2313.6
1.0
Obj_TreeConiferous_A_01
0
3.259243
0
-865.4457
233.7204
2814.904
1.0
Obj_ShieldFenceWood_A_M_01
0
-3.141593
0
-789
190
2161
1.0
Obj_Plant_HopBush_B_01
0
0.5
0
-135.3006
193.7797
2955.589
1.0
Obj_Plant_CypressLow_A_02
0
1.259887
0
-761.0273
189.3825
2109.133
0.924316
TwnObj_FenceWood_A_01
0
-0.06546693
0
-644.1046
189.6181
2136.675
1.0
FldObj_FenceWoodDamage_A_01
-0.03212626
-0.09668262
0.1799762
-59.87595
202.1919
2999.269
1.0
Item_Mushroom_D
0.7679449
1.012291
-0.3490658
14.16406
185.25
2992.977
1.0
Obj_ShieldFenceWood_A_M_03
0
1.48
0
-113.3027
188.4009
2990.319
1.0
Item_Mushroom_D
1.110229
-0.04187012
0.2950439
-269.7695
120.7266
2196.969
1.0
FldObj_HyliaWoodRuinburn_A_03
2.95206
-0.109871
-3.034426
-130.7409
183.332
3004.386
1.0
Obj_Plant_HopBush_A_01
0.04211466
-0.2807607
-0.1771508
54.60919
162.2502
2960.136
1.0
Obj_TreeWhiteBirch_A_03
0
0.5581418
0
-728.4348
188.3631
2061.451
1.007134
FldObj_Banking_A_01
0
0
0
-871.7582
189.8344
2303.572
1.0
Obj_TreeConiferous_A_01
0
-2.249229
0
-827.0261
226.676
2867.705
1.0
Obj_TreeConiferous_A_01
0
-2.249229
0
-768.469
233.2834
2993.107
1.0
Obj_Plant_CypressLow_A_01
0
-1.52677
0
17
171.2092
3017
1.0
Obj_TreeWhiteBirch_A_04
0
2.448182
0
-793.3087
190.1272
2147.154
1.070068
Obj_RockWhite_A_L_02
-1.127769
-0.3520463
0.5182601
-774.4363
190.9883
2196.704
1.0
Butterfly
0
0
0
-702.6823
190.2367
2072.337
1.0
FldObj_FenceWoodDamage_A_01
0
-0.4600001
0
-157.0376
178.9144
3019.258
1.0
FldObj_CliffWhiteScaffold_A_02
0
2.201592
0
-917.796
248.101
2311.416
1.0
Obj_LiftRockWhite_A_01
-0.09132169
0.0002374772
0.005197226
-128.6151
145.0966
2297.024
1.0
BeeHome
0.3490658
-0.1745329
0.3490658
-931.1
183.3
2209.7
1.0
FldObj_FenceWoodDamage_A_01
-2.876558
-0.574701
3.087621
-71.96384
178.1369
2893.887
1.0
TwnObj_TempleOfTime_WallPlant_B_02
0.07646857
-0.1841828
0.01784604
-481.8294
149.4908
2080.177
1.5
FldObj_FenceWoodDamage_A_01
0
-1.140001
0
-155.0103
181.5742
2984.521
1.0
Obj_TreeConiferous_A_01
0
1.343528
0
-984.8618
251.5827
2794.768
1.086578
TwnObj_TempleOfTime_WallPlant_B_01
2.602568
1.326496
2.589196
-534.2341
185.432
2090.35
1.25
Area
0
0.05999999
0
-897.5555
179.4229
2219.446
25
Obj_Plant_HopBush_A_01
0.04961464
0.1479589
-0.05009979
-725.9609
190.5354
2242.762
1.004883
Obj_Plant_CypressLow_A_02
0.1725488
-0.02285027
0.2626888
5.53009
171.088
3010.089
0.9
FldObj_FenceWoodDamage_A_01
0
0.46
0
-129.6437
182.5897
3016.326
1.0
Butterfly
0
0
0
-763.3494
189.5645
2132.092
1.0
EnvSeEmitPointBirdTemperate
0
1.078247
0
-813.2578
231.2461
2786.938
1.0
Weapon_Spear_038
0.3824853
-0.008289761
-1.577966
-47.93002
145.1489
2518.516
1.0
Obj_Plant_CypressLow_A_01
-0.0513977
0.001370752
0.05331516
-160.5
178.4431
3034
1.0
Enemy_Keese_Swarm_AllDay
0
0.4000002
0
-899.6
181.3
2253.3
1.0
Enemy_Keese
0
-1.66
0
-193.0681
137.4084
2182.718
1.0
Obj_Plant_HopBush_A_01
-0.236931
-0.008781622
-0.07374839
49.19568
166.6539
3004.821
1.0
Obj_TreeConiferous_A_01
0
2.947936
0
-732.3385
239.0798
2992.642
1.0
Obj_Mineral_A_01
0
-1.240001
-0.05999997
-892.8071
119.9088
2276.781
1.0
FldObj_RockGashamahi_A_02
-1.844908
-0.8943549
1.99618
-784.5239
170.1633
2450.519
1.0
EnvSeEmitPointBirdTemperate
2.805053
0.4039306
2.884277
-936.668
253.5938
2805.551
1.0
Obj_LiftRockWhite_A_01
0
5.675406
0
-94.97678
145.0145
2338.533
1.0
EnvSeEmitPointBirdTemperate
0.1472168
0.2740478
0.2106933
-768.2773
240.9766
2994.691
1.0
Obj_TreeConiferous_A_01
0
2.167904
0
-934.2164
259.9959
2742.307
1.0
FldObj_HyliaWoodRuinburn_A_01
0
0.7000001
0
-136.0812
182.6527
3008.734
1.0
Obj_Plant_HopBush_A_01
0.06007917
0.5160852
0.4390797
-913.7422
232.183
2993.527
1.007324
FldObj_EnemyLookout_B_01
0
2.720001
0
-172.4625
125.0862
2184.48
1.0
Obj_Plant_CypressLow_A_02
0.0063031
-0.6268713
0.1236982
53.38556
167.5193
3025.896
0.9236203
Barrel
-3.141584
-1.481594
-3.14159
-178.0078
144.7593
2194.735
1.0
Item_Mushroom_D
-1.955688
0.8121338
-3.11499
-923.2188
268.0742
3165.789
1.0
Obj_Plant_HopBush_A_02
-3.02347
-0.6335938
2.973634
52.14398
164.5283
2995.551
1.0
Enemy_Lizalfos_Junior
0
2.216971
0
-220.9828
89.59586
2673.449
1.0
TwnObj_FenceWood_A_01
0
2.857718
0
-639.6212
189.7309
2137.086
1.0
Obj_MineralBury_A_01
3.056804
-0.08484103
2.989662
-890.1431
120.8351
2287.385
1.0
FldObj_KorokStone_A_01
0
0.05079734
0
-475.2589
97.13161
2908.933
1.0
Item_Mushroom_A
0
0
0
-786.7346
193.1712
2266.771
1.0
FldObj_FenceWoodDamage_A_01
0
2.094395
0
-793.5
190.1588
2150.5
1.0
FldObj_CliffWhite_A_S_02
2.921593
-0.5815935
-3.141592
-648.7784
86.04279
2363.707
1.0
FldObj_FenceWoodDamage_A_01
2.860925
0.9733503
2.782521
-78.98712
179.6201
2897.017
1.0
FldObj_RockGashamahi_A_04
0
-1.98
0
-589.0379
91.80814
2663.288
1.0
FldObj_BankingFlat_A_01
0.03015385
0.001932811
-0.1280119
-609.4143
188.8817
2113.073
1.0
Obj_TreeConiferousSnowFallenTree_A_M_01
3.13047
0.1190628
-3.02342
-920.0588
236.6429
2936.977
1.0
FldObj_FenceWoodDamage_A_01
3.052388
0.8380201
3.021841
42.91504
142.3057
2778.92
1.0
FldObj_CliffWhiteLumpRock_A_03
2.262305
0.3783236
2.685523
-371.7463
104.9757
2158.591
1.0
TwnObj_TempleOfTime_WallPlant_B_02
0.05087708
0.05376374
0.08700997
-566.5585
138.4097
2107.583
1.25
Obj_Plant_CypressLow_A_01
-0.2556065
0.7596615
-0.2818808
-594.3516
230.1356
3036.77
0.904297
Obj_Plant_HopBush_A_02
-0.03818097
0.4070575
0.01750875
48.47272
167.0674
3027.421
0.95
Obj_TreeWhiteBirch_A_04
0
4.595481
0
-666.0122
189.929
2119.755
1.0
FldObj_PlantBokoFortress_A_01
0
1.561603
0.5199792
17.83502
191.5182
2974.59
1.0
Obj_TreeWhiteBirch_A_04
0
0.6711097
0
-832.7097
181.2186
2180.332
1.0
FldObj_CliffWhiteBroken_A_04
-2.193419
1.281259
-2.890684
-5.288635
199.6921
2956.249
1.0
BarrelBomb
0.2407601
-0.02056448
0.3505151
-141.9091
182.1646
3012.771
1.0
RockSetWhite_A_02
0.115892
0.0217646
-0.370885
-813.1996
209.9844
2064.392
1.0
FldObj_KorokStone_A_01
0
-3.090796
0
-467.1245
96.94411
2908.237
1.0
Obj_TreeConiferous_A_01
0
0.01525556
0
-997.4862
260.4968
2766.035
1.072828
FldObj_HyliaWoodRuinCart_A_01
-0.01369388
-0.4745459
0.1071323
-810.3054
192.7076
2238.84
1.0
FldObj_CliffWhiteParts_A_04
1.986042
1.415413
-2.931133
-171.6003
123.9978
2157.316
1.0
Obj_ShieldFenceWood_A_M_03
2.981593
0.9231855
-3.141592
-142.2592
181.6013
3013.586
1.0
FldObj_TorchStandBone_A_01
0
-0.66
0
-136.0836
190.5418
2963.208
1.0
FldObj_HyliaWoodRuinburn_A_03
0.6247521
-0.1215084
0.3882543
-146.6973
191.4195
2957.43
1.0
FldObj_RockGashamahi_A_06
0
0
0
-607.5712
93.35907
2663.391
1.0
Obj_Plant_HopBush_A_01
-0.04775303
-0.6226249
0.0890775
50.73578
167.3257
3030.465
1.0
Obj_TreeWhiteBirch_A_03
0
5.79211
0
-827.6426
184.9587
2168.836
1.023292
FldObj_CliffWhiteLumpRock_A_03
2.922022
-0.5334004
3.127665
-756.1471
137.5389
2385.433
1.0
FldObj_FenceWoodDamage_A_01
0
2.356194
0
-771.5
189.622
2118
1.0
Obj_Plant_CypressLow_A_02
0
1.184326
0
-766.3047
189.627
2313.887
0.892578
Barrel
-0.003588415
-0.02016979
-0.2672151
-58.75476
172.1449
2863.359
1.0
Obj_Plant_CypressLow_A_01
0
-1.980713
0
18.63898
171.2713
3010.496
1.062152
Obj_Plant_CypressLow_A_01
-0.2539971
-0.2967041
0.148499
-270.7305
123.3995
2082.148
0.938477
FldObj_FenceWoodDamage_A_01
0
-1.047198
0
-785.5
189.4807
2137.5
1.0
Kibako_Contain_01
0
-0.7853982
0
-745.5
189.1995
2133
1.0
Obj_TreeWhiteBirch_A_03
0
5.040059
0
-660.7352
190.1141
2104.419
1.06511
Enemy_Octarock_Forest
0
0
0
51.21875
167.4933
3010.617
1.0
FldObj_PlantBokoFortress_A_02
-0.2399999
1.320001
0
20.74414
180.976
2973.109
1.0
Kibako_Contain_01
2.783859
-1.039582
-2.751262
-885.8589
179.7772
2206.795
1.0
FldObj_CaveEntrance_A_M
0
1.38
0
-930.6746
178.8465
2207.908
1.0
Obj_Plant_CypressLow_A_01
0
-1.757202
0
-159
178.4683
3029.5
1.0
Obj_Plant_CypressLow_A_01
-0.178744
0.05636095
-0.0563326
-134.8086
124.6784
2188.516
0.930176
FldObj_KorokStone_A_01
0
-1.519999
0
-470.1263
95.82692
2908.389
1.0
Enemy_Bokoblin_Junior
0
2.6
0
-919.7246
189.8603
2345.682
1.0
Obj_TreeWhiteBirch_A_04
0
0.05156086
0
-761.1675
193.7609
2231.097
1.0
FldObj_RockGashamahi_A_03
0
0
-2.62
201.2295
89.88564
2605.92
1.0
RockSetWhite_A_01
0.0395971
0.001259632
-0.06359272
-734.9768
190.3768
2256.956
1.0
Obj_TreeWhiteBirch_A_03
0
2.422033
0
-700.8712
189.9455
2153.515
1.0
TwnObj_TempleOfTime_WallPlant_B_03
0.08750343
0.4955863
0.001972222
-735.6048
197.827
2324.097
1.25
FldObj_RockGashamahi_A_02
-0.7351189
-1.239793
0.6964477
-217.0612
92.72867
2596.254
1.0
FldObj_KorokStake_A_01
0
1.837517
0
-67.2305
81.29407
2333.392
0.964966
RockSetWhite_A_01
0
0.9600001
0
-603.5432
188.6749
2114.736
1.3
FldObj_HyliaWoodRuinburn_A_02
-0.4431336
0.03458424
-0.4061923
-140.7614
182.5269
3003.749
1.0
Obj_TreeConiferous_A_01
0
-1.462134
0
-965.7093
228.5021
2867.599
1.0
SpotBgmTag
0
0
0
-325
95
2592.071
60
TBox_Field_Wood
0
0.5235988
0
-778.5
196.2478
2125
1.0
FldObj_RockGashamahi_A_07
-0.1681478
-0.03524982
-0.1699337
-660.5791
214.6469
2893.806
1.0
EnvSeEmitPointBirdTemperate
0.3597412
-0.8741454
-0.6569824
-907.4922
270.3242
2702.172
1.0
Obj_TreeConiferous_A_01
0
-2.772828
0
-861.1
256.6953
2679.53
1.0
FldObj_RockGashamahi_A_07
0
0
0
236.8743
84.79869
2591.464
1.0
FldObj_FenceWoodDamage_A_01
-3.103549
-0.5644388
3.07056
-46.01352
201.356
2940.965
1.25
RockSetWhite_A_02
0.03988621
1.138534
0.175227
-850.5479
177.8347
2188.851
1.0
EnvSeEmitPointInsectTemperate
0.9747314
-1.081909
-0.6395263
-0.3242188
137.6758
2065.113
1.0
FldObj_CliffWhiteLumpRock_A_02
-0.4244781
0.4628534
-0.08082799
-546.1592
122.916
2147.211
1.0
Obj_TreeConiferous_A_01
0
5.95075
0
-876.748
237.7543
2796.774
1.0
Obj_TreeWhiteBirch_A_04
0
3.020904
0
-822.2914
211.9438
2076.542
1.031107
Obj_TreeWhiteBirch_A_03
0
3.409954
0
-689.2556
190.1204
2217.067
1.0
FldObj_CliffWhiteLumpRock_A_02
-0.7709152
0.7361938
0.1557656
-704.5432
130.7975
2347.029
1.0
Obj_Plant_CypressLow_A_02
0.682507
1.198459
0.4395552
-959.7109
268.5947
2735.566
0.942383
BarrelBomb
0.1862846
-0.04963502
0.3344733
-114.2955
192.3967
2968.444
1.0
Obj_Plant_HopBush_A_02
0.09669004
-0.9510368
-0.1005872
-750.3047
189.4901
2102.238
0.894043
Obj_Plant_CypressLow_A_01
0.3128527
-1.185355
-0.2809391
-229.8516
156.9637
2186.141
1.009277
Obj_Plant_CypressLow_B_01
0.06641326
-0.4757218
-0.09049606
-991.1992
249.0308
2017.813
0.905762
Obj_HideBarrel
0.00777722
-0.001527493
-0.01922346
-807.0107
192.9376
2235.998
1.0
Obj_TreeWhiteBirch_A_03
0
1.220408
0
-749.6112
190.2251
2088.282
1.0
EnvSeEmitPointBirdTemperate
3.141479
-0.6071777
3.141479
-878.8789
268.7031
2576.867
1.0
FldObj_RockGashamahi_A_07
0
2.9
0
-335.9599
90.26216
2643.846
1.0
FldObj_RockGashamahi_A_03
-3.080306
-0.006145226
0.09981163
-164.0721
183.7678
2974.332
1.0
Obj_Plant_CypressLow_A_01
-0.8435865
-1.445678
0.8250893
-751.1758
193.0516
2226.766
0.979004
Obj_TreeConiferous_A_01
0
4.725633
0
-929.1552
234.0904
2924.343
1.0
Obj_TreeWhiteBirch_A_04
0
3.90724
0
-733.7579
189.6884
2157.034
1.0
Obj_Plant_CypressLow_A_01
0.8563696
-1.155497
-0.5809519
-430.7031
122.9013
2127.156
1.030273
FldObj_KorokStone_A_01
0
1.621594
0
-472.2062
98.23317
2909.78
1.0
EnvSeEmitPointBirdWet
3.141479
0.685791
3.141479
-399.1758
98.26563
2556.633
1.0
Obj_LiftRockWhite_A_01
0
0.8506975
0
-121.8587
145.0078
2317.54
1.0
Obj_TreeConiferous_A_01
0
0.9305176
0
-841.5462
190.068
2306.129
1.0
Obj_RockWhite_A_L_02
-0.01916778
-0.0005829008
-0.06080028
-703.5878
189.2504
2136.748
1.0
Item_Mushroom_D
0.6981317
1.396263
0
20.8418
182.1242
2969.703
1.0
TwnObj_TempleOfTime_WallPlant_B_02
0.01639425
0.5607569
0.2174855
-716.5271
151.5235
2309.99
1.5
Kibako_Contain_01
-0.006742436
0.05391365
0.05821615
-881.1804
179.6167
2212.946
1.0
AnchorAction1
0
1.641593
0
53.99994
164.9165
2857.5
1.0
Obj_TreeConiferous_A_01
0
0.4582845
0
-901.5699
190.2746
2329.39
1.0
Animal_Pigeon_A
0
-1.745329
0
-803.17
194.3393
2266.51
1.0
FldObj_FenceWoodDamage_A_01
0
0.07999998
0
-26.53851
206.0182
2997.068
1.0
Obj_Plant_CypressLow_A_01
-0.1060395
0.105655
-0.2155105
-571.9063
170.123
2907.941
1.007324
FldObj_KorokStone_A_01
0
-3.090796
0
-475.2081
98.13161
2909.932
1.0
Obj_ShieldFenceWood_A_M_02
0
-0.7853982
0
-751
189.3997
2104.5
1.0
BarrelBomb3
0
0
0
-772
189.4577
2115.5
1.0
Item_Mushroom_D
0.7853982
1.134464
-0.5235988
-921.9
222.6
2324.2
1.0
Obj_TreeConiferous_A_01
0
-1.930829
0
-893.6013
235.8375
2846.488
1.0
FldObj_CliffWhiteBroken_A_01
1.087658
-1.318258
0.05026284
-41.5
207.6094
2965.5
1.0
Obj_Plant_HopBush_A_01
0.2620549
-1.446052
-0.2100869
-588.1797
190.565
2068.988
1.011719
Obj_ShieldFenceWood_A_M_03
0.03205019
-0.1567841
-0.2025178
-29.19919
195.8653
2939.263
1.0
Obj_ShieldFenceWood_A_M_02
-1.839217
-1.384263
1.834775
12.11475
194.8232
2959.851
1.0
Obj_Plant_HopBush_B_01
0.0969046
-0.01298511
0.2662112
-125.5
181.9695
3021.5
1.0
FireWood
0
0
0
-155.9609
179.1078
3015.328
1.0
Obj_Plant_CypressLow_A_01
-3.13006
-0.9618374
-3.067596
54.63031
167.8795
3015.457
1.0
Obj_TreeWhiteBirch_A_04
0
3.90724
0
-646.1173
190.256
2076.104
1.0
TwnObj_FenceWood_A_01
0
-0.06546693
0
-630.1617
189.5947
2138.342
1.0
Obj_ShieldFenceWood_A_M_01
0.0257884
0.09662846
0.2612467
-14.30075
194.5839
2941.697
1.0
Obj_Plant_CypressLow_A_02
0.1794658
0.09125098
0.4384891
-36.5
172.3853
2826.172
1.094727
RockWhite_A_M_06
-0.1061509
-0.002442255
-0.04596343
-890.8872
230.524
1995.031
1.0
Obj_Plant_CypressLow_A_01
0
2.138421
0
13.5
171.2455
3016.5
1.0
Obj_ShieldFenceWood_A_M_03
0
1.998407
0
-134.621
189.8873
2964.391
1.0
FldObj_CliffWhite_A_S_03
0
0.4
0
-142.9236
122.7647
2027.244
1.0
AnchorAction1
0
-1.66
0
-188.4282
125.4084
2198.193
1.0
FldObj_KorokStone_A_01
0
-3.090796
0
-472.2062
97.24879
2909.78
1.0
Obj_TreeWhiteBirch_A_04
0
3.662433
0
-717.8018
190.0783
2186.734
1.0
FldObj_RockGashamahi_A_02
-0.7361779
-1.059871
0.8044087
-322.9277
93.34209
2490.29
1.0
FldObj_CliffGashamahi_A_02
-1.246286
-1.202174
-0.7066743
-747.0822
224.4796
2707.616
1.0
EnvSeEmitPointInsectTemperate
2.763305
-0.4536133
-2.959229
-975.0117
258.1406
2773.539
1.0
EnvSeEmitPointBirdTemperate
2.967285
-0.7746581
2.336792
-824.0195
198.2656
2233.523
1.0
Obj_TreeConiferous_A_02
0
2.706248
0
-960.4919
243.004
2820.847
1.023687
Area
0
0.05999999
0
-897.5555
179.4229
2219.446
50
Obj_TreeConiferous_A_01
0
2.887979
0
-968.2302
225.707
2890.551
1.0
Obj_TreeWhiteBirch_A_03
0
1.828817
0
-733.8298
189.2011
2107.486
1.0
RockSetWhite_A_01
0
0
0
-656.3671
189.8917
2175.26
1.0
Obj_Plant_HopBush_A_01
-0.1381548
-0.001787264
-0.02583089
-244.0969
124.2369
2076.622
1.0
Obj_TreeConiferous_A_01
0
-0.01912384
0
-907.4745
262.014
2703.357
1.0
FldObj_RockGashamahi_A_07
0
0
0
-879.1365
166.7193
2440.542
1.0
FldObj_CliffWhiteParts_A_04
1.801593
-1.421593
3.141593
-175.2957
124.6618
2101.941
1.0
FldObj_EnemyLookout_B_01
0
1.62
0
-861.0258
177.847
2202.875
1.0
EnvSeEmitPointBirdTemperate
0.762207
0.6247558
0.3648681
-830.0352
214.7422
2092.004
1.0
Obj_Plant_HopBush_A_02
-0.08596318
-0.5668444
-0.06245909
-431.0352
125.5533
2065.164
1.002441
Item_Mushroom_D
1.179077
0.3288574
0.2091064
-243.5352
151.1367
2211.816
1.0
RockSetWhite_A_01
0.02275234
0.003188384
-0.2784437
-871.8624
230.891
2039.044
1.0
TBox_Field_Iron
3.132724
-1.457274
-3.132987
-51.79928
84.72823
2502.242
1.0
FldObj_TorchStandBone_A_01
0
1.54
0
16.02026
178.7561
2993.797
1.0
TBox_Field_Stone
-2.879793
1.48353
-3.141592
-916
126
2264
1.0
FldObj_KorokStone_A_01
0
0.05079734
0
-473.259
96.56911
2908.827
1.0
Obj_TreeConiferous_A_01
0
1.734357
0
-754.47
239.6643
2912.29
1.0
Butterfly
0
0
0
-675.77
190.0112
2063.326
1.0
Obj_TreeBroadleafLow_Snow_A_02
0
-1.68
0
-1014.539
249.8546
2037.249
1.0
Obj_TreeWhiteBirch_A_04
0
3.020904
0
-749.923
190.3582
2268.529
1.031107
PointWindSetTag
0.03920351
0.007944745
1.080156
43.15195
177.1588
2964.922
18
Obj_Plant_CypressLow_A_01
0.01772079
0.0004230655
-0.0477374
19.5
171.1647
3013.5
1.0
Obj_Plant_CypressLow_A_02
3.1347
-0.5042744
-3.003195
54.78613
167.6777
3028.54
1.040755
Obj_Plant_CypressLow_A_01
-0.1027627
-0.008688217
-0.1685434
43.5
166.0458
2996
1.0
Obj_RockWhite_A_L_02
0
0
-0.7199999
-868.9879
226.8734
2025.718
1.0
FldObj_KorokStake_A_01
0
-2.7936
0
-68.50681
80.38
2334.924
1.089468
Kibako_Contain_01
-0.3262511
-0.002419012
0.1929683
-19.4837
207.9777
2978.548
1.0
Obj_TreeConiferous_A_01
0
1.16959
0
-738.3127
242.8682
2913.086
1.0
FldObj_FenceWoodDamage_A_01
-2.859842
0.6036103
-2.88182
-56.8949
172.6387
2869.64
1.0
Obj_TreeConiferous_A_01
0
5.170673
0
-902.3472
189.9848
2310.804
1.0
Obj_ShieldFenceWood_A_M_01
0
-2.879793
0
-745.5
189
2137
1.0
BarrelBomb
3.141531
-1.481593
-3.141531
-187.7464
135.0551
2215.502
1.0
Obj_TreeConiferous_A_01
0
1.224809
0
-833.7552
190.1957
2293.534
1.0
Enemy_Lizalfos_Junior
0
0
0
-29.10938
145.0145
2543.492
1.0
Obj_ShieldFenceWood_A_M_01
1.570797
1.390798
1.570797
-814.4
190.7
2121
1.0
Obj_RockWhite_A_L_02
0.08765836
-0.005244415
0.1194372
-796.5059
186.5033
2185.63
1.0
FldObj_RockGashamahi_A_03
-3.045135
0.4868731
2.934978
-307.9281
88.14975
2501.306
1.0
Obj_TreeWhiteBirch_A_03
0
0.3511168
0
-828.3079
192.3454
2255.126
1.0
FldObj_CliffWhiteScaffold_A_02
0.1833279
0.6027012
-0.02601907
-919.16
255.0618
2326.282
1.0
EnvSeEmitPointInsectTemperate
2.943848
0.7043456
2.808716
-870.5938
264.1875
2654.578
1.0
FldObj_FenceWoodDamage_A_01
-2.888348
0.4644456
-2.90206
-53.93823
172.1373
2867.308
1.0
Obj_TreeConiferous_A_01
0
4.202034
0
-949.3348
227.8618
2916.66
1.0
FldObj_RockGashamahi_A_07
0
2.903185
0
-324.8372
89.66898
2502.83
1.0
Obj_TreeWhiteBirch_A_04
0
6.187273
0
-875.6154
233.0954
2031.497
1.0
Enemy_Wizzrobe_Fire
0
2.78
0
-120.5781
185.2751
3021.459
1.0
Weapon_Spear_021
2.569649
0.1125313
-1.495861
-24.02592
145.179
2518.35
1.0
EnvSeEmitPointBirdTemperate
3.141479
-0.5961913
3.141479
-862.1719
151.8203
2293.785
1.0
Obj_TreeWhiteBirch_A_04
0
3.823495
0
-818.8922
190.1081
2281.251
1.0
Obj_ShieldFenceWood_A_M_02
0
2.78
0
-132.3125
189.8906
2966.473
1.0
Obj_TreeConiferous_A_01
0
1.171812
0
-872.6997
264.7888
2653.977
1.0
Item_Mushroom_D
1.189712
-0.2305077
-0.01994859
-774.641
198.6689
2208.956
1.0
Obj_TreeConiferous_A_01
0
-0.4517912
0
-984.3188
288.6628
2597.156
1.0
TwnObj_TempleOfTime_WallPlant_B_02
0.1268441
-0.8869855
-0.102666
-692.8617
163.6249
2293.588
1.5
Obj_Plant_CypressLow_A_02
0
-0.1210937
0
-728.832
190.103
2186.57
0.935059
TwnObj_BridgeWoodSmall_A_01
0
-3.110796
0
75.80469
89.55183
2664.159
1.0
FldObj_HyliaWoodRuinburn_A_01
0
2.563185
0
-137.1093
193.5531
2952.712
1.0
EnvSeEmitPointBirdTemperate
1.627197
1.266357
1.18689
-820.6016
218.9219
2077.996
1.0
FldObj_KorokStake_A_01
0
2.232033
0
-69.88138
80.67688
2331.168
1.015986
FldObj_HyliaWoodRuinburn_A_03
2.559173
-1.439744
-2.551118
-138.804
182.6504
3010.455
1.0
TBox_Field_Stone
0
1.1
0
-67.25754
103.0707
2438.983
1.0
Obj_Plant_CypressLow_A_02
0.01658559
0.002907442
-0.3470646
43.28656
165.3494
2964.682
0.9
RockSetWhite_A_02
2.783291
0.4451985
2.673978
-856.7181
222.4398
2047.844
1.0
FldObj_BankingFlatCliffWhite_A_01
1.560246
0.09987857
0.004934791
2.072968
173.2467
3002.382
1.18
Item_Mushroom_D
0.6283185
1.466077
-0.2617994
17.10352
189.1557
2976.935
1.0
Obj_Plant_CypressLow_A_02
0.454424
-0.5056403
-0.1340563
-580.6953
139.0767
2109.836
0.861816
Obj_Plant_CypressLow_B_01
2.770966
0.8641214
2.770118
-986.4208
250.4573
2011.113
1.04048
RockSetWhite_A_01
0
0
0
-732.6978
189.1997
2121.795
1.0
Obj_TreeConiferous_A_01
0
-0.1027254
0
-892.0806
261.8059
2564.458
1.0
Obj_Plant_HopBush_A_01
-0.2109338
-0.0001615405
-0.00152699
-222.7796
124.4543
2097.996
1.0
FldObj_HyliaWoodRuinburn_A_03
0.3359281
0.2086957
0.3645355
-147.8225
180.1678
3013.413
1.0
Obj_TreeWhiteBirch_A_03
0
1.196715
0
-718.8174
189.1996
2115.265
1.0
EnvSeEmitPointBirdTemperate
3.112304
0.5335693
-2.147827
-203.0703
180.7305
2987.586
1.0
Obj_TreeWhiteBirch_A_03
0
3.896719
0
-708.5845
190.1222
2196.464
1.0
FldObj_FenceWoodDamage_A_01
0
2.618179
0
-791
190.0773
2153
1.0
RockSetWhite_A_02
-0.0007562154
2.154847E-05
0.05697487
-785.601
192.4791
2225.924
1.0
Obj_LiftRockWhite_A_01
0
3.044759
0
-93.35303
145.0145
2343.024
1.0
FldObj_TorchStandBone_A_01
0
1.34
0
31.44763
174.7097
2973.462
1.0
Obj_LiftRockWhite_A_01
0
0
0
-204
128.8023
2116
1.0
Obj_Plant_CypressLow_A_02
0.0845196
-0.8587485
-0.1950187
-604.1133
138.4908
2204.598
1.061035
RockWhite_A_M_06
0
0
0.26
-158.868
122.8619
2129.57
1.0
FldObj_PlantBokoFortress_A_01
0
1.16
0
14.77148
187.0869
2992.164
1.0
BarrelBomb
0.2337743
-0.005191381
0.09181944
-149.8996
181.1612
2987.685
1.0
Obj_RockWhite_A_L_03
0
-1.78
0
-869.6869
224.335
2017.182
1.0
FldObj_KorokStone_A_01
0
-1.519999
0
-473.7056
97.56129
2909.851
1.0
Obj_TreeConiferous_A_01
0
2.726657
0
-937.3981
245.9807
2804.573
1.0
Obj_TreeWhiteBirch_A_03
0
1.207918
0
-708.5498
190.18
2233.583
1.0
Obj_Plant_CypressLow_A_02
-0.2684932
-0.003733735
-0.02764419
52.70313
166.3663
3004.352
1.0
FldObj_FenceWoodDamage_A_01
0
-2.879793
0
-783
190.4619
2115.5
1.0
Enemy_Keese
0
-1.66
0
-184.5697
133.4084
2205.566
1.0
Obj_ShieldFenceWood_A_M_01
0
-0.1171279
0
-16.43054
183.8764
2911.69
1.0
Item_Mushroom_D
1.396263
0.9599311
1.371756E-16
-920.8
231
2321.8
1.0
TBox_Field_Stone
0
-1.22173
0
-29.3118
131.0145
2501.994
1.0
Item_Mushroom_A
0
1.88
0
-814.8098
190.6661
2303.363
1.0
EnvSeEmitPointInsectTemperate
0
1.078247
0
-813.2578
223.2305
2786.938
1.0
FldObj_HyliaWoodRuinburn_A_03
0
-1.68
0
-148.5278
193.772
2946.626
1.0
Obj_Plant_CypressLow_A_01
0.004905812
-0.0002845468
0.1158738
-118.5
188.5258
2989
1.0
Obj_Plant_HopBush_A_01
-0.07031337
-0.2839571
0.01172925
16.85272
171.358
3005.543
1.0
Obj_Plant_HopBush_A_02
-1.290813
-1.478297
1.273157
-132.4453
123.87
2182.391
0.897461
Obj_TreeConiferous_A_01
0
1.876519
0
-916.3763
237.9672
2918.822
1.0
Obj_RockWhite_A_L_03
-0.01406779
-0.139296
0.1009814
-190.1088
123.9235
2168.799
1.0
Obj_TreeConiferous_A_01
0
0.8037379
0
-851.6321
189.9763
2283.04
1.0
Animal_Pigeon_A
0
1.570796
0
-840.7452
190.0485
2265.799
1.0
FldObj_KorokStone_A_01
0
0.05079734
0
-474.2577
96.56911
2908.878
1.0
EnvSeEmitPointInsectTemperate
0
-1.543701
0
-906.5508
235.6133
2852.504
1.0
EnvSeEmitPointBirdTemperate
0
0.3602295
0
-674.2422
197.3633
2123.121
1.0
FldObj_TorchStandBone_A_01
0
0.76
0
-10.99997
161.6365
2832.5
1.0
Obj_TreeWhiteBirch_A_03
0
1.604601
0
-824.313
190.6801
2234.442
1.0
Obj_TreeConiferous_A_01
0
-0.6252601
0
-813.5873
229.7465
2897.803
1.057234
TBox_Field_Iron
0.08640081
0.0007350798
-0.00235582
-472.5127
85.28716
2195.216
1.0
FldObj_FenceWoodDamage_A_01
3.020803
-1.064808
-2.77885
-175.2518
178.8413
2971.688
1.0
Obj_Plant_HopBush_A_02
0
0.7467506
0
13.55548
171.266
3002.029
0.95
Obj_Plant_HopBush_A_01
0.09016515
0.02655242
-0.5724465
12.2525
194.2027
2994.855
0.9
Obj_TreeWhiteBirch_A_03
0
3.476013
0
-674.8995
189.3037
2122.179
1.000626
FldObj_HighwayHylia_A_03
0
-1.66
0
-675.8843
137.08
2288.461
1.0
Obj_TreeConiferous_A_01
0
-2.670133
0
-892.917
265.0947
2670.405
1.0
Enemy_Wizzrobe_Fire
0
-0.6800002
0
-142.871
197.2989
2953.321
1.0
FldObj_FenceWoodDamage_A_01
0
0
0
-812.5
196.2586
2108.5
1.0
BarrelBomb3
0
0
0
-743.5
189.2139
2132.5
1.0
Obj_TreeWhiteBirch_A_03
0
1.604601
0
-857.1346
221.3094
2062.692
1.0
Obj_Plant_HopBush_A_01
-0.148843
-0.1794043
0.1319071
-274.832
120.5904
2071.754
0.951172
Enemy_Lizalfos_Junior
0
0.353748
0
-393.5259
91.86877
2532.339
1.0
RockLayerMoss_A_L_03
0
-0.4
0
-915.7697
188.6244
2314.73
1.0
Obj_Plant_CypressLow_A_02
0
0.8002955
0.05831138
-588.2344
190.6195
2065.602
1.044434
Obj_TreeConiferous_A_01
0
3.130623
0
-946.2426
272.702
2588.612
1.0
Obj_TreeConiferous_A_01
0
3.009919
0
-927.636
235.176
2911.384
1.0
Obj_TreeConiferous_A_02
0
-1.969766
0
-844.2502
229.4196
2897.172
1.024314
Obj_Plant_CypressLow_A_02
0.08444791
1.025815
0.05331621
-762.8242
189.4815
2107.402
0.885254
EnvSeEmitPointInsectTemperate
0.6036377
-0.9915771
-0.5510254
-978.0859
242.6914
2825.223
1.0
Obj_TreeWhiteBirch_A_03
0
5.704407
0
-714.7498
189.7934
2149.687
1.0
Obj_Plant_CypressLow_A_01
-0.1999466
-0.01363016
-0.1356758
45.5
165.4215
2994
1.0
Obj_TreeConiferous_A_01
0
2.083426
0
-912.9986
264.9984
2584.575
1.0
Obj_TreeConiferous_A_01
0
0.9873103
0
-814.692
227.9813
2884.912
1.0
FldObj_CliffGashamahi_A_02
-1.677455
0.07902066
-1.047136
-457.8308
92.3678
2968.288
1.0
RockSetWhite_A_01
0.1692381
-0.005229632
0.06163513
-789.3943
187.8341
2180.22
1.0
Obj_Plant_HopBush_A_01
-0.06568862
-0.00621972
-0.18874
49.27417
163.4757
2970.131
0.89
FldObj_PlantBokoFortress_A_03
-0.2400001
1.280003
0
17.73389
186.4216
2978.334
1.0
Item_Material_04
-0.5399998
0
0.6800002
-216.6153
138.0051
2215.593
1.0
Obj_Plant_CypressLow_A_01
-3.059762
-0.8198624
3.105153
51.83026
167.4825
3035.539
1.062152
BarrelBomb3
0
0
0
-811.3
190.0643
2127
1.0
TwnObj_TempleOfTime_WallPlant_B_01
0
0.42375
0
-489.5432
139.742
2082.531
1.5
Obj_Plant_CypressLow_A_02
0.2507157
-0.01024299
0.08123578
-188
175.0317
2965
1.0
FldObj_TorchStandBone_A_01
0
1.14
0
-31.56247
166.6983
2849.133
1.0
Obj_TreeWhiteBirch_A_03
0
0.5581418
0
-681.0501
189.9591
2094.28
1.007134
Obj_TreeBroadleafLow_A_02
0
0
0
-837.1256
215.0759
2074.594
1.0
EnvSeEmitPointInsectTemperate
0.1209717
0.5004883
0.3720703
-812.8867
192.4023
2134.461
1.0
Obj_Plant_CypressLow_A_01
0
0.4693603
0
-757.4141
139.8156
2346.984
0.854492
EnvSeEmitPointInsectTemperate
-2.772094
0.2723388
-3.04187
-37.94922
195.1406
2907.375
1.0
FldObj_CliffGashamahi_A_02
-2.957508
-0.7986377
1.792366
-817.7996
139.4482
2403.55
1.0
EnvSeEmitPointBirdTemperate
-0.710205
1.271362
-0.4746093
-759.4219
242.2695
2878.766
1.0
FldObj_RockGashamahi_A_03
-0.6029617
0.8280992
-0.7516223
-215.323
90.16652
2602.291
1.0
Obj_Plant_HopBush_A_01
0.2587908
1.164134
0.08677498
-611.8047
189.6877
2112.484
1.07959
Obj_TreeConiferous_A_01
0
2.970903
0
-968.9304
252.873
2791.423
1.079638
FldObj_FenceWoodDamage_A_01
0
0
0
-131.9725
182.19
3018.663
1.0
FldObj_FenceWoodDamage_A_01
-3.076201
-0.2253767
-3.016052
-70.34335
177.7701
2891.427
1.0
AnchorAction1
0
-1.66
0
-189.17
139.0805
2191.639
1.0
FldObj_FenceWoodDamage_A_01
0.05054174
-0.420073
-0.1765125
-136.9814
187.5499
2972.607
1.0
TwnObj_TempleOfTime_WallPlant_B_02
0.05406292
0.2945941
0.08981464
-506.1998
138.3999
2095.131
1.25
Butterfly
0
0
0
-704.0411
189.4002
2100.337
1.0
FldObj_CliffWhiteScaffold_A_02
0.12
0.7815924
0
-927.6288
244.101
2333.489
1.0
Obj_TreeWhiteBirch_A_04
0
4.030747
0
-798.1353
191.418
2284.164
1.0
Obj_Plant_CypressLow_A_01
0.09197304
-1.247764
-0.2117414
-860.2266
230.6943
2846.523
0.993652
FldObj_CliffWhiteLakeHylia_A_02
1.143376
1.546256
1.087569
81.39197
142.5625
2862.369
1.0
FldObj_HyliaWoodRuinburn_A_03
0.3286786
0.1338346
0.1970208
-137.5032
181.4391
3019.748
1.0
FldObj_CliffWhiteLakeHylia_A_02
-1.419795
-1.407884
1.382264
-11.37732
178.0394
2877.437
1.0
FldObj_FenceWoodDamage_A_01
0
-0.9399997
0
-159.992
178.6898
3018.245
1.0
FldObj_CliffWhiteLakeHylia_A_01
3.141593
1.420528
-2.921985
79.26953
143.1499
2857.033
1.1
TBox_Field_Iron
0.25134
-0.1324599
0.01141204
-205.9117
80.4108
2342.21
1.0
FldObj_FenceWoodDamage_A_01
2.890765
1.261407
3.00074
-797.6
190.2114
2141.1
1.0
Obj_Plant_HopBush_A_02
1.334216
1.281501
1.121874
-958.2852
267.3332
2739.016
0.976074
Obj_LiftRockWhite_A_01
0
1.674341
0
-94.46652
145.0145
2343.439
1.0
Weapon_Lsword_031
1.204277
0
0
-958.7125
297.8078
2318.447
1.0
Obj_LiftRockWhite_A_01
0
2.059999
0
-126.9761
144.7908
2294.222
1.0
FldObj_Banking_A_01
0.02027511
-0.1798433
0.0389014
-892.8701
189.689
2299.815
1.0
Obj_Plant_CypressLow_A_01
0.3789394
0.4367494
0.08888061
-956.7148
246.9724
2807.773
0.868164
Obj_Plant_CypressLow_A_01
0.1412796
-0.01161326
0.163763
-114.5
188.7366
2992
1.0
FldObj_FenceWoodDamage_A_01
3.002985
0.8532543
2.958509
-79.18536
180.1238
2899.21
1.0
Obj_Plant_CypressLow_A_01
0.2397208
-0.0143666
0.1191475
-117
188.4589
2991.5
1.0
Obj_RockWhite_A_L_02
-2.43683
1.479147
-2.41554
-605.2714
188.4175
2104.696
0.8
TBox_Field_Iron
-0.5985752
1.353983
-0.7018659
-971.0026
190.1919
2343.177
1.0
FldObj_WeaponStand_A_01
0
0.6800001
0
-654.961
189.9982
2186.682
1.0
Obj_Plant_CypressLow_A_01
0
1.553467
0
-762.7461
189.464
2299.262
0.918945
Butterfly
0
0
0
-695.7686
189.8232
2152.668
1.0
TreasureSpot_00
0
2.483185
0
-28.32205
145.0245
2517.963
1.0
EnvSeEmitPointBirdTemperate
0
1.250244
0
-828.2852
234.7148
2866.809
1.0
FldObj_KorokStone_A_01
0
0.05079734
0
-473.7563
97.56129
2908.852
1.0
TBox_Field_Stone
0
-2.06
0
-11.60397
103.1021
2587.828
1.0
FldObj_FenceWoodDamage_A_01
0
-2.617994
0
-764
189.2789
2153
1.0
FldObj_KorokStone_A_01
0
0.05079734
0
-470.0756
96.82692
2909.388
1.0
FldObj_CliffWhiteLakeHylia_A_01
2.793574
1.003081
2.937672
53.58887
164.6016
2860.41
1.0
Obj_TreeConiferous_A_01
0
1.16959
0
-847.6815
231.9123
2788.545
1.0
FldObj_CliffWhite_A_S_02
-1.377326
-1.29076
1.061291
-655.0502
85.63303
2394.678
1.0
FldObj_WeaponStand_A_01
0
0.32
0
-903.7918
179.4466
2204.607
1.0
Obj_ShieldFenceWood_A_M_03
0
-2.094395
0
-742
189
2134.5
1.0
Obj_Plant_CypressLow_A_02
0.4728095
-1.045587
-0.4640577
-870.6328
258.0041
2556.258
0.851563
Obj_Plant_HopBush_A_01
0
-0.5280762
0
-608.7383
190.4607
2061.723
1.010254
FldObj_FenceWoodDamage_A_01
-2.878935
-0.6630728
3.040016
-44.92514
199.9529
2938.333
1.25
Obj_Plant_HopBush_A_02
0
0.1403808
0
-833.4766
225.3878
2970.164
0.871582
FldObj_RockGashamahi_A_07
0.155844
0.01943131
-0.2475988
-778.7111
238.1767
2678.035
1.0
Obj_TreeWhiteBirch_A_03
0
0.6735694
0
-756.6447
189.4519
2104.761
1.0
FldObj_CliffWhiteParts_A_04
1.975813
1.409894
2.663638
-922.2415
135.8177
2264.489
1.35
Obj_ShieldFenceWood_A_M_01
-2.979893
1.013483
-2.951699
-127.7158
185.8355
2986.374
1.0
TBox_Field_Iron
-2.891451
0.01204794
2.713519
-52.43457
196.0874
2933.316
1.0
Obj_Plant_CypressLow_A_02
0
1.325683
0
-612.3906
190.4336
2053.945
0.873047
Obj_TreeConiferous_A_01
0
0.4917883
0
-996.063
266.1017
2748.6
1.024947
Weapon_Sword_004
-0.002533334
-0.951705
-2.796832
-184.9198
175.3969
2973.188
1.0
FldObj_KorokStone_A_01
0
0.05079734
0
-468.1187
95.26442
2908.283
1.0
FldObj_RockGashamahi_A_04
0
0
0
-219.0999
90.66116
2603.993
1.0
Obj_Plant_HopBush_A_02
0.1280616
0.9732959
-0.01770513
-743.6211
192.8292
2241.621
0.979492
Obj_TreeWhiteBirch_A_04
0
-1.862351
0
-772.1776
190.7089
2279.505
1.044272
Obj_Plant_CypressLow_A_01
-3.033776
-1.156084
2.920705
56.39545
161.972
2965.089
1.062152
Item_Mushroom_D
2.024414
1.058228
0.4907226
-99.4375
107.3945
2220.68
1.0
EnvSeEmitPointBirdTemperate
0.3637695
0.888916
0.4816894
-734.0156
246.9297
2991.863
1.0
FldObj_FenceWoodDamage_A_01
3.141497
0.001590147
3.081592
-13.31363
161.7351
2842.449
1.0
Area
0
0
0
-38.92972
152.7957
2513.688
60
FldObj_FenceWoodDamage_A_01
0
0.7853982
0
-798.5
190.141
2116
1.0
EnvSeEmitPointInsectTemperate
3.128906
0.8387451
-2.843628
-929.1523
234.0977
2923.605
1.0
Barrel
0.01079246
-0.0003200162
-0.01644376
-778.3988
193.2203
2263.799
1.0
FldObj_CliffWhiteLakeHylia_A_01
2.793574
1.003081
2.937672
64.25977
151.0488
2837.783
1.1
Obj_TreeConiferous_A_01
0
1.551672
0
-719.2374
239.9448
2999.385
1.0
AnchorAction1
0
0
0
9.097565
179.5099
2998.02
1.0
Barrel
-0.3956775
-0.1095362
0.2444701
-54.67949
172.5061
2868.389
1.0
FldObj_HyliaWoodRuinburn_A_03
0.3708935
0.08719845
0.3943644
-152.9318
189.1809
2957.069
1.0
FldObj_EnemyLookout_B_01
0
0.05999999
0
-886.546
179.2664
2222.084
1.0
Obj_Plant_CypressLow_A_02
0
0
0
14
171.3803
3007.5
1.0
FldObj_HighwayHylia_A_03
0
3.043185
0
-696.6206
137.08
2319.016
1.0
EnvSeEmitPointBirdTemperate
2.501587
-1.047974
-2.869385
-923.1875
273.0703
2711.188
1.0
TwnObj_FenceWood_A_01
0
2.857719
0
-634.6434
189.5625
2102.465
1.0
FldObj_FenceWoodDamage_A_01
0
0.1399999
0
-63.26462
201.9713
3000.284
1.0
Obj_TreeBroadleaf_A_L
0
0
0
53.25781
167.3162
3008.984
1.0
FldObj_FenceWoodDamage_A_01
0
0.2617994
0
-801
190.2642
2118
1.0
Obj_ShieldFenceWood_A_M_03
0
0.02000039
0
-42.68979
196.0967
2927.128
1.0
Obj_TreeConiferous_A_01
0
1.16959
0
-758.8796
234.5432
2879.604
1.0
FldObj_HighwayHylia_A_03
0
-2.200001
0
-682.9253
137.08
2308.126
1.0
FldObj_FenceWoodDamage_A_01
0.02976494
-0.6394045
-0.04985463
-153.2632
181.1963
2986.7
1.0
FldObj_KorokStone_A_01
0
-1.519999
0
-472.257
98.23317
2908.781
1.0
Obj_Plant_HopBush_A_01
0.7452126
-1.375836
-0.5049593
-125.4453
125.6962
2155.051
0.852539
FldObj_FenceWoodDamage_A_01
-0.1004928
0.6939589
-0.1563657
-15.22852
161.9676
2836.24
1.0
Obj_Plant_HopBush_A_01
0.6774809
1.50213
0.9112288
-966.1133
226.3559
2882.551
0.915039
Obj_BarrelOld_A_01
-1.447267
0.4284455
-2.849091
-28.26427
145.4817
2512.169
1.0
FldObj_FenceWoodDamage_A_01
0
-0.1200001
0
-51.65573
203.0068
2997
1.0
TwnObj_FenceWood_A_01
1.4
1.396263
0
-645.9653
190.1172
2118.814
1.0
Obj_Plant_HopBush_B_01
0.1287961
-0.006780369
0.1050466
-125.5481
182.3715
3018.595
1.0
TwnObj_BridgeWoodSmall_A_01
0
-1.103668
0
-389.6041
89.55183
2624.977
1.0
Obj_Plant_CypressLow_A_02
-0.01670926
0.2739539
-0.07237021
-607.6094
138.7561
2208.559
1.091797
Obj_ShieldFenceWood_A_M_03
0
2.679999
0
-115.5
191.5286
2969
1.0
Weapon_Shield_040
-0.8726646
0.7853982
0
-803.4703
193.5688
2265.43
1.0
Obj_Plant_HopBush_A_01
0
1.310791
0
-650.4727
189.7946
2167.578
0.911621
FldObj_PlantBokoFortress_A_03
-0.2400001
1.280003
0
19.26514
186.4216
2973.2
1.0
RockSetWhite_A_02
0
1.16
0
-594.4979
188.486
2102.217
0.8
Obj_TreeWhiteBirch_A_03
0
0.8506389
0
-701.3279
189.3161
2089.349
1.045199
Obj_Plant_HopBush_C_Snow_01
-0.1104313
0.4436744
0.03319443
-971.5781
324.3741
2232.793
1.006348
FldObj_RockGashamahi_A_06
3.021087
-0.9082525
2.963347
-673.2771
195.04
2728.602
1.0
FldObj_FenceWoodDamage_A_01
2.779211
0.9996923
2.692609
-78.26202
179.0898
2895.101
1.0
Enemy_Keese
0
-1.66
0
-178.051
133.4084
2205.647
1.0
Obj_ShieldFenceWood_A_M_01
0.3345921
-1.389865
-0.33973
12.49219
194.454
2955.862
1.0
Obj_Plant_HopBush_A_02
-0.208759
1.174339
-0.2424758
-739.625
192.3213
2223.051
0.92334
EnvSeEmitPointBirdTemperate
0
0.5854492
0
-902.0859
145.207
2328.031
1.0
EnvSeEmitPointBirdTemperate
0
-0.09326172
0
-646.0703
198.2266
2077.586
1.0
Enemy_Lizalfos_Guard_Middle_LongVisibility
0
1.180001
0
32.08435
172.9757
2978.75
1.0
EnvSeEmitPointBirdTemperate
0.3632813
-1.290283
-0.6512451
-845.6992
239.168
2789.895
1.0
EnvSeEmitPointInsectTemperate
3.141479
-1.305786
3.141479
-755.4609
189.457
2103.824
1.0
Item_Mushroom_A
-0.46
0
0
-786.4259
192.9827
2249.112
1.0
TwnObj_FenceWood_A_01
0
-0.185467
0
-635.0643
189.1372
2137.96
1.0
Obj_TreeConiferous_A_01
0
0
0
-399.9291
90.272
2557.373
1.0
Obj_LiftRockWhite_A_01
0
2.98543
0
-94.19012
145.0145
2345.892
1.0
Obj_Plant_CypressLow_A_01
0.06717794
-8.070375E-05
0.002401797
-162.5
178.662
3026.5
1.0
FldObj_RaftPile_A_01
0
-2.617994
0
73.20471
91.00134
2653.983
1.0
EnvSeEmitPointBirdTemperate
2.068604
1.357544
2.21228
-846.1445
228.5938
2060.289
1.0
Obj_Plant_CypressLow_A_02
0.128415
-0.00897173
0.1393135
-185.9789
175.405
2964.071
1.0
Animal_Pigeon_A
0
2.094395
0
-823.3232
190.7172
2294.061
1.0
Obj_Plant_HopBush_B_01
0.2081952
-0.01868907
0.1784154
-127.4434
181.7711
3020.304
1.0
Weapon_Sword_007
-1.445259
0.01587447
-2.757184
-49.91745
203.2818
2984.692
1.0
FldObj_BankingFlat_A_01
0
0
0
-868.156
189.621
2308.897
1.0
Obj_ShieldFenceWood_A_M_01
-3.134322
0.5844914
3.084255
-148.4565
180.6137
2989.748
1.0
Obj_Plant_CypressLow_B_01
0.3170065
-0.4275963
-0.3581235
-969.3398
316.2551
2301.066
0.870605
Obj_Plant_CypressLow_A_01
0.1106457
-0.6301138
-0.2208462
58.45044
161.9599
2953.755
0.9
EnvSeEmitPointBirdTemperate
3.141479
0.5167236
3.141479
-854.7813
185.9766
2216.391
1.0
Obj_TreeWhiteBirch_A_04
0
4.958038
0
-844.8873
220.513
2059.546
1.077865
RockWhite_A_M_06
0
0
0.26
-156.9483
123.6411
2201.05
1.0
Obj_Plant_CypressLow_A_01
0.219018
-0.2445478
-0.2656279
-874.6172
240.4932
2770.352
0.953125
Obj_Plant_CypressLow_A_02
0.1237099
-1.16724
-0.1306486
-757.1523
189.5498
2103.152
0.937988
TwnObj_TempleOfTime_WallPlant_B_02
0.6311181
0.8620949
0.7419401
-660.7388
165.9308
2250.776
1.5
Weapon_Spear_007
1.343185
0
0
-41.1875
205.5078
2983.484
1.0
FldObj_EnemyTrace_Garbage_A_01
0
2.501593
0
-653.9858
190.0429
2193.275
1.0
FldObj_CliffWhiteScaffold_A_02
-2.921593
1
3.141593
-917.5226
258.5463
2304.474
1.0
EnvSeEmitPointBirdTemperate
0
1.383423
0
-749.2227
198.3125
2269.211
1.0
FldObj_FenceWoodDamage_A_01
0
-1.24
0
-189.1777
174.9639
2972.453
1.0
FldObj_KorokStone_A_01
0
0.05079734
0
-473.7515
99.01442
2908.938
1.0
FldObj_TorchStandBone_A_01
0
1.6
0
31.302
183.1087
2906.466
1.0
EnvSeEmitPointBirdTemperate
0
-1.015991
0
-893.9141
242.1406
2863.879
1.0
Obj_TreeConiferous_A_01
0
1.824803
0
-840.648
239.8479
2732.415
1.0
FldObj_FenceWoodDamage_A_01
1.330314
-1.514789
-1.132642
-176.7465
178.3324
2974.75
1.0
Obj_Plant_CypressLow_A_02
0.01008485
-0.0007574465
0.1499319
-185
175.3242
2968
1.0
Obj_Plant_CypressLow_A_02
-0.02834391
-0.1114279
-0.05468092
49.00714
167.5643
3035.346
0.9607204
FldObj_CliffGashamahi_A_02
1.954391
-0.8355973
2.716923
-390.9988
88.89079
2533.479
1.0
GrassCutTag
0
-0.72
0
-45.93744
202.5808
2984.109
1.0
Obj_ShieldFenceWood_A_M_03
2.899434
1.156949
2.893217
-812.1
189.9
2127.1
1.0
Obj_TreeConiferous_A_01
0
0.8081583
0
-838.1689
229.1998
2909.895
1.000232
Enemy_Keese
0
-1.66
0
-186.5048
137.4084
2182.301
1.0
TBox_Field_Wood
2.882978
-0.4988448
-2.96648
-19.32455
208.2837
2982.66
1.0
Obj_Plant_CypressLow_A_01
-0.02675281
-0.0006458091
-0.04826744
21
171.3041
3008.5
1.0
FldObj_KorokStake_A_01
0
2.595223
0
-70.4704
81.63
2334.578
0.9062946
AnchorAction1
0
1.82
0
80.5
143.3983
2855.5
1.0
Item_Mushroom_D
0.6283168
1.047198
0
15.11719
192.5
2990.781
1.0
Obj_Plant_CypressLow_A_01
0.1810657
0.4464059
0.2800427
-118.2031
126.303
2161.867
0.903809
Barrel
0.000507492
1.447071E-06
5.227706E-06
-35.10423
145.0304
2525.578
1.0
SpotBgmTag
0
0
0
-31.81555
206.2876
2961.601
31
FldObj_KorokStone_A_01
0
-3.090796
0
-467.1245
95.94411
2908.237
1.0
Obj_TreeWhiteBirch_A_04
0
0.5148297
0
-797.7041
190.201
2133.955
1.052346
FldObj_TorchStandBone_A_01
0
-1.963186
0
-8.630859
178.6735
2877.356
1.0
Obj_Plant_HopBush_A_02
0.005289998
-0.5985553
0.4057181
-920.9492
228.8725
2991.621
0.871582
Obj_Plant_HopBush_A_02
0.00323089
-0.0001007355
0.06233845
47.99713
167.5048
3014.7
1.0
FldObj_RockGashamahi_A_07
0
-1.520008
0
-601.3994
87.98914
2422.336
1.0
BarrelBomb3
0
0
0
-761
189.2209
2136.5
1.0
Item_Mushroom_E
2.898918
-0.2374102
3.105818
-804.9697
192.8766
2269.538
1.0
Obj_Plant_CypressLow_A_01
0.0446102
-1.265354
-0.1337467
-600.9375
189.3253
2099.145
0.886719
FldObj_FenceWoodDamage_A_01
0.6296558
-0.8520978
-0.4125946
-141.7187
188.2712
2968.789
1.0
Obj_ShieldFenceWood_A_M_02
0
2.617994
0
-792.5
189.9346
2160
1.0
FldObj_FenceWoodDamage_A_01
0.02442605
-0.2387776
-0.1029303
-44.68649
202.5112
2997.292
1.0
Obj_Plant_CypressLow_A_02
0.03844773
-0.008353728
0.4278508
-182.8906
175.9112
2968.123
1.0
FldObj_RockGashamahi_A_04
3.091733
-1.048129
2.728752
-645.8594
185.0292
2732.59
1.0
FldObj_KorokStone_A_01
0
-1.519999
0
-469.09
95.26442
2909.334
1.0
Item_Mushroom_D
1.019043
-0.0784912
-0.1496582
-442.5859
111.3398
2159.262
1.0
EnvSeEmitPointBirdTemperate
3.141479
-1.177979
3.141479
-688.9492
198.0898
2068.16
1.0
FldObj_HyliaWoodRuinburn_A_02
-0.9371369
0.6261089
0.03840246
-134.4823
182.0744
3017.59
1.0
Obj_ShieldFenceWood_A_M_03
-2.798541
1.028428
-2.746499
-171.9732
176.3997
3010.846
1.0
TBox_Field_Wood
-3.017803
-1.460191
3.005932
9.350163
197.0113
2955.677
1.0
Item_Mushroom_A
0
3.623435
0
-778.9313
190.3959
2286.264
1.0
Obj_ShieldFenceWood_A_M_01
-2.986268
1.057746
-3.02848
-185.6765
174.0912
3008.941
1.0
FldObj_CliffWhiteLakeHylia_A_02
0
2.36
0
-12.41205
182.6688
2898.107
1.0
EnvSeEmitPointInsectTemperate
3.141479
-1.283203
3.141479
-709.0664
190.0625
2194.77
1.0
RockSetWhite_A_02
-2.155084
-1.117949
2.112994
-771.4177
189.181
2194.8
0.8
Obj_ShieldFenceWood_A_M_03
-2.029033
-1.459384
2.02657
11.82132
196.0946
2958.019
1.0
Obj_TreeWhiteBirch_A_04
0
4.773048
0
-870.8005
224.2491
2063.759
1.0
EnvSeEmitPointInsectTemperate
0
1.383423
0
-749.2227
190.2617
2269.211
1.0
EnvSeEmitPointBirdTemperate
2.53418
-1.321167
2.98584
-217.6094
137.3203
2215.238
1.0
EnvSeEmitPointInsectTemperate
1.627197
1.266357
1.18689
-820.6016
210.8438
2077.996
1.0
FldObj_TorchStandBone_A_01
0
1.6
0
59.82928
163.0141
2864.672
1.0
Obj_Plant_CypressLow_A_01
0.05431975
-0.001169222
0.04303231
-166.5
178.4772
3027.5
1.0
TBox_Field_Iron
-0.001801021
0.3404028
-0.001462895
-41.12806
84.73161
2508.948
1.0
Obj_TreeBroadleafLow_Snow_A_02
0
0
0
-1015.444
249.8685
2039.624
1.0
FldObj_RockGashamahi_A_01
0
-0.18
0
-111.2598
187.7812
2995.99
1.0
Obj_TreeConiferous_A_01
0
-1.877003
0
-811.1885
223.0662
2786.47
1.0
Obj_TreeConiferous_A_01
0
-1.93104
0
-976.1095
258.0342
2773.974
1.013531
Obj_Plant_CypressLow_A_01
0.1012677
-0.4232136
-0.01597137
-130.5859
123.5141
2171.656
1.023438
FldObj_KorokStone_A_01
0
1.621594
0
-467.0737
95.94411
2909.236
1.0
Obj_Plant_HopBush_A_02
0
0.9655762
0
-751.5156
189.308
2107.664
1.09668
FldObj_FenceWoodDamage_A_01
0.02178053
-0.1786916
-0.1219512
-41.18161
201.714
2997.038
1.0
Obj_Plant_HopBush_B_01
2.916183
1.210529
2.861992
-146.3765
193.7911
2950.402
1.0
FldObj_FenceWoodDamage_A_01
0
0.8000005
0
-12.6875
161.8166
2833.983
1.0
Obj_Plant_HopBush_A_01
0
-0.9349365
0
-599.4766
190.4197
2072.297
0.867188
FldObj_HyliaWoodRuinburn_A_02
0.4137494
-0.4024958
0.2349711
-140.0233
182.8009
3006.806
1.0
Obj_LiftRockWhite_A_01
0
3.621288
0
-93.80719
145.0145
2347.236
1.0
EnvSeEmitPointBirdTemperate
-2.772094
0.2723388
-3.04187
-37.94922
203.1875
2907.375
1.0
FldObj_FenceWoodDamage_A_01
0.2
-1.26
0
-159.99
178.803
3015.014
1.0
Item_Mushroom_D
-1.806523
1.051172
2.986423
-763.8422
196.0449
2200.198
1.0
FldObj_CliffGashamahi_A_02
2.212217
-0.4594827
2.571536
-769.3345
187.3179
2477.722
1.0
FldObj_CliffWhiteLakeHylia_A_02
1.143376
1.546256
1.087569
57.52234
163.4377
2864.263
1.0
FldObj_HyliaWoodRuinburn_A_03
3.100056
-0.095837
-3.056973
-143.0311
193.5246
2952.473
1.0
Obj_Plant_HopBush_B_01
0.07237843
0.0006406694
-0.01769468
-123.5
182.6511
3017
1.0
Obj_TreeWhiteBirch_A_04
0
2.373206
0
-751.7053
192.6556
2223.369
1.086156
FldObj_RaftPile_A_01
0
0
0
-217.3322
91.00134
2308.081
1.0
Obj_Plant_HopBush_B_01
0.159649
0.008156134
-0.1018707
-140.9321
193.8982
2954.538
1.0
Obj_Plant_HopBush_A_02
0.07737461
-0.00235583
0.06084499
10.74988
171.4373
3013.253
0.98
BarrelBomb3
1.541086
-0.1080075
-2.396092
-53.8904
172.2047
2864.086
1.0
Obj_Plant_CypressLow_A_01
0.06021385
0.004042769
-0.1340389
61.52661
161.2197
2958.788
1.0
TBox_Field_Iron
-0.0002946009
-0.02557346
0.09915747
-485.7112
86.85892
2616.061
1.0
Obj_TreeBroadleaf_A_LL_Set_01
0
0
0
-216.5722
129.7839
2215.826
1.0
Area
0
-1.66
0
-188.4282
125.4084
2198.193
50
FldObj_FenceWoodDamage_A_01
-3.122454
-0.5971808
-3.069015
-71.41193
178.9589
2895.967
1.0
Item_Mushroom_D
1.047198
1.919862
-0.5235988
-917
246.1
2316.9
1.0
Obj_Plant_CypressLow_A_01
0.08473255
1.169814
-0.02995652
-739.7305
192.755
2233.914
1.06543
Obj_ShieldFenceWood_A_M_03
0.06819382
0.5965863
0.1209747
-25.23141
168.5819
2863.957
1.0
FldObj_CliffGashamahi_A_02
1.44012
-0.1639036
2.8608
-936.7324
273.7061
2666.585
1.0
BarrelBomb
0.07968835
-0.01180392
0.2459586
-187.0619
175.2952
2986.53
1.0
TwnObj_TempleOfTime_WallPlant_B_02
0.09033807
-0.566507
-0.07331547
-650.3114
163.6244
2248.457
1.5
Item_Mushroom_E
0
0
-0.38
-731.7734
190.3699
2257.233
1.0
Obj_RockBroken_A_02
2.879793
1.396263
-3.141592
-914.2
125
2264
1.2
Item_Mushroom_D
0.5759587
1.605699
0
16.25
191.132
2978.594
1.0
Obj_TreeWhiteBirch_A_03
0
0.4226587
0
-716.6736
190.0676
2171.256
1.0
AnchorAction1
0
-1.66
0
-177.9967
144.7813
2199.589
1.0
FldObj_FenceWoodDamage_A_01
2.811033
0.9687638
2.789204
-77.68585
178.6893
2892.596
1.0
Item_Mushroom_D
1.295654
0.2045898
0.2991943
-1296.359
241.1719
2376.906
1.0
Obj_Plant_CypressLow_A_01
0.03893441
-0.493546
-0.1555156
-626.6914
234.1125
3025.805
0.911133
TwnObj_TempleOfTime_WallPlant_B_02
0.6336976
-1.451385
-0.5871689
-567.9837
155.924
2106.526
1.5
RockSetWhite_A_02
0
0
0
-703.8211
189.2115
2110.467
1.0
Obj_LiftRockWhite_A_01
0
0
0
-205
126.3241
2110
1.0
Obj_TreeConiferous_A_01
0
1.734357
0
-768.9987
234.7398
2889.831
1.0
Kibako_Contain_01
0
0
0
-761.5
189.2119
2138.5
1.0
EnvSeEmitPointBirdTemperate
-0.2322998
-1.213013
-1.317993
-714.3945
197.7969
2149.684
1.0
Obj_TreeWhiteBirch_A_03
0
4.746036
0
-717.6891
189.5109
2099.788
1.043462
TBox_Field_Iron
-0.3775154
1.047314
-0.2940138
-231.1665
84.11829
2630.122
1.0
FldObj_WagonBroken_A_01
0
2.483185
0
-28.31805
145.0245
2518.35
1.0
Obj_TreeConiferous_A_01
0
-2.022588
0
-911.2302
255.0722
2736.947
1.0
FldObj_HyliaWoodRuinburn_A_01
0
-0.4800002
0
-147.6444
193.8891
2946.63
1.0
Obj_Plant_CypressLow_A_02
-0.05762576
0.2238494
-0.1949753
53.86896
162.4005
2966.408
0.9607203
TBox_Field_Stone
0
-1.570796
0
-713
190.8822
2311
1.0
FldObj_CliffGashamahi_A_02
1.468692
0.02179981
2.480542
-613.4899
91.1066
2452.722
1.0
TwnObj_TempleOfTime_WallPlant_B_02
0.1833127
-1.127049
-0.1491513
-744.9015
163.6239
2326.062
1.5
Obj_TreeConiferous_A_01
0
-0.8019531
0
-842.1079
227.9269
2926.314
1.031517
Item_Mushroom_E
0.3560774
-0.07293095
-0.5009932
12.33154
194.1656
2993.331
1.0
Obj_TreeWhiteBirch_A_04
0
2.317728
0
-850.9207
211.716
2083.626
1.09592
FldObj_BankingFlat_A_01
0
-1.38
0
-902.6041
189.82
2328.534
1.0
Obj_TreeWhiteBirch_A_04
0
2.317728
0
-839.6473
189.9517
2273.274
1.09592
Obj_TreeConiferous_A_01
0
-2.746881
0
-835.8248
229.5761
2892.153
1.005832
Obj_TreeConiferous_A_01
0
-1.900164
0
-907.0598
263.0352
2565.839
1.0
Item_Mushroom_D
2.432373
1.096191
0.7354736
-65.61719
101.2266
2188.691
1.0
Obj_Plant_HopBush_B_01
0
-0.4773415
0
-119.0627
182.6992
3015.93
1.0
Obj_ShieldFenceWood_A_M_01
2.149969
1.333163
2.136987
-114.4998
187.842
2993.412
1.0
Obj_Plant_CypressLow_A_01
0.06546012
0.004031144
-0.1229649
60
161.59
2956
1.0
Enemy_Lizalfos_Junior
0
2.696971
0
-297.738
89.88268
2509.043
1.0
FldObj_BankingFlat_A_03
0
0
0
-26.31262
144.9208
2519.266
0.7
TBox_Field_Iron
-1.317768
-1.255425
1.407265
-39.55307
196.3795
2910.854
1.0
Obj_ShieldFenceWood_A_M_02
0.03965057
-0.3176179
-0.1263511
-25.91208
194.359
2940.271
1.0
Obj_RockGray_A_L_01
0
1.570796
0
-849.9246
190.0642
2265.238
1.0
FldObj_FenceWoodDamage_A_01
2.85135
1.314012
2.799839
-60.29459
172.6037
2865.367
1.0
Item_Mushroom_A
0.5759587
-0.3839724
-0.1919862
-785.8
193.9692
2226.5
1.0
Obj_ShieldFenceWood_A_M_01
0
-1.570796
0
-713
189
2127
1.0
TwnObj_TempleOfTime_WallPlant_B_03
0.03161366
0.8109261
-0.001530299
-674.308
182.6938
2277.482
1.25
Obj_TreeConiferous_A_01
0
2.705587
0
-799.2308
249.2083
2654.042
1.0
Obj_Plant_CypressLow_A_01
-0.09270094
-0.2964347
-0.1383197
-437.8398
126.7615
2068.992
0.95166
Obj_Plant_HopBush_A_01
0
-1.180542
0
-758.5859
189.3463
2109.238
1.065918
FldObj_FenceWoodDamage_A_01
0.003581048
0.0196768
0.1800352
-29.89789
205.6629
2996.318
1.0
Obj_TreeConiferous_A_01
0
2.44897
0
-848.6446
228.7539
2913.205
1.0
TwnObj_TempleOfTime_WallPlant_B_03
0.09999999
0.8308988
2.256902E-10
-668.3235
197.8534
2273.703
1.25
FldObj_FenceWoodDamage_A_01
0
-2.356194
0
-785.5
190.4502
2117
1.0
FldObj_KorokStone_A_01
0
-1.519999
0
-468.514
97.70973
2910.399
1.0
Obj_TreeConiferous_A_01
0
-2.065979
0
-960.6567
232.0419
2855.376
1.057271
Item_Mushroom_D
2.429687
-1.24353
-1.124634
-259.707
128.2383
2208.355
1.0
EnvSeEmitPointBirdTemperate
-2.813354
0.9946288
3.132934
-945.3398
280.2383
2587.559
1.0
Obj_TreeConiferous_A_01
0
4.123476
0
-907.5519
190.3698
2285.456
1.0
Obj_TreeConiferous_A_01
0
0.61905
0
-880.5107
260.6502
2576.138
1.0
EnvSeEmitPointBirdTemperate
0
0.673706
0
-771.3047
201.3555
2257.703
1.0
Obj_Plant_HopBush_A_01
-0.04379169
0.3105722
0.04217656
-842.957
229.4774
2896.785
0.974121
Obj_RockSetGray_A_02
0
1.04
0
62.9375
161.5007
2968
1.0
TwnObj_TempleOfTime_WallPlant_B_03
0.1325022
0.1417651
-0.001760662
-556.266
139.7181
2101.057
1.25
FldObj_CliffWhiteLakeHylia_A_02
0.04570856
1.060177
-0.01580894
17.66858
176.8325
2997.27
1.0
FldObj_RockGashamahi_A_02
-3.123805
-0.8759078
-2.80181
-365.1914
91.2077
2572.798
1.0
TBox_Field_Iron
-0.0008747408
0.0004146296
-0.000196529
-42.80487
145.6172
2522.338
1.0
Kibako_Contain_01
-0.0001080837
1.631591E-06
0.0001499027
-33.05618
145.0145
2525.267
1.0
Enemy_Octarock_Desert
0
0
0
-418.6567
95.23271
2555.783
1.0
AnchorAction1
0
2.14
0
63.49994
151.5013
2836
1.0
FldObj_HyliaWoodRuinburn_A_04
0
1.06
0
-137.3759
193.6466
2958.32
1.0
Obj_TreeConiferous_A_01
0
1.176175
0
-834.6967
227.4055
2875.506
1.057557
Obj_Plant_HopBush_B_01
0.0157571
-0.0003327936
0.04223228
-121.5
182.4542
3021.5
1.0
Obj_Plant_CypressLow_A_01
0.04657987
1.321688
-0.2909241
45.84174
164.4506
2962.632
1.0
Obj_TreeWhiteBirch_A_04
0
0.979041
0
-702.7788
190.1225
2075.98
1.0
FldObj_RockGashamahi_A_03
0
0
-0.4199999
-604.6653
89.50402
2663.814
1.0
Obj_Plant_HopBush_B_01
0.09975022
-0.005880118
0.1176615
-124
182.2757
3021
1.0
FldObj_FenceWoodDamage_A_01
-3.041592
0.281593
-3.141592
-50.0614
201.2338
2942.327
1.25
FldObj_RockGashamahi_A_03
-0.2218477
1.14903
2.899227
236.5342
91.22157
2593.209
1.0
Enemy_Lizalfos_Junior
0
-1.415913
0
-404.1704
89.875
2603.898
1.0
Obj_TreeWhiteBirch_A_03
0
1.220408
0
-769.6575
193.4792
2255.985
1.0
Obj_RockGray_A_L_01
0
2.34
0
-31.21091
165.3345
2849.729
1.0
Obj_Plant_CypressLow_A_02
0
0.3111572
0
-722.6758
190.042
2177.461
0.933105
Enemy_Bokoblin_Junior
0
3
0
-920.2715
190.1886
2340.799
1.0
Obj_Plant_CypressLow_A_01
0.005969716
0.0004527737
-0.1513993
55
162.0933
2962.5
1.0
FldObj_CliffGashamahi_A_02
-2.505265
0.8910328
0.158132
-374.5571
89.73529
2581.814
1.0
Obj_LiftRockWhite_A_01
0
5.336659
0
-94.01419
145.0145
2344.358
1.0
FireWood
0
0
0
-186.4999
175.2508
2971.5
1.0
Obj_TreeConiferous_A_01
0
-1.019054
0
-759.8408
238.1211
2898.987
1.0
FldObj_PlantBokoFortress_A_01
0
1.16
0
14.95898
180.3291
2992.848
1.0
FldObj_CliffWhiteLakeHylia_A_01
0.1215249
0.7985575
0.03401727
12.28906
178.9427
2997.508
1.0
FldObj_RockGashamahi_A_02
0
0
0
-594.8911
90.49419
2663.816
1.0
Area
0
0
0
-38.92972
152.7957
2513.688
25
FldObj_RockGashamahi_A_04
0
0
0
-923.3286
233.651
2935.118
1.0
Obj_TreeWhiteBirch_A_04
0
4.773048
0
-689.5288
190.0901
2067.535
1.0
Enemy_Lizalfos_Junior
0
1.269375
0
-372.9265
90.19408
2538.131
1.0
Area
0
-1.66
0
-188.4282
125.4084
2198.193
25
Obj_Plant_HopBush_A_02
-0.158687
-0.8782921
0.4624539
-159.1094
126.1954
2213.609
0.928223
Item_Mushroom_D
1.536377
0.1843262
-0.4104004
-84.35547
93.35547
2210.141
1.0
FldObj_CliffWhiteLumpRock_A_03
0.6271859
0.08131544
-0.1953023
-511.0703
117.8045
2137.67
1.0
Obj_MineralBury_A_01
0.3301969
-0.8324418
-0.2482571
-877.041
120.1182
2286.271
1.0
TwnObj_TempleOfTime_WallPlant_B_02
0.1191479
0.248878
0.1948492
-527.9817
159.5528
2093.336
1.5
EnvSeEmitPointInsectTemperate
0.6298828
-0.02209472
1.512695
-841.6055
194.3906
2306.219
1.0
Obj_Plant_CypressLow_B_01
2.980151
0.4683086
-3.0148
-988.8115
250.1772
2011.39
0.9820862
FldObj_CliffWhiteParts_A_04
0
2.12
0
-921.1648
148.1498
2282.677
1.0
TwnObj_TempleOfTime_WallPlant_B_03
-0.1287917
0.2214549
-0.00891898
-535.9243
150.3194
2100.034
1.5
Pot
-0.002423594
6.867467E-05
-0.002744375
-779.215
193.487
2250.815
1.0
Obj_Plant_CypressLow_A_01
0.03987622
0.6223713
0.06429931
-832.1094
225.7366
2962.633
1.081543
FldObj_KorokStone_A_01
0
-1.519999
0
-473.2004
96.56911
2909.825
1.0
Obj_Plant_HopBush_A_02
0.04880955
0.1449634
-0.007780359
-760.0391
189.611
2102.824
1.094238
Item_Mushroom_E
0
-2.87142
0
-798.5383
191.2163
2284.968
1.0
FldObj_FenceWoodDamage_A_01
2.987551
-0.6013607
-2.873741
-72.31033
180.7101
2900.824
1.0
RockSetWhite_A_02
0.4529258
-0.7579704
-0.3774813
-828.5304
211.1013
2081.655
1.0
Obj_Plant_CypressLow_A_02
-0.2254229
-0.5174441
0.145642
-277.9023
120.4749
2072.242
0.862793
FldObj_CliffWhiteLakeHylia_A_02
-0.02493193
0.8803202
-0.02865366
31.64771
172.9713
2978.21
1.0
FldObj_CliffWhiteLakeHylia_A_01
2.948981
1.081791
2.909219
25.58105
185.6132
2902.908
1.0
Obj_TreeWhiteBirch_A_04
0
4.595481
0
-853.6475
178.0843
2216.586
1.0
Obj_Plant_HopBush_A_01
0
1.32251
0
-720.1992
190.164
2274.141
1.098633
Obj_Plant_CypressLow_A_02
0
0.4500732
0
-725.4102
190.123
2286.977
0.891602
FldObj_PushRockIron_A_M_01
0.1965094
0.003684861
0.3004771
-50.72702
196.5161
2932.731
0.5
Area
0
0
0
-858.2593
239.8013
2754.381
100
Obj_TreeWhiteBirch_A_03
0
0.3511168
0
-813.5558
189.2211
2150.286
1.0
FldObj_FenceWoodDamage_A_01
0
-0.7853984
0
-783.5
189.4929
2140
1.0
FldObj_RockGashamahi_A_07
0
0
0
-914.3207
140.6997
2416.342
1.0
FldObj_KorokStone_A_01
0
0.05079734
0
-469.1252
95.26442
2908.334
1.0
Butterfly
0
0
0
-841.5599
221.3472
2056.804
1.0
Obj_ShieldFenceWood_A_M_02
0
2.161592
0
-126.0668
186.3247
2988.413
1.0
FldObj_KorokStone_A_01
0
-1.519999
0
-475.2081
97.13161
2909.932
1.0
Obj_TreeConiferous_A_01
0
0.9444723
0
-815.1522
229.9807
2909.996
1.0
Obj_ShieldFenceWood_A_M_03
0
-0.5235988
0
-767.5
189.5
2106
1.0
PointWindSetTag
-0.752548
-0.2952132
1.272235
23.31514
177.4843
3006.894
15
EnvSeEmitPointBirdTemperate
0
0.599121
0
-716.6914
198.0781
2170.613
1.0
FldObj_TorchStandBone_A_01
0
2.58
0
-13.42188
183.563
2898.336
1.0
Obj_TreeWhiteBirch_A_03
0
2.715737
0
-807.6806
198.8071
2083.343
1.07022
FldObj_RockGashamahi_A_04
0
0
0
203.9503
85.19408
2606.23
1.0
TwnObj_TempleOfTime_WallPlant_B_02
0.136897
-0.9449847
-0.1074401
-452.093
155.9294
2067.19
1.5
TwnObj_TempleOfTime_WallPlant_B_03
0.08978678
0.501759
-0.006088363
-735.8744
147.4287
2316.835
1.25
FldObj_CaveEntrance_A_M
0
1.38
0
-969.5417
189.7997
2342.797
1.0
BarrelBomb
0.5374361
-0.1370739
0.3980323
-141.1518
182.1568
3013.717
1.0
Obj_TreeConiferous_A_01
0
-2.11352
0
-895.2451
234.281
2863.442
1.0
Obj_Plant_CypressLow_A_01
0.2561435
-0.01994948
0.1546127
-120.5
187.9514
2991.5
1.0
WallCrack
0
1.44
0
-964.9152
188.8353
2344.373
1.0
FldObj_KorokStone_A_01
0
-1.519999
0
-474.2226
96.56911
2909.877
1.0
Obj_TreeWhiteBirch_A_04
0
5.959855
0
-762.4792
189.2119
2140.591
1.0
Obj_Plant_CypressLow_A_01
0.2173453
-0.501104
-0.1878508
-763.1328
140.2971
2337.125
0.943848
Obj_Plant_CypressLow_A_02
0
0.2419433
0
-604.9766
189.6382
2098.762
0.919434
Obj_Plant_HopBush_A_02
-0.04728717
-0.00567032
-0.2386418
48.50635
163.5348
2967.846
0.98
Obj_Plant_CypressLow_A_01
0.02882585
0.001101824
-0.07640444
23.77014
170.9021
3004.195
1.0
RockLayerMoss_A_L_02
0
-1.22
0
-773.6486
193.4847
2233.419
1.0
Obj_ShieldFenceWood_A_M_03
0
-0.72
0
56.27344
162.7391
2924.273
1.0
EnvSeEmitPointInsectTemperate
0.3597412
-0.8741454
-0.6569824
-907.4922
262.2578
2702.172
1.0
FldObj_CliffWhiteLakeHylia_A_02
3.117536
0.3808706
3.076955
63.14453
151.25
2832.496
1.0
Weapon_Sword_043
-0.9773844
0.3141593
-0.3141593
-798.9
193.32
2262.3
1.0
TBox_Field_Iron
0.000343331
0.342237
0.001955836
-37.37757
84.72742
2517.809
1.0
Item_Mushroom_D
3.034912
-1.318237
-1.638428
-285.8438
146.1133
2161.781
1.0
Obj_Plant_HopBush_C_Snow_01
0
0.006591795
0
-975.0938
324.7375
2254.645
1.028809
Obj_Plant_HopBush_A_02
0.2305146
-0.3713264
-0.3743812
-919.3672
265.9792
2704.117
0.957031
TBox_Field_Iron
0.3490658
3.141593
0.1745329
-317.4819
94.45412
2498.059
1.0
FldObj_Banking_A_01
-0.04126628
-0.1784902
0.04751443
-922.6763
272.6572
2309.535
1.0
Obj_Plant_HopBush_A_01
0
-1.278198
0
-665.375
190.0818
2229.113
0.999512
Item_Material_04
-1.070168
0.3763285
-0.7010629
-216.4351
138.0127
2215.662
1.0
Obj_TreeWhiteBirch_A_03
0
2.462758
0
-651.5691
190.3451
2116.259
1.0
Area
0
-1.66
0
-188.4282
125.4084
2198.193
100
Item_Mushroom_D
0.7390136
-1.045044
0.3052978
-266.8086
127.9844
2195.363
1.0
Obj_Plant_CypressLow_A_02
0.0584887
-0.0007247011
0.02477228
-162.5
178.4633
3029.5
1.0
FldObj_CliffWhiteScaffold_A_02
0
1.04
0
-923.5714
221.5306
2327.643
1.0
Obj_Plant_CypressLow_B_01
2.428816
-1.232351
-2.39435
-990.3545
249.2747
2014.53
0.9215131
Obj_Plant_HopBush_C_Snow_01
-1.048626
1.448527
-0.9659226
-1002.918
287.1046
2226.523
1.025391
EnvSeEmitPointBirdTemperate
2.763305
-0.4536133
-2.959229
-975.0117
266.207
2773.539
1.0
TwnObj_TempleOfTime_Debris_A_01
0.9366432
-1.324199
-1.190926
-559.5232
132.1137
2110.004
1.0
Obj_TreeConiferous_A_01
0
2.166203
0
-907.4543
235.5261
2853.587
1.0
Item_Mushroom_D
0.6981317
1.53589
0
18.94336
185.9953
2973.136
1.0
FldObj_FenceWoodDamage_A_01
2.959738
0.9891319
3.037247
-805.6
189.8441
2147.4
1.0
FldObj_PlantBokoFortress_A_01
0
1.16
0
14.77148
189.8369
2992.164
1.0
Obj_Plant_CypressLow_A_01
0.02108225
0.1976127
-0.04537583
-658.707
189.9749
2148.992
1.054199
Obj_Plant_HopBush_A_01
0.2432566
0.3635107
-0.01589037
-842.8789
219.5134
2063.723
1.030273
FldObj_BankingFlat_A_01
0
-1.14
0
-949.1237
189.8605
2352.106
1.0
Obj_TreeWhiteBirch_A_04
0
2.598413
0
-756.15
189.2044
2121.806
1.0
Obj_TreeConiferous_A_01
0
2.565855
0
-827.4291
225.8513
3003.212
1.0
Obj_Plant_CypressLow_A_01
-0.05900281
-0.002587281
-0.08761902
23
171.0888
3006.5
1.0
Obj_Plant_CypressLow_A_01
0.7499806
-1.225767
-0.8934461
-872.4531
250.2297
2721.266
0.955566
Obj_TreeWhiteBirch_A_03
0
1.176454
0
-734.7858
189.3788
2099.856
1.06511
FldObj_KorokStone_A_01
0
0.05079734
0
-472.257
97.24879
2908.781
1.0
FldObj_FenceWoodDamage_A_01
3.042388
-0.5504475
-2.953557
-71.92947
179.7865
2898.2
1.0
RockSetWhite_A_01
-0.1790337
-0.03068687
-0.3386424
-912.5238
245.1872
2043.255
1.0
RockLayerMoss_A_L_03
1.218728
-1.101798
-1.237925
-0.8083496
132.6197
2064.089
0.949365
Obj_Plant_CypressLow_A_01
-0.1490867
0.01526614
0.1371907
-767.0117
234.8
2888.609
1.087891
Item_Mushroom_E
0
1.76
0
-815.1367
190.7115
2302.754
1.0
FldObj_RockGashamahi_A_01
0.2000002
0
0
-158.3028
178.4944
2996.746
1.0
TBox_Field_Iron
0.3605956
1.028363
0.0511425
-372.0942
94.46928
2692.347
1.0
Obj_ShieldFenceWood_A_M_02
0
-1.832596
0
-713.5
189
2130
1.0
Obj_TreeConiferous_A_01
0
0.1635602
0
-922.9788
265.2553
2710.41
1.0
Obj_TreeConiferous_A_01
0
-1.96978
0
-741.699
241.8747
2899.15
1.0
Obj_TreeBroadleafFallenTree_A_M_01
3.141593
-0.6414433
-3.141593
-801.4952
193.1838
2265.55
1.0
TBox_Field_Iron
0.005673906
-1.168219E-05
-0.002258838
-452.5995
73.36292
2228.587
1.0
FldObj_CliffWhiteLumpRock_A_03
0.8814884
0.7031461
-0.1738331
-644.8652
130.611
2275.061
1.0
Obj_ShieldFenceWood_A_M_03
0
-1.308997
0
-749
189
2107.5
1.0
Butterfly
0
0
0
-682.2101
190.0009
2090.035
1.0
Obj_Plant_CypressLow_A_02
0.3007748
0.6781945
-0.005967254
-875.1641
250.4047
2722.711
0.950684
Obj_Plant_CypressLow_A_01
-0.1343882
-0.01241192
-0.1839255
41.5
166.174
2994.5
1.0
Obj_TreeWhiteBirch_A_04
0
3.864571
0
-706.6899
190.384
2212.808
1.0
RockSetWhite_A_02
-0.06670406
0.001537305
0.04606807
-648.0762
188.8098
2027.351
1.0
Obj_ShieldFenceWood_A_M_01
0
-1.047198
0
-715
189.5
2093
1.0
Enemy_Lizalfos_Guard_Junior
0
2.483186
0
-67.35159
148.0469
2511.398
1.0
Obj_Plant_CypressLow_A_01
0.06865117
0.003637124
-0.1058167
20
171.0719
3015.5
1.0
Obj_LiftRockWhite_A_01
0
0
0
-202.5
127.5143
2113.5
1.0
Obj_TreeWhiteBirch_A_04
0
-1.862351
0
-772.1776
194.1454
2244.583
1.044272
Item_Mushroom_E
3.141479
-0.3787841
3.141479
-688.7695
190.0825
2066.609
1.0
Obj_Plant_CypressLow_A_01
0.4072159
-0.7854683
-0.4660448
-830.9492
192.9239
2113.535
0.850586
TwnObj_TempleOfTime_WallPlant_B_02
0.1611133
1.011582
0.1670011
-648.6744
146.0999
2247.962
1.25
Obj_Plant_CypressLow_A_01
0.02385716
-0.6381425
-0.1933785
20.69397
170.9925
2999.162
0.9
FldObj_CliffWhite_A_S_02
0.09915116
0.7765893
0.6457751
-148.5446
126.5042
2011.506
1.0
Obj_ShieldFenceWood_A_M_01
0
-0.2617993
0
-771.5
189.5
2106
1.0
EnvSeEmitPointBirdTemperate
0
1.04895
0
-843.1367
235.8047
2926.266
1.0
Obj_LiftRockWhite_A_01
0
0.6619028
0
-104.0735
144.9398
2309.319
1.0
FldObj_CliffWhiteBroken_A_01
-1.2
-1.06
0
-22.5
200.1094
2957.5
1.0
FldObj_CliffWhiteBroken_A_01
0.0911016
-0.4982536
-0.04362989
-670.3121
85.50719
2391.645
1.0
Item_Mushroom_D
0.8
0
0
-871.7914
183.9029
2182.409
1.0
FldObj_RaftPile_A_01
0
-0.6108652
0
-397.6602
91.00134
2631.682
1.0
Obj_TreeConiferous_A_02
0
-0.1603541
0
-990.5234
257.7993
2773.486
1.028956
Obj_Plant_CypressLow_A_01
0.6066406
1.161332
0.7108185
-193.8828
126.766
2169.637
1.088867
EnvSeEmitPointBirdTemperate
2.433228
-0.6871338
2.484009
-538.582
185.7188
2052.398
1.0
Obj_LiftRockWhite_A_01
0
2.958892
0
-110.197
145.0145
2335.967
1.0
Obj_TreeConiferous_A_01
0
-0.8529667
0
-826.4244
229.2809
2919.136
1.0
FldObj_BankingFlat_A_02
0
0
0
-869.8687
189.7104
2295.165
1.0
FldObj_FenceWoodDamage_A_01
0
1.570796
0
-806.5
196.6315
2104
1.0
Obj_Plant_CypressLow_A_01
0.03830871
0.006412305
-0.3316549
47
163.9972
2965.5
1.0
FldObj_RockGashamahi_A_04
0.1546672
0.0229592
-0.1279397
-738.724
231.1375
2672.661
1.0
Pot
-0.002082466
7.832656E-05
-0.003104475
-778.5151
193.487
2251.215
1.0
FldObj_CliffWhiteBroken_A_04
0.1663669
0.2763291
0.04578063
-23.78918
205.6122
2987.16
1.0
BarrelBomb
-3.131219
-1.481658
3.131715
-196.7117
139.1545
2190.967
1.0
EnvSeEmitPointBirdTemperate
1.15332
0.996582
1.15918
-852.0273
220.293
2083.391
1.0
Obj_TreeConiferous_A_01
0
-2.105365
0
-834.7129
228.4574
2934.393
1.0
Obj_LiftRockWhite_A_01
0
4.768379
0
-121.144
145.0062
2316.658
1.0
Enemy_Bokoblin_Guard_Junior
0
2.720001
0
-172.4625
130.1738
2184.48
1.0
Obj_TreeConiferous_A_01
0
4.732363
0
-912.5582
189.8422
2299.511
1.0
FldObj_FenceWoodDamage_A_01
0.1901227
0.05793009
0.3562335
-33.414
204.9387
2996.596
1.0
Obj_Plant_CypressLow_A_01
0.03701552
0.9395475
0.1030935
-822.3828
225.1547
2986.648
1.015137
Area
0
-2.8
0
-647
190.1171
2194.719
25
FldObj_CliffGashamahi_A_02
0.3250558
0.1575453
2.705884
-314.7433
88.23288
2503.441
1.0
TwnObj_TempleOfTime_WallPlant_B_02
-0.0613776
0.207956
0.1878498
-535.7522
143.8271
2101.451
1.5
AnchorAction1
0
0
0
29.5
175.119
2974.5
1.0
Obj_Plant_HopBush_A_01
-0.4642341
0.9620329
-0.4403147
60.76685
166.5774
3005.378
1.0
FldObj_FenceWoodDamage_A_01
-3.12169
1.32493
3.119871
-57.50977
171.8864
2862.732
1.0
FldObj_RockGashamahi_A_07
0
1.779999
0
-169.0901
88.24094
2627.818
1.0
Obj_TreeConiferous_A_01
0
2.054102
0
-860.6644
190.0048
2307.953
1.0
Enemy_Keese_Swarm_AllDay
0
-2.843186
0
-882.2
203.8
2303.9
1.0
Obj_TreeConiferous_A_01
0
3.009919
0
-981.4965
285.3873
2576.125
1.0
FldObj_KorokStone_A_01
0
-1.519999
0
-468.5687
97.70973
2909.401
1.0
Obj_Plant_CypressLow_A_01
0.03927965
-0.1637674
-0.1848253
-610.5273
189.564
2109.941
1.070313
EnvSeEmitPointBirdTemperate
3.141479
0.4188232
3.141479
-851.7773
236.0859
2990.094
1.0
FldObj_CliffWhiteEdgeParts_A_01
-0.3964027
-0.4157894
0.4590747
-874.5521
186.6231
2237.354
1.0
Obj_RockWhite_A_L_03
0
0
-0.6
-167.1049
121.7321
2150.033
1.0
Obj_TreeWhiteBirch_A_04
0
3.823495
0
-830.1656
206.8546
2091.603
1.0
Obj_LiftRockWhite_A_01
0
-2.02
0
-130.3109
145.0578
2295.489
1.0
TwnObj_TempleOfTime_WallPlant_B_02
0.3137248
0.5356449
0.5303804
-462.7137
158.2322
2065.682
1.5
Obj_TreeWhiteBirch_A_03
0
6.191766
0
-814.3101
190.665
2302.628
1.0
TBox_Field_Wood
-0.0001328686
2.51552E-08
1.587239E-05
-413.2892
89.36839
2888.81
1.0
EnvSeEmitPointInsectTemperate
1.491333
1.248169
1.30957
-824.1563
253.6172
2666.422
1.0
Obj_Plant_HopBush_A_01
0.06520512
0.00746834
-0.2279991
29.53302
169.5963
3022.794
1.0
Weapon_Lsword_020
0.0103478
-4.855839E-05
-0.002291295
-29.91795
145.1517
2526.414
1.0
TBox_Field_Iron
-0.0004783393
-0.009040297
0.0004879451
-255.1862
79.98022
2319.748
1.0
Obj_Plant_HopBush_A_01
0
0.9591064
0
-613.3438
190.4319
2057.906
0.910156
Obj_TreeWhiteBirch_A_03
0
0.3511168
0
-866.3386
228.3355
2043.874
1.0
Barrel
-0.2621459
-0.1112563
0.1165426
-55.67832
172.2226
2867.923
1.0
Obj_TreeConiferous_A_01
0
1.824803
0
-783.2788
223.1611
2750.394
1.0
FldObj_HyliaWoodRuinburn_A_02
0.4313885
-0.1005857
0.4516312
-153.2861
190.8218
2952.815
1.0
FldObj_KorokStone_A_01
0
-1.519999
0
-470.1263
96.82692
2908.389
1.0
Obj_TreeConiferous_A_01
0
-2.744381
0
-978.9838
242.5045
2826.049
1.068593
TwnObj_BridgeWoodSmall_A_01
0
-0.4928026
0
-214.5336
89.55183
2297.969
1.0
TwnObj_TempleOfTime_WallPlant_B_01
0
0.1218414
0
-553.8756
175.0726
2105.539
1.5
FldObj_KorokStone_A_01
0
1.621594
0
-473.7007
99.01442
2909.937
1.0
Item_Mushroom_A
0
0
0
-749.1267
190.3332
2268.209
1.0
Enemy_Lizalfos_Middle
0
-2.603185
0
-21.54681
190.9923
2932.574
1.0
Butterfly
0
0
0
-714.7469
189.9287
2152.886
1.0
Obj_Mineral_A_01
0.303788
-0.8670349
-0.1317109
-871.9139
120.3229
2292.529
1.0
FldObj_Banking_A_01
0
0
0.07999999
-869.2314
189.5895
2310.152
1.0
Obj_Plant_CypressLow_A_01
0.05386267
-0.001566408
0.05813198
-164.4999
178.284
3031
1.0
FldObj_KorokStone_A_01
0
1.621594
0
-468.6194
97.70973
2908.402
1.0
FldObj_FenceWoodDamage_A_01
-0.003306996
0.2601264
0.07908571
-56.50583
202.8148
2999.238
1.0
TreasureSpot_00
0
2.483185
0
-30.24173
146.0323
2524.301
1.0
FldObj_CliffGashamahi_A_02
1.498152
-0.8794119
-3.047407
-434.6755
89.0573
2568.827
1.0
FldObj_TorchStandBone_A_01
0
2.5
0
63.36719
150.9506
2831.283
1.0
FldObj_BankingFlat_A_01
0
0.36
0
-955.4548
189.7054
2347.016
1.4
Obj_Plant_CypressLow_A_02
1.345238
-1.355181
-1.531688
-958.1875
269.2535
2731.199
1.085449
FldObj_HyliaWoodRuinburn_A_03
0
0
0
-137.7146
193.7717
2953.871
1.0
FldObj_EnemyTrace_Garbage_A_01
0
-0.92
0
-900.9818
179.4353
2223.966
1.0
FldObj_FenceWoodDamage_A_01
0
-0.7799999
0
-140.2187
187.3462
2971.875
1.0
Obj_Plant_CypressLow_A_02
0.2036198
-0.0894
-0.02835706
-125.7891
124.3865
2166.762
1.080566
EnvSeEmitPointBirdTemperate
0
-0.1005859
0
-828.0938
237.7227
2904.191
1.0
Enemy_Lizalfos_Junior
0
5.219842
0
-274.8892
89.875
2656.691
1.0
FldObj_FenceWoodDamage_A_01
-2.938413
-0.02851844
-3.100846
-49.45154
199.7319
2939.803
1.25
Obj_Plant_CypressLow_A_01
0.8705875
-1.279891
-1.098022
-800.8125
195.5974
2084.984
1.079102
FldObj_RockGashamahi_A_06
-0.5919011
-0.105842
-0.3440219
-569.91
167.7227
2905.826
1.0
FldObj_FenceWoodDamage_A_01
0
-1.570796
0
-788.5
190.0097
2126.5
1.0
FldObj_KorokStone_A_01
0
-3.090796
0
-470.0756
95.82692
2909.388
1.0
FldObj_RockGashamahi_A_06
-2.661497
-0.01915245
3.13162
-855.723
179.1317
2456.468
1.0
Butterfly
0
0
0
-685.9973
189.5497
2119.996
1.0
TBox_Field_Iron
0.004192791
0.01310164
4.106094E-05
-492.9799
79.96452
2218.013
1.0
Obj_TreeWhiteBirch_A_03
0
5.391607
0
-809.6282
181.6223
2202.124
1.007134
TwnObj_TempleOfTime_WallPlant_B_02
0.08585665
0.4521525
0.09859093
-743.2031
146.0967
2326.586
1.25
FldObj_CliffWhiteLakeHylia_A_02
1.143376
1.546256
1.087569
29.01294
183.2651
2906.46
1.0
Obj_Plant_HopBush_B_01
0.09560233
-0.004029534
0.08418281
-145.6881
193.6217
2953.284
1.0
Kibako_Contain_01
0.1608202
-0.4986768
0.01864321
-887.7805
179.7026
2206.145
1.0
Obj_TreeConiferous_A_01
0
-0.1346288
0
-825.7399
229.2608
2891.161
1.051565
Obj_TreeConiferous_A_01
0
-0.8529667
0
-736.3153
246.2041
2964.928
1.0
Barrel
-1.469181
0.7864947
-0.002263664
-804.8987
193.2477
2235.203
1.0
Obj_TreeConiferous_A_01
0
0.6459918
0
-864.4365
266.4101
2638.765
1.0
Obj_Plant_CypressLow_A_02
0.4752202
-0.9707991
-0.3524968
-997.5781
267.4816
2742.805
0.927246
Obj_Plant_HopBush_B_01
-0.3343876
-1.344877
0.4079151
-143.8485
193.8886
2951.019
1.0
TwnObj_TempleOfTime_WallPlant_B_02
0.04035027
0.03545974
-0.03877963
-673.4569
157.2242
2271.053
1.5
Obj_Plant_CypressLow_A_01
-0.08643038
-0.006629975
-0.1530236
40.5
166.6129
2997
1.0
FldObj_RockGashamahi_A_07
0.4666644
-0.3737473
-0.1046385
-760.7046
242.2229
2637.686
1.0
TwnObj_TempleOfTime_WallPlant_B_03
0.1068053
0.1355946
0.001745329
-558.5704
190.1359
2107.944
1.25
TwnObj_TempleOfTime_WallPlant_B_01
3.00619
0.9957802
2.980638
-719.0166
193.1583
2299.053
1.25
DgnObj_DungeonEntrance_Moss
0
-1.741591
0
-328.1812
67.0222
2600.289
1.0
Butterfly
0
0
0
-756.9877
189.6837
2165.603
1.0
TwnObj_TempleOfTime_WallPlant_B_02
0.08137733
0.5552241
0.1011767
-450.4345
138.4035
2067.297
1.25
BarrelBomb
-0.007293341
-0.08111424
0.0631092
-187.3749
175.3929
2984.994
1.0
Obj_TreeWhiteBirch_A_04
0
-1.310454
0
-783.2083
193.2609
2267.852
1.0
Item_Mushroom_E
0
2.792527
0
-929.6141
179.7737
2215.498
1.0
TwnObj_FenceWood_A_01
0
1.396263
0
-625.3832
188.6016
2129.973
1.0
Obj_Plant_CypressLow_A_01
0
0.03796386
0
-717.7266
190.1684
2275.5
1.054199
Weapon_Spear_022
-1.920658
-0.3423181
1.088053
-807.2627
193.0457
2238.213
1.0
Obj_ShieldFenceWood_A_M_02
-0.03649766
-0.7392698
0.05414206
57.48511
161.9933
2926.119
1.0
FldObj_KorokStone_A_01
0
0.05079734
0
-467.0737
96.94411
2909.236
1.0
TBox_Field_Stone
0
1.919862
0
-48.55008
131.0145
2525.53
1.0
FldObj_CliffWhiteBroken_A_04
-2.938821
-0.8371197
3.075792
-58.23679
205.4344
2951.54
1.0
Animal_Pigeon_A
0
2.254395
0
-816.4248
190.455
2294.061
1.0
FldObj_FenceWoodDamage_A_01
0.08040021
-1.160673
0.04190858
-176.3843
177.5971
2985.593
1.0
TBox_Field_Iron
-2.086553
-1.322958
2.146727
-69.29343
178.0037
2892.802
1.0
FldObj_HyliaWoodRuinburn_A_02
0.245013
0.06942516
-0.249812
-152.8229
193.1548
2943.711
1.0
Obj_Plant_CypressLow_A_02
1.226481
1.340371
1.153236
-935.4063
128.7205
2363.215
0.881836
Enemy_Lizalfos_Guard_Middle_LongVisibility
0
0.94
0
18.047
176.8203
2996.875
1.0
TwnObj_FenceWood_A_01
0
1.396263
0
-645.0707
189.1172
2114.049
1.0
FldObj_FenceWoodDamage_A_01
-0.08275338
-0.4733619
0.1799709
-66.49899
201.6727
2999.685
1.0
Obj_TreeConiferous_A_01
0
6.090624
0
-839.0146
228.3336
2883.28
1.0
Obj_Plant_CypressLow_A_01
-0.4186389
1.300269
-0.3565602
8.085266
171.2833
3008.039
1.0
Item_Mushroom_D
0.6632251
1.047198
-0.08726472
14.9375
188.5136
2991.078
1.0
Obj_TreeConiferous_A_01
0
-0.2614727
0
-947.6472
256.3067
2773.299
1.0
Obj_Plant_CypressLow_B_01
-0.3231892
-0.4359157
0.1904003
-984.1653
249.0793
2021.496
0.9949666
FldObj_KorokStone_A_01
0
1.621594
0
-475.2589
98.13161
2908.933
1.0
FldObj_CliffGashamahi_A_02
1.411322
-0.1863288
2.816797
-833.5514
225.9338
2808.064
1.0
FldObj_FenceWoodDamage_A_01
3.070202
0.6180187
3.018794
40.54492
142.5589
2776.475
1.0
FldObj_FenceWoodDamage_A_01
0
2.412988
0
-803.4
189.6891
2150.2
1.0
Obj_Plant_CypressLow_A_02
0
-0.4179687
0
-647.3984
190.1637
2052.098
1.022949
Obj_ShieldFenceWood_A_M_02
0
1.761593
0
-187.9668
174.2108
2984.984
1.0
Area
0
-2.8
0
-647
190.1171
2194.719
50
FldObj_CliffWhiteLakeHylia_A_01
0.1844615
1.218457
0.04842596
30.19556
174.9558
2972.399
1.0
Obj_ShieldFenceWood_A_M_03
-0.3714623
-1.106091
0.4109464
7.650574
156.5833
2833.345
1.0
EnvSeEmitPointBirdTemperate
3.066528
0.5075684
-2.84143
-928.0898
243.0938
2910.512
1.0
TBox_Field_Wood
-0.0002003893
-3.923274E-06
2.867058E-05
-389.4506
89.3684
2890.737
1.0
Obj_Plant_CypressLow_A_02
0.117935
-0.01553832
0.2616988
-184.4769
175.5715
2965.865
1.0
BarrelBomb
0.1153013
-0.009358766
0.1668039
-148.21
181.1672
2989.026
1.0
FldObj_Banking_A_01
-3.134945
0.08074378
-3.12452
-890.6758
189.9275
2311.009
1.0
Item_Mushroom_A
2.252307
-1.408722
-2.30574
-786.1329
193.1892
2266.927
1.0
TwnObj_FenceWood_A_01
0.07293434
-0.1706762
-0.406242
-622.047
188.3911
2104.999
1.0
Obj_TreeConiferous_A_01
0
0.07350891
0
-953.1703
228.9908
2883.486
1.0
FldObj_CliffGashamahi_A_02
-2.034168
-0.918884
0.6247823
-786.0612
229.27
2874.413
1.0
FldObj_BankingFlat_A_01
0
0.7399999
0
-895.0416
189.8408
2326.038
1.0
Kibako_Contain_01
-2.466331
1.498569
-2.394462
-880.7598
179.7054
2215.002
1.0
FldObj_KorokStake_A_01
0
0.2584035
0
-67.91779
80.48938
2331.514
1.04327
TwnObj_TempleOfTime_WallPlant_B_03
0.1010471
0.4908063
0.002263767
-477.8318
190.1091
2084.474
1.25
Item_Mushroom_A
0
0
-0.16
-781.432
193.1279
2263.802
1.0
FldObj_PlantBokoFortress_A_03
-0.6599999
1.280003
0
23.42334
179.9802
2969.796
1.0
Obj_TreeConiferous_A_02
0
-0.5874946
0
-934.583
250.6474
2785.643
1.091784
EnvSeEmitPointBirdTemperate
-1.793213
1.422851
-1.604614
-760.832
245.8594
2898.625
1.0
FldObj_PlantBokoFortress_A_02
0
1.14
0
13.73047
183.0385
2994.535
1.0
FldObj_Banking_A_01
0
-0.4757668
0
-921.0197
273.2032
2317.249
1.0
Obj_Plant_HopBush_A_01
-0.1027031
-0.834537
0.05830472
-951.0859
129.4012
2393.535
1.099121
TBox_Field_Iron
-0.07271858
-0.002469717
-0.01112354
-229.4608
79.78996
2529.292
1.0
FldObj_CliffWhiteBroken_A_01
-0.7117261
0.6774279
-0.7981615
-48.05914
194.3577
2924.208
1.0
Obj_Plant_CypressLow_A_01
0.02868007
-0.001548454
0.1078709
-116.5
188.7455
2989
1.0
Obj_TreeConiferous_A_01
0
-3.010403
0
-774.8468
229.6346
2716.066
1.0
Obj_Plant_HopBush_A_01
-0.1210989
0.8331326
-0.3552921
-437.7227
126.1744
2061.969
0.942383
PointWindSetTag
-0.4479208
-0.1727448
1.166307
37.48656
176.0059
2987.322
20
Item_Mushroom_D
1.563008
0.4848165
0.2009376
-852.8068
184.2309
2174.214
1.0
TwnObj_TempleOfTime_WallPlant_B_03
-0.1325516
0.5814301
-0.01041216
-717.1948
158.0125
2308.712
1.5
FldObj_TorchStandBone_A_01
0
-1.36
0
-112.2343
188.8862
2996.164
1.0
Obj_ShieldFenceWood_A_M_02
0
0.1000002
0
-18.06442
194.2089
2941.547
1.0
Item_Mushroom_E
0
2.879793
-0.3490658
12.80469
193.9301
2992.75
1.0
TwnObj_HunterHouse_A_01
0
-1.570796
0
-783.9515
193.104
2255.278
1.0
FldObj_FenceWoodDamage_A_01
0
-1.48
0
-177.207
177.6941
2982.453
1.0
Obj_Plant_CypressLow_A_02
0.02799351
0.2300535
-0.05215237
16.11249
171.294
3011.815
0.9607203
AnchorAction1
0
-1.66
0
-189.7472
135.0916
2208.495
1.0
TwnObj_TempleOfTime_WallPlant_B_03
0.03142522
0.4510815
-0.002940865
-484.7813
175.0667
2085.93
1.25
Obj_BarrelOld_A_01
1.755271
-0.5943112
-0.3218297
-30.73517
145.4823
2525.777
1.0
Obj_ShieldFenceWood_A_M_03
0
1.998407
0
-187.9036
174.6097
2987.483
1.0
Obj_Plant_HopBush_B_01
0.06615744
-0.0004809884
0.01453501
-120.5
182.5609
3019
1.0
Weapon_Sword_004
0
0
0
-158
179.1581
3013
1.0
Obj_BarrelOld_A_01
0.2556092
1.029362
0.1506074
-804.9399
192.8263
2236.71
1.0
Obj_Plant_CypressLow_A_01
0.06788438
-0.1363734
0.0876352
-824.3281
225.4647
2973.082
1.045898
FldObj_FenceWoodDamage_A_01
0
-1.78
0
-189.3926
174.8816
2969.369
1.0
Obj_Plant_CypressLow_A_01
0.06386529
0.003868197
-0.1209475
59.5
161.5223
2958
1.0
FldObj_FenceWoodDamage_A_01
0
-2.356194
0
-761.5
189.2666
2151.5
1.0
TwnObj_TempleOfTime_WallPlant_B_02
0.08726646
0.8308989
0
-663.7463
176.326
2266.499
1.5
Obj_Plant_CypressLow_A_02
0.07515281
-0.001141781
0.03036908
-164.4999
178.4827
3028.5
1.0
Item_Mushroom_D
1.616925
1.415728
0.7331445
-844.2655
190.7242
2160.69
1.0
FldObj_BankingFlat_A_01
0
1.603184
0
-908.639
189.8408
2326.276
0.9
EnvSeEmitPointInsectTemperate
0.1472168
0.2740478
0.2106933
-768.2773
232.9492
2994.691
1.0
FldObj_RockGashamahi_A_04
-0.9163449
0.4413524
-0.5080056
-783.9077
165.0319
2446.488
1.0
Obj_RockWhite_A_L_03
-2.982577
0.2047041
-2.505528
-157.6469
123.8562
2209.948
1.0
FldObj_KorokStake_A_01
0
0.1015893
0
-71.15768
80.33313
2332.7
1.071362
