UnitConfigName/__text
Rotate/value/0
Rotate/value/1
Rotate/value/2
Translate/value/0
Translate/value/1
Translate/value/2
_Scale
Obj_TreeBroadleaf_B_L_01
-3.04978
-0.2917824
-3.03422
526.0959
268.118
-2104.999
1.145508
Obj_TreeBroadleaf_B_L_01
0
0
0
328.6708
289.9333
-2114.116
1.0
LinkTagAnd
0
0
0
433.8158
268.455
-2208.076
1.0
Npc_kokiri003
0
-1.02
0
430.0195
259.0328
-2179.871
1.0
FldObj_CliffGrayParts_A_04
2.963381
-0.9283147
2.856952
369.0879
270.3418
-2050.199
1.2
AnchorAction1
0
0.7162631
0
412.2793
260.415
-2178.715
1.0
LinkTagOr
0
0
0
-12
285.5
-2444.5
1.0
Area
0
0
0
591
355.5
-2161
1.0
LinkTagOr
0
0
0
472.5
254.5
-2100
1.0
SwitchTimeLag
0
0
0
695.49
279.992
-2269.78
1.0
Item_Mushroom_F
0
-0.6200003
0
421.6641
259.925
-2190.414
1.0
LinkTagAnd
0
0
0
428
262
-2183
1.0
LinkTagAnd
0
0
0
85.21579
280.0214
-2395.198
1.0
Area
0
0
0
674
348
-2433
1.0
FldObj_CliffGrayParts_A_04_Far
-0.03606715
0.229542
0.0238522
318.1611
275.4963
-2040.32
1.0
FldObj_CliffCheeseRock_A_01
-3.065616
0.4469941
2.891429
806
275
-2022
1.0
LinkTagAnd
0
0
0
854.79
283.56
-2409.59
1.0
FldObj_CliffDeathMt_D_11
-0.3727719
-0.2228372
0.1738484
324.2721
264.9103
-2829.659
1.2
Obj_ArrowBundle_A_01
-3.102513
0.382196
3.108359
432.7837
258.3314
-2178.338
1.0
Area
0
0.1745329
0
685.4
280.3
-2264.1
20
SwitchTimeLag
0
0
0
733.52
296.45
-2339.24
1.0
Area
0
0
0
736.7
286.3
-2354.4
15
Area
0
0
0
191.5
401.5
-2333
1.0
Area
0
-1.810796
0
666.1
282.1
-2258.5
10
FldObj_CliffCheeseRock_A_01_Far
-0.1627691
0.6573657
-0.06260252
155
268.5
-2586.5
1.0
Obj_Plant_HopBush_A_01
2.894581
0.1225187
-2.796755
479.3387
251.812
-2105.893
1.025719
Area
0
0
0
811.5
360
-2410
1.0
Area
0
0
0
-62.5
400
-2114
1.0
LinkTagAnd
0
0
0
430.5251
250.5675
-2102.131
1.0
LinkTagOr
0
0
0
427
344.5
-2187.5
1.0
Area
0
-0.68
0
412.2982
400
-2620.029
1.0
Obj_FlowerBalsam_A_01
0.1276802
-1.075544
0.00294914
173.8982
283.1932
-2276.602
1.024424
Obj_TreeGhost_A_04
0
1.7
0
-41.29236
277.4462
-2439.721
1.0
LinkTagAnd
0
0
0
746.16
288.89
-2286.58
1.0
Npc_kokiri005
0
2.392389
0
421.3867
257.1288
-2146.897
1.0
Area
0
0
0
65
398
-2275.5
1.0
Enemy_Chuchu_Fire_Junior
0
-2.62
0
811.9
280.1428
-2368.5
1.0
FldObj_CliffCheeseWall_A_01
2.996451
0.1012407
3.133584
849
279.5
-2487
1.0
PosAfterDemoSkip
0
-2.887059
0
472.3352
250.1484
-2162.115
1.0
LinkTagPulse
0
0
0
732.014
285.6619
-2381.178
1.0
Area
0
0
0
-61.5
390.5
-2444.5
1.0
FldObj_CliffCheeseWall_A_02
-2.984259
0.5200822
3.141319
722
235.5
-2557.5
1.0
Obj_TreeGhost_A_01
0
3.139999
0
188.6547
282.5892
-2314.628
1.0
Area
0
0
0
-50
394.5
-2501.5
1.0
Area
0
0
0
635.5
348
-2358
1.0
DgnObj_EntranceElevator_A_01
0
0.2545331
0
470.7031
250.1486
-2168.785
1.0
Area
0
0.3490659
0
757.2
277.7
-2375.2
22
FldObj_CliffCheeseWall_A_02
3.078706
0.1781714
3.085183
220
239.5
-2608.5
1.0
DgnObj_DungeonEntrance_A_01_Far
0
0.2545331
0
470.7031
249.1484
-2168.785
1.0
FldObj_CliffCheeseRock_A_01
-0.08129629
-0.5682126
-0.2392404
823
270
-2044.5
1.0
LinkTagOr
0
0
0
374.5
256
-2085.5
1.0
BackseatKorok_8
0
0
0
366.2935
251.3571
-2114.629
1.0
Area
0
0
0
-103
390.5
-2434
1.0
LinkTagAnd
0
0
0
723.22
287.21
-2390.92
1.0
FldObj_CliffCheeseRock_A_01
-3.0002
0.7371609
3.135939
760
274
-2484
1.0
Area
0
-1.539999
0
681.9471
431.6973
-2758.165
1.692385
FldObj_CliffCheeseWall_A_02
3.057984
0.7367753
3.040096
435
237.5
-2663
1.0
Obj_FlowerImpatiens_B_01
0.08606816
-1.140365
0.07489403
142.664
281.9137
-2354.368
1.019618
Obj_RockDeathMt_D_L_01
-0.125206
-0.121134
-1.663772
945.417
367.5725
-2753.449
1.0
Area
0
0
0
205
400
-2285.5
1.0
SwitchTimeLag
0
0
0
724.04
285.75
-2395.86
1.0
FldObj_CliffDeathMt_D_10
-0.4318256
0.7948108
-0.04725086
186.0812
242.1723
-2786.225
1.0
Area
0
-0.7599999
0
427.162
286.1088
-2601.634
1.0
LinkTagOr
0
0
0
450
331
-2039
1.0
LinkTagOr
0
0
0
569.5
270
-2162
1.0
EventTag
0
0
0
423
339.5
-2187.5
1.0
LinkTagAnd
0
0
0
762.19
280.1971
-2280.81
1.0
LinkTagAnd
0
-2.142042E-08
0
464.0259
251.7101
-2108.843
1.0
Npc_HiddenKorokFly
0
-1.539999
0
685.1261
431.8878
-2758.458
1.0
FldObj_CliffCheeseWall_A_02
-3.023099
1.035275
2.991714
500
253
-2581.5
1.0
LinkTagNAnd
0
-1.539999
0
690.2106
439.3721
-2758.615
2
LinkTagAnd
0
0
0
412
342
-2187.5
1.0
FldObj_CliffGrayParts_A_05
2.049633
-0.08157459
1.927104
331.5035
262.0902
-2131.578
1.0
FldObj_CliffCheeseWall_A_02
-2.984259
0.5200822
3.141319
722
235.5
-2557.5
1.0
FldObj_CliffCheeseRock_A_01_Far
-1.516855
1.441973
-1.478998
246
269.5
-2656
1.0
Area
0
0
0
833
348
-2315.5
1.0
Area
0
0.2
0
634.847
286.1088
-2502.422
1.0
LinkTagAnd
0
0.3490659
0
729.97
291.2
-2306.26
1.0
Area
0
0
0
609
348
-2332
1.0
LinkTagOr
0
0.3490659
0
595.7851
343.1953
-2277.097
1.0
Plant_Fern_A
0.2910112
-0.03682277
0.2499974
499.9377
256.8061
-2104.781
1.0
KorokAnswerResponce
0
-1.539999
0
685.2184
435.8878
-2755.46
0.5
Area
0
0
0
596
275.3
-2209.4
40
BackseatKorok_1
0
0
0
442.2783
250.4346
-2072.365
1.0
ForceSetPosDirAutoSaveAnchor
0
2.70526
0
834.0641
282.1953
-2413.537
1.0
EventTag
0
0.3490659
0
593.9921
343.1953
-2273.252
1.0
AnchorAction1
0
-2.66
0
253.0529
280.3172
-2258.503
1.0
FldObj_CliffCheeseRock_A_01
-2.321755
0.8098257
-2.797368
902
271
-2460
1.0
Obj_BarrelOld_A_01
0
1.42
0
795.5
280.048
-2362.1
1.0
Area
0
0
0
875.5
348
-2399
1.0
FldObj_CliffCheeseRock_A_01_Far
-0.6387894
-1.434871
0.7731879
689
273.5
-2555.5
1.0
Area
0
-0.05999999
0
691
400
-2023
1.0
LinkTagAnd
0
-1.396264
0
727.2
288.8
-2393.5
1.0
LinkTagNAnd
0
0
0
427.8059
250.7497
-2102.74
1.0
TwnObj_Village_Korok_DekuTree_A_01
0
0.1977633
0
418.5082
245.7626
-2188.758
1.0
FldObj_CliffDeathMt_E_14
0.4833551
0.08703425
0.2971156
-16.39447
362.2575
-2831.29
1.0
FldObj_CliffGrayParts_A_04
-1.242217
-1.245818
0.5962957
460.7657
261.8333
-2043.866
1.2
Obj_BarrelOld_A_01
-0.38
0
-1.570796
794.1
279.7
-2364.9
1.0
FldObj_CliffCheeseRock_A_01_Far
-2.735319
-1.240202
2.792549
405.5
277.5
-2664
1.0
Area
0
0
0
317.5
392
-2219.5
1.0
LinkTagOr
0
0
0
439.5
252.5
-2095
1.0
LinkTagAnd
0
-1.010796
0
649.31
279.9
-2267.78
1.0
LinkTagAnd
0
0
0
111.0802
281.9131
-2352.271
1.0
SwitchTimeLag
0
0
0
783.3
286.42
-2305.41
1.0
LinkTagOr
0
0
0
487.5
256.5
-2098.5
1.0
FldObj_CliffDeathMt_D_10_Far
-1.602695
0.894622
-1.180149
95.81543
309.5515
-2877.179
1.0
SwitchTimeLag
0
0
0
807.76
281.85
-2371.34
1.0
SwitchTimeLag
0
0
0
746.27
288.99
-2285.19
1.0
LinkTagAnd
0
0
0
268.18
308.69
-2257.56
1.0
Area
0
0
0
187.5
398
-2240.5
1.0
FldObj_CliffDeathMt_D_10
-1.602695
0.894622
-1.180149
95.81543
309.5515
-2877.179
1.0
LinkTagNone
0
0
0
-12
285.5
-2444.5
1.0
EventTag
0
0
0
412
339.5
-2187.5
1.0
Area
0
-0.4363324
0
835.2634
280.6953
-2415.873
25
BackseatKorok_6
0
0
0
484.016
249.5351
-2141.904
1.0
Area
0
1.745329
0
719.4
289.8
-2329.4
1.0
EventTag
0
0
0
432.761
251.4803
-2102.915
1.0
Obj_Plant_CypressLow_A_02
-0.1667373
0.0257685
0.3059819
481.8482
259.4169
-2082.362
1.0
FldObj_CliffGrayParts_A_05_Far
0.6218708
0.135122
1.861162
399.2554
263.7404
-2282.946
1.0
FldObj_CliffDeathMt_C_05_Far
2.807623
-0.2962945
-3.058775
805.0762
339.9793
-2816.832
1.0
FldObj_CliffCheeseRock_A_01_Far
-0.1679721
-0.8968465
0.03068381
22
282
-2554
1.0
Obj_FlowerBalsam_A_01
0
-1.889154
0
123.5625
279.5652
-2338.54
1.077257
LinkTagAnd
0
0
0
417.905
347.5085
-2190.199
1.0
FldObj_CliffGrayParts_A_04_Far
2.414356
0.6775476
2.987075
382.947
271.323
-2050.59
1.2
FldObj_CliffCheeseRock_A_01_Far
-0.07603461
-0.4485823
-0.2500295
886.5
277
-2334.5
1.0
LinkTagAnd
0
0
0
99.72864
282.0355
-2358.333
1.0
DgnObj_DungeonEntrance_A_01
0
0.2545331
0
470.7031
249.1484
-2168.785
1.0
Area
0
0
0
-117
400
-2239
1.0
Area
0
1.04
0
645.2751
400
-2427.839
1.0
Item_Mushroom_A
-0.8943701
-0.7086661
0.1546303
418.8945
259.6936
-2191.285
1.0
Area
0
0
0
567
348
-2243
1.0
LinkTagNAnd
0
0
0
733.54
286.96
-2384.43
1.0
Area
0
0
0
874
348
-2347
1.0
FldObj_CliffCheeseRock_A_01_Far
-1.149345
-1.456205
1.045839
194
277.5
-2563.5
1.0
FldObj_CliffGrayParts_A_07_Far
-0.3304842
-0.03155998
0.06139018
446.2906
282.8447
-2288.883
1.0
Area
0
0
0
59.5
394.5
-2455
1.0
EventTag
0
0
0
436.3535
259.3073
-2108.835
1.0
Area
0
0
0
168.8
290.3
-2336.8
15
BackseatKorok_0
0
-0.7800001
0
537.2651
260.8627
-2130.053
1.0
Area
0
0
1.570796
177
634
-2444.5
1.0
FldObj_CliffCheeseRock_A_01_Far
-3.03536
-0.8690928
2.777275
858
273
-2282
1.0
Obj_RockDeathMt_D_L_01_Far
-0.125206
-0.121134
-1.663772
945.417
367.5725
-2753.449
1.0
AnchorAction2
0
0
0
420.6006
248.6252
-2133.345
1.0
FldObj_CliffGrayParts_A_04_Far
1.23988
-1.174847
-1.910917
515.3867
259.6013
-2139.501
1.2
Area
0
0
0
-69
390.5
-2528
1.0
FldObj_CliffGrayParts_A_04
3.060693
-0.2513362
-3.128436
323.6221
276.4686
-2023.221
1.0
Area
0
0
0
272
399.5
-2287.5
1.0
LinkTagOr
0
0
0
435
253.5
-2058.5
1.0
FldObj_CliffCheeseRock_A_01_Far
-0.1287183
-0.03588878
0.04205113
467.5
278
-2620.5
1.0
LookTag
0
-0.4363324
0
832.6189
281.1953
-2410.201
1.0
Area
0
0
0
550
348
-2227
1.0
LinkTagOr
0
0
0
430.5
252
-2095
1.0
LinkTagOr
0
0.3490659
0
591
311.5
-2202.4
5
Obj_FlowerImpatiens_B_01
0.1847959
0.878491
0.2562726
109.4532
279.3949
-2351.633
1.006692
BackseatKorok_5
0
0
0
375.4843
254.2054
-2084.954
1.0
DgnObj_EntranceTerminal_A_01
0
-0.2690657
0
474.1494
250.1486
-2163.482
1.0
Plant_Fern_A
0
0
0
441.9012
248.6651
-2092.722
1.0
Area
0
0
0
312
399.5
-2281
1.0
EventTag
0
0
0
434.1872
250.9865
-2102.558
1.0
FldObj_CliffCheeseRock_A_01
-0.07404999
0.3893214
-0.3112071
894.5
276
-2370
1.0
Obj_RockDeathMt_D_L_01_Far
0.38
-1.440001
0
0.08703613
359.7813
-2832.176
1.0
FldObj_CliffDeathMt_D_10_Far
-0.5115708
-0.02971075
-0.08791512
697.689
311.6703
-2734.808
1.2
FldObj_CliffGrayParts_A_04
2.160119
-1.116565
-2.907032
508.3613
251.4421
-2119.858
1.2
FldObj_CliffCheeseWall_A_01
-3.11754
-1.037431
2.974295
250.5
278
-2608.5
1.0
Area
0
0
0
699.5
348
-2388.5
1.0
LinkTagAnd
0
0
0
660.51
286.23
-2259.89
1.0
Area
0
0
0
240.5
398.5
-2200
1.0
Area
0
0
0
138.5
390.5
-2267.5
1.0
Area
0
0
0
197.5
398.5
-2160
1.0
FldObj_CliffCheeseRock_A_01_Far
-0.1627691
0.6573657
-0.06260252
254
271.5
-2586
1.0
Area
0
0
0
806
360
-2419
1.0
Npc_kokiri009
3.050189
-0.00350966
3.06489
256.5
281.345
-2226.5
1.0
Area
0
-0.1999999
0
319.0252
286.1088
-2644.255
1.0
Obj_FlowerImpatiens_B_01
0
-2.535215
0
-2.210876
279.9498
-2447.844
1.08306
PlayerForbidComebackTag
0
0.3490659
0
592.9228
343.1953
-2277.651
1.0
FireObserverTag
0
0
0
567.39
267.42
-2164.13
1.0
Item_Mushroom_M
-1.08
1.44533
0
415.3086
260.1068
-2185.419
1.0
EnemyLookTag
0
0
0
724.4
280
-2276.2
1.0
Area
0
0
0
863
348
-2371
1.0
FldObj_CliffCheeseRock_A_01_Far
-0.8787894
-1.434871
0.7731879
737
275
-2525.5
1.0
Area
0
0
0
544
392
-2281.5
1.0
LinkTagOr
0
0
0
422.5
251.5
-2118.5
1.0
Item_Mushroom_L
0
-0.6108652
-0.6399999
422.9141
260.0819
-2187.898
1.0
LinkTagAnd
0
-2.984583
0
425.5
256
-2115
1.0
Area
0
0
0
417.905
333.3445
-2190.199
14
Item_Material_01
0.01999999
-1.396264
0
433.5273
258.2546
-2181.045
1.0
ActorObserverTag
0
-2.984583
0
427.5
256
-2105
1.0
LinkTagAnd
0
-0.4363324
0
833.1613
282.1953
-2414.914
0.3
BackseatKorok_6
0
0
0
435.1293
251.6375
-2058.616
1.0
FldObj_CliffCheeseWall_A_02
-0.4573708
1.482138
-0.5807694
912.5
255
-2389
1.0
FldObj_CliffGrayParts_A_05
1.141871
0.135122
1.861162
345.4507
262.08
-2213.025
1.0
Plant_Fern_B
0
0
0
529.5192
259.6497
-2128.453
1.0
DestinationAnchor
0
0.5235988
0
562.42
264.6207
-2163.66
1.0
LinkTagAnd
0
0
0
425
254
-2137.5
1.0
Area
0
0.6599311
0
557.3541
392
-2073.655
1.0
LinkTagAnd
0
0
0
336
286
-2655.5
1.0
Obj_FlowerBalsam_A_01
3.013957
1.225204
2.975971
61.64847
280.014
-2429.196
1.042801
LinkTagAnd
0
0.3490659
0
832.0643
314.6953
-2399.81
1.0
Area
0
0
0
573
348
-2226
1.0
Obj_FlowerBalsam_A_01
-0.01657569
-0.4585262
0.1091241
84.28906
280.0936
-2396.696
1.06917
LinkTagOr
0
0
0
388.5
252
-2092
1.0
Area
0
0.4363323
0
553.452
391
-2029.999
1.0
Area
0
0
0
-26.5
390.5
-2401
1.0
TwnObj_MasterSwordBase_A_01
0
-2.984583
0
431.658
249.659
-2110.995
1.0
DgnObj_EntranceShutter_A_01
0
0.2545331
0
471.6599
250.1486
-2165.108
1.0
LinkTagAnd
0
0
0
407
342
-2187.5
1.0
LinkTagOr
0
0
0
416
344.5
-2187.5
1.0
Area
0
0.52
0
75.77344
290
-2416.621
1.0
Area
0
1.38353
0
579.5
350
-2265.5
1.0
Item_Material_03
0
0.2309342
0
431.209
258.2096
-2182.789
1.0
Area
0
0.4199999
0
188.4549
286.1088
-2518.897
1.0
LinkTagAnd
0
0
0
565.87
266.73
-2164.59
1.0
FldObj_CliffGrayParts_A_04_Far
-0.3114101
-0.692776
0.0396755
318.5571
269.6053
-2188.99
1.0
Area
0
0
0
849.5
359
-2471
1.0
EventTag
0
0
0
417.5
339.5
-2187.5
1.0
Item_PlantGet_B
0
0
0.8399997
427.4648
258.3784
-2181.977
1.0
Area
0
0
0
-91.5
394.5
-2521.5
1.0
Obj_TreeGhost_A_04
0
3.06
0
-41.56726
279.9724
-2480.404
1.0
Area
0
0
0
451.5
392
-2418.5
1.0
Item_Mushroom_M
1.669695
-0.8076874
-1.917159
415.6953
259.9613
-2185.539
1.0
Area
0
-0.66
0
714.1425
286.1088
-2532.493
1.0
Area
0
-0.5200002
0
725.6
285.3
-2391.8
15
Enemy_Keese_Fire_AllDay
0
-1.745329
0
725
281
-2272.4
1.0
Area
0
0
0
29
394.5
-2529.5
1.0
LinkTagAnd
0
0
0
835.2634
280.6953
-2415.873
1.0
LinkTagOr
0
0
0
432.1824
251.1562
-2104.041
1.0
LinkTagNAnd
0
0
0
827.73
287.89
-2358.21
1.0
FldObj_CliffCheeseRock_A_01
-0.08572524
0.3374149
0.1103868
652.5
276.5
-2557
1.0
Area
0
1.54
0
-50.20856
400
-2614.729
1.0
Area
0
0
0
529.44
336.12
-2213.91
1.0
Obj_FlowerImpatiens_B_01
-0.670845
-1.247798
0.6205913
30.63272
279.5112
-2439.172
1.042711
LinkTagNAnd
0
0
0
734.94
296.6553
-2334.83
1.0
Obj_FlowerImpatiens_B_01
3.092197
-0.3955025
3.039849
89.33597
279.9648
-2384.11
1.027955
Enemy_Octarock
0
-0.6806784
0
775.6
277.0847
-2299
1.0
Area
0
2.114464
0
719
348
-2344
1.0
Obj_ArrowBundle_A_01
-3.091325
0.6218923
3.126935
432.438
258.3276
-2178.141
1.0
LinkTagOr
0
0
0
366.5
262.5
-2063.5
1.0
Area
0
-2.984583
0
431.658
249.659
-2110.995
6
ActorObserverTag
0
0
0
417.905
347.5085
-2190.199
1.0
FldObj_CliffCheeseRock_A_01_Far
-0.5077253
-0.6516685
0.3644007
216
271
-2591
1.0
FldObj_CliffDeathMt_D_27
-0.7888006
-0.442219
0.2990641
505.368
331.2646
-2808.474
1.0
LinkTagAnd
0
0
0
721.47
279.3311
-2275.43
1.0
Area
0
0
0
803
348
-2270
1.0
Npc_kokiri002
0
0
0
417.5918
334.1695
-2180.273
1.0
DgnObj_EntranceTerminal_A_01
0
-0.9599311
0
836.3333
282.1955
-2413.435
1.0
Pot
0.1745329
1.657212E-09
1.570796
727.4
285.5
-2393
1.0
EventTag
0
0
0
-8.080078
281.1185
-2451.991
1.0
Obj_TreeBroadleaf_B_L_01
0
-1.894344
0
516.758
263.111
-2161.971
1.145508
Kibako_Contain_01
0
2.179861
0
668.5
282.2
-2263.8
1.0
Obj_TreeBroadleafRoot_B_L_01
0
0
0
544.5963
292.4446
-2299.429
1.0
FldObj_CliffGrayParts_A_04_Far
-2.766473
-0.6754837
-0.1029617
323.7974
276.1102
-2158.79
1.0
Obj_FlowerImpatiens_B_01
-0.3385018
-0.9746326
0.29796
42.45313
279.7197
-2435.852
1.048638
Area
0
0
0
555
348
-2263.5
1.0
Pot
0
-2.96706
0
725.5
285.3
-2391.2
1.0
LinkTagAnd
0
0
0
425
256.5
-2137.5
1.0
Area
0
1.280001
0
99.22079
400
-2041.673
1.0
AnchorAction10
0
1.103184
0
815.8798
282.8174
-2399.859
1.0
Enemy_Keese_Fire_AllDay
0
-1.396264
0
719.7
280.8
-2283.6
1.0
Area
0
0
0
494.0798
399.9866
-2556.459
1.0
Area
0
0.07999999
0
241.3501
400
-2610.895
1.0
Area
0
0
0
45.5
394.5
-2488.5
1.0
Area
0
-0.4800001
0
362.2088
392
-2348.014
1.0
LinkTagAnd
0
0
0
735.54
296.4558
-2336.05
1.0
LinkTagAnd
0
0.3490659
0
720.57
280.86
-2274.84
1.0
FldObj_CliffGrayParts_A_04_Far
3.060693
-0.2513362
-3.128436
323.6221
276.4686
-2023.221
1.0
LinkTagAnd
0
0
0
731.31
287.06
-2387.32
1.0
AnchorAction1
0
0
0
418.2266
260.444
-2188.531
1.0
LinkTagNOr
0
0
0
430
344.5
-2187.5
1.0
BackseatKorok_7
0
-0.98
0
472.4857
249.8651
-2105.509
1.0
LinkTagAnd
0
0
0
266.08
311.18
-2257.46
1.0
LinkTagOr
0
0
0
-12
285.5
-2449.5
1.0
Weapon_Shield_023
0.6704831
-1.484131
-2.646214
567.8313
265.2668
-2164.187
1.0
SwitchTimeLag
0
0
0
635.99
278.34
-2266.55
1.0
LinkTagPulse
0
0
0
689.62
281.41
-2269.96
1.0
ForceSetPosDirAutoSaveAnchor
0
-2.887059
0
472.3352
250.1484
-2162.115
1.0
FldObj_CliffGrayParts_A_07
-0.3304842
-0.03155998
0.06139018
446.2906
282.8447
-2288.883
1.0
Area
0
1.12
0
561.7266
268.8125
-2471.035
1.0
LinkTagAnd
0
0
0
761.76
291.67
-2376.73
1.0
BackseatKorok_0
0
0
0
430.9352
250.2187
-2079.608
1.0
AnchorAction1
0
-1.047198
0
430.0195
259.0328
-2179.871
1.0
SwitchTimeLag
0
0
0
719.27
279.5719
-2278.07
1.0
Obj_FlowerBalsam_A_01
0.1807622
-1.202429
-0.08197498
168.4373
284.0604
-2336.891
1.06593
FldObj_CliffGrayParts_A_04
2.414356
0.6775476
2.987075
382.947
271.323
-2050.59
1.2
Area
0
0
0
18
400
-2614
1.0
FldObj_CliffGrayParts_A_04
1.23988
-1.174847
-1.910917
515.3867
259.6013
-2139.501
1.2
AnchorSleep
0
2.96706
0
417.5918
334.1695
-2180.273
1.0
LinkTagNAnd
0
0
0
659.57
286.22
-2259.47
1.0
BackseatKorok_0
0
0
0
388.9654
249.987
-2092.204
1.0
LinkTagOr
0
-1.539999
0
687.212
441.3721
-2758.523
2
Area
0
0
0
133.5
398
-2310.5
1.0
Area
0
0
0
769
348
-2391
1.0
FldObj_CliffGrayParts_A_04
-0.4479566
1.20799
0.2396287
351.3096
270.9854
-2068.033
1.2
Area
0
0
0
165
400
-2069.5
1.0
Area
0
0
0
6
394.5
-2500
1.0
Area
0
0
0
-89
394.5
-2477.5
1.0
FldObj_CliffGrayParts_A_04_Far
0.3587571
-0.8279806
-1.594377
486.8085
264.9087
-2244.793
1.2
Area
0
0
0
654
348
-2221.5
1.0
FldObj_CliffCheeseWall_A_01_Far
-3.11229
0.260333
3.101272
352.5
276.5
-2699
1.0
Area
0
-0.2617994
0
574.6895
343.993
-2184.728
1.0
LinkTagAnd
0
0
0
697.01
279.9958
-2269.25
1.0
LinkTagAnd
0
-1.1
0
634.63
278.4
-2266.58
1.0
Area
0
0
0
644
348
-2246.5
1.0
Obj_FlowerImpatiens_B_01
-0.3566858
-0.3782144
0.02694545
192.4997
283.6776
-2266
1.002384
LinkTagNone
0
0
0
253.0529
280.3172
-2258.503
1.0
Item_Mushroom_M
1.309708
0.6582651
1.173908
415.3271
260.0771
-2185.04
1.0
Area
0
0
0
519.5
392
-2395.5
1.0
LinkTagNAnd
0
0
0
812.23
281.55
-2370.08
1.0
Area
0
-0.1599999
0
331.5
400
-2690
1.0
Area
0
0
0
306.5
398
-2323.5
1.0
Area
0
0
0
76.5
398
-2351.5
1.0
FldObj_CliffGrayParts_A_05
1.749633
-0.08157459
1.927104
340.2457
262.3917
-2097.691
1.0
LinkTagAnd
0
0
0
691.71
279.9884
-2268.79
1.0
FldObj_CliffDeathMt_D_10_Far
-0.3492457
-0.05902948
-0.1403175
701.9889
255.4431
-2668.137
1.2
LinkTagNAnd
0
0.2545331
0
472.6584
262.6484
-2167.227
0.6
LinkTagAnd
0
0
0
825.6082
320.2
-2397.739
1.0
Obj_FlowerBalsam_A_01
-0.4175176
1.403388
-0.4653579
181.7184
283.7902
-2270.024
1.058824
SwitchTimeLag
0
0
0
824.93
288.01
-2359.44
1.0
LinkTagAnd
0.1466461
0.008430135
-0.1146416
466.1722
252.2072
-2105.934
1.0
Weapon_Bow_013
0.5163328
-1.33946
-2.464013
568.0241
265.8916
-2165.145
1.0
Obj_RockDeathMt_D_L_01
0.38
-1.440001
0
0.08703613
359.7813
-2832.176
1.0
Area
0
0
0
763.5
280.5
-2287.8
15
FldObj_CliffCheeseRock_A_01
-0.1287183
-0.03588878
0.04205113
467.5
278
-2620.5
1.0
Kibako_Contain_01
0
0.4998615
0
670.807
282.1953
-2259.874
1.0
ActorObserverTag
0
0
0
406.5
339.5
-2185
1.0
FldObj_CliffGrayParts_A_05
1.141871
0.135122
1.861162
364.4625
261.1451
-2251.765
1.0
LinkTagOr
0
0
0
254.5
285.5
-2259
1.0
BackseatKorok_2
0
2.460001
0
361.6436
260.0831
-2066.923
1.0
FldObj_CliffCheeseWall_A_01_Far
-0.04303173
1.242631
-0.003675689
900
278.5
-2330.5
1.0
LinkTagAnd
0
-1.810796
0
660.4
286.9
-2261.17
1.0
LinkTagAnd
0
0
0
766.78
290.76
-2377
1.0
LinkTagAnd
0
-2.984583
0
430.5
253
-2116
1.0
Plant_Fern_A
-0.293005
0.006427036
0.04354875
487.338
254.3517
-2098.746
1.0
LinkTagAnd
0
0
0
823.38
287.95
-2358.05
1.0
LinkTagAnd
0
0
0
823.5
290
-2391.5
1.0
Area
0
-0.38
0
886.0018
286.1088
-2452.321
1.0
FldObj_CliffGrayParts_A_04
-0.3114101
-0.692776
0.0396755
318.5571
269.6053
-2188.99
1.0
LinkTagOr
0
0
0
563.5
266
-2167.5
1.0
EventTag
0
0
0
174.5764
291.8486
-2304.405
1.0
LinkTagAnd
0
0
0
731.44
296.29
-2338.83
1.0
Kibako_Contain_01
0
2.899862
0
666.602
280.1953
-2256.854
1.0
LinkTagAnd
0
0
0
407
339.5
-2186.5
1.0
LinkTagNAnd
0
0
0
567.26
265.1765
-2166.28
1.0
Area
0
0
0
788
348
-2451
1.0
Plant_Fern_A
0
0
0
366.7372
259.7453
-2063.599
1.0
Area
0
1.600001
0
805.7386
400
-2015.577
1.0
LinkTagOr
0
0
0
180.4796
293.2754
-2312.896
1.0
FldObj_CliffCheeseRock_A_01_Far
-0.4647165
-0.06023088
-0.09471839
835
270
-2477
1.0
Area
0
0
0
720
348
-2448
1.0
LinkTagNAnd
0
0
0
743.21
288.63
-2280.42
1.0
LinkTagPulse
0
0
0
634.3528
277.9985
-2269.696
1.0
Area
0
0.3490659
0
827.4556
285.1953
-2383.234
50
LinkTagNAnd
0
0
0
561.17
270.61
-2169.78
1.0
SwitchTimeLag
0
0
0
727.89
290.25
-2307.5
1.0
LinkTagNOr
0
0
0
424.5
344.5
-2187.5
1.0
Obj_ArrowBundle_A_01
-3.041592
0.781593
-3.141592
432.6758
258.3752
-2177.653
0.9999
LinkTagAnd
0
0
0
513.2822
400.1953
-2326.882
1.0
Plant_Fern_B
0
-0.86
0
400.7141
248.7104
-2131.013
1.0
Area
0
0
0
214
398
-2312
1.0
Area
0
0
0
894.027
306.1088
-2376.339
1.0
FldObj_CliffDeathMt_D_10
-0.5115708
-0.02971075
-0.08791512
697.689
311.6703
-2734.808
1.2
Pot
0
-2.96706
0
728.5
285.6
-2400.1
1.0
Enemy_Bokoblin_Bone_Junior_AllDay
0
0.02366694
0
685.7
280.3
-2276.1
1.0
Area
0
-0.5999997
0
245.9896
335
-2422.956
1.0
Area
0
0
0
757.5
348
-2255.5
1.0
FldObj_CliffDeathMt_D_10
-0.3492457
-0.05902948
-0.1403175
701.9889
255.4431
-2668.137
1.2
Area
0
0
0
174
396
-2371
1.0
FldObj_CliffCheeseRock_A_01_Far
-0.1518575
0.558597
-0.04352356
246.5
272.5
-2681
1.0
FldObj_CliffCheeseRock_A_01
-0.1065559
0.1951677
-0.1217845
363
279
-2645
1.0
Area
0
0
0
747.8239
285.2415
-2360.925
30
DestinationAnchor
0
-2.879793
0
447.5
251.4095
-2038.5
1.0
Area
0
0
0
432
248.623
-2110
11
TwnObj_Village_KorokTree_LL_B_01
0
0.2254578
0
405.801
248.9956
-2132.381
1.145508
FldObj_CliffGrayParts_A_04_Far
-1.134604
-0.5064675
0.1208745
488.246
253.1841
-2226.25
1.2
FldObj_CliffCheeseRock_A_01_Far
-0.08129629
-0.5682126
-0.2392404
823
270
-2044.5
1.0
LinkTagNAnd
0
0
0
728.6
286.76
-2389.68
1.0
Obj_FlowerBalsam_A_01
-0.2414122
0.6427712
-0.2082675
53.71878
279.7121
-2433.493
1.05643
Area
0
0.2
0
787.574
400
-2104.832
1.0
FldObj_CliffCheeseRock_A_01
-1.149345
-1.456205
1.045839
194
277.5
-2563.5
1.0
LinkTagNAnd
0
-0.4363324
0
837.5706
294.6953
-2417.271
0.6
Area
0
-0.18
0
350.6555
392
-2272.426
1.0
Area
0
0
0
225.5
396.5
-2163
1.0
Obj_FlowerImpatiens_B_01
0.1317815
-0.8961734
-0.1728027
116.1484
279.1418
-2344.93
1.011978
Obj_RockDeathMt_D_L_01_Far
-0.5018673
-0.04245317
-0.1652626
483.7411
296.5276
-2837.585
1.0
LinkTagAnd
0
0
0
806.04
283.25
-2371.65
1.0
LinkTagAnd
0
0
0
563
269
-2169
1.0
Area
0
0.36
0
-40.34766
275.6797
-2126.359
1.0
AnchorAction2
0
-2.945054
0
421.5
258.4697
-2179.579
1.0
Area
0
0.8377581
0
651.2321
400
-2100.281
1.0
AnchorAction2
0
-2.519999
0
-9.353271
279.6457
-2448.412
1.0
FldObj_CliffGrayParts_A_04_Far
-1.511007
0.2903726
0.955022
479.6195
258.7149
-2258.395
1.2
FldObj_CliffCheeseRock_A_01_Far
-0.07404999
0.3893214
-0.3112071
894.5
276
-2370
1.0
Npc_Kokiri011
0
-1.308997
0
564.99
264.8304
-2160.65
1.0
FldObj_CliffCheeseRock_A_01
-3.065616
0.4469941
2.891429
775
277
-2141.5
1.0
FldObj_CliffGrayParts_A_05_Far
1.141871
0.135122
1.861162
364.4625
261.1451
-2251.765
1.0
FldObj_CliffCheeseRock_A_01_Far
-0.1065559
0.1951677
-0.1217845
363
279
-2645
1.0
Obj_Plant_HopBush_A_01
0
-0.98
0
461.5593
248.6668
-2123.733
1.090495
Area
0
0
0
722
348
-2349.5
1.0
BackseatKorok_6
0
-1.659999
0
486.9633
254.814
-2099.79
1.0
EventTag
0
0
0
175.5842
288.9045
-2269.413
1.0
Area
-1.570796
-0.6981317
0
664.1345
400
-2287.425
1.0
FldObj_CliffCheeseRock_A_01
-0.5077253
-0.6516685
0.3644007
216
271
-2591
1.0
LinkTagNone
0
0
0
418.0528
258.456
-2177.638
1.0
EventTag
0
-2.984583
0
426.5
253
-2110
1.0
FldObj_CliffDeathMt_D_11
-0.4549665
0.1378172
-0.1149515
-144.1622
336.953
-2807.578
1.0
Area
0
0
0
138
394.5
-2457.5
1.0
EventTag
0
-0.2690657
0
474.1494
250.1484
-2163.482
0.6
BackseatKorok_3
0
2.503184
0
351.8512
266.8866
-2043.144
1.0
FldObj_CliffCheeseWall_A_01
-0.04303173
1.242631
-0.003675689
900
278.5
-2330.5
1.0
PosAfterDemoSkip
0
2.70526
0
834.0641
282.1953
-2413.537
1.0
Area
0
0
0
59.5
390.5
-2362
1.0
DgnObj_DungeonEntrance_A_01_Far
0
-0.4363324
0
837.0564
281.1953
-2419.718
1.0
FldObj_CliffGrayParts_A_05
-2.086712
0.5584407
-1.022604
413.9509
263.3102
-2016.185
1.0
FldObj_CliffCheeseRock_A_01_Far
-3.065616
0.4469941
2.891429
806
275
-2022
1.0
Area
0
-0.32
0
-169.1262
400
-2538.307
1.0
LinkTagOr
0
0
0
446
251.5
-2115
1.0
Area
0
0
0
90.5
400
-2601
1.0
FldObj_CliffGrayParts_A_04
-1.511007
0.2903726
0.955022
479.6195
258.7149
-2258.395
1.2
PlayerSetComebackPositionTag
0
2.530727
0
567.6065
265.5343
-2172.221
1.0
LinkTagPulse
-0.1361648
0.001439595
0.02111144
730.81
286.39
-2392.15
1.0
LinkTagOr
0
0
0
458.5
254
-2093
1.0
FldObj_CliffCheeseWall_A_02
-2.964495
1.346995
-3.093779
839.5
229
-2240.5
1.0
Obj_FlowerImpatiens_B_01
-0.1932965
1.149377
-0.2811046
244.7
281.463
-2262.1
1.008376
Area
0
1.02
0
90.62476
400
-2545.438
1.0
LinkTagNAnd
0
0
0
691.54
279.9978
-2270.47
1.0
EventTag
0
0
0
91.09186
284.7988
-2371.062
1.0
Enemy_Octarock_Forest
0
-0.523599
0
761.7
286.3
-2339.4
1.0
Area
0
0
0
543.5
348
-2201.5
1.0
FldObj_CliffCheeseRock_A_01
-0.8787894
-1.434871
0.7731879
737
275
-2525.5
1.0
Item_MushroomGet_D
-3.001082
-0.9734575
-2.585973
415.1973
259.9255
-2189.404
1.0
LinkTagAnd
0
0
0
178.7627
290.9204
-2329.675
1.0
Area
0
0
0
123
399.5
-2379
1.0
FldObj_CliffCheeseWall_A_01
2.970931
1.0785
-3.078674
841
278
-2031
1.0
FldObj_CliffCheeseWall_A_02
-2.372202
1.514565
-2.497948
908.5
237
-2432.5
1.0
Area
0
0.22
0
540.5992
392
-2341.695
1.0
FldObj_CliffCheeseRock_A_01
-1.384906
-1.182125
1.621952
607.5
275
-2565.5
1.0
Area
0
0
0
249
398.5
-2182.5
1.0
LinkTagAnd
0
0
0
836.3333
282.1955
-2413.435
1.0
LinkTagNAnd
0
0
0
780.24
286.95
-2306.73
1.0
LinkTagNAnd
0
0
0
648.11
278.9144
-2268.15
1.0
Obj_Plant_HopBush_A_01
0
0.5322574
0
439.3651
248.7376
-2095.196
1.098121
Area
0
0
0
417.8516
333.41
-2182.422
1.0
FldObj_CliffCheeseRock_A_01_Far
-1.563355
1.502295
-1.846394
892.5
273
-2417.5
1.0
ActorObserverTag
0
0
0
428.5
339.5
-2185
1.0
LinkTagOr
0
0
0
464.5
251.5
-2135.5
1.0
FldObj_CliffGrayParts_A_04_Far
-0.1549424
-1.225642
-0.4823689
523.4677
274.072
-2186.676
1.2
LinkTagAnd
0
0
0
-9.5
283
-2448.5
1.0
SwitchTimeLag
-1.570796
-1.539999
0
685.1569
437.8878
-2757.459
0.5
Obj_BarrelOld_A_01
0
0
0
819.7001
280.146
-2352.1
1.0
EventTag
0
0
0
102.5138
282.1396
-2359.218
1.0
Item_Mushroom_L
-0.0799677
-1.222965
-0.8441036
422.131
260.0063
-2187.742
1.0
Area
0
0
0
568.19
265.25
-2164.01
0.5
Obj_TreeBroadleaf_B_L_01
0
1.145457
0
415.3864
249.1991
-2091.6
1.0
FldObj_CliffCheeseRock_A_01_Far
-2.982554
-0.8515562
2.920464
280
275
-2613
1.0
Enemy_Chuchu_Junior
0
1.745329
0
713.1416
286.8953
-2328.325
1.0
Npc_OldKorok
0
-0.9799989
0
466.0295
249.5574
-2112.385
1.0
LinkTagAnd
0
0
0
742.13
288.75
-2281.66
1.0
FldObj_CliffGrayParts_A_05_Far
1.141871
0.135122
1.861162
345.4507
262.08
-2213.025
1.0
LinkTagAnd
0
0
0
474.6914
248.8438
-2167.824
1.0
Area
0
0
0
537.5
392
-2165
1.0
Weapon_Sword_025
1.099721
-1.306305
-3.021026
567.6008
265.0491
-2162.897
0.9915404
FldObj_CliffGrayParts_A_04
2.826664
0.5765286
3.136923
307.2925
277.4765
-2172.778
1.0
LinkTagOr
0
0
0
337.5
260.5
-2165.5
1.0
LinkTagOr
0
0
0
461.5
252
-2123.5
1.0
FldObj_CliffGrayParts_A_04
2.99704
-1.454421
2.705912
488.6635
272.9942
-2263.87
1.2
Area
0
0
0
429.3405
273.3808
-2144.798
15
Area
0
0
0
619.5
343
-2162.5
1.0
FldObj_CliffCheeseRock_A_01_Far
-3.046144
-0.7695982
2.792014
840.5
276.5
-2020
1.0
FldObj_CliffGrayParts_A_04_Far
2.160119
-1.116565
-2.907032
508.3613
251.4421
-2119.858
1.2
SwitchTimeLag
0
0
0
741.53
287.77
-2342.19
1.0
Obj_RockDeathMt_D_L_01_Far
2.835205
0.203705
1.445996
654.2461
325.6786
-2801.483
1.0
LinkTagAnd
0
0
0
-10.86536
281.2526
-2451.106
1.0
Area
0
0
0
560.5
355
-2207
1.0
LinkTagNOr
0
0
0
408
344.5
-2187.5
1.0
Area
0
0
0
568.39
265.56
-2165.17
0.5
FldObj_CliffDeathMt_D_10
-0.507174
0.6107955
-0.4383118
165.1164
288.5646
-2812.578
1.0
LinkTagAnd
0
0
0
-15.5
302
-2450
1.0
Animal_Wolf_A
0
-0.5568147
0
85
280.0674
-2418.763
1.0
Area
0
1.214464
0
825.6082
320.2
-2397.739
1.0
Area
0
0
0
699
348
-2243.5
1.0
Area
0
0
0
850.5
359
-2396.5
1.0
Plant_Fern_B
0
1.26
0
388.7325
248.9689
-2092.087
1.0
Area
0
0
0
370.6898
392
-1971.994
1.0
DgnObj_WarpPoint_A_01
0
-0.4363324
0
833.1703
282.1583
-2411.384
1.0
FldObj_CliffGrayParts_A_04
2.376725
-0.7526666
3.097565
491.3985
260.9211
-2087.346
1.2
BackseatKorok_3
0
0
0
400.8356
249.5222
-2130.23
1.0
LinkTagAnd
0
0
0
781.58
287.01
-2305.96
1.0
LinkTagNone
0
0
0
431.657
250.5631
-2139.545
1.0
FldObj_CliffCheeseRock_A_01
-0.1326333
-0.6952695
0.09287445
38.5
271.5
-2608
1.0
FldObj_CliffCheeseRock_A_01_Far
-2.004802
1.455544
-2.108392
795.5
273
-2485.5
1.0
FldObj_CliffGrayParts_A_04
-0.3114101
-0.692776
0.0396755
315.5913
275.8973
-2193.993
1.0
LinkTagPulse
0
0
0
740.06
285.64
-2279.6
1.0
Area
0
0
0
872
348
-2447.5
1.0
LinkTagNAnd
0
0
0
764.03
280.2051
-2283.63
1.0
Area
0
3.141593
0
710.5
282
-2272.6
10
Area
0
-0.04000007
0
-40.43152
286.1088
-2544.781
1.0
BackseatKorok_8
0
-1.38
0
472.3336
252.5066
-2100.327
1.0
Obj_TreeBroadleaf_B_L_01
-1.667966
-1.289538
1.664171
392.7929
285.7513
-2032.925
1.0
FldObj_CliffCheeseRock_A_01_Far
-0.1336432
-0.2738467
0.07375046
271
277
-2688
1.0
EventTag
0
0
0
145.7952
284.6121
-2361.124
1.0
Area
0
0
0
108
402
-2292.5
1.0
Enemy_Keese_AllDay
0
-0.7199312
0
626.4
281.4
-2266
1.0
Area
0
0
0
762.5
348
-2205.5
1.0
Area
0
0
0
535
392
-2299
1.0
Enemy_Chuchu_Junior
0
2.532389
0
656.4
279.5713
-2257.5
1.0
BackseatKorok_3
0
0
0
480.0462
249.795
-2136.375
1.0
LinkTagPulse
0
0
0
746.1785
285.2016
-2340.822
1.0
Item_Mushroom_A
-0.6527518
0.5556959
0.3229195
418.4102
259.7511
-2191.762
1.0
FldObj_CliffCheeseRock_A_01
-0.1627691
0.6573657
-0.06260252
254
271.5
-2586
1.0
FldObj_CliffCheeseWall_A_02
3.077571
-0.01388235
-3.065732
21.5
253
-2623.5
1.0
Area
0
0
0
829
348
-2279.5
1.0
Enemy_Octarock
0
0.1047198
0
771.6
276.6905
-2310.9
1.0
Area
0
0
0
677.5
348
-2236
1.0
LinkTagAnd
0
0
0
417.5
339.5
-2186.5
1.0
Npc_kokiri012
0
0
0
419.2813
248.6548
-2134.93
1.0
LinkTagPulse
0
0
0
660.6
286.08
-2258.08
1.0
LinkTagAnd
0
0
0
172.799
288.6142
-2268.528
1.0
LinkTagAnd
0
0
0
226.7913
296.0588
-2271.075
1.0
Item_Mushroom_L
0
1.569177
-0.48
422.5368
259.9503
-2188.385
1.0
FldObj_CliffCheeseRock_A_01
-0.1336432
-0.2738467
0.07375046
271
277
-2688
1.0
Pot
0.3615926
-0.1745329
-1.570796
730.9
285.4
-2384.8
1.0
Area
1.047198
0
1.570796
745
604.5
-2309.897
1.0
DgnObj_MasterSwordBase_100EnemyOut
0
-2.984583
0
431.6581
249.659
-2110.995
1.0
SwitchTimeLag
0
0
0
787.87
288.04
-2341.72
1.0
AnchorAction3
0
3.141593
0
257
281.5769
-2227
1.0
Item_Material_01
3.041592
-0.3653292
-3.141592
433.6991
258.4878
-2180.748
1.0
Plant_Fern_B
0
5.845946
0
480.2427
248.5688
-2136.733
1.0
LinkTagAnd
0
0
0
431.658
249.9669
-2110.995
1.0
Obj_HeartUtuwa_A_01
0
-2.332388
0
417.6184
262.597
-2178.052
1.0
LinkTagOr
0
0
0
482
262.5
-2082.5
1.0
LinkTagAnd
0
0
0
855.79
283.56
-2410.77
1.0
Area
0
0
0
862
359
-2423.5
1.0
FldObj_CliffCheeseWall_A_02
3.076787
-0.3008877
3.115574
259.5
256.5
-2696.5
1.0
EventTag
0
-2.984583
0
436.5
253
-2112
1.0
LinkTagOr
0
0
0
422.5
256.5
-2136
1.0
LinkTagAnd
0
0
0
-15.5
302
-2448
1.0
LinkTagAnd
0
0
0
729.04
286.61
-2391.05
1.0
Area
0
0
0
-5.5
390.5
-2410
1.0
WarpTag
0
0
0
244.7757
330.6001
-2247.987
1.0
Obj_TreeBroadleaf_B_L_01
0
-1.02
0
344.217
290.516
-2310.101
1.0
Obj_Plant_HopBush_A_01
-0.2882648
-0.01661537
-0.1143567
366.1808
249.913
-2114.456
1.0
Enemy_Chuchu_Junior
0
-1.396264
0
728.3142
287.2953
-2331.08
1.0
FldObj_CliffGrayParts_A_04_Far
2.869281
-0.4550232
2.936408
348.4756
273.2449
-2032.936
1.0
DgnObj_EntranceElevator_A_01
0
-0.4363324
0
837.0564
282.1955
-2419.718
1.0
LinkTagPulse
0
0
0
736.6
296.56
-2334.83
1.0
LinkTagAnd
0
0.1745329
0
693.8
281.65
-2270.23
1.0
ActorObserverTag
0
0
0
412
339.5
-2185
1.0
Enemy_Bokoblin_Bone_Junior_AllDay
0
-2.292665
0
828.3
284.3977
-2351.3
1.0
Kibako_Contain_01
0
2.039861
0
666.5
282.1953
-2256.5
1.0
Plant_Fern_A
0
-0.6599999
0
399.2386
249.1871
-2088.837
1.0
LinkTagNAnd
0
0
0
835.65
317.33
-2399.57
1.0
EventTag
0
0
0
120.334
282.3159
-2359.272
1.0
Obj_BarrelOld_A_01
0
1.42
0
794.3
280.0079
-2362.4
1.0
FldObj_CliffDeathMt_D_11_Far
-0.4549665
0.1378172
-0.1149515
-144.1622
336.953
-2807.578
1.0
AnchorSleep
0
-1.308997
0
564.99
264.8304
-2160.65
1.0
LinkTagNAnd
0
0
0
605.22
272.67
-2223.06
1.0
FldObj_CliffCheeseWall_A_01_Far
2.84574
-0.8762854
-3.063539
133.5
279.5
-2579.5
1.0
LinkTagOr
0
0
0
478.5
255
-2105.5
1.0
Area
0
0
0
431.658
249.9669
-2110.995
10
LinkTagAnd
0
0.2545331
0
470.7622
250.1484
-2162.601
0.3
LinkTagNAnd
0
0
0
743.67
287.82
-2339.98
1.0
LinkTagOr
0
0
0
366.5
252.5
-2115.5
1.0
Kibako_Contain_01
0
-2.563324
0
669.7557
280.1953
-2261.675
1.0
FldObj_CliffCheeseWall_A_01
2.990112
-0.119512
3.090325
619.5
275.5
-2575
1.0
LinkTagOr
0
0
0
422.5
256.5
-2133.5
1.0
Area
0
0
0
219.5
398.5
-2237
1.0
AnchorAction1
0
-3.02
0
256.9
281.693
-2229
1.0
WarpSafeTag
0
0.3490659
0
596.8112
343.1953
-2274.278
1.0
LinkTagOr
0
0
0
821
290
-2390
1.0
Obj_FlowerBalsam_A_01
-0.1211622
-0.01266087
-0.2079841
174.8748
284.0109
-2305.985
1.027652
LinkTagOr
0
0
0
400.5
251.5
-2131
1.0
Obj_StaminaUtuwa_A_01
0
-2.332388
0
417.6184
262.597
-2178.052
1.0
LinkTagAnd
0
0
0
784.94
289.96
-2342.58
1.0
DestinationAnchor
0
2.872527
0
473.8836
250.1484
-2162.518
1.0
Item_Material_03
0
-0.6526645
0
431.7852
258.223
-2182.461
1.0
EnemyLookTag
0
0
0
811.5
282.3
-2367.8
1.0
Kibako_Contain_01
0
1.99986
0
669.6166
280.1953
-2257.177
1.0
FldObj_CliffGrayParts_A_04
-1.134604
-0.5064675
0.1208745
488.246
253.1841
-2226.25
1.2
LinkTagAnd
0
0
0
634.65
278.57
-2264.67
1.0
LinkTagAnd
0
2.38
0
421.8182
264.2254
-2172.771
1.0
LinkTagAnd
0
0
0
417
264
-2187
1.0
LinkTagAnd
0
0
0
648.79
279.1344
-2269.19
1.0
FldObj_CliffCheeseRock_A_01
-2.98936
-0.8120393
2.929669
696
275
-2525
1.0
LinkTagOr
0
0
0
336
286
-2658.5
1.0
FldObj_CliffGrayParts_A_04
2.869281
-0.4550232
2.936408
348.4756
273.2449
-2032.936
1.0
Obj_FlowerImpatiens_B_01
-3.076081
0.09449194
-3.069963
151.2968
283.3317
-2355.907
1.09762
Area
0
0
0
188.5
392
-2040.5
1.0
LinkTagOr
0
0
0
442
251.5
-2092.5
1.0
EventTag
0
0
0
84.33401
283.6932
-2408.897
1.0
EventTag
0
0
0
258.5
292
-2261.3
1.0
FldObj_CliffCheeseWall_A_01_Far
-0.03241025
-1.183851
-0.1165698
237.5
277.5
-2657.5
1.0
LinkTagNone
0
0
0
417.5918
334.1695
-2180.273
1.0
FldObj_CliffCheeseWall_A_01
-0.03241025
-1.183851
-0.1165698
237.5
277.5
-2657.5
1.0
PlayerForbidComebackTag
0
0
0
373.0233
400
-2831.802
10
Area
0
0.3490659
0
729.2
285.2
-2278.1
30
Obj_TreeBroadleaf_B_L_01
0
-0.9943442
0
395.4142
283.0997
-2287.051
1.145508
Obj_FlowerImpatiens_B_01
2.995894
0.08491234
-2.963271
159.3905
283.2956
-2347.157
1.017866
Enemy_Chuchu_Electric_Senior
0
-0.76
0
766
280.1931
-2290
1.0
LinkTagAnd
0
0
0
244.7757
330.6001
-2247.987
1.0
LinkTagAnd
0
0
0
827.11
287.91
-2357.23
1.0
FldObj_CliffGrayParts_A_04
0.3587571
-0.8279806
-1.594377
486.8085
264.9087
-2244.793
1.2
LinkTagNAnd
0.09485368
-0.00634144
0.1334119
566.1
264.946
-2165.3
1.0
Obj_FlowerImpatiens_B_01
-0.04823087
-0.003797361
-0.1571118
173.1286
284.7596
-2301.665
1.012375
Area
0
0
0
529.44
336.12
-2272.89
1.0
BackseatKorok_1
0
0
0
439.1336
250.5785
-2095.104
1.0
Area
0
0
0
209.5
402
-2370.5
1.0
Obj_FlowerBalsam_A_01
0
-1.443269
0
7.234406
280.0214
-2446.368
1.076671
Obj_BarrelOld_A_01
0
0
0
803.6
280.1435
-2372.9
1.0
FldObj_CliffCheeseWall_A_01_Far
2.995745
0.1408182
3.127743
799
278
-2497
1.0
AreaCulling_InnerHide
0
0.1999999
0
419.7637
261.6967
-2182.165
1.0
FldObj_CliffGrayParts_A_04_Far
2.963381
-0.9283147
2.856952
369.0879
270.3418
-2050.199
1.2
FldObj_CliffCheeseRock_A_01_Far
-0.1728114
-0.7287263
0.1531265
140
272.5
-2571
1.0
Kibako_Contain_01
0
2.139862
0
671.7567
280.1953
-2257.881
1.0
Plant_Fern_A
0
4.250716
0
422.6156
248.6414
-2118.421
1.0
Kibako_Contain_01
0
2.099862
0
670.08
282.1953
-2261.819
1.0
LinkTagNAnd
0
-1.384587
0
428.0004
256
-2139
1.0
Area
-1.570796
-1.134464
6.084437E-08
755.3785
400
-2295.357
1.0
Obj_Plant_HopBush_A_01
-0.2891448
-0.0183941
-0.1261802
435.076
249.9552
-2058.521
1.053293
LinkTagAnd
0
0
0
634.12
278.77
-2267.9
1.0
FldObj_CliffCheeseRock_A_01
-0.1088456
-0.282156
-0.07062802
310.5
274.5
-2605.5
1.0
LinkTagAnd
0
0
0
681.9471
431.6973
-2758.165
1.0
BackseatKorok_5
0
2.959999
0
367.119
260.614
-2063.927
1.0
Area
0
0
0
830.5
348
-2305.5
1.0
FldObj_KorokTarget_A_01
0
-1.72
0
688.0396
432.7159
-2757.391
1.0
LinkTagAnd
0
0.3490659
0
605.9
275.4
-2220.6
1.0
LinkTagAnd
0
0
0
789.17
288.18
-2339.81
1.0
Area
0
0
0
743
348
-2420.5
1.0
LinkTagAnd
0
0
0
797.7169
282.8414
-2357.728
2
Npc_kokiri004
0
0
0
418.2266
260.444
-2188.531
1.0
Obj_RockDeathMt_D_L_01
0.4259485
-0.3376748
-1.367104
911.2933
346.5801
-2845.064
1.0
Obj_Plant_HopBush_A_02
0.08776139
-0.01234738
0.2793802
474.4282
249.2053
-2105.504
1.04344
FldObj_CliffCheeseRock_A_01
-0.2569904
-1.041759
0.2605059
329
279
-2692
1.0
FldObj_CliffCheeseWall_A_01
2.84574
-0.8762854
-3.063539
133.5
279.5
-2579.5
1.0
Area
0
0
0
202.5
398.5
-2207.5
1.0
Area
0
0
0
706.0703
295.8828
-2117.695
1.0
LinkTagAnd
0
0
0
732.31
286.43
-2384.09
1.0
Area
0
0
0
664.5
348
-2279.5
1.0
LookTag
0
0.2545331
0
473.347
249.1484
-2158.624
1.0
FldObj_CliffCheeseRock_A_01
-0.1518575
0.558597
-0.04352356
246.5
272.5
-2681
1.0
LinkTagAnd
0
0
0
41.14243
282.3026
-2441.825
1.0
Area
0
0.9999976
0
334.4673
392
-2225.276
1.0
FldObj_CliffCheeseWall_A_01_Far
-3.107735
0.5801769
3.112292
477
276
-2626.5
1.0
FldObj_CliffDeathMt_D_27_Far
-0.7888006
-0.442219
0.2990641
505.368
331.2646
-2808.474
1.0
LinkTagOr
0
0
0
442.5
252.5
-2071.5
1.0
LinkTagAnd
0
-0.4363324
0
834.8517
294.6953
-2418.539
0.6
Enemy_Bokoblin_Bone_Junior_AllDay
0
-0.2000002
0
726.2
285.2
-2392.6
1.0
Area
0
-1.514576
0
534.5
392
-2210
1.0
Kibako_Contain_01
0
-3.063324
0
671
284.2
-2257.5
1.0
LinkTagAnd
0
0
0
725.39
286.29
-2395.66
1.0
Area
0
0
0
889.5
360
-2425
1.0
FldObj_CliffGrayParts_A_04_Far
2.826664
0.5765286
3.136923
307.2925
277.4765
-2172.778
1.0
LinkTagAnd
0
0
0
662.6205
284.8365
-2256.726
2
Area
0
0.6199999
0
-39.94531
280.9063
-2414.688
1.0
Obj_RockLayerMoss_B_Cliff_01_Far
-0.641449
1.507655
-0.5862743
634.8803
294.8452
-2312.79
1.0
LinkTagNAnd
0
0
0
728.77
291.36
-2369.49
1.0
LinkTagOr
0
0
0
484
252
-2141.5
1.0
Area
0
-0.9799989
0
466.0295
246.9402
-2112.385
46
Obj_FlowerBalsam_A_01
0.0105715
-0.2651843
-0.1006564
176.8201
283.1958
-2315.735
1.083864
Weapon_Sword_070
1.570796
-2.984583
0
431.658
250.532
-2110.995
1.0
LinkTagOr
0
0
0
565
265.5
-2165.5
1.0
LinkTagAnd
0
0.3490659
0
763.81
291.46
-2376.57
1.0
FldObj_CliffCheeseRock_A_01_Far
-3.065616
0.4469941
2.891429
827
275
-2239.5
1.0
FldObj_CliffDeathMt_E_14_Far
0.4833551
0.08703425
0.2971156
-16.39447
362.2575
-2831.29
1.0
FldObj_CliffGrayParts_A_04_Far
-1.242217
-1.245818
0.5962957
460.7657
261.8333
-2043.866
1.2
LinkTagAnd
0
0.2545331
0
470.7622
250.1484
-2162.601
0.3
FldObj_KorokPinwheel_A_01
-0.249928
-0.005614233
-0.3708462
682.9268
431.3549
-2758.86
1.0
FldObj_CliffCheeseRock_A_01_Far
-2.98936
-0.8120393
2.929669
696
275
-2525
1.0
BeeHome
0
0
0.4799999
178.4067
287.9523
-2310.799
1.0
Area
0
0
0
-52
390.5
-2367.5
1.0
FldObj_CliffCheeseRock_A_01
-3.065616
0.4469941
2.891429
827
275
-2239.5
1.0
Enemy_Moriblin_Senior
0
-0.1568144
0
698.7863
321.392
-2832.733
1.0
Area
0
-0.01999999
0
747.4112
400
-2501.06
1.0
Area
0
0
0
597
392
-2112.5
1.0
LocationTag
0
0
0
433.8158
268.455
-2208.076
1.0
LinkTagAnd
0
0.2545331
0
469.755
262.6484
-2166.472
0.6
Plant_Fern_A
0
0
0
382.5209
248.2784
-2135.45
1.0
LinkTagAnd
0
0
0
811.33
281.72
-2369.3
1.0
LinkTagNAnd
0
0
0
265.2
310.87
-2255.65
1.0
LinkTagAnd
0
-1.539999
0
685.1105
434.3878
-2758.958
1.0
LinkTagAnd
0
0
0
836.06
321.39
-2399.69
1.0
Obj_TreeBroadleaf_B_L_01
0
-0.8200002
0
270.8203
286.3544
-2022.227
1.0
LinkTagAnd
0
0
0
744.12
288.03
-2341.61
1.0
LinkTagAnd
0
-1.539999
0
695.2083
439.3721
-2758.769
2
Obj_RockDeathMt_D_L_01_Far
0.26
0
-1.58
88.58981
342.8597
-2799.659
1.0
LinkTagAnd
0
0
0
729.55
292.3
-2367.31
1.0
FldObj_CliffGrayParts_A_05
-1.255192
0.3617817
1.270337
527.9937
266.0571
-2212.445
1.0
FldObj_CliffCheeseRock_A_01
-3.046144
-0.7695982
2.792014
840.5
276.5
-2020
1.0
LinkTagPulse
-0.04301736
-0.0005734436
-0.02665534
782.94
287.72
-2341.03
1.0
EventTag
0
0
0
113.8654
282.0926
-2353.155
1.0
FldObj_CliffCheeseRock_A_01
-3.065616
0.4469941
2.891429
757
277.5
-2186
1.0
AnchorAction1
0
-1.320138
0
438.7246
248.6203
-2132.215
1.0
LinkTagPulse
0
0
0
733.37
291.81
-2309.23
1.0
Enemy_Bokoblin_Bone_Junior_AllDay
0
-0.698132
0
738.4
284.4289
-2294.8
1.0
FldObj_CliffCheeseRock_A_01
-0.1287183
-0.03588878
0.04205113
549.5
276
-2540
1.0
LinkTagAnd
0
0
0
741.99
287.7
-2340.33
1.0
FldObj_CliffDeathMt_D_27
-0.7305202
-0.3484684
0.2363257
862.7508
369.0146
-2726.349
1.0
FldObj_CliffCheeseRock_A_01_Far
-1.384906
-1.182125
1.621952
607.5
275
-2565.5
1.0
Obj_TreeGiant_A_01
0.3392448
-1.138087
-0.3100321
72.81015
279.9853
-2389.335
0.2
EventTag
0
-0.9599311
0
836.3333
282.1953
-2413.435
0.6
Kibako_Contain_01
0
2.539861
0
669.3992
284.2
-2262.289
1.0
FldObj_CliffCheeseRock_A_01
-0.1679721
-0.8968465
0.03068381
22
282
-2554
1.0
LinkTagOr
0
0
0
361.5
261.5
-2066
1.0
Area
0
-0.4999999
0
722.6113
400
-2535.373
1.0
LinkTagAnd
0
-2.984583
0
437.5
256
-2107
1.0
SwitchTimeLag
0
0
0
733.02
286.36
-2387.51
1.0
LinkTagAnd
0
0
0
854.79
283.56
-2409.59
1.0
FldObj_CliffDeathMt_D_10_Far
-0.4318256
0.7948108
-0.04725086
186.0812
242.1723
-2786.225
1.0
FldObj_CliffCheeseWall_A_01_Far
-3.11754
-1.037431
2.974295
250.5
278
-2608.5
1.0
LinkTagAnd
0
0
0
474.6914
248.8438
-2167.824
1.0
EventTag
0
0
0
824.87
317.73
-2402.13
1.0
EventTag
0
0
0
268.71
311.77
-2260.71
1.0
Area
0
0
0
528.5
392
-2041.5
1.0
FldObj_CliffCheeseWall_A_02
-2.974471
1.029653
-2.990146
752.5
254.5
-2521
1.0
SwitchTimeLag
0
0
0
651.36
279.4459
-2266.94
1.0
FldObj_CliffCheeseWall_A_02
-3.057348
0.2346021
-3.053777
675
251.5
-2574.5
1.0
Obj_Plant_HopBush_A_01
-0.6409687
-0.002045464
-0.006162382
472.4977
250.9647
-2100.083
1.033575
LinkTagAnd
0
0
0
171.7912
291.6009
-2303.521
1.0
Area
0
0
0
15.5
392.5
-2337.5
1.0
FldObj_CliffCheeseRock_A_01
-3.062157
-0.5304993
2.818281
827
274.5
-2213.5
1.0
EventTag
0
0
0
407
339.5
-2187.5
1.0
LinkTagAnd
0
0.3490659
0
734.84
298.2
-2336.39
1.0
Obj_FlowerImpatiens_B_01
2.992517
0.4408415
3.077075
171.0232
284.4265
-2295.563
1.031461
Area
0
-0.09999999
0
381.0428
392
-2002.001
1.0
AnchorAction1
0
-1.308997
0
564.99
264.8304
-2160.65
1.0
FldObj_CliffCheeseRock_A_01
-2.735319
-1.240202
2.792549
405.5
277.5
-2664
1.0
Enemy_Chuchu_Junior
0
-1.1
0
637.3
278.1799
-2269.4
1.0
FldObj_CliffCheeseWall_A_02
-3.104018
0.9488508
3.127552
815
233.5
-2095
1.0
Area
0
-0.6981317
0
724.5
469.5
-2299
1.0
Enemy_Octarock
0
-0.5235988
0
787.2
277
-2320.6
1.0
FldObj_CliffCheeseWall_A_01
-3.107735
0.5801769
3.112292
477
276
-2626.5
1.0
Plant_Fern_B
0
0
0
374.6539
253.6163
-2085.314
1.0
Area
0
0
0
322.5
396.5
-2255.5
1.0
Kibako_Contain_01
0
2.239861
0
668.9
280.2
-2263.8
1.0
LinkTagAnd
0
0
0
781.62
289.06
-2304.65
1.0
Area
0
0
0
491.5
392
-2422.5
1.0
FldObj_CliffCheeseRock_A_01_Far
-0.1088456
-0.282156
-0.07062802
310.5
274.5
-2605.5
1.0
FldObj_CliffGrayParts_A_04_Far
2.99704
-1.454421
2.705912
488.6635
272.9942
-2263.87
1.2
Area
0
0
0
699
348
-2410
1.0
Item_MushroomGet_D
1.137915
-0.6959494
-0.2834421
414.7265
260.0129
-2188.946
1.0
DgnObj_WarpPoint_A_01
0
0.2545331
0
473.0184
250.1114
-2159.886
1.0
LinkTagPulse
0
0
0
728.13
287.82
-2370.8
1.0
LinkTagNOr
0
0
0
419
344.5
-2187.5
1.0
AnchorAction2
0
0
0
257
281.6897
-2229
1.0
FldObj_CliffCheeseRock_A_01
-1.516855
1.441973
-1.478998
246
269.5
-2656
1.0
FldObj_CliffDeathMt_C_01_Far
0.0348646
-0.3974418
-0.5615558
977.8705
377.8105
-2696.88
1.0
Area
0
0
0
846.5
348
-2307.5
1.0
Area
0
-0.8200001
0
-106.6247
400
-2597.371
1.0
Enemy_Bokoblin_Bone_Junior_AllDay
0
-2.596264
0
690.7
282.7867
-2260.3
1.0
Area
0
0
0
843
360
-2449
1.0
FldObj_CliffGrayParts_A_05_Far
-1.255192
0.3617817
1.270337
527.9937
266.0571
-2212.445
1.0
LinkTagPulse
0.08139449
0.01077556
-0.2631016
828.62
286.28
-2355.85
1.0
FldObj_CliffCheeseRock_A_01_Far
-3.065616
0.4469941
2.891429
757
277.5
-2186
1.0
Item_Material_03
3.141593
-1.26533
-3.041593
431.2607
258.2746
-2182.328
1.0
LinkTagAnd
0
0
0
835.2634
280.6953
-2415.873
1.0
Area
0
0.5853966
0
404.6017
392
-2400.812
1.0
LinkTagAnd
0
0.3490659
0
743.2
289.8
-2342.6
1.0
Area
0
2.443461
0
752.733
300.0244
-2335.125
1.0
Area
0
0
0
99
392.5
-2245
1.0
LinkTagAnd
0
0
0
764.3
280.1973
-2284.72
1.0
Area
0
0
0
267.5
400
-2671.5
1.0
Area
0
0
0
22.5
390.5
-2383.5
1.0
LinkTagOr
0
0
0
377.5
255
-2094
1.0
Area
0
-0.04000007
0
-102.6056
286.1088
-2448.682
1.0
Area
0
0.06
0
621.087
400
-2553.732
1.0
Obj_TreeGhost_A_04
0
-1.3
0
849.4677
281.0071
-2386.705
1.0
LinkTagOr
0
0
0
436.3535
259.3073
-2110.995
1.0
Area
0
0
0
254.5
398
-2366
1.0
FldObj_CliffCheeseRock_A_01
-0.4718688
-1.339197
0.3599548
423
277.5
-2623
1.0
Enemy_Lizalfos_Senior
0
0.9999999
0
675.3047
315.8829
-2868.743
1.0
FldObj_CliffDeathMt_C_04_Far
3.024179
0.256539
2.706433
618.2394
287.7642
-2776.474
1.2
FldObj_CliffCheeseRock_A_01_Far
-0.08572524
0.3374149
0.1103868
652.5
276.5
-2557
1.0
Enemy_Chuchu_Middle
0
-1.810796
0
665.3
280.2741
-2260.5
1.0
Area
0
0
0
296.5
399.5
-2248
1.0
Area
0
0
0
709
348
-2338
1.0
FldObj_CliffCheeseRock_A_01_Far
-0.2148115
-0.9250492
0.2099233
301
274.5
-2665.5
1.0
LinkTagAnd
0
-2.62
0
809.21
282.84
-2371.3
1.0
Area
0
-0.04000007
0
104.1383
286.1088
-2130.944
1.0
Area
0
0
0
668.5
348
-2378.5
1.0
BackseatKorok_1
0
-2.603186
0
459.0479
252.1784
-2093.767
1.0
Area
0
0
0
516
392
-2360
1.0
Npc_kokiri001
0
0
0
256.1937
281.6089
-2229.615
1.0
Enemy_Chuchu_Fire_Junior
0
-2.62
0
809.9
280.127
-2368.2
1.0
Plant_Fern_B
-0.05881542
0.0007792645
0.02648946
377.7883
252.4354
-2093.958
1.0
LinkTagOr
0
0
0
854.37
283.42
-2411.02
1.0
LinkTagOr
0
0
0
382.5
251
-2135.5
1.0
BackseatKorok_5
0
-0.8600004
0
530.0427
260.5701
-2127.688
1.0
Obj_TreeBroadleaf_B_L_01
2.772008
1.453512
2.907688
554.4162
280.4346
-2092.264
1.145508
Area
0
0
0
676
348
-2345.5
1.0
Obj_FlowerBalsam_A_01
3.049108
-1.040412
-3.130008
174.6248
283.5099
-2327.079
1.040182
BackseatKorok_4
0
-1.639999
0
478.9494
253.1751
-2105.554
1.0
Obj_FlowerImpatiens_B_01
0
-1.921342
0
74.25003
280.0214
-2417.172
1.020114
Area
0
0
0
249
281.5
-2261
25
EventTag
0
0
0
154.3655
285.7762
-2359.546
1.0
FldObj_CliffGrayParts_A_04
-0.03606715
0.229542
0.0238522
318.1611
275.4963
-2040.32
1.0
Obj_TreeBroadleaf_B_L_01
0
-0.3700676
0
396.9631
248.8311
-2103.008
1.076021
EnemyLookTag
0
0
0
685.8
280.0265
-2268.8
1.0
LinkTagAnd
0
0.3490659
0
826
288.12
-2357.56
1.0
LinkTagOr
0
0
0
405
344.5
-2187.5
1.0
Area
0
0
0
-9
280.06
-2448
10
LinkTagAnd
0
0
0
9
282
-2448
1.0
Obj_FlowerImpatiens_B_01
2.755769
0.9321778
2.695419
256.6
281.0139
-2224.5
1.0
FldObj_CliffGrayParts_A_05_Far
-2.086712
0.5584407
-1.022604
413.9509
263.3102
-2016.185
1.0
FldObj_CliffCheeseRock_A_01_Far
-3.062157
-0.5304993
2.818281
827
274.5
-2213.5
1.0
Item_Fruit_A
0
0
0
429.2422
258.335
-2183.039
1.0
LinkTagAnd
0
0.3490659
0
762
284.2
-2285.5
1.0
BackseatKorok_3
0
0
0
441.5798
249.7337
-2091.998
1.0
Obj_TreeBroadleaf_B_L_01
0
1.901593
0
297.5
281.5998
-2010
1.0
LinkTagAnd
0
0
0
823.5
287.5
-2391.5
1.0
TwnObj_GoddesStatue_A_02
0
0.8092035
0
415.7368
258.7325
-2179.846
1.0
Area
0
0
0
620
348
-2290
1.0
FldObj_CliffCheeseRock_A_01
-0.07603461
-0.4485823
-0.2500295
886.5
277
-2334.5
1.0
Area
0
-1.169371
0
260
392
-2056
1.0
FldObj_CliffGrayParts_A_04
2.984014
-1.308778
2.759488
464.1505
257.1038
-2068.862
1.2
Area
0
0
0
-8.5
390.5
-2347.5
1.0
LocationTag
0
0
0
474.6914
248.8438
-2167.824
1.0
Area
0
0
0
144
400
-2232
1.0
LinkTagAnd
0
0
0
433.8158
268.455
-2208.076
1.0
LinkTagAnd
0
0
0
428.0797
251.1691
-2104.069
1.0
FldObj_CliffCheeseRock_A_01_Far
-3.0002
0.7371609
3.135939
760
274
-2484
1.0
LinkTagAnd
0
0
0
81.54886
283.6932
-2408.013
1.0
Area
0
0
0
714
348
-2413
1.0
FldObj_CliffDeathMt_D_11_Far
-0.3727719
-0.2228372
0.1738484
324.2721
264.9103
-2829.659
1.2
LinkTagNAnd
0
0
0
633.1
278.45
-2267.65
1.0
LinkTagOr
0
0
0
422.5
256.5
-2141
1.0
Area
0
0
0
688.5
348
-2204
1.0
SwitchTimeLag
0
0
0
761.7
280.22
-2284.17
1.0
Area
0
0
0
538
391.5
-2252
1.0
SwitchTimeLag
0
0
0
660.37
286.13
-2263.87
1.0
FldObj_CliffGrayParts_A_04_Far
2.798146
0.6901111
3.088821
311.7202
269.8185
-2173.446
1.0
Enemy_Bokoblin_Bone_Junior_AllDay
0
-1.816262
0
742.9
285.5991
-2271.5
1.0
Area
0
0
0
92
394.5
-2472.5
1.0
FldObj_CliffCheeseRock_A_01
-2.98153
-1.126909
2.713758
800
274
-2084
1.0
LinkTagAnd
0
0
0
426.8606
250.8429
-2102.27
1.0
FldObj_CliffDeathMt_C_05
2.807623
-0.2962945
-3.058775
805.0762
339.9793
-2816.832
1.0
BackseatKorok_6
0
-1.84
0
481.7127
260.9204
-2082.611
1.0
Area
0
0
0
584
400
-2365
1.0
EventTag
0
0
0
73.31836
281.7888
-2431.999
1.0
SwitchTimeLag
0
0
0
765.2
291.04
-2377.19
1.0
DgnObj_DungeonEntrance_A_01
0
-0.4363324
0
837.0564
281.1953
-2419.718
1.0
BackseatKorok_4
0
0
0
382.1112
248.7165
-2135.287
1.0
LinkTagAnd
0
0
0
565
268.5
-2168
1.0
DestinationAnchor
0
2.181662
0
835.5142
282.1953
-2412.861
1.0
LinkTagOr
0
0
0
537.5
262.5
-2130
1.0
EventTag
0
0
0
43.9277
282.3026
-2442.71
1.0
FldObj_CliffCheeseRock_A_01
-0.3041802
-1.224893
0.2947816
86
274.5
-2546
1.0
Obj_RockDeathMt_D_L_01
2.835205
0.203705
1.445996
654.2461
325.6786
-2801.483
1.0
FireObserverTag
0
0
0
567.42
267.91
-2165.89
1.0
LinkTagOr
0
0
0
473.5
252
-2105.5
1.0
Plant_Fern_A
0
0
0
361.3174
259.576
-2065.888
1.0
Enemy_Keese_AllDay
0
0.431003
0
726.3734
290.2938
-2314.588
1.0
DestinationAnchor
0
-2.14
0
259.1687
280.943
-2227.372
1.0
LinkTagPulse
0
0
0
766.18
280.19
-2283.17
1.0
FldObj_CliffCheeseWall_A_01_Far
2.996451
0.1012407
3.133584
849
279.5
-2487
1.0
FldObj_CliffCheeseWall_A_01
2.429434
1.48314
2.617435
51.5
277
-2592.5
1.0
Plant_Fern_B
0
0
0
357.9245
250.6761
-2134.091
1.0
Area
0
-1.010796
0
651.1
279.9
-2270.8
12
FldObj_CliffCheeseRock_A_01
-0.4647165
-0.06023088
-0.09471839
835
270
-2477
1.0
Area
0
0
0
160.5
394.5
-2389
1.0
Area
0
0
0
872
348
-2319.5
1.0
Area
0
0
0
313
399.5
-2236.5
1.0
FldObj_CliffCheeseWall_A_01
2.995745
0.1408182
3.127743
799
278
-2497
1.0
Area
0
-0.24
0
800.8885
286.1088
-2477.933
1.0
Area
0
0
0
688
348
-2302
1.0
Area
0
0
0
350.5
611
-2163.5
1.0
LinkTagAnd
0
0
0
117.5489
282.2161
-2358.388
1.0
EventTag
0
0.3490659
0
826.554
314.6953
-2398.868
1.0
EventTag
0
0
0
243.8629
330.8606
-2242.66
1.0
FldObj_CliffCheeseRock_A_01
-2.738099
0.2754032
-3.124655
878
270.5
-2466.5
1.0
FldObj_CliffCheeseRock_A_01_Far
-0.3041802
-1.224893
0.2947816
86
274.5
-2546
1.0
FldObj_CliffGrayParts_A_04_Far
-0.4479566
1.20799
0.2396287
351.3096
270.9854
-2068.033
1.2
Area
0
0
0
555.5
392
-2315
1.0
Obj_TreeBroadleaf_B_L_01
0
2.2
0
580.132
279.8768
-2147.311
1.0
FldObj_CliffGrayParts_A_04
2.798146
0.6901111
3.088821
311.7202
269.8185
-2173.446
1.0
LinkTagOr
0
0
0
529.5
262.5
-2128.5
1.0
LinkTagOr
0
-1.539999
0
685.1418
434.3878
-2757.959
1.0
LinkTagAnd
0
0
0
423
342
-2187.5
1.0
Obj_RockDeathMt_D_L_01
-0.5018673
-0.04245317
-0.1652626
483.7411
296.5276
-2837.585
1.0
FldObj_CliffCheeseWall_A_02
3.073873
0.4176655
3.06884
397
257
-2681
1.0
LinkTagAnd
0
0
0
727.52
290.18
-2308.8
1.0
LinkTagAnd
0
-0.4363324
0
833.1613
282.1953
-2414.914
0.3
Area
0
0.18
0
718
348
-2320.5
1.0
LinkTagNOr
0
0
0
413.5
344.5
-2187.5
1.0
BackseatKorok_4
0
0
0
358.282
251.393
-2134.033
1.0
Npc_Kokiri008
0
0.16
0
431.657
250.5631
-2139.545
1.0
EventTag
0
0
0
428.5
339.5
-2187.5
1.0
EventTag
0
0
0
444
330.5
-2039
1.0
LinkTagOr
0
0
0
539.7
267.5
-2153
1.0
Area
0
0
0
479.5
392
-2389
1.0
LinkTagAnd
0
-2.984583
0
435.5
256
-2117
1.0
LinkTagAnd
0
0
0
474.1494
250.1486
-2163.482
1.0
FldObj_CliffCheeseRock_A_01
-2.982554
-0.8515562
2.920464
280
275
-2613
1.0
FldObj_CliffCheeseRock_A_01
-0.4718688
-1.339197
0.3599548
591
278
-2525.5
1.0
Area
0
0
0
58.5
390.5
-2322
1.0
LinkTagAnd
0
-1.396264
0
732
287.5
-2385.9
1.0
LinkTagPulse
-0.0280687
-0.001082875
-0.07711563
724.66
286.54
-2389.35
1.0
FireObserverTag
0
0
0
567.12
267.24
-2162.32
1.0
Pot
0
-2.96706
0
724.9
285.3
-2392.8
1.0
FldObj_CliffCheeseWall_A_01_Far
2.970931
1.0785
-3.078674
841
278
-2031
1.0
LinkTagAnd
0
0
0
743
287
-2398.5
2
LinkTagOr
0
0
0
500
258.5
-2105
1.0
FldObj_CliffCheeseWall_A_02
3.078706
0.1781715
3.085184
312.5
238.5
-2704.5
1.0
Pot
0
-2.96706
0
729.4
285.4
-2400.5
1.0
Enemy_Keese_AllDay
0
2.1
0
778.6453
289.7375
-2337.353
1.0
Area
0
0
0
698.5
348
-2368.5
1.0
Npc_kokiri009
0
0
0
254.2
280.2918
-2258.1
1.0
Area
0
0
0
98
394.5
-2426
1.0
LinkTagAnd
0
0
0
718.44
279.87
-2279.37
1.0
Obj_FlowerBalsam_A_01
-1.12631
-1.392579
1.219711
233.5
280.1775
-2271.6
1.049007
Area
0
0
0
649.5
348
-2319
1.0
Enemy_Chuchu_Junior
0
-1.010796
0
650.4
279.534
-2270.4
1.0
FldObj_CliffCheeseRock_A_01
-0.1286518
-0.01605413
0.03948445
359.5
273.5
-2686.5
1.0
Kibako_Contain_01
0
2.159862
0
670.7054
280.1953
-2259.893
1.0
LinkTagAnd
0
-1.539999
0
687.212
437.3721
-2758.523
2
ActorObserverTag
0
0
0
417.5
339.5
-2185
1.0
LinkTagOr
0
0
0
431
252
-2079.5
1.0
LinkTagAnd
0
0
0
596.8112
343.1953
-2274.278
1.0
FldObj_CliffCheeseWall_A_02
3.079273
-0.02020048
3.117637
86
253.5
-2556
1.0
SwitchTimeLag
0
0
0
727.37
290.89
-2371.74
1.0
LinkTagOr
0
0
0
821
290
-2392.5
1.0
FldObj_CliffCheeseRock_A_01
-2.004802
1.455544
-2.108392
795.5
273
-2485.5
1.0
EventTag
0
0
0
564.5
268.5
-2163
1.0
Plant_Fern_B
0
0
0
537.5114
259.7572
-2130.164
1.0
LinkTagOr
0
0
0
358
253
-2134
1.0
Area
0
0
0
549.5
365.5
-2184.5
1.0
Item_Mushroom_M
-0.8199998
1.165327
0.3
415.832
260.0331
-2185.836
1.0
Area
0
0
0
750.4489
279.9368
-2288.979
40
LinkTagXOr
0
0
0
-18
301.5
-2449
1.0
LinkTagAnd
0
2.38
0
420.3629
264.2254
-2171.316
1.0
Obj_FlowerImpatiens_B_01
-0.06409767
0.3576666
-0.1620855
257.2
280.8597
-2238.3
1.096627
LocationTag
0
0
0
835.2634
280.6953
-2415.873
1.0
Enemy_Keese_AllDay
0
-1.679931
0
750.5
289
-2349.3
1.0
Obj_FlowerImpatiens_B_01
0
1.391057
0
78.47659
280.0214
-2406.938
1.007982
Obj_FlowerImpatiens_B_01
0
3.007451
0
133.5625
281.2408
-2347.579
1.082497
Area
0
0
0
262.5
395.5
-2323.5
1.0
LinkTagAnd
0
0
0
725.23
291.39
-2370.17
1.0
Area
0
0
0
417.5
392
-1975
1.0
Area
0
0
0
788
348
-2238
1.0
FldObj_CliffGrayParts_A_04_Far
-0.3114101
-0.692776
0.0396755
315.5913
275.8973
-2193.993
1.0
BackseatKorok_6
0
0
0
399.4438
249.9819
-2089.199
1.0
Enemy_Keese_AllDay
0
-0.7199312
0
620.9
277.6
-2248.8
1.0
LinkTagOr
0
0
0
821
290
-2387.5
1.0
Area
0
0
0
779.2
283.2
-2344.4
10
LinkTagAnd
0
0
0
785.25
287.76
-2304.84
1.0
FldObj_CliffCheeseWall_A_01_Far
2.990112
-0.119512
3.090325
619.5
275.5
-2575
1.0
Area
0
0
0
11.5
390.5
-2417
1.0
FldObj_CliffCheeseRock_A_01
-0.1728114
-0.7287263
0.1531265
140
272.5
-2571
1.0
Area
0
1.034533
0
474.6914
248.8438
-2167.824
25
LinkTagAnd
0
0
0
84.93945
284.9192
-2374.442
1.0
Enemy_Keese_AllDay
0
1.461661
0
728.1
289
-2343.4
1.0
Obj_FlowerImpatiens_B_01
0.1601593
-0.1297635
-0.1593387
220.4
280.5256
-2266.7
1.05377
Npc_Kokiri007
0
0
0
440.998
248.5573
-2133.053
1.0
Obj_FlowerImpatiens_B_01
-2.391712
-0.9387038
2.299217
206.7105
283.4866
-2260.883
1.050588
LinkTagAnd
0
0
0
730.8
286.25
-2395.24
1.0
Area
0
0
0
575
348
-2209.5
1.0
Area
0
0
0
727
348
-2223.5
1.0
Area
0
0
0
275
392
-2152
1.0
FldObj_CliffCheeseWall_A_01_Far
-0.02132236
0.8628013
0.02086334
877
277.5
-2289
1.0
FldObj_CliffCheeseRock_A_01
-0.1627691
0.6573657
-0.06260252
155
268.5
-2586.5
1.0
Enemy_Octarock_Forest
0
-0.523599
0
738.4
285.2
-2379.1
1.0
Obj_TreeBroadleaf_B_L_01
-0.04351334
0.1646317
0.2229353
496.3449
273.6966
-2078.247
1.0
Area
0
-0.2617994
0
553.2
343.0791
-2157
1.0
LinkTagAnd
0
0
0
447
331
-2037
1.0
Enemy_Keese_Electric_AllDay
0
-1.396264
0
731.8
286
-2384.4
1.0
Area
0
0
0
588.5
392
-2148
1.0
Area
0
0
0
851.5
348
-2289
1.0
Area
0
0
0
305
392
-2072.5
1.0
Area
0
0
0
-15
394.5
-2530
1.0
LinkTagOr
0
0
0
821
290
-2395
1.0
Area
0
0
0
239.9297
314.75
-2144.508
1.0
FldObj_CliffDeathMt_C_04
3.024179
0.256539
2.706433
618.2394
287.7642
-2776.474
1.2
LinkTagAnd
0
0
0
428.5
342
-2187.5
1.0
Obj_RockLayerMoss_B_Cliff_01
-0.641449
1.507655
-0.5862743
634.8803
294.8452
-2312.79
1.0
FldObj_CliffCheeseRock_A_01
-0.6387894
-1.434871
0.7731879
689
273.5
-2555.5
1.0
Obj_RockDeathMt_D_L_01_Far
0.4259485
-0.3376748
-1.367104
911.2933
346.5801
-2845.064
1.0
FldObj_CliffCheeseRock_A_01_Far
-2.738099
0.2754032
-3.124655
878
270.5
-2466.5
1.0
BackseatKorok_2
0
0
0
378.0376
253.1451
-2094.034
1.0
Kibako_Contain_01
0
1.659861
0
670.5237
282.1953
-2257.438
1.0
SwitchTimeLag
0
0
0
605.74
275.27
-2219.11
1.0
Area
0
0
0
77.1452
278.6298
-2410.624
15
Area
0
-0.4363324
0
837.0564
281.1953
-2419.718
40
LinkTagOr
0
0
0
410.5
344.5
-2187.5
1.0
WarpSafeTag
0
0
0
336
286
-2655.5
1.0
Item_Material_01
0.02000001
-1.396264
0
433.6523
258.2426
-2180.623
1.0
AnchorAction1
0
2.449203
0
421.5376
257.0897
-2146.948
1.0
LinkTagAnd
0
0
0
428.4388
250.3741
-2101.817
1.0
Area
0
0
0
811.1
280.1654
-2368
12
Area
0
-0.6799995
0
58.03589
400
-2246.051
1.0
FldObj_CliffCheeseRock_A_01_Far
-0.4718688
-1.339197
0.3599548
591
278
-2525.5
1.0
FldObj_CliffGrayParts_A_05_Far
1.749633
-0.08157459
1.927104
340.2457
262.3917
-2097.691
1.0
Obj_TreeBroadleaf_B_L_01
0
0.6199999
0
425.9353
293.593
-2328.498
1.0
TwnObj_Village_Korok_DekuTree_A_01_Far
0
0.1977633
0
418.5082
245.7626
-2188.758
1.0
Area
0
0
0
-146.5
400
-2368.5
1.0
LinkTagAnd
0
0
0
661.34
286.18
-2262.47
1.0
Plant_Fern_B
0
0
0
446.2461
248.6429
-2114.932
1.0
LinkTagPulse
0.04635562
-0.001119005
0.04826117
811.05
281.4
-2365.46
1.0
Obj_TreeGhost_A_04
0
-2.403185
0
-45
277.1299
-2453
1.0
FldObj_CliffCheeseRock_A_01_Far
-2.98153
-1.126909
2.713758
800
274
-2084
1.0
FldObj_CliffDeathMt_C_04_Far
2.683203
-1.24488
3.097861
864.7066
313.5114
-2850.281
1.0
FldObj_CliffGrayParts_A_04_Far
2.984014
-1.308778
2.759488
464.1505
257.1038
-2068.862
1.2
Item_Mushroom_A
-2.743256
0.4110913
-1.979792
418.6836
259.7012
-2191.164
1.0
LinkTagAnd
0
-0.1709342
0
723.6
288.15
-2391.88
1.0
LinkTagAnd
0
0
0
412
339.5
-2186.5
1.0
EventTag
0
0
0
565.4
265.7304
-2172.64
1.0
BackseatKorok_2
0
0
0
430.7989
250.5088
-2095.635
1.0
LinkTagAnd
0
-1.539999
0
690.2106
440.8721
-2758.615
2
Obj_FlowerBalsam_A_01
0.1092809
-0.5925024
0.004041932
91.60159
279.986
-2368.75
1.059414
Area
0
0.38
0
795.1207
306.1088
-2226.222
1.0
Obj_FlowerImpatiens_B_01
0.1721361
-0.8309301
-0.08224723
69.45316
279.1813
-2423.75
1.030106
EventTag
0
0.3490659
0
508.2399
400.1953
-2331.964
5
Area
0
-0.2599997
0
861.2353
400
-2500.626
1.0
Enemy_Keese_AllDay
0
0.5110031
0
726.1
291.1187
-2314.4
1.0
LinkTagOr
0
0
0
854.37
283.42
-2411.02
1.0
AreaCulling_OuterNPCMementary
0
0
0
440.9531
273.0316
-2171.121
130
Area
0
0
0
724.5
348
-2341
1.0
LinkTagNAnd
0
0
0
722.09
279.4149
-2274.4
1.0
Obj_RockDeathMt_D_L_01
0.26
0
-1.58
88.58981
342.8597
-2799.659
1.0
LinkTagNAnd
0
0
0
264.07
310.87
-2256.15
1.0
LinkTagOr
0
0
0
399
252
-2089
1.0
Area
0
0
0
-28
390.5
-2368
1.0
Area
0
0
0
827.5
348
-2253
1.0
Area
0
0
0
130
397.5
-2410
1.0
LinkTagOr
0
0
0
-12
285.5
-2447
1.0
Obj_ElectricArrow_A_03
-3.121593
1.081593
-3.141592
430.6094
258.365
-2176.617
1.0
Plant_Fern_A
0
-0.9599999
0
458.3255
251.6385
-2093.159
1.0
EventTag
0
0
0
565
265.5
-2166.5
1.0
Area
0
0.03999997
0
916.3031
400
-2437.635
1.0
Area
0
-0.4781316
0
873.4893
400
-2285.489
1.0
Area
0
0
0
440
392
-1949
1.0
Area
0
0.84
0
261.2323
286.1088
-2403.608
1.0
FldObj_CliffCheeseRock_A_01_Far
-0.2569904
-1.041759
0.2605059
329
279
-2692
1.0
TwnObj_Village_KorokTree_LL_B_01
0
0.5254571
0
414.9474
249.0258
-2109.413
1.0
EventTag
0
0
0
229.5765
297.7394
-2271.96
1.0
Area
0
0
0
-53.5
394.5
-2547
1.0
LinkTagNAnd
0
0
0
784.14
290.49
-2344.31
1.0
LinkTagAnd
0
0.3490659
0
786.4
289.8
-2342.6
1.0
Enemy_Octarock
0
-1.832596
0
796.9
277.05
-2305.7
1.0
FldObj_CliffCheeseRock_A_01_Far
-0.1287183
-0.03588878
0.04205113
549.5
276
-2540
1.0
Obj_FlowerBalsam_A_01
3.098691
0.5454098
2.989777
165.9919
283.1794
-2285.485
1.010103
Area
0
-1.1
0
637.3
278.4
-2269.4
12
LinkTagAnd
0
0
0
9
282.5
-2445.5
1.0
Area
0
2.495821
0
769
348
-2322
1.0
LinkTagOr
0
0
0
566.76
266.32
-2164.23
1.0
LinkTagAnd
0
0
0
829.08
315.46
-2407.42
1.0
LinkTagAnd
0
0
0
604.35
274.98
-2217.81
1.0
AnchorAction1
0
0
0
420.6006
248.6252
-2133.345
1.0
LinkTagOr
0
0
0
352
268.5
-2043
1.0
FldObj_CliffCheeseRock_A_01_Far
-0.1286518
-0.01605413
0.03948445
359.5
273.5
-2686.5
1.0
Area
0
0
0
708
348
-2304
1.0
Item_MushroomGet_D
-2.40426
-0.5327074
3.014498
414.7363
260.0051
-2190.127
1.0
LinkTagNAnd
0
0
0
730.08
290.2
-2309.32
1.0
FldObj_CliffCheeseRock_A_01_Far
-1.006985
-1.384876
0.7957098
488.5
276
-2585.5
1.0
Obj_TreeBroadleaf_B_L_01
0
0
0
510.6828
280.3639
-2052.74
1.0
Area
0
0
0
568.19
265.44
-2162.76
0.5
Area
0
0
1.570796
652.5
604.5
-2395
1.0
Area
0
0.24
0
-175.3819
400
-2463.518
1.0
Weapon_Sword_044
2.420574
0.1388555
1.977301
171.5
310.9
-2332
1.0
Area
0
0
0
175.5
402
-2251
1.0
Area
0
0
0
560.5
348
-2192.5
1.0
Obj_ElectricArrow_A_03
-3.06863
1.221418
-3.127593
430.2461
258.357
-2176.766
0.9999
FldObj_CliffDeathMt_C_01
0.0348646
-0.3974418
-0.5615558
977.8705
377.8105
-2696.88
1.0
LinkTagAnd
0
0
0
143.01
284.3554
-2360.239
1.0
Area
0
3.141593
0
732
288.4
-2299
1.0
LinkTagAnd
0
0
0
70.53314
281.466
-2431.114
1.0
LinkTagAnd
0
0
0
607.08
273.7
-2222.69
1.0
Area
0
-1.500984
0
433.8158
268.455
-2208.076
150
FldObj_CliffCheeseWall_A_02
-0.2160128
1.029935
-0.1901523
844
251.5
-2262
1.0
LinkTagPulse
0
0
0
608.8997
273.2274
-2225.444
1.0
Area
0
0
0
766.5
348
-2423
1.0
FldObj_CliffCheeseRock_A_01
-1.563355
1.502295
-1.846394
892.5
273
-2417.5
1.0
Area
0
0
0
334
392
-2000.5
1.0
LinkTagAnd
0
0
0
561.56
267.87
-2169.18
1.0
Area
0
0
0
661
348
-2186
1.0
LinkTagAnd
0
0
0
88.30664
284.7786
-2370.177
1.0
Obj_Plant_HopBush_A_01
0.2075321
-0.001889353
0.01814196
442.3021
248.8019
-2071.284
1.00625
Obj_Plant_CypressLow_A_02
-0.1475882
-0.01677077
-0.2258927
351.9567
265.6819
-2042.757
1.0
FldObj_CliffGrayParts_A_05_Far
2.049633
-0.08157459
1.927104
331.5035
262.0902
-2131.578
1.0
FldObj_CliffCheeseRock_A_01_Far
-0.4718688
-1.339197
0.3599548
423
277.5
-2623
1.0
WarpTag
0
-3.141593
0
447
331
-2037
1.0
FldObj_CliffCheeseWall_A_02
-3.104726
-0.02166591
3.079774
544
230
-2555.5
1.0
Area
0
0.38
0
806.109
306.1088
-2051.761
1.0
Area
0
0
0
853
348
-2333
1.0
Enemy_Bokoblin_Bone_Junior_AllDay
0
-1.221731
0
760.3
288.6304
-2373.1
1.0
LinkTagOr
0
0
0
422.5
256.5
-2138.5
1.0
LinkTagAnd
0
0
0
685.1569
437.8878
-2757.459
1.0
Area
0
0
0
833.1637
306.1088
-2318.589
1.0
FldObj_CliffGrayParts_A_04
-0.1549424
-1.225642
-0.4823689
523.4677
274.072
-2186.676
1.2
Enemy_Keese_AllDay
0
0.7910029
0
725.9055
289.5141
-2314.43
1.0
Item_MushroomGet_D
2.161312
-1.400208
-1.388846
414.4551
260.0228
-2189.466
1.0
Area
0
2.38
0
417.7332
258.9927
-2177.886
5
FldObj_CliffGrayParts_A_04_Far
2.376725
-0.7526666
3.097565
491.3985
260.9211
-2087.346
1.2
FldObj_CliffCheeseRock_A_01_Far
-3.065616
0.4469941
2.891429
775
277
-2141.5
1.0
FldObj_CliffCheeseWall_A_02
-2.964259
0.5200822
3.141319
892.5
253.5
-2472.5
1.0
BackseatKorok_2
0
0
0
461.7045
250.3122
-2123.833
1.0
LinkTagOr
0
0
0
480
251.5
-2136.5
1.0
LinkTagAnd
0
0
0
423
339.5
-2186.5
1.0
Area
0
0.3799998
0
333.0742
282.4141
-2490.82
1.0
FldObj_CliffDeathMt_C_04
2.683203
-1.24488
3.097861
864.7066
313.5114
-2850.281
1.0
Area
0
0
0
636.5
348
-2209
1.0
Enemy_Keese_Electric_AllDay
0
-1.396264
0
727.8
286.7
-2393.4
1.0
LinkTagPulse
-0.2047428
0.005851331
0.05694284
759.53
290.72
-2375.97
1.0
FldObj_CliffCheeseRock_A_01
-0.2148115
-0.9250492
0.2099233
301
274.5
-2665.5
1.0
FldObj_CliffCheeseWall_A_02
-3.056596
1.188475
3.114102
787.5
253
-2141
1.0
Area
0
-0.6999999
0
850.9254
306.1088
-2290.878
1.0
LinkTagOr
0
0
0
421.5
344.5
-2187.5
1.0
Plant_Fern_B
0
0.4962987
0
464.3109
248.4979
-2135.732
1.0
Area
0
0
0
818
348
-2464
1.0
Obj_FlowerImpatiens_B_01
0.5550987
-1.329846
-0.453039
99.23447
279.5968
-2361.93
1.000443
LinkTagAnd
0
0.3490659
0
744.6
289.9
-2282.8
1.0
LinkTagPulse
0.2515569
0.006852473
-0.05417988
780.72
283.98
-2306.97
1.0
LinkTagAnd
0
0
0
-9.5
285.5
-2448.5
1.0
Npc_kokiri006
0
0.9999999
0
412.3379
260.4136
-2178.699
1.0
SwitchTimeLag
0
0
0
729.45
286.41
-2395.33
1.0
Plant_Fern_A
0
3.446349
0
483.9591
248.6194
-2141.71
1.0
LinkTagAnd
0
0
0
730.86
290.18
-2307.94
1.0
FldObj_CliffCheeseRock_A_01_Far
-2.321755
0.8098257
-2.797368
902
271
-2460
1.0
Item_Mushroom_L
0.3592414
0.1583085
-0.3915439
422.8081
259.9904
-2187.318
1.0
Obj_TreeBroadleaf_B_L_01
0
-1.894344
0
504.9787
283.2744
-2261.708
1.145508
Area
0
-1.134464
6.084437E-08
811.5
440
-2381
80
LinkTagAnd
0
2.38
0
423.2659
264.2254
-2174.271
1.0
BackseatKorok_8
0
1.18
0
336.9643
258.514
-2164.73
1.0
LinkTagAnd
0
0
0
651.78
279.3345
-2264.53
1.0
LinkTagAnd
0
0
0
729.59
291.63
-2370.78
1.0
FldObj_CliffCheeseRock_A_01
-1.006985
-1.384876
0.7957098
488.5
276
-2585.5
1.0
FldObj_CliffCheeseRock_A_01
-3.03536
-0.8690928
2.777275
858
273
-2282
1.0
Weapon_Sword_044
0
0
0
170.7
292.5
-2340.9
1.0
EventTag
0
0
0
557.5
265.5
-2158
1.0
EventTag
0
0
0
11
283.5
-2444.5
1.0
LinkTagNAnd
0
0
0
722.32
287.23
-2390.94
1.0
LinkTagAnd
0
0
0
-8.795044
289.6901
-2425.935
1.0
EventTag
0
0
0
87.72467
284.7988
-2375.327
1.0
LinkTagAnd
0
0
0
733
336.5
-2079
1.0
Area
0
0
0
96.5
394.5
-2329.5
1.0
LinkTagPulse
0
0
0
648.1744
279.4185
-2271.001
1.0
Obj_ElectricArrow_A_03
-3.110706
1.001679
3.131238
430.595
258.4022
-2176.282
1.0
LinkTagAnd
0
0
0
417.5
342
-2187.5
1.0
Area
0
0
0
-67.5
390.5
-2407.5
1.0
Area
0
0
0
533.5
392
-2267
1.0
Obj_FlowerImpatiens_B_01
0
-1.072014
0
17.89066
280.0213
-2441.008
1.05943
Obj_TreeBroadleaf_B_L_01
0
0
0
330.5574
283.7834
-2203.058
1.0
FldObj_CliffDeathMt_D_27_Far
-0.7305202
-0.3484684
0.2363257
862.7508
369.0146
-2726.349
1.0
FldObj_CliffCheeseWall_A_01_Far
2.429434
1.48314
2.617435
51.5
277
-2592.5
1.0
FldObj_CliffCheeseWall_A_01
-0.02132236
0.8628013
0.02086334
877
277.5
-2289
1.0
BackseatKorok_7
0
-1.460004
0
499.2466
256.8957
-2104.005
1.0
BackseatKorok_5
0
0
0
446.03
249.5588
-2114.606
1.0
LinkTagPulse
0
0
0
722.924
279.1419
-2276.706
1.0
Obj_TreeBroadleaf_B_L_01
0
0
0
285.3955
284.7658
-2092.116
1.0
Obj_TreeBroadleaf_B_L_01
0
-2.16
0
497.1146
288.274
-2313.397
1.0
LinkTagAnd
0
0
0
263.74
310.75
-2257.21
1.0
ActorObserverTag
0
0
0
423
339.5
-2185
1.0
FldObj_CliffDeathMt_D_10_Far
-0.507174
0.6107955
-0.4383118
165.1164
288.5646
-2812.578
1.0
DgnObj_EntranceShutter_A_01
0
-0.4363324
0
835.4504
282.1955
-2416.274
1.0
Item_Mushroom_A
-1.422399
0.6977906
-1.342195
418.7422
259.7994
-2191.809
1.0
LinkTagAnd
0
0
0
467.6058
255.5475
-2109.317
1.0
AnchorAction1
0
-1
0
466.0295
249.5574
-2112.385
1.0
Area
0
0
0
181
394.5
-2413
1.0
LinkTagAnd
0
0
0
565.84
265.5607
-2171.61
1.0
Area
0
-0.6799999
0
583.4489
306.1088
-2031.148
1.0
Obj_Plant_HopBush_A_01
-0.2652517
1.379042
-0.2597789
431.1132
248.6703
-2079.725
1.070835
WarpTag
0
-2.792527
0
513.2822
400.1953
-2326.882
1.0
FldObj_CliffCheeseWall_A_02
3.079689
-0.02144196
3.097672
179.5
254.5
-2606.5
1.0
FldObj_CliffCheeseWall_A_02
-0.04709378
0.5906967
-0.1511977
823
234
-2190
1.0
LinkTagAnd
0
0
0
428.5
339.5
-2186.5
1.0
Obj_Plant_CypressLow_A_02
-0.2860093
-0.0275655
-0.1908744
337.0602
257.1955
-2164.444
1.0
Area
0
0
0
160
398.5
-2189
1.0
Area
0
0
0
884
348
-2369
1.0
LinkTagAnd
0
0
0
434.1572
250.5403
-2103.859
1.0
BackseatKorok_7
0
0
0
464.0483
249.5101
-2135.422
1.0
LinkTagAnd
0
0
0
255.8
290.3
-2260.4
1.0
FldObj_CliffCheeseWall_A_01
-3.11229
0.260333
3.101272
352.5
276.5
-2699
1.0
Area
0
0
0
661
348
-2302.5
1.0
LinkTagAnd
0
0
0
431.1776
250.5315
-2103.888
1.0
SwitchTimeLag
0
0
0
565.87
266.73
-2164.59
1.0
Area
0
0
0
272
392
-2099
1.0
Obj_Plant_HopBush_A_01
0
0.9473413
0
430.2792
248.6801
-2095.196
1.098121
LinkTagOr
0
0.3490659
0
806.09
375.9
-2365.05
1.0
Area
0
0
0
581.5
348
-2297
1.0
FldObj_CliffGrayParts_A_05
0.6218708
0.135122
1.861162
399.2554
263.7404
-2282.946
1.0
FldObj_CliffCheeseRock_A_01_Far
-0.1326333
-0.6952695
0.09287445
38.5
271.5
-2608
1.0
BackseatKorok_2
0
0
0
423.713
249.2616
-2117.888
1.0
Enemy_Keese_AllDay
0
-1.039931
0
610.8
275.2
-2218.3
1.0
LinkTagOr
0
0
0
-12
285.5
-2452
1.0
MayoiFogEftLocater
0
0
0
424.3495
248.6813
-2170.135
1.0
LinkTagNAnd
0
0
0
762.06
291.5
-2377.4
1.0
LinkTagAnd
0
0
0
151.5803
285.5195
-2358.661
1.0
Area
0
0
0
768.5
348
-2398.5
1.0
LinkTagOr
0
0
0
245.5
334
-2253
1.0
FldObj_CliffGrayParts_A_04
-2.766473
-0.6754837
-0.1029617
323.7974
276.1102
-2158.79
1.0
EventTag
0
0
0
333
286
-2655.5
1.0
AnchorAction1
0
0.1581316
0
431.657
250.5631
-2139.545
1.0
LinkTagAnd
0
0
0
855.79
283.56
-2410.77
1.0
