UnitConfigName/__text
Rotate/value/0
Rotate/value/1
Rotate/value/2
Translate/value/0
Translate/value/1
Translate/value/2
_Scale
Area
-3.121593
0.6984071
3.141592
136.221
129.157
299.0582
2
LinkTagAnd
0
0
0
627.6876
133.5653
178.2758
2
Item_Fruit_A
0
0
0
916.0482
138.8061
305.1584
1.0
Area
0
2.243184
0
836.2129
117.014
854.6112
1.0
LinkTagAnd
0
0
0
853.6
109.8
837.3
1.0
LinkTagOr
0
3.12
0
874.078
131.2922
153.3711
1.0
Npc_NorthHatelHatago001
0
0
0
881.3572
131.3078
157.5632
1.0
FldObj_FenceWoodDamage_A_01
0.7278575
1.480358
0.5836457
656.5354
140.7437
671.4575
1.0
Area
0
2.263185
0
842.506
116.9559
849.056
1.0
LinkTagOr
0
0
0
855.5
158.5
837.5
3
FldObj_FissureValley_A_04_Far
3.073324
1.040227
3.062484
516.7965
155.322
654.9835
0.8
LinkTagAnd
0
0
0
688.7448
120.0665
960.1398
1.0
Area
0
0.9999996
0
829.4208
116.9559
827.2729
1.0
FldObj_CliffWhiteLumpRock_A_01
0.3975689
-1.527432
-0.7780701
890.4932
122.4298
484.7453
1.0
AnchorAction1
0
1.819998
0
900.5871
131.9235
201.204
1.0
ActorObserverTag
0
-1.879996
0
323.3604
128.8196
517.0087
1.0
FldObj_AncientStoneTower_A_01_Far
0
0
0
634
94.38
182.3594
1.0
LinkTagAnd
0
0
0
113
127.1323
278.5
1.0
Item_Fruit_A
0
0
0
846.4475
134.2936
262.6815
1.0
LinkTagNone
0
0
0
802.8256
130.3584
20.55429
1.0
Obj_KorokPlate_A_01
0
-1.879996
0
321.0778
125.1892
524.7274
1.0
LinkTagNone
0
0
0
675.3057
120.122
996.6541
1.0
AnchorAction3
0
-1.8
0
836.94
116.2721
126.42
1.0
Area
0
-1.097789
0
863.9653
116.9559
860.0443
1.0
Obj_KorokPot_A_01
0
-0.38
0
225.9005
174.0536
870.7416
1.0
LinkTagOr
0
-3.080002
0
146.6052
130.8034
295.7995
1.0
FldObj_CliffCheeseStone_A_02_Far
-1.03816
0.2180321
-0.3991468
674.8742
155.8888
581.7791
1.0
Area
0
1.06
0
680.1882
111.3684
977.8678
1.0
Item_Fruit_A
0
0
0
916.0482
138.5561
304.2085
1.0
AnchorAction2
0
2.356194
0
891
131.7786
166.0001
1.0
LinkTagAnd
0
0
0
833.36
115.61
123.98
1.0
FldObj_FenceWoodDamage_A_01
0.1762382
-0.07066026
0.02658426
653.2219
140.5537
674.2778
1.0
LinkTagOr
0
0
0
69
128
284.5
1.0
EventTag
0
0
0
807
124.5
869
5
Obj_Plant_KorokColor_A_01
-3.076616
-0.951714
3.102056
142.0535
128.1522
294.8969
1.0
FldObj_CliffWhite_A_03
0
0
0
622
122.5
74.5
1.0
LocationTag
0
0
0
888.0616
131.2886
173.6723
1.0
Obj_BoardWood_Square_01
0
-0.9600001
0
810.7609
147.3447
-18.60034
1.0
Enemy_Bokoblin_Middle
0
-0.4815927
0
599.0782
174.8048
588.5331
1.0
Area
0
0.5599995
0
838.5514
116.9559
816.3914
1.0
Obj_TreeApple_A_L_01
0
0
0
398.5
171.5868
653
1.0
Area
-1.882092
-0.1142839
1.607471
324.4529
126.601
513.2507
0.2109886
AnchorSleep
0
-1.570796
0
894.9968
131.7986
170.9987
1.0
LinkTagOr
-3.101593
-0.3415942
-3.141592
140.7772
128.1742
295.9339
1.0
FldObj_CliffCheeseStone_A_02_Far
-1.056471
0.06067355
-0.134145
692.0992
125.9828
688.4961
1.0
LinkTagPulse
-2.848983
0.3271945
3.078711
953.5953
117.1932
941.9009
0.25
Area
0
1.563194
0
847.6232
116.9559
851.234
1.0
Enemy_AirOctarock
0
-1.745398
0
805.4965
148.9541
-19.16998
1.0
FldObj_FissureValley_A_02
3.109433
-0.5278767
2.88582
725.1066
131.7041
561.7567
0.7
LinkTagAnd
0
1.853326
0
830.3853
132.8774
187.5556
0.3
LinkTagAnd
0.480077
0.190366
-0.8395344
885.0213
134.6101
274.6635
1.0
FldObj_FenceWoodDamage_A_01
-1.201389
0.6240022
3.018016
612.2151
174.8042
562.7259
1.0
LinkTagAnd
0
-2.239996
0
319.7128
132.5006
523.1462
1.0
Area
0
-1.897786
0
878.4149
116.9548
851.1291
1.0
Area
0
-0.3490658
0
816.56
109.98
120.13
1.0
FldObj_SkullRock_A_01_Far
-0.13874
0.7090148
0.2529125
682.6429
148.7611
608.4356
0.88
ActorObserverTag
0
0
0
835.87
115.8465
133.72
1.0
FldObj_CliffWhiteLumpRock_A_01
-1.085743
-1.157841
0.5970883
937.6713
122.9665
801.4581
1.1
FldObj_CliffWhiteLumpRock_A_01
0
-1.539989
-0.6199999
896.2198
118.422
612.8704
1.0
FldObj_CliffCheeseStone_A_02
-0.3540712
1.484535
0.6902545
727.7066
135.2128
605.895
1.0
LinkTagAnd
0
0
0
679.5821
118.9253
995.676
1.0
LocationTag
0
0
0
847
117
845
1.0
Area
0
-1.47779
0
869.5675
116.9559
861.292
1.0
LinkTagAnd
0
0
0
680.498
121.4892
995.2597
1.0
LinkTagOr
0
-1.934834
0
721.5438
120.3473
347.3754
1.0
FldObj_FenceWoodDamage_A_01
2.928196
0.6722912
3.030286
612.6963
177.1144
563.303
1.0
FldObj_BoneGiant_Rib_A_02
0.2842078
0.1281439
-2.01965
748.4814
120.9111
639.1626
0.9
FldObj_CliffCheeseStone_A_02_Far
0.08694392
0.3703914
-0.0237019
658.047
144.3763
635.8116
1.0
Npc_HiddenKorokFly
0
-0.38
0
225.3818
173.6473
872.0403
1.0
LinkTagAnd
0
0
0
682.0455
120.0439
1000.435
1.0
ActorObserverTag
0
-1.879996
0
322.2468
128.5101
520.9973
1.0
LinkTagOr
0
0
0
398.0895
171.5868
649.3357
1.0
FldObj_FenceWoodDamage_A_01
2.77549
1.220134
2.797385
619.5269
175.4624
571.9453
1.0
FldObj_CliffWhiteLumpRock_A_01
-0.3035435
-0.5789831
-0.06759032
1008.648
130.1531
893.452
1.2
SwitchTimeLag
0
0
0
838.11
117.3435
134.81
1.0
DgnObj_DungeonEntrance_A_01
0
1.853326
0
824.205
131.8774
187.7878
1.0
EnemyLookTag
0
0
0
596.6953
175
593.1172
1.0
FldObj_CliffWhiteLumpRock_A_01
-1.085743
-1.157841
0.5970883
937.6713
122.9665
801.4581
1.1
Obj_TreeApple_A_M_01
0
-1.934834
0
724.5751
120.3473
349.1718
1.0
LinkTagAnd
0
0
0
678.8172
120.0986
990.2383
1.0
LinkTagNOr
0
3.12
0
874.0385
131.2785
146.9145
1.0
FldObj_BoneGiant_Rib_A_03_Far
-0.2198955
0.00410753
-2.167552
743.9888
126.7712
614.9869
0.8
Area
0
2.543184
0
830.9029
116.9688
866.8672
1.0
LinkTagOr
0
0
0
915.5377
133.5561
297.9941
1.0
Area
0
0
0
633.7906
125.0023
175.8445
2.82931
FldObj_CliffWhiteParts_A_01
0.3437221
-1.333342
-0.665751
890.3684
103.0969
648.9026
1.0
FldObj_CliffWhiteParts_A_06_Far
-0.2035672
-1.204966
-0.04614622
938.1942
102.4724
850.4814
1.0
Obj_RaftWood_A_S_02
-0.5756667
1.535969
-0.5544007
808.7195
114.9569
828.7676
1.0
LinkTagOr
-3.121592
-0.3215935
-3.141592
142.7287
131.1168
317.9995
1.0
Obj_Plant_KorokColor_A_01
-3.069057
-0.2331733
-3.087524
151.3731
128.375
298.5235
0.95
FldObj_FenceWoodDamage_A_01
0.2525904
0.02261083
-0.0376179
688.2084
138.2094
672.6593
1.0
LinkTagAnd
0
0
0
877.6602
135.3311
155.9985
1.0
FldObj_FenceWoodDamage_A_01
0.3031853
0.6671717
-0.05957417
674.6324
128.4643
690.4664
1.0
ActorObserverTag
0
3.140001
0
888.0887
136.2886
156.6723
1.0
FldObj_BridgeWoodLarge_A_01
0
-0.5599998
0
970.7264
142.5414
942.3447
1.0
Obj_LiftRockWhite_A_01
0.01321121
0.00957503
-0.3444527
806.5516
116.7937
24.08749
1.0
LinkTagAnd
-0.1162397
0.01491622
0.05354992
882.4374
136.0631
274.5154
1.0
FldObj_FenceWoodDamage_A_01
-2.808429
1.312536
-3.098922
667.4874
163.6925
608.9592
1.0
LinkTagAnd
0.6119385
0.3325191
-1.065486
808.7129
117.364
24.14658
1.0
FldObj_CliffCheeseStone_A_02
0.3026737
1.143734
0.4534222
651.858
156.1283
610.579
1.0
AnchorAction1_Rain
0
-2.443461
0
877.491
131.2886
163.3983
1.0
AnchorAction1
0
3
0
892.7776
131.2773
158.3787
1.0
LinkTagNAnd
-3.121593
0.6984071
3.141592
134.9584
130.9967
300.5621
1.0
Area
-2.848983
0.3271945
3.078711
954.5403
117.1338
942.2223
3
Area
0
-2.477787
0
877.2053
116.9593
859.8083
1.0
FldObj_FenceWoodDamage_A_01
0
1.82
0
620.1387
175.2187
574.5449
1.0
FldObj_FenceWoodDamage_A_01
0
0.8015926
0
618.5934
175.0352
579.4635
1.0
LinkTagAnd
0
0
0
67
128
286.5
1.0
LinkTagAnd
0
-1.98
0
872.5
127
844.5
1.0
Area
0
3.140001
0
888.0616
133.7886
173.6723
1.0
FldObj_CliffCheeseStone_A_02_Far
-0.4
0.9800003
0
603.0624
125.2812
754.9293
1.0
Obj_TreeBroadleaf_B_L_01
0
0.6199999
0
871.5624
131.5385
284.251
1.0
LinkTagAnd
0
0
0
680.1882
111.3684
977.8678
1.0
LinkTagOr
0
-0.6199999
0
890.2539
132.307
201.4733
1.0
FldObj_RanchRuin_Silo_A_01
0
-3.04
0
76.20251
127.5084
324.9524
1.0
LinkTagAnd
1.528724
1.496314
1.323577
807.0706
119.2961
24.77942
1.0
LinkTagOr
-0.02769281
0.001495124
0.1078679
384.4896
156.7118
135.2922
1.0
LinkTagAnd
0
0
0
799.8256
135.3584
20.55429
2
AreaCulling_InnerHide
0
0.7984008
0
589.2134
184.1519
587.6347
1.0
KorokAnswerResponce
0
-1.879996
0
320.7735
129.1892
525.68
0.5
FldObj_BridgeWoodGashamahi_A_02
0
1.570796
0
819.8256
130.8631
20.55429
1.0
LinkTagAnd
0
0
0
888.0616
131.2886
173.6723
1.0
NPC_artist_010
0
-3.06
0
876.1678
131.2767
155.3846
1.0
FldObj_FissureValley_A_01_Far
1.87936
1.072721
1.690649
627.2455
135.4358
685.4782
0.7
DgnObj_DungeonEntrance_A_01
0
-0.8199999
0
854.7341
115.9318
838.056
1.0
DestinationAnchor
0
2.464232
0
822.1217
115.5643
840.1819
0.8281689
LinkTagAnd
0
4.855569
0
705.5267
115.9192
436.4823
1.0
Area
0
-2.960001
0
883.3624
116.9559
828.9131
1.0
LinkTagAnd
0
0
0
826.3569
131.8024
187.4285
1.0
Area
0
0
0
335.5
115.8024
1087.5
25
LinkTagAnd
0
0
0
973.7832
150.4077
963.9749
1.0
Enemy_AirOctarock
0
-2.334601
0
973.7832
150.4077
963.9749
1.0
Npc_HiddenKorokGround
0
0
0
25.66391
148.4707
147.481
1.0
FldObj_FenceWoodDamage_A_01
2.902248
1.307562
2.089653
708.1735
137.6026
647.5513
1.0
FldObj_CliffCheeseStone_A_02
-0.8250317
-0.05617929
0.5084733
663.9332
154.6142
620.7781
1.0
LinkTagAnd
0
0
0
836.91
116.3727
134.59
1.0
FldObj_FenceWoodDamage_A_01
0.6248222
1.139317
0.06919576
670.4141
155.6567
625.5042
1.0
Item_Fruit_A
0
0.508498
0
684.4355
127.2871
355.5368
1.0
LinkTagAnd
0
0
0
969.6924
129.1319
942.8339
1.0
FldObj_CliffWhiteParts_A_06_Far
-0.2264872
-0.885156
-0.02606512
852.1083
94.95674
406.6846
1.0
Enemy_AirOctarock
0
-1.3146
0
675.3057
120.122
996.6541
1.0
Area
0
3.123185
0
876.5323
116.9559
846.9337
1.0
AnchorAction1
0
2.530727
0
892.8746
131.2804
151.6756
1.0
Area
0
2.203184
0
840.3462
116.9559
855.8404
1.0
LinkTagAnd
0
0
0
981.3938
150.3842
971.331
1.0
Area
0
0.3799997
0
846.6262
116.9559
813.1802
1.0
AnchorAction2
0
-1.476194
0
887.1355
131.7986
173.691
1.0
Area
0
2.843184
0
844.3231
116.5843
859.3627
1.0
LinkTagAnd
0
0
0
853.6
109.8
837.3
1.0
BeeHome
0
0
0
926.6152
140.5833
252.6756
1.0
LinkTagAnd
-2.995542
-0.1838044
-3.110866
141.3321
128.2347
300.3467
1.0
LinkTagNAnd
0
0
0
160.5
129
267.5
1.0
TBox_Field_Wood
0
-1.8
0
978.5
149.2813
968.5
1.0
Npc_NorthHatelHatago006
0
3.14
0
888.081
131.7786
166.0628
1.0
LinkTagOr
-3.121593
0.6984071
3.141592
134.6738
127.9573
297.7906
1.0
LinkTagAnd
0
0
0
891
133
160
1.0
LinkTagAnd
0
-0.8199999
0
849.324
116.9318
841.0526
0.3
LinkTagAnd
0
0
0
895.6963
131.2886
158.6197
1.0
Obj_LiftRockWhite_A_01
-0.2927492
8.866268E-05
0.00091713
25.664
148.3726
147.5002
1.0
Area
0
0
0
633.9391
124.807
188.1882
2.82931
Area
0
0.1199997
0
853.1394
116.9559
814.4529
1.0
FldObj_FenceWoodDamage_A_01
-3.130354
1.053447
2.665032
707.2583
138.2638
645.3052
1.0
LinkTagAnd
0
0
0
680.1882
111.3684
977.8678
1.0
LinkTagAnd
0
0
0
977.6888
148.7749
967.6696
1.0
Area
0
-1.076815
0
863.5679
116.9559
858.8832
1.0
Obj_TreeBroadleaf_B_L_01
0
0
0
676.5516
115.9864
428.4654
1.0
Obj_Plant_KorokColor_A_01
-3.04726
-1.367974
3.055506
145.3255
128.0794
315.1953
1.0
Area
0
1.383185
0
861.2573
116.9559
811.4775
1.0
Npc_NorthHateru_around001
0
-0.02
0
620.4375
153.8156
77.40735
1.0
Enemy_Guardian_A
0
0
0
120.5
127.6501
272.5
1.0
Obj_BoardWood_Triangle_01
0
-2.143183
0
688.7448
117.0665
960.1398
1.0
FldObj_CliffCheeseStone_A_02
0
-0.7800001
0
686.6891
150.1935
581.9949
1.0
FldObj_CliffWhiteLumpRock_A_01
-1.085743
-1.157841
0.5970883
937.6713
122.9665
801.4581
1.1
AnchorAction1
0
1.18
0
816.8018
115.2198
836.7732
1.0
LinkTagAnd
0
0
0
978.5
149.2813
968.5
1.0
FldObj_EnemyBaseRock_A_01_Far
0
0.7984084
0
589.2328
164.1282
573.6348
1.0
FldObj_BridgeWoodLarge_A_02
0
1.06
0
680.2466
118.5934
978.5262
1.0
EventTag
0
0
0
827.09
118.8
130.35
1.0
Area
-0.1040037
-0.5716549
0.1905892
836.6868
115.2972
127.0027
1.0
Item_Fruit_A
0
0.508498
0
679.1216
129.0871
358.327
1.0
LinkTagNAnd
-3.070262
-0.1461322
-3.081139
151.2873
131.5318
300.6108
1.0
Area
0
-1.317787
0
871.0189
116.9559
859.5744
1.0
LocationTag
0
0
0
680.1882
111.3684
977.8678
1.0
Area
0
1.258408
0
833.3529
116.9559
839.3776
1.0
FldObj_CliffCheeseStone_A_02
-0.6412938
-0.714987
0.1310858
627.3086
153.8947
643.364
1.0
LinkTagOr
-3.121592
-0.3215935
-3.141592
144.0131
128.0774
315.5272
1.0
FldObj_FenceWoodDamage_A_01
0.7474865
0.9738153
0.2766289
667.1144
163.7283
611.1467
1.0
LinkTagOr
-3.070262
-0.1461322
-3.081139
148.9614
128.1076
297.1663
1.0
FldObj_FenceWoodDamage_A_01
0.1759337
0.4579554
-0.2250285
672.2443
128.8827
691.7152
1.0
Item_Fruit_A
0
0
0
918.7482
138.1561
300.6085
1.0
Area
0
1.9836
0
826.3569
131.8024
187.4285
25
FldObj_FenceWoodDamage_A_01
2.71849
1.07862
2.729824
618.5147
175.7726
569.501
1.0
FldObj_FenceWoodDamage_A_01
0.1261325
0.5852684
-0.1072436
664.0831
163.5955
615.0569
1.0
Item_Fruit_A
0
1.396263
0
845.3875
134.7686
262.6518
1.0
Obj_RockSetWhite_A_L_01
0
-1.44
0
816.1996
97.5583
138.1385
1.0
FldObj_BridgeWoodLarge_A_01_Far
0
-0.5599998
0
970.7264
142.5414
942.3447
1.0
Area
0
1.823184
0
839.3555
116.9559
844.2771
1.0
Enemy_Lizalfos_Guard_Junior_LongVisibility
0
-1.54001
0
977.095
149.1926
967.5822
1.0
Area
0
2.103185
0
855.6576
116.9559
848.214
1.0
FldObj_PushRock_A_M_01
0.001253173
-0.04256199
-0.02663313
634.0071
143.3613
182.581
1.0
Npc_HiddenKorokGround
0
0.01179993
0
883.0738
133.6105
274.7977
1.0
Area
0
-0.5777889
0
839.9003
116.9559
837.1523
1.0
DestinationAnchor
0
0.5235988
0
837.05
115.4559
839.77
1.0
LinkTagAnd
0
-2.081593
0
703.7376
118.0544
999.2396
1.0
Area
0
2.943185
0
866.5054
116.9559
839.3794
1.0
LinkTagAnd
0
0
0
698
123.0544
988
2
LinkTagOr
-3.121593
0.6984071
3.141592
131.8949
130.9967
297.9901
1.0
EventTag
0
0
0
839.22
119.2826
137.18
1.0
DgnObj_DungeonEntrance_A_01_Far
0
-0.8199999
0
854.7341
115.9318
838.056
1.0
LinkTagAnd
0
0
0
688.4286
118.693
953.7129
1.0
Area
0
1.483203
0
847.1798
116.9559
853.1556
1.0
Item_Fruit_A
0
0
0
912.7482
139.9561
300.4585
1.0
AnchorAction1_Rain
0
-1.463185
0
878.5105
131.7786
171.9281
1.0
AnchorAction1
0
-2.94
0
870.8344
132.4705
203.474
1.0
Area
0
1.883185
0
862.3247
116.9559
864.8141
1.0
SwitchTimeLag
1.610796
-0.3415942
-3.141592
138.8659
130.1726
296.5285
0.5
FldObj_FenceWoodDamage_A_01
0.2885654
-0.2706194
-0.07361729
650.6067
140.8171
673.6942
1.0
Area
0
0.9384081
0
874.6707
116.9559
828.5638
1.0
DestinationAnchor
0
-2.617994
0
701.7828
115.953
436.3802
1.0
LinkTagAnd
0
0
0
159.4999
128.88
269.9677
1.0
FldObj_FenceWoodDamage_A_01
0
1.26
0
615.377
174.9806
583.8887
1.0
Obj_TreeBroadleaf_B_L_01
0
2.219998
0
906.0197
132.6897
210.3826
1.0
FldObj_FenceWoodDamage_A_01
-2.07378
1.041642
1.980838
611.4626
173.0321
563.5571
1.0
Area
0
-1.98
0
872.4609
115.4515
841.7969
3
LinkTagAnd
0
0
0
823.5714
135.1809
20.5097
1.0
Enemy_Bokoblin_Middle
0
0.03999979
0
555.0371
178.9659
597.123
1.0
Obj_LiftRockWhite_A_01
-0.1162397
0.01491622
0.05354992
883.0793
133.5114
274.8093
1.0
DestinationAnchor
0
-1.811866
0
830.3806
132.8774
184.4331
1.0
Item_Fruit_A
0
0
0
844.6688
137.5286
265.869
1.0
FldObj_CliffCheeseStone_A_02_Far
0
-0.7800001
0
686.6891
150.1935
581.9949
1.0
LinkTagAnd
0
-0.8199999
0
852.2485
129.4318
838.3237
0.6
LinkTagAnd
0
0
0
810.6
147.7592
-16.79999
1.0
FldObj_BoneGiant_Rib_A_03
0.2943045
0.2439674
-2.243662
741.0129
119.3087
648.4311
1.0
AnchorAction1
0
2.983185
0
875.6217
131.303
164.689
1.0
FldObj_FissureValley_A_03
0.07541435
-0.311949
-0.2097573
666.8143
170.3287
540.4434
0.8
LinkTagOr
0
0
0
161.4999
128.88
271.9677
1.0
Npc_HiddenKorokGround
0
2.823189
0
954.403
116.2789
942.4681
1.0
Area
0
0
0
626.6266
125.096
182.1726
2.82931
FldObj_BoneGiant_Rib_A_02
0.08420776
0.1281439
-2.01965
739.9965
122.1625
672.8572
1.0
FldObj_FenceWoodDamage_A_01
1.186497
1.231937
1.178471
693.7538
137.5944
668.6199
1.0
LinkTagAnd
0
0
0
686.1
117.5294
961.9
1.0
LinkTagAnd
-0.1927492
8.866268E-05
0.00091713
25.16162
150.924
147.0024
1.0
LinkTagAnd
0
0
0
809
124.5
871.5
3
FldObj_FissureValley_A_01
1.87936
1.072721
1.690649
627.2455
135.4358
685.4782
0.7
WildHorseCreateTag01
0
0
0
186.6754
164.4374
844.7773
1.0
FldObj_SkullRock_A_01_Far
0.01971884
0.5369976
0.09169074
688.1539
134.9425
632.0611
1.05
ActorObserverTag
0
-1.879996
0
319.8817
128.0211
528.5841
1.0
FldObj_CliffWhiteParts_A_01
0
-1.62
0
761.2489
96.30214
225.5407
1.0
Obj_RockSetGray_A_L_01
-0.07794923
0.4102192
-0.6485664
947.5649
102.136
945.4464
0.8
FldObj_CliffCheeseStone_A_02
-1.056471
0.06067355
-0.134145
692.0992
125.9828
688.4961
1.0
LinkTagAnd
0
0
0
823.5714
135.1809
20.5097
1.0
Area
0
2.263185
0
880.1659
116.9559
832.1296
1.0
Obj_KorokPlate_A_01
2.783038
-1.239827
-2.764316
324.4611
126.3131
513.2252
1.0
AnchorAction1
0
3.140001
0
888.0779
131.7886
163.4723
1.0
FldObj_BridgeWoodGashamahi_A_02_Far
0
1.570796
0
819.8256
130.8631
20.55429
1.0
FldObj_CliffWhiteCave_A_03
0
0.4907963
0
386.2539
141.6016
132.2461
0.8
Area
-2.995542
-0.1838044
-3.110866
145.1944
129.5412
299.444
2
SignalFlowchart
0
0
0
837.45
118.8
138.96
1.0
Area
0
-3.117788
0
853.1831
116.9559
869.9497
1.0
DgnObj_EntranceShutter_A_01
0
1.853326
0
827.8544
132.8776
186.7284
1.0
LinkTagAnd
-3.121593
0.6984071
3.141592
133.1421
127.9573
296.5046
1.0
SignalFlowchart
0
0
0
812
125.5
871
5
EventTag
0
-1.343599
0
851.7117
116.9318
843.6116
0.6
LocationTag
0
0
0
826.3569
131.8024
187.4285
1.0
AnchorAction2_Rain
0
-2.443461
0
877.2957
131.2886
163.5663
1.0
LinkTagOr
1.528724
1.496314
1.323577
807.0883
119.3684
23.7822
1.0
AnchorAction1
0
0.8599999
0
901.3946
131.918
199.5308
1.0
Obj_Plant_KorokColor_A_01
-3.117373
-0.6705765
3.132862
146.2899
128.0894
315.4009
0.98
FldObj_FenceWoodDamage_A_01
0.2515652
0.02927784
-0.2305267
690.77
137.6999
672.6174
1.0
Area
0
1.040001
0
827.3415
116.9559
828.9474
1.0
FldObj_AncientStoneTower_A_02_Far
0
1.530796
0
893.2137
133.15
37.79095
1.0
Enemy_AirOctarock
0
1.396194
0
816.1094
148.8994
-17.84534
1.0
AnchorAction1
0
-0.12
0
620.5
153.8292
77.85934
1.0
Enemy_Chuchu_Senior
0
-0.7400001
0
871.8047
115.4559
852.1954
1.0
LinkTagAnd
0.03588657
-1.459823
-0.08911826
627.1172
133.4423
181.82
1.0
Area
0
0
0
891
131.7786
166
25
Animal_Dog_A
0
1.561593
0
895.6963
131.2886
158.6197
1.0
FldObj_FenceWoodDamage_A_01
-2.061271
1.421472
-2.143147
708.3839
137.7618
649.9981
1.0
Obj_Plant_KorokColor_A_01
-3.023604
-0.9285545
3.117813
150.8156
128.3841
299.2103
1.05
Area
-1.879996
4.163848E-08
1.570796
321.0802
125.4782
524.7199
0.2109886
LinkTagPulse
-0.02769281
0.001495124
0.1078679
385.159
155.1755
135.336
0.25
Area
0
1.570796
0
799.8256
130.3584
20.55429
25
LinkTagAnd
0
-0.8199999
0
849.324
116.9318
841.0526
0.3
Area
0
-0.4777877
0
869.8229
117.014
814.5787
1.0
AnchorAction3
0
-0.01999766
0
888.0722
131.7886
168.4001
1.0
LinkTagOr
0
-1.820197
0
671.2394
116.0703
419.0865
1.0
EventTag
0
1.329727
0
829.4095
132.8774
184.1944
0.6
FldObj_CliffWhite_A_05
0.2236144
0.4835805
0.6358023
764.3712
103.7604
544.1756
1.0
AirOcta_Tag
0
-3.119999
0
977.6888
151.7749
967.6696
1.0
LinkTagAnd
0
0
0
829.4095
132.8776
184.1944
1.0
AirOcta_Tag
0
-2.099999
0
680.498
121.4892
995.2597
1.0
Enemy_AirOctarock
0
1.783808
0
695.9259
118.7243
957.7184
1.0
Area
0
-0.4400003
0
832.2039
116.9559
819.772
1.0
LinkTagAnd
0.4433897
0.121372
-0.8972921
27.66309
149.3559
147.3085
1.0
FldObj_CliffWhite_A_01
-3.07993
-0.1723742
3.114373
383.7281
107.6567
120.7109
1.0
Enemy_Bokoblin_Junior
0
-2.081593
0
702.3618
118.0544
990.4443
1.0
Enemy_Bokoblin_Bone_Junior
0
0
0
166.5
128.5498
282
1.0
FldObj_SkullRock_A_01_Far
0.2606008
1.102772
0.3329311
699.2745
137.9644
611.0889
0.99
LinkTagAnd
0
0
0
319.7128
134.5006
523.1462
1.0
LinkTagOr
0
0.508498
0
680.3584
122.6871
354.8164
1.0
FldObj_AncientStoneTower_A_02
0
0
0
553
125.9
166
1.0
Enemy_AirOctarock
0
-0.5723868
0
683.6768
118.693
964.9098
1.0
LinkTagAnd
0
0
0
840.83
118.71
130.09
1.0
LinkTagAnd
0
1.570796
0
789.3256
130.3584
13.55429
1.0
Obj_TreeApple_A_M_01
0
-1.820197
0
674.4563
116.0703
420.5244
1.0
Area
0
0.8184082
0
861.2138
116.9791
829.7457
1.0
LinkTagAnd
0
1.570796
0
789.8256
130.3584
17.55429
1.0
FldObj_BoneGiant_Rib_A_03
-0.2198955
0.00410753
-2.167552
743.9888
126.7712
614.9869
0.8
Area
0
0
0
838.23
113.43
128.6
11
Obj_Plant_KorokColor_A_01
-3.101593
-0.3415942
-3.141592
142.9988
128.1582
294.7198
0.92
Area
0
2.503185
0
851.8088
116.9559
829.0066
1.0
FldObj_CliffWhiteLumpRock_A_01
2.718372
0.3852323
-2.956407
915.8533
129.2847
996.6554
1.2
Area
0
0.758408
0
847.3058
116.9559
834.1976
1.0
LinkTagOr
0.03588657
-1.459823
-0.08911826
627.2281
133.4324
182.8138
1.0
DestinationAnchor
0
3.413763
0
838.751
116.0997
841.8646
0.8072641
FldObj_FenceWoodDamage_A_01
-3.092946
0.9558505
-2.736392
607.1328
176.2355
557.6786
1.0
Area
0
1.518408
0
852.5579
116.9559
824.3946
1.0
Obj_Plant_KorokColor_A_01
-2.93594
-1.38522
2.95278
142.069
128.1822
295.6867
0.9499999
AnchorAction2
0
3.123186
0
896.4355
131.2938
163.0307
1.0
LinkTagNone
0
0
0
809.8596
148.9775
-13.30011
1.0
AnchorSleep
0
-2.561594
0
892.4039
132.6552
181.6063
1.0
DgnObj_EntranceShutter_A_01
0
-0.8199999
0
851.9558
116.932
840.6484
1.0
Area
0
-1.176815
0
851.2041
116.9559
867.6712
1.0
LinkTagAnd
0
0
0
688.7448
117.0665
960.1398
1.0
FldObj_CliffCheeseStone_A_02_Far
-0.8250317
-0.05617929
0.5084733
663.9332
154.6142
620.7781
1.0
Enemy_Bokoblin_Middle
0
1.570796
0
794.8256
130.3504
20.55429
1.0
Area
-0.02769281
0.001495124
0.1078679
384.1648
155.068
135.3375
3
LinkTagOr
0
0
0
894.5045
131.3096
162.91
1.0
LinkTagAnd
0
3.12
0
876.7064
131.2801
150.8551
1.0
BeeHome
0
0
0
123.989
129.8
313.9541
1.0
FldObj_CliffWhiteLumpRock_A_01
-0.4694188
-0.7929155
0.2236983
966.5167
128.9148
866.5048
1.0
Npc_NorthHatelHatago002
0
0
0
883.3637
131.3114
155.974
1.0
Area
0
1.485398
0
822.7877
116.9681
843.6373
1.0
Item_Fruit_A
0
0.508498
0
684.2924
127.9371
360.8257
1.0
LinkTagAnd
0
0
0
810.7609
150.3447
-18.60034
1.0
DestinationAnchor
0
1.797994
0
850.7374
116.9318
843.8369
1.0
Area
0
2.863185
0
845.0797
116.9559
851.0978
1.0
FldObj_CliffWhiteCave_A_03_Far
0
0.4907963
0
386.2539
141.6016
132.2461
0.8
LinkTagAnd
0
0
0
826.3569
131.8024
187.4285
1.0
LinkTagAnd
0
1.853326
0
826.5439
145.3774
188.6707
0.6
LinkTagAnd
0
1.570796
0
792.3256
130.3584
13.55429
1.0
Enemy_AirOctarock
0
1.826992
0
685.557
120.0986
994.019
1.0
FldObj_FenceWoodDamage_A_01
-3.141367
0.9015619
-2.703295
608.6445
176.9131
560.0898
1.0
LinkTagAnd
0
0
0
816.1094
148.8994
-17.84534
1.0
FldObj_CliffWhiteParts_A_03
-0.38
-0.7
0
973.7931
112.3105
899.7607
1.0
Npc_HiddenKorokFly
0
-2.239996
0
322.0657
127.5006
525.0073
1.0
LinkTagNone
0
0
0
123.989
129.8
313.9541
1.0
Area
0
1.29841
0
866.934
116.9559
852.8524
1.0
AreaCulling_OuterNPCMementary
0
0
0
625.6898
185.9395
609.3195
200
Npc_Attacked_001
0
-1.570796
0
819.8256
130.3953
20.55429
1.0
FldObj_CliffWhiteLumpRock_A_01
-0.80753
-0.8711078
0.3579741
842.4603
119.3493
357.216
1.1
AnchorAction1_Rain
0
1.570796
0
890.1492
131.7786
173.6516
1.0
LinkTagOr
0
0
0
929.1466
138.5569
251.7658
1.0
Area
-3.121592
-0.3215935
-3.141592
145.903
129.2772
314.8723
2
LinkTagAnd
0
-1.98
0
868
127
842.5
1.0
Area
0
3.140001
0
888.0616
131.2886
173.6723
40
LinkTagAnd
0
0
0
838.86
119.58
138.01
1.0
Item_Fruit_A
0
0.508498
0
683.8298
127.6871
359.9959
1.0
FldObj_CliffCheeseStone_A_02_Far
0.3026737
1.143734
0.4534222
651.858
156.1283
610.579
1.0
Area
0
0.6584082
0
843.5042
116.9559
826.3387
1.0
LinkTagAnd
0
0
0
805.4965
148.9541
-19.16998
1.0
LinkTagAnd
0
0
0
136.221
129.157
299.0582
1.0
Area
0
-2.837788
0
863.244
116.9559
867.6144
1.0
KorokAnswerResponce
0
0
0
631.1099
135.7438
178.5007
0.5
KorokAnswerResponce
2.783038
-1.239827
-2.764316
324.0132
130.1646
514.627
0.5
DestinationAnchor
0
-1.745329
0
819.6001
115.4223
837.5
1.0
Enemy_AirOctarock
0
0.8069919
0
981.3938
150.3842
971.331
1.0
GrassCutTag
0
1.570796
0
797.3256
130.3242
20.55429
1.0
LinkTagOr
0
-0.38
0
226.8291
175.0536
871.1125
1.0
LinkTagPulse
0.074418
0.007637882
-0.2044609
807.7338
117.567
24.15421
0.25
Area
0
-1.237788
0
881.3547
116.9559
825.9657
1.0
LinkTagAnd
0
0
0
847
117
845
1.0
Enemy_Bokoblin_Guard_Junior
0
-0.3
0
580.7383
176.864
596.457
1.0
Obj_Plant_KorokColor_A_01
-3.121592
-0.3215935
-3.141592
146.4008
128.0724
314.4682
0.96
LinkTagAnd
0
-0.6199999
0
892.4485
132.4812
196.8596
1.0
Obj_KorokPlate_A_01
0
-1.879996
0
322.2468
125.5101
520.9973
1.0
LinkTagAnd
0
0
0
851.7117
116.932
843.6116
1.0
Area
0
-2.987057E-07
0
855.3135
116.9559
811.2333
1.0
Obj_TreeApple_A_M_01
0
0
0
844.6375
131.7286
263.1518
1.0
LinkTagOr
-3.070262
-0.1461322
-3.081139
147.3372
131.2928
301.1932
1.0
Area
0
3.005397
0
841.9224
116.9681
865.2294
1.0
AnchorAction2
0
1.570796
0
890.1492
131.7786
173.6516
1.0
LinkTagOr
-2.995542
-0.1838044
-3.110866
143.2974
128.2951
299.9812
1.0
FldObj_CliffWhite_A_01_Far
-3.07993
-0.1723742
3.114373
383.7281
107.6567
120.7109
1.0
Item_Fruit_A
0
0
0
914.9482
138.9061
299.0585
1.0
LinkTagAnd
0
0
0
817
123
873.5
3
FldObj_FenceWoodDamage_A_01
0.2233812
1.354502
0.2302627
620.0469
175.0876
577.1318
1.0
LinkTagOr
-3.121593
0.6984071
3.141592
135.9595
127.9173
296.2592
1.0
Area
0
-0.7977877
0
876.3356
116.9559
818.4645
1.0
FldObj_AncientStoneTower_A_01
0
0
0
634
94.38
182.3594
1.0
LinkTagOr
0
0
0
844.0381
131.7286
266.6241
1.0
DestinationAnchor
0
1.463937
0
817.3976
115.2777
837.0445
0.8511279
LookTag
0
1.853326
0
834.2887
131.8774
184.8605
1.0
FldObj_CliffCheeseStone_A_02
-0.9895539
0.4376494
0.04696503
668.1637
149.1259
629.554
1.0
FldObj_FenceWoodDamage_A_01
0.5268564
0.5938646
0.08116042
668.7891
155.4526
627.4729
1.0
AirOcta_Tag
0
-0.9600001
0
810.7609
150.3447
-18.60034
1.0
FldObj_FenceWoodDamage_A_01
0.3414523
0.8687744
0.1990774
655.6645
140.7226
673.744
1.0
Item_Fruit_A
0
0
0
400.5
175.8868
654.1
1.0
Npc_NorthHateru003
0
0
0
881.9061
131.2814
156.2115
1.0
Area
0
-2.537788
0
834.6093
116.957
860.7965
1.0
Area
0
0
0
850.1719
115.5609
819.4453
2.5
FldObj_PushRock_A_M_01
0
-0.04267008
0
626.6864
128.5641
182.2554
1.0
Area
0
2.103185
0
862.5145
116.9559
855.943
1.0
Item_Fruit_A
0
0
0
917.9482
137.8561
302.7585
1.0
Area
0
0
0
640.611
124.4398
182.2507
2.82931
Area
0
2.063186
0
852.3475
116.9559
849.84
1.0
Area
-0.1927492
8.866268E-05
0.00091713
25.66308
149.3542
147.3086
3
Obj_RockSetWhite_A_L_01_Far
0
-1.68
0
805.058
95.48799
116.368
1.0
LinkTagAnd
0
3.12
0
874.1519
131.2765
144.1143
1.0
LinkTagAnd
0
0
0
681.4
118.9
994.9
1.0
LinkTagOr
0
-0.38
0
225.8462
176.1473
872.2255
1.0
FldObj_CliffWhiteLumpRock_A_01
-0.6829696
-0.5855147
0.2741537
906.3099
118.1501
522.3761
1.1
Area
0
2.385396
0
830.7656
116.9615
863.2986
1.0
AnchorAction1_Rain
0
2.792527
0
885.1188
131.7836
180.9743
1.0
LinkTagAnd
0
0
0
809.8596
148.9775
-13.30011
1.0
FldObj_CliffCheeseStone_A_02_Far
-0.5599999
0
0
654.7202
130.0069
676.6765
1.0
Enemy_Bokoblin_Middle
0
0
0
155
128.632
263.5
1.0
Area
0
-0.8777878
0
878.5892
116.9559
820.9794
1.0
Area
-1.879996
4.163848E-08
1.570796
319.8842
125.3101
528.5766
0.2109886
LinkTagAnd
0
4.855569
0
699.1985
115.9192
437.3944
1.0
LinkTagAnd
0.5481077
0.2504885
-0.7710566
386.1532
155.2832
135.3345
1.0
DgnObj_EntranceTerminal_A_01
0
1.329727
0
829.4095
132.8776
184.1944
1.0
AnchorAction1_Rain
0
2.56637
0
882.0825
131.7786
175.5719
1.0
Area
0
-0.5599994
0
969.6924
129.1319
942.8339
1.0
Enemy_AirOctarock
0
2.966991
0
811.7462
148.9541
-23.71521
1.0
LinkTagNAnd
0
-0.8199999
0
854.2952
129.4318
840.5172
0.6
TwnObj_StableHostel_A_01
0
3.140001
0
888.0616
131.2886
173.6723
1.0
LinkTagAnd
0
0
0
811.7462
148.9541
-23.71521
1.0
DgnObj_WarpPoint_A_01
0
1.853326
0
833.0358
132.8404
185.2243
1.0
Enemy_Guardian_A
0
0
0
393.5
170.7967
679.5
1.0
Area
-3.101593
-0.3415942
-3.141592
142.6455
129.3733
295.2187
2
Item_Fruit_A
0
-1.934834
0
724.3702
122.9123
351.0306
1.0
LinkTagOr
-0.1162397
0.01491622
0.05354992
883.4358
136.1166
274.5
1.0
FldObj_CliffCheeseStone_A_02_Far
0.0673153
-0.1892765
0.03445114
664.4064
142.2279
634.2101
1.0
LinkTagNone
0
0
0
599.0782
174.8048
588.5331
1.0
Area
0
2.283186
0
861.2827
116.9559
844.3423
1.0
Item_Fruit_A
0
0
0
401.3
176.1868
651.95
1.0
Obj_Plant_KorokColor_A_01
-3.123911
-0.5231573
3.119896
135.8841
127.9673
299.4594
1.0
Area
0
-1.517789
0
871.616
116.9559
858.488
1.0
FldObj_FenceWoodDamage_A_01
2.943466
0.6621262
-3.134793
603.5605
175.1397
553.6631
1.0
Area
0
2.623193
0
844.8407
116.9559
850.7305
1.0
LinkTagOr
-3.121592
-0.3215935
-3.141592
143.3811
128.0374
313.6301
1.0
Obj_KorokPlate_A_01
0
-1.879996
0
323.3604
125.8196
517.0087
1.0
FldObj_BoneGiant_Rib_A_02_Far
0.2842078
0.1281439
-2.01965
748.4814
120.9111
639.1626
0.9
LinkTagAnd
0
0
0
842.42
119.7
127.63
1.0
LinkTagAnd
0
0
0
810.7609
147.3447
-18.60034
1.0
AnchorAction1
0
-2.081591
0
696
118.0544
986.875
1.0
FldObj_CliffWhiteLumpRock_A_01
2.447402
0.7983166
-3.024624
619.0001
137.4642
472.0853
1.0
FldObj_CliffWhite_A_03
-0.368982
0.7790571
-0.1590318
927.0544
97.0591
744.8765
1.0
LinkTagAnd
0
0
0
847
117
845
1.0
Npc_NorthHateru005
0
0
0
882.897
131.2458
157.7734
1.0
FldObj_AncientStoneTower_A_02
0
1.530796
0
893.2137
133.15
37.79095
1.0
LinkTagNAnd
0
0
0
827.89
117.98
129.41
1.0
PosAfterDemoSkip
0
2.321593
0
849.6459
116.9318
842.667
1.0
FldObj_CliffWhiteLumpRock_A_01
-0.9353315
-1.17487
0.1555182
884.3448
115.0476
433.0048
1.0
ActorObserverTag
0
-1.879996
0
321.0778
128.1892
524.7274
1.0
LinkTagAnd
0
0
0
335.5
123
1075
1.0
ActorObserverTag
0
0
0
634.0645
131.5988
175.5966
2
Enemy_Chuchu_Junior
0
3.003185
0
870.9922
115.4559
849.2422
1.0
ActorObserverTag
0
0
0
891
133
155
1.0
LinkTagAnd
0
0
0
695.9259
118.7243
957.7184
1.0
LinkTagAnd
-3.070262
-0.1461322
-3.081139
147.2677
128.1479
299.4311
1.0
DestinationAnchor
0
-1.22173
0
819.8
115.4139
836.5
1.0
LinkTagNone
0
0
0
696
118.0544
986.875
1.0
ActorObserverTag
0
0
0
335.5
123
1080
1.0
Area
0
1.570796
0
799.8256
130.3584
20.55429
40
AnchorAction1_Rain
0
-2.981592
0
879.2802
131.7786
173.7216
1.0
LookTag
0
-0.8199999
0
847.0571
115.9318
845.2194
1.0
FldObj_BoneGiant_Rib_A_03_Far
0.2943045
0.2439674
-2.243662
741.0129
119.3087
648.4311
1.0
TBox_Field_Iron
0
3.123185
0
679.5821
118.9253
995.676
1.0
FldObj_CliffWhiteWall_A_01_Far
2.450787
0.5036011
3.071261
675.3964
151.6948
531.6074
1.0
Area
0
-0.8199999
0
847
117
845
6
LinkTagAnd
0
0
0
844
120.84
130.24
1.0
LinkTagAnd
0
0
0
833.62
116.47
122.75
1.0
Item_Fruit_A
0
0
0
400.4
177.1868
651.9
1.0
AirOcta_Tag
0
-2.143183
0
688.7448
120.0665
960.1398
1.0
FldObj_CliffWhiteParts_A_06
-0.2035672
-1.204966
-0.04614622
938.1942
102.4724
850.4814
1.0
Area
0
1.283185
0
834.4219
116.9559
816.1704
1.0
DestinationAnchor
0
1.307361
0
833.4927
115.4559
847.5374
0.9249886
Obj_TreeApple_A_L_01
0
0.508498
0
682.501
122.6871
357.8172
1.0
LinkTagNAnd
-3.121592
-0.3215935
-3.141592
146.5237
131.1168
316.7352
1.0
PosAfterDemoSkip
0
-1.288267
0
830.8267
132.8774
185.9697
1.0
AnchorSleep
0
4.148791
0
895.8156
132.6663
178.2341
1.0
Area
0
1.183185
0
827.6698
116.9559
851.1049
1.0
FldObj_CliffCheeseStone_A_02
2.389677
0.8196638
2.809531
665.6593
154.0784
601.516
1.0
FldObj_FenceWoodDamage_A_01
0
0.7600002
0
616.6852
175.014
581.3585
1.0
Item_Fruit_A
0
-1.820197
0
671.8155
121.8703
419.884
1.0
Area
0
0.8984083
0
869.3425
116.9559
825.0962
1.0
KorokAnswerResponce
0
-1.879996
0
321.9426
129.5101
521.95
0.5
TBox_Field_Iron_NoReaction
0.02733837
-0.4223208
-0.3988486
924.9359
139.8022
274.549
1.0
AnchorAction1
0
-2.443461
0
877.3017
131.2658
153.1458
1.0
Area
0
-0.1615918
0
859.3276
116.9559
824.7872
1.0
AnchorAction1_Rain
0
-0.1800001
0
616.3863
154.4044
76.34836
1.0
LinkTagPulse
-0.1927492
8.866268E-05
0.00091713
26.66309
149.355
147.3086
0.25
Enemy_Lizalfos_Guard_Junior_LongVisibility
0
-3.123186
0
681.4
118.9
994.9
1.0
LookTag
0
-2.617994
0
696.3414
118.9737
426.806
1.0
Enemy_AirOctarock
0
-2.928581
0
688.4286
118.693
953.7129
1.0
Obj_RockSetWhite_A_L_01
0
0
0
826.2552
94.81612
109.2274
1.0
Enemy_Bokoblin_Guard_Junior_TreeHouseTop
0
-0.9199999
0
810.6
147.7592
-16.79999
1.0
Area
0
-1.98
0
864.5391
116.0062
860.9609
4
Item_Fruit_A
0
-0.4239336
0
674.7557
119.1103
421.3746
1.0
Npc_Attacked_001
0
1.059999
0
680.2465
118.0899
978.5261
1.0
LinkTagOr
-3.101593
-0.3415942
-3.141592
140.1077
128.0942
294.051
1.0
LinkTagNAnd
0
1.853326
0
825.7075
145.3774
185.7897
0.6
FldObj_CliffCheeseStone_A_02_Far
-0.3136093
0.2432278
-0.1991279
653.9365
139.5499
665.5046
1.0
DgnObj_WarpPoint_A_01
0
-0.8199999
0
848.011
116.8948
844.3292
1.0
TBox_Field_Iron
0.7246454
1.04233
0.8141254
826.6416
112.7967
123.6074
1.0
LinkTagAnd
0
-2.081593
0
701.1205
118.0544
997.7731
1.0
FldObj_CliffCheeseStone_A_02
-1.03816
0.2180321
-0.3991468
674.8742
155.8888
581.7791
1.0
Item_Fruit_A
0
0.508498
0
680.1118
127.9371
357.9468
1.0
FldObj_CliffWhiteWall_A_01
2.450787
0.5036011
3.071261
675.3964
151.6948
531.6074
1.0
Obj_Plant_KorokColor_A_01
-3.103904
0.007213873
-3.127914
143.4216
128.1862
295.3119
1.02
Area
0
-0.6177889
0
873.7814
116.9559
856.375
1.0
KorokAnswerResponce
0
0
0
633.1099
135.7438
178.5007
0.5
FldObj_CliffCheeseStone_A_02_Far
-0.3540712
1.484535
0.6902545
727.7066
135.2128
605.895
1.0
Area
0
1.063185
0
834.3778
116.9559
835.1971
1.0
Obj_RockSetWhite_A_L_01_Far
0
0
0
826.2552
94.81612
109.2274
1.0
Enemy_AirOctarock
0
0.2561958
0
682.0455
120.0439
1000.435
1.0
FldObj_CliffCheeseStone_A_02
-0.5599999
0
0
654.7202
130.0069
676.6765
1.0
Enemy_AirOctarock
0
-0.7638044
0
974.0891
150.3296
971.6967
1.0
Item_Fruit_A
0
0
0
398.6
176.8368
656.5
1.0
Obj_LiftRockWhite_A_01
-2.848983
0.3271945
3.078711
954.3877
116.1839
942.4955
1.0
LinkTagAnd
0
-3.080002
0
147.6033
130.8034
295.7374
1.0
LinkTagAnd
-0.02769281
0.001495124
0.1078679
383.4955
156.6041
135.2942
1.0
KorokAnswerResponce
0
-1.879996
0
323.0561
129.8196
517.9613
0.5
Area
0
-2.197788
0
874.2758
116.9559
860.1575
1.0
LinkTagAnd
0
0
0
830.01
115.24
123.98
1.0
ClusterRenderCheckTag
0
0
0
852.6122
112.363
839.5322
35
FldObj_FenceWoodDamage_A_01
0.5997499
0.7017457
0.01837247
665.9581
163.6229
613.3342
1.0
Area
0
0
0
823.5714
135.1809
20.5097
30
LinkTagAnd
-2.123807
-0.2481647
-2.496568
952.6502
117.2527
941.5796
1.0
LinkTagAnd
0
0
0
142.6455
129.3733
295.2187
1.0
Area
1.528724
1.496314
1.323577
806.7546
117.7702
24.16185
3
Npc_TripMaster_12
0
-1.396263
0
890.2549
131.2764
157.0596
1.0
FldObj_CliffCheeseStone_A_02_Far
-0.6412938
-0.714987
0.1310858
627.3086
153.8947
643.364
1.0
FldObj_FenceWoodDamage_A_01
-3.134451
0.6418605
3.048329
610.563
177.4193
561.7642
1.0
Area
0
-3
0
833.5405
116.9559
845.7924
1.0
Item_Fruit_A
0
0.508498
0
683.6251
128.2871
355.9313
1.0
Area
0
1.018408
0
841.4724
116.9559
840.0823
1.0
FldObj_CliffCheeseStone_A_02_Far
2.389677
0.8196638
2.809531
665.6593
154.0784
601.516
1.0
LinkTagOr
0
-0.6199999
0
892.4233
131.9535
208.1063
1.0
Enemy_Bokoblin_Middle
0
0
0
75.49997
127.7626
291
1.0
ActorObserverTag
0
0
0
640.4395
131.5988
181.0106
2
Enemy_Chuchu_Junior
0
2.143185
0
865.1563
115.4559
847.3594
1.0
LinkTagAnd
-2.848983
0.3271945
3.078711
955.2573
118.6235
941.9458
1.0
FldObj_FissureValley_A_03_Far
0.07541435
-0.311949
-0.2097573
666.8143
170.3287
540.4434
0.8
Area
0
0
0
853.6
109.8
837.3
50
Area
0
-3.099999
0
866.8254
116.9559
835.3759
1.0
Area
0
0.1570796
0.2792527
837.3344
115.6813
132.75
1.0
DgnObj_EntranceTerminal_A_01
0
-1.343599
0
851.7117
116.932
843.6116
1.0
LinkTagOr
0
0
0
124.825
128.3625
313.8916
1.0
Area
0
0.1399997
0
854.7993
117.014
808.0396
1.0
Enemy_Bokoblin_Bone_Junior
0
0
0
69.99997
127.1929
277.5
1.0
Npc_HiddenKorokGround
0
1.559999
0
806.5719
116.8914
24.09494
1.0
FldObj_FissureValley_A_04
3.073324
1.040227
3.062484
516.7965
155.322
654.9835
0.8
SwitchTimeLag
-1.570796
0
0
630.1021
134.3063
178.5007
0.5
FldObj_CliffCheeseStone_A_02_Far
-0.9895539
0.4376494
0.04696503
668.1637
149.1259
629.554
1.0
LinkTagAnd
0
-1.98
0
872.5
127
840
1.0
Npc_Musician_011
0
2.94
0
892.1766
131.3391
161.9411
1.0
LinkTagAnd
0
0
0
630.1021
134.3063
178.5007
1.0
EnemyChatFortMgrTag
0
0
0
596.6953
175
593.1172
1.0
LinkTagAnd
0
0
0
969.6924
129.1319
942.8339
1.0
AnchorAction2
0
-2.443461
0
877.0908
131.2671
153.3216
1.0
AnchorAction1
0
1.570796
0
802.8256
130.3584
20.55429
1.0
FldObj_SkullRock_A_01
0.2606008
1.102772
0.3329311
699.2745
137.9644
611.0889
0.99
LinkTagOr
0
0
0
598.2038
123.8729
859.1051
1.0
LinkTagAnd
0
-0.38
0
224.9174
176.1473
871.855
1.0
FldObj_CliffWhite_A_03
0.8242884
-1.214682
-0.7563052
736.6282
108.773
531.0372
1.0
DungeonBird_test
0
0
0
121.4782
125.61
284.6389
1.0
Area
-1.879996
4.163848E-08
1.570796
323.3628
126.1086
517.0012
0.2109886
LinkTagAnd
0
3.12
0
876.2893
131.2736
144.5429
1.0
FldObj_CliffWhiteParts_A_01
2.981593
-1.461593
3.141593
923.0852
106.2411
769.8754
1.0
Item_Fruit_A
0
0
0
913.7982
138.8061
300.6085
1.0
LinkTagNAnd
0
0
0
72
128
287.5
1.0
Item_Fruit_A
0
0
0
396.35
176.8368
651.95
1.0
Obj_RockSetWhite_A_L_01_Far
0
-1.44
0
816.1996
97.5583
138.1385
1.0
AreaCulling_InnerHide
0
0.7984008
0
690.4042
147.7141
619.542
1.0
FldObj_CliffWhite_A_03_Far
0.8242884
-1.214682
-0.7563052
736.6282
108.773
531.0372
1.0
Area
0
0.8184082
0
842.3782
116.9559
824.7568
1.0
LinkTagAnd
0
0
0
810.478
147.79
-18.62695
1.0
TwnObj_BrownStoneRuinWall_A_04
0
0
0
147.0029
127.7832
193.2643
1.0
ActorObserverTag
0
0
0
625.3379
131.5988
182.5028
2
Npc_HiddenKorokFly
0
-1.46
0
627.0391
130.941
182.307
1.0
TwnObj_BrownStoneRuinWall_A_01_Far
0
0
0
151.8752
128.0583
226.1031
1.0
Area
0
1.883185
0
852.9702
116.9559
860.3331
1.0
TwnObj_StableHostel_A_01_Far
0
3.140001
0
888.0616
131.2886
173.6723
1.0
LinkTagOr
-2.848983
0.3271945
3.078711
954.312
118.6832
941.6249
1.0
FldObj_AncientStoneTower_A_02_Far
0
0
0
553
125.9
166
1.0
Area
0
-1.677787
0
881.1561
116.9249
850.753
1.0
Obj_KorokPlate_A_01
0
-1.879996
0
319.8817
125.021
528.5841
1.0
Item_Fruit_A
0
0
0
917.8482
139.1561
300.5585
1.0
LinkTagAnd
-3.101593
-0.3415942
-3.141592
138.8927
128.1742
296.6039
1.0
TwnObj_BrownStoneRuinWall_A_01
0
0
0
151.8752
128.0583
226.1031
1.0
FldObj_FenceWoodDamage_A_01
-3.077335
0.732061
-2.746355
605.5
175.5313
555.4521
1.0
ActorObserverTag
2.783038
-1.239827
-2.764316
324.3518
129.2915
513.5673
1.0
LinkTagNone
0
0
0
855.5
158.5
837.5
1.0
LinkTagAnd
0
3.12
0
878.3141
131.2713
147.2278
1.0
Item_Fruit_A
0
0
0
398.6
176.5868
655.55
1.0
Obj_Plant_KorokColor_A_01
-3.095825
-0.6031566
3.129025
142.9294
128.2062
296.0171
1.05
FldObj_FenceWoodDamage_A_01
0.3257532
1.084186
-0.02022311
692.533
137.2805
671.0458
1.0
LinkTagAnd
0
0
0
159.4999
128.88
273.9677
1.0
Item_Fruit_A
0
-1.934834
0
722.0249
126.1473
348.2335
1.0
LinkTagAnd
0
0
0
837.17
117.92
137.78
1.0
FldObj_CliffWhiteLumpRock_A_01
-0.9121458
0.09985507
-0.04720416
1066.382
118.1699
921.6376
1.0
AnchorAction1
0
2.514464
0
873.8199
131.2867
160.0665
1.0
Obj_TreeApple_A_L_01
0
0
0
915.9482
133.5561
301.6584
1.0
SwitchTimeLag
1.570796
-0.9015967
3.141593
319.7128
134.5006
523.1462
0.5
LinkTagAnd
0
0
0
683.6768
118.693
964.9098
1.0
Area
0
-1.76
0
870.8343
133.2426
204.2006
14.96053
Item_Fruit_A
0
0
0
596.7
126.4153
861.1
1.0
TBox_Field_Iron
0
-0.54
0
810.478
147.79
-18.62695
1.0
Npc_HiddenKorokGround
0
-3.080002
0
147.1042
128.3034
295.7684
1.0
FldObj_SkullRock_A_01
0.01971884
0.5369976
0.09169074
688.1539
134.9425
632.0611
1.05
KorokAnswerResponce
0
0
0
632.1099
135.7438
178.5007
0.5
AnchorAction2
0
2.96706
0
335.5
115.8024
1087.5
1.0
HorsePlacmentAnchor
0
-2.619586
0
885.064
131.2771
157.4331
1.0
AnchorAction1
0
-0.3399999
0
915.5933
131.4376
179.2476
1.0
LinkTagOr
0
-2.239996
0
321.7558
130.0006
525.3997
1.0
LinkTagAnd
0
0
0
977.6888
151.7749
967.6696
1.0
ForceSetPosDirAutoSaveAnchor
0
2.321593
0
849.6459
116.9318
842.667
1.0
DgnObj_EntranceElevator_A_01
0
1.853326
0
824.205
132.8776
187.7878
1.0
Enemy_Moriblin_Middle
0
0.7200001
0
593.7188
174.8053
589.5937
1.0
Area
0
1.845398
0
824.3105
116.9616
852.5234
1.0
Area
0
-2.417788
0
875.3798
116.9681
863.361
1.0
Area
0
0
0
852.5
115.5
841.5
42
FldObj_CliffCheeseStone_A_02
-0.4
0.9800003
0
603.0624
125.2812
754.9293
1.0
LinkTagAnd
0
0
0
854.5
118
817.5
1.0
LinkTagAnd
0
0
0
974.0891
150.3296
971.6967
1.0
LinkTagAnd
0
0
0
888.0616
131.2886
173.6723
1.0
DestinationAnchor
0
-2.930393
0
817.7714
115.3639
842.5598
1.0
Area
0
1.523188
0
856.6365
116.9559
824.9615
1.0
RememberTag
0
3.999567
0
700.6596
115.9595
434.434
1.0
Area
-1.879996
4.163848E-08
1.570796
322.2492
125.7992
520.9899
0.2109886
Item_Fruit_A
0
-0.5385705
0
724.7754
123.3873
350.0507
1.0
TwnObj_BrownStoneRuinWall_A_04_Far
0
0
0
147.0029
127.7832
193.2643
1.0
LocationTag
0
0
0
853.6
109.8
837.3
1.0
FldObj_FenceWoodDamage_A_01
0.6105983
0.0573562
-0.2071996
666.5
155.6802
628.1487
1.0
Enemy_AirOctarock
0
-0.1746019
0
809.8596
148.9775
-13.30011
1.0
FldObj_CliffWhiteParts_A_03_Far
-0.38
-0.7
0
973.7931
112.3105
899.7607
1.0
AnchorAction4
0
-0.5235988
0
836.94
116.272
126.42
1.0
Enemy_Lizalfos_Guard_Junior_LongVisibility
0
-1.54
0
686.1
117.5294
961.9
1.0
LinkTagAnd
0
1.853326
0
830.3853
132.8774
187.5556
0.3
LinkTagPulse
-0.1162397
0.01491622
0.05354992
884.0228
134.5566
274.6784
0.25
LinkTagAnd
0
0
0
981.0879
150.3842
963.6093
1.0
FldObj_CliffWhiteLumpRock_A_01
-1.085743
-1.157841
0.5970883
937.6713
122.9665
801.4581
1.1
Npc_OldKorok_WetLand
0
-2.94
0
870.8344
131.535
203.474
1.0
LinkTagAnd
0
-0.6199999
0
894.3466
132.0401
204.3853
1.0
Area
0
2.178415
0
844.9896
116.9608
872.2261
1.0
FldObj_CliffWhiteParts_A_06
-0.2264872
-0.885156
-0.02606512
852.1083
94.95674
406.6846
1.0
Obj_Plant_KorokColor_A_01
-3.113001
-0.8450493
3.126526
145.4996
128.0634
314.2943
0.93
FldObj_CliffCheeseStone_A_02_Far
-0.8225834
0.5329067
-0.03459195
595.0695
149.1541
692.5943
1.0
ConstraintDummy
0
-0.38
0
227.7578
174.0536
871.4834
0.5
Area
0
3.083185
0
880.1653
116.9559
839.1432
1.0
Enemy_Guardian_A
-0.2456421
-0.004046485
-0.03277746
393.5
150.567
244.4999
1.0
LinkTagAnd
0
0
0
67
128
282.5
1.0
Area
-3.070262
-0.1461322
-3.081139
151.1331
129.581
298.7641
2
ActorObserverTag
0
0
0
634.3145
131.5988
187.62
2
FldObj_FenceWoodDamage_A_01
0.7114376
1.000376
0.5263717
676.1603
128.8577
688.6071
1.0
Obj_BoardWood_Square_01
0
-2.099999
0
680.498
118.4892
995.2597
1.0
FldObj_SkullRock_A_01
-0.13874
0.7090148
0.2529125
682.6429
148.7611
608.4356
0.88
Obj_TreeBroadleaf_B_L_01
0
0.02000006
0
922.6078
139.8215
270.8272
1.0
LinkTagOr
-2.995542
-0.1838044
-3.110866
142.9449
127.9931
298.0358
1.0
Obj_BoardWood_Square_01
0
-3.119999
0
977.6888
148.7749
967.6696
1.0
KorokAnswerResponce
0
-1.879996
0
319.5775
129.0211
529.5367
0.5
FldObj_FissureValley_A_02_Far
3.109433
-0.5278767
2.88582
725.1066
131.7041
561.7567
0.7
FldObj_BoneGiant_Rib_A_02_Far
0.08420776
0.1281439
-2.01965
739.9965
122.1625
672.8572
1.0
LocationTag
0
0
0
969.6924
129.1319
942.8339
1.0
DgnObj_DungeonEntrance_A_01_Far
0
1.853326
0
824.205
131.8774
187.7878
1.0
Obj_Plant_KorokColor_A_01
-3.126276
0.0003738065
3.128737
136.0797
127.9493
298.4488
0.95
Area
0
-3.04
0
863.8278
116.9881
833.0183
1.0
FldObj_CliffCheeseStone_A_02
-0.3136093
0.2432278
-0.1991279
653.9365
139.5499
665.5046
1.0
Item_Fruit_A
0
0
0
397.5
176.9368
650.4
1.0
LinkTagNone
0
0
0
973.7832
150.4077
963.9749
1.0
FldObj_EnemyBaseRock_A_01
0
0.7984084
0
589.2328
164.1282
573.6348
1.0
WildHorseCreateTag01
0
0
0
948.9668
136.2048
531.2202
1.0
AnchorWander_Rain
0
1.570796
0
890.1492
131.7786
173.6516
1.0
Obj_RockSetWhite_A_L_01
0
-1.68
0
805.058
95.48799
116.368
1.0
ActorObserverTag
0
0
0
827.7
117.72
128.17
1.0
WildHorseCreateTag01
0
0
0
887.3727
133.8628
352.7734
1.0
Area
0
-2.557788
0
869.2361
116.9586
864.9143
1.0
Area
0
-2.081593
0
698
118.0544
988
25
Obj_RaftWoodSail_A_S_01
-0.5756667
1.535969
-0.5544007
808.7043
114.9767
829.2671
1.0
Npc_HiddenKorokGround
0
0
0
384.2617
154.1735
135.3624
1.0
Area
0
-2.081593
0
698
118.0544
988
40
ForceSetPosDirAutoSaveAnchor
0
-1.288267
0
830.8267
132.8774
185.9697
1.0
LinkTagAnd
0
3.140001
0
888.0887
141.2886
156.6723
1.0
Item_Fruit_A
0
-1.820197
0
674.4653
118.6353
422.3945
1.0
FldObj_CliffWhiteParts_A_01
-0.2109328
-0.5181167
0.02468117
1033.156
106.4364
931.1874
1.0
LinkTagOr
-0.1927492
8.866268E-05
0.00091713
26.16162
150.9248
147.0018
1.0
LinkTagAnd
0
0
0
977.095
149.1926
967.5822
1.0
DestinationAnchor
0
3.132884
0
823.3091
115.4681
838.4487
0.885155
DestinationAnchor
0
-3.490659
0
827.3611
115.4559
843.7903
1.0
FldObj_CliffWhiteLumpRock_A_01
2.693213
0.7170783
2.94398
948.325
131.5406
1016.595
1.2
Item_Fruit_A
0
0.508498
0
680.3617
128.0371
356.033
1.0
Obj_TreeApple_A_M_01
0
0
0
123.114
127.5252
313.8916
1.0
LinkTagAnd
0
0
0
675.3057
120.122
996.6541
1.0
DestinationAnchor
0
0.07681824
0
888.0785
131.8317
161.1533
1.0
Enemy_Chuchu_Junior
0
-1.52
0
857.9531
115.4559
818.1094
1.0
DestinationAnchor
0
0.3464049
0
834.9106
115.5986
835.5598
0.8562523
AnchorAction1_Rain
0
-2.82
0
892.7656
131.7786
175.6408
1.0
FldObj_CliffCheeseStone_A_02
-0.8225834
0.5329067
-0.03459195
595.0695
149.1541
692.5943
1.0
FldObj_CliffWhite_A_03_Far
0
0
0
622
122.5
74.5
1.0
FldObj_RanchRuin_Silo_A_01_Far
0
-3.04
0
76.20251
127.5084
324.9524
1.0
LinkTagNone
0
0
0
826.6495
112.819
123.6016
1.0
FldObj_CliffWhite_A_05_Far
0.2236144
0.4835805
0.6358023
764.3712
103.7604
544.1756
1.0
Obj_TreeApple_A_M_01
0
0
0
925.1466
138.5569
252.7658
1.0
LinkTagAnd
0
0
0
685.557
120.0986
994.019
1.0
Area
0
2.043185
0
855.1917
116.9559
862.5441
1.0
Area
-0.1162397
0.01491622
0.05354992
883.0244
134.5032
274.6933
3
Item_Fruit_A
0
0.508498
0
684.7835
126.9871
357.8043
1.0
MergedGrudge_F-5_0
0
0
0
663.4069
152.7181
637.5548
1.0
Area
0
1.858408
0
843.7149
116.9559
819.6456
1.0
LinkTagAnd
0
-1.98
0
868
118
857.9297
1.0
Obj_Plant_KorokColor_A_01
-2.995542
-0.1838044
-3.110866
145.2628
128.3555
299.6157
1.0
FldObj_CliffCheeseStone_A_02
0.08694392
0.3703914
-0.0237019
658.047
144.3763
635.8116
1.0
Enemy_AirOctarock
0
2.377789
0
981.0879
150.3842
963.6093
1.0
Obj_TreeApple_A_M_01
0
0
0
595
123.8573
861.5
1.0
Area
0
2.083185
0
867.5327
116.9559
852.516
1.0
Obj_Plant_KorokColor_A_01
-3.114879
0.9601374
-3.132566
136.7553
127.9533
299.2771
1.05
FldObj_FenceWoodDamage_A_01
0.2440495
-0.5360508
-0.2328438
664.0791
156.3667
627.4802
1.0
FldObj_BridgeWoodLarge_A_02_Far
0
1.06
0
680.2466
118.5934
978.5262
1.0
Area
0
0.2831853
0
861.1766
116.9559
864.3118
1.0
Area
-3.021149
-1.365274
3.091084
836.6227
115.3774
129.8755
1.0
LinkTagAnd
0
3.12
0
873.7831
131.28
149.7162
1.0
Npc_Challenge093Lady
0
1.161592
0
816.8018
115.2198
836.7732
1.0
FldObj_CliffWhite_A_03_Far
-0.368982
0.7790571
-0.1590318
927.0544
97.0591
744.8765
1.0
LinkTagAnd
-3.121592
-0.3215935
-3.141592
142.1157
128.0774
316.1593
1.0
DgnObj_EntranceElevator_A_01
0
-0.8199999
0
854.7341
116.932
838.056
1.0
Area
0
0.2431928
0
850.2505
116.9515
851.1781
1.0
LinkTagAnd
0
0
0
680.498
118.4892
995.2597
1.0
Area
0
-2.437787
0
869.6406
116.9559
811.923
1.0
FldObj_FenceWoodDamage_A_01
0.1482904
0.4939194
-0.503087
670.1602
129.7716
693.1138
1.0
Area
0
-0.5977889
0
862.0785
116.9559
829.432
1.0
LinkTagAnd
0
-2.081593
0
705.257
118.0544
995.5058
1.0
Area
0
-1.636817
0
862.6298
116.9559
870.6892
1.0
FldObj_CliffCheeseStone_A_02
0.0673153
-0.1892765
0.03445114
664.4064
142.2279
634.2101
1.0
LocationTag
0
0
0
823.5714
135.1809
20.5097
1.0
Obj_LiftRockWhite_A_01
-0.02769281
0.001495124
0.1078679
384.2725
154.0741
135.3652
1.0
Item_Fruit_A
0
0
0
395.3
177.9868
651.8
1.0
Enemy_AirOctarock
0
-2.885397
0
678.8172
120.0986
990.2383
1.0
GrassCutTag
0
-2.081593
0
700.1808
118.0587
989.2222
1.0
KorokAnswerResponce
0
0
0
634.1099
135.7438
178.5007
0.5
LinkTagAnd
0
-2.239996
0
322.3757
130.0006
524.615
1.0
LinkTagAnd
0
0
0
145.903
129.2772
314.8723
1.0
LinkTagOr
-3.070262
-0.1461322
-3.081139
149.2428
128.2674
299.1399
1.0
