UnitConfigName/__text
Rotate/value/0
Rotate/value/1
Rotate/value/2
Translate/value/0
Translate/value/1
Translate/value/2
_Scale
LinkTagOr
0.07829436
0.002965877
-0.07568741
743.5806
136.4666
3243.273
1.0
LinkTagAnd
0
0
0
112.2033
204.2219
2996.38
1.0
Npc_Road_Firone002
0
-0.8799999
0
446.701
120.3511
3055.373
1.0
FldObj_FissureValleyWall_A_02
0
-2.740001
0
812.5687
196.4597
3749.183
0.9
FldObj_CliffWhite_A_03
3.000375
0.7949646
3.056138
370.7839
143.3564
3244.752
1.0
AreaCulling_OuterNPCMementary
0
0
0
493.6974
157.3333
3448.557
240.9325
Area
0
-1.62
0
678.9921
117.5203
3061.203
2
ActorObserverTag
0
0
0
515.2465
196.3818
3763.577
1.0
FldObj_CliffWhite_C_06_Far
0
0.4999998
0
91.71124
110.0144
3821.263
1.0
FldObj_CliffWhite_A_S_01_Far
0.2651613
-0.03644138
0.2715979
458.0639
185.2585
3621.188
1.0
LinkTagNAnd
0
-3.103185
0
216.3163
197.8417
3487.852
2
Item_Fruit_G
-0.5599999
-0.26
0
912.6065
118.4632
3926.827
1.0
Obj_LiftRockWhite_Korok_A_01
0
0
0
514.2465
194.1818
3763.577
1.0
DestinationAnchor
0
-0.1843979
0
519.5879
178.9074
3520.292
1.0
FldObj_CliffWhiteWallCurve_A_01
0
2.84
0
562.8812
177.8418
3782.006
1.2
FldObj_KorokTarget_A_01
0
-3.139997
0
264.3483
283.3013
3680.956
1.0
Area
0
0
0
121.9844
108.199
3839.641
0.5
FldObj_CliffWhiteParts_A_01
0
-0.8
0
697.6583
154.4762
3494.401
1.05
FldObj_AkkarePlant_A_01
0
0
0
762.7757
160.3984
3711.173
0.3
FldObj_KorokPinwheel_A_01
0.09049823
-0.02794146
0.5985844
215.5193
198.181
3485.496
1.0
FldObj_CliffWhiteWall_A_02
2.120263
0.9402664
-3.106805
188.4067
148.0794
3075.113
1.0
KorokAnswerResponce
0
0
0
910.8715
182.4692
3825.998
1.0
FldObj_HorseRaceFence_A_01
0
1.721596
0
403.1271
153.7788
3322.571
1.1
FldObj_CliffWhiteParts_A_06_Far
0
-2.06
0
459.668
118.386
3207.688
1.0
FldObj_CliffWhiteParts_A_06_Far
3.098119
-0.4977832
-3.108938
544.8399
165.9333
3539.841
1.0
LinkTagAnd
0
0
0
639.3911
223.0958
3714.214
1.0
Area
0
0
0
426.6758
168.3388
3403.775
200
FldObj_CliffWhiteParts_A_06
3.098119
-0.4977832
-3.108938
544.8399
165.9333
3539.841
1.0
Area
0
-0.9438088
0
405.6172
160.8251
3519.558
1.0
Obj_LiftRockWhite_A_01
0.4365816
0.01977139
-0.08907438
13.94876
106.5046
3790.388
1.0
LocationTag
0
0
0
801.9637
180.1825
3721.173
1.0
Area
0
-2.134696
0
494.0703
120.7296
3115.147
15
LinkTagOr
0
2.364779
0
416.4003
108.9126
3848.573
1.0
FldObj_RockBeach_A_M_01
3.041593
1.301593
3.141593
441.1137
101.7808
3918.495
1.0
Area
0.07829436
0.002965877
-0.07568741
742.9611
134.914
3243.15
3
FldObj_CliffWhiteWall_A_02
-0.2792957
-0.8666298
0.1894207
150.3342
174.4341
3292.752
1.0
LinkTagNone
0
0
0
129.6378
199.7245
3006.444
1.0
Npc_HiddenKorokFly
0
2.161592
0
639.3911
219.0958
3710.839
1.0
LinkTagAnd
0
0
0
129.2648
198.9641
3005.384
1.0
AnchorAction1
0
-2.199999
0
545.4169
153.132
3474.186
1.0
TwnObj_FairySpringClose_A_01
0
-1.34
0
802.0023
186.7266
3719.929
1.0
FldObj_CliffWhiteWall_A_08_Far
0.03139421
-1.199486
0
129.1026
146.1586
3358.317
1.0
FldObj_CliffWhiteWall_A_03
-0.3278842
-1.202128
0.221979
172.1017
159.151
3472.615
1.0
Enemy_Lizalfos_Junior
0
-1.82
0
658.9014
112.0288
3045.666
1.0
FldObj_CliffWhite_A_05
2.928386
0.2196709
-3.077729
36.5582
94.92114
3443.713
1.0
LinkTagAnd
0
0
0
678.9921
117.5203
3061.203
1.0
Area
0
0
0
915.4907
180.1091
3840.095
0.1
SwitchTimeLag
-1.570796
-1.080001
0
701.4332
136.6721
3274.92
0.5
LinkTagOr
0
2.619999
0
522.0327
168.8034
3680.709
1.0
Enemy_AirOctarock
0
0.5235987
0
589.7168
171.6328
3741.639
1.0
LinkTagAnd
0
0
0
117
116
3840
1.0
ActorObserverTag
0
0
0
642.9614
220.3621
3709.44
1.0
FldObj_CliffWhiteLumpRock_A_01
-0.6269719
-1.207563
0.2250615
82.89532
117.0251
3094.329
1.2
LinkTagAnd
0
-3.103185
0
227.371
199.0292
3489.063
2
FldObj_CliffWhiteWall_A_02_Far
2.941593
0.06159252
3.141593
765.17
163.2505
3155.745
1.0
FldObj_CliffGrayParts_A_05_Far
0
2.619999
0
615.1963
101.7385
3072.243
1.0
LinkTagAnd
0
1.721596
0
402.3158
153.7788
3315.196
1.0
Obj_TreePalmBeach_A_02
0
-1.559999
0
-7.515106
106.2839
3694.466
1.0
LinkTagAnd
0
-0.66
0
278.9072
284.4652
3668.762
2
LinkTagNAnd
0
-3.103185
0
223.374
199.0292
3489.216
2
KorokAnswerResponce
0
-2.319999
0
271.5659
220.3727
3285.35
1.0
FldObj_SignboardWood_A_01
0
-2.58
0
445.0269
120.8566
3073.952
1.0
DestinationAnchor
0
-2.037331
0
100.7693
110.6719
3839.111
1.0
LinkTagAnd
0
0
0
801.9637
180.1825
3721.173
1.0
SwitchTimeLag
-1.562414
-0.05941232
-0.1402491
679.0009
126.4527
3090.646
0.5
LinkTagAnd
0
0
0
131.5756
197.0219
3020.371
1.0
Obj_LiftRockWhite_Korok_A_01
0
0
0
641.9614
218.1621
3709.44
1.0
Obj_RockLayerMoss_B_Cliff_02
0
-1.68
0
527.2488
130.4106
3098.613
1.0
AnchorAction1
0
0.8953539
0
518.9686
152.9733
3459.637
1.0
FldObj_CliffWhiteWall_A_02
0
2.623186
0
813.4911
224.855
3621.885
1.0
AirOcta_Tag
0
-0.22
0
129.2648
201.9641
3005.384
1.0
Area
0
-3.103185
0
222.7979
195.6855
3506.251
1.0
LinkTagAnd
0
0
0
518.4106
198.0144
3763.577
1.0
Obj_RockLayerMoss_B_Cliff_01_Far
0
2.96
0
407.9879
130.3106
3086.658
1.0
FldObj_CliffWhiteWall_A_06_Far
-0.02484086
0.1405621
0.07431699
554.5302
165.2315
3708.038
1.0
AnchorAction1_Rain
0
2.443461
0
531.0181
153.4148
3449.295
1.0
FldObj_CliffWhiteWall_A_02_Far
0.3618368
1.386976
0.2053894
488.0009
220.9006
3737.842
1.0
FldObj_CliffWhiteLumpRock_A_01
-0.719278
-0.3347047
-0.05617534
666.2754
166.6421
3465.183
1.0
MusicianSpotBgmTag
0
0
0
816.0677
118.5
3062.721
5
Obj_SweepCollision
0
0
0
802.0023
186.7265
3719.929
1.0
Enemy_Lizalfos_Junior
0
-1.16
0
643.5049
111.9658
3030.996
1.0
Npc_HiddenKorokGround
0
-1.921592
0
517.5668
193.8545
3765.023
1.0
Area
0
0
0
421.0833
107.2979
3843.302
0.1
DgnObj_RemainsLithogragh_A_02
0
0
0
121.9844
108.1484
3839.641
1.0
LinkTagAnd
0
-3.103185
0
203.5661
199.7558
3494.608
2
LinkTagAnd
0
0
0
213.3954
195.8417
3489.966
1.0
LinkTagAnd
0
-0.05999999
0
509.3586
152.9757
3472.04
1.0
AirOcta_Tag
0
-2.181591
0
124.3068
198.3641
3022.515
1.0
FldObj_KorokGoal_A_01
0
2.600002
0
963.303
171.4832
3371.103
1.0
FldObj_CliffWhiteParts_A_03_Far
-1.58161
-0.1394304
0.09007218
448.9032
117.9404
3117.411
1.0
FldObj_CliffWhiteTop_A_01
0
-1.159999
0
267.9707
181.2983
3292.321
1.0
FldObj_CliffWhiteWall_A_02_Far
1.969412
-0.4849728
2.995946
735.5934
175.4472
3484.722
1.0
Obj_TreePalmJungle_A_LL_01
0
-0.6399999
0
851.6179
116.6822
3066.778
1.0
PlayerForbidComebackTag
0
0
0
87.85593
144.5419
3866.379
1.0
SwitchTimeLag
-1.570796
0
0
365.7689
180.6053
3645.119
0.5
FldObj_RemainsFancierBall_01
0
0
0
106.3046
109.6484
3812.734
1.0
FldObj_CliffWhiteEdgeParts_A_04_Far
-0.2685645
1.336621
-0.1732014
256.3599
180.5301
3411.849
1.0
Obj_BoardWood_Triangle_01
0
-0.9431772
0
111.858
202.5641
3003.95
1.0
FldObj_CliffWhite_A_03
-2.857287
-1.22727
2.840662
82.37073
103.6339
3527.498
1.0
LinkTagAnd
0
0
0
266.8923
282.4652
3669.564
1.0
Obj_TreePalmBeach_A_02
0
-1.26
0
54.35156
106.305
3786.889
1.0
LinkTagOr
0
0
0
769.145
131.8044
3049.789
1.0
ActorObserverTag
0
0
0
280.3467
186.7932
3506.897
1.0
FldObj_CliffWhiteParts_A_06_Far
2.701593
-1.401593
-3.021593
485.1649
142.8712
3217.581
1.0
LinkTagAnd
0
-2.736248
0
314.6689
155.7817
3459.983
1.0
LinkTagAnd
0
1.627861
0
95.58401
123.5333
3842.196
1.0
FldObj_FlagChallengeGoal_A
0
0
0
506.5539
152.5469
3442.007
1.0
Obj_TreePalmBeach_A_02
0
0
0
580.3195
108.6487
3920.65
1.0
FldObj_CliffWhiteLumpRock_A_01
-1.457902
-0.6550124
0.07155033
338.671
165.0323
3567.315
0.8
LinkTagAnd
0
-2.780007
0
311.3825
159.5321
3511.756
1.0
FldObj_AkkarePlant_A_01
0
-0.94
0
743.6898
161.4922
3745.142
0.3
FldObj_CliffWhiteTop_A_01_Far
0
-0.1
0
24.53326
112.4558
3378.553
0.8
FldObj_CliffWhiteEdgeParts_A_04
-0.2685645
1.336621
-0.1732014
256.3599
180.5301
3411.849
1.0
FldObj_CliffWhiteWall_A_08
-3.11849
-1.501558
3.09861
135.8559
146.5883
3392.346
1.0
Dm_Locator
0
-0.03999946
0
785.4539
186.697
3723.755
1.0
Obj_RockCover
-3.079407
0.7586175
3.127158
990.0815
130.5492
3376.556
0.7
AnchorWander_Rain
0
-0.7800001
0
528.6095
153.4148
3451.841
1.0
FldObj_CliffWhite_A_S_01
-0.5516489
-0.9544027
0.09960305
626.8074
161.1425
3265.133
1.0
FldObj_CliffWhiteTop_A_01_Far
0
0.6799994
0
892.2331
245.0493
3697.804
1.0
FldObj_CliffWhiteWall_A_06
0
2.780001
0
629.1457
165.4967
3737.173
1.2
FldObj_CliffTropicsWall_A_06_Far
2.861593
-0.6415923
3.141593
895.0671
123.0608
3026.763
1.0
Obj_TreePalmBeach_A_02
0
1.739999
0
101.1362
112.0777
3388.16
1.0
Area
0
0
0
529.9438
154.5
3450.816
9.5
LinkTagOr
0
0
0
226.1343
106.405
3896.751
1.0
Item_Fruit_G
1.479136
-0.5925875
-1.257554
370.1302
118.2854
3907.628
1.0
LocationTag
0
0
0
413.5299
111.5188
3030.389
1.0
Npc_HiddenKorokFly
0
2.061591
0
699.92
133.6721
3276.863
1.0
LinkTagAnd
0
0
0
420.7833
110.4479
3843.002
1.0
Obj_RockLayerMoss_B_Cliff_01_Far
0
-0.3399999
0
726.8533
121.7742
3046.172
1.0
FldObj_CliffHorseGod_A_01_Far
0
0
0
764.5414
187.0457
3723.383
1.0
LinkTagOr
0
-1.62
0
678.9921
119.3203
3061.203
1.0
LinkTagOr
0
2.459999
0
645.3362
154.8
3614.808
1.0
FldObj_CliffWhiteParts_A_06_Far
-2.804069
-0.8720873
2.70037
699.3907
156.7815
3597.207
1.0
Item_Fruit_G
2.461593
-1.459481
3.141593
197.0419
117.7081
3930.45
1.0
FldObj_CliffWhite_A_05
0
2.72
0
737.3204
156.9153
3525.792
1.0
DestinationAnchor
0
0.9745405
0
519.8218
153.4679
3443.065
1.0
FldObj_CliffWhiteParts_A_03
0.3085772
0.0570861
1.767685
113.863
115.0202
3326.142
1.1
ForceSetPosDirAutoSaveAnchor
0
-1.513732
0
100.8605
110.6719
3840.708
1.0
Obj_RockLayerMoss_B_Cliff_01
0
-2.64
0
565.5822
130.502
3081.9
1.0
FldObj_CliffWhite_C_05
0
-1.24
0
56.50919
104.1255
3736.696
0.85
FldObj_CliffWhiteWall_A_03
0
2.62
0
682.7878
158.2864
3134.801
1.0
LinkTagNAnd
0
-3.103185
0
213.3954
202.8417
3489.966
2
SwitchTimeLag
-1.570796
0
0
824.2372
120.7629
3004.677
0.5
SignalFlowchart
0
-0.9438088
0
411.2569
157.3251
3527.546
1.0
ActorObserverTag
0
0
0
914.9408
181.8591
3840.645
1.0
FldObj_CliffWhiteWall_C_02
-0.08793851
0.8377244
-0.07735843
948.4666
224.3726
3721.928
0.9
LinkTagNone
0
0
0
367.097
177.9335
3642.119
1.0
FldObj_CliffTropicsWall_A_06_Far
0
0.12
0
972.5984
143.0394
3193.43
1.0
FldObj_CliffWhiteWall_C_02
-0.06050167
-0.03490658
0.01161308
682.928
220.0357
3834.175
0.9
LinkTagAnd
0
0
0
694.3826
119.8473
3072.406
1.0
LinkTagAnd
0
0.599999
0
278.6125
187.1331
3504.073
1.0
FldObj_CliffWhiteParts_A_06
-0.2270129
0.7285977
0.1053126
992.4974
113.0572
3330.071
1.0
LinkTagAnd
0
0
0
587
170.5
3736.5
1.0
Area
0
0
0
1004.244
144.4398
3456.956
130
Area
0
2.600002
0
894.8107
187.0432
3476.661
0.7
Obj_KorokPot_A_01
0
-3.103185
0
217.0406
195.623
3506.699
1.0
LinkTagAnd
0
-1.34
0
816.2418
191.7188
3723.813
1.0
FldObj_CliffWhite_A_S_01
-0.3724217
-0.2094966
0.06124771
143.8566
159.8447
3249.459
1.0
FldObj_CliffHorseGod_A_01
0
0
0
764.5414
187.0457
3723.383
1.0
FldObj_FissureValleyWall_A_02
0
-1.34
0
834.2396
195.5419
3713.305
1.0
FldObj_CliffWhiteParts_A_06
-0.26
0.96
0
585.5046
172.5347
3597.317
1.0
FldObj_CliffWhite_A_04
0
-0.2400002
0
550.6733
153.3394
3510.137
1.0
AnchorAction1
0
-3.1
0
533.0027
152.9754
3472.749
1.0
FldObj_CliffWhiteWall_A_08
0.03139421
-1.199486
0
129.1026
146.1586
3358.317
1.0
ActorObserverTag
0
0
0
915.4408
181.8591
3840.145
1.0
Obj_RockCover
-3.062592
0.4213144
-3.127011
870.0019
156.1577
3547.58
0.7
Obj_RaftWood_A_S_02
0
0.6600001
0
-9.151611
106.4026
3710.15
1.0
LinkTagOr
0
-0.72
0
177.6547
106.2583
3880.26
1.0
LinkTagAnd
0
0
0
567.8107
101.6411
3929.613
1.0
EventTag
0
2.957195
0
519.4045
178.9074
3521.275
0.6
FldObj_HorseRaceFence_A_01
0
-0.7831905
0
436.2851
157.1096
3458.66
1.1
FldObj_CliffTropicsWall_A_06_Far
0
-0.6199999
0
954.2156
143.3201
3187.304
1.0
FldObj_AncientStoneTower_A_02_Far
0
0
0
894.809
137.93
3476.581
1.0
ActorObserverTag
0
0
0
516.8519
152.8312
3453.072
1.0
Area
0
-2.802392
0
523.2869
177.8742
3526.268
25
LinkTagAnd
0
1.627861
0
98.94351
110.6719
3840.553
1.0
Enemy_Bokoblin_Bone_Junior
0
0
0
647.29
162.151
3173.788
1.0
FldObj_CliffWhite_A_S_01
0
0
0
469.0555
222.5049
3712.141
1.0
LinkTagAnd
0
-0.66
0
266.1024
282.4652
3668.951
2
TwnObj_FairySpring_E_01_Far
0
-1.34
0
802.0023
186.7266
3719.929
1.0
LinkTagOr
0
-3.103185
0
226.6405
194.0292
3496.096
2
FldObj_AkkarePlant_A_01
0
0
0
758.1624
163.7578
3708.138
0.3
LinkTagOr
0
-3.103185
0
226.2566
199.0292
3486.103
2
Area
0
-2.245462
0
529.6001
152.9248
3450.883
40
FldObj_CliffTropicsWall_A_06_Far
0
-0.86
0
896.6007
124.2294
3082.001
1.0
FldObj_CliffWhite_A_03_Far
0.200351
0.05880262
0.1319339
237.5878
157.6206
3559.109
1.1
FldObj_CliffWhiteWall_C_01
-0.2206051
0.4027074
-0.09211226
836.0376
236.8092
3758.231
1.0
FldObj_CliffWhite_A_S_01
0.363825
-0.1447199
0.7507572
522.1611
179.9211
3239.424
1.0
LinkTagAnd
0
0
0
135.4908
200.5907
3008.494
1.0
FldObj_CliffGrayParts_A_01
-3.050586
-0.4775132
3.040699
591.0268
116.3447
3080.853
1.0
Area
0
-3.103185
0
211.1286
189.4355
3508.624
5
FldObj_CliffWhiteWallCurve_A_01
0.1747092
0.9837694
0.1580322
62.29752
136
3315.044
1.0
Item_Fruit_G
2.613463
0.545751
-2.897942
370.6353
118.3108
3907.884
1.0
FldObj_HorseRaceFence_A_01
0
3.119996
0
301.3945
154.6715
3409.806
1.1
Obj_Plant_Korok_A_01
0
-1.101591
0
698.3592
121.2713
3081.726
1.0
LinkTagAnd
0
0
0
372.6471
165.2159
3430.041
1.0
Npc_Musician_002
0
-2.532527
0
815.2546
117.9455
3063.44
1.0
LinkTagAnd
0
0
0
1004.244
144.4398
3456.956
1.0
KorokAnswerResponce
0
-0.66
0
268.4724
280.4652
3670.791
0.5
FldObj_AkkarePlant_A_01
0
0
0
759.1312
161.6016
3744.263
0.3
AnchorSleep
0
0
0
448.8632
120.3867
3053.244
1.0
FldObj_CliffWhiteEdgeParts_A_04_Far
0
-2.88
0
747.3942
231.2427
3760.755
1.0
LinkTagOr
0
0
0
727.1986
106.5504
3939.943
1.0
FldObj_CliffWhite_A_03
-0.05999999
-0.2220197
0.01054469
3.019165
119.4682
3306.989
1.1
FldObj_CliffWhite_C_08_Far
-3.061593
-1.381593
-3.141592
74.28586
103.2434
3639.043
1.0
LinkTagOr
0
-0.8999999
0
197.2996
106.0551
3928.66
1.0
FldObj_CliffWhiteParts_A_05_Far
0
-2.48
0
691.9351
146.3154
3788.154
1.0
Area
0
0.6200004
0
456.8945
159.0918
3326.742
1.0
Obj_TreeTropical_A_LL_01
0
1.817895
0
940.5024
131.4097
2994.84
1.0
FldObj_CliffTropicsWall_A_06_Far
0.07809799
-1.240603
-0.2691762
900.7637
131.6604
3050.346
1.0
Area
0
0
0
420.4833
107.2979
3842.702
0.1
FldObj_CliffWhiteLumpRock_A_01
2.258959
1.346058
-3.066214
67.3898
154.0583
3026.679
1.0
Animal_Cow_A
0
-2.84
0
543.8663
153.0938
3474.063
1.0
FldObj_CliffTropicsWall_A_06
0
-0.6199999
0
954.2156
143.3201
3187.304
1.0
AnchorAction1
0
-2.792527
0
519.0051
152.6635
3436.444
1.0
Npc_HiddenKorokFly
0
-3.103185
0
216.3226
199.1464
3488.015
1.0
Npc_HiddenKorokFly
0
0.8215933
0
271.7195
222.3727
3289.589
1.0
AnchorAction2
0
0
0
526.7673
153.1363
3478.428
1.0
FldObj_CliffWhiteParts_A_02
0
-2.72
0
108.3874
128.301
3507.75
1.2
Obj_TreeBroadleaf_B_L_01
0
0
0
580.0618
141.6303
3086.883
1.0
FldObj_CliffWhiteWall_A_01_Far
0
-2.12
0
684.0769
218.6095
3643.273
0.98
LinkTagNone
0
0
0
87.85593
144.5419
3866.379
1.0
Area
0
1.627861
0
94
109.6719
3841
40
FldObj_CliffWhiteWall_A_05
2.754082
0.09529804
-3.071501
197.4321
214.2624
3640.29
1.0
FldObj_CliffTropicsWall_A_06
2.817327
-1.161802
-2.910591
936.1943
138.2085
3071.662
1.0
FldObj_CliffWhite_C_01
0
-0.36
0
278.9523
106.2922
3830.079
1.0
FldObj_CliffWhiteSet_A_01_Far
0
-2.643186
0
870.9482
209.9525
3697.045
1.2
FldObj_CliffWhiteParts_A_06
2.701593
-1.401593
-3.021593
485.1649
142.8712
3217.581
1.0
Area
0
0
0
820.3085
115.9177
3010.751
2.273987
ConstraintDummy
0
0
0
357.9496
117.8973
3053.487
1.0
LinkTagAnd
0
-0.7831905
0
441.3233
157.1096
3464.108
1.0
Item_Fruit_G
-0.5599999
-0.7199999
0
73.06378
122.1383
3474.527
1.0
Enemy_AirOctarock
0
1.350796
0
135.4908
200.5907
3008.494
1.0
LinkTagNAnd
0
0
0
691.8826
119.6016
3062.195
1.0
LinkTagAnd
0
3.119996
0
293.989
154.6715
3409.341
1.0
FldObj_CliffWhiteParts_A_03_Far
-0.8799998
1.44
0
427.8074
116.5615
3155.203
1.0
FldObj_CliffWhiteWall_A_01_Far
-3.113072
1.086556
-2.929704
659.5326
162.1829
3338.683
1.1
LinkTagOr
0
-3.103185
0
215.4707
196.8417
3491.888
2
LinkTagAnd
0.5193475
0.3090129
-0.8877214
71.03113
128.04
3221.753
1.0
FldObj_CliffWhite_A_S_01_Far
0.363825
-0.1447199
0.7507572
522.1611
179.9211
3239.424
1.0
FldObj_CliffWhiteLumpRock_A_01
2.349063
-0.906259
3.111856
118.6767
142.438
3230.503
1.0
LinkTagAnd
0
0
0
523.9611
168.3112
3678.357
1.0
SwitchTimeLag
1.570796
-0.03840724
3.141593
215.3939
204.3261
3489.889
0.5
FldObj_Chain_A
1.890796
-0.04380564
-3.141592
828.7573
117.4174
3009.388
1.0
LinkTagAnd
0
0.7504916
0
476.1815
153.5611
3398.139
1.0
ShelterFromRainTag
0
0.4635988
0
522.603
117.965
3038.508
1.0
Enemy_Bokoblin_Middle
0
0
0
532.7726
154.19
3320.807
1.0
FldObj_CliffWhiteWallCurve_A_01
0.09844207
0.7750696
0.1402088
48.58667
153.1288
3291.673
1.0
FldObj_CliffWhiteWall_A_02
2.861593
-0.6015927
3.141593
50.50494
153.1348
3254.345
1.0
TreasureSpot_00
0
0
0
307.3129
105.8877
3903.533
1.0
Obj_RockLayerMoss_B_Cliff_01
0
3.043186
0
780.9881
120.5711
3101.383
1.0
LinkTagNAnd
0
-0.66
0
264.9586
284.4652
3665.532
2
FldObj_CliffWhiteWall_A_02_Far
2.120263
0.9402664
-3.106805
188.4067
148.0794
3075.113
1.0
Area
0
0
0
96.0625
108.5658
3841
15
FldObj_PushRock_A_M_01
-0.1361163
0.7145698
0.06633576
365.655
222.0211
3665.64
0.8
LinkTagAnd
0
-2.802392
0
522.7051
178.9074
3520.11
0.3
Enemy_AirOctarock
0
-0.6107942
0
119.0594
196.9907
3027.086
1.0
LinkTagAnd
0
-0.7052063
0
439.373
157.2113
3516.64
1.0
FldObj_CliffWhiteWall_A_01
0
2.843185
0
667.4088
201.1785
3791.143
1.0
SignalFlowchart
0
0
0
505.5715
152.3492
3425.632
1.0
FldObj_CliffWhiteEdgeParts_A_03_Far
2.741593
0.841593
3.141593
299.1895
184.0423
3512.264
0.9
Item_Fruit_G
-0.6799999
-0.7821115
0
607.2339
121.1001
3900.668
1.0
TBox_Field_Iron_NoReaction_Aoc
-0.314977
-0.4171779
0.3760263
812.9907
185.9102
3700.966
1.0
FldObj_CliffWhiteLumpRock_A_01
2.720727
0.8093536
3.085499
839.5848
128.374
3278.299
1.0
TwnObj_UmayadoBook_09
0
0
0
527.7661
154.5128
3458.074
1.0
LocationTag
0
0
0
529.6001
152.9248
3450.883
1.0
Npc_HiddenKorokFly
0
0
0
367.097
176.9335
3642.119
1.0
LinkTagAnd
0
0
0
465.154
156.5911
3491.858
1.0
LinkTagOr
0
-0.5415908
0
963.7316
175.9832
3371.36
1.0
FldObj_CliffGrayParts_A_10_Far
0
-2.78
0
706.3939
121.4253
3087.999
1.0
Obj_TreeBroadleaf_A_L
0
-2.376424
0
494.0703
120.7296
3115.147
1.117206
TBox_Field_Stone
0
-0.7400001
0
866.1294
154.0597
3547.951
1.0
LinkTagAnd
0
0
0
587
170
3737
1.0
LinkTagAnd
0
0
0
693.8826
119.6016
3062.195
1.0
LinkTagAnd
0
0
0
127.5
199.8281
3005
1.0
Npc_TripMaster_14
0
1.22173
0
514.3912
152.7865
3448.084
1.0
FldObj_PushRock_A_M_01
-0.1128788
-0.8526839
-0.2116699
13.13895
108.4098
3790.009
1.0
AnchorAction1
0
-2.094395
0
513.5641
152.9258
3451.333
1.0
LinkTagNAnd
0
-2.802392
0
521.207
191.4074
3524.881
0.6
LinkTagOr
-1.570796
0
0
415.4057
109.7255
3843.251
1.0
LinkTagAnd
0
1.719994
0
367.5715
154.5597
3365.232
1.0
LinkTagOr
0
-1.7
0
542.0187
108.0086
3900.764
1.0
Obj_TreeTropical_A_LL_01
0
5.102802
0
969.2628
167.9795
3139.663
1.0
FldObj_RockBeach_A_M_01_Far
3.001593
-0.3815923
3.141593
414.0945
103.1718
3877.791
0.8
LinkTagPulse
0
0
0
407.1136
140.8
3051.134
0.25
LinkTagAnd
0
0.5615928
0
909.1998
186.0958
3837.559
1.0
FldObj_CliffWhiteWall_A_01
3.047209
0.1797965
-3.099283
420.3799
215.5651
3688.986
1.0
LinkTagOr
0
0
0
909.8715
186.5317
3825.998
1.0
Obj_RockCover
0.9013296
-1.427743
-0.8588535
742.083
134.4149
3244.269
0.6
LinkTagOr
0
0
0
325.3844
117.6776
3028.007
1.0
SignalFlowchart
0
0.6200004
0
464.9214
155.5918
3321.158
1.0
LinkTagAnd
0
0
0
529.6001
152.9248
3450.883
1.0
LinkTagOr
0
1.819996
0
56.57135
112.3976
3149.539
1.0
AnchorAction1_Rain
0
-0.7799999
0
528.6095
153.4148
3451.841
1.0
Item_Fruit_G
-0.5599999
-1.559999
0
-14.17218
118.138
3694.626
1.0
FldObj_CliffWhiteLumpRock_A_01
-1.287212
-0.7492649
0.02253624
311.8605
165.821
3533.716
0.9
AnchorAction1
0
0.5799999
0
107.1978
109.3438
3812.098
1.0
TBox_Field_Stone
0
-0.9400001
0
990.4824
129.3504
3377.943
1.0
DestinationAnchor
0
0.1399319
0
517.2287
152.9397
3459.8
1.0
FldObj_CliffWhite_A_03_Far
0
2.603185
0
487.4137
116.4952
3167.031
1.0
LinkTagAnd
0
0
0
808.7018
199.0718
3706.783
1.0
Npc_HiddenKorokGround
0
0
0
891.1671
284.3683
3694.827
1.0
SwitchTimeLag
-1.570796
-0.66
0
266.8923
282.4652
3669.564
0.5
SwitchTimeLimited
1.570796
-0.03840724
3.141593
223.4507
199.0292
3491.215
0.5
ActorObserverTag
0
0
0
365.7689
178.6053
3645.119
2
LinkTagAnd
0
0
0
589.7168
171.6328
3741.639
1.0
LinkTagAnd
0
-0.66
0
269.6985
285.9652
3669.211
2
LinkTagAnd
0
0
0
523.2869
177.8742
3526.268
1.0
DgnObj_WarpPointSP
0
1.627861
0
103.18
110.6349
3840.476
1.0
LinkTagOr
0.2234023
1.27547
0.139553
97.69034
147.9745
3821.23
1.0
FldObj_RockBeach_A_L_01
2.988814
1.271613
-3.052967
457.3878
101.7462
3881.409
1.0
LinkTagAnd
0
0
0
405.6136
142.4
3051.135
1.0
LinkTagAnd
0
-3.103185
0
206.4871
199.7558
3492.494
2
LinkTagAnd
0
0
0
263.9431
276.1217
3671.737
1.0
LinkTagAnd
0
-0.05999999
0
511.478
152.9786
3472.551
1.0
Obj_TreePalmJungle_A_LL_01
0
0.5179022
0
917.5332
132.3281
3051.092
1.0
LinkTagAnd
0
0
0
742.8854
136.8899
3244.572
1.0
ArmorProcessingEventTag
0
-1.34
0
796.787
190.7344
3720.873
1.0
FldObj_AncientStoneTower_A_02
0
0
0
894.809
137.93
3476.581
1.0
FldObj_CliffGrayParts_A_04_Far
-0.66
0.46
0
642.6279
113.9704
3009.533
1.0
EventTag
0
1.627862
0
94.29001
110.9914
3841.021
1.0
FldObj_CliffWhiteWallCurve_A_01_Far
0.1747092
0.9837694
0.1580322
62.29752
136
3315.044
1.0
TBox_Field_Stone
0
-1.42
0
969.0454
125.6377
3500.084
1.0
LinkTagOr
0
1.49377
0
514.5182
117.7622
3030.822
1.0
FldObj_CliffWhite_A_05_Far
-3.008054
0.2742647
-3.113134
216.0858
157.7213
3477.086
1.1
FldObj_AkkarePlant_A_01
0
0
0
748.2874
162
3740.982
0.3
FldObj_CliffWhite_A_S_01
0.2651613
-0.03644138
0.2715979
458.0639
185.2585
3621.188
1.0
LinkTagNone
0
0
0
966.3043
126.4746
3502.292
1.0
DungeonBird_test
0
1.22173
0
94.49902
135.7109
3842.156
1.0
FldObj_AkkarePlant_A_01
0
0
0
753.6468
159.9609
3745.888
0.3
LinkTagAnd
0
0
0
584.4667
171.6094
3732.449
1.0
LinkTagPulse
0.4365816
0.01977139
-0.08907438
15.03354
107.3176
3790.791
0.25
AnchorAction2
0
2.443461
0
531.0181
153.4148
3449.295
1.0
ForceSetPosDirAutoSaveAnchor
0
0.3392007
0
521.0967
178.9074
3519.76
1.0
LinkTagNAnd
0
-3.103185
0
206.4871
197.7558
3492.494
2
LinkTagPulse
0.06452709
0.00239981
-0.07432152
98.42496
146.2877
3821.603
0.25
TreasureSpot_00
0.1053109
0.3690457
0.2224023
664.627
106.7028
3928.246
1.0
SwitchTimeLag
-1.570796
0
0
915.1908
183.8591
3840.395
0.5
FldObj_KorokTarget_A_01
0
0.2199998
0
262.027
289.7936
3663.381
1.0
FldObj_CliffWhiteParts_A_03
0.06001195
0.019964
1.621199
93.90936
120.353
3318.69
1.2
FldObj_CliffWhiteTop_A_01
0
-0.0200002
0
724.0767
222.9543
3666.325
1.0
FldObj_CliffWhiteParts_A_03_Far
-0.8861688
0.1281388
0.06392165
99.77045
113.4372
3327.367
1.1
LinkTagAnd
0
1.721596
0
404.4866
153.7788
3312.718
1.0
Obj_TreePalmJungle_A_LL_01
0
0
0
982.0779
167.8972
3094.132
1.0
LinkTagOr
0
0.4
0
6.736542
105.5482
3779.332
1.0
Obj_TreePalmJungle_A_LL_01
0
0
0
878.52
127.1887
3036.127
1.0
FldObj_CliffWhiteHill_C_03_Far
0
2.34
0
958.4771
219.8515
3658.482
1.2
Npc_Road_Firone002
0
-0.1399999
0
510.7077
153.133
3440.629
1.0
Area
0
2.040001
0
698.3592
122.4713
3081.726
2
AnchorAction1
0
-2.245462
0
521.6348
153.4248
3444.511
1.0
LinkTagAnd
0
0
0
223.4507
199.0292
3491.215
1.0
NPC_artist_007
0
-2.34
0
511.6244
153.0067
3457.401
1.0
Item_Fruit_I
0
0
0
325.0594
118.5576
3030.014
1.0
AnchorSleep
0
-2.617994
0
532.4404
153.4348
3456.727
1.0
FldObj_CliffWhite_A_05
0.0005860082
-1.098443
0.1028744
891.3875
101.4544
3481.452
1.0
LinkTagAnd
0
-3.103185
0
225.3725
199.0292
3489.139
2
FldObj_CliffWhiteWallCurve_A_01_Far
0.1050805
-1.472267
-0.3408591
90.49268
121.312
3177.359
1.0
LinkTagAnd
0
-0.9438088
0
398.6259
157.3251
3518.625
1.0
FldObj_CliffWhite_C_08
-3.061593
-1.381593
-3.141592
74.28586
103.2434
3639.043
1.0
TreasureSpot_00
0
-1.78
0
464.1069
106.8535
3940.897
1.0
LinkTagAnd
0
0
0
123.5
110.4718
3832.5
1.0
LinkTagAnd
0
0
0
812.6048
119.0198
3064.302
1.0
ActorObserverTag
0
-1.080001
0
702.7864
133.6721
3275.331
2
LinkTagNone
0
0
0
867.3638
150.5392
3549.746
1.0
LinkTagOr
0
0
0
133.7285
106.9272
3880.819
1.0
FldObj_CliffWhite_A_S_01_Far
0
0.2
0
140.6379
113.209
3409.337
1.0
Obj_TreeTropical_A_LL_01
0
1.773982
0
906.0061
134.7867
3042.064
1.0
SwitchTimeLag
-1.570796
0
0
693.8826
119.6016
3061.195
0.5
ActorObserverTag
0
0
0
420.5333
108.4479
3842.752
1.0
FldObj_CliffWhiteHill_C_02
0
0.3799999
0
593.3914
134.8637
3842.532
1.0
FldObj_CliffWhiteWall_A_02_Far
-0.2792957
-0.8666298
0.1894207
150.3342
174.4341
3292.752
1.0
Enemy_AirOctarock
0
-2.617994
0
584.4667
171.6094
3732.449
1.0
ConstraintDummy
0
0
0
773.4894
132.2851
3028.573
1.0
Enemy_AirOctarock
0
2.983814
0
112.2033
204.2219
2996.38
1.0
Obj_RockLayerMoss_B_Cliff_01_Far
0
2.94
0
359.2318
129.5043
3078.527
1.0
FldObj_CliffWhiteWall_A_02_Far
-0.6393456
0.5897493
0.1655143
544.9389
182.3645
3629.484
1.0
LinkTagOr
0
-2.783185
0
68.56659
129.64
3222.049
1.0
LinkTagAnd
0
0
0
495.2325
153.1869
3443.975
1.0
LinkTagAnd
0
0
0
915.1908
183.8591
3840.395
1.0
Npc_HiddenKorokFly
0
-0.66
0
266.1024
276.4652
3668.951
1.0
FldObj_CliffWhiteParts_A_05
0
-1.06
0
653.6595
133.7339
3707.187
1.0
ShelterFromRainTag
0
-1.12
0
448.7687
120.354
3053.408
1.0
LinkTagAnd
0
-0.66
0
269.5217
284.4652
3667.808
2
AnchorAction1
0
-1.04
0
444.4145
120.2862
3054.854
1.0
FldObj_RockBeach_A_L_01_Far
2.948946
-0.09499613
3.114249
394.919
101.9547
3873.973
1.0
LinkTagOr
0
0
0
406.6136
142.4
3051.134
1.0
LinkTagAnd
0
0
0
503.7081
152.3895
3425.063
1.0
LinkTagAnd
0.2234023
1.27547
0.139553
97.40259
147.9339
3822.187
1.0
DestinationAnchor
0
-2.399999
0
517.2781
152.478
3431.117
1.0
Item_Fruit_I
0
1.49377
0
516.4944
118.6422
3031.3
1.0
AnchorAction2
0
3.083194
0
529.14
153.4148
3458.474
1.0
LinkTagAnd
0
-3.103185
0
213.3954
199.8417
3489.966
2
Area
-0.0984083
0.0007433548
0.01509508
891.1535
285.2639
3694.739
3
DgnObj_DungeonEntranceSP_Far
0
1.627861
0
94
109.6719
3841
1.0
Area
0
-2.359999
0
546.2674
233.0385
3580.35
0.7
LinkTagAnd
0
-0.66
0
265.7072
278.9652
3668.645
1.0
Obj_Plant_Lotus_A_01
0
0.4599997
0
994.2591
126.2226
3463.674
1.0
FldObj_CliffWhiteWall_A_05
-3.106114
0.3398174
-3.035505
891.8109
205.0623
3643.185
0.9
Area
0
-2.343186
0
694.3826
119.8473
3072.406
2
Area
0
-2.783185
0
69.03473
128.0401
3221.873
3
LinkTagAnd
0
0
0
518.4106
199.0144
3763.577
1.0
LinkTagAnd
0
0
0
216.4504
197.7131
3484.829
1.0
LinkTagOr
0
-1.26
0
48.97687
106.305
3787.014
1.0
FldObj_CliffGrayParts_A_04
0
-1.02
0
747.5718
123.6741
3047.609
1.0
BeeHome
0
0
0
766.6136
133.8308
3050.699
1.0
Obj_RockLayerMoss_B_Cliff_01
0
-0.3399999
0
726.8533
121.7742
3046.172
1.0
Obj_TreePalmJungle_A_LL_01
0
0
0
950.6017
137.9544
3009.83
1.0
Item_Fruit_G
-0.5599999
0
0
50.58038
117.9904
3827.379
1.0
FldObj_HorseRaceFence_A_01
0
-2.736248
0
324.5476
155.7817
3458.818
1.1
LinkTagAnd
0
2.32
0
825.2841
123.2363
3005.667
1.0
FldObj_Giant_Bone
0
0
0
90.49997
112.1403
3372
1.0
LinkTagAnd
0
0
0
365.7689
180.6053
3645.119
1.0
AnchorAction2
0
-1.74
0
101.5078
109.6243
3809.5
1.0
EventTag
0
0
0
806.278
195.5544
3705.419
1.0
FldObj_CliffWhite_A_03
0
-3
0
129.3419
155.879
3539.871
1.0
FldObj_CliffWhiteEdgeParts_A_03
2.741593
0.841593
3.141593
299.1895
184.0423
3512.264
0.9
LinkTagAnd
0.04930804
0.003689891
-0.1493585
807.4746
193.4976
3705.509
1.0
FldObj_CliffWhiteWall_A_01
0
-2.12
0
684.0769
218.6095
3643.273
0.98
FldObj_CliffWhiteParts_A_06_Far
-0.26
0.96
0
585.5046
172.5347
3597.317
1.0
FldObj_CliffWhite_A_01
0.006490942
0.4392903
-0.09904443
630.7772
140.8274
3316.973
1.0
FldObj_CliffTropicsWall_A_06
0.07809799
-1.240603
-0.2691762
900.7637
131.6604
3050.346
1.0
LinkTagAnd
0
0
0
366.597
179.4335
3642.119
1.0
FldObj_CliffWhiteParts_A_03
1.697724
-1.289457
-2.073491
681.015
159.001
3604.537
1.0
FldObj_CliffWhiteWallCurve_A_01_Far
0
-1.96
0
117.199
130.4951
3472.93
1.0
Obj_Plant_ChiliPepper_A_01
0
0
0
324.8538
117.6776
3030.072
1.0
FldObj_CliffWhiteWallCurve_A_01
0
-1.96
0
117.199
130.4951
3472.93
1.0
FldObj_CliffWhiteWall_A_05_Far
-3.106114
0.3398174
-3.035505
891.8109
205.0623
3643.185
0.9
FldObj_CliffTropicsWall_A_03_Far
-0.201308
0.1794181
-0.01454101
983.2633
130.7685
3212.791
1.0
FldObj_CliffWhiteParts_A_01
0
-2.36
0
689.3289
178.086
3781.444
1.1
LinkTagAnd
0
0
0
105.7533
204.1907
3001.916
1.0
LinkTagAnd
0
0
0
420.7833
109.4479
3843.002
1.0
Obj_TreePalmJungle_A_LL_01
0
4.378427
0
909.5228
135.0672
3025.546
1.0
Obj_KorokIronRock_A_01
-0.173045
0.3189685
2.099091
828.3909
114.6926
3001.172
1.0
LinkTagOr
0
1.739999
0
106.4748
112.0777
3388.795
1.0
FldObj_AkkarePlant_A_01
0
-0.94
0
750.7913
161.25
3737.537
0.3
LinkTagOr
0
0
0
578.7952
108.6487
3925.806
1.0
FldObj_HorseRaceFence_A_01
0
-2.780007
0
321.3027
159.5321
3511.023
1.1
FldObj_RemainsFancierBall_01
0
0
0
106.3046
109.6484
3812.734
1.0
FldObj_CliffWhiteLumpRock_A_01
1.97912
-0.1336116
-2.907895
147.9688
150.585
3217.758
1.0
AnchorSleep
0
-1.76
0
538.1921
154.3645
3452.315
1.0
FldObj_CliffWhiteParts_A_06_Far
-0.3
-0.7599999
0
623.2693
147.2209
3468.979
1.1
AirOcta_Tag
0
-0.2617994
0
587
173
3737
1.0
FldObj_PushRock_A_M_01
3.038472
0.4794476
2.808825
535.8984
190.3587
3638.159
0.8
FldObj_CliffWhite_C_01_Far
0
-0.36
0
278.9523
106.2922
3830.079
1.0
Obj_LiftRockWhite_A_01
-0.1039807
0.01224381
0.2342158
275.5867
179.0204
3521.269
1.0
Npc_HiddenKorokGround
0
0.5615928
0
909.6229
183.5958
3837.292
1.0
Obj_RaftWood_A_S_02
-1.204083
-1.210949
1.172111
945.5029
116.5064
3251.744
1.0
Item_Fruit_E
-0.07191986
0.4482893
-0.2425419
994.3816
127.0826
3463.516
1.0
TwnObj_FairySpring_E_01
0
-1.34
0
802.0023
186.7266
3719.929
1.0
TBox_Field_Wood
0
-2
0
127.5
199.8281
3005
1.0
LinkTagNAnd
0
-3.103185
0
203.5661
202.7558
3494.608
2
LinkTagAnd
0
0
0
413.5299
111.5188
3030.389
1.0
FldObj_CliffWhiteParts_A_06_Far
1.051805
-0.9435921
-1.982534
603.9907
123.3806
3672.28
1.2
DgnObj_EntranceElevatorSP
0
1.627861
0
94
110.672
3841
1.0
FldObj_CliffWhiteTop_A_01
2.926817
-1.130804
-2.905004
791.6107
214.2642
3647.794
1.0
FldObj_CliffWhiteWall_A_02_Far
-0.2203143
-0.4314443
0.08527347
110.4228
154.8377
3083.927
1.0
Obj_TreePalmJungle_A_LL_01
0
-2.14
0
875.0112
116.4542
3095.107
1.0
LinkTagOr
0
2.040001
0
698.3592
124.2713
3081.726
1.0
LinkTagAnd
0
0
0
111
202.9297
3003.5
1.0
FldObj_CliffWhite_A_05
0
3.02
0
365.389
136.1579
3197.435
1.0
Obj_Plant_ChiliPepper_A_01
0
1.49377
0
516.5366
117.7622
3031.51
1.0
FldObj_CliffGrayParts_A_04_Far
0.7575645
1.197461
1.186103
777.8566
123.9294
3034.014
1.0
AnchorAction1
0
0.9031179
0
518.0406
152.9872
3461.248
1.0
FldObj_CliffWhiteWall_C_02_Far
-0.06050167
-0.03490658
0.01161308
682.928
220.0357
3834.175
0.9
ConstraintDummy
0
1.344379
0
520.4117
117.2458
3029.072
1.0
LinkTagAnd
0
-2.736248
0
317.6138
155.7817
3461.46
1.0
LinkTagCount
0
0
0
425.788
178.61
3505.382
1.0
Enemy_Bokoblin_Middle
0
0
0
518.6495
153.6146
3343.144
1.0
FldObj_KorokStoneLift_A_01
-0.0004182742
0.0007315464
-0.0002825204
426.4896
104.618
3853.978
1.0
Obj_KorokPot_A_01
0
-3.103185
0
211.1286
195.4667
3508.624
1.0
ConstraintDummy
0
0
0
311.2402
117.2201
3021.481
1.0
LinkTagAnd
0
-2.780007
0
314.26
159.5321
3513.36
1.0
FldObj_RockBeach_A_M_03
-1.08503
0.3676738
-1.903252
459.0482
102.0925
3925.93
1.0
FldObj_CliffWhiteEdgeParts_A_04_Far
-0.903455
-1.341192
0.6926796
195.7837
177.9246
3413.81
1.0
FldObj_CliffWhiteWall_A_03_Far
0
0.3799999
0
749.2936
235.8229
3692.752
1.0
LinkTagAnd
0
-3.103185
0
216.8222
201.6464
3487.995
1.0
Obj_TreeBroadleaf_B_L_01
0
-0.48
0
764.368
132.2407
3046.162
1.0
Area
0
2.619999
0
523.9611
162.6237
3678.357
2
FldObj_CliffWhiteParts_A_02
-0.3856437
-0.1670341
0.067394
109.2073
139.9131
3287.21
1.05
Enemy_Guardian_A
0
-2.703185
0
567.6304
106.3726
3947.931
1.0
LinkTagNAnd
0
-0.66
0
267.9417
284.4652
3666.581
2
LinkTagAnd
0
0
0
124.2376
196.9907
3016.08
1.0
ActorObserverTag
0
-3.103185
0
226.6405
189.0292
3496.096
2
LinkTagNOr
0
-3.103185
0
225.4493
199.0292
3491.138
2
FldObj_CliffTropicsWall_A_06_Far
2.817327
-1.161802
-2.910591
936.1943
138.2085
3071.662
1.0
FldObj_CliffWhiteEdgeParts_A_04
0
-2.88
0
747.3942
231.2427
3760.755
1.0
LinkTagAnd
0
-0.66
0
273.731
281.4652
3667.277
2
FldObj_CliffWhiteWall_A_05_Far
2.754082
0.09529804
-3.071501
197.4321
214.2624
3640.29
1.0
LookTag
0
-2.802392
0
519.7933
177.9074
3516.366
1.0
LinkTagOr
0
2.32
0
824.6027
123.2363
3004.935
1.0
LinkTagAnd
0
-0.05999999
0
507.4384
152.9734
3469.279
1.0
LocationTag
0
0
0
596.9465
172.6538
3722.386
1.0
FldObj_CliffTropicsWall_A_06
3.041593
-0.8215924
3.141593
901.463
133.6932
3034.132
1.0
LinkTagAnd
0
0
0
1004.244
144.4398
3456.956
1.0
Obj_TreePalmBeach_A_02
0
0
0
50.4917
106.1363
3820.72
1.0
FldObj_CliffWhite_C_05_Far
0
-1.24
0
56.50919
104.1255
3736.696
0.85
LinkTagOr
0
0
0
86.64499
144.5419
3866.379
1.0
LinkTagOr
0
0.4599997
0
992.4689
126.2136
3465.263
1.0
FldObj_RockBeach_A_M_03
-1.601564
-0.2577802
-0.4054304
255.0897
103.3885
3893.794
1.0
Obj_RockSetGray_A_L_01
-0.5778521
-0.4403214
-1.45493
98.65823
114.5218
3476.393
1.0
LinkTagAnd
0
-0.7831905
0
441.0515
157.1096
3467.391
1.0
Item_Fruit_I
0
-1.386023
0
516.6784
118.7122
3031.691
1.0
Area
0
0
0
413.5299
111.5188
3030.389
45
FldObj_CliffWhiteWall_A_02_Far
2.921592
0.401593
3.141593
328.3093
231.2524
3659.825
1.0
FldObj_CliffTropicsWall_A_06_Far
2.973834
1.46265
-3.025779
965.3011
137.468
3020.519
1.0
KorokAnswerResponce
0
0
0
277.8
187.793
3507.215
1.0
FldObj_CliffWhiteParts_A_01
0
-1.96
0
91.27252
128.8801
3527.238
1.0
FldObj_CliffWhite_A_05
0
0
-0.18
346.8245
220.3936
3700.016
1.0
LinkTagAnd
0
3.119996
0
291.9199
154.6715
3406.777
1.0
Obj_Plant_Korok_A_01
0
1.521592
0
678.9921
116.3203
3061.203
1.0
Area
0
0
0
281.3467
185.1932
3506.897
1.0
LinkTagAnd
0.6183597
0.3324085
-0.9346378
744.9553
134.7626
3243.144
1.0
LinkTagOr
0
-0.05999999
0
511.9072
152.9943
3463.303
1.0
Animal_Goat_A
0
0.4431869
0
546.5956
152.9173
3441.9
1.0
FldObj_CliffWhiteTop_A_01_Far
0
-0.0200002
0
724.0767
222.9543
3666.325
1.0
LinkTagAnd
0
0
0
639.3911
224.0958
3714.214
1.0
Obj_TreePalmBeach_A_02
0
0
0
728.7229
106.5504
3934.787
1.0
FldObj_CliffWhite_C_06
0
0.4999998
0
91.71124
110.0144
3821.263
1.0
FldObj_CliffWhiteWall_C_02_Far
-0.08793851
0.8377244
-0.07735843
948.4666
224.3726
3721.928
0.9
FldObj_CliffWhite_A_S_01_Far
3.141593
1.121593
2.981593
215.8177
164.2639
3102.098
1.2
LinkTagAnd
0
0
0
99.87616
110.672
3838.661
1.0
LinkTagAnd
0
0
0
824.6105
122.5414
3004.845
2
KorokAnswerResponce
0
0
0
363.7689
178.6053
3645.119
1.0
Npc_HiddenKorokGround
0
2.783185
0
265.6219
111.8148
3837.008
1.0
Area
0
2.619999
0
522.4664
167.3034
3680.958
2
Area
0
-3.103185
0
217.0406
189.5527
3506.699
5
DgnObj_EntranceShutterSP
0
1.627861
0
97.79382
110.672
3840.783
1.0
ActorObserverTag
0
-3.103185
0
217.8016
196.6855
3506.443
2
FldObj_CliffWhite_A_03
0
-0.36
0
508.1147
164.1669
3759.047
1.0
Obj_KorokIronRock_A_01
-2.57608
0.4186088
-2.58919
828.7784
117.6507
3010.065
1.0
Obj_TreeBroadleaf_B_L_01
-3.020086
0.5602951
-3.108738
457.1118
126.8557
3086.046
1.0
Area
0
-0.765398
0
514.3361
117.965
3038.284
50
Npc_HiddenKorokGround
0
0
0
13.95764
106.5948
3790.43
1.0
BoxWater
0
-1.34
0
802.4399
189.1662
3721.345
6.4
LinkTagAnd
0
-3.103185
0
216.3932
205.3261
3489.851
2
FldObj_CliffTropicsWall_A_06
2.973834
1.46265
-3.025779
965.3011
137.468
3020.519
1.0
FldObj_AkkarePlant_A_01
0
0.96
0
767.2288
162.6797
3711.9
0.3
FldObj_CliffWhiteTop_A_01_Far
0
-2.72
0
569.5637
169.08
3230.965
1.0
FldObj_CliffTropicsWall_A_03_Far
-0.1314213
-0.622627
-0.04908904
949.5963
131.6715
3202.657
1.0
Item_Fruit_I
0
-2.879793
0
324.6838
118.6276
3030.227
1.0
FldObj_CliffWhite_C_01_Far
0
0.410796
0
909.5389
107.6427
3830.83
1.0
Area
0
-0.66
0
263.9431
276.1217
3671.737
4.124905
LinkTagAnd
0
0.6200004
0
455.9127
155.5918
3333.727
1.0
LinkTagOr
0
0.599999
0
279.4376
187.1331
3503.507
1.0
LookTag
0
-2.219999
0
518.0408
154.7836
3461.248
0.27239
FldObj_CliffWhiteParts_A_01
-0.7825457
-1.187196
0.7287146
278.5082
157.1815
3511.894
1.0
LinkTagOr
0
1.559999
0
286.8409
112.4
3898.922
1.0
FldObj_CliffWhite_A_03
0
2.7
0
1007.46
115.6867
3328.005
0.9
LinkTagAnd
0
0
0
116.5
109
3823
1.0
Enemy_AirOctarock
0
-1.728576
0
105.7533
204.1907
3001.916
1.0
LinkTagNone
0
0
0
365.9017
221.8475
3665.791
1.0
LinkTagOr
0
-2.319999
0
544.0707
232.6619
3578.307
1.0
LinkTagOr
0
-3.103185
0
205.6414
196.7558
3496.53
2
FldObj_RockBeach_A_M_01_Far
3.041593
1.301593
3.141593
441.1137
101.7808
3918.495
1.0
SignalFlowchart
0
-0.7052063
0
453.7545
157.2113
3522.323
1.0
LinkTagAnd
0.4365816
0.01977139
-0.08907438
13.68207
108.8939
3791.497
1.0
LinkTagAnd
0
2.061591
0
700.1559
136.1721
3277.303
1.0
LinkTagOr
0
2.600002
0
965.4452
171.4832
3372.392
1.0
FldObj_CliffWhiteWall_A_02_Far
0
-0.12
0.06000002
679.754
226.2289
3712.062
1.0
FldObj_CliffWhiteTop_A_01
0
-0.1
0
24.53326
112.4558
3378.553
0.8
Area
0
0.7504916
0
476.2461
157.0611
3391.086
1.0
FldObj_CliffWhiteTop_A_01
0
0.92
0
409.3453
217.718
3729.96
1.0
LinkTagOr
0
-0.7
0
356.7146
106.4222
3923.017
1.0
FldObj_CliffWhiteTop_A_01_Far
2.926817
-1.130804
-2.905004
791.6107
214.2642
3647.794
1.0
LinkTagNAnd
0.00838246
-0.05941232
-0.1402491
676.9641
126.7318
3091.525
1.0
FldObj_CliffWhiteWall_A_03_Far
-0.3278842
-1.202128
0.221979
172.1017
159.151
3472.615
1.0
AnchorAction3
0
-1.523186
0
508.8299
153.0521
3453.824
1.0
FldObj_CliffWhite_A_01_Far
0.006490942
0.4392903
-0.09904443
630.7772
140.8274
3316.973
1.0
LinkTagAnd
0
0
0
116.5
109
3823
1.0
FldObj_CliffWhite_A_03
0
2.603185
0
487.4137
116.4952
3167.031
1.0
ActorObserverTag
0
0
0
421.0333
108.4479
3843.252
1.0
LinkTagAnd
0
0
0
92.94727
115.5
3839.729
1.0
FldObj_RockBeach_A_M_01_Far
0
1.24
0
315.8932
103.4866
3903.12
1.0
Item_Fruit_G
-0.6799999
-0.3821115
0
8.392303
117.2012
3780.059
1.0
Item_Fruit_G
-2.707707
0
-2.232194
608.1929
121.0669
3900.35
1.0
TBox_Field_Iron
0
2.7
0
123.2955
195.8157
3023.062
1.0
FldObj_RockBeach_A_L_01_Far
2.988814
1.271613
-3.052967
457.3878
101.7462
3881.409
1.0
FldObj_CliffWhiteLumpRock_A_01
2.861592
-0.01840724
3.141593
772.1073
132.7217
3130.181
1.0
LinkTagAnd
0
0
0
129.2648
201.9641
3005.384
1.0
FldObj_KorokStone_A_01
0
0
0
420.7833
106.4479
3843.002
1.0
SwitchTimeLag
-1.570796
0
0
280.3
189.793
3507.215
0.5
FldObj_PushRock_A_M_01
-0.3153581
0.2416569
0.1284403
367.9677
222.5937
3667.099
0.8
SignalFlowchart
0
0.7504916
0
483.4781
153.5611
3384.505
1.0
LinkTagAnd
0
0
0
698.3592
122.4713
3081.726
1.0
TwnObj_StableHostel_A_01
0
-2.245462
0
529.6001
152.9248
3450.883
1.0
LinkTagAnd
0
0
0
82.49997
111.8082
3388
1.0
Area
0
-0.7052063
0
446.3867
160.7113
3515.894
1.0
FldObj_CliffWhiteHill_C_02_Far
0
0.3799999
0
593.3914
134.8637
3842.532
1.0
Animal_Cow_A
0
2.863185
0
542.4271
152.9324
3465.246
1.0
Item_Fruit_I
0
-2.171421
0
516.3016
118.8722
3031.643
1.0
Obj_TreePalmBeach_A_02
0
2
0
364.8181
106.6656
3910.803
1.0
LinkTagAnd
0
0
0
504.0794
152.7547
3430.833
1.0
FldObj_CliffWhite_A_S_01_Far
0
0
0
469.0555
222.5049
3712.141
1.0
FldObj_HorseRaceFence_A_01
0
1.719994
0
366.1963
154.5597
3375.084
1.1
Obj_TreePalmBeach_A_02
0
-1.7
0
546.9349
108.0086
3902.939
1.0
PosAfterDemoSkip
0
0.3392007
0
521.0967
178.9074
3519.76
1.0
FldObj_CliffWhiteParts_A_03_Far
-1.367541
0.06377262
0.871253
121.2927
114.903
3334.212
1.1
FldObj_AkkarePlant_A_01
0
0
0
770.0374
159.9609
3739.052
0.3
LinkTagOr
0
0
0
909.8715
188.4692
3825.998
1.0
FldObj_KorokTarget_A_01
0
1.640002
0
257.4836
291.0669
3673.106
1.0
EnemyLookTag
0
-2.099998
0
760.7
123.7174
3082.6
1.0
LinkTagOr
0
0
0
514.2465
197.3818
3763.577
1.0
AnchorAction1
0
-2.356194
0
512.1569
153.0118
3454.8
1.0
Enemy_Bokoblin_Middle
0
0
0
458.1637
155.4849
3325.779
1.0
Npc_HiddenKorokFly
0
-0.8215975
0
695.5233
119.4377
3071.41
1.0
ActorObserverTag
0
0
0
514.2465
196.3818
3763.577
1.0
LinkTagAnd
0.00838246
-0.05941232
-0.1402491
678.941
126.4527
3091.644
1.0
Item_Fruit_G
2.581593
0.7815932
3.141593
90.41031
123.9571
3357.711
1.0
Obj_RockLayerMoss_B_Cliff_01_Far
0
2.700001
0
308.4682
129.5043
3069.724
1.0
LinkTagAnd
0
-1.34
0
816.2418
191.7188
3723.813
1.0
WildHorseCreateTag02
0
0
0
380.0755
155.5205
3434.524
1.0
FldObj_CliffWhiteWall_A_08
2.977405
-0.008508256
-2.954352
936.0392
153.1656
3260.974
1.0
LinkTagOr
0
0.06000125
0
70.14719
127.1338
3220.417
1.0
KorokAnswerResponce
0
0
0
826.956
122.1692
3004.677
0.5
Obj_TreeTropical_A_LL_01
0
0.66
0
945.347
147.9687
3097.729
1.0
FldObj_CliffWhite_A_03
0
1.02
0
261.6633
150.1388
3341.077
1.0
FldObj_CliffWhite_A_05_Far
2.928386
0.2196709
-3.077729
36.5582
94.92114
3443.713
1.0
Item_Fruit_G
-0.6799999
-0.7821115
0
134.9704
118.5802
3882.134
1.0
FldObj_CliffWhiteScaffold_A_01
3.08358
-0.3202127
-3.102946
388.5849
206.8934
3657.567
1.0
FldObj_CliffWhiteParts_A_01
3.079579
-0.07945889
3.045769
279.6224
156.2174
3496.015
1.0
HorsePlacmentAnchor
0
-1.721864
0
515.0339
152.811
3443.103
1.0
FldObj_CliffWhiteWall_A_03
-0.44
1.36
0
385.6039
147.1802
3218.481
1.0
LinkTagAnd
0
0
0
474.1155
153.5692
3350.476
1.0
Area
0
0
0
828.5272
116.2051
3010.18
2.420785
FldObj_CliffWhiteWall_A_02_Far
2.861593
-0.6015927
3.141593
50.50494
153.1348
3254.345
1.0
ActorObserverTag
0
-1.080001
0
703.7291
133.6721
3277.095
2
Area
0
0
0
914.8907
180.1091
3840.695
0.1
Npc_FaronWoods001
0
0
0
516.7584
152.9797
3453.708
1.0
LinkTagOr
0
0
0
641.9614
221.3621
3709.44
1.0
Item_Fruit_I
0
2.617994
0
324.7032
118.7876
3029.848
1.0
FldObj_CliffWhiteWall_A_02_Far
2.722133
0.9471191
2.693688
973.5266
147.6216
3300.673
1.0
LinkTagAnd
0
0
0
529.8888
153.0617
3479.926
1.0
Area
0
-2.319999
0
271.7195
222.3226
3289.589
1.7
Obj_LiftRockWhite_A_01
-0.0984083
0.0007433548
0.01509508
891.1686
284.2687
3694.837
1.0
LinkTagAnd
0
-3.103185
0
216.3163
199.8417
3487.852
2
FldObj_AkkarePlant_A_01
0
0
0
759.889
162
3733.224
0.3
LinkTagAnd
0
1.719994
0
365.3968
154.5597
3367.707
1.0
FldObj_CliffWhite_A_03_Far
0
2.898407
0
527.2175
110.2204
3146.789
1.0
FldObj_CliffWhite_A_04_Far
0
-0.2400002
0
550.6733
153.3394
3510.137
1.0
Area
0
0
0
742.8854
134.4469
3243.072
0.557
ActorObserverTag
0
0
0
641.9614
220.3621
3709.44
1.0
FldObj_CliffWhite_A_03
0
2.898407
0
527.2175
110.2204
3146.789
1.0
LinkTagAnd
0.5027281
0.1953236
-0.8737876
893.1533
285.294
3694.737
1.0
LinkTagOr
-1.147627
0.2521612
0.3872893
908.8715
183.9692
3825.998
1.0
Area
0
0
0
915.4907
180.7091
3840.695
0.1
Obj_TreePalmBeach_A_02
0
0
0
227.6586
106.4051
3891.596
1.0
FldObj_CliffWhiteWallCurve_A_01
3.075203
0.252873
-3.0725
191.0659
191.8505
3544.212
1.0
Item_Fruit_G
-0.68
1.217888
0
370.8188
118.3186
3908.367
1.0
FldObj_CliffGrayParts_A_04
-0.66
0.46
0
642.6279
113.9704
3009.533
1.0
FldObj_AkkarePlant_A_01
0
0
0
771.3109
161.0625
3743.857
0.3
FldObj_CliffWhiteTop_A_01_Far
0
0.92
0
409.3453
217.718
3729.96
1.0
Enemy_AirOctarock
0
2.094395
0
591.5823
171.5547
3734.14
1.0
Area
0
-0.32
0
596.9465
172.6538
3722.386
1.0
PointWindSetTag
0
0
0
968.3776
136.8127
3500.992
40
TBox_Field_Stone
0
3.141593
0
872.0986
224.0638
3608.015
1.0
FldObj_CliffWhiteParts_A_06
2.661591
0.6415928
3.141593
497.4748
159.9019
3545.806
1.0
Area
0
0
0
816.0677
118.5
3062.721
5
FldObj_CliffWhite_A_S_01
0
0.2
0
140.6379
113.209
3409.337
1.0
FldObj_CliffWhiteWall_A_02_Far
2.767169
1.030238
3.024131
576.8569
200.9683
3563.9
1.0
SignalFlowchart
0
-2.736248
0
315.5155
155.7817
3462.563
1.0
Obj_RockLayerMoss_B_Cliff_02_Far
0
-1.68
0
527.2488
130.4106
3098.613
1.0
Item_Fruit_I
0
2.617994
0
771.3408
133.3951
3028.378
1.0
LinkTagAnd
0
0
0
824.2372
120.7629
3004.677
1.0
LocationTag
0
0
0
523.2869
177.8742
3526.268
1.0
Item_Fruit_I
0
-2.879793
0
309.0721
118.1701
3021.665
1.0
Obj_LiftRockWhite_A_01
0.07829436
0.002965877
-0.07568741
742.8854
133.9198
3243.072
1.0
Area
0.4365816
0.01977139
-0.08907438
14.03769
107.4066
3790.811
3
FldObj_CliffWhiteWallCurve_A_01
-0.1570796
1.2958
-0.08726646
651.057
162.9363
3222.21
1.15
FldObj_CliffWhiteParts_A_06
0
-2.06
0
459.668
118.386
3207.688
1.0
Enemy_Bokoblin_Bone_Junior
0
-0.5999998
0
657.29
162.151
3167.788
1.0
Obj_TreePalmBeach_A_02
0
0.4
0
6.132874
105.5482
3773.99
1.0
EventTag
0
1.104262
0
99.87616
110.6719
3838.661
1.0
LinkTagAnd
0
0
0
479.1311
155.5145
3356.179
1.0
Enemy_Bokoblin_Guard_Middle_Ambush
0
-2.04
0
762.4723
123.8612
3083.424
1.0
Item_Fruit_I
0
-1.535415
0
520.1044
118.1958
3031.226
1.0
FldObj_CliffWhiteScaffold_A_01_Far
3.08358
-0.3202127
-3.102946
388.5849
206.8934
3657.567
1.0
FldObj_CliffWhite_A_S_01
-0.7000719
-0.1745051
-0.4703544
271.0605
228.1534
3626.306
1.0
FldObj_CliffWhiteWall_A_08_Far
-3.11849
-1.501558
3.09861
135.8559
146.5883
3392.346
1.0
SignalFlowchart
0
-2.780007
0
312.1154
159.5321
3514.37
1.0
SwitchTimeLag
-1.570796
0
0
639.3911
224.0958
3714.214
0.5
SwitchTimeLag
1.570796
-1.521592
3.141593
676.9944
119.3203
3061.104
0.5
LinkTagOr
0.4365816
0.01977139
-0.08907438
14.67792
108.8051
3791.477
1.0
ActorObserverTag
0
-3.103185
0
216.5851
185.8417
3494.847
2
LinkTagNOr
0
-3.103185
0
215.3939
195.8417
3489.889
2
ActorObserverTag
0
-2.245462
0
516.3245
157.9248
3440.264
1.0
FldObj_CliffWhite_A_03_Far
3.125262
-0.2009389
-3.059946
873.7516
123.5925
3546.069
1.0
LinkTagAnd
0
-0.66
0
267.9417
285.9652
3666.581
2
Item_Fruit_G
-0.5599999
-0.72
0
177.8764
118.1125
3882.453
1.0
ActorObserverTag
0
0
0
281.3467
186.7932
3506.897
1.0
FldObj_CliffWhiteWall_A_03_Far
0
2.62
0
682.7878
158.2864
3134.801
1.0
Area
0
0
0
421.0833
106.6979
3842.702
0.1
FldObj_CliffGrayParts_A_05
0
2.86
0
653.4541
97.35571
3077.259
1.0
FldObj_CliffWhiteTop_A_01
0
-3.1
0
262.804
237.6566
3668.151
1.0
Obj_BoardWood_Triangle_01
0
-2.181591
0
124.3068
195.3641
3022.515
1.0
DestinationAnchor
0
1.801593
0
793.7277
189.2932
3721.873
1.0
LinkTagAnd
0
-0.9438088
0
408.9259
157.3251
3528.939
1.0
FldObj_RockBeach_A_M_01
-3.076467
0.9576723
-3.102343
397.4539
104.8515
3922.604
0.8
LinkTagOr
0
0.5615928
0
910.046
186.0958
3837.026
1.0
FldObj_CliffGrayParts_A_05_Far
0
2.86
0
653.4541
97.35571
3077.259
1.0
FldObj_CliffWhiteParts_A_06_Far
2.661591
0.6415928
3.141593
497.4748
159.9019
3545.806
1.0
Obj_TreePalmJungle_A_LL_01
0
0
0
803.6135
121.0637
3042.758
1.0
LinkTagOr
0
0
0
281.3467
187.7932
3506.897
1.0
FldObj_RuinGuardian_A_Dynamic
3.000356
-1.35832
-2.956237
464.128
105.376
3940.892
1.0
AirOcta_Tag
0
-0.9431772
0
111.858
205.5641
3003.95
1.0
FldObj_CliffWhiteParts_A_05_Far
2.999742
-0.3380108
-3.135678
141.6567
106.7508
3500.225
1.0
KorokAnswerResponce
0
0
0
417.4057
105.663
3843.251
1.0
SwitchTimeLag
-1.570796
0
0
518.4106
199.0144
3763.577
0.5
Obj_TreePalmBeach_A_02
0
-0.26
0
914.2325
106.609
3920.37
1.0
FldObj_RuinGuardian_A_Dynamic
0.03700417
0.3745103
0.1309038
664.9051
105.372
3928.086
1.0
FldObj_CliffWhite_A_03_Far
-2.935393
0.9143475
-3.077167
188.4791
176.6074
3693.896
1.2
LinkTagAnd
0
1.721596
0
408.9129
153.7788
3326.605
1.0
Obj_SweepCollision
0
1.627861
0
93.00162
124.6719
3841.057
1.0
FldObj_KorokTarget_A_01
0
-0.66
0
267.3738
291.6607
3666.234
1.0
Npc_Remains_Fancier001
0
1.14
0
104.5
109.303
3825.5
1.0
FldObj_TreeRootTropical_A_M_03
2.397127
0.1521198
3.1095
941.0802
132.6942
3011.24
1.0
Obj_TreePalmBeach_A_02
0
0
0
135.2528
106.9272
3875.664
1.0
FldObj_CliffWhiteWall_A_08_Far
3.122552
-0.3612134
-3.099046
818.4827
232.1798
3738.813
1.0
FldObj_AkkarePlant_A_01
0
0
0
757.7249
163.6641
3738.341
0.3
KorokAnswerResponce
0
2.619999
0
525.6952
168.3112
3679.354
1.0
FldObj_CliffWhiteEdgeParts_A_03
2.741593
0.841593
3.141593
317.9004
184.4094
3534.444
1.0
Area
0
0
0
367.097
177.9335
3642.119
2
FldObj_CliffWhiteParts_A_03
-0.8799998
1.44
0
427.8074
116.5615
3155.203
1.0
Item_Fruit_G
-1.9251
0.5019495
-2.021423
197.8874
117.6749
3931.003
1.0
ActorObserverTag
0
0
0
819.644
121.0333
2999.745
2
KorokAnswerResponce
0
0
0
827.956
122.1692
3004.677
0.5
FldObj_CliffWhiteWall_A_02_Far
-0.5100825
-1.328678
0.5227924
182.4819
168.0543
3350.623
1.0
Area
0.00838246
-0.05941232
-0.1402491
678.8701
124.6703
3088.635
2
LinkTagOr
0
0
0
993.9026
126.2136
3457.199
1.0
FldObj_CliffWhiteEdgeParts_A_03_Far
2.741593
0.841593
3.141593
317.9004
184.4094
3534.444
1.0
FldObj_FissureValleyWall_A_02
0
-0.09999994
0
803.4926
196.1862
3687.237
0.9
FldObj_CliffWhiteParts_A_02
-0.328451
0.71531
0.1089013
963.6432
215.1801
3707.516
1.0
LinkTagAnd
0
0
0
124.3068
198.3641
3022.515
1.0
FldObj_CliffWhiteWall_A_02
2.722133
0.9471191
2.693688
973.5266
147.6216
3300.673
1.0
FldObj_AncientStoneTower_A_01_Far
0
-0.1745329
0
790.4164
138.98
3341.145
1.0
LinkTagAnd
0
-2.802392
0
522.7051
178.9074
3520.11
0.3
LinkTagOr
0
-2.319999
0
268.9952
222.3727
3292.518
1.0
LinkTagAnd
0.5676367
0.270813
-0.873912
408.1136
140.8
3051.134
1.0
FldObj_CliffWhiteTop_A_01_Far
0
-1.159999
0
267.9707
181.2983
3292.321
1.0
FldObj_CliffWhiteWall_A_02
1.913087
-1.091874
2.929226
664.769
164.9491
3439.797
1.0
FldObj_CliffWhiteWallCurve_A_01
0
0
0.122173
96.71887
141.3807
3310.033
1.0
LinkTagAnd
0
-2.245462
0
516.3245
162.9248
3440.264
1.0
ActorObserverTag
0
0
0
828.4877
119.9942
3010.448
2
FldObj_CliffWhite_A_03
-2.935393
0.9143475
-3.077167
188.4791
176.6074
3693.896
1.2
FldObj_CliffWhiteWall_A_06
0
-2.78
0
12.53723
170.1337
3003.326
1.2
LinkTagAnd
0
-3.103185
0
207.4864
195.7558
3492.456
2
Obj_RockLayerMoss_B_Cliff_01
0
2.703186
0
818.3631
132.3367
3144.156
0.9
Enemy_Chuchu_Junior
0
2.577693
0
497.9854
129.7296
3116.44
1.0
FldObj_CliffWhiteHill_C_02
-0.0605914
0.1397464
-0.00845004
726.4514
232.4322
3789.077
1.0
LinkTagOr
0
-2.319999
0
273.4221
220.3727
3287.759
1.0
LinkTagAnd
0
-0.66
0
266.3617
284.4652
3665.355
2
LinkTagNAnd
0
-3.103185
0
203.4893
195.7558
3492.609
2
TBox_Field_Iron_NoReaction
-0.1253245
0.6606592
0.2800297
536.4746
151.9106
3425.198
1.0
Npc_FaronWoods010
0
-2.094395
0
514.2579
152.7191
3449.753
1.0
FldObj_CliffWhiteLumpRock_A_01
-0.2
1.52
0
411.1121
127.1849
3118.228
1.0
Obj_LiftRockWhite_A_01
-0.1015036
0.9375402
-0.081921
406.1136
139.8
3051.134
1.0
Area
0
0
0
641.9614
218.7621
3709.44
1.0
Item_Fruit_I
0
-2.320813
0
519.7391
118.3558
3031.122
1.0
KorokAnswerResponce
0
0
0
636.8911
222.0958
3714.214
1.0
FldObj_CliffGrayParts_A_04_Far
0
-1.02
0
747.5718
123.6741
3047.609
1.0
Item_Fruit_I
0
2.617994
0
309.0915
118.3301
3021.286
1.0
Obj_TreeTropical_A_LL_01
0
5.058838
0
883.1273
127.4507
3023.255
1.0
LinkTagAnd
0
-3.103185
0
223.4507
203.0292
3491.215
2
Obj_BoardWood_Triangle_01
0
-0.22
0
129.2648
198.9641
3005.384
1.0
FldObj_CliffWhite_A_S_01_Far
-0.3724217
-0.2094966
0.06124771
143.8566
159.8447
3249.459
1.0
LinkTagOr
0
-1.921592
0
517.3953
196.3545
3765.492
1.0
ActorObserverTag
0
0
0
420.5333
108.4479
3843.252
1.0
Animal_Dog_A
0
-3.1
0
529.8888
153.0617
3479.926
1.0
FldObj_CliffTropicsWall_A_03_Far
0
-1.4
0
887.7341
126.0374
3050.045
1.0
Item_Fruit_I
0
-2.879793
0
771.3214
133.2351
3028.757
1.0
FldObj_CliffWhite_A_05_Far
0.1437196
0.8432811
-0.06839183
676.195
202.3137
3801.508
1.0
FldObj_CliffWhite_C_01
0
0.410796
0
909.5389
107.6427
3830.83
1.0
FldObj_CliffWhite_A_03_Far
0
-2.06
0
763.1487
202.5424
3638.224
1.0
Area
0
-3.103185
0
211.1286
195.4667
3508.624
1.0
FireWood
0
0
0
446.0717
120.3102
3052.94
1.0
FldObj_CliffWhiteWallCurve_A_01_Far
3.075203
0.252873
-3.0725
191.0659
191.8505
3544.212
1.0
LinkTagOr
0.00838246
-0.05941232
-0.1402491
679.1208
126.4527
3088.65
1.0
FldObj_CliffWhiteTop_A_01
0
-2.72
0
569.5637
169.08
3230.965
1.0
AnchorAction1
0
-2.617994
0
816.1256
117.9404
3062.743
1.0
FldObj_CliffWhiteParts_A_06
1.051805
-0.9435921
-1.982534
603.9907
123.3806
3672.28
1.2
Enemy_Bokoblin_Guard_Junior_TreeHouseTop
0
-3.141593
0
587
170.5
3736.5
1.0
FldObj_CliffTropicsWall_A_03
0
-0.8999999
0
916.1864
134.2409
3175.853
1.0
FldObj_CliffWhite_A_S_01_Far
-0.5516489
-0.9544027
0.09960305
626.8074
161.1425
3265.133
1.0
Enemy_Bokoblin_Middle
0
0
0
435.2389
156.7849
3348.109
1.0
LinkTagAnd
0
-0.8215975
0
695.1826
121.9377
3071.044
1.0
FldObj_RockBeach_A_L_01
2.948946
-0.09499613
3.114249
394.919
101.9547
3873.973
1.0
FldObj_TreeRootTropical_A_M_03_Far
2.397127
0.1521198
3.1095
941.0802
132.6942
3011.24
1.0
FldObj_CliffWhiteWall_A_01_Far
0
0
0
277.8784
226.4875
3732.572
1.0
Obj_RockCover
-3.088872
-0.2233165
3.108744
866.7941
155.3907
3548.544
0.7
Item_Fruit_G
2.581593
1.401594
3.141593
107.6846
123.9319
3386.952
1.0
LinkTagAnd
0
0
0
129.6378
199.7245
3006.444
1.0
KorokAnswerResponce
0
0
0
515.9106
197.0144
3763.577
1.0
Item_Fruit_G
-0.5599999
0
0
580.4082
120.5029
3927.309
1.0
Area
0
-2.780007
0
321.3027
163.0321
3511.023
1.0
LinkTagOr
0
-1.080001
0
702.7864
136.6721
3275.331
1.0
Area
0
0
0
514.2465
194.7818
3763.577
1.0
Obj_RaftWoodSail_A_S_01
-1.204083
-1.210949
1.172111
945.4347
116.3543
3251.273
1.0
LinkTagAnd
0
0
0
111.858
205.5641
3003.95
1.0
FldObj_PushRock_A_M_01
0.3732467
0.546437
-0.3000025
533.8081
190.4472
3640.505
0.8
FldObj_CliffWhite_A_S_01_Far
-2.13518
0.7098119
-2.431381
290.6058
232.5889
3638.974
1.0
FldObj_CliffWhiteWall_A_02_Far
0
-0.6199999
0
34.43723
168.1014
3047.759
1.0
Item_Fruit_G
-0.5599999
-1.26
0
48.03928
118.1592
3789.01
1.0
Obj_TreeApple_A_M_01
0
0
0
765.145
131.8044
3050.789
1.0
LinkTagNone
0
0
0
657.29
162.151
3167.788
1.0
Animal_Goat_A
0
0.4431869
0
540.5026
152.8912
3434.848
1.0
LinkTagOr
0
2.161592
0
639.1124
221.5958
3710.424
1.0
AnchorAction2
0
-2.42
0
521.7267
152.5896
3428.459
1.0
Area
0
-2.736248
0
324.5476
159.2817
3458.818
1.0
LinkTagOr
0
-1.559999
0
-12.68683
106.2839
3692.997
1.0
FldObj_TreeRootTropical_A_M_03_Far
-0.9042398
-0.9694987
0.3323684
932.1575
146.56
3140.256
1.0
LinkTagAnd
0
0
0
215.3939
204.3261
3489.889
1.0
LinkTagAnd
0
-3.103185
0
215.3171
195.8417
3487.891
2
Obj_TreePalmJungle_A_LL_01
0
1.519537
0
945.9018
154.0175
3117.436
1.0
LinkTagNone
0
0
0
589.7168
171.6328
3741.639
1.0
FldObj_CliffWhiteWallCurve_A_01_Far
0
0
0.122173
96.71887
141.3807
3310.033
1.0
FldObj_CliffWhiteWall_A_02_Far
1.913087
-1.091874
2.929226
664.769
164.9491
3439.797
1.0
LinkTagAnd
-0.06812564
0.0008549297
0.02508759
84.14359
111.5318
3379.06
1.0
LinkTagAnd
0
-2.783185
0
69.50287
129.64
3221.698
1.0
Area
0
0
0
406.1136
140.8001
3051.134
3
Obj_LiftRockWhite_A_01
-0.0129605
-0.0006777489
-0.1044902
669.8944
227.9106
3692.397
1.0
AnchorAction2
0
1.8
0
410.282
157.3733
3527.572
1.0
Npc_HiddenKorokGround
0
1.28
0
97.36087
145.4663
3821.548
1.0
Obj_Plant_Lotus_A_01
0
0
0
996.2119
126.2226
3456.571
1.0
FldObj_CliffWhiteParts_A_05_Far
0
-1.06
0
653.6595
133.7339
3707.187
1.0
FldObj_HorseRaceFence_A_01
0
0.7504916
0
476.2461
153.3971
3391.086
1.1
FldObj_CliffWhite_A_S_01_Far
-0.7000719
-0.1745051
-0.4703544
271.0605
228.1534
3626.306
1.0
SwitchTimeLimited
1.570796
-0.03840724
3.141593
203.5661
195.7558
3494.608
0.5
LinkTagNAnd
0
2.040001
0
701.9393
124.2713
3082.154
1.0
LinkTagOr
-0.0984083
0.0007433548
0.01509508
891.6293
286.8634
3694.581
1.0
Enemy_Bokoblin_Middle
0
0
0
478.1949
153.5889
3315.482
1.0
Obj_TreePalmBeach_A_02
0
-0.7199999
0
77.38751
110.2841
3469.463
1.0
HorsePlacmentAnchor
0
-0.04
0
785.4539
186.6837
3723.755
1.0
Obj_RockCover
-0.1907562
1.359423
-0.1588921
874.0067
225.2114
3606.622
0.7
LinkTagAnd
0
0
0
636.3737
154.9971
3522.354
1.0
Obj_TreeBroadleaf_B_L_01
0
0.7400001
0
334.4745
130.9184
3078.832
1.0
LinkTagAnd
0
-2.134696
0
499.4151
125.7296
3106.695
1.0
FldObj_CliffWhiteWall_A_03
2.943754
1.361941
-3.123886
40.18448
134.4577
3379.221
1.0
LinkTagOr
0
-0.66
0
266.4975
278.9652
3669.258
1.0
FldObj_CliffWhiteParts_A_01
2.761593
1.021593
3.141593
861.7173
105.1158
3209.563
1.2
FldObj_CliffGrayParts_A_04
2.979985
-0.3094353
3.111551
755.7451
125.2282
3005.268
1.0
LinkTagAnd
0
0
0
678.8701
124.6703
3088.635
1.0
LinkTagAnd
0
0
0
809.3483
197.525
3707.89
1.0
FldObj_CliffWhite_A_S_01
-0.1420147
0.5642889
-0.2612303
631.1399
143.1658
3664.427
1.0
FldObj_CliffWhiteWall_A_01_Far
3.047209
0.1797965
-3.099283
420.3799
215.5651
3688.986
1.0
FldObj_CliffWhite_A_S_01_Far
-0.1420147
0.5642889
-0.2612303
631.1399
143.1658
3664.427
1.0
Npc_HiddenKorokGround
0
-2.783185
0
69.03473
127.14
3221.873
1.0
AnchorAction3_Rain
0
-2.094395
0
527.9984
153.4148
3455.816
1.0
LinkTagAnd
0
0
0
448.4038
120.8515
3057.603
1.0
LinkTagAnd
0
0.6200004
0
466.2982
155.5918
3323.499
1.0
Area
0
0
0
914.8907
180.7091
3840.095
0.1
FldObj_CliffWhite_A_03_Far
0
2.7
0
1007.46
115.6867
3328.005
0.9
SignalFlowchart
0
1.719994
0
364.861
154.5597
3365.397
1.0
LinkTagAnd
0
-3.103185
0
226.3717
203.0292
3489.101
2
FldObj_CliffTropicsWall_A_03
-0.1314213
-0.622627
-0.04908904
949.5963
131.6715
3202.657
1.0
Obj_Plant_Korok_A_01
0
-3.141593
0
693.8826
116.6016
3059.195
1.0
AnchorAction3
0
0.8777247
0
525.4843
153.4248
3447.588
1.0
FldObj_CliffTropicsWall_A_03_Far
0
-1.68
0
907.7789
133.1578
3124.751
1.0
LinkTagOr
0
0
0
466.9418
155.6077
3360.679
1.0
FldObj_CliffWhiteParts_A_02
2.959626
-0.9268695
2.970375
713.8345
151.4526
3562.275
1.1
FldObj_CliffWhiteEdgeParts_A_04_Far
-0.0859939
0.6835027
0.05383247
329.897
178.5496
3299.363
1.0
FldObj_CliffWhiteWall_A_01_Far
0
2.843185
0
667.4088
201.1785
3791.143
1.0
LinkTagAnd
0
3.119996
0
306.3612
154.6715
3404.798
1.0
LinkTagAnd
0
0
0
523.9611
170.3112
3678.357
1.0
Obj_LiftRockWhite_A_01
0
-0.38
0
481.4156
224.8397
3748.434
1.0
ShelterFromRainTag
0
-0.765398
0
514.3361
117.965
3038.284
1.0
FldObj_RockBeach_A_M_01_Far
-3.076467
0.9576723
-3.102343
397.4539
104.8515
3922.604
0.8
LinkTagOr
0
0
0
356.4821
117.8973
3051.45
1.0
FldObj_CliffWhite_A_05
-3.008054
0.2742647
-3.113134
216.0858
157.7213
3477.086
1.1
Item_Fruit_I
0
1.344379
0
519.9807
118.1258
3030.812
1.0
AnchorSleep
0
1.923186
0
526.6595
153.4148
3459.317
1.0
FldObj_CliffWhiteParts_A_05
2.999742
-0.3380108
-3.135678
141.6567
106.7508
3500.225
1.0
HorseAssociationCustum002
0
1.06
0
514.023
153.0717
3463.619
1.0
FldObj_CliffWhiteWall_A_02
1.852749
0.5857106
3.03362
188.2667
162.0617
3244.093
1.0
Enemy_AirOctarock
0
0.6276192
0
114.4674
204.1907
3010.402
1.0
FldObj_CliffWhiteWallCurve_A_01_Far
-0.1570796
1.2958
-0.08726646
651.057
162.9363
3222.21
1.15
FldObj_CliffWhite_A_03_Far
0
1.02
0
261.6633
150.1388
3341.077
1.0
LinkTagAnd
0
0
0
95.5
109.5
3852.5
1.0
LinkTagAnd
0
0
0
894.8107
187.0432
3476.661
1.0
FldObj_CliffWhiteWall_A_03_Far
3.039573
1.196365
3.032037
778.4247
194.8402
3535.436
1.0
KorokAnswerResponce
0
-3.103185
0
214.3946
202.8261
3489.927
0.5
LinkTagAnd
0
0.7504916
0
481.8769
153.5611
3386.253
1.0
Obj_Plant_ChiliPepper_A_01
0
0
0
771.4913
132.2851
3028.602
1.0
Enemy_Bokoblin_Guard_Junior_Ambush
0
-2.6
0
732.3747
121.5653
3085.533
1.0
BoxWater
0
-1.34
0
801.9308
189.1662
3718.496
6.4
LinkTagAnd
0
0
0
511.9007
157.2702
3457.529
1.0
LinkTagNOr
0
-0.05999999
0
511.6988
152.9806
3469.757
1.0
FldObj_CliffWhiteWallCurve_A_01
2.905925
0.1123886
-3.100646
365.0044
175.2553
3588.494
1.0
LinkTagAnd
0
-0.66
0
271.0073
284.4652
3662.631
2
LinkTagOr
0
0.8215933
0
272.0598
224.8727
3289.223
1.0
LinkTagOr
0
2.600002
0
959.8755
173.4832
3369.041
1.0
Obj_TreePalmJungle_A_LL_01
0
2.956667
0
936.583
140.0619
3068.091
1.0
Item_Fruit_I
0
0
0
309.4477
118.1001
3021.452
1.0
DestinationAnchor
0
1.801529
0
795.1718
189.6824
3721.538
1.0
FldObj_CliffGrayParts_A_04_Far
2.451294
-0.2850222
-2.976598
573.5549
127.0295
3076.122
1.0
FldObj_CliffWhiteParts_A_01
-1.184722
-1.183311
0.9503751
452.5648
117.2333
3240.494
1.0
LinkTagAnd
0
0
0
120.5
108.7278
3846.836
1.0
FldObj_CliffWhiteWall_C_01_Far
-0.2206051
0.4027074
-0.09211226
836.0376
236.8092
3758.231
1.0
ActorObserverTag
0
0
0
421.0333
108.4479
3842.752
1.0
FldObj_CliffWhite_A_05_Far
0
2.72
0
737.3204
156.9153
3525.792
1.0
LinkTagAnd
0
-0.7831905
0
429.2346
157.1096
3458.857
1.0
FldObj_AkkarePlant_A_01
0
0
0
764.7093
162.6797
3706.904
0.3
GreatFairyBeforeRevival
0
-1.3
0
802.3632
190.9063
3720.111
1.0
LinkTagAnd
0
0
0
808.652
197.525
3705.712
1.0
KorokAnswerResponce
0
2.600002
0
967.4202
171.4832
3370.079
1.0
FldObj_CliffWhiteWall_A_04
2.102353
0.3116042
-2.96504
325.135
132.7372
3141.645
1.0
Enemy_Giant_Bone
0
0.04030071
0
100.5
111.2768
3371
1.0
ActorObserverTag
0
-3.103185
0
212.0443
196.623
3506.891
2
LinkTagOr
0
2
0
370.1404
106.6656
3910.044
1.0
Item_Fruit_G
-0.5599999
0
0
227.7473
118.2592
3898.254
1.0
FldObj_CliffWhite_C_02_Far
0
-0.06920375
0
359.1128
108.5336
3760.702
1.0
LinkTagAnd
0
-0.05999999
0
509.1841
152.9821
3465.717
1.0
FldObj_CliffWhiteHill_C_03
0
2.34
0
958.4771
219.8515
3658.482
1.2
FldObj_CliffWhiteParts_A_01
-0.532949
-1.182898
0.5179268
592.8787
178.0568
3805.92
1.1
AnchorAction1_Rain
0
3.083187
0
529.1403
153.4148
3458.474
1.0
FldObj_CliffWhiteParts_A_03
-1.367541
0.06377262
0.871253
121.2927
114.903
3334.212
1.1
FldObj_CliffTropicsWall_A_06
0
-0.86
0
896.6007
124.2294
3082.001
1.0
ActorObserverTag
0
0
0
742.8854
136.8899
3246.072
1.0
SpotBgmTag
0
-0.04
0
801.9637
180.1825
3721.173
31.52114
LinkTagNAnd
0
-0.66
0
266.3617
282.9652
3665.355
2
AnchorAction1
0
0.4431869
0
542.3232
152.9442
3434.32
1.0
FldObj_CliffWhiteParts_A_05
0
-2.48
0
691.9351
146.3154
3788.154
1.0
FldObj_CliffWhiteParts_A_02
3.021593
-0.6415928
3.141593
129.8359
106.0633
3425.231
1.0
EnemyLookTag
0
-2.48
0
731.8
121.0933
3084.6
1.0
Area
0
0
0
367.6595
172.3866
3645.197
2.5
LinkTagAnd
0
0
0
280.3
189.793
3507.215
1.0
ConstraintDummy
0
0
0
326.8519
117.6776
3030.043
1.0
LinkTagAnd
0
-0.7052063
0
451.8339
157.2113
3520.933
1.0
AnchorAction1
0
2.003187
0
548.9423
152.932
3440.63
1.0
FldObj_CliffWhiteHill_C_03_Far
0
-0.4599999
0
559.7534
136.256
3845.534
1.0
LinkTagNAnd
0
1.627861
0
95.47211
123.0378
3839.787
1.0
ActorObserverTag
0
0
0
117
116
3840
1.0
FldObj_CliffWhite_A_03_Far
3.000375
0.7949646
3.056138
370.7839
143.3564
3244.752
1.0
Obj_TreePalmBeach_A_02
0
0
0
607.5164
109.4471
3894.198
1.0
FldObj_CliffWhite_A_03
0
-0.9400003
0
222.3625
144.8888
3373.124
1.0
FldObj_AkkarePlant_A_01
0
-1.34
0
753.3401
158.9766
3716.248
0.3
FldObj_CliffWhiteWall_A_03
0
0.3799999
0
749.2936
235.8229
3692.752
1.0
TwnObj_WoodenFrameworkBridge_A_01_Far
0
1.22
0
575.5146
162.8796
3714.934
1.0
Item_Fruit_E
0.03490658
0
-0.2181662
996.3918
127.0826
3456.483
1.0
FldObj_CliffWhiteLumpRock_A_01
-0.8814998
-0.05361782
0.03355184
928.4263
141.4101
3296.663
0.8
Npc_HiddenKorokFly
0
1.559999
0
286.8358
109.9
3899.422
1.0
FldObj_CliffWhiteParts_A_03_Far
0.06001195
0.019964
1.621199
93.90936
120.353
3318.69
1.2
Obj_TreePalmBeach_A_02
0
-0.72
0
182.2002
106.2583
3877.389
1.0
FldObj_CliffWhiteParts_A_01
-0.14
-0.7799998
0
712.1041
152.5648
3506.487
1.0
Area
0
1.719994
0
366.1963
158.0597
3375.084
1.0
AnchorAction1_Rain
0
-0.78
0
448.3632
120.3704
3052.97
1.0
LinkTagOr
0
-3.103185
0
206.7559
190.7558
3499.489
2
FldObj_CliffWhite_A_05_Far
0
3.02
0
365.389
136.1579
3197.435
1.0
LinkTagAnd
0
2.364779
0
417.1138
108.9126
3849.273
1.0
FldObj_CliffWhiteWall_A_03_Far
2.943754
1.361941
-3.123886
40.18448
134.4577
3379.221
1.0
FldObj_KorokPinwheel_A_01
0.4422593
0.07571059
-0.3338086
263.7032
276.6131
3673.551
1.0
LinkTagOr
0
-3.103185
0
206.3719
195.7558
3489.496
2
LinkTagOr
0
0
0
416.4057
109.7255
3843.251
1.0
LinkTagOr
-1.570796
0
0
908.8715
186.5317
3825.998
1.0
FldObj_CliffWhiteSet_A_01
0
-2.643186
0
870.9482
209.9525
3697.045
1.2
LinkTagPulse
0.07829436
0.002965877
-0.07568741
743.9581
134.8383
3243.147
0.25
FldObj_KorokTarget_A_01
0
-0.66
0
270.7464
288.2701
3668.435
1.0
FldObj_CliffWhiteHill_C_03_Far
0.213998
-0.9849386
-0.2551365
316.0956
217.469
3755.318
1.0
LinkTagNone
0
0
0
732.3747
121.5653
3085.533
1.0
LinkTagAnd
0
2.619999
0
522.9
168.8034
3681.207
1.0
Obj_TreeTropical_A_LL_01
0
0.4399999
0
970.8965
140.4079
3023.326
1.0
FldObj_CliffWhite_A_05_Far
0.0005860082
-1.098443
0.1028744
891.3875
101.4544
3481.452
1.0
FldObj_CliffWhiteWall_A_06
-0.02484086
0.1405621
0.07431699
554.5302
165.2315
3708.038
1.0
Obj_Plant_ChiliPepper_A_01
0
0
0
309.2421
117.2201
3021.51
1.0
FldObj_AncientStoneTower_A_01
0
0
0
963.4574
123.82
3371.135
1.0
TwnObj_WoodenFrameworkBridge_A_01
0
1.22
0
575.5146
162.8796
3714.934
1.0
Area
0.4365816
0.01977139
-0.08907438
14.00646
107.1085
3790.67
0.7269535
Item_Fruit_I
0
0
0
771.697
133.1651
3028.544
1.0
LinkTagOr
0
2.359999
0
90.49658
112.1029
3359.914
1.0
FldObj_CliffTropicsWall_A_03
0
-1.4
0
887.7341
126.0374
3050.045
1.0
LinkTagAnd
0
2.040001
0
701.035
124.2713
3080.37
1.0
FldObj_CliffWhiteWall_A_02
0
-0.12
0.06000002
679.754
226.2289
3712.062
1.0
FldObj_CliffWhite_A_03_Far
0
-0.36
0
508.1147
164.1669
3759.047
1.0
Obj_KorokIronRock_A_01
0.36
0
0
819.4009
118.2801
3000.121
1.0
LinkTagAnd
0
0
0
596.9465
172.6538
3722.386
1.0
PosAfterDemoSkip
0
-1.513732
0
100.8605
110.6719
3840.708
1.0
LinkTagOr
0
0
0
605.992
109.4471
3899.354
1.0
ConstraintDummy
0
1.49377
0
516.6617
117.7622
3029.516
1.0
FldObj_RockBeach_A_M_01
3.001593
-0.3815923
3.141593
414.0945
103.1718
3877.791
0.8
DgnObj_DungeonEntrance_A_01_Far
0
-2.802392
0
523.2869
177.9074
3526.268
1.0
LocationTag
0
0
0
1004.244
144.4398
3456.956
1.0
Obj_Plant_ChiliPepper_A_01
0
1.344379
0
519.9911
117.2458
3031.026
1.0
FldObj_CliffWhiteParts_A_01
-3.110649
1.40141
-3.071433
398.9898
121.7757
3229.753
1.0
FldObj_PushRock_A_M_01
-0.1508415
1.141499
-0.1155904
364.5661
223.7771
3670.104
0.8
LinkTagAnd
0
0
0
123.3419
200.5907
3007.899
1.0
LinkTagAnd
0
0
0
472.8808
154.1169
3355.033
1.0
Area
0
-3.103185
0
222.7979
189.4511
3506.251
5
Area
0
-0.04
0
801.9637
180.1825
3721.173
31.52114
Item_Fruit_G
-0.588784
-0.3104949
-0.2182879
197.3357
117.7002
3930.875
1.0
FldObj_HorseRaceFence_A_01
0
-0.7052063
0
446.3867
157.2113
3515.894
1.1
FldObj_CliffWhiteWall_A_02_Far
-0.8895244
-0.5717259
0.02786111
510.8217
189.4844
3607.726
1.0
FldObj_CliffWhiteParts_A_01
-2.857966
0.994233
-2.806975
542.372
130.3941
3729.231
1.2
LinkTagAnd
0
0
0
587
170.3785
3738.5
1.0
FldObj_CliffWhiteWall_A_02
2.767169
1.030238
3.024131
576.8569
200.9683
3563.9
1.0
Area
0
2.459999
0
648.2448
144.7237
3612.017
1.0
Item_Fruit_E
2.212738
-1.307161
-2.161461
987.8419
127.0826
3457.725
1.0
FldObj_CliffWhiteParts_A_06
3.116966
0.451648
3.05839
917.5392
109.9103
3251.191
1.0
LinkTagAnd
0
0
0
365.7689
178.6053
3645.119
1.0
HorseGod001
0
-1.34
0
802.0023
186.7265
3719.929
1.0
Obj_RockLayerMoss_B_Cliff_01
0
2.94
0
359.2318
129.5043
3078.527
1.0
Obj_RockLayerMoss_B_Cliff_01_Far
0
-2.64
0
565.5822
130.502
3081.9
1.0
LinkTagNAnd
0
-3.103185
0
223.4507
206.0292
3491.215
2
FldObj_CliffWhiteParts_A_06_Far
-0.2270129
0.7285977
0.1053126
992.4974
113.0572
3330.071
1.0
LinkTagAnd
0
-0.9438088
0
409.7192
157.3251
3525.742
1.0
TBox_Field_Stone
0
3.141593
0
825.985
228.6936
3634.887
1.0
FldObj_CliffWhiteHill_C_02_Far
-0.0605914
0.1397464
-0.00845004
726.4514
232.4322
3789.077
1.0
FldObj_KorokStartingBlock_A_01
0
2.600002
0
894.8107
185.5932
3476.661
1.0
LinkTagAnd
0
0
0
808.7018
198.4
3706.783
1.0
Obj_RockCover
2.989269
1.038803
3.05891
966.3011
126.5101
3502.298
0.7
FldObj_CliffWhite_A_03_Far
-0.05999999
-0.2220197
0.01054469
3.019165
119.4682
3306.989
1.1
FldObj_CliffWhiteParts_A_02
2.916267
-0.2918168
3.049236
513.5632
167.9756
3546.583
1.0
FldObj_CliffWhiteWall_A_02
0.3618368
1.386976
0.2053894
488.0009
220.9006
3737.842
1.0
ActorObserverTag
0
-3.103185
0
206.7559
185.7558
3499.489
2
LinkTagAnd
0
0
0
119.0594
196.9907
3027.086
1.0
LinkTagNOr
0
-3.103185
0
205.5647
195.7558
3494.531
2
FldObj_CliffWhiteSet_A_01_Far
0
2.220001
0
459.6498
152.3188
3572.554
1.0
LinkTagNAnd
0
-0.66
0
269.5217
282.9652
3667.808
2
FldObj_CliffGrayParts_A_04_Far
-0.4847153
0.06633303
0.1436986
657.255
111.7575
3006.436
1.0
AnchorSleep
0
-1.2
0
537.7684
154.2772
3447.716
1.0
ActorObserverTag
0
0
0
914.9408
181.8591
3840.145
1.0
Npc_HiddenKorokFly
0
2.32
0
824.9434
120.7363
3005.301
1.0
FldObj_TreeRootTropical_A_M_03
-0.9042398
-0.9694987
0.3323684
932.1575
146.56
3140.256
1.0
FldObj_AkkarePlant_A_01
0
0
0
764.889
161.6016
3735.427
0.3
SwitchTimeLag
1.570796
1.101591
3.141593
700.1431
124.2713
3080.822
0.5
Obj_KorokPot_A_01
0
-3.103185
0
222.7979
195.6855
3506.251
1.0
FldObj_CliffWhite_A_03_Far
-3.101278
-0.1201465
-3.054762
587.5538
144.1398
3606.066
1.0
FldObj_RockBeach_A_M_01
0
1.24
0
315.8932
103.4866
3903.12
1.0
Item_Fruit_G
-0.5599999
-0.7
0
356.9801
118.2764
3925.205
1.0
FldObj_TravelerTrace_Tent_A_01
0
-1.12
0
450.2204
120.354
3051.817
1.0
FldObj_HorseRaceFence_A_01
0
-0.9438088
0
405.6172
157.3251
3519.558
1.1
LinkTagOr
0
0
0
772.022
132.2851
3026.537
1.0
Obj_LiftRockWhite_A_01
-0.1098849
0.03898168
-0.1991407
69.03473
127.04
3221.873
1.0
FldObj_CliffWhite_A_03
0
-2.763186
0
517.9855
144.4582
3528.181
1.0
FldObj_CliffWhite_A_03
0.200351
0.05880262
0.1319339
237.5878
157.6206
3559.109
1.1
Obj_TreeTropical_A_LL_01
0
-1.84
0
831.5425
116.4099
3028.474
1.0
FldObj_CliffWhiteWall_A_04
-0.1916823
-0.04487662
0.05908701
726.0435
158.3577
3176.221
0.95
FldObj_CliffWhiteWall_A_02
-0.2203143
-0.4314443
0.08527347
110.4228
154.8377
3083.927
1.0
Area
0
-3.103185
0
216.4504
197.7131
3484.829
1.285473
Enemy_AirOctarock
0
-2.576195
0
124.5137
200.6219
2999.479
1.0
Enemy_AirOctarock
0
-1.047197
0
582.6012
171.6094
3739.948
1.0
FldObj_CliffWhiteWall_A_03_Far
-0.44
1.36
0
385.6039
147.1802
3218.481
1.0
Obj_TreePalmJungle_A_LL_01
0
3.701118
0
981.8877
151.3375
3036.662
1.0
DgnObj_EntranceTerminal_A_01
0
2.957195
0
519.4045
178.9076
3521.275
1.0
PointWindSetTag
0
0
0
867.3638
150.5392
3549.746
40
LinkTagNone
0
0
0
658.9014
112.0288
3045.666
1.0
FldObj_CliffWhiteWall_A_03
3.039573
1.196365
3.032037
778.4247
194.8402
3535.436
1.0
FldObj_CliffWhiteTop_A_01
0
1.38
0
549.9746
192.5544
3580.925
1.0
FldObj_CliffWhiteHill_C_03
0
-0.4599999
0
559.7534
136.256
3845.534
1.0
Area
0
2.600002
0
963.303
173.4332
3371.103
1.7
FldObj_CliffWhiteWallCurve_A_01
0.1050805
-1.472267
-0.3408591
90.49268
121.312
3177.359
1.0
Obj_Plant_ChiliPepper_A_01
0
0
0
355.9515
117.8973
3053.516
1.0
Area
0
0
0
693.8826
117.8016
3059.195
2
DgnObj_EntranceTerminalSP
0
1.104262
0
99.87616
110.672
3838.661
1.0
LinkTagOr
0
2.600002
0
895.8766
187.6434
3474.887
1.0
LinkTagOr
0
-0.26
0
911.4341
106.609
3924.96
1.0
Area
0
1.721596
0
403.1271
157.2788
3322.571
1.0
BoxWater
0
-1.34
0
800.131
189.1662
3720.331
6.4
Obj_RockLayerMoss_B_Cliff_01_Far
0
2.703186
0
818.3631
132.3367
3144.156
0.9
FldObj_CliffWhiteWall_A_02_Far
2.048487
0.3301114
2.849564
271.8175
161.8908
3239.483
1.0
LinkTagOr
0
2.061591
0
699.6841
136.1721
3276.422
1.0
LinkTagAnd
0
-0.66
0
263.1074
284.4652
3656.5
2
LinkTagAnd
0
0
0
114.4674
204.1907
3010.402
1.0
SwitchTimeLag
-1.570796
0
0
420.7833
110.4479
3843.002
0.5
LinkTagAnd
0
0
0
591.5823
171.5547
3734.14
1.0
LinkTagAnd
0
-3.103185
0
217.3156
195.8417
3487.814
2
DestinationAnchor
0
0.92
0
513.1101
152.8121
3448.912
1.0
Area
0
-1.12
0
448.7687
120.354
3053.408
50
FldObj_CliffWhiteWall_A_04_Far
-0.1916823
-0.04487662
0.05908701
726.0435
158.3577
3176.221
0.95
SignalFlowchart
0
1.721596
0
401.7763
153.7788
3312.887
1.0
LinkTagAnd
0
0
0
693.8826
117.8016
3059.195
1.0
LinkTagNAnd
0
-3.103185
0
213.3186
195.8417
3487.967
2
LinkTagNone
0
0
0
866.77
155.31
3548.581
1.0
FldObj_CliffWhiteWall_A_01
-3.113072
1.086556
-2.929704
659.5326
162.1829
3338.683
1.1
Enemy_AirOctarock
0
1.7454
0
131.5756
197.0219
3020.371
1.0
Obj_BoardWood_Square_01
0
-0.2617994
0
587
170
3737
1.0
FldObj_CliffWhiteWall_A_02_Far
0
2.623186
0
813.4911
224.855
3621.885
1.0
FldObj_CliffTropicsWall_A_06_Far
3.081593
-0.4615934
3.141593
922.5713
133.8316
3016.238
1.0
FldObj_CliffWhite_A_03_Far
0
-3
0
129.3419
155.879
3539.871
1.0
FldObj_CliffTropicsScaffold_A_01_Far
-2.330106
-1.4172
2.062707
899.5171
132.8403
3153.052
1.0
Obj_Plant_Korok_A_01
0
0.798407
0
694.3826
118.6473
3072.406
1.0
FldObj_CliffTropicsWall_A_03
0
-1.68
0
907.7789
133.1578
3124.751
1.0
FldObj_CliffGrayParts_A_04
-0.4847153
0.06633303
0.1436986
657.255
111.7575
3006.436
1.0
LinkTagAnd
0
1.819996
0
56.81845
112.3976
3150.508
1.0
ActorObserverTag
0
2.619999
0
523.9611
168.3112
3678.357
2
FldObj_KorokStoneLift_A_01
0.0004335632
0.0006379109
-9.23369E-05
895.6823
184.3454
3835.506
1.0
LinkTagAnd
0
0
0
546.2674
233.0385
3580.35
1.0
Area
0
-3.103185
0
217.0406
195.623
3506.699
1.0
Enemy_Bokoblin_Guard_Junior_Ambush
0
-1.32
0
761.0876
123.0353
3070.506
1.0
FldObj_CliffGrayParts_A_04_Far
2.450806
1.301665
2.889487
780.2451
125.8298
3014.471
1.0
LinkTagOr
0
0
0
693.8826
119.6016
3059.195
1.0
Obj_RockLayerMoss_B_Cliff_01
0
2.700001
0
308.4682
129.5043
3069.724
1.0
FldObj_CliffWhiteWall_A_01
0
0
0
277.8784
226.4875
3732.572
1.0
FldObj_AkkarePlant_A_01
0
-2.42
0
753.6624
164.8281
3714.601
0.3
FldObj_CliffTropicsWall_A_06
2.712544
-0.8598971
-2.928418
919.5435
133.7752
3096.027
1.0
FldObj_CliffWhite_A_S_01
3.141593
1.121593
2.981593
215.8177
164.2639
3102.098
1.2
FldObj_CliffWhiteWall_C_01_Far
0
0
0
389.6854
226.4147
3755.389
1.0
Area
0
-1.080001
0
701.0225
130.8721
3276.273
1.2
FldObj_KorokStartingBlock_A_01
0
-2.359999
0
546.2674
231.5885
3580.35
1.0
Obj_RockSetGray_A_L_01
0.0672098
-0.6973092
-0.104439
531.6677
176.5476
3542.888
1.0
LinkTagAnd
-0.0984083
0.0007433548
0.01509508
890.6294
286.8484
3694.582
1.0
LinkTagAnd
0
0
0
582.6012
171.6094
3739.948
1.0
Obj_Plant_Lotus_A_01
0
-1.72
0
987.7823
126.2226
3457.534
1.0
FldObj_CliffWhiteWall_C_03
-0.01595036
-0.2595214
0.06208146
525.203
185.8357
3816.451
1.0
LookTag
0
1.627861
0
103.9837
109.6719
3840.43
1.0
Item_Fruit_G
-0.9562149
0.9509748
-0.3628906
8.880524
117.1934
3779.89
1.0
LinkTagAnd
0
1.559999
0
286.8306
112.4
3899.922
1.0
Npc_HiddenKorokFly
0
1.819996
0
56.69495
109.8976
3150.023
1.0
LinkTagAnd
0
0
0
519.4045
178.9076
3521.275
1.0
FldObj_AncientStoneTower_A_01_Far
0
0
0
963.4574
123.82
3371.135
1.0
Area
0.2234023
1.27547
0.139553
97.42771
146.3621
3821.606
3
FldObj_CliffWhiteWallCurve_A_01_Far
2.905925
0.1123886
-3.100646
365.0044
175.2553
3588.494
1.0
LinkTagAnd
0
0
0
529.6001
152.9248
3450.883
1.0
Npc_HiddenKorokGround
0
0
0
406.1136
139.9
3051.134
1.0
LinkTagAnd
0
-0.05999999
0
512.0615
152.9821
3466.967
1.0
Npc_HiddenKorokGround
0
2.364779
0
416.7571
106.4126
3848.923
1.0
FldObj_CliffWhiteTop_A_01_Far
0
1.98
0
749.2093
185.6416
3608.493
1.0
LinkTagAnd
0
0
0
497.0606
153.1869
3441.139
1.0
AnchorAction2
0
-2.356194
0
511.8756
153.0188
3454.519
1.0
FldObj_CliffWhiteWall_A_02
2.048487
0.3301114
2.849564
271.8175
161.8908
3239.483
1.0
TwnObj_StableHostel_A_01_Far
0
-2.245462
0
529.6001
152.9248
3450.883
1.0
LinkTagAnd
0
-2.780007
0
324.0368
159.5321
3504.521
1.0
LinkTagPulse
-0.0984083
0.0007433548
0.01509508
892.1534
285.2789
3694.738
0.25
LinkTagOr
0
1.344379
0
518.0977
117.2458
3030.045
1.0
LinkTagAnd
0
-0.5415908
0
962.8745
175.9832
3370.845
1.0
FldObj_PushRock_A_M_01
2.07097
-1.336728
-1.662508
537.8958
190.6045
3634.876
0.8
LinkTagAnd
0
0
0
915.1908
182.8591
3840.395
1.0
Npc_HiddenKorokFly
0
2.619999
0
522.4664
166.3034
3680.958
1.0
Obj_RockCover
-0.07214449
-0.001686511
-0.07031252
825.7223
229.6253
3631.193
0.7
LinkTagAnd
0
0
0
113
111.5
3814.5
1.0
Item_Fruit_I
0
0
0
356.1572
118.7773
3053.458
1.0
FldObj_CliffWhiteWall_A_02
2.941593
0.06159252
3.141593
765.17
163.2505
3155.745
1.0
FldObj_AkkarePlant_A_01
0
-0.8999999
0
772.9319
162.6797
3708.603
0.3
LinkTagNAnd
0
-3.103185
0
226.3717
201.0292
3489.101
2
DgnObj_EntranceShutter_A_01
0
-2.802392
0
522.0226
178.9076
3522.684
1.0
FldObj_AkkarePlant_A_01
0
0
0
775.2718
154.9609
3738.146
0.3
FldObj_AkkarePlant_A_01
0
0
0
764.178
156.5938
3741.521
0.3
KorokAnswerResponce
0
0
0
825.956
122.1692
3004.677
0.5
FldObj_CliffWhiteParts_A_06_Far
3.116966
0.451648
3.05839
917.5392
109.9103
3251.191
1.0
Npc_HiddenKorokFly
0
-0.5415908
0
963.303
173.4832
3371.103
1.0
LinkTagAnd
0
-3.103185
0
205.4879
195.7558
3492.532
2
FldObj_CliffTropicsWall_A_06
0
0.12
0
972.5984
143.0394
3193.43
1.0
FldObj_CliffWhiteWall_A_02
0
-0.6199999
0
34.43723
168.1014
3047.759
1.0
Obj_TreePalmJungle_A_LL_01
0
0.1571531
0
932.756
152.0815
3137.877
1.0
DgnObj_WarpPoint_A_01
0
-2.802392
0
520.2274
178.8704
3517.596
1.0
LinkTagAnd
0
0
0
523.2869
177.8742
3526.268
1.0
Area
0
-2.16
0
531.3713
152.6029
3453.117
30
Area
0
0
0
567.8107
101.6411
3929.613
40
LinkTagAnd
0
0
0
82.49997
111.8082
3384
1.0
LinkTagAnd
0
0
0
587
173
3737
1.0
Obj_RockLayerMoss_B_Cliff_01_Far
0
3.043186
0
780.9881
120.5711
3101.383
1.0
LinkTagAnd
0
0
0
701.4332
136.6721
3274.92
1.0
LinkTagOr
0
0
0
309.7727
117.2201
3019.445
1.0
FldObj_AkkarePlant_A_01
0
-0.8999999
0
771.3851
163.8203
3703.376
0.3
FldObj_CliffWhiteParts_A_03_Far
1.697724
-1.289457
-2.073491
681.015
159.001
3604.537
1.0
FldObj_CliffWhiteWall_A_03_Far
-0.1917759
-0.09886727
0.08994126
637.786
162.9471
3583.074
1.0
FldObj_CliffTropicsWall_A_06_Far
2.712544
-0.8598971
-2.928418
919.5435
133.7752
3096.027
1.0
Obj_TreeTropical_A_LL_01
0
2.283822
0
880.4933
127.2298
3057.448
1.0
FldObj_CliffWhite_A_S_01
2.922152
0.7292504
-3.09366
605.7371
160.3902
3294.185
1.0
FldObj_CliffTropicsScaffold_A_01
-2.330106
-1.4172
2.062707
899.5171
132.8403
3153.052
1.0
LinkTagAnd
0
-2.736248
0
326.9947
155.7817
3452.203
1.0
Item_Fruit_G
-0.7914488
0.5683592
-0.247178
135.4861
118.5724
3882.168
1.0
Area
0
1.559999
0
290.8356
102.5737
3899.466
1.0
LinkTagAnd
0
1.627861
0
98.94351
110.6719
3840.553
1.0
AnchorAction2_Rain
0
-2.268928
0
527.292
152.6863
3436.004
1.0
LinkTagNAnd
0
-1.62
0
676.0941
119.3203
3059.058
1.0
Area
0
1.819996
0
60.57138
102.3213
3149.037
1.0
TBox_Field_Iron
0
-3.141593
0
587
170.3785
3738.5
1.0
ActorObserverTag
0
0
0
915.4408
181.8591
3840.645
1.0
LinkTagOr
0
-0.7199999
0
72.84207
110.2841
3472.334
1.0
FldObj_CliffWhiteParts_A_01
-0.03585912
0.8681463
0.2154811
76.96143
139.6741
3054.75
1.0
Obj_RockLayerMoss_B_Cliff_01
0
2.96
0
407.9879
130.3106
3086.658
1.0
FldObj_CliffWhiteWall_A_02
-0.8895244
-0.5717259
0.02786111
510.8217
189.4844
3607.726
1.0
AnchorAction1_Rain
0
-2.268928
0
527.0186
152.682
3435.777
1.0
FldObj_CliffWhiteWall_C_01
0
0
0
389.6854
226.4147
3755.389
1.0
DgnObj_EntranceElevator_A_01
0
-2.802392
0
523.2869
178.9076
3526.268
1.0
LinkTagAnd
0
0
0
413.5299
111.5188
3030.389
1.0
LinkTagAnd
0
0
0
486.8626
153.8241
3426.166
1.0
FldObj_CliffWhite_C_02
0
-0.06920375
0
359.1128
108.5336
3760.702
1.0
Area
0
-2.245462
0
529.6001
155.4248
3450.883
1.0
LinkTagAnd
0.8838822
0.6028339
-0.8307862
16.02939
107.2286
3790.771
1.0
LinkTagAnd
0
0.7504916
0
485.1478
153.5611
3386.647
1.0
Item_Fruit_I
0
2.617994
0
355.8009
119.0073
3053.292
1.0
SwitchTimeLimited
1.570796
-0.03840724
3.141593
213.3954
195.8417
3489.966
0.5
LinkTagAnd
0
-1.921592
0
517.7384
196.3545
3764.553
1.0
Obj_TreeTropical_A_LL_01
0
2.777061
0
923.7153
135.2404
3018.288
1.0
LinkTagOr
0
-0.66
0
266.1024
286.4652
3668.951
2
FldObj_HorseRaceFence_A_01
0
0.6200004
0
456.8945
155.5918
3326.742
1.1
Obj_LiftRockWhite_A_01
0.06452709
0.00239981
-0.07432152
97.35345
145.3668
3821.541
1.0
FldObj_CliffGrayParts_A_04
2.450806
1.301665
2.889487
780.2451
125.8298
3014.471
1.0
Obj_RockSetGray_A_L_01
-0.9505079
0.1634754
0.8757386
131.1577
109.5416
3360.561
1.0
LinkTagNone
0
0
0
522.4664
167.3034
3680.958
1.0
FldObj_CliffWhiteWall_A_04_Far
2.102353
0.3116042
-2.96504
325.135
132.7372
3141.645
1.0
ActorObserverTag
0
0
0
640.9614
220.3621
3709.44
1.0
FldObj_CliffWhiteTop_A_01
0
1.98
0
749.2093
185.6416
3608.493
1.0
LinkTagOr
0
0
0
81.49997
111.8082
3379
1.0
FldObj_CliffWhite_A_03_Far
-2.857287
-1.22727
2.840662
82.37073
103.6339
3527.498
1.0
FldObj_CliffWhiteTop_A_01
0
-0.08000013
0
814.5885
116.814
3172.429
1.0
FldObj_CliffWhiteWall_A_08
3.122552
-0.3612134
-3.099046
818.4827
232.1798
3738.813
1.0
FldObj_CliffTropicsWall_A_03
-0.201308
0.1794181
-0.01454101
983.2633
130.7685
3212.791
1.0
LinkTagAnd
0
0
0
124.3068
195.3641
3022.515
1.0
LocationTag
0
0
0
92.94727
115.5
3839.729
1.0
LinkTagAnd
0.6093323
0.3216024
-0.9361347
99.42218
146.2135
3821.601
1.0
ActorObserverTag
0
-1.080001
0
701.8438
133.6721
3273.567
2
FldObj_CliffWhite_A_05_Far
0
0
-0.18
346.8245
220.3936
3700.016
1.0
FldObj_KorokGoal_A_01
0
-2.319999
0
271.7195
220.3727
3289.589
1.0
FldObj_CliffWhiteWall_A_06_Far
0
-2.78
0
12.53723
170.1337
3003.326
1.2
LinkTagAnd
0
0
0
123.2955
195.8157
3023.062
1.0
Item_Fruit_G
-3.029735
-0.2415303
-2.192778
9.151611
117.168
3779.392
1.0
FldObj_CliffWhiteWall_C_03_Far
-0.01595036
-0.2595214
0.06208146
525.203
185.8357
3816.451
1.0
Obj_TreePalmJungle_A_LL_01
0
0
0
981.0065
167.0291
3125.123
1.0
FldObj_CliffGrayParts_A_04_Far
2.979985
-0.3094353
3.111551
755.7451
125.2282
3005.268
1.0
FldObj_CliffGrayParts_A_04
2.451294
-0.2850222
-2.976598
573.5549
127.0295
3076.122
1.0
LinkTagOr
0
0
0
84.49997
111.8082
3386
1.0
AnchorAction1_Rain
0
-2.094395
0
528.7679
153.4148
3456.038
1.0
Enemy_Lizalfos_Guard_Junior_LongVisibility
0
-0.9000001
0
111
202.9297
3003.5
1.0
LinkTagAnd
0
-2.802392
0
524.036
191.4074
3523.882
0.6
FldObj_CliffWhiteHill_C_03
0.213998
-0.9849386
-0.2551365
316.0956
217.469
3755.318
1.0
Obj_Plant_Korok_A_01
3.13321
0.05941224
3.001343
678.703
123.482
3088.625
1.0
FldObj_CliffWhiteWall_A_02
2.921592
0.401593
3.141593
328.3093
231.2524
3659.825
1.0
LinkTagOr
0
-2.319999
0
544.0707
233.6619
3578.307
1.0
LinkTagAnd
0.07829436
0.002965877
-0.07568741
742.5834
136.5422
3243.277
1.0
LinkTagAnd
0
0
0
124.5137
200.6219
2999.479
1.0
LinkTagAnd
0
2.161592
0
639.6698
221.5958
3711.254
1.0
WildHorseCreateTag
0
0
0
629.5118
152.9411
3516.133
1.0
LinkTagNAnd
0
0
0
464.6784
154.7135
3489.593
1.0
FldObj_CliffWhiteTop_A_01
0
0.6799994
0
892.2331
245.0493
3697.804
1.0
Area
0
3.119996
0
301.3945
158.1715
3409.806
1.0
LinkTagAnd
0
0
0
203.5661
195.7558
3494.608
1.0
Item_Fruit_G
-0.5599999
0
0
728.8116
118.4046
3941.446
1.0
FldObj_CliffWhiteParts_A_06
-0.3
-0.7599999
0
623.2693
147.2209
3468.979
1.1
FldObj_CliffWhiteWall_A_02
1.969412
-0.4849728
2.995946
735.5934
175.4472
3484.722
1.0
FldObj_CliffWhiteParts_A_03
-0.8861688
0.1281388
0.06392165
99.77045
113.4372
3327.367
1.1
LinkTagOr
0
-0.8215975
0
695.864
121.9377
3071.776
1.0
Obj_RaftWoodSail_A_S_01
0
0.6600001
0
-9.546631
106.4132
3710.456
1.0
FldObj_CliffWhite_A_03_Far
0
-0.9400003
0
222.3625
144.8888
3373.124
1.0
FldObj_CliffTropicsWall_A_06_Far
3.041593
-0.8215924
3.141593
901.463
133.6932
3034.132
1.0
Obj_TreePalmBeach_A_02
0
-0.8999999
0
202.2856
106.0551
3926.649
1.0
ActorObserverTag
0
0
0
513.2465
196.3818
3763.577
1.0
FldObj_CliffWhite_A_S_01_Far
2.922152
0.7292504
-3.09366
605.7371
160.3902
3294.185
1.0
LinkTagAnd
0
0
0
111.858
202.5641
3003.95
1.0
Area
0
-0.7831905
0
436.2851
160.6096
3458.66
1.0
FldObj_CliffWhiteParts_A_06
-2.804069
-0.8720873
2.70037
699.3907
156.7815
3597.207
1.0
Enemy_AirOctarock
0
-1.005398
0
123.3419
200.5907
3007.899
1.0
Area
0
0.4635988
0
522.603
117.965
3038.508
50
Item_Fruit_G
-2.707707
0
-2.232194
135.9294
118.547
3881.815
1.0
LinkTagOr
0
0
0
367.597
179.4335
3642.119
1.0
Enemy_Lizalfos_Guard_Junior_LongVisibility
0
-0.5600001
0
129.6378
199.7245
3006.444
1.0
LinkTagAnd
0
-0.66
0
265.8311
281.4652
3661.146
2
Obj_RockSetGray_A_L_01
1.78256
-0.7546313
2.45181
178.2746
153.1021
3432.121
1.0
LinkTagAnd
0
0.6200004
0
463.1063
155.5918
3322.683
1.0
LinkTagAnd
0
0
0
801.9637
180.1825
3721.173
1.0
Npc_HiddenKorokGround
0
0
0
742.8929
134.0192
3243.08
1.0
FldObj_CliffWhiteWallCurve_A_01_Far
0
2.84
0
562.8812
177.8418
3782.006
1.2
FldObj_CliffTropicsWall_A_03_Far
0
-0.8999999
0
916.1864
134.2409
3175.853
1.0
FldObj_AkkarePlant_A_01
0
0
0
768.4241
160.3984
3703.298
0.3
FldObj_AkkarePlant_A_01
0
0
0
776.2249
161.9219
3741.685
0.3
FldObj_CliffWhiteWall_A_03
-0.1917759
-0.09886727
0.08994126
637.786
162.9471
3583.074
1.0
LinkTagOr
-1.147627
0.2521612
0.3872893
415.4057
107.163
3843.251
1.0
AnchorAction1
0
0.94
0
516.5224
153.0272
3462.828
1.0
FldObj_CliffWhite_A_S_01
-2.13518
0.7098119
-2.431381
290.6058
232.5889
3638.974
1.0
LinkTagOr
0
0
0
694.8826
119.4767
3058.421
1.0
ActorObserverTag
0
0
0
820.394
119.9942
3010.714
2
FldObj_CliffWhiteEdgeParts_A_04
-0.0859939
0.6835027
0.05383247
329.897
178.5496
3299.363
1.0
FldObj_CliffTropicsWall_A_06
3.081593
-0.4615934
3.141593
922.5713
133.8316
3016.238
1.0
Enemy_AirOctarock
0
-2.966989
0
124.2376
196.9907
3016.08
1.0
Npc_HiddenKorokGround
0
0.599999
0
279.0251
184.6331
3503.79
1.0
FldObj_CliffTropicsWall_A_06
2.861593
-0.6415923
3.141593
895.0671
123.0608
3026.763
1.0
AnchorWander_Rain
0
2.443461
0
531.0181
153.4148
3449.295
1.0
LinkTagAnd
0
-2.134696
0
490.9633
125.7296
3101.35
1.0
LinkTagAnd
0
-0.04
0
822.2235
208.1265
3711.42
1.0
FldObj_CliffWhiteWall_A_02
-0.6393456
0.5897493
0.1655143
544.9389
182.3645
3629.484
1.0
FldObj_CliffWhiteTop_A_01_Far
0
-0.08000013
0
814.5885
116.814
3172.429
1.0
FldObj_CliffWhiteWall_A_02_Far
1.852749
0.5857106
3.03362
188.2667
162.0617
3244.093
1.0
SignalFlowchart
0
-0.7831905
0
443.1297
157.1096
3465.643
1.0
FldObj_CliffWhiteTop_A_01_Far
0
-3.1
0
262.804
237.6566
3668.151
1.0
ActorObserverTag
0
-3.103185
0
206.1323
196.4667
3508.816
2
FldObj_CliffWhiteWall_A_02
-0.5100825
-1.328678
0.5227924
182.4819
168.0543
3350.623
1.0
Npc_FaronHatago_001
0
-2.32
0
523.509
153.4148
3446.068
1.0
LinkTagPulse
0
0.06000125
0
70.03293
128.04
3221.813
0.25
LinkTagAnd
0
2.459999
0
646.1131
154.8
3615.438
1.0
ActorObserverTag
0.4365816
0.01977139
-0.08907438
16.93628
106.2378
3790.328
1.0
LinkTagAnd
0
0
0
280.3
188.793
3507.215
1.0
Npc_HiddenKorokGround
0
2.74
0
806.0729
124.5497
3112.856
1.0
LinkTagAnd
0
0
0
92.94727
115.5
3839.729
1.0
Obj_RockBroken_A_02
0.08848281
-0.2448005
-0.3508915
69.99652
126.1464
3223.878
1.0
FldObj_CliffWhiteWall_A_06_Far
0
2.780001
0
629.1457
165.4967
3737.173
1.2
Item_Fruit_I
0
-2.879793
0
355.7816
118.8473
3053.671
1.0
Area
0
0
0
420.4833
106.6979
3843.302
0.1
LinkTagAnd
0
0
0
516.2988
152.8037
3453.26
1.0
FldObj_AncientStoneTower_A_01
0
-0.1745329
0
790.4164
138.98
3341.145
1.0
FldObj_CliffWhite_A_05
0.1437196
0.8432811
-0.06839183
676.195
202.3137
3801.508
1.0
FldObj_CliffWhite_A_03_Far
0
-2.763186
0
517.9855
144.4582
3528.181
1.0
DgnObj_DungeonEntrance_A_01
0
-2.802392
0
523.2869
177.9074
3526.268
1.0
AnchorWander_Rain
0
0
0
449.1132
120.3885
3053.119
1.0
SignalFlowchart
0
3.119996
0
291.6221
154.6715
3409.476
1.0
LinkTagNAnd
0
-0.66
0
269.6985
284.4652
3669.211
2
Npc_HiddenKorokFly
0
2.459999
0
645.7247
152.3
3615.123
1.0
FldObj_CliffWhite_A_03
3.125262
-0.2009389
-3.059946
873.7516
123.5925
3546.069
1.0
FldObj_CliffWhiteWallCurve_A_01_Far
0.09844207
0.7750696
0.1402088
48.58667
153.1288
3291.673
1.0
FldObj_CliffGrayParts_A_10
0
-2.78
0
706.3939
121.4253
3087.999
1.0
ConstraintDummy
0
0
0
106.5
109.1033
3828.5
1.0
LinkTagOr
0
-3.103185
0
225.5261
200.0292
3493.136
2
AnchorAction1
0
0.84
0
547.5656
152.9436
3466.989
1.0
LinkTagOr
0
0
0
48.96735
106.1363
3825.876
1.0
Area
0
0
0
819.0741
116.9838
3000.032
2.511987
LinkTagAnd
0
-1.3
0
821.86
186.7266
3713.291
1.0
FldObj_CliffWhiteTop_A_01_Far
0
1.38
0
549.9746
192.5544
3580.925
1.0
SwitchTimeLag
1.570796
0.5215933
3.141593
523.9611
170.3112
3678.357
0.5
LinkTagOr
0
-1.72
0
987.504
126.2136
3455.157
1.0
LinkTagAnd
0.4365816
0.01977139
-0.08907438
17.11417
108.0415
3791.174
1.0
LinkTagAnd
0
-1.62
0
675.9957
119.3203
3061.055
1.0
FldObj_CliffGrayParts_A_05
0
2.619999
0
615.1963
101.7385
3072.243
1.0
Obj_TreePalmBeach_A_02
0
2.359999
0
85.78302
112.1029
3362.499
1.0
FldObj_CliffWhite_A_03
0
-2.06
0
763.1487
202.5424
3638.224
1.0
FldObj_CliffWhiteParts_A_03
-1.58161
-0.1394304
0.09007218
448.9032
117.9404
3117.411
1.0
Obj_TreePalmBeach_A_02
0
-0.7
0
361.2018
106.4222
3920.055
1.0
FldObj_CliffGrayParts_A_04
0.7575645
1.197461
1.186103
777.8566
123.9294
3034.014
1.0
LinkTagOr
0
-3.103185
0
216.5851
190.8417
3494.847
2
LinkTagAnd
0
1.719994
0
371.9756
154.5597
3379.127
1.0
Item_Fruit_G
2.581593
-1.441593
3.141593
540.3206
119.8627
3902.17
1.0
LinkTagOr
0
2.600002
0
895.8766
188.6434
3474.887
1.0
LinkTagOr
0
-3.103185
0
216.2012
195.8417
3484.854
2
LinkTagOr
0
0
0
416.4057
111.663
3843.251
1.0
Obj_LiftRockWhite_Korok_A_01
0
0
0
281.3467
184.5932
3506.897
1.0
LinkTagAnd
0
0
0
531.3713
152.6029
3453.117
1.0
FldObj_RuinGuardian_A_Dynamic
0.06222063
0.00319429
-0.09855293
307.2911
104.3272
3903.532
1.0
Area
0
0.8537318
0
92.94727
115.5
3839.729
25
LinkTagAnd
0
-0.66
0
264.9586
285.9652
3665.532
2
FldObj_CliffWhite_A_03
-3.101278
-0.1201465
-3.054762
587.5538
144.1398
3606.066
1.0
HorsePlacmentAnchor
0
1.743117
0
515.0254
153.0144
3462.232
1.0
FldObj_KorokStone_A_01
0
0
0
915.1908
179.8591
3840.395
1.0
LinkTagAnd
0
-0.7052063
0
451.8188
157.2113
3524.227
1.0
LinkTagNAnd
0
0
0
113.1563
109
3814.25
1.0
LinkTagAnd
0
0
0
596.9465
172.6538
3722.386
1.0
FldObj_AkkarePlant_A_01
0
-1.34
0
758.4007
158.9766
3712.621
0.3
LinkTagAnd
0
0.8215933
0
271.3791
224.8727
3289.956
1.0
EnemyLookTag
0
-1.34
0
759.9
122.7947
3070.8
1.0
LinkTagOr
0
-3.103185
0
215.823
201.6464
3488.034
1.0
FldObj_CliffWhiteParts_A_03_Far
0.3085772
0.0570861
1.767685
113.863
115.0202
3326.142
1.1
BoxWater
0
-1.34
0
803.4166
189.1662
3719.559
6.2
FldObj_CliffWhiteSet_A_01
0
2.220001
0
459.6498
152.3188
3572.554
1.0
Item_Fruit_G
-0.7914488
0.5683592
-0.247178
607.7496
121.0923
3900.702
1.0
FldObj_CliffWhiteWall_A_08_Far
2.977405
-0.008508256
-2.954352
936.0392
153.1656
3260.974
1.0
KorokAnswerResponce
0
-1.080001
0
701.4332
135.6721
3274.92
0.5
ActorObserverTag
0
0
0
282.3467
186.7932
3506.897
1.0
DgnObj_DungeonEntranceSP
0
1.627861
0
94
109.6719
3841
1.0
FldObj_CliffWhiteEdgeParts_A_04
-0.903455
-1.341192
0.6926796
195.7837
177.9246
3413.81
1.0
