UnitConfigName/__text
Rotate/value/0
Rotate/value/1
Rotate/value/2
Translate/value/0
Translate/value/1
Translate/value/2
_Scale
LinkTagAnd
0
0.9724576
0
1539.495
507.3346
-3113.412
0.3
FldObj_CliffDeathMt_E_14
0.5478084
1.011466
0.4772507
2006.959
515.1602
-3291.002
1.0
FldObj_CliffDeathMt_END_D_27
2.933422
0.657582
3.127503
1694.033
210.4882
-3743.363
1.0
DragonDropItemTarget
0
0
0
1630.023
209.0754
-3777.152
1.0
FldObj_CliffDeathMt_C_09
2.452258
0.103253
-3.09117
1572.656
210.7486
-3596.218
1.0
Enemy_Bokoblin_Senior
0
1.868786
0
1537.558
202.5714
-3690.007
1.0
Area
0
0
0
1225.988
409.8693
-3400.516
12
Obj_RockDeathMt_D_L_03
-2.674488
0.18681
-3.102207
1215.701
202.1744
-3715.169
1.0
DragonDropItemTarget
0
0
0
1841.815
218.3801
-3597.877
1.0
Area
-0.04400957
-0.001052847
-0.0478295
1549.156
534.3004
-3108.588
3
FldObj_CliffDeathMt_D_10
3.122221
-0.4967929
2.555827
1910.844
272.5229
-3507.488
1.0
FldObj_CliffDeathMt_D_14
0
2.041593
0
1351.215
500.7882
-3179.509
1.0
Area
0
-2.559999
0
1577.951
446.8415
-3374.812
12
Enemy_Chuchu_Fire_Junior
0
-2.399999
0
1548.085
397.5356
-3440.58
1.0
LinkTagAnd
0
0
0
1539.445
505.2474
-3114.37
1.0
FldObj_CliffDeathMt_D_19_Far
-0.7727607
1.529305
-0.6977464
1395.218
500.2693
-3058.984
0.8
LinkTagOr
-2.426485
1.214676
-2.761715
1615.481
209.5535
-3665.648
1.0
FldObj_CliffDeathMt_D_08_Far
0
2.400001
0
1681.982
497.8636
-3208.378
1.0
FldObj_CliffDeathMt_E_14
0.3536189
-0.03994114
0.1515296
1423.704
548.9496
-3281.77
1.0
FldObj_CliffDeathMt_D_27_Far
2.21735
-1.08609
3.024908
1338.975
524.8486
-3202.92
1.0
FldObj_CliffDeathMt_D_19
-0.7727607
1.529305
-0.6977464
1395.218
500.2693
-3058.984
0.8
FldObj_CliffDeathMt_C_04
-3.093283
0.54725
2.869508
1013.931
330.48
-3192.924
1.0
PosAfterDemoSkip
0
-2.169135
0
1541
507.3346
-3114.081
1.0
LinkTagAnd
0.02
0
0
1661.763
509.3568
-3184.256
1.0
DragonDropItemTarget
0
0
0
1537.321
209.1695
-3806.396
1.0
LinkTagOr
-2.426485
1.214676
-2.761715
1615.772
210.4826
-3665.877
1.0
FldObj_CliffDeathMt_D_10_Far
2.962321
0.008198093
-2.722582
1312.592
394.4235
-3424.698
1.0
FldObj_CliffDeathMt_END_D_27_Far
2.921593
-0.3015912
3.141593
1194.621
210.5868
-3794.374
1.0
FldObj_CliffDeathMt_E_14_Far
0.1138402
-0.7402477
0.2311968
1339.423
406.3406
-3455.597
1.0
DgnObj_DungeonEntrance_A_01
0
0.9724576
0
1535.383
506.3346
-3118.031
1.0
FldObj_CliffDeathMt_D_27_Far
2.214746
-0.4584109
2.974436
1135.733
353.5909
-3416.814
1.0
FldObj_CliffDeathMt_E_14_Far
0.2333256
-0.5169401
-0.03005592
1806.872
542.4614
-3247.896
1.2
FldObj_CliffDeathMt_D_04_Far
2.841592
-0.5015923
3.141593
1381.198
195.7786
-3717.127
1.0
FldObj_CliffDeathMt_D_06
0
0
0
1409.291
496.8726
-3263.298
1.0
LinkTagAnd
-1.404883
0.3472393
-2.34282
1614.69
208.4398
-3663.088
1.0
FldObj_CliffDeathMt_E_14_Far
0.3536189
-0.03994114
0.1515296
1423.704
548.9496
-3281.77
1.0
Area
0
0
0
1539.445
505.2474
-3114.37
15
FldObj_CliffDeathMt_D_10_Far
3.029123
0.4152448
-3.001314
1548.333
469.799
-3346.843
1.0
ActorObserverTag
0
0
0
1144.206
211.9659
-3744.089
1.0
LinkTagAnd
0.02
0
0
1670.001
512.3759
-3192.991
1.0
LinkTagAnd
-2.426485
1.214676
-2.761715
1615.979
210.2959
-3661.122
1.0
ValleyEffectLocater
0
0
0
1891.42
0
-3939.454
1.0
Obj_Plant_IvyBurn_A_01
-2.16993
0.9482678
-2.294082
1612.405
208.3973
-3660.874
1.0
FldObj_CliffDeathMt_D_22
-0.05697243
-0.7368189
0.1506789
1381.195
503.3949
-2969.394
1.0
Enemy_Chuchu_Fire_Junior
0
2.14
0
1426.579
506.6909
-3212.754
1.0
Enemy_Chuchu_Fire_Middle
0
-1.94
0
1777.813
437.0069
-3397.069
1.0
FldObj_BoneWhale_A_03_Far
-0.2258201
0.8509971
-0.3999732
1527.564
213.0489
-3711.062
1.0
Enemy_Lizalfos_Senior
0
2.943181
0
1549.819
202.403
-3685.118
1.0
Obj_RockDeathMt_D_L_01_Far
-0.9609132
-1.447006
-1.778497
1319.858
377.5906
-3475.153
1.0
Obj_RockDeathMt_D_L_01_Far
-0.876218
0.2385644
-0.0002631289
1697.911
537.9993
-3203.679
1.0
FldObj_CliffDeathMt_D_21
0.26
1.500003
0
1398.653
504.6683
-3102.001
1.0
FldObj_CliffDeathMt_D_15_Far
2.379379
0.4780366
2.647768
1049.61
210.4806
-3668.768
1.0
FldObj_CliffDeathMt_D_10
2.852338
0.1469694
-2.679314
1327.265
236.8946
-3621.372
1.0
LocationTag
0
0
0
1517.378
209.0392
-3703.936
1.0
Obj_RockDeathMt_D_L_01
1.974295
0.2319404
1.494661
1720.148
217.566
-3615.671
1.0
FldObj_CliffDeathMt_D_10
3.029123
0.4152448
-3.001314
1548.333
469.799
-3346.843
1.0
FldObj_CliffDeathMt_C_05_Far
-0.0800337
-1.130305
-0.04186912
1717.054
517.888
-3151.074
1.0
Enemy_Chuchu_Fire_Junior
0
1.921596
0
1647.972
506.0292
-3183.467
1.0
AirWallHorse_HiddnKorok
-2.426485
1.214676
-2.761715
1615.297
208.5677
-3661.181
3
LinkTagAnd
0
0
0
1225.988
409.8693
-3397.516
1.0
FldObj_CliffDeathMt_D_10
2.788513
0.2279114
-2.721334
1289.079
307.8514
-3528.244
1.2
FldObj_CliffDeathMt_D_24
-0.08846847
-0.4520111
0.1003545
1269.501
516.7967
-3028.57
1.0
LinkTagAnd
0
0
0
1376.364
547.2532
-3040.865
6.116068
FldObj_CliffDeathMt_D_10
2.962321
0.008198093
-2.722582
1312.592
394.4235
-3424.698
1.0
SwitchTimeLag
0.02
0
0
1667.229
513.9038
-3197.609
1.0
LinkTagAnd
0
-2.559999
0
1576.303
446.8415
-3377.319
1.0
FldObj_CliffDeathMt_F_02
2.543699
-0.9330206
-2.925929
1528.752
485.5547
-3294.651
1.0
FldObj_CliffDeathMt_C_01
2.884268
0.4398865
2.969338
1778.941
232.1572
-3548.679
1.0
FldObj_CliffDeathMt_END_D_27
3.001593
0.09840932
3.141593
1440.857
209.456
-3837.63
1.0
Obj_RockDeathMt_D_L_03
-0.9909552
0.4978558
-2.827892
1445.763
208.8947
-3686.653
1.0
Enemy_Chuchu_Fire_Junior
0
-2.419997
0
1611.948
474.7864
-3341.626
1.0
Enemy_Chuchu_Fire_Junior
0
-1.18
0
1665.053
510.0176
-3195.026
1.0
LinkTagAnd
0.5394188
0.2362893
-0.9288444
1551.154
534.2047
-3108.586
1.0
LinkTagAnd
0
0
0
1366.47
462.2044
-3399.552
1.0
FldObj_CliffDeathMt_D_27
2.214746
-0.4584109
2.974436
1135.733
353.5909
-3416.814
1.0
Obj_LiftRockEldin_A_01
-0.04400957
-0.001052847
-0.0478295
1549.108
533.3024
-3108.544
1.0
EnemyLookTag
0
-2.380004
0
1551.006
202.1391
-3690.395
1.0
Obj_Plant_IvyBurn_A_01
0.1690728
1.172907
0.06470037
1612.422
208.3556
-3660.462
1.0
ForceSetPosDirAutoSaveAnchor
0
-2.169135
0
1541
507.3346
-3114.081
1.0
ValleyEffectLocater
0
0
0
1714.732
0
-4363.296
1.0
LinkTagAnd
0
0
0
1773.446
436.3985
-3393.094
1.0
Enemy_Lizalfos_Fire
0
-0.6000001
0
1139.973
389.8836
-3391.846
1.0
LinkTagNone
0
0
0
1556.181
202.328
-3684.966
1.0
FldObj_CliffDeathMt_F_02_Far
2.543699
-0.9330206
-2.925929
1528.752
485.5547
-3294.651
1.0
Enemy_Chuchu_Fire_Junior
0
-2.899999
0
1636.179
502.2178
-3298.608
1.0
LinkTagAnd
0
-2.200001
0
1578.208
440.3908
-3390.02
1.0
FldObj_CliffDeathMt_C_01
2.399535
0.2293197
2.889577
1680.525
197.3285
-3730.723
0.8
FldObj_CliffDeathMt_D_27
2.713557
0.5553262
-2.862429
1544.186
376.6431
-3489.583
1.0
LinkTagAnd
0
0.9724576
0
1539.495
507.3346
-3113.412
0.3
AnchorAction1
0
-1.96
0
1582.644
203.9857
-3661.087
0.25
FldObj_DeathMtArtifactPillar_A_01_Far
0
-2.04
0
1751.233
505.3172
-3068.899
0.8
DgnObj_EntranceShutter_A_01
0
0.9724576
0
1538.523
507.3348
-3115.891
1.0
Obj_LiftRockWhite_A_01
-2.426485
1.214676
-2.761715
1615.047
207.7693
-3660.985
1.0
FldObj_CliffDeathMt_D_11_Far
2.881593
0.06000343
-3.141592
1936.716
497.4897
-3246.193
1.0
Obj_LiftRockWhite_A_01
0
0.8600004
0
1205.515
207.5396
-3784.608
1.0
Enemy_Chuchu_Fire_Junior
0
2.14
0
1454.945
507.1864
-3224.296
1.0
Obj_RockDeathMt_D_L_01
-0.9609132
-1.447006
-1.778497
1319.858
377.5906
-3475.153
1.0
FldObj_CliffDeathMt_D_15_Far
2.510218
1.192087
2.644821
1837.91
220.7388
-3574.355
1.0
DestinationAnchor
0
-2.692734
0
1541.901
507.3346
-3115.403
1.0
LinkTagOr
0
0
0
1145.206
212.9659
-3744.089
1.0
FldObj_CliffDeathMt_E_14
0.2333256
-0.5169401
-0.03005592
1806.872
542.4614
-3247.896
1.2
LinkTagOr
0
2.12159
0
1143.141
212.4631
-3743.204
1.0
FldObj_CliffDeathMt_D_27
1.464533
-1.387127
-2.71305
1124.904
404.7227
-3187.249
1.0
DragonDropItemTarget
0
0
0
1766.893
208.1566
-3675.402
1.0
FldObj_CliffDeathMt_D_06_Far
0
0
0
1409.291
496.8726
-3263.298
1.0
FldObj_CliffDeathMt_E_14_Far
0.22
-0.3999998
0
1728.952
514.7446
-3322.969
1.0
FldObj_CliffDeathMt_D_27
2.599432
0.5344616
-3.138524
1775.208
431.5471
-3392.268
1.0
FldObj_CliffDeathMt_E_14_Far
0.07999999
2.004721E-08
0
1458.573
450.7224
-3403.823
1.0
Enemy_Bokoblin_Senior
0
0.1143921
0
1550.122
202.2549
-3697.842
1.0
EventTag
0
0.4488588
0
1541.467
507.3346
-3116.304
0.6
EnemyChatFortMgrTag
0
-2.380004
0
1540.764
202.3279
-3690.992
1.0
FldObj_CliffDeathMt_D_14_Far
2.90621
0.2198927
-2.851494
1423.147
437.4903
-3399.558
1.0
ValleyEffectLocater
0
0
0
1269.488
0
-4096.672
1.0
FldObj_CliffDeathMt_D_10_Far
2.788513
0.2279114
-2.721334
1289.079
307.8514
-3528.244
1.2
DragonDropItemTarget
0
0
0
1705.261
204.8927
-3711.463
1.0
SwitchTimeLag
-1.570796
0
0
1145.206
214.9681
-3743.944
0.5
FldObj_CliffDeathMt_END_D_27_Far
3.021912
1.032
-3.068167
1872.466
219.682
-3548.269
1.0
LocationTag
0
0
0
1539.445
505.2474
-3114.37
1.0
Obj_Plant_IvyBurn_A_01
-0.3865301
-0.4592159
0.2805234
1614.481
207.6347
-3663.152
1.0
FldObj_CliffDeathMt_D_06
2.646412
1.107273
2.474488
1845.911
308.4269
-3457.503
1.0
LinkTagAnd
0
0.9724576
0
1536.19
519.8346
-3115.665
0.6
FldObj_CliffDeathMt_D_14_Far
0
2.041593
0
1351.215
500.7882
-3179.509
1.0
DragonDropItemTarget
0
0
0
1602.274
205.5907
-3726.195
1.0
FldObj_CliffDeathMt_E_14_Far
0.5478084
1.011466
0.4772507
2006.959
515.1602
-3291.002
1.0
FldObj_CliffDeathMt_C_05
-2.967464
0.8174424
-2.632931
1596.321
422.867
-3402.638
1.0
Npc_HiddenKorokGround
0
0
0
1549.113
533.4022
-3108.549
1.0
FldObj_CliffDeathMt_D_22
-1.405961
0.9817683
-1.373344
1272.461
194.86
-3795.068
1.0
FldObj_CliffDeathMt_END_D_27
-3.136447
-0.09218697
-2.920875
1967.286
237.9019
-3579.751
1.0
Area
0
0
0
1366.47
462.2044
-3402.552
12
DragonDropItemTarget
0
0
0
1989.838
273.5097
-3560.301
1.0
Enemy_Bokoblin_Senior
0
0.828786
0
1544.795
201.9579
-3696.908
1.0
AnchorAction1
0
-2.380004
0
1551.006
202.3279
-3690.395
1.0
FldObj_CliffDeathMt_D_27
2.21735
-1.08609
3.024908
1338.975
524.8486
-3202.92
1.0
FldObj_BoneWhale_A_03
-0.2258201
0.8509971
-0.3999732
1527.564
213.0489
-3711.062
1.0
Obj_RockDeathMt_D_L_03_Far
-2.674488
0.18681
-3.102207
1215.701
202.1744
-3715.169
1.0
Area
0
0
0
1773.446
436.3985
-3396.094
12
FldObj_CliffDeathMt_D_14_Far
1.968104
-0.3506494
-2.98907
1324.983
211.1025
-3647.355
1.0
LinkTagOr
-2.426485
1.214676
-2.761715
1613.68
210.2466
-3665.122
1.0
FldObj_CliffDeathMt_D_14
2.90621
0.2198927
-2.851494
1423.147
437.4903
-3399.558
1.0
FldObj_CliffDeathMt_C_05
-0.0800337
-1.130305
-0.04186912
1717.054
517.888
-3151.074
1.0
FldObj_CliffDeathMt_C_01
1.098279
1.10081
0.6838613
1354.074
191.5678
-3816.158
0.7
FldObj_CliffDeathMt_D_14
2.061286
0.2957507
-3.021805
1162.118
196.3389
-3684.461
1.0
LinkTagOr
-2.426485
1.214676
-2.761715
1615.655
210.1668
-3662.059
1.0
Enemy_Golem_Fire
0
2.999999
0
1336.098
507.3113
-3043.212
1.0
Obj_Plant_IvyBurn_A_01
-0.07313566
0.5309101
-0.4746571
1614.463
208.2113
-3661.341
1.0
Enemy_Lizalfos_Fire
0
-2.079997
0
1715.507
428.9792
-3412.836
1.0
DragonDropItemTarget
0
0
0
1076.588
206.5896
-3754.582
1.0
FldObj_CliffDeathMt_D_11
3.125986
-0.07684142
-2.940993
1945.902
467.884
-3287.259
1.0
ActorObserverTag
0
0
0
1146.206
211.9659
-3744.089
1.0
Enemy_Moriblin_Senior
0
-2.380004
0
1556.181
202.3279
-3684.966
1.0
Area
0
-2.200001
0
1580.633
440.3908
-3388.255
12
DragonDropItemTarget
0
0
0
1221.762
206.6456
-3760.117
1.0
Obj_RockDeathMt_D_L_01_Far
0
-1.44
0.5999998
1672.819
517.8516
-3229.982
1.0
FldObj_CliffDeathMt_C_01_Far
0.36
0
0
1227.932
221.3767
-3648.005
1.0
Weapon_Lsword_033
1.885419
0.8796124
0.05916413
1582.848
205.1539
-3660.85
1.0
Obj_RockSetDeathMt_Crab
0
0.9799998
0
1541.698
503.5292
-3111.079
1.0
Enemy_Chuchu_Fire_Middle
0
-2.46
0
1643.224
503.2471
-3301.012
1.0
FldObj_CliffDeathMt_C_01_Far
2.884268
0.4398865
2.969338
1778.941
232.1572
-3548.679
1.0
Obj_RockDeathMt_D_L_01_Far
0.001134239
0.08228865
-2.534042
1490.51
196.0194
-3661.725
1.0
FldObj_CliffDeathMt_F_03
-2.268375
-1.490994
2.174964
1215.761
454.2578
-3150.12
1.3
KorokAnswerResponce
0
0
0
1142.706
212.9681
-3743.944
1.0
FldObj_CliffDeathMt_D_15
2.379379
0.4780366
2.647768
1049.61
210.4806
-3668.768
1.0
Area
0
2.14
0
1426.579
506.691
-3212.754
12
Obj_Plant_IvyBurn_A_01
-0.5801628
0.05147068
-0.6288477
1614.833
206.4289
-3663.945
1.0
FldObj_CliffDeathMt_F_03_Far
-2.951718
-0.2037106
2.950052
1441.924
270.5107
-3601.554
1.0
DragonDropItemTarget
0
0
0
1917.647
257.6383
-3566.457
1.0
DragonDropItemTarget
0
0
0
1353.917
206.4864
-3774.013
1.0
DragonDropItemTarget
0
0
0
1133.1
210.1717
-3773.1
1.0
FldObj_CliffDeathMt_D_06
0
0.2399998
0
1512.287
404.3289
-3406.848
1.0
FldObj_CliffDeathMt_D_06_Far
2.646412
1.107273
2.474488
1845.911
308.4269
-3457.503
1.0
LinkTagAnd
0
0
0
1541.467
507.3348
-3116.304
1.0
FldObj_CliffDeathMt_E_14
0.1138402
-0.7402477
0.2311968
1339.423
406.3406
-3455.597
1.0
LinkTagNAnd
0
0.9724576
0
1537.88
519.8346
-3118.144
0.6
DragonDropItemTarget
0
0
0
1101.329
205.811
-3711.6
1.0
Area
0
-2.380004
0
1556.181
202.328
-3684.966
50
DragonDropItemTarget
0
0
0
1692.333
211.9903
-3754.562
1.0
LinkTagAnd
0
0
0
1517.378
209.0392
-3703.936
1.0
Npc_HiddenKorokGround
0
2.12159
0
1143.403
209.9631
-3742.778
1.0
FldObj_CliffDeathMt_D_11_Far
3.125986
-0.07684142
-2.940993
1945.902
467.884
-3287.259
1.0
DgnObj_EntranceTerminal_A_01
0
0.4488588
0
1541.467
507.3348
-3116.304
1.0
FldObj_CliffDeathMt_D_10_Far
3.096313
-0.1967644
-2.937751
1169.732
356.2533
-3409.423
1.0
LinkTagAnd
-0.04400957
-0.001052847
-0.0478295
1548.733
535.9208
-3108.659
1.0
LinkTagAnd
0
-2.399999
0
1546.058
397.5356
-3442.792
1.0
FldObj_CliffDeathMt_C_05_Far
-2.967464
0.8174424
-2.632931
1596.321
422.867
-3402.638
1.0
FldObj_CliffDeathMt_C_01_Far
2.399535
0.2293197
2.889577
1680.525
197.3285
-3730.723
0.8
FldObj_CliffDeathMt_D_22_Far
-1.405961
0.9817683
-1.373344
1272.461
194.86
-3795.068
1.0
FldObj_CliffDeathMt_D_06_Far
0
0.2399998
0
1512.287
404.3289
-3406.848
1.0
FldObj_CliffDeathMt_C_09_Far
2.452258
0.103253
-3.09117
1572.656
210.7486
-3596.218
1.0
DragonDropItemTarget
0
0
0
1313.015
215.0847
-3704.271
1.0
SwitchTimeLag
0.02
0
0
1669.219
513.7653
-3196.616
1.0
Enemy_Chuchu_Fire_Junior
0
0
0
1225.988
409.8693
-3400.516
1.0
FldObj_CliffDeathMt_D_10_Far
-2.959925
0.5839491
-2.070793
1398.54
443.9474
-3396.984
1.0
FldObj_CliffDeathMt_C_04
0.6831709
-0.7191678
-0.9748008
1416.358
500.3085
-3302.85
1.0
DgnObj_WarpPoint_A_01
0
0.9724576
0
1542.981
507.2976
-3112.852
1.0
FldObj_CliffDeathMt_D_15
2.510218
1.192087
2.644821
1837.91
220.7388
-3574.355
1.0
FldObj_CliffDeathMt_D_27_Far
2.599432
0.5344616
-3.138524
1775.208
431.5471
-3392.268
1.0
FldObj_CliffDeathMt_D_04
-2.890618
-0.6330589
2.859926
1199.44
305.5209
-3527.23
1.0
FldObj_CliffDeathMt_C_01
0.36
0
0
1227.932
221.3767
-3648.005
1.0
FldObj_CliffDeathMt_F_02_Far
-3.11358
-0.6994802
2.944822
1712.315
508.8987
-3300.997
1.0
Area
0
-2.399999
0
1548.085
397.5356
-3440.58
12
LinkTagAnd
0
0
0
1539.445
505.2474
-3114.37
1.0
Enemy_Chuchu_Fire_Junior
0
-2.559999
0
1577.951
446.8415
-3374.812
1.0
Obj_Plant_IvyBurn_A_01
-3.13294
-0.5446993
3.070589
1615.627
208.2937
-3658.303
1.0
FldObj_CliffDeathMt_F_03
-2.951718
-0.2037106
2.950052
1441.924
270.5107
-3601.554
1.0
Area
-2.426485
1.214676
-2.761715
1615.352
208.7449
-3661.225
3
Obj_RockDeathMt_D_L_01
0.004652306
0.04921696
1.996423
2032.129
281.9624
-3571.426
1.0
DragonDropItemTarget
0
0
0
1188.481
210.9123
-3791.639
1.0
Obj_Plant_IvyBurn_A_01
-0.8237921
0.5850393
-1.171471
1613.892
207.3112
-3663.457
1.0
Enemy_Chuchu_Fire_Junior
0
0
0
1653.565
510.4566
-3201.024
1.0
EnemyLookTag
0
-2.380004
0
1540.764
202.0756
-3690.992
1.0
Enemy_Bokoblin_Senior
0
1.388786
0
1542.885
202.0865
-3690.941
1.0
LinkTagAnd
0
0
0
1517.378
209.0392
-3703.936
1.0
EnemyChatFortMgrTag
0
-2.380004
0
1551.006
202.3279
-3690.395
1.0
Obj_Plant_IvyBurn_A_01
-3.03468
-0.6019983
2.692106
1616.994
207.703
-3658.816
1.0
DragonDropItemTarget
0
0
0
1453.875
207.5664
-3801.616
1.0
LinkTagPulse
-2.426485
1.214676
-2.761715
1615.014
208.5691
-3662.15
0.25
FldObj_CliffDeathMt_F_02
3.097485
-1.361293
-3.117868
1003.989
355.7172
-3070.794
1.0
Obj_RockDeathMt_D_L_01_Far
1.974295
0.2319404
1.494661
1720.148
217.566
-3615.671
1.0
Enemy_Chuchu_Fire_Junior
0
1.14
0
1645.101
506.8274
-3193.562
1.0
FldObj_CliffDeathMt_F_04
2.729605
-0.811013
-3.039249
1838.052
518.3413
-3149.069
1.0
FldObj_CliffDeathMt_C_04_Far
0.6831709
-0.7191678
-0.9748008
1416.358
500.3085
-3302.85
1.0
FldObj_CliffDeathMt_F_02_Far
3.097485
-1.361293
-3.117868
1003.989
355.7172
-3070.794
1.0
LinkTagAnd
0
2.14
0
1429.106
506.691
-3214.371
1.0
LookTag
0
0.9724576
0
1544.059
506.3346
-3112.117
1.0
FldObj_CliffDeathMt_D_27
3.101593
-0.08159398
-2.861593
1959.853
268.8504
-3565.895
1.0
FldObj_CliffDeathMt_E_14
0.22
-0.3999998
0
1728.952
514.7446
-3322.969
1.0
Area
0
-2.380004
0
1556.181
202.328
-3684.966
25
FldObj_CliffDeathMt_D_21_Far
0.26
1.500003
0
1398.653
504.6683
-3102.001
1.0
DragonDropItemTarget
0
0
0
1868.92
242.562
-3551.228
1.0
Area
0
0
0
1145.206
210.3659
-3744.089
1.0
FldObj_CliffDeathMt_END_D_27_Far
2.933422
0.657582
3.127503
1694.033
210.4882
-3743.363
1.0
LinkTagAnd
0
0
0
1665.273
513.9535
-3198.529
1.0
LinkTagAnd
0
2.12159
0
1143.665
212.4631
-3742.352
1.0
FldObj_CliffDeathMt_D_14
1.968104
-0.3506494
-2.98907
1324.983
211.1025
-3647.355
1.0
DragonDropItemTarget
0
0
0
1756.243
208.4151
-3685.284
1.0
LinkTagAnd
0
0
0
1145.206
214.9681
-3743.944
1.0
LinkTagAnd
0
2.14
0
1457.472
507.1865
-3225.913
1.0
LinkTagAnd
0.02
0
0
1672.758
512.9407
-3194.495
1.0
FldObj_CliffDeathMt_D_14_Far
2.061286
0.2957507
-3.021805
1162.118
196.3389
-3684.461
1.0
Enemy_Bokoblin_Senior
0
0.6487868
0
1538.366
202.1863
-3694.232
1.0
LinkTagOr
-2.426485
1.214676
-2.761715
1617.171
210.9343
-3657.887
1.0
FldObj_DeathMtArtifactPillar_A_01
0
-2.04
0
1751.233
505.3172
-3068.899
0.8
EnemyLookTag
0
-2.380004
0
1554.111
202.3308
-3687.138
1.0
FldObj_CliffDeathMt_D_10
3.096313
-0.1967644
-2.937751
1169.732
356.2533
-3409.423
1.0
FldObj_CliffDeathMt_F_03_Far
-2.268375
-1.490994
2.174964
1215.761
454.2578
-3150.12
1.3
DragonDropItemTarget
0
0
0
1024.753
202.6354
-3743.255
1.0
LinkTagAnd
0
0
0
1145.206
213.9681
-3743.944
1.0
DragonDropItemTarget
0
0
0
1460.176
206.0783
-3823.102
1.0
Obj_RockDeathMt_D_L_03
-2.661593
0.1015928
3.141593
1508.71
202.4923
-3783.12
1.0
FldObj_CliffDeathMt_C_01_Far
1.098279
1.10081
0.6838613
1354.074
191.5678
-3816.158
0.7
Area
1.570796
0.8399999
2.798575E-17
1517.378
209.0392
-3703.936
1.0
FldObj_CliffDeathMt_C_01
0.09199998
0.06001895
-0.5017794
1104.093
405.266
-3288.902
1.0
FldObj_CliffDeathMt_D_22_Far
-0.05697243
-0.7368189
0.1506789
1381.195
503.3949
-2969.394
1.0
FldObj_CliffDeathMt_D_10
-2.959925
0.5839491
-2.070793
1398.54
443.9474
-3396.984
1.0
Obj_LiftRockWhite_Korok_A_01
0
0
0
1145.206
209.7659
-3744.089
1.0
Area
0
-2.380004
0
1556.181
202.328
-3684.966
100
FldObj_CliffDeathMt_F_04_Far
2.729605
-0.811013
-3.039249
1838.052
518.3413
-3149.069
1.0
GrassCutTag
0
-2.380004
0
1551.006
202.1391
-3690.395
1.0
FldObj_CliffDeathMt_END_D_27_Far
3.001593
0.09840932
3.141593
1440.857
209.456
-3837.63
1.0
FldObj_CliffDeathMt_D_10_Far
2.852338
0.1469694
-2.679314
1327.265
236.8946
-3621.372
1.0
LinkTagOr
-2.426485
1.214676
-2.761715
1617.181
211.8734
-3659.087
1.0
FldObj_CliffDeathMt_D_27_Far
1.464533
-1.387127
-2.71305
1124.904
404.7227
-3187.249
1.0
FldObj_CliffDeathMt_END_D_27_Far
-3.136447
-0.09218697
-2.920875
1967.286
237.9019
-3579.751
1.0
Enemy_Chuchu_Fire_Junior
0
0
0
1366.47
462.2044
-3402.552
1.0
FldObj_CliffDeathMt_D_04
2.841592
-0.5015923
3.141593
1381.198
195.7786
-3717.127
1.0
DragonDropItemTarget
0
0
0
1288.478
209.4004
-3819.411
1.0
FldObj_CliffDeathMt_C_01_Far
0.09199998
0.06001895
-0.5017794
1104.093
405.266
-3288.902
1.0
DragonDropItemTarget
0
0
0
1179.442
207.2618
-3722.03
1.0
Enemy_Chuchu_Fire_Junior
0
-2.621597
0
1660.671
506.875
-3182.271
1.0
LinkTagAnd
0
-2.419997
0
1609.967
474.7864
-3343.878
1.0
DgnObj_EntranceElevator_A_01
0
0.9724576
0
1535.383
507.3348
-3118.031
1.0
Obj_RockDeathMt_D_L_03_Far
-2.661593
0.1015928
3.141593
1508.71
202.4923
-3783.12
1.0
Enemy_Chuchu_Fire_Junior
0
-2.200001
0
1580.633
440.3908
-3388.255
1.0
Area
0
0
0
1638.359
500.5659
-3304.505
12
FldObj_CliffDeathMt_D_11
2.881593
0.06000343
-3.141592
1936.716
497.4897
-3246.193
1.0
FldObj_CliffDeathMt_F_02
-3.11358
-0.6994802
2.944822
1712.315
508.8987
-3300.997
1.0
FldObj_CliffDeathMt_D_10_Far
3.122221
-0.4967929
2.555827
1910.844
272.5229
-3507.488
1.0
DragonDropItemTarget
0
0
0
1395.6
210.3065
-3842.8
1.0
FldObj_CliffDeathMt_D_08
0
2.400001
0
1681.982
497.8636
-3208.378
1.0
Obj_RockDeathMt_D_L_03_Far
2.884876
0.2786476
-0.0250566
1944.912
453.8392
-3301.783
1.3
Obj_RockDeathMt_D_L_01
0.001134239
0.08228865
-2.534042
1490.51
196.0194
-3661.725
1.0
FldObj_CliffDeathMt_D_27_Far
3.101593
-0.08159398
-2.861593
1959.853
268.8504
-3565.895
1.0
Obj_RockDeathMt_D_L_01_Far
-0.07964756
-0.002015924
-1.124777
1918.52
429.0289
-3305.846
1.0
Obj_RockDeathMt_D_L_03_Far
-0.9909552
0.4978558
-2.827892
1445.763
208.8947
-3686.653
1.0
Obj_RockSetDeathMt_Crab_Far
0
0.9799998
0
1541.698
503.5292
-3111.079
1.0
Area
0
-2.419997
0
1611.948
474.7864
-3341.626
12
LinkTagPulse
-0.04400957
-0.001052847
-0.0478295
1550.155
534.2524
-3108.587
0.25
ActorObserverTag
0
0
0
1145.206
211.9659
-3744.089
1.0
Obj_RockDeathMt_D_L_03
2.884876
0.2786476
-0.0250566
1944.912
453.8392
-3301.783
1.3
LinkTagOr
-0.04400957
-0.001052847
-0.0478295
1549.732
535.873
-3108.658
1.0
FldObj_CliffDeathMt_C_04_Far
-3.093283
0.54725
2.869508
1013.931
330.48
-3192.924
1.0
LinkTagAnd
0
0
0
1638.359
500.5659
-3301.505
1.0
FldObj_CliffDeathMt_END_D_27
2.921593
-0.3015912
3.141593
1194.621
210.5868
-3794.374
1.0
Obj_RockDeathMt_D_L_01
-0.876218
0.2385644
-0.0002631289
1697.911
537.9993
-3203.679
1.0
FldObj_CliffDeathMt_D_27_Far
2.713557
0.5553262
-2.862429
1544.186
376.6431
-3489.583
1.0
Enemy_Chuchu_Fire_Junior
0
-2.08
0
1772.302
436.4986
-3393.449
1.0
Area
0
2.14
0
1454.945
507.1865
-3224.296
12
Obj_RockDeathMt_D_L_01_Far
0.004652306
0.04921696
1.996423
2032.129
281.9624
-3571.426
1.0
FldObj_CliffDeathMt_END_D_27
3.021912
1.032
-3.068167
1872.466
219.682
-3548.269
1.0
Obj_RockDeathMt_D_L_01
-0.07964756
-0.002015924
-1.124777
1918.52
429.0289
-3305.846
1.0
FldObj_CliffDeathMt_D_24_Far
-0.08846847
-0.4520111
0.1003545
1269.501
516.7967
-3028.57
1.0
Obj_RockDeathMt_D_L_01
0
-1.44
0.5999998
1672.819
517.8516
-3229.982
1.0
DragonDropItemTarget
0
0
0
1055.092
217.8463
-3647.523
1.0
DgnObj_DungeonEntrance_A_01_Far
0
0.9724576
0
1535.383
506.3346
-3118.031
1.0
SwitchTimeLag
0.02
0
0
1665.273
513.9535
-3198.529
1.0
Obj_Plant_IvyBurn_A_01
-2.806678
0.8749709
2.788946
1615.415
208.6028
-3659.41
1.0
FldObj_CliffDeathMt_D_04_Far
-2.890618
-0.6330589
2.859926
1199.44
305.5209
-3527.23
1.0
Npc_HiddenKorokGround
0
1.88
0
1615.105
207.955
-3661.03
1.0
Area
0.02
0
0
1654.98
507.6428
-3191.25
7.76211
FldObj_CliffDeathMt_E_14
0.07999999
2.004721E-08
0
1458.573
450.7224
-3403.823
1.0
DragonDropItemTarget
0
0
0
1797.351
210.9034
-3636.006
1.0
LinkTagNAnd
-2.426485
1.214676
-2.761715
1616.847
210.805
-3658.824
1.0
