UnitConfigName/__text
Rotate/value/0
Rotate/value/1
Rotate/value/2
Translate/value/0
Translate/value/1
Translate/value/2
_Scale
Obj_Plant_HopBush_B_01
2.957519
0.8260863
2.943904
1111.88
207.1155
-3722.543
1.0
FldObj_SmallCrater_S_01
0.2622682
0.5879945
0.2753182
1659.266
505.0872
-3163.397
0.7
Obj_RockSetDeathMt_C_04
0.8698005
-1.114836
-0.5251293
1485.904
359.5764
-3515.784
1.0
Obj_MineralGrain_A_04
0.4987052
-1.158551
-0.4202221
1294.021
515.4515
-3082.031
1.0
Obj_MineralBury_A_01
1.907091
-1.214523
-1.969185
1557.987
507.5542
-3222.028
1.0
Enemy_Chuchu_Fire_Middle
0
0
0
1527.7
504.6114
-3337.8
1.0
Obj_Mineral_A_01
0
0
0
1556.667
507.0367
-3223.274
1.0
Item_Plant_O
-2.058716
0.394165
-2.788696
1153.137
289.4453
-3560.184
1.0
Obj_RockSetDeathMt_C_05
1.062941
-1.375018
-0.9661018
1512.835
507.0218
-3253.174
1.0
FldObj_SmallCrater_S_01
0.3673307
0.05684663
-0.2569613
1356.717
512.7118
-3091.997
0.7
Obj_Plant_HopBush_B_01
-3.110775
0.6005484
-3.059383
1671.73
204.9875
-3683.063
0.85
Item_Plant_O
-1.966431
0.4746093
2.552124
1126.637
385.4805
-3412.133
1.0
Obj_RockDeathMt_C_L_07
0.01418926
0.000732008
-0.1797238
1416.078
505.6337
-3167.696
1.0
Obj_RockDeathMt_C_L_06
1.396138
-1.481749
-1.502849
1386.165
507.8622
-3134.619
1.0
Enemy_Octarock_Stone
0
-2.019989
0
1612.2
396.6856
-3449.6
1.0
Obj_RockDeathMt_C_L_06
0.06770296
0.8425092
-0.04070578
1933.633
504.9366
-3091.123
1.0
Enemy_Lizalfos_Fire
0
-2.479996
0
1444.461
342.6761
-3489.694
1.0
Obj_RockSetDeathMt_C_03
0.06793413
0.03406935
-0.4484402
1713.093
546.7367
-3192.434
1.0
Obj_RockDeathMt_C_L_07
0
1.639958
0
1587.268
505.613
-3194.187
1.0
Obj_RockDeathMt_C_L_06
0.01629332
0.6604714
-0.07322563
1346.153
506.3083
-3030.716
1.0
FldObj_SmallCrater_S_01
0.8793247
0.9846478
0.5801459
1780.505
517.4897
-3083.897
0.6
Obj_RockDeathMt_C_L_07
-0.04814093
-0.007459501
-0.3074005
1391.461
505.6302
-3091.091
1.0
Obj_Mineral_A_01
0
-1.12
0
1723.624
364.958
-3463.228
1.0
Obj_Mineral_A_01
0
0
0
1200.02
462.0656
-3278.324
1.0
Obj_RockSetDeathMt_C_05
0.01777708
-0.001498481
0.1681838
1580.688
505.6295
-3206.198
1.0
Obj_LiftRockWhite_Korok_A_01
-3.001593
1.281593
3.141593
1144.872
209.3417
-3740.699
1.0
FldObj_SmallCrater_S_01
-0.06947704
0.3857821
-0.1807746
1722.388
505.1262
-3078.271
0.9
Obj_Plant_HopBush_B_01
3.084624
0.6009411
3.11382
1652.468
207.3775
-3728.154
0.85
Enemy_Lizalfos_Fire
0
0
0
1621
513.4122
-3280.8
1.0
Obj_RockDeathMt_A_L_03
-2.870275
0.5563227
0.6108714
1684.255
505.2883
-3141.664
0.8
Enemy_Chuchu_Fire_Junior
0
-0.62
0
1415.195
478.5282
-3395.39
1.0
Enemy_Chuchu_Fire_Middle
0
0
0
1524.412
506.4
-3245.782
1.0
Obj_TreeBroadleafLow_B_01
-0.1152093
-0.5574786
0.1167256
1119.414
209.0411
-3735.62
1.0
Obj_TreeBroadleafLow_Branch_A_02
0.05761461
-0.004623047
0.1600948
1744.099
206.4181
-3683.917
1.0
Obj_Plant_HopBush_B_01
0
-2.680002
0
1361.701
207.1283
-3761.749
1.0
Obj_RockSetDeathMt_C_05
-2.873978
0.2477321
0.1062977
1946.201
442.9005
-3293.661
1.0
Obj_RockSetDeathMt_C_04
2.961593
-1.56159
-3.141592
1832.316
544.8878
-3238.591
1.0
Obj_RockDeathMt_C_L_06
0.2824192
-0.03220844
0.225629
1775.581
511.519
-3075.42
1.0
Enemy_Chuchu_Fire_Junior
0
-2.260003
0
1612.811
397.4882
-3440.993
1.0
Item_Plant_O
-1.695923
0.2714843
-2.911499
1055.313
245.7695
-3605.902
1.0
Obj_RockSetDeathMt_C_03
-3.041371
0.9169541
-3.082359
1168.153
207.4763
-3747.011
1.0
FldObj_SmallCrater_S_01
0.431364
-0.7291784
-0.5293598
1473.443
513.9339
-3253.479
0.9
Item_Plant_O
-2.328613
-0.7540283
-2.769897
1117.797
441.168
-3044.477
1.0
Item_Plant_O
1.400391
-0.8833008
-0.1226807
1220.527
373.6445
-3492.16
1.0
Obj_RockDeathMt_C_L_07
0.1275957
0.3029115
-0.04177497
1516.942
507.8278
-3255.177
1.0
Obj_MineralGrain_A_02
-2.924665
0.2933147
-2.870802
1325.67
602.0402
-3151.554
1.0
Obj_MineralBury_A_01
0
0
-0.3999999
1730.695
431.2117
-3401.198
1.0
Obj_RockSetDeathMt_C_04
-1.445201
1.207468
-1.799541
1285.005
517.4067
-3050.164
1.0
Obj_RockDeathMt_C_L_07
0
0
-0.07999998
1971.571
505.2806
-3119.529
1.0
Obj_RockSetDeathMt_C_04
0.4948705
0.2338451
0.4708127
1779.387
512.7472
-3080.377
1.0
Enemy_Golem_Little
-0.09223535
-0.8363183
0.1191356
1140.675
389.2795
-3371.004
1.0
Obj_RockSetDeathMt_C_03
-3.047969
-0.3576654
-2.984067
1193.331
209.0234
-3715.142
1.0
Obj_RockSetDeathMt_C_03
2.927583
-1.295144
-2.919456
1851.363
505.21
-3044.928
1.0
Obj_Plant_HopBush_B_01
2.95396
0.8275772
2.970853
1117.127
209.0372
-3732.948
1.0
Obj_Plant_HopBush_B_01
-2.594401
0.572184
-3.015905
1778.614
222.9723
-3590.717
0.85
Obj_Mineral_A_01
0
0
0
1600.738
232.2647
-3591.366
1.0
Obj_Plant_HopBush_B_01
2.87042
0.8183486
2.924928
1456.085
205.4905
-3789.744
1.0
SpotBgmTag
0
0
0
1554
510
-3106
15
Obj_RockSetDeathMt_C_01
-0.254766
-0.1225026
0.4869453
2003.885
284.5463
-3511.752
1.0
Obj_LiftRockWhite_Korok_A_01
0
3.04
0
1145.756
209.441
-3742.415
1.0
Obj_Mineral_B_01
0
1.280001
-0.3
1717.948
364.9788
-3469.825
1.0
Obj_RockSetDeathMt_C_02
0
0
-0.1419571
1370.371
515.3312
-3200.447
1.0
Obj_RockDeathMt_C_L_07
0.1072564
0.001678646
-0.03126899
1900.201
506.1564
-3071.555
1.0
Enemy_Lizalfos_Fire
0
-1.54
0
1425.1
480.3216
-3389.8
1.0
Obj_RockSetDeathMt_C_04
-0.4849342
0.04635543
0.1869085
1029.571
222.7676
-3612.549
1.0
Obj_RockSetDeathMt_C_04
0
0
0
1308.299
505.715
-2962.302
1.2
Enemy_Octarock_Stone
0
-1.02
0
1219.215
461.2317
-3299.665
1.0
Obj_RockSetDeathMt_C_03
-2.761593
-0.481593
-3.141592
1751.862
435.6286
-3393.212
1.0
Obj_RockSetDeathMt_C_04
-0.5816573
-0.08747309
-0.2850716
1575.201
520.9751
-3286.536
1.0
Obj_RockDeathMt_C_L_06
0
-2.703186
0
1441.742
504.9517
-3209.614
1.0
Obj_MineralBury_A_01
0.4399999
0
0
1254.667
371.5337
-3471.452
1.0
Obj_RockDeathMt_C_L_06
0
-1.34
0
1543.976
505.5149
-3199.642
1.0
GrassCutTag
0
0
0
1346.039
506.5966
-3059.859
1.0
Obj_RockSetDeathMt_C_03
-2.479533
-0.6986979
2.646064
1156.344
207.8804
-3713.302
1.0
Obj_Mineral_A_01
0
0
0
1255.942
371.9161
-3472.216
1.0
Obj_RockDeathMt_C_L_07
2.598239
-0.6742769
3.100637
1472.794
514.6408
-3254.104
1.0
Obj_RockSetDeathMt_C_04
-0.4696398
0.0489866
0.1452431
1228.089
214.8485
-3687.113
1.0
Obj_Plant_HopBush_B_01
-0.09613498
0.00353557
0.07346331
1622.382
206.1121
-3674.485
1.0
Obj_Mineral_A_01
3.130974
0.4422471
2.737876
1663.634
208.9589
-3750.558
1.0
Obj_Mineral_A_01
0
0
-0.4200001
1197.327
464.8542
-3270.811
1.0
Obj_RockSetDeathMt_C_03
0.1794367
0.01430759
-0.07871284
1444.528
206.4167
-3791.637
1.0
Obj_RockSetDeathMt_C_04
-0.3629115
-0.06605776
-0.3563506
1889.115
338.7815
-3452.6
1.0
Obj_RockSetDeathMt_C_03
-0.002399861
-0.03992751
0.06004804
1558.38
506.3748
-3197.829
1.0
Enemy_Octarock_Stone
0
1.24
0
1505.117
506.017
-3242.377
1.0
Obj_RockSetDeathMt_C_04
0.56
0
0
1432.912
511.5233
-3236.969
1.0
Obj_MineralGrain_A_04
-0.3614615
-0.04043845
-0.2204414
1718.602
364.8685
-3469.209
1.0
Obj_RockWhite_A_L_02
0
-0.8648012
0
1977.431
433.3629
-3301.695
5
Obj_RockSetDeathMt_C_03
-0.3752266
-0.03033811
-0.1594774
1803.102
229.3678
-3568.248
1.0
Enemy_Golem_Little_Fire
0.1960073
-0.5824183
-0.2145544
1783.447
550.9189
-3204.36
1.0
Enemy_Chuchu_Fire_Junior
0
0
0
1688.383
506.7201
-3158.385
1.0
Obj_TreeBroadleafLow_B_02
0
-0.7231835
0
1050.635
213.7186
-3670.021
1.0
Enemy_Golem_Little
0.1788967
-0.2908763
0.353991
1204.403
406.0121
-3401.605
1.0
FldObj_SmallCrater_S_01
0.0171157
0.7053992
-0.1965141
1516.976
507.1763
-3252.305
0.9
Obj_Plant_HopBush_B_01
0.08434145
9.554258E-05
-0.002264248
1624.548
207.3978
-3727.117
1.0
Item_Plant_O
-1.934448
-0.6218261
-3.07605
1340.207
348.3281
-3519.711
1.0
Enemy_Octarock_Stone
0
-1.42
0
1282.9
258.1973
-3610
1.0
Obj_RockSetDeathMt_C_01
0
0
0
1469.812
206.1996
-3774.153
1.0
Enemy_Chuchu_Fire_Middle
0
-1.580003
0
1370.184
297.0027
-3580.382
1.0
Obj_RockSetDeathMt_C_01
1.802635
-0.9211576
-2.131252
1960.754
510.3117
-3142.339
1.0
Item_Plant_O
-1.873413
-0.190918
-2.699096
1222.324
339.4297
-3538.008
1.0
Item_Plant_O
-1.401245
0.5351563
-2.926147
1640.922
274.4453
-3542.395
1.0
Obj_Plant_HopBush_B_01
-3.086725
0.6021662
3.116287
1205.658
207.8276
-3789.018
0.85
Obj_RockDeathMt_C_L_06
0.317246
0.4305113
0.3038449
1610.232
507.1265
-3203.83
1.0
Obj_Plant_HopBush_B_01
-0.3442194
-1.176004
0.3655568
1032.018
206.5666
-3687.691
1.0
Obj_LiftRockWhite_Korok_A_01
0
2.22
0
1142.924
209.496
-3740.177
1.0
Item_Plant_O
-1.851929
0.4968261
-2.971191
1560.188
261.9531
-3574.063
1.0
Obj_MineralGrain_A_04
-2.387981
1.42613
-2.023613
1943.679
267.8346
-3533.172
1.0
Obj_RockSetDeathMt_C_03
-0.2042971
-0.003685327
0.4610296
1404.328
321.9247
-3548.052
1.0
Obj_Plant_HopBush_B_01
-2.851616
-0.8237104
2.960136
1057.08
209.914
-3680.609
0.85
Obj_RockDeathMt_C_L_06
-0.08037142
1.055488
-0.1064879
1755.439
506.4168
-3059.522
1.0
Obj_RockDeathMt_C_L_08
-0.3176419
-0.4676326
0.2272903
1818.205
223.2206
-3580.733
1.0
Obj_LiftRockWhite_A_01
0
0
0
1529.735
206.0929
-3756.947
1.0
Obj_RockSetDeathMt_C_03
-0.2595941
-0.9607539
0.1321432
1937.872
431.8212
-3318.135
1.0
Obj_RockDeathMt_C_L_06
-0.1912621
-0.0133419
-0.0735378
1391.877
506.537
-3081.201
1.0
FldObj_SmallCrater_S_01
-2.818597
1.082694
-2.77845
1590.136
505.3199
-3193.586
0.9
Obj_RockSetDeathMt_C_03
-0.2556163
1.122182
1.397132
1957.86
441.6505
-3302.973
1.0
Enemy_Golem_Little_Fire
0.244144
0.5960447
0.03900588
1798.37
550.5633
-3208.275
1.0
Enemy_Octarock_Stone
0
-2.079998
0
1575.8
516.2225
-3309.5
1.0
Obj_MineralBury_A_01
-0.3535599
0.9378226
-0.02063892
1672.709
212.8135
-3750.035
1.0
Obj_RockSetDeathMt_F_01
-2.842073
0.4340997
-2.863425
1455.166
347.1999
-3475.866
1.0
Obj_RockSetDeathMt_C_04
0.6859756
0.9214153
0.8912555
1141.635
227.9494
-3656.499
1.0
Obj_RockSetDeathMt_C_03
2.674538
-1.30244
-2.75519
1513.881
506.2198
-3248.606
1.0
Enemy_Chuchu_Fire_Middle
0
-2.699989
0
1527.47
372.5932
-3476.864
1.0
Item_Plant_O
-1.927246
0.7438964
3.062744
1499.465
354.1523
-3550.879
1.0
Obj_RockSetDeathMt_C_04
-1.674488
0.7646994
-1.762475
1651.411
524.7239
-3245.159
1.0
Obj_RockSetDeathMt_C_01
3.140956
-1.20164
2.74507
1370.855
514.4993
-3131.402
1.0
Obj_RockSetDeathMt_C_01
-0.3048415
0.2071074
-0.1459069
1653.21
425.6947
-3401.514
1.0
Obj_RockSetDeathMt_C_04
-0.8971702
0.7392969
-0.7108318
1651.083
214.8976
-3595.968
1.0
Obj_RockSetDeathMt_C_04
1.263837
-1.044407
-1.587077
1347.59
516.5784
-3101.022
1.0
GrassCutTag
0
0
0
1343.539
507.3343
-3044.859
1.0
Obj_RockDeathMt_A_L_03
0.257725
-0.6048914
3.035448
1682.704
506.0017
-3149.577
0.8
Obj_RockSetDeathMt_C_01
-0.07316548
0.1915292
-0.1280005
1539.893
205.6371
-3811.958
1.0
Obj_RockDeathMt_C_L_07
0
0
0
1723.186
505.4193
-3081.09
1.0
Obj_Mineral_C_01
-2.687636
0.4666402
-2.670324
1310.627
511.1084
-3081.105
1.0
Obj_RockSetDeathMt_C_04
-2.925728
-0.9922631
2.983308
1330.875
212.8243
-3724.624
1.0
Obj_Plant_HopBush_C_01
-0.2676872
0.7290697
-0.07734858
1362.887
207.5434
-3758.625
1.1
Obj_RockSetDeathMt_C_01
0
2.723183
0
1721.661
230.5915
-3597.022
1.0
Enemy_Golem_Little_Fire
0.08610574
1.080795
-0.03930828
1670.178
506.3251
-3170.558
1.0
Obj_Plant_HopBush_B_01
-0.4523422
-0.4358014
0.2826225
1180.86
220.2091
-3685.774
1.0
Obj_Plant_HopBush_B_01
0.07159553
0.008868825
-0.2463876
1202.467
208.0901
-3786.317
1.0
Obj_LiftRockWhite_A_01
0
0
0
1533.402
206.4909
-3760.069
1.0
Obj_RockDeathMt_C_L_06
0.2342752
-0.5828487
-0.1751328
1784.797
505.7603
-3042.482
1.0
Obj_Mineral_C_01
0.096944
-0.03165625
0.07083765
1292
516.1835
-3030.297
1.0
Obj_RockSetDeathMt_C_04
-2.552199
-1.042991
2.743203
1953.488
264.7367
-3542.351
1.0
Obj_MineralBury_A_01
0.09706548
0.6367773
-0.4206608
1199.429
465.4953
-3266.49
1.0
Obj_RockSetDeathMt_C_01
3.029118
-0.4047715
3.052492
1508.753
208.1813
-3768.382
1.0
Obj_RockDeathMt_C_L_06
0
-0.52
0
1353.683
506.2541
-3049.166
1.0
Obj_RockDeathMt_C_L_07
0.08786847
-0.5993238
-0.01864089
1473.267
505.1848
-3197.243
1.0
Obj_RockSetDeathMt_C_03
3.125976
-1.026988
2.987736
1411.146
505.397
-3162.151
1.0
Obj_RockSetDeathMt_C_04
-0.09929341
0.6130322
-0.1714487
1737.082
502.4931
-3057.291
1.0
Obj_RockDeathMt_C_L_06
0.1038397
0.003433851
-0.06605411
1329.01
505.7689
-3065.377
1.0
Obj_RockDeathMt_C_L_06
0.08466502
0.6660798
-0.1341457
1318.076
506.5279
-3057.891
1.0
Obj_RockDeathMt_C_L_07
-3.068768
-1.063571
-3.126761
1849.37
506.0697
-3047.368
1.0
Obj_MineralBury_A_01
0.1901768
0.00580265
-0.5608212
1849.264
223.0358
-3583.576
1.0
Obj_RockSetDeathMt_C_04
0.7457631
1.129431
0.1364275
1924.958
525.4876
-3136.67
1.0
Obj_RockSetDeathMt_C_01
-0.2671273
0.03108419
-0.04787594
1400.124
505.351
-3063.237
1.0
Obj_Plant_HopBush_B_01
0.235893
1.192207
0.2527873
1109.984
206.952
-3719.726
0.85
Obj_Plant_HopBush_B_01
-0.2644883
0.6654494
-0.1942093
1183.391
220.1633
-3685.484
0.85
Obj_RockDeathMt_C_L_06
0.03378529
0.6445095
-0.06856938
1414.325
505.6161
-3162.085
1.0
Obj_RockDeathMt_A_L_03
-2.921735
0.4671322
0.5257869
1556.644
506.6638
-3191.039
0.8
Enemy_Chuchu_Fire_Junior
0
-0.22
0
1344.203
451.9804
-3408.318
1.0
Obj_RockDeathMt_C_L_07
-0.09047116
0.003657467
0.08075479
1343.271
506.6168
-3058.943
1.0
Obj_Plant_HopBush_C_01
-0.2647226
0.03193717
0.02159128
1268.293
213.8096
-3714.759
0.85
Obj_RockSetDeathMt_F_01
-2.994375
0.3989735
-2.847718
1437.496
341.4584
-3480.919
1.4
Obj_RockDeathMt_C_L_07
2.46884
-0.6933798
-2.198056
1764.07
519.6612
-3099.315
1.0
Obj_MineralGrain_A_02
-0.1719113
-0.003686111
-0.2299844
1723.618
364.816
-3464.81
1.0
Enemy_Golem_Little
2.283783
-1.364185
-2.204203
1564.674
379.1357
-3478.603
1.0
Obj_RockSetDeathMt_C_04
-2.655054
0.1999485
2.97393
1846.445
554.7163
-3206.518
1.0
Enemy_Golem_Little_Fire
-3.09854
0.1024248
3.102757
1406.512
506.9665
-3167.341
1.0
Obj_RockSetDeathMt_C_03
-0.3582512
-0.6801243
0.6848445
1953.298
434.0189
-3299.563
1.3
Obj_RockSetDeathMt_C_04
3.034722
1.140997
3.06982
1272.087
208.1186
-3795.627
1.0
Obj_RockSetDeathMt_C_03
-0.4422986
1.064737
-0.3416823
1918.601
429.4426
-3331.912
1.0
Obj_RockDeathMt_C_L_07
-3.118424
0.4397576
3.013026
1669.813
505.8451
-3176.814
1.0
Obj_LiftRockWhite_Korok_A_01
0
-2.743185
0
1141.885
210.0209
-3744.944
1.0
Obj_RockSetDeathMt_F_01
-0.4384013
0.001362915
0.03069635
1821.608
237.8133
-3546.673
1.2
Obj_RockSetDeathMt_C_04
-0.5866292
0.02023087
0.06696108
1862.214
246.1847
-3528.96
1.0
Obj_MineralBury_A_01
0
0
0
1452.204
343.6937
-3498.557
1.0
Obj_RockDeathMt_C_L_07
0.1795122
0.01118959
-0.1241732
1980.269
506.7601
-3145.082
1.0
Obj_TreeBroadleafLow_B_02
0
2.779998
0
1118.376
208.4027
-3728.8
1.0
Obj_RockSetDeathMt_C_01
-0.04722655
0.7957285
-0.2576034
1206.714
462.3124
-3271.242
1.0
Obj_RockSetDeathMt_C_03
-3.12978
-1.026456
3.063996
1966.69
504.6329
-3113.972
1.0
Obj_RockDeathMt_C_L_06
-0.06438527
0.003163452
0.09815358
1340.238
506.7228
-3046.765
1.0
Enemy_Chuchu_Fire_Junior
0
0
0
1339.284
450.2784
-3407.191
1.0
Obj_Mineral_B_01
0
0
-0.3799999
1203.115
462.725
-3282.184
1.0
Obj_RockDeathMt_C_L_06
-3.141592
1.244628
3.074789
1359.273
505.2493
-3035.88
1.0
Obj_RockSetDeathMt_A_02
2.921593
-1.361596
-3.141592
1778.044
435.2675
-3388.254
1.0
Enemy_Octarock_Stone
0
1.819999
0
1569.6
506.2215
-3190.8
1.0
TBox_Field_Stone
0
-2.783392
0
1947.328
431.3218
-3307.948
1.0
Obj_RockDeathMt_C_L_06
0.156884
0.01318076
-0.3703908
1391.825
508.9036
-3172.235
1.0
Enemy_Octarock_Stone
0
2.3
0
1417.3
506.349
-3200.8
1.0
Obj_RockSetDeathMt_A_02
-0.3643944
-1.197926
-0.01481896
1584.265
203.054
-3659.704
0.8
Obj_RockDeathMt_C_L_07
1.07703
1.131704
0.9744633
1737.422
523.8937
-3113.617
1.0
FldObj_SmallCrater_S_01
0.0691295
-0.2371098
0.0426503
1557.156
506.3822
-3195.159
0.92
Obj_RockDeathMt_C_L_06
-0.2852471
-1.302283
0.3819434
1359.659
506.4718
-3072.824
1.0
Obj_RockSetDeathMt_C_03
0.08722027
-0.03084487
0.5194858
2014.654
283.6963
-3556.333
1.0
Obj_RockDeathMt_C_L_06
3.005357
0.8502396
3.019819
1592.988
505.362
-3192.854
1.0
Obj_RockSetDeathMt_C_04
2.829175
-0.977634
-2.358227
1423.985
333.9346
-3526.729
1.0
Item_Plant_O
-1.548218
0.8408203
-2.729126
1684.063
463.0039
-3382.207
1.0
Item_Plant_O
-2.201904
0.414917
-3.010742
1169.168
297.707
-3566.242
1.0
Obj_RockDeathMt_C_L_06
0.2681909
0.9219131
0.2193799
1516.906
506.8651
-3249.377
1.0
Obj_RockDeathMt_C_L_06
0
-2.843184
0
1871.812
505.1683
-3047.446
1.0
Obj_RockDeathMt_C_L_06
0.01603262
0.6452804
0.0204881
1969.831
505.1683
-3113.915
1.0
Obj_Mineral_A_01
-0.4011611
-1.010979
0.4641067
1248.117
370.186
-3468.697
1.0
Obj_TreeBroadleafLow_B_01
-0.151134
-0.5594028
0.05902484
1548.494
208.8098
-3816.561
1.0
Obj_TreeBroadleafLow_B_01
0
0
0
1628.191
207.3485
-3726.97
1.0
Obj_RockDeathMt_C_L_07
0.08286566
-0.2777112
0.1137782
1556.367
507.0102
-3195.338
1.0
Obj_RockDeathMt_C_L_06
0.07311835
0.6675158
-0.2389488
1363.283
505.0731
-3049.301
1.0
Obj_TreeBroadleafLow_B_01
0
0
0
1733.859
212.4487
-3661.223
1.0
Obj_Plant_HopBush_B_01
-0.5887192
0.3542989
-0.304081
1033.617
208.3261
-3682.076
1.0
Enemy_Golem_Little
0.1022906
-0.0105555
0.2054785
1460.561
488.1613
-3381.433
1.0
Enemy_Chuchu_Fire_Junior
0
2.000001
0
1580.815
505.5958
-3192.754
1.0
Obj_RockWhite_A_L_02
0
-0.8648012
0
1977.431
440.027
-3301.695
5
FldObj_SmallCrater_S_01
0.689
0.9790179
0.5671284
1564.642
508.1477
-3216.322
0.6
Obj_LiftRockWhite_Korok_A_01
0
0.679998
0
1141.193
209.8026
-3741.152
1.0
Obj_Plant_HopBush_B_01
0.1339523
0.004559304
-0.06794513
1604.726
208.8051
-3793.602
1.0
Obj_Plant_HopBush_B_01
-3.125865
0.6018491
3.102184
1625.842
207.371
-3722.404
0.85
Obj_Mineral_C_01
-0.5798935
0.9887634
-1.20056
1294.144
515.3927
-3029.593
1.0
Obj_Mineral_A_01
0
-0.09999999
0
1936.28
265.119
-3534.243
1.0
FldObj_SmallCrater_S_01
0.2454065
0.6091361
0.5986626
1706.212
507.3935
-3123.76
0.7
Obj_RockSetDeathMt_C_01
2.917978
0.5431501
-3.00956
1741.606
549.0467
-3215.967
1.0
Obj_Plant_HopBush_B_01
-0.5258738
-0.08071026
-0.2977924
1780.888
222.6484
-3590.505
1.0
Obj_Mineral_A_01
-0.06551514
-0.003524009
-0.1074366
1661.65
209.1904
-3757.38
1.0
Enemy_Octarock_Stone
0
1.641604
0
1875.719
434.7721
-3339.967
1.0
Obj_Mineral_A_01
0
0
0
1735.323
431.0804
-3401.717
1.0
Enemy_Golem_Little
0.06487744
-0.3754826
-0.1494887
1207.094
407.3727
-3406.283
1.0
Obj_RockSetDeathMt_C_01
-2.77598
0.1745053
2.865199
1448.788
211.8412
-3698.4
1.0
Obj_RockSetDeathMt_F_01
-0.103579
-0.005023106
-0.2168285
1894.423
432.3534
-3323.655
1.0
Obj_RockDeathMt_C_L_06
0.01603262
0.6452804
0.1004881
1721.461
505.1683
-3075.476
1.0
Obj_RockDeathMt_C_L_06
2.992197
-0.8006907
-3.050625
1733.763
505.7498
-3062.222
1.0
Obj_Plant_HopBush_C_01
0
0.9258258
0
1205.14
207.8845
-3786.994
1.0
Obj_RockSetDeathMt_C_01
-0.1985089
0.5131018
-0.3184756
1728.886
212.4659
-3651.694
1.0
Enemy_Golem_Little
-3.090731
-0.6598683
3.055748
1843.139
433.1754
-3348.826
1.0
Obj_RockSetDeathMt_C_04
-0.1733774
0.1229957
-0.08087543
1551.186
379.4444
-3463.182
1.0
FldObj_SmallCrater_S_01
2.404675
1.117644
2.359133
1784.316
505.7304
-3043.3
1.2
Obj_TreeBroadleafLow_B_02
0
0
0
1652.517
207.5302
-3731.169
1.0
Obj_RockSetDeathMt_C_03
-0.298734
-0.07116285
-0.5894278
1450.794
210.6837
-3704.55
1.0
Obj_RockDeathMt_C_L_06
0.4651262
0.6363326
0.4657058
1564.109
507.0543
-3213.768
1.0
Obj_TreeBroadleafLow_B_02
0
2.779998
0
1374.628
208.0183
-3815.365
1.0
FldObj_SmallCrater_S_01
0.09525814
1.00231
-0.4697825
1393.668
509.0242
-3184.444
0.6
Obj_RockSetDeathMt_C_03
-0.1820364
-0.002055245
-0.02251726
1575.066
203.2346
-3629.243
1.0
Obj_RockDeathMt_A_L_03
0.2308241
-0.5077092
2.989814
1555.932
507.526
-3199.057
0.8
Obj_RockSetDeathMt_C_04
-0.5553986
-0.06508331
-0.08740588
1474.297
507.8806
-3333.826
1.0
Obj_RockSetDeathMt_C_03
-0.38
0
0
1872.777
435.8831
-3326.53
1.0
Obj_RockSetDeathMt_C_02
0
-1.98
0
1660.062
504.9692
-3173.372
1.0
Obj_RockDeathMt_C_L_06
-0.1671384
0.6367487
-0.2027778
1318.002
508.0095
-3032.66
1.0
FldObj_SmallCrater_S_01
0.06928558
-0.03170966
-0.2937274
1329.199
506.1313
-3068.765
0.5
Obj_RockDeathMt_C_L_06
0.1378403
0.5942219
-0.09413327
1344.472
505.9621
-3014.486
1.0
Enemy_Golem_Little_Fire
3.029435
0.6274937
2.832244
1394.351
507.9978
-3169.588
1.0
Item_Plant_O
-2.077637
0.2774658
2.884888
1137.863
272.4531
-3580.23
1.0
Obj_TreeBroadleafLow_B_01
2.958704
0.9157108
2.978654
1050.304
210.7133
-3676.316
1.0
FldObj_SmallCrater_S_01
3.047299
-1.098137
-2.973552
1849.037
505.351
-3046.718
0.92
Obj_RockSetDeathMt_C_01
-0.01035141
0.3109503
0.2752495
1934.696
460.348
-3284.869
1.0
Obj_RockDeathMt_C_L_07
0.241684
0.00114015
-0.009389007
1569.701
506.4627
-3197.925
1.0
Item_Plant_O
-1.971435
0.8500976
-2.983521
1527.555
348.0586
-3535.375
1.0
Obj_Plant_HopBush_B_01
3.072034
0.2977144
3.120661
1096.782
208.312
-3739.893
0.85
Obj_RockSetDeathMt_C_04
-0.4311675
-0.05138228
-0.2336196
1392.211
334.7402
-3508.496
1.0
Obj_RockSetDeathMt_C_03
0
1.36
0
1717.207
505.1684
-3091.8
1.0
Obj_Mineral_A_01
0
-2.450779E-07
0
1948.537
267.3488
-3540.077
1.0
Obj_Plant_HopBush_C_01
0.02301543
-0.3535535
-0.07575592
1205.125
207.4229
-3782.464
1.0
Enemy_Golem_Little_Fire
-0.049866
0.002387616
0.09566901
1786.884
550.8351
-3203.403
1.0
Obj_RockDeathMt_C_L_07
0.06377193
-0.2372352
0.0707997
1332.852
507.7036
-3034.879
1.0
FldObj_SmallCrater_S_01
0.5286981
-0.659651
0.3109561
1765.08
519.7052
-3098.776
0.9
Obj_Plant_HopBush_B_01
-2.874737
0.5868625
-3.009331
1679.872
205.7481
-3676.43
0.85
FldObj_SmallCrater_S_01
-2.582055
-1.176084
2.451538
1669.448
505.8069
-3175.729
0.9
Item_Plant_O
2.833862
-1.445068
-1.692139
1129.449
443.9805
-3167.07
1.0
Obj_Plant_HopBush_B_01
0.2848645
-1.180175
-0.4269763
1208.529
207.0648
-3781.681
0.85
Obj_RockSetDeathMt_C_04
0
2.02
0
1141.786
206.8191
-3739.932
1.0
Obj_TreeBroadleafLow_B_01
0
0
0
1664.593
205.8878
-3704.517
1.0
Obj_RockSetDeathMt_C_04
-1.771283
1.168893
-1.394012
1065.832
393.6428
-3088.631
1.0
Obj_RockDeathMt_C_L_06
0.4257285
-0.210521
-0.4960393
1475.439
512.1273
-3251.206
1.0
Obj_MineralBury_A_01
0
0
0
1737.891
431.6221
-3401.698
1.0
Obj_RockSetDeathMt_C_01
-0.5062867
-0.03845368
-0.06870352
1777.145
226.6073
-3581.707
1.0
Obj_RockSetDeathMt_C_04
-0.2259171
0.0526379
0.2468294
2070.454
302.3465
-3559.31
1.0
Item_Plant_O
-1.843384
0.8623046
-2.655029
1734.277
331.2734
-3506.664
1.0
Obj_Plant_HopBush_B_01
0.1585116
-1.200606
-0.09007154
1610.915
208.3117
-3788.814
0.85
Enemy_Chuchu_Fire_Junior
0
-2.04
0
1364.971
294.6735
-3582.453
1.0
Obj_RockSetDeathMt_C_03
-0.04250805
-0.01292807
-0.5904113
1371.258
515.6737
-3206.927
1.0
Obj_Plant_HopBush_B_01
-0.7958206
-1.077673
0.6686528
1054.369
211.1669
-3674.625
1.0
Obj_RockDeathMt_C_L_06
0
0.3800003
0
1486.551
505.2017
-3235.798
1.0
Obj_RockSetDeathMt_C_04
-2.262437
0.2958246
-2.241824
1205.239
453.4068
-3308.926
1.0
Item_Plant_O
-2.268799
-1.114746
-2.970215
1976.695
513.4961
-3293.645
1.0
Enemy_Chuchu_Fire_Middle
0
0
0
1523.617
506.1448
-3334.723
1.0
FldObj_SmallCrater_S_01
-0.05453407
0.3890143
-0.3548583
1415.235
505.4482
-3164.881
0.9
Enemy_Chuchu_Fire_Junior
0
2.22
0
1387.318
507.858
-3121.681
1.0
FldObj_SmallCrater_S_01
3.00942
-1.396847
3.122972
1471.03
506.8969
-3235.531
0.7
Obj_RockSetDeathMt_C_03
0.2621512
0.05940467
-0.3633363
1371.723
510.4978
-3103.521
1.0
Obj_RockSetDeathMt_C_04
0.002397805
0.6369256
0.327008
1744.169
541.3271
-3174.642
1.0
Item_Plant_O
-1.581055
-0.5510254
2.944458
1897.566
276.8398
-3515.207
1.0
Obj_MineralBury_A_01
-2.97487
-0.6838717
-2.991783
1325.943
602.4476
-3150.484
1.0
Enemy_Golem_Little_Fire
0.2524424
1.35619
0.1420198
1564.893
506.584
-3199.411
1.0
Enemy_Chuchu_Fire_Junior
0
0
0
1518.809
504.2067
-3343.335
1.0
Obj_MineralBury_A_01
-2.46675
1.351103
-2.007872
1943.937
268.2833
-3533.184
1.0
Obj_RockSetDeathMt_C_01
0
0
0.16
1519.139
365.7332
-3476.544
1.0
Obj_LiftRockWhite_Korok_A_01
0
2.92
0
1140.79
210.0295
-3743.164
1.0
Item_Plant_O
-2.066406
0.7574462
3.060058
1414.699
264.0898
-3671.848
1.0
Obj_RockSetDeathMt_C_01
-0.5525596
-0.4993332
0.6521119
1918.575
452.0074
-3297.873
1.0
Obj_Plant_HopBush_B_01
2.802378
0.5938768
3.087091
1608.098
209.2736
-3796.309
0.85
Obj_RockSetDeathMt_C_03
-0.03026384
-0.0135831
-0.563703
1379.087
514.1165
-3149.931
1.0
Obj_RockSetDeathMt_C_03
0.3119848
-0.06552686
0.1956679
1838.308
507.0866
-3057.86
1.0
FldObj_SmallCrater_S_01
0.4611069
1.138658
0.4765579
1753.651
506.5192
-3058.133
0.7
Obj_RockSetDeathMt_C_01
-2.961616
-1.159773
2.850867
1289.517
515.428
-3022.459
1.0
Obj_Plant_HopBush_C_01
0.1489246
-0.3957004
-0.2856537
1203.316
207.7698
-3784.175
1.0
FldObj_SmallCrater_S_01
0.190697
0.09790633
-0.1083596
1389.909
509.7756
-3173.076
0.7
Obj_Plant_HopBush_B_01
2.914304
-0.7823565
-2.902841
1097.688
209.5185
-3748.692
1.0
Obj_RockSetDeathMt_C_02
0
1.899998
0
1183.278
463.5112
-3268.139
1.0
Obj_RockSetDeathMt_C_04
-0.3469095
-0.1154921
-0.9173842
1891.568
539.507
-3199.103
1.0
Obj_RockSetDeathMt_C_02
-0.5521777
0.6656799
-0.4120509
1933.042
438.5902
-3291.988
1.5
WallCrack
0
-2.827986
0
1943.771
432.3884
-3316.688
1.0
Enemy_Chuchu_Fire_Middle
0
-1.280001
0
1402.495
476.1703
-3401.517
1.0
Item_Plant_O
-1.400024
-0.6131591
3.109863
1897.027
277.1914
-3514.563
1.0
Obj_RockSetDeathMt_C_01
2.834453
0.7423248
-2.781561
1214.364
243.1214
-3625.929
1.0
FldObj_SmallCrater_S_01
-0.06947704
0.3857821
-0.2607746
1970.752
505.0522
-3116.709
0.9
Obj_RockSetDeathMt_C_05
-3.134398
-1.386453
-2.974804
1718.705
504.5392
-3080.274
1.0
Obj_RockDeathMt_C_L_07
0.08708576
-0.1779692
0.1726799
1683.534
505.5613
-3145.917
1.0
Obj_RockDeathMt_C_L_06
0
0.6599999
0
1988.807
505.1683
-3144.653
1.0
Obj_RockSetDeathMt_C_03
-0.4188894
0.130574
0.01028488
1701.031
542.9209
-3231.928
1.0
Obj_RockSetDeathMt_C_01
-1.216429
-0.5889319
1.798156
1407.998
368.3974
-3451.681
1.0
Item_Plant_O
-1.146728
-1.434448
2.778931
1969.398
457.0938
-3331.215
1.0
Obj_RockDeathMt_C_L_06
2.412951
-1.168988
-2.563239
1469.525
506.6268
-3233.858
1.0
Obj_RockSetDeathMt_C_04
-2.966416
0.9663305
-2.676643
1996.658
532.9498
-3202.564
1.0
Obj_MineralBury_A_01
-0.5999998
-1.04
0
1719.699
365.2505
-3468.204
1.0
Obj_RockSetDeathMt_C_01
2.733475
-0.4774371
3.081921
1368.474
204.4366
-3795.533
1.0
Obj_RockSetDeathMt_C_03
0.01450894
-0.4751772
-0.001399405
1593.144
504.5773
-3189.769
1.0
Item_Plant_O
-1.986572
-0.04821778
-2.821045
1446.383
218.8672
-3707.172
1.0
Enemy_Golem_Little
-2.978053
-0.170536
-3.030925
1733.861
430.6978
-3402.903
1.0
Enemy_Chuchu_Fire_Middle
0
-0.36
0
1783.809
550.6863
-3200.033
1.0
FldObj_SmallCrater_S_01
0.410671
0.9107574
0.3778369
1931.592
505.0611
-3090.145
0.7
Obj_RockSetDeathMt_C_04
-0.403545
-0.5714847
0.2845706
1094.352
221.0174
-3633.454
1.0
Obj_MineralGrain_A_02
-0.2569974
-0.6256042
0.3598541
1324.932
602.8592
-3147.155
1.0
Obj_LiftRockWhite_Korok_A_01
0
1.44
0
1143.592
209.9585
-3745.388
1.0
Obj_Plant_HopBush_B_01
-3.031516
0.837893
-3.127561
1381.358
209.2749
-3823.897
1.0
Item_Plant_F
3.141479
-0.7841796
3.141479
1502.032
212.8764
-3783.477
1.0
Obj_RockSetDeathMt_C_04
-2.791238
-0.8364896
-2.953885
2056.566
302.7713
-3524.131
1.0
Obj_RockSetDeathMt_C_04
-0.1928782
-0.00572926
-0.1792066
1854.329
220.9791
-3584.789
0.7
Enemy_Chuchu_Fire_Junior
0
-1.839999
0
1637.137
408.1752
-3441.131
1.0
Enemy_Golem_Little_Fire
0.07634521
-0.003753166
0.09819405
1483.747
505.6508
-3235.163
1.0
Obj_RockDeathMt_C_L_06
1.392563
-1.509836
-1.392886
1403.269
505.2415
-3120.75
1.0
GrassCutTag
0
0
0
1342.039
507.3063
-3028.359
1.0
Obj_RockSetDeathMt_C_01
-0.8148573
-0.9044693
0.8664201
1261.772
208.641
-3815.088
1.0
Obj_RockDeathMt_C_L_06
0.08319078
0.5027202
-0.03091527
1661.517
504.9627
-3163.638
1.0
Obj_LiftRockWhite_A_01
0
0
0
1526.661
206.8289
-3761.934
1.0
Obj_RockSetDeathMt_C_04
-2.265937
-0.4559124
2.324379
1642.762
506.5612
-3282.453
1.0
Enemy_Golem_Little_Fire
-2.809729
-0.2409891
-3.003333
1698.812
540.0146
-3239.904
1.0
FldObj_SmallCrater_S_01
0.06616801
-0.1373256
0.1030583
1684.374
504.9836
-3145.812
0.92
Obj_RockSetDeathMt_C_03
-3.12978
-1.026456
-3.13919
1718.372
504.3836
-3075.533
1.0
Obj_TreeBroadleafLow_B_01
0
2.94
0
1724.537
217.0558
-3647.946
1.0
Obj_RockSetDeathMt_C_02
-0.123822
-0.9950342
0.1473062
1205.812
211.5028
-3704.894
1.0
Obj_RockSetDeathMt_C_04
-0.8056253
1.120012
-0.9023607
1684.266
209.4934
-3751.688
1.0
Obj_MineralBury_A_01
-3.118832
-0.9143703
3.049569
1587.287
235.9464
-3594.101
1.0
Obj_RockDeathMt_C_L_06
0.06064662
0.5186639
0.2909108
1708.378
508.0052
-3124.035
1.0
Obj_RockSetDeathMt_C_05
0
0
0
1778.595
504.3984
-3041.307
1.0
Obj_TreeBroadleafLow_B_02
0
-1.863186
0
1098.965
210.0274
-3754.868
1.0
Obj_RockDeathMt_C_L_07
0
-1.76
0
1532.643
505.1683
-3218.421
1.0
Obj_RockSetDeathMt_C_04
0.3913459
-0.2439439
-0.4707669
1469.751
509.6464
-3248.983
1.0
Obj_RockDeathMt_C_L_06
0.5951698
0.6568037
0.3987364
1779.959
516.2581
-3081.409
1.0
Obj_Plant_HopBush_B_01
0.4157308
-1.053498
-0.6222039
1450.305
206.9043
-3792.989
0.85
Obj_RockSetDeathMt_C_03
0
0
-0.22
1398.122
505.6076
-3103.626
1.0
Obj_MineralBury_A_01
0.1683554
-1.005734
-0.03035995
1857.297
222.1858
-3584.446
1.0
Obj_Mineral_A_01
0
0
0
1449.839
343.0723
-3497.883
1.0
Obj_RockSetDeathMt_C_05
0.1746523
-0.1126276
-0.03062975
1588.392
504.7329
-3189.773
1.0
FldObj_SmallCrater_S_01
0.1144406
1.004095
-0.382551
1364.071
505.001
-3052.017
0.6
Obj_Mineral_A_01
-0.283567
-0.7199135
0.09924488
1674.357
212.7336
-3751.255
1.0
FldObj_SmallCrater_S_01
0.139263
-0.01116512
-0.1553012
1333.826
507.4019
-3034.387
0.5
FldObj_SmallCrater_S_01
2.469462
0.7080004
2.166054
1474.782
512.4485
-3251.811
1.2
Obj_RockSetDeathMt_C_04
0.4992118
0.05439318
-0.1536949
1486.077
205.6579
-3752.9
1.0
Obj_RockDeathMt_C_L_06
0.07162045
0.9178224
0.1001209
1761.511
507.0061
-3054.703
1.0
Obj_RockDeathMt_C_L_07
-2.795625
0.8716788
-3.072385
1417.809
505.3389
-3176.678
1.0
Obj_RockSetDeathMt_C_04
-2.954537
0.3139873
3.046927
1731.807
210.4321
-3652
1.0
Obj_RockSetDeathMt_C_03
-0.5084295
0.1133519
0.3044665
1700.269
218.3932
-3630.979
1.0
Obj_RockSetDeathMt_C_04
0.1475735
-0.583389
-0.2691033
1789.88
550.9575
-3220.789
1.0
Obj_MineralBury_A_01
0.4485629
0.4605527
0.1943562
1570.824
507.137
-3211.619
1.0
Obj_Plant_HopBush_B_01
-3.054677
0.5999409
-3.095518
1622.216
206.2454
-3672.621
0.85
Obj_TreeBroadleafLow_Branch_A_01
0.007990578
-0.0006046935
0.1510629
1746.988
206.9411
-3686.011
1.0
Obj_RockSetDeathMt_C_04
0
-0.9800003
-0.12
1049.025
377.2861
-3383.699
1.0
Item_Plant_O
-1.942993
-0.1269531
3.086792
1675.598
511.7148
-3354.398
1.0
Obj_RockSetDeathMt_C_04
0
0
0
1638.683
513.8229
-3229.837
1.0
Obj_RockSetDeathMt_C_04
-1.203635
-1.200084
1.131294
1549.238
200.9159
-3634.389
1.0
Obj_RockSetDeathMt_C_02
-3.098077
0.7167639
-2.983892
1953.745
434.1683
-3319.402
1.0
Obj_RockSetDeathMt_C_04
1.951512
-0.8473386
-2.065916
1393.809
512.2883
-3220.307
1.0
Obj_TreeBroadleafLow_B_01
-0.1152093
-0.5574786
0.1167256
1544.646
209.5919
-3807.345
1.0
Obj_Plant_HopBush_B_01
-3.016415
0.8235525
-2.793494
1453.573
204.3669
-3778.007
1.0
Obj_RockDeathMt_C_L_06
0.02858404
0.0005915266
-0.04137987
1406.038
506.8407
-3160.942
1.0
Enemy_Chuchu_Fire_Junior
0
-2.019997
0
1794.744
553.0439
-3184.213
1.0
Obj_RockSetDeathMt_C_04
-0.5165848
0.745681
-1.43195
1616.347
502.9796
-3299.511
1.0
Obj_RockSetDeathMt_C_04
-0.6545268
-0.1446338
-0.1844267
1711.798
252.4731
-3553.517
1.0
Obj_RockSetDeathMt_C_04
0.2668872
-0.8105325
-0.2338755
1386.557
205.9667
-3826.031
1.0
Obj_Mineral_A_01
0
-2.059997
0
1560.513
506.9529
-3220.666
1.0
Obj_RockDeathMt_C_L_06
0.05979725
0.6672663
-0.3182507
1392.896
509.1792
-3181.727
1.0
Obj_TreeBroadleafLow_B_01
-0.1152093
-0.5574786
0.1167256
1381.322
209.1851
-3827.115
1.0
Obj_TreeBroadleafLow_B_01
-3.101587
-0.7532353
3.005697
1033.933
207.1138
-3685.013
1.0
Obj_TreeBroadleafLow_B_01
0.129373
1.07038
0.2074656
1097.191
209.7243
-3751.948
1.0
Obj_RockSetDeathMt_C_01
0.5076985
0.06799793
-0.1766864
1684.389
203.5603
-3704.768
1.2
Obj_RockSetDeathMt_C_04
0.04181585
-0.7974821
-1.127259
1469.691
537.0453
-3284.57
1.0
Obj_RockSetDeathMt_C_05
0
0
0
1823.927
434.1956
-3347.143
1.0
Item_Plant_O
2.193725
-1.516479
-1.126831
1433.082
307.7578
-3637.145
1.0
Obj_RockDeathMt_C_L_06
0.2831812
-0.01180677
0.08278238
1333.862
508.7753
-3078.95
1.0
Obj_RockDeathMt_C_L_06
0
0
0
1701.815
505.1683
-3103.085
1.0
Enemy_Chuchu_Fire_Middle
0
1.760003
0
1804.519
551.0507
-3199.713
1.0
Obj_TreeBroadleafLow_Branch_A_01
0.007990578
-0.0006046935
0.1510629
1024.356
203.6073
-3732.667
1.0
Enemy_Lizalfos_Fire
0
-2.18
0
1631
516.7834
-3267.1
1.0
Obj_MineralGrain_A_04
-0.1120174
0.6389406
-0.2073467
1855.814
222.7354
-3582.284
1.0
Enemy_Golem_Little_Fire
0.0395037
1.024147
-0.3970535
1394.723
508.4656
-3174.245
1.0
Obj_Plant_HopBush_B_01
2.966084
-0.790389
-2.96011
1136.134
210.0124
-3739.61
1.0
Enemy_Golem_Little_Fire
-0.01169004
0.000447021
0.07644071
1558.812
505.9024
-3206.112
1.0
Obj_RockDeathMt_C_L_07
-3.120597
0.05985445
3.004418
1560.729
506.4711
-3202.572
1.0
Obj_RockDeathMt_C_L_06
0.005120927
-0.6130469
-0.2185158
1319.105
509.3068
-3019.005
1.0
Obj_MineralBury_A_01
0
0
0
1792.805
552.6305
-3218.012
1.0
Enemy_Chuchu_Fire_Junior
0
-1.4
0
1363.476
293.7252
-3579.388
1.0
FldObj_SmallCrater_S_01
0.03508526
0.9900282
-0.2484632
1346.952
506.2724
-3033.43
0.6
Obj_RockDeathMt_C_L_07
-1.89232
1.488661
-1.975266
1361.841
505.6875
-3054.644
1.0
Obj_Plant_HopBush_B_01
0.08048874
-1.116057
-0.04308711
1530.992
208.9126
-3805.032
0.85
Obj_RockDeathMt_C_L_07
-0.1685839
-1.194348
0.1827677
1328.427
506.7101
-3046.936
1.0
Obj_RockSetDeathMt_C_03
0.1230528
-0.002000896
0.03247698
1575.486
207.5693
-3761.186
1.0
Obj_RockSetDeathMt_F_01
-2.281107
0.9827783
-2.402127
1836.835
242.8151
-3538.04
1.0
Obj_RockSetDeathMt_C_04
-0.5815656
0.7888115
-0.6438804
1857.245
360.4905
-3417.197
1.0
Obj_RockSetDeathMt_C_04
-0.7654098
1.141713
-0.3194359
1336.038
519.7108
-3267.281
1.0
Enemy_Golem_Little_Fire
0.5432191
-1.36786
-0.2219499
1697.035
535.8196
-3258.183
1.0
Obj_RockSetDeathMt_C_05
3.072601
-1.384291
-3.079651
1411.51
505.5573
-3166.889
1.0
Obj_RockSetDeathMt_C_03
0.389999
-0.04107624
0.2072554
1567.977
506.6681
-3212.194
1.0
Obj_Plant_HopBush_B_01
-0.522898
0.01680538
0.0627893
1735.161
209.1053
-3666.67
1.0
Enemy_Octarock_Stone
0
-1.779996
0
1692.279
534.4046
-3255.47
1.0
Obj_Mineral_A_01
0
0
0
1570.325
507.1577
-3213.111
1.0
Obj_RockSetDeathMt_C_03
-0.003602148
0.0598919
0.1198921
1685.326
505.0135
-3148.591
1.0
Obj_RockSetDeathMt_C_04
0.9705707
-0.7349207
-1.095772
1298.342
514.9838
-3086.388
1.0
Obj_RockDeathMt_C_L_07
3.035881
-0.2496493
3.085611
1346.792
506.5833
-3069.771
1.0
Obj_RockDeathMt_C_L_06
-0.006016438
0.09982015
-0.06030053
1402.566
505.2415
-3080.906
1.0
Enemy_Golem_Little
0.150332
-0.6617121
0.02879457
1161.3
390.2673
-3399.1
1.0
Obj_RockDeathMt_C_L_06
0.337587
0.0202305
-0.5296576
1358.397
511.4113
-3091.207
1.0
Obj_TreeBroadleafLow_B_01
0
2.94
0
1628.132
207.6204
-3731.203
1.0
Obj_RockDeathMt_C_L_07
-0.01117982
-0.2409745
-0.05136826
1328.276
506.5289
-3069.287
1.0
Obj_Mineral_C_01
2.973408
-0.143205
-3.023349
1298.698
514.1494
-3026.256
1.0
Obj_LiftRockWhite_A_01
0
0
0
1531.284
206.9837
-3765.045
1.0
FldObj_SmallCrater_S_01
-0.2058602
0.9348791
-0.4651089
1318.805
507.5593
-3035.335
0.6
Enemy_Octarock_Stone
0
-2.200001
0
1688.4
534.4167
-3246.5
1.0
Obj_RockDeathMt_C_L_06
-0.04148589
-1.041086
-0.1026252
1560.799
506.56
-3197.913
1.0
Item_Plant_O
-2.055298
-0.8045654
-2.957763
1175.754
413.6406
-3343.977
1.0
Item_Plant_O
-1.501221
-0.02966309
2.821411
1760.797
416.2305
-3435.328
1.0
Obj_Mineral_C_01
-0.576082
1.14858
-0.6188134
1304.212
514.5667
-3084.934
1.0
Obj_Mineral_C_01
0
1
0
1320.772
513.0245
-3093.881
1.0
Enemy_Golem_Little_Fire
-0.02829378
-0.7183658
0.1534168
1703.688
506.9275
-3124.664
1.0
FldObj_SmallCrater_S_01
0.1068251
-1.093244
-0.02233362
1783.315
506.3351
-3045.627
0.9
Enemy_Chuchu_Fire_Middle
0
2.52
0
1385.363
508.2656
-3121.397
1.0
Obj_Mineral_C_01
-0.3
-0.3999999
0
1298.365
511.6215
-3078.701
1.0
Obj_Mineral_B_01
0.02139406
-0.2965019
-0.3199837
1324.781
603.0278
-3146.544
1.0
Obj_RockSetDeathMt_C_02
0
0
0
1470.537
207.9943
-3758.865
1.0
Obj_MineralBury_A_01
-1.079916
1.157931
-0.6215523
1323.263
603.0338
-3145.679
1.0
Obj_Plant_HopBush_C_01
-0.2145014
0.03877391
0.1044918
1266.495
214.524
-3711.093
1.0
Obj_TreeBroadleafLow_B_02
0
2.779998
0
1541.065
208.6996
-3819.798
1.0
FldObj_SmallCrater_S_01
0.1822151
1.069579
0.06343655
1668.39
505.9059
-3173.352
1.2
Obj_Plant_HopBush_B_01
0.002852313
-0.5566354
-0.150024
1114.211
209.2492
-3757.936
0.85
Obj_Plant_HopBush_B_01
2.769953
-1.128188
-2.932742
1447.462
207.5716
-3793.658
1.0
Obj_Plant_HopBush_B_01
0.05698492
0.0002382576
-0.008359857
1676.332
205.0989
-3681.326
1.0
Obj_Plant_HopBush_B_01
3.022538
-1.141241
-2.998355
1531.924
209.0299
-3806.974
1.0
Item_Plant_O
-1.516968
-0.5003662
2.698974
1334.289
351.3711
-3515.082
1.0
Obj_RockSetDeathMt_C_05
-3.134398
-1.386453
-3.054804
1967.034
504.7614
-3118.713
1.0
FldObj_DeathMtArtifactTrain_A_02
0.2300871
-0.496465
0.09693248
1749.135
507.7811
-3068.266
1.0
Obj_MineralBury_A_01
0
-1.919997
0
1925.212
264.0211
-3527.291
1.0
FldObj_SmallCrater_S_01
2.420061
0.6136519
3.038366
1767.218
519.7619
-3097.29
1.2
Obj_MineralBury_A_01
0.9363976
-0.8833905
-0.7446946
1444.425
344.42
-3505.604
1.0
Obj_TreeBroadleafLow_Branch_A_02
0.05761461
-0.004623047
0.1600948
1030.067
203.5205
-3729.854
1.0
Item_Plant_O
-2.19165
0.5737305
2.934448
981.9805
340.1758
-3470.25
1.0
Enemy_Golem_Little
3.020603
-1.132635
-2.793159
1563.499
379.2702
-3481.21
1.0
Obj_RockSetDeathMt_C_04
2.82721
0.3918246
-3.139979
1972.147
521.45
-3175.03
1.3
Obj_TreeBroadleafLow_B_02
0
0
0
1729.056
212.6174
-3661.488
1.0
Enemy_Octarock_Stone
0
-2.179998
0
1849.8
433.6223
-3354.5
1.0
Obj_RockSetDeathMt_C_02
0.02099506
-0.4756698
0.4780379
1087.284
205.6525
-3750.716
1.0
Enemy_Octarock_Stone
0
-2.259999
0
1376.5
514.2161
-3216.1
1.0
Obj_RockDeathMt_A_L_03
2.268418
-1.121775
0.9563222
1845.133
505.6721
-3048.118
0.8
Obj_RockSetDeathMt_C_04
-2.165922
-1.199773
1.816899
1916.916
534.5511
-3167.176
1.0
Obj_RockDeathMt_C_L_06
0
0
0
1830.752
505.1683
-3050.779
1.0
Obj_RockSetDeathMt_F_01
0
2.54
0
1851.976
432.5264
-3340.308
1.0
Obj_RockSetDeathMt_C_04
-0.4076394
-1.231557
0.6844593
1951.306
430.5383
-3357.417
1.0
Obj_RockSetDeathMt_C_04
-0.6684924
1.39011
-0.8672867
1409.821
206.1152
-3751.665
1.0
Area
0
0
0
1343.539
508.27
-3044.859
75
Enemy_Golem_Little
3.138566
-0.121506
-3.083599
1845.712
433.0761
-3350.556
1.0
Obj_MineralBury_A_01
-0.03304144
-0.003712029
-0.2237312
1200.717
461.7417
-3282.002
1.0
Enemy_Golem_Little
0.1483694
-0.9118408
-0.1797625
1580.579
382.4382
-3472.555
1.0
Obj_Mineral_A_01
-0.1035455
-0.01129475
-0.2171106
1588.737
235.4397
-3594.852
1.0
Obj_RockDeathMt_C_L_07
0
0
0
1656.578
505.1983
-3159.315
1.0
Obj_RockSetDeathMt_C_04
-1.039237
-0.9208891
0.9262276
1101.452
213.3444
-3685.729
1.0
Obj_RockDeathMt_C_L_07
2.931496
-0.3782566
-3.107526
1782.774
506.6613
-3046.583
1.0
Obj_Plant_HopBush_B_01
-3.091944
0.8391548
3.096721
1547.412
209.4755
-3809.487
1.0
GrassCutTag
0
0
0
1331.039
506.734
-3048.359
1.0
Obj_RockDeathMt_C_L_06
-0.1399999
-1.420002
0
1668.166
506.1666
-3172.467
1.0
Item_Plant_O
0.5773926
-0.7585449
0.4421386
1075.059
403.0313
-3136.816
1.0
Obj_Plant_HopBush_B_01
-2.587669
0.797587
-2.932327
1515.299
210.7231
-3786.247
1.0
Obj_RockDeathMt_C_L_06
0.009006656
0.0003009401
-0.06680084
1336.113
507.7458
-3022.973
1.0
Area
0
-1.28
0
1257.688
207.1633
-3753.555
150
Obj_RockDeathMt_C_L_06
0.5056374
-0.1454312
0.392469
1767.93
520.0511
-3096.733
1.0
Obj_Mineral_B_01
0.01735107
-0.001440816
0.1656938
1853.193
222.2541
-3583.419
1.0
Obj_Mineral_C_01
2.550195
1.292925
2.960066
1294.07
515.291
-3081.281
1.0
FldObj_SmallCrater_S_01
0.7020633
1.423523
0.5567651
1560.678
506.3466
-3198.83
1.2
Obj_Plant_HopBush_B_01
-0.5899682
-0.7632535
0.5496136
1506.103
211.4532
-3785.73
0.85
Obj_RockSetDeathMt_C_04
-0.3156138
0.9159731
-0.481924
1353.246
540.0132
-3174.465
1.0
Obj_RockSetDeathMt_C_04
-0.01318869
0.01503571
-0.720099
1384.248
510.9252
-3175.741
1.0
Obj_RockSetDeathMt_C_04
-0.1941588
-0.04854518
-0.148623
1609.361
200.0085
-3616.088
1.0
Obj_RockDeathMt_A_L_03
-0.5600774
1.196017
2.45457
1853.073
506.6516
-3046.883
0.8
FldObj_SmallCrater_S_01
0.1315477
1.003939
-0.270457
1318.874
506.5569
-3060.604
0.6
Obj_Plant_HopBush_B_01
-0.04368334
0.5406122
-0.137179
1116.622
209.0721
-3755.544
1.0
Obj_RockDeathMt_C_L_06
0
0.2200001
0
1943.471
505.1683
-3096.922
1.0
Item_Plant_O
-1.90332
1.038696
2.680298
1473.547
274.832
-3615.715
1.0
Obj_Plant_HopBush_B_01
0.07842536
-0.0002142783
0.005461627
1632.216
207.6513
-3731.788
1.0
Obj_RockSetDeathMt_C_04
-0.5063456
-1.040632
-0.3048702
1801.73
257.3392
-3534.672
1.0
Enemy_Golem_Little
-0.05123439
1.593039E-06
6.217261E-05
1133.615
389.4153
-3395.913
1.0
Enemy_Lynel_Senior
0
-1.28
0
1257.688
207.1633
-3753.555
1.0
Enemy_Octarock_Stone
0
-2.18
0
1046.164
394.5947
-3234.26
1.0
Obj_RockSetDeathMt_C_01
0
0
0
1490.315
207.1023
-3705.961
1.0
Obj_RockSetDeathMt_C_04
-0.7802517
0.9126506
-0.2608007
1392.101
308.5546
-3573.894
1.0
GrassCutTag
0
0
0
1358.539
505.4185
-3040.359
1.0
Item_Plant_O
-1.728271
-0.2348633
2.679199
1343.961
264.3828
-3619.5
1.0
Item_Plant_O
-2.701538
-1.15979
-1.882446
1297.496
385.3086
-3471.809
1.0
Obj_RockSetDeathMt_C_03
-0.04296888
0.001402727
-0.1643502
1395.039
506.9188
-3070.599
1.0
Obj_Plant_HopBush_B_01
-2.731587
0.2895484
3.085801
1517.069
209.8641
-3787.487
0.85
Enemy_Golem_Little
0.06082507
-0.2223185
0.07807215
1165.7
390.2871
-3396.5
1.0
Obj_RockSetDeathMt_C_03
0.2418264
1.013008
0.3184411
1557.141
507.0328
-3220.321
1.0
Obj_RockSetDeathMt_C_01
-0.5561917
-0.8272395
0.3386574
1537.96
514.7759
-3308.244
1.0
FldObj_SmallCrater_S_01
-0.1564983
0.1556918
0.1441012
1389.79
506.506
-3082.085
0.7
Obj_RockSetDeathMt_C_04
-2.340306
1.147516
-2.350569
1576.185
235.4456
-3585.636
1.3
Obj_RockSetDeathMt_C_03
0.5927121
-0.01598136
0.0429263
1624.728
509.0763
-3205.398
1.0
Item_Plant_O
-1.128418
-1.342407
2.393432
1175.766
491.3242
-3171.707
1.0
Enemy_Lizalfos_Fire
0
-1.94
0
1726.453
546.6573
-3218.234
1.0
FldObj_SmallCrater_S_01
-1.338048
-1.362759
1.238743
1560.788
506.3751
-3201.433
0.9
Item_Plant_O
-1.88269
-0.6015625
2.96228
1266.5
440.082
-3383.926
1.0
Obj_RockWhite_A_L_02
0
-0.8648012
0
1977.431
449.4333
-3301.695
5
Obj_RockSetDeathMt_C_04
-0.6111124
0.6023179
-0.1362167
1314.913
527.7278
-3227.745
1.0
Item_Plant_O
-2.054199
0.4819336
-3.07727
1554.941
342.4609
-3530.691
1.0
