UnitConfigName/__text
Rotate/value/0
Rotate/value/1
Rotate/value/2
Translate/value/0
Translate/value/1
Translate/value/2
_Scale
Obj_TreeBroadleafLow_A_02
0
0
0
1648.088
121.1523
-237.6623
1.0
Obj_TreeDead_A_01
0
-0.9431852
0
1855.952
196.7908
-779.6461
1.0
Obj_Plant_CypressLow_A_02
-0.07897493
0.7484965
-0.3411467
1069.289
148.3917
-682.0039
1.019531
AnchorAction1
0
2.041523
0
1867.13
116.722
-106.9146
1.0
Obj_Mineral_C_01
0.54
-0.1
0.28
1737.281
117.7946
-492.3827
1.0
Area
0
-2.172389
0
1801.42
195.3437
-747.9033
25
Obj_BarrelOld_A_01
-0.009898547
0.3045727
-0.01346461
1988.2
114.2923
-100.2632
1.0
Obj_LiftRockWhite_Korok_A_01
2.904429
-0.4767861
2.933452
1372.224
132.8621
-117.0186
1.0
Item_Mushroom_D
-2.178467
-1.449707
-2.978882
2147.551
145.9258
-57.94531
1.0
EnvSeEmitPointBirdTropical
-0.769043
0.9918212
-0.9439697
1664.238
129.6094
-244.7109
1.0
Obj_TreeDeadLeaf_A_01
0
-3.046371
0
1708.675
178.7571
-920.1752
1.0
Enemy_Lizalfos_Junior
0
-1.88
0
1537.736
119.711
-366.9173
1.0
FldObj_TorchStandRiverside_A_01
0
0.1533753
0
1921.221
119.6526
-48.47458
1.0
Item_Plant_O
1.119751
-0.3051758
-0.1690674
1329.855
148.207
-1033.582
1.0
Obj_TreeBroadleafLow_A_02
0
-1.68
0
1672.871
123.2344
-209.3508
1.0
Obj_Plant_CypressLow_A_01
0
0.1243896
0
1218.137
131.7584
-903.7578
1.066895
Obj_LiftRockWhite_Korok_A_01
1.877292
0.6957272
3.074598
1089.645
165.1484
-222.7481
1.0
Obj_LiftRockWhite_Korok_A_01
0.1702438
-0.9311575
-0.1784802
1084.283
164.7631
-216.8844
1.0
Obj_Plant_CypressLow_A_02
-0.5354198
1.344697
-0.3081886
1044.707
187.1828
-533.7656
1.019043
Enemy_Bokoblin_Middle
0
0
0
1185.226
182.4133
-147.4758
1.0
Obj_TreeBroadleaf_A_L
0
-1.42
0
1692.343
125.8541
-191.2888
1.0
Obj_Plant_HopBush_A_01
-0.6822184
-1.462009
0.6431329
1397.074
124.118
-203.4375
1.076172
Item_Mushroom_E
3.141479
0.4580078
3.141479
1484.148
115.8085
-265.2773
1.0
Item_Mushroom_H
3.141479
-0.7218018
3.141479
1686.063
122.2132
-227.0664
1.0
FldObj_RockGashamahi_A_07
-1.02014
-1.199921
1.051024
1245.762
114.2997
-672.7302
1.0
FldObj_CliffWhiteLumpRock_A_02
1.22916
1.075226
2.430372
1384.347
120.4348
-505.719
1.0
Obj_Plant_CypressLow_A_01
0.09575409
-0.7838966
-0.03353483
1841.402
129.5187
-408.082
0.893066
Obj_MineralGrain_A_04
-1.095864
1.072177
-0.9367008
1182.321
263.7706
-378.3132
1.0
TwnObj_FenceWood_A_01
0
-0.2982693
0
1601.282
114.2332
-172.8543
1.0
Obj_Plant_HopBush_A_02
-0.08571124
-0.9646826
0.04660782
1275.32
134.0613
-938.3164
1.049805
Obj_Plant_CypressLow_A_02
0
0.7364501
0
1563.391
115.3844
-474.2813
0.899414
Obj_Plant_CypressLow_A_01
0.319952
-1.462185
-0.446563
1115.777
164.3975
-239.2422
0.884277
EnvSeEmitPointInsectTemperate
0
-1.291626
0
1208.367
131.5977
-914.2578
1.0
Kibako_Contain_01
3.127099
-1.0978
-3.127199
1416.677
115.7961
-531.2585
1.0
Obj_Plant_CypressLow_A_01
3.109928
-0.6322036
-2.782672
1545.15
170.6314
-744.413
1.0
TwnObj_FenceWood_A_01
0
0.06173069
0
1610.36
114.2501
-171.9556
1.0
Kibako_Contain_01
3.141582
-1.403155
-3.141582
1852.319
116.6919
-107.1796
1.0
Obj_TreeDeadLeaf_A_01
0
-2.863185
0
1868.862
185.3288
-713.4528
1.0
Obj_LiftRockWhite_Korok_A_01
0
1.973935
0
1402.851
131.9055
-134.7464
1.0
EnvSeEmitPointBirdTemperate
0
-1.02771
0
1210.172
138.5703
-970.4453
1.0
FldObj_HyliaWoodRuinDebris_A_02
0
1.570796
0
1662.217
128.2
-834.1009
1.0
Obj_TreeBroadleaf_A_L
0
-1.360001
0
1255.166
128.0583
-1008.527
1.0
Obj_Plant_CypressLow_A_01
1.34936
-1.10005
-1.196313
1855.324
122.8766
-385.9102
1.085449
Obj_Mineral_C_01
0.1106527
-0.6983845
0.08700356
1726.659
118.3712
-504.8863
1.0
Obj_MineralBury_A_01
0
1.221859
0
1204.596
250.2734
-354.23
1.0
Area
0
0
0
1899.5
114.9798
-94.49997
100
FldObj_TorchStandRiverside_A_01
0
1.363976
0
1919.653
119.6526
-66.39554
1.0
Obj_MineralGrain_A_04
3.061401
-0.6533728
-2.884136
1545.139
165.7927
-964.1692
1.0
Obj_TreeBroadleafLow_A_01
0
0.52
0
1208.426
131.6521
-913.2333
1.0
Enemy_Bokoblin_Guard_Junior
0
2.241592
0
1397.047
120.8975
-522.5635
1.0
Obj_Plant_CypressLow_A_01
0.0541435
-0.2360973
0.06534271
1804.375
117.5598
-388.8633
1.058105
TwnObj_FenceWood_A_01
0
3.024915
0
1614.831
114.4123
-172.0828
1.0
EnvSeEmitPointBirdSubarctic
-3.140259
-0.4851074
-2.916992
1049.578
169.4492
-87.41797
1.0
Obj_Plant_CypressLow_A_02
0.4953364
-1.409665
-0.291843
1308.563
132.4913
-948.2715
1.0
FldObj_KorokStone_A_01
0
-2.094395
0
1698.264
139.7869
-861.9703
1.0
Obj_TreeBroadleafLow_Branch_A_02
0
-1.603186
0
1568.317
170.7345
-1004.719
1.0
Obj_Plant_CypressLow_A_02
0.02776155
0.2011874
-0.1444095
1116.977
164.3241
-241.9883
1.029785
Obj_TreeBroadleaf_A_LL
0
-0.1599993
0
1224.541
131.9381
-927.4212
1.0
Obj_LiftRockWhite_Korok_A_01
1.528957
-1.310574
-1.529502
1095.192
164.514
-214.8984
1.0
Obj_RockSetDeathMt_C_04
-3.128177
-0.1469949
-2.694733
1731.287
139.1855
-737.7722
1.0
FldObj_PushRock_A_M_01
1.037859
-0.0009237082
0.4386456
1664.441
132.7846
-858.0753
1.0
Obj_Plant_HopBush_A_01
0.9675776
-1.438233
-0.9825749
1344.094
131.6912
-921.6406
1.080078
Obj_Plant_CypressLow_A_01
-0.5873918
1.204846
-0.3372552
1512.348
154.3744
-797.9771
1.0
Obj_TreeBroadleafLow_Branch_A_02
0
2.98
0
1713.848
177.9598
-913.3032
1.0
Obj_TreeBroadleaf_A_L
0
5.261837
0
1332.234
127.895
-875.4864
1.0
BarrelBomb
0.0335058
1.000676
0.0416927
1412.52
115.7668
-531.0659
1.0
Obj_TreeBroadleaf_A_L
0
-2.679998
0
1266.203
126.7058
-988.5389
1.0
Obj_TreeBroadleafLow_Branch_A_01
0
1.44
0
1778.966
197.1675
-887.6495
1.0
Obj_Plant_HopBush_A_02
0.02473724
-1.295937
-0.170093
1232.789
130.8001
-941.9922
0.978516
Obj_Plant_CypressLow_A_02
-3.031762
0.6065578
-3.081574
1352.802
130.379
-897.0903
1.0
Obj_Plant_HopBush_A_01
0.5779028
1.267612
0.920536
1637.914
123.3981
-161.3633
0.891602
Item_Plant_O
0.9294433
-0.1075439
0.2578125
1336.512
140.9844
-1027.008
1.0
Obj_TreeBroadleaf_A_L
0
-1.380002
0
1226.345
129.8824
-970.1953
1.0
TBox_Field_Stone
0
0.05999998
0
1514.608
141.1406
-297.1985
1.0
Obj_RockLayerMoss_A_LL_04
-2.873671
0.8261412
3.136639
1334.896
119.2874
-837.9277
1.1
Obj_Plant_CypressLow_A_02
0.04813774
-0.06605793
-0.2919782
1283.75
132.7393
-934.9922
1.016602
Area
0
0
0
1863.625
190.8393
-860.0001
40
Obj_TreeDead_A_01
0
0.2136296
0
1576.753
170.0883
-1004.403
1.0
Enemy_Golem_Little
0.5836136
1.213846
0.2568297
1021.765
160.8069
-705.1725
1.0
Item_Plant_A
3.141479
0.3618164
3.141479
1124.883
165.7712
-256.582
1.0
Obj_LiftRockWhite_Korok_A_01
2.926101
2.296668
2.926101
1401.572
131.9737
-133.4311
1.0
Obj_RockSetDeathMt_C_03
0.8382784
0.04951308
-0.1110389
1845.721
192.2452
-862.1728
1.0
AnchorAction1
0
1.200001
0
1656.633
116.332
-283.9843
0.25
EnvSeEmitPointBirdTemperate
3.141479
-1.18457
3.141479
1524.9
125.6
-225.6
1.0
Obj_LiftRockWhite_Korok_A_01
0
0.9571682
0
1400.309
131.9545
-132.1749
1.0
Obj_Plant_CypressLow_A_01
0.01644192
0.4419508
0.09092648
1602.469
115.3594
-417.8945
1.091797
Obj_RockLayerMoss_A_LL_04
0
0.1400001
0
1445.547
126.1358
-703.1304
1.0
Obj_RockSetDeathMt_C_03
0.1209268
-0.003953333
0.0652811
1420.884
131.634
-977.1658
1.0
Obj_TreeWhiteBirch_A_04
0
2.523271
0
1184.632
162.3782
-56.38809
1.0
Obj_LiftRockWhite_A_01
0
0.5415931
0
1428.444
115.7589
-518.9795
1.0
Obj_Plant_HopBush_A_01
-0.08133946
-0.1324028
0.0434341
1414.441
127.995
-164.875
0.872559
Obj_TreeConiferous_A_02
0
2.590165
0
1112.667
163.4559
-213.6309
1.0
Obj_LiftRockWhite_Korok_A_01
3.037292
0.6957265
3.074598
1091.008
165.0436
-222.5144
1.0
Item_Mushroom_E
0
-1.035645
0
1414.504
131.08
-973.793
1.0
Weapon_Sword_021
3.089627
-0.5680093
-3.106828
1068.421
200.0931
-334.5672
1.0
Obj_LiftRockWhite_Korok_A_01
3.037292
0.6957265
3.074598
1094.536
164.3505
-213.4943
1.0
Obj_LiftRockWhite_A_01
0
1.201593
0
1424.695
115.8077
-527.7726
1.0
Obj_RockGray_A_L_03
-2.901662
-0.505311
0.4626942
1069.306
191.3631
-320.2962
1.0
EnvSeEmitPointBirdTemperate
2.658203
1.005127
2.654663
1585.93
192.1328
-720.7617
1.0
Obj_LiftRockWhite_Korok_A_01
-2.365894
0.6957272
3.074598
1095.535
164.724
-217.5757
1.0
Obj_LiftRockWhite_Korok_A_01
0.1429469
-0.9752477
-0.1185914
1085.663
165.1857
-220.7929
1.0
Obj_LiftRockWhite_Korok_A_01
0
0
0
1372.328
132.867
-114.2224
1.0
Obj_Plant_CypressLow_A_02
0
1.567014
0
1677.875
114.6746
33.24609
0.875488
Obj_Mineral_B_01
0.2512019
0.7826005
0.5040194
1871.193
192.071
-861.1467
1.0
BarrelBomb
3.140679
-1.066375
-3.140939
1418.718
115.7406
-513.4002
1.0
Animal_Insect_Z
0
0
0
1972.227
114.8497
-207.9999
1.0
Animal_Insect_Z
0
-0.8200002
0
1837.5
115.6181
-349.5
1.0
Obj_LiftRockWhite_Korok_A_01
-0.2015203
-0.3290604
-0.225219
1384.906
132.8775
-114.7594
1.0
Obj_Plant_HopBush_A_02
0
0.5656738
0
1425.301
128.6879
-161.8125
0.954102
Enemy_Golem_Little
0.3881052
1.25161
0.4721812
1013.562
178.9097
-653.1885
1.0
TwnObj_FenceWood_A_01
0
-3.083736
0
1578.647
114.2587
-174.8268
1.0
Item_Plant_O
2.37146
-1.129639
-1.077881
1751.316
190.2813
-825.793
1.0
Obj_TreeDead_A_01
0
-3.046371
0
1779.261
197.3751
-893.149
1.0
Obj_Plant_CypressLow_A_01
-0.1926021
0.8454752
0.01547557
1421.746
128.3235
-175.6172
0.937012
Obj_TreeBroadleaf_A_L
0
1.643192
0
1203.833
132.2918
-944.2013
1.0
Obj_Plant_CypressLow_A_01
-0.1094093
-1.247004
0.05299824
1443.086
115.3326
-300.7344
0.856934
Weapon_Shield_040
0.004200784
-0.7859282
-0.001523042
1677.103
130.5741
-834.1027
1.0
Obj_TreeBroadleafLow_A_01
0
4.969273
0
1269.613
126.2151
-1002.554
1.0
Obj_Plant_CypressLow_A_02
0
1.545698
0
1283.136
125.6597
-993.0511
1.0
Obj_RockGray_A_L_03
-2.925395
-0.3116934
0.4410096
1060.29
192.7537
-325.5384
1.0
Obj_TreeDead_A_01
0
2.899999
0
1798.154
195.1139
-853.5006
1.0
Enemy_Bokoblin_Middle
0
-1.8
0
1166.641
162.4744
-42.20059
1.0
Obj_RockSetDeathMt_C_04
0
-1.28
0
1869.629
196.8305
-844.3548
1.0
Obj_TreeBroadleaf_A_L
0
3.862208
0
1337.104
132.659
-938.0167
1.0
EnvSeEmitPointInsectTemperate
-1.660034
0.1708984
-2.609985
1525.3
115.7
-226.4
1.0
Obj_Plant_CypressLow_A_02
0.4557329
-0.4515366
-0.3743827
1917.902
123.222
-344.4453
0.914063
Kibako_Contain_01
0.008645293
-0.05409843
0.000377516
1415.141
115.7235
-486.6105
1.0
Enemy_Keese_AllDay
0
-1.4
0
1867.5
195.1924
-862
1.0
Animal_Insect_Z
0
-2.54
0
1895.5
115.514
-290
1.0
AnchorAction1
0
-2.172389
0
1809.827
214.7165
-741.5724
1.0
Obj_TreeBroadleaf_A_L
0
3.023185
0
1341.765
126.2112
-961.7991
1.0
EnvSeEmitPointInsectTemperate
-0.9978027
-0.437622
0.2938232
1499.977
153.8047
-802.6367
1.0
Obj_TreeBroadleaf_A_L
0
1.42
0
1648.448
122.862
-247.1602
1.0
Obj_Plant_CypressLow_A_02
0.07609239
-1.013727
-0.1853062
1120.367
163.8063
-240.293
0.955566
Obj_LiftRockWhite_A_01
3.098013
-0.05879669
3.073178
1324.529
126.9993
-732.1483
1.0
Obj_Plant_CypressLow_A_02
0.7743605
1.150162
0.9386987
1795.5
169.965
-637.5078
1.001465
Obj_TreeConiferous_A_02
0
0.8037379
0
1118.406
164.0982
-241.4831
1.0
Enemy_Keese_AllDay
0
1.1
0
1724.912
124.3944
-93.14523
1.0
Obj_Plant_CypressLow_A_02
-0.1890058
0.7750492
-0.05560623
1694.84
129.1731
-169.1719
1.04248
Obj_Plant_CypressLow_A_02
-0.2661382
-0.0526756
0.2035349
2032.652
118.0311
-73.27734
1.062012
Obj_Plant_CypressLow_A_02
-3.138296
0.481151
3.093603
1352.2
130.8186
-910.2902
1.0
FireWood
0.05495755
-0.003796756
0.1379168
1402.781
127.4977
-751.9163
1.0
EnvSeEmitPointBirdSubarctic
0
-0.2962646
0
1076.66
202.3125
-340.7695
1.0
Item_Mushroom_D
1.032349
-0.47583
0.5362548
1627.523
153.1758
-878.7852
1.0
Obj_Plant_CypressLow_A_02
0.02441496
-1.422686
-0.09169483
1123.527
163.4507
-233.4297
0.897461
Obj_LiftRockWhite_Korok_A_01
0
0.5999977
0
1183.119
164.1359
-66.16473
1.0
Obj_LiftRockWhite_Korok_A_01
0
4.291467
0
1395.732
131.9097
-136.5237
1.0
Obj_TreeBroadleafLow_A_01
0
0
0
1331.042
133.4733
-950.8856
1.0
Obj_TreeWhiteBirch_A_03
0
2.799187
0
1173.582
167.7257
-75.62048
1.0
Obj_Plant_CypressLow_A_01
-0.532492
-1.063983
0.5662773
1731.367
119.2355
-237.793
1.04541
Obj_TreeDead_A_01
0
0.98
0
1809.642
196.0156
-828.0676
1.0
PointWindSetTag
-1.570796
-0.05999999
3.742786E-18
1708.898
163.7
-720.992
60
EnvSeEmitPointBirdSubarctic
-0.6259766
-1.059448
0.2244873
1081.324
175.8516
-277.4531
1.0
Obj_TreeDead_A_01
0
1.403184
0
1838.761
195.1322
-784.7087
1.0
FldObj_RockGashamahi_A_03
-0.5800604
0.5198997
-1.610817
1246.5
118.473
-664.359
1.0
Obj_RockSetDeathMt_C_01
2.028319
1.116084
1.950294
1486.788
131.1702
-938.4112
1.0
TBox_Field_Wood
3.138803
1.201567
3.129949
1725.436
118.1286
-90.9826
1.0
TBox_Field_Iron
3.14093
0.1561992
3.141203
1525.807
115.6
-199.0056
1.0
Obj_TreeDead_A_01
0
-1.36637
0
1852.327
193.0524
-727.8587
1.0
Obj_Plant_HopBush_A_02
0.6220163
1.486605
0.7546169
1099.859
167.1704
-281.4336
1.081055
Obj_Plant_CypressLow_A_01
0
0.4523925
0
1627.535
114.6602
39.17188
0.924316
Enemy_Lizalfos_Junior
0
-2.34
0
1476.556
114.5426
-468.0657
1.0
Obj_Plant_CypressLow_A_01
0
-1.082275
0
1636.023
114.6685
53.73047
1.057129
Obj_Mineral_A_01
0
0
0
1183.565
264.01
-381.0053
1.0
RockLayerMoss_A_M_01
0
-2.6
0
1460.5
114.5
-476
1.0
Area
0
-2.172389
0
1801.42
195.3437
-747.9033
50
Obj_TreeConiferous_A_02
0
3.409954
0
1121.714
163.2784
-220.1498
1.0
Obj_LiftRockWhite_A_01
-0.2539046
-0.6777705
0.2057688
1242.966
126.8359
-651.6302
1.0
Obj_RockSetDeathMt_C_04
-2.218701
1.303066
-2.189644
1907.659
262.7112
-913.1679
1.0
Obj_Plant_CypressLow_A_02
0
-1.195679
0
1429.551
128.8225
-164.0938
1.089355
Obj_MineralGrain_A_02
0.3051649
-0.1189117
0.738658
1548.148
165.4414
-958.5298
1.0
Obj_Plant_CypressLow_A_01
2.984654
-0.2186356
-2.632181
1533.652
165.407
-744.4698
1.0
Obj_TreeBroadleaf_A_L
0
0.78
0
1708.366
123.8279
-209.0226
1.0
Item_Plant_O
0.7507324
-0.8668212
0.3272705
1724.051
148.4219
-815.7773
1.0
FldObj_RockGashamahi_A_06
-0.4799999
-0.18
0
1247.521
124.8996
-655.2799
1.0
FldObj_RaftPile_A_01
0
0
0
1651.829
116.1695
-298.7086
1.0
EnvSeEmitPointInsectTemperate
0
-1.02771
0
1210.172
130.5156
-970.4453
1.0
Obj_Plant_CypressLow_A_02
-0.2264516
0.731143
0.1491349
1545.368
170.554
-746.6904
1.0
Obj_LiftRockWhite_Korok_A_01
-3.091808
-0.4799221
-3.099851
1088.666
164.1799
-212.079
1.0
Obj_TreeDeadLeaf_A_01
0
2.56
0
1568.27
171.0602
-1012.852
1.0
Area
0
0
0
1430.661
115.7244
-505.5541
60
Obj_TreeWhiteBirch_A_03
0
0.8571451
0
1182.923
164.0536
-63.71475
1.0
Obj_LiftRockWhite_Korok_A_01
1.264013
-1.449857
-0.7203776
1095.178
164.8386
-218.9888
1.0
Obj_Plant_CypressLow_A_02
-3.141571
0.2833198
2.992408
1285.595
132.2748
-935.6704
1.0
Obj_Plant_HopBush_A_01
0.1653443
-1.317293
-0.1931755
1219.176
131.5768
-899.8242
1.026367
Item_Plant_A
3.141479
0.5344238
3.141479
1617.355
129.0932
-812.4141
1.0
FldObj_KorokStake_A_01
0
-2.084068
0
1264.753
106.3092
-707.8615
0.9649661
Item_Fruit_A
1.886313
-0.997171
-0.2675981
1148
163.4
-230.7
1.0
Obj_Plant_CypressLow_A_02
0
-0.8343505
0
1436.566
115.6261
-297.9492
1.053223
FldObj_HyliaWoodRuin_A_01
0
0
0
1679.61
129.8
-836.3744
1.0
Obj_TreeBroadleaf_A_L
0
0
0
1285.16
132.3962
-939.0347
1.0
Item_Plant_O
0.5249023
-1.126099
0.5893554
1734.027
176.7266
-835.1328
1.0
FldObj_KorokStone_A_01
0
-0.5235988
0
1698.272
140.7791
-861.9625
1.0
Obj_Plant_HopBush_A_02
-0.1808242
0.8950555
-0.25434
1322.629
131.6061
-909.3203
1.046387
Obj_TreeBroadleaf_A_L
0
-2.519999
0
1335.398
126.4932
-998.1486
1.0
Obj_Plant_HopBush_A_01
-0.008403576
0.2250788
0.1441506
1103.004
167.5306
-272.3867
0.879883
Enemy_Keese
0
-2.172389
0
1810.887
207.3437
-760.8113
1.0
Obj_Plant_CypressLow_A_01
3.0242
-0.5116724
-2.627152
1541.084
168.7358
-742.8722
1.0
Obj_LiftRockWhite_A_01
0
0
0
1385.388
125.8506
-761.0282
1.0
Obj_LiftRockWhite_Korok_A_01
0.256385
-1.250191
-0.2438461
1088.113
165.1485
-222.4325
1.0
Item_Plant_O
1.882446
-0.9591064
-0.8939208
1981.234
250.9297
-849.6836
1.0
Obj_Plant_CypressLow_A_02
-2.998674
0.2640686
-2.866199
1534.37
166.2058
-736.1839
1.0
Obj_Plant_CypressLow_A_02
0.001714618
0.01196015
0.1453324
1106.523
168.0324
-272.375
1.003418
Obj_MineralBury_A_01
2.929349
0.1918415
-2.896672
1866.207
191.3741
-862.8281
1.0
Obj_MineralBury_A_01
0.1815118
-0.5962048
0.4040896
1753.612
198.1095
-996.1974
1.0
TwnObj_FenceWood_A_01
0
0.2362636
0
1574.266
114.6055
-173.925
1.0
Kibako_Contain_01
0.000772107
-0.000564835
-0.001847135
1761.743
115.0709
-51.10176
1.0
Obj_RockSetDeathMt_C_04
1.952468
-1.031095
-1.855618
1394.142
134.8118
-998.6007
1.0
Obj_LiftRockWhite_A_01
-0.1210255
2.207827
-0.1210255
1282.197
127.033
-695.8274
1.0
Area
0
0
0
1732.349
118.3475
-93.32111
25
Obj_Plant_HopBush_A_01
0
0.3916015
0
1728.762
114.6742
69.04297
0.858398
Enemy_Keese_AllDay
0
0.7800003
0
1729.582
124.9262
-99.74396
1.0
Area
0
0
0
1430.661
115.7244
-505.5541
25
Kibako_Contain_01
-0.002530278
-0.5167015
-0.0009231796
1763.286
115.0697
-49.05833
1.0
FldObj_CliffGashamahi_A_02
2.433507
1.00409
3.042413
1245.854
119.1463
-661.7323
1.0
Obj_RockLayerMossSet_A_04
0
2.100001
0
1235.858
126.8657
-888.3976
1.0
Item_Mushroom_E
0
-0.3416748
0
1494.723
148.9335
-797.7109
1.0
Area
0
-0.3
0
1896.266
116.8026
-326.4438
60
Obj_BarrelOld_A_01
0.3751217
-0.4423136
-0.6549976
1987.301
114.4287
-106.3878
1.0
Obj_TreeBroadleafLow_A_01
0
5.44999
0
1260.89
127.2181
-1005.336
1.0
Obj_LiftRockWhite_Korok_A_01
0
1.359999
0
1185.848
164.4328
-70.19583
1.0
Obj_LiftRockWhite_Korok_A_01
0
3.114506
0
1397.38
132.0003
-128.978
1.0
Obj_Plant_CypressLow_A_01
0.04542232
0.1164394
-0.03176514
1324.355
130.5683
-121.8008
1.062012
Item_Mushroom_C
0
1.52
0
1823.181
194.2446
-809.6992
1.0
TwnObj_FenceWood_A_01
0
-0.2982693
0
1583.204
114.3213
-174.4346
1.0
Obj_TreeDeadLeaf_A_01
0
1.496814
0
1830.525
195.3661
-731.1371
1.0
Obj_HideBarrel
-0.03800189
-0.07730302
0.01034918
1985.793
113.1396
-105.8272
1.0
Obj_Plant_CypressLow_A_02
0
-0.3599661
0
1276.827
133.268
-911.4379
1.0
Obj_TreeDeadLeaf_A_01
0
0
0
1870.56
198.7582
-778.707
1.0
Obj_Plant_HopBush_A_02
0.404033
-0.9406375
-0.09401204
1634.676
123.6095
-168.1797
0.928223
FldObj_TorchStandRiverside_A_01
0
-0.1652812
0
1862.901
119.6526
-36.86331
1.0
Item_Mushroom_C
0
0
0
1569.425
171.1379
-1012.836
1.0
Obj_Plant_CypressLow_A_01
-0.1590393
-0.01608304
-0.0624123
1530.656
114.8368
-401.5
1.077148
Obj_TreeConiferous_A_02
0
1.909183
0
1093.714
166.0488
-230.5144
1.0
Obj_TreeBroadleaf_A_L
0
2.783187
0
1175.618
129.6747
-991.6281
1.0
Obj_Plant_HopBush_A_02
0
-1.188232
0
1719.512
114.6746
61.54688
1.061523
Obj_TreeConiferous_A_02
0
6.061981
0
1090.009
164.8918
-217.2538
1.0
Obj_Plant_CypressLow_A_01
-0.4268826
0.6990379
-0.2296335
2025
165.3097
-397.4648
1.023438
Obj_Plant_CypressLow_A_02
0.02118749
0.6675853
-0.1151371
1118.418
163.9666
-236.0938
0.885742
Item_Plant_A
3.141479
0.4864502
3.141479
1419.48
128.3109
-166.8828
1.0
Obj_RockSetDeathMt_C_03
2.825837
-0.168022
-2.905038
1570.258
130.0402
-863.531
1.0
Obj_MineralBury_A_01
1.94957
-1.161639
-1.155879
1743.073
194.8998
-1001.146
1.0
Obj_Plant_CypressLow_A_02
-0.0813047
0.91899
-0.161813
1395.75
123.9852
-207.4688
1.081543
Obj_TreeBroadleaf_A_L
0
-2.679998
0
1222.394
132.6046
-948.156
1.0
Item_Mushroom_D
-1.74353
-0.1309814
-3.006226
1474.934
141.8047
-218.1875
1.0
TBox_Field_Wood
3.130329
-0.4050215
-3.134877
1081.183
202.2773
-324.3947
1.0
Obj_LiftRockWhite_Korok_A_01
-3.091808
-0.4799221
-3.099851
1093.601
164.9987
-221.4872
1.0
Obj_Plant_HopBush_A_02
0.1839785
-0.7057663
-0.1627516
1270.719
134.3387
-927.625
0.858398
Obj_Plant_CypressLow_A_01
0.8865095
-1.203667
-1.00244
1218.145
173.6863
-135.1719
1.039551
Obj_Plant_CypressLow_A_02
0.6310022
1.068369
0.9339698
1516.922
116.9715
-351.3477
1.095703
Enemy_Keese
0
-2.172389
0
1806.81
203.3437
-736.3189
1.0
EnvSeEmitPointInsectTemperate
-2.654663
0.4859619
-1.995605
1691.273
131.6836
-828.4492
1.0
Obj_TreeBroadleafLow_A_01
0
0
0
1214.823
132.9459
-953.3827
1.0
Obj_Plant_HopBush_A_01
0.1338877
-0.9704338
-0.05552138
1611.52
128.6267
-827.8516
0.919922
Obj_RockGray_A_L_03
0.1731138
1.172697
0.05218086
1065.873
188.6043
-322.8704
1.0
Area
0
0
0
1664.633
116.3226
-287.0781
60
BarrelBomb2
3.140427
-0.9695955
-3.141141
1797.743
209.0898
-758.262
1.0
Obj_TreeBroadleafLow_Branch_A_02
0
-1.603186
0
1633.399
186.2482
-949.543
1.0
Obj_Plant_HopBush_A_01
0.1264942
-0.4287509
-0.01417954
1426.992
129.1562
-170.6914
0.870605
EnvSeEmitPointBirdTropical
0.06506346
-0.7081299
0.1889648
1692.43
134.0234
-190.1797
1.0
Obj_TreeBroadleaf_A_L
0
-0.5600007
0
1311.34
126.7301
-1002.262
1.0
Obj_TreeDeadLeaf_A_01
0
0.98
0
1861.026
192.56
-736.1531
1.0
FldObj_TorchStandRiverside_A_01
0
-0.5384755
0
1888.7
116.742
-113.3823
1.0
Item_Mushroom_C
0
0
0
1804.922
195.2465
-745.9096
1.0
Obj_RockGray_A_L_03
-0.1129465
1.195891
-3.017364
1061.118
193.4334
-342.4368
1.0
Obj_TreeApple_A_M_01
0
4.666301
0
1531.449
129.1747
-870.4654
1.0
Item_Plant_C
0
-1.235596
0
1118.035
164.0865
-239.5703
1.0
Obj_Plant_HopBush_A_01
0
1.305298
0
1684.773
129.6147
-162.875
0.90625
Obj_LiftRockWhite_A_01
0
0
0
1319.195
127.7054
-846.1529
1.0
AnchorAction1
0
-2.172389
0
1795.22
205.0269
-739.5707
1.0
AnchorAction1
0
2.041523
0
1880.491
116.6134
-114.8356
1.0
Obj_TreeDeadLeaf_A_01
0
-0.9431856
0
1842.15
193.012
-719.4448
1.0
Obj_TreeWhiteBirch_A_04
0
1.659104
0
1062.284
166.0307
-99.103
1.089684
Animal_Insect_Z
0
-0.7399999
0
1909
115.3105
-270.5
1.0
Item_Plant_O
1.332641
0.2214355
0.4569091
1649.715
156.2656
-878.1289
1.0
Obj_RockLayerMoss_A_LL_04
0
2.800002
0
1352.738
123.2855
-937.0562
1.0
Obj_TreeWhiteBirch_A_04
0
6.117122
0
1049.205
161.3949
-86.32257
1.018115
FldObj_CliffGashamahi_A_02
2.602076
1.000289
2.771576
1245.457
118.0828
-664.1132
1.0
Obj_Plant_HopBush_A_01
0
-0.8477783
0
1621.297
114.6707
45.03906
0.963867
Obj_TreeBroadleafLow_Branch_A_02
0
1.7
0
1820.784
194.5872
-759.7147
1.0
Obj_TreeDeadLeaf_A_01
0
-1.36637
0
1874.88
190.073
-729.5785
1.0
Enemy_Lizalfos_Junior
0
-2.98
0
1479.134
115.0907
-390.0345
1.0
Obj_TreeDead_A_01
0
0.98
0
1821.296
195.4755
-750.1808
1.0
FldObj_HyliaWoodRuin_A_02
0
1.363187
0
1657.075
128.4104
-802.824
1.0
Obj_TreeBroadleaf_A_L
0
-1.3
0
1265.102
126.4704
-1010.833
1.0
Area
0
-0.3
0
1896.266
116.8026
-326.4438
25
Obj_TreeBroadleaf_A_L
0
0.7
0
1694.974
123.0632
-213.7786
1.0
Obj_Mineral_A_01
-0.6980012
0.7288064
-0.5094791
1892.051
162.2638
-562.5258
1.0
Area
0
0
0
1899.5
114.9798
-94.49997
50
EnvSeEmitPointInsectTemperate
0.2333984
0.003417965
-0.2331543
1281.324
130.5664
-816.9844
1.0
Enemy_Golem_Little
0.1284073
-0.7796445
-0.4423941
1058.15
144.627
-799.1016
1.0
Obj_Plant_CypressLow_A_02
0
-0.3609619
0
1436.73
114.6406
-41.07422
1.00293
Kibako_Contain_01
-0.01057542
0.0001762672
0.0003526046
1673.499
116.3018
-306.0002
1.0
FldObj_KorokStone_A_01
0
-0.5235988
0
1698.764
139.7869
-862.8364
1.0
Obj_Plant_CypressLow_A_02
0
0.7249756
0
1553.75
115.8407
-491.8203
0.869629
Obj_TreeBroadleaf_A_L
0
-1.299999
0
1288.994
125.7573
-991.0154
1.0
Obj_RockWhite_B_L_02
-0.2740927
-1.208367
0.7229489
1519.203
159.3483
-775.0662
1.0
FldObj_TorchStandBone_A_01
0
-0.2
0
1738.146
119.3767
-99.84457
1.0
FldObj_CliffWhiteLumpRock_A_02
2.531247
0.2543206
3.04607
1511.019
119.8331
-385.8764
1.0
Item_Mushroom_D
-2.88623
-1.272095
-2.39624
1133.285
230.8672
-428.5977
1.0
FldObj_TravelerTrace_Mark_A_01
0
1.020001
0
1182.255
129.3758
-973.8668
1.0
Obj_LiftRockWhite_Korok_A_01
0
0
0
1374.991
132.8844
-116.6995
1.0
Obj_Plant_CypressLow_A_01
-0.09372796
0.6231975
-0.1755234
1402.594
122.763
-216.457
0.986816
ObservationPoint
0
-1.02
0
1456.435
119.5125
-263.3808
1.0
Item_Mushroom_D
0.916626
-0.3078613
0.3314209
1743.953
132.625
-497.8594
1.0
Obj_TreeBroadleafLow_Branch_A_02
0
1.16
0
1851.397
191.3687
-715.9135
1.0
EnvSeEmitPointInsectTropical
1.931885
0.5303954
3.021728
1751.449
127.4766
-68.81641
1.0
Obj_Plant_CypressLow_A_02
2.847337
1.363307
-3.085656
1544.797
170.3004
-742.0149
1.0
Enemy_Lizalfos_Junior
0
0
0
1474.5
114.4331
-38.99997
1.0
Item_Mushroom_D
0.9378662
-0.04077148
-0.376831
1316.004
143.2852
-1036.16
1.0
Obj_Plant_CypressLow_A_02
-0.4032038
1.260136
-0.5363291
1297.473
133.3541
-900.9961
0.850586
Obj_Plant_CypressLow_A_02
0
0.9003906
0
1703.531
114.646
10.14844
1.045898
FldObj_TorchStandRiverside_A_01
0
-2.955153
0
1879.533
119.6526
-39.66849
1.0
Obj_TreeBroadleaf_A_L
0
0.7781552
0
1308.643
130.5074
-882.1361
1.0
Obj_TreeBroadleafLow_A_01
0
-0.68
0
1227.882
131.4034
-919.4865
1.0
Obj_Plant_HopBush_A_01
-0.4979414
1.461278
-0.1483755
1637.41
119.9392
-140.957
0.961426
Obj_TreeBroadleaf_A_LL
0
0
0
1281.655
133.4968
-915.5938
1.0
Obj_LiftRockWhite_Korok_A_01
-0.225219
3.455186
-0.225219
1403.036
131.9868
-131.9613
1.0
Item_Fruit_A
0
0
0
1148.4
163.4
-230.9
1.0
Animal_Insect_Z
0
-1.683185
0
1944.398
115.0643
-232.4999
1.0
Weapon_Sword_001
1.42
0.26
-0.14
1654.805
116.8723
-284.1328
1.0
Item_Mushroom_C
0
0
0
1841.457
191.1694
-710.0193
1.0
Enemy_Lizalfos_Junior
0
2.041523
0
1871.244
116.672
-110.1301
1.0
FldObj_KorokStake_A_01
0
-1.689553
0
1265.073
105.692
-704.4157
1.015986
EnvSeEmitPointBirdTemperate
1.841186
-1.369018
-1.786255
1333.613
134.8164
-999.7695
1.0
Obj_Plant_CypressLow_A_02
0.1424773
1.271239
-0.005715553
1118.188
164.3011
-245.6016
0.853027
Obj_Plant_CypressLow_A_02
-0.2488047
-0.9360818
0.6340275
1532.947
164.7751
-740.7015
1.0
Obj_LiftRockWhite_Korok_A_01
2.528348
1.525633
2.529388
1380.513
132.8775
-119.1693
1.0
FldObj_HyliaWoodRuinWall_A_01
0
1.420001
0
1616.962
129.1247
-810.1451
1.0
Obj_TreeDead_A_01
0
-1.46
0
1866.725
198.1833
-791.9901
1.0
TwnObj_FenceWood_A_01
0
-0.1237365
0
1565.17
114.6631
-173.2337
1.0
Obj_Plant_CypressLow_A_02
0
0.4738769
0
2037.145
114.7397
14.70703
1.084961
EnvSeEmitPointBirdSubarctic
-2.064575
-1.283447
1.42041
1103.609
210.8516
-443.3906
1.0
Obj_TreeBroadleafLow_Branch_A_02
0
-1.603186
0
1801.52
196.983
-821.4618
1.0
Obj_TreeBroadleaf_A_L
0
5.245588
0
1351.43
130.9662
-913.5206
1.0
Obj_TreeBroadleaf_A_L
0
-1.384416
0
1374.698
127.6902
-912.2466
1.0
FireWoodDie
0
0.76
0
1764.201
115.0783
-54.5788
1.0
FldObj_EnemyBaseRiverside_LadderA_01
0
0.8726646
0
1929.261
119.0961
-74.60025
1.0
FldObj_TorchStandRiverside_A_01
0
1.559031
0
1956.409
119.6526
-131.2428
1.0
Obj_Mineral_A_01
2.58684
1.143614
2.808081
1544.413
165.9726
-964.8082
1.0
Obj_BarrelOld_A_01
-0.6114426
-0.6269164
-1.148323
1987.265
114.84
-104.9619
1.0
Obj_LiftRockWhite_Korok_A_01
-0.2190305
3.912635
-0.2190305
1394.605
131.9558
-129.2414
1.0
PointWindSetTag
-1.570796
0.9399999
7.125401E-17
1573.847
163.7
-863.1873
60
Obj_Plant_CypressLow_A_01
-0.4770691
1.386668
-0.4185434
1489.285
131.8063
-873.7734
0.888672
FldObj_CliffWhiteParts_A_04
-3.036074
0.3864053
2.954694
1521.243
108.7593
-279.6575
1.0
Obj_RockWhite_A_L_03
-2.138421
-0.7310671
2.508613
1499.256
149.7187
-801.7072
1.0
Obj_TreeBroadleaf_A_L
0
-0.86
0
1715.985
122.2585
-221.7253
1.0
Area
0
0
0
1664.633
116.3226
-287.0781
25
Obj_TreeDeadLeaf_A_01
0
2.899999
0
1830.959
194.2523
-802.0068
1.0
Obj_Plant_CypressLow_A_02
-0.7841039
0.965838
-0.6343697
1469.727
119.0557
-225.8945
1.008789
FldObj_KorokStake_A_01
0
-0.4319998
0
1266.738
105.3952
-708.0529
1.089468
Obj_Mineral_A_01
0
-2.759999
0
1777.583
191.3108
-706.7626
1.0
Obj_Plant_CypressLow_A_02
0.05463634
-0.3008009
0.08984434
1332.493
132.2294
-931.9825
1.0
FldObj_CliffWhiteLumpRock_A_02
3.139994
-0.3938549
2.882581
1532.198
108.5133
-283.6396
1.0
Item_Plant_A
0
1.351929
0
1669.676
128.9941
-135.6445
1.0
Obj_Plant_CypressLow_A_02
-2.718699
0.955483
-2.761473
1524.11
157.3829
-791.0731
1.0
FldObj_PushRock_A_M_01
-0.8271859
0.003062313
-0.5928758
1658.334
131.8132
-856.7619
0.9
Obj_TreeBroadleaf_A_L
0
1.36
0
1672.51
122.6754
-219.8122
1.0
Obj_LiftRockWhite_Korok_A_01
0.1429469
-0.9752477
-0.1185914
1094.56
164.9344
-220.3896
1.0
Obj_TreeBroadleaf_A_L
0
2.158141
0
1301.615
132.8698
-895.87
1.0
Enemy_Golem_Little
0.274192
-0.8416117
-0.2014533
1033.496
162.1437
-710.9567
1.0
Obj_TreeBroadleaf_A_L
0
0.54
0
1684.917
122.198
-227.66
1.0
Obj_LiftRockWhite_Korok_A_01
-0.1979688
2.48543
-0.1979688
1391.676
131.9433
-132.1816
1.0
Obj_Plant_CypressLow_A_02
-0.1543504
-0.008433231
-0.1089501
1455.531
133.807
-691.139
1.0
Item_Mushroom_C
0
0
0
1867.09
193.4315
-750.3293
1.0
Kibako_Contain_01
0.01230834
0.6193545
0.001875579
1411.001
115.7243
-485.8741
1.0
EnvSeEmitPointBirdSubarctic
-2.638305
-0.8088378
-1.97998
1098.969
173.1797
-222.832
1.0
Item_Mushroom_C
0
0
0
1847.914
194.6137
-736.8801
1.0
EnvSeEmitPointBirdTropical
-2.996582
-0.1191406
2.766968
1539.922
126.3164
-373.7773
1.0
Obj_Plant_CypressLow_A_01
0.01887076
0.2857867
0.1860535
1606.648
114.93
-224.3711
0.983398
Obj_Plant_CypressLow_A_02
-0.3033863
-1.05627
0.06362124
1299.512
170.9799
-220.2539
1.065918
Item_Mushroom_C
0
0
0
1826.814
194.7598
-810.8247
1.0
Enemy_Lizalfos_Junior
0
0
0
1439
114.663
-36.49997
1.0
Obj_TreeBroadleaf_A_LL
0
-1.06
0
1682.798
122.8263
-216.5012
1.0
AnchorAction1
0
0
0
1537.5
118.8
-162.7
1.0
Obj_TreeBroadleafLow_Branch_A_02
0
-1.883186
0
1853.192
194.3874
-745.34
1.0
Obj_RockLayerMoss_A_LL_04
0
-2.043184
0
1307.107
123.3244
-866.6809
1.0
AnchorAction1
0
2.041523
0
1845.959
115.9872
-96.70209
1.0
Obj_LiftRockWhite_A_01
3.075203
-1.04546
-3.037247
1271.139
126.8357
-688.2131
1.0
Obj_TreeDead_A_01
0
2.476815
0
1820.282
194.5315
-722.2517
1.0
FldObj_CliffWhiteBroken_A_04
1.673498
0.5177251
0.05096279
1665.773
116.9887
-611.6958
1.0
FldObj_KorokStone_A_01
0
-0.5235988
0
1694.92
139.9744
-862.1775
1.0
Obj_LiftRockWhite_Korok_A_01
3.037292
0.6957265
3.074598
1084.495
164.8895
-218.308
1.0
Obj_LiftRockWhite_Korok_A_01
2.926101
1.281343
2.926101
1396.069
131.9738
-127.7713
1.0
Obj_TreeBroadleaf_A_L
0
-0.84
0
1663.458
121.6276
-245.4989
1.0
Obj_Plant_CypressLow_A_02
0.2194596
-1.291669
-0.1850377
1812.309
117.4973
-378.25
1.086426
Obj_TreeDead_A_01
0
0
0
1824.927
193.2549
-713.0049
1.0
FldObj_PushRock_A_M_01
-0.06949406
-0.62419
-1.023547
1654.696
131.9401
-858.3458
1.0
Obj_Plant_HopBush_A_02
-0.03510103
0.5159859
0.08751293
1416.375
127.9461
-170.9883
0.941895
Obj_Plant_CypressLow_A_01
0.2759614
1.400699
0.4551515
1608.375
115.2225
-219.0859
0.996582
Obj_Plant_CypressLow_A_02
0.09477261
-0.285877
0.03997369
1384.789
134.8938
-707.7188
1.05957
Obj_Plant_CypressLow_A_02
0
0
0
1274.922
125.7213
-1019.904
1.0
FldObj_TorchStandRiverside_A_01
0
-1.804155
0
1923.714
119.6526
-122.4801
1.0
Obj_Plant_CypressLow_A_02
-0.03229042
-0.8363459
0.3352067
1513.554
155.3237
-794.0879
1.0
TwnObj_FenceWood_A_01
0
0.06173069
0
1592.282
114.3847
-173.5358
1.0
Item_Plant_O
-2.622314
-1.261597
-2.665283
1620.168
168.1641
-899.6641
1.0
Obj_LiftRockWhite_Korok_A_01
-2.785894
0.6957272
3.074598
1084.525
164.5952
-215.4963
1.0
Obj_Plant_HopBush_A_01
-0.3751635
1.38838
-0.5797146
1066.633
149.0965
-681.207
0.956543
Obj_RockGray_A_L_03
2.871305
0.7421265
0.2783986
1073.384
192.4021
-319.8118
1.0
Obj_LiftRockWhite_Korok_A_01
2.905472
-0.1402735
2.926101
1383.442
132.8783
-116.2292
1.0
Obj_Plant_HopBush_A_02
-0.06634492
0.4276397
-0.07590365
1400.559
123.7357
-206.457
1.032227
AnchorAction1
0
0
0
1534.1
120.6
-157.8
1.0
FldObj_EnemyLookout_B_01
0
2.207611
0
1807.947
195.3437
-729.2496
1.0
Obj_Plant_HopBush_A_01
0.1822272
0.0460037
-0.1492892
1180.145
163.9249
-60.67578
0.884277
Obj_Plant_HopBush_A_02
-0.08658469
-0.9148651
0.08519704
1645.16
129.0778
-809.6602
0.880859
Obj_TreeBroadleaf_A_L
0
2.943185
0
1705.035
123.0544
-215.2378
1.0
EnvSeEmitPointBirdTemperate
3.141479
-0.2738037
3.141479
1353.66
138.8281
-913.3164
1.0
Obj_LiftRockWhite_Korok_A_01
0
0
0
1380.348
132.903
-122.1709
1.0
Obj_Mineral_A_01
0.2799998
0.7
0
1959.4
164.5311
-721.6335
1.0
Animal_Bear_A
0
0.7853982
0
1134.853
163.4152
-233.15
1.0
Obj_TreeBroadleaf_A_L
0
3.01346
0
1346.576
130.8759
-898.5287
1.0
FldObj_PushRockIron_A_M_01
-0.1445619
0.04564933
-0.2792735
1101.938
111.4489
-861.3631
1.0
Obj_Plant_HopBush_A_01
-0.130576
0.9517629
-0.08755383
1531.629
115.6268
-148.8516
1.004883
Obj_TreeBroadleafLow_Branch_A_02
0
0
0
1824.458
190.2336
-699.9092
1.0
Obj_Plant_CypressLow_A_02
-0.08787945
0.09655762
0.0474053
1423.465
127.6539
-836.7422
1.005371
Obj_Plant_HopBush_A_02
-0.2506763
-1.089666
0.1738607
1401.574
124.1132
-201.9023
0.859375
Obj_TreeConiferous_A_02
0
0.9305176
0
1105.203
168.3569
-289.2086
1.0
Obj_TreeBroadleafLow_Branch_A_02
0
2.98
0
1624.527
189.0985
-953.9122
1.0
RockLayerMoss_A_M_01
0
3.063185
0
1449.5
113.5
-469
1.0
Enemy_Golem_Little
0.1081822
-0.01559363
0.2860428
1203.272
132.6458
-667.5313
1.0
Obj_Plant_HopBush_A_02
-0.2330443
0.5651719
-0.02609035
1692.305
129.9707
-163.4258
0.890625
Obj_Plant_CypressLow_A_02
0.1934942
0.138764
-0.2031862
1201.582
166.3659
-96.51953
0.980469
Item_Plant_B
3.141479
0.1145019
3.141479
1303.496
130.9649
-884.4453
1.0
BeeHome
0.26
1.105055E-10
-2.821593
1149.7
164.125
-230.7234
1.0
Obj_TreeBroadleafLow_Branch_A_01
0
2.98
0
1565.493
170.7457
-1003.612
1.0
Obj_Plant_CypressLow_A_02
-2.904163
1.187882
-3.063006
1312.446
132.459
-916.3937
1.0
Barrel
-3.018549
0.7534893
-2.984474
1078.114
200.0692
-345.1251
1.0
Obj_Plant_HopBush_A_02
0.02374937
0.436201
0.2555486
1802.129
172.0159
-632.6602
0.863281
Obj_TreeBroadleafLow_A_01
0
4.184932
0
1322.226
126.6669
-999.3157
1.0
Obj_Plant_CypressLow_A_02
-0.1150922
-0.7739696
0.1383594
1044.344
178.1994
-573.0859
0.92334
FldObj_WeaponStand_A_01
0
0.501593
0
1422.338
115.7305
-520.3772
1.0
FldObj_HyliaWoodRuinDebris_A_02
0
0.02000009
0
1676.764
129.9391
-840.731
1.0
AnchorAction1
0
2.041523
0
1852.878
116.6796
-98.53998
1.0
EnvSeEmitPointBirdTemperate
0
-0.9438476
0
1280.82
143.7148
-895.4492
1.0
Item_Plant_H
0
0.5167236
0
1525.426
115.3729
-157.4531
1.0
TBox_Field_Wood
-4.689656E-05
-1.020085
0.0001483561
1852.308
116.732
-100.7231
1.0
Obj_Plant_CypressLow_A_02
-0.04035573
0.1121768
0.09700045
1425.145
129.0958
-172.1289
1.020508
Obj_Plant_CypressLow_A_02
0.4093354
1.238356
0.3308091
1454.176
149.9457
-189.7891
0.918945
Animal_Bear_A
0
-3.141593
0
1135.9
163.3625
-226.1
1.0
Obj_Plant_CypressLow_A_02
3.026661
1.114779
2.886602
1367.922
130.1108
-919.0966
1.0
Obj_TreeBroadleaf_A_L
0
0.5598288
0
1346.104
129.6586
-885.7481
1.0
Obj_Plant_CypressLow_A_02
-0.1462908
-1.009833
0.2900669
1034.41
185.0372
-533.6133
0.963867
Obj_Plant_CypressLow_A_01
0.02907215
-0.6706604
-0.3292268
1283.051
132.7948
-932.1563
1.020508
Weapon_Sword_001
1.42
0.26
-0.14
1724.078
119.1766
-98.29684
1.0
FldObj_CliffWhiteLumpRock_A_02
0.4027523
0.0935935
-3.126121
1510.204
120.2265
-367.3691
1.0
Obj_RockSetGray_A_02
0.05288081
0.323397
-0.1351864
1099.859
206.4561
-387.6243
1.0
Obj_Plant_CypressLow_A_02
0.07204697
1.329976
0.1688364
1203.957
131.1319
-906.0078
1.083008
Obj_Plant_CypressLow_A_01
0
-1.120727
0
1325.117
130.465
-117.7695
0.978027
Obj_Plant_CypressLow_A_02
0.1583817
-0.08715689
-0.2262152
1143.066
210.4591
-321.9727
0.884766
Area
0
-2.172389
0
1801.42
195.3437
-747.9033
100
Obj_Plant_CypressLow_A_01
-1.453223
1.158318
-1.487925
1171.18
253.7091
-409.3867
0.866211
Item_Mushroom_H
0
1.192261
0
1695.914
124.5633
-201.2422
1.0
Obj_Plant_HopBush_A_01
0.02669498
-0.4656386
-0.2394189
1280.633
133.4538
-924.7969
0.881836
Obj_Plant_CypressLow_A_02
0
0.1582031
0
1304.742
132.7859
-894.3789
0.860352
Weapon_Spear_021
-0.8406975
1.078664
0.835298
1081.531
200.402
-329.9821
1.0
Barrel
-0.0001375913
-0.3381118
-0.03603106
1724.496
118.6486
-94.50233
1.0
Obj_Plant_CypressLow_A_01
3.076317
0.9677879
-2.810705
1531.25
163.9779
-741.1821
1.0
Obj_TreeConiferous_A_02
0
3.896719
0
1104.027
165.1509
-238.7665
1.0
Obj_Plant_CypressLow_A_02
-0.01032137
0.1804006
0.0923027
1104.281
167.5874
-278.3984
0.946777
Obj_MineralBury_A_01
1.102518
0.6129975
0.3922067
1730.106
120.7261
-105.1967
1.0
Obj_LiftRockWhite_Korok_A_01
3.061441
-0.06139538
-3.136665
1091.9
164.3211
-212.1374
1.0
Enemy_Octarock
0
0
0
1921.148
112.292
-101.539
1.0
AnchorAction1
0
2.381592
0
1078.046
194.1754
-340.1002
1.0
Obj_TreeBroadleafLow_A_02
0
0
0
1178.208
129.2488
-968.667
1.0
FldObj_TorchStandRiverside_A_01
0
2.976311
0
1928.484
119.6526
-58.05466
1.0
Obj_LiftRockWhite_Korok_A_01
3.061441
-0.06139538
-3.136665
1086.821
165.1492
-221.8383
1.0
Obj_Plant_CypressLow_A_02
-0.001970883
1.014462
-0.1190531
1120.188
163.761
-237.1836
1.073242
Obj_Mineral_A_01
-0.39099
-0.4393797
0.5633293
1870.355
191.071
-857.9532
1.0
Obj_Plant_CypressLow_A_02
0.04949451
0.7045574
0.06646215
1805.742
117.3798
-380.6094
0.95459
Obj_LiftRockWhite_Korok_A_01
2.904429
-0.4767861
2.933452
1377.61
132.8758
-122.0916
1.0
AnchorAction1
0
0.32
0
1664.004
116.3226
-288.9766
1.0
TwnObj_FenceWood_A_01
0
3.024915
0
1596.753
114.6172
-173.6631
1.0
Animal_Insect_Z
0
5.050342
0
1925.75
114.9613
-251
1.0
Obj_Plant_CypressLow_A_01
0
-0.364624
0
1579.527
114.6441
-173.9883
0.877441
Obj_TreeBroadleaf_A_L
0
5.261837
0
1295.673
132.8689
-908.5337
1.0
Weapon_Lsword_020
0.01122314
-0.5202642
-0.00231854
1533.599
115.737
-193.9003
1.0
Obj_TreeBroadleafLow_A_01
0
4.682229
0
1315.51
132.0095
-919.5146
1.0
Obj_Plant_HopBush_A_01
-0.1221406
-0.8973508
0.05097942
1405.445
132.4334
-138.875
0.989258
Obj_TreeBroadleaf_B_L_02
0
-0.1999999
0
1585.655
183.118
-719.7651
1.0
Obj_Plant_CypressLow_A_02
0.02429107
0.001300427
-0.1069646
1258.018
126.6602
-1025.151
1.0
FldObj_KorokStone_A_01
0
1.047198
0
1699.147
141.7791
-861.4625
1.0
Obj_TreeConiferous_A_02
0
2.856709
0
1080.202
165.8961
-222.4573
1.0
Obj_Plant_CypressLow_A_02
1.271223
1.263982
1.389566
1832.262
120.5814
-389.5117
0.973633
Obj_Plant_HopBush_A_02
0
1.163818
0
1708.273
114.6746
57.79688
1.058594
Item_Mushroom_D
1.023315
-0.708496
-0.092041
1750.516
133.5664
-492.2266
1.0
Obj_Plant_HopBush_A_01
0
-0.2305908
0
1455.965
114.6746
23.24219
1.062012
Obj_Plant_CypressLow_A_02
-0.1627207
0.01682301
0.205592
1478.6
141.1331
-827.3
1.0
Animal_Insect_Z
0
2.06
0
1883
115.0973
-305
1.0
Obj_Plant_HopBush_A_01
-0.1054713
0.9000183
-0.0336877
1657.418
121.3952
-233.3359
0.917969
FldObj_EnemyLookout_B_01
0
1.307612
0
1807.097
195.3437
-763.0533
1.0
Obj_Plant_CypressLow_A_01
-0.2419727
-1.03795
0.4341374
1542.449
167.7548
-757.8633
0.90918
Weapon_Shield_021
-2.998237
1.060189
-0.03309153
1527.404
115.2346
-194.8947
1.0
Obj_Plant_CypressLow_A_01
0.3035225
-1.110929
-0.1912114
1573.109
114.7756
-464.6094
1.095215
AnchorAction1
0
2.381592
0
1078.046
194.1754
-340.1002
1.0
Obj_Plant_HopBush_A_02
-0.1884134
0.1791492
-0.4652659
1788.813
123.6576
-133.793
0.917969
Obj_TreeBroadleaf_A_LL
0
1.44
0
1701.4
121.8169
-228.7787
1.0
Obj_Plant_CypressLow_A_02
0.2303526
0.1414962
-0.2530074
1223.047
169.9079
-126.2188
0.966797
Item_Mushroom_H
0
1.139526
0
1526.215
116.1009
-226.8906
1.0
Obj_TreeBroadleaf_A_L
0
3.023083
0
1295.31
132.1953
-927.5082
1.0
Obj_Plant_CypressLow_A_02
2.870435
0.7312184
-2.855451
1528.906
163.4748
-747.0573
1.0
FldObj_TorchStandRiverside_A_01
0
0.6590306
0
1947.068
119.6526
-139.1422
1.0
EnvSeEmitPointBirdTropical
0
0.6662597
0
1441.547
123.5117
-269.9141
1.0
FldObj_HyliaWoodRuinBeam_A_01
0
0
0
1648.307
129.4728
-844.5591
1.0
Obj_Plant_CypressLow_A_01
0.175633
1.240496
0.2313776
1681.699
114.8477
-10.75781
1.050293
Obj_LiftRockWhite_Korok_A_01
2.905472
-0.1402735
2.926101
1376.671
132.8502
-109.7553
1.0
FldObj_CliffWhiteLumpRock_A_02
-1.540827
-0.09980898
-0.3943042
1524.3
120.2435
-372.5534
1.0
Obj_Plant_HopBush_A_02
-0.1250614
0.3857095
0.07298309
1393.852
131.6686
-145.0352
1.023438
Obj_Plant_HopBush_A_01
0.1332289
1.322376
0.2767745
1097.246
166.7244
-279.4219
0.873047
Kibako_Contain_01
-2.023383
-1.549044
2.026604
1859.715
116.7135
-97.44853
1.0
Obj_Plant_CypressLow_A_02
-0.4964781
-0.1589653
-0.004995971
1380.176
135.202
-704.4023
0.885254
TwnObj_FenceWood_A_01
0
-3.083736
0
1569.795
114.1582
-173.0895
1.0
Obj_Plant_CypressLow_A_01
0.4955783
-1.211397
-0.3396802
1444.031
125.8773
-888.1211
0.891602
Obj_Plant_CypressLow_A_02
0.0890454
-0.001712682
0.03843707
1331.689
133.2415
-941.472
1.0
Obj_Plant_CypressLow_A_01
-0.06865804
-0.9472072
0.1490337
1045.43
177.8882
-579.9063
1.018555
Obj_TreeDeadLeaf_A_01
0
0.5840228
0
1703.042
181.5295
-945.5659
1.0
Obj_TreeDead_A_01
0
-0.9431856
0
1835.649
189.5967
-697.7805
1.0
Barrel
3.141587
-0.9692031
3.141578
1812.197
214.6947
-745.809
1.0
Barrel
3.141576
1.100068
3.141587
1872.667
116.7481
-102.1875
1.0
Obj_LiftRockWhite_Korok_A_01
0
4.512856
0
1398.341
131.9266
-139.0893
1.0
Obj_Plant_CypressLow_A_02
2.918135
-0.894442
-2.540355
1535.928
166.5695
-744.731
1.0
FldObj_TorchStandRiverside_A_01
0
-1.398476
0
1882.606
116.8357
-109.9046
1.0
Obj_Plant_CypressLow_A_01
-1.290044
1.373416
-1.139347
1506.067
152.0308
-802.907
1.0
FldObj_CliffWhiteLumpRock_A_02
2.488063
1.258723
-2.003405
1172.817
237.0848
-315.7549
1.0
Obj_RockLayerMoss_A_LL_04
3.041593
-1.058409
-3.141592
1368.244
122.5745
-927.9888
1.0
Obj_Plant_CypressLow_A_02
-0.01337723
-0.2917097
0.2524165
1546.09
129.7505
-899.3945
0.933105
RockWhite_A_M_06
-0.5886679
-0.03996902
-0.1316775
1622.543
161.4297
-747.2529
1.0
Area
0
0
0
1077.103
194.1754
-335.3201
25
Obj_TreeBroadleaf_A_L
0
5.662991
0
1332.62
131.565
-919.8096
1.0
Obj_Plant_HopBush_A_02
-0.1198517
-0.578644
-0.003042309
1403.016
123.1397
-212.0508
1.08252
SpotBgmTag
0
0
0
1520
120
-375
35
BarrelBomb
0.003677579
0.1215412
0.0129084
1412.829
115.7483
-529.6115
1.0
Obj_TreeBroadleafLow_A_01
0
6.227293
0
1313.56
132.3129
-904.774
1.0
Obj_LiftRockWhite_Korok_A_01
0
0
0
1384.828
132.8619
-117.566
1.0
Obj_RockSetDeathMt_C_04
2.335751
0.1961783
-3.02004
1616.374
163.5511
-901.2863
1.0
Obj_RockLayerMoss_A_LL_04
0
1.84
0
1418.25
127.6671
-705.5835
1.0
Obj_TreeDeadLeaf_A_01
0
-0.7000001
0
1728.145
181.204
-929.5816
1.0
Obj_Plant_HopBush_A_02
-0.02385363
-0.7478698
-0.1052594
1317.922
132.2169
-908.043
0.895996
EnvSeEmitPointInsectSubarctic
-2.877319
0.6174316
2.263305
1079.648
209.3555
-484.5898
1.0
FldObj_TorchStandRiverside_A_01
0
-0.6184773
0
1874.592
116.3592
-116.1964
1.0
FldObj_TorchStandRiverside_A_01
0
-0.7584769
0
1878.538
116.9061
-118.967
1.0
Obj_TreeDeadLeaf_A_01
0
-2.44
0
1815.872
194.232
-847.9012
1.0
AnchorAction1
0
-2.172389
0
1801.42
195.3437
-747.9033
1.0
Animal_Insect_Z
0
0.9
0
1842.5
115.2309
-343.5
1.0
Obj_Plant_CypressLow_A_01
0.01110218
-0.6931245
-0.3931703
1785.348
124.7701
-138.1406
1.011719
Kibako_Contain_01
-5.281684E-05
0.7199972
0.008164051
1673.501
116.2796
-309.0008
1.0
Obj_LiftRockWhite_A_01
0.5370752
0.01296949
-0.04712205
1336.218
125.0352
-714.0979
1.0
Obj_RockGray_A_L_02
0
-0.6199999
0
1071.817
192.118
-323.8227
1.0
FldObj_RockGashamahi_A_07
-1.02014
-1.199921
1.051024
1253.367
114.8541
-662.2279
1.0
Obj_Plant_CypressLow_A_02
-2.857016
-0.3912923
-3.032818
1546.883
171.0315
-745.8643
1.0
Obj_Plant_CypressLow_A_02
0.08660194
0.9554657
0.07884873
1355.777
131.852
-927.2621
1.0
Obj_Plant_CypressLow_A_01
-0.1855904
0.4174361
-0.3437662
1467.523
118.8556
-227.1328
0.936035
FldObj_TorchStandRiverside_A_01
0
-2.377162
0
1885.554
119.6526
-87.82623
1.0
Item_Mushroom_D
1.163574
0.6541747
0.2772217
1355.492
150.2305
-232.5625
1.0
FldObj_KorokStone_A_01
0
2.617994
0
1699.131
140.7791
-861.4664
1.0
Obj_Plant_CypressLow_A_01
0.3448049
-1.234482
-0.03434555
1689.141
130.3148
-817.2461
1.058105
Obj_LiftRockWhite_Korok_A_01
-0.1979688
5.984402
-0.1979688
1397.178
131.9488
-137.8414
1.0
Obj_TreeConiferous_A_02
0
2.598413
0
1101.748
165.565
-247.6491
1.0
EnvSeEmitPointInsectTemperate
-1.808349
0.833496
-1.625366
1457.48
133.7266
-691.293
1.0
Obj_TreeDead_A_01
0
1.570796
0
1686.5
129.79
-823.6
1.0
Obj_LiftRockWhite_Korok_A_01
1.920072
-1.485643
-1.921242
1093.216
164.3252
-212.5941
1.0
Obj_Plant_HopBush_A_01
1.628556
-1.391583
-1.450835
1438.07
130.7273
-950.3125
0.959961
Obj_RockSetGray_A_L_02
0.3132275
-0.7490452
-0.4439796
2005.688
110.257
-86.29294
1.0
EnvSeEmitPointBirdTropical
1.931885
0.5303954
3.021728
1751.449
129.0508
-68.81641
1.0
AnchorAction1
0
2.041523
0
1856.817
116.647
-110.6429
1.0
Obj_RockSetDeathMt_C_01
-3.095218
-0.02323684
2.911456
1359.432
122.4736
-997.1103
1.0
Obj_TreeBroadleaf_A_L
0
4.932808
0
1323.014
133.1681
-941.3096
1.0
Obj_TreeDead_A_01
0
0.03681489
0
1849.473
194.7715
-813.9772
1.0
FldObj_TorchStandRiverside_A_01
0
1.161524
0
1878.205
116.5076
-109.2865
1.0
Obj_TreeWhiteBirch_A_03
0
1.63702
0
1184.108
165.3876
-71.8526
1.0
Obj_Plant_CypressLow_A_01
2.951698
-0.9002355
-2.528469
1536.457
166.3538
-741.3445
1.0
Obj_Plant_HopBush_A_02
0
0.1256104
0
1672.941
114.6746
35.40625
0.950684
Weapon_Lsword_020
-1.254427
-0.897987
3.081073
1656.424
117.5003
-284.2175
1.0
Obj_Plant_CypressLow_A_02
0
0.07885741
0
1612.883
128.3985
-824.0859
1.047852
Obj_LiftRockWhite_Korok_A_01
0
2.959999
0
1187.769
163.5131
-67.05914
1.0
Animal_Insect_Z
0
0
0
1752.5
115.6785
-401.5
1.0
Kibako_Contain_01
-0.007296556
0.465318
-0.007974544
1987.974
114.6128
-101.8036
1.0
Obj_Plant_CypressLow_A_01
-0.2337974
1.084092
-0.3631451
1499.418
118.9203
-176.9414
0.870605
Obj_TreeConiferous_A_02
0
1.224809
0
1090.824
166.3086
-286.4921
1.0
Obj_Plant_CypressLow_A_01
0
-0.6054688
0
1431.137
114.6746
-35.52344
0.936035
Obj_Plant_CypressLow_A_02
-0.2621663
-0.8404967
0.2287102
1411.285
125.9323
-191.2188
1.053711
Obj_RockSetDeathMt_C_04
0.3199522
-0.03176573
0.1962529
1526.905
129.8384
-918.82
1.0
AnchorAction1
0
2.381592
0
1079.92
202.2875
-326.819
1.0
Obj_Plant_CypressLow_A_02
0.5250891
-1.129304
-0.536845
1372.137
125.9124
-897.8719
1.0
Obj_TreeDeadLeaf_A_LL_01
0
0
0
1869.444
193.8124
-751.0392
1.0
Area
0
0
0
1899.5
114.9798
-94.49997
25
FldObj_RockGashamahi_A_03
-0.54
0
-1.88
1243.954
120.3425
-665.9405
1.0
Item_Plant_A
0
1.252685
0
1499.559
118.7808
-178.0547
1.0
Obj_TreeDeadLeaf_A_01
0
2.256814
0
1774.209
195.9749
-887.0286
1.0
Obj_Mineral_A_01
-3.036884
0.8426931
-2.875988
1753.718
197.7308
-994.0394
1.0
Obj_LiftRockWhite_A_01
0
-2.792528
0
1272.039
126.7369
-689.0963
1.0
Item_Fruit_A
-1.105223
-0.08571177
1.333424
1149.3
163.4
-231.2
1.0
Obj_TreeDeadLeaf_A_01
0
0.98
0
1806.688
189.1997
-789.3426
1.0
FldObj_TorchStandBone_A_01
0
0.9600005
0
1802.541
195.0102
-742.735
1.0
Obj_RockSetDeathMt_C_03
2.879267
1.030889
3.079765
1374.307
125.9033
-972.1504
1.0
Obj_TreeBroadleafLow_Branch_A_01
0
2.98
0
1723.332
179.0318
-912.3618
1.0
FldObj_TravelerTrace_Mark_A_01
0
0.76
0
1764.906
115.079
-60.4335
1.0
Obj_LiftRockWhite_Korok_A_01
-2.445894
0.6957272
3.074598
1090.137
164.1702
-211.8359
1.0
Obj_TreeBroadleafLow_A_01
0
0.7399999
0
1702.049
124.9306
-200.5734
1.0
Obj_Plant_CypressLow_A_02
2.723655
-1.445316
-2.748133
1292.535
131.703
-950.8142
1.0
Obj_LiftRockWhite_Korok_A_01
0
2.139999
0
1187.329
164.0718
-68.99979
1.0
FldObj_KorokStake_A_01
0
-1.326363
0
1267.891
106.6452
-706.4258
0.9062946
Obj_Plant_HopBush_A_02
0.05294369
-0.3224285
0.01620405
1426.406
128.8289
-167.4648
0.871094
Obj_TreeBroadleafLow_Branch_A_02
0
-1.603186
0
1722.72
178.647
-908.9338
1.0
Obj_Mineral_A_01
0
0
0
1206.294
246.9858
-350.8611
1.0
Obj_Plant_HopBush_A_01
-1.32922
1.383557
-1.291725
1415.918
123.1144
-205.4063
1.063965
Obj_TreeWhiteBirch_A_03
0
4.4687
0
1177.652
163.5859
-56.74893
1.0
TBox_Field_Iron
0.151772
0.1213181
-0.1286804
1912.885
113.3651
-96.53619
1.0
Item_Fruit_A
0.54
0
0
1149.3
163.4
-231.7
1.0
Obj_TreeDead_A_01
0
-2.44
0
1847.355
194.7452
-737.6936
1.0
FldObj_EnemyLookout_B_01
0
2.241592
0
1397.047
115.8099
-522.5635
1.0
Obj_TreeDead_A_01
0
0.2136296
0
1696.555
181.808
-963.8488
1.0
Obj_TreeConiferous_A_02
0
4.732363
0
1080.511
167.8557
-278.24
1.0
Obj_Plant_HopBush_A_01
0.2167608
0.747368
0.5177431
1801.848
172.4881
-635.957
0.986816
Barrel
-3.1057
0.758775
-3.072393
1076.143
199.989
-345.7662
1.0
Obj_RockSetDeathMt_C_02
3.103792
-0.7131215
-2.803051
1839.938
194.3439
-871.2755
1.0
Obj_TreeBroadleaf_A_LL
0
1.652389
0
1469.257
129.6436
-678.6853
1.0
Obj_Plant_CypressLow_A_02
0.01313462
-0.001399204
0.2122553
1687.2
129.7216
-838.5
1.0
Animal_Insect_Z
0
0
0
1683
115.5086
-404
1.0
Obj_LiftRockWhite_Korok_A_01
0
2.877404
0
1392.989
131.9409
-133.432
1.0
Obj_Plant_CypressLow_A_02
-0.126097
0.2658926
-0.0256833
1690.867
128.8813
-169.8672
1.097168
Enemy_Lizalfos_Junior
0
-0.4781318
0
1909.75
105.0772
-73.40625
1.0
FldObj_HyliaWoodRuinBeam_A_01
0
2.979999
0
1620.767
128.5588
-809.1733
1.0
Obj_TreeBroadleaf_A_L
0
1.643192
0
1194.688
130.1027
-987.3795
1.0
Obj_Plant_CypressLow_A_01
1.093328
1.408435
1.171618
1301.551
132.3994
-892.3555
0.968262
FldObj_TorchStandRiverside_A_01
0
-1.377161
0
1917.263
119.6526
-61.88287
1.0
FldObj_HyliaWoodRuinDebris_A_03
0
1.639999
0
1632.28
128.2871
-806.9295
1.0
Area
0
0
0
1077.103
194.1754
-335.3201
40
Obj_Plant_CypressLow_A_02
-0.06662962
0.378085
-0.02357926
1302.835
132.3062
-924.9545
1.0
FldObj_TorchStandRiverside_A_01
0
-2.844155
0
1924.658
119.6526
-54.6481
1.0
Obj_Plant_CypressLow_A_02
0.03427429
1.152887
-0.2172814
1225.77
131.0424
-953.7266
0.915527
RockWhite_A_M_06
0.5122216
0.7005861
0.4050424
1504.979
125.2659
-371.1607
1.0
Obj_TreeConiferous_A_02
0
0.4226587
0
1112.026
164.5093
-229.6001
1.0
Obj_RockGray_A_L_02
0
0.08000002
0
1085.255
192.368
-320.7993
1.0
EnvSeEmitPointBirdSubarctic
0.1937256
-0.307373
-0.196167
1174.609
175.6602
-76.01172
1.0
FldObj_KorokStone_A_01
0
1.047198
0
1694.936
137.9744
-862.1969
1.0
Obj_Plant_CypressLow_A_01
0
-0.71521
0
1332.918
130.3074
-129.2695
0.998535
Obj_Plant_CypressLow_A_01
0.0376435
-0.4712653
-0.1264969
1116.539
164.1301
-233.7266
0.91748
Obj_Plant_CypressLow_A_01
-1.398517
-1.489859
1.474295
1610.969
115.3946
-231.5742
0.895508
FldObj_TravelerTrace_Tent_A_01
0
0.46
0
1645.5
116.3042
-291.2578
1.0
Obj_Plant_HopBush_A_01
-0.1753981
-0.7816428
0.0681546
1400.074
132.4183
-143.5742
0.970703
Obj_TreeBroadleaf_A_L
0
-1.380002
0
1220.173
131.6339
-902.4001
1.0
FldObj_CliffWhiteParts_A_04
2.189497
0.1297221
2.85483
1176.087
138.7108
-602.5295
1.0
Obj_LiftRockWhite_A_01
0
-1.396265
0
1240.765
126.6374
-652.8796
1.0
Obj_Plant_CypressLow_A_01
0.03013147
-0.001099325
0.07293069
1392.72
126.8366
-908.7517
1.0
Obj_TreeBroadleafLow_Branch_A_01
0
2.7
0
1846.248
195.0969
-748.2541
1.0
Obj_LiftRockWhite_Korok_A_01
3.037292
0.6957265
3.074598
1095.569
164.6051
-216.2368
1.0
Obj_TreeBroadleafLow_Branch_A_01
0
2.98
0
1628.082
188.8292
-952.9709
1.0
Obj_TreeBroadleaf_A_L
0
2.543186
0
1262.601
126.5594
-1030.186
1.0
FldObj_HyliaWoodRuinDebris_A_03
0
0
0
1683.524
129.7249
-832.3602
1.0
Obj_TreeBroadleafLow_Branch_A_02
0
2.86
0
1870.219
198.217
-788.0847
1.0
Obj_Plant_CypressLow_A_01
0.1767289
-0.3936445
0.1422495
1659.234
140.358
-186.5781
0.979004
FldObj_TorchStandRiverside_A_01
0
-2.988217
0
1870.164
119.6526
-46.44339
1.0
Obj_TreeWhiteBirch_A_04
0
2.809262
0
1176.972
165.6759
-67.25247
1.0
FldObj_PushRock_A_M_01
-1.699564
0.00379267
-0.01512455
1669.493
130.9908
-843.9557
0.8
Obj_TreeBroadleaf_A_L
0
-1.619999
0
1298.715
125.8031
-995.193
1.0
Obj_Plant_CypressLow_A_01
0
-1.036865
0
1394.324
124.3026
-201.0703
1.032227
Obj_Plant_CypressLow_A_01
-0.9729834
-1.227151
1.000632
1509.887
151.2998
-807.8589
1.0
Obj_Plant_HopBush_A_01
0.2302756
-0.04495402
0.1887596
1633.738
124.9976
-173.7109
0.955566
GrassCutTag
0
-0.1999999
0
1763.967
115.0828
-58.20428
1.0
Obj_LiftRockWhite_Korok_A_01
-2.705894
0.6957272
3.074598
1084.994
164.4562
-214.3045
1.0
AnchorAction1
0
2.041523
0
1862.276
116.7239
-97.71207
1.0
Obj_LiftRockWhite_Korok_A_01
-0.2015203
-0.3290604
-0.225219
1379.546
132.8778
-109.6689
1.0
Obj_Plant_CypressLow_A_01
-0.1163619
-0.2963864
0.06488096
1519.901
156.5789
-794.0256
1.0
FldObj_TravelerTrace_Tent_A_01
0.08615829
-0.871937
-0.02624811
1405.247
127.8517
-756.3398
1.0
Weapon_Shield_035
-0.005092481
0.0002505359
-2.973187
1725.604
118.6798
-98.60136
1.0
Obj_TreeBroadleaf_A_LL
0
0.8799999
0
1666.221
121.894
-233.7583
1.0
Obj_LiftRockWhite_Korok_A_01
2.905472
-0.1402735
2.926101
1378.082
132.8775
-111.1387
1.0
Obj_TreeBroadleaf_A_L
0
4.464554
0
1324.833
130.3889
-886.6038
1.0
Obj_TreeBroadleaf_A_L
0
0.5999993
0
1286.342
126.5473
-1019.877
1.0
Animal_Insect_Z
0
-0.9400001
0
1863
115.1501
-327.5
1.0
FldObj_TorchStandRiverside_A_01
0.1146942
0.15741
-0.03592208
1992.535
113.6646
-92.00748
1.0
Obj_Plant_HopBush_A_01
-0.1597586
1.232025
-0.5581535
2009.34
132.7373
-491.8398
0.960938
Obj_Plant_CypressLow_A_01
0.2272984
0.1143332
-0.2318052
1200.91
168.1697
-104.0156
0.983398
Item_Plant_O
0.4837646
-1.394165
0.4157715
1740.805
163.25
-720.168
1.0
EnvSeEmitPointInsectSubarctic
2.650513
1.168945
2.529663
1177.168
165.5195
-66.89453
1.0
FldObj_TorchStandRiverside_A_01
0
-1.777617
0
1871.732
119.6526
-28.52243
1.0
Obj_LiftRockWhite_Korok_A_01
-0.1922053
0.8594969
-0.1979688
1373.688
132.8654
-115.549
1.0
Obj_TreeBroadleaf_A_L
0
0.6199999
0
1686.155
123.6248
-205.9306
1.0
EnvSeEmitPointBirdTemperate
3.141479
-1.326172
3.141479
1218.449
139.7539
-903.6289
1.0
Item_Plant_A
0
-1.171143
0
1775.277
127.7468
-147.3984
1.0
FldObj_CaveEntrance_A_M
0
-1.559999
0
1148.082
163.2829
-230.7613
1.0
Item_Mushroom_O
3.141479
-0.3103027
3.141479
1682.707
122.6789
-218.832
1.0
FldObj_CliffWhiteLumpRock_A_02
-1.659057
0.3758426
0.7936326
1493.925
119.5748
-378.6264
1.0
Enemy_Keese
0
-2.172389
0
1804.963
207.3437
-763.6655
1.0
Enemy_Golem_Little
-0.1643428
-0.7492471
0.5063217
1117.405
139.6555
-661.0211
1.0
AnchorAction1
0
2.381592
0
1080.249
200.0217
-338.0065
1.0
Obj_TreeDead_A_01
0
2.476815
0
1830.436
193.5405
-787.5817
1.0
Obj_RockSetDeathMt_C_04
0.8092234
1.017953
0.8891312
1810.62
192.572
-877.9122
1.0
Obj_Plant_CypressLow_A_02
0.06254101
1.316325
-0.1594726
1237.973
129.8999
-897.3125
0.882324
Obj_Plant_HopBush_A_02
0.5041664
1.333689
0.6189492
1731.48
131.3228
-167.3398
0.980469
FldObj_KorokStone_A_01
0
-2.094395
0
1694.076
137.9744
-862.693
1.0
TwnObj_FenceWood_A_01
0
3.024915
0
1587.734
114.3803
-173.4893
1.0
Obj_Plant_CypressLow_A_01
3.053602
-0.1231198
-2.794499
1526.682
162.0938
-744.3381
1.0
FldObj_KorokStone_A_01
0
-0.5235988
0
1694.951
138.9744
-862.193
1.0
Obj_LiftRockWhite_A_01
0
0
0
1256.751
127.9642
-920.4757
1.0
Obj_Plant_HopBush_A_02
0.07303938
-1.238142
-0.1856301
1352.035
132.2504
-933.1875
0.862793
EnvSeEmitPointInsectTemperate
0
0.661377
0
1321.117
126.7813
-1000.285
1.0
Obj_Plant_CypressLow_A_01
-0.003569481
-0.1094248
0.1094351
1728.016
130.6406
-164.7031
1.024902
Item_Plant_O
2.883789
-1.495117
-1.746582
1988.422
302.0703
-920.9297
1.0
Obj_Plant_CypressLow_A_02
-0.02925223
-0.61853
-0.2443395
1284.961
132.1563
-928.7461
1.046387
Item_Mushroom_O
3.141479
1.206543
3.141479
1680.59
122.8081
-216.8672
1.0
Obj_Plant_HopBush_A_02
-0.07124381
0.3724909
-0.009449495
1642.5
128.7444
-815.3398
0.98584
EnvSeEmitPointInsectTropical
2.851928
0.6254882
1.678467
1524.645
120.8633
-225.0195
1.0
FldObj_RockGashamahi_A_02
0
-0.8599999
0
1250.548
113.6579
-669.5251
1.0
Obj_TreeBroadleaf_A_L
0
4.15877
0
1346.524
132.3285
-928.3612
1.0
Obj_TreeBroadleafLow_Branch_A_01
0
0
0
1820.731
189.593
-699.0454
1.0
Obj_TreeBroadleafLow_Branch_A_01
0
1.16
0
1877.049
199.1295
-784.5521
1.0
Obj_Plant_CypressLow_A_02
2.990732
-1.332463
-2.933978
1310.424
126.5367
-998.9347
1.0
Obj_Plant_CypressLow_A_01
0.4695477
1.519719
0.5529529
1206.414
131.4201
-909.0859
0.913086
Obj_TreeDeadLeaf_A_01
0
2.16
0
1667.428
176.8068
-984.033
1.0
Obj_Plant_CypressLow_A_01
0.05036273
0.382038
-0.00860235
1415.891
127.9284
-903.7773
0.972168
GrassCutTag
0
0.501593
0
1420.896
115.7472
-523.0076
1.0
Obj_TreeBroadleafLow_Branch_A_01
0
0
0
1820.731
194.8425
-756.2329
1.0
Obj_TreeBroadleafLow_Branch_A_02
0
2.98
0
1798.314
197.1477
-824.6368
1.0
Obj_Mineral_B_01
0.14
0
0
1183.261
264.2421
-378.3297
1.0
Animal_WildDuck_A
0
2.356194
0
1914
115.0038
-250
1.0
Obj_TreeBroadleafLow_Branch_A_02
0
-1.883186
0
1839.836
193.0854
-826.0438
1.0
Item_Mushroom_D
-2.492676
0.7135009
2.586548
970.2539
163.0117
-896.2266
1.0
Animal_Insect_Z
0
-2.356194
0
1745
115.6383
-400
1.0
Obj_RockSetDeathMt_C_03
2.822289
-1.351035
-2.835939
1857.553
191.2376
-867.4017
1.0
Obj_Plant_CypressLow_A_02
-0.06370103
-0.5971858
-0.05623134
1388.469
134.877
-708.4414
1.062012
Obj_TreeBroadleafLow_A_01
0
2.17242
0
1305.85
126.8666
-1012.409
1.0
Item_Mushroom_D
-0.03405762
1.194824
-1.014404
1487.023
149.2695
-203.7305
1.0
Obj_Plant_CypressLow_A_02
0.1131736
-1.073786
-0.06580064
1404.938
126.7891
-901.418
0.996582
Obj_LiftRockWhite_Korok_A_01
2.933452
6.271644
2.933452
1395.704
131.9086
-139.3208
1.0
DgnObj_BoardWood
1.05
0.8824584
0.9630761
1678.7
131.3
-839.5
1.0
Obj_Plant_CypressLow_A_02
0.03340818
-1.397176
0.4441102
1797.41
169.5707
-631.3477
1.038574
Item_Mushroom_E
0
1.325073
0
1413.617
131.1238
-975.3594
1.0
Kibako_Contain_01
-3.14137
0.007807169
3.141364
1860.017
116.7319
-95.43752
1.0
RockWhite_A_M_06
-1.773957
1.115541
-1.755392
1501.931
124.7873
-384.7234
1.0
Obj_TreeBroadleaf_A_L
0
2.543186
0
1311.142
125.8241
-969.8077
1.0
Obj_LiftRockWhite_Korok_A_01
0
2.839999
0
1182.879
164.5523
-68.20282
1.0
Obj_LiftRockWhite_Korok_A_01
2.528348
1.525633
2.529388
1375.153
132.8772
-114.0789
1.0
Obj_Plant_HopBush_A_02
0.03066562
-0.3485914
-0.1719429
1348.727
132.1141
-927.0781
0.925781
Obj_TreeConiferous_A_02
0
5.95075
0
1138.507
163.1999
-215.4822
1.0
Obj_MineralBury_A_01
-0.4200001
0
-0.4399999
1774.715
191.0833
-706.3962
1.0
Obj_TreeWhiteBirch_A_04
0
1.115374
0
1189.707
163.0002
-64.22894
1.0
Enemy_Bokoblin_Middle
0
-1.519383
0
1537.5
115.6
-205.4
1.0
Obj_TreeBroadleaf_A_L
0
3.064953
0
1323.726
131.5101
-899.7192
1.0
FldObj_HyliaWoodRuin_A_03
0
1.570796
0
1691.2
128
-834.6
1.0
Obj_Plant_CypressLow_A_02
0.04223934
0.3332992
0.04655024
1213.914
131.5936
-900.7734
0.944336
Obj_RockSetDeathMt_C_01
0.09883521
0.9176403
0.07858633
1613.069
128.2974
-843.5775
1.0
Obj_Plant_CypressLow_A_01
0
0.8411865
0
1461.195
114.6746
21.69922
0.978027
FldObj_EnemyBaseRiverside_Slope_A_01
0
-1.100069
0
1847.709
116.9364
-97.44446
1.0
Kibako_Contain_01
-0.001158868
-0.002442376
-0.04073652
1723.995
118.6659
-96.49677
1.0
Obj_TreeBroadleaf_A_L
0
-1.3
0
1289.477
136.2354
-888.5494
1.0
Obj_TreeBroadleaf_A_LL
0
1.220001
0
1316.075
132.0339
-925.6841
1.0
Obj_TreeBroadleafLow_A_01
0
0
0
1373.938
128.8246
-918.7781
1.0
Obj_TreeConiferous_A_02
0
5.959855
0
1099.3
165.1743
-222.7523
1.0
Obj_Plant_HopBush_A_01
1.37129
1.393954
1.250434
1171.242
167.34
-71.77344
1.060547
Obj_Plant_HopBush_A_01
0.01662344
-0.8166392
0.0623483
1421.293
128.4288
-163.4844
1.07959
Obj_RockGray_A_L_03
-2.539267
0.8338997
2.817948
1079.065
204.5529
-482.8579
1.0
Obj_RockWhite_B_L_03
-0.1633517
0.0217169
-0.3162299
1456.811
136.5216
-804.0065
1.0
Obj_Plant_CypressLow_A_02
3.055955
-0.1836938
-2.758266
1543.161
169.9529
-745.1566
1.0
Obj_Mineral_A_01
0.5153854
1.173566
0.6045216
1724.918
118.9146
-85.58844
1.0
Animal_Insect_B
0
0
0
1088.9
162.66
-199.6
1.0
Obj_TreeDeadLeaf_A_LL_01
0
-2.44
0
1824.505
194.8166
-811.8499
1.0
Obj_LiftRockWhite_A_01
0
-1.396265
0
1235.543
126.7194
-666.0259
1.0
BottleLetter_Levee_A_01
0
-0.86
0
1991.7
111.7
-95.5
1.0
Obj_RockSetDeathMt_C_03
-0.1756336
-0.1141232
0.05465658
1844.277
191.3729
-846.0193
1.0
Obj_Plant_CypressLow_A_02
0.3434294
0.3464151
0.04882842
1526.621
121.403
-363.1797
0.885254
Obj_Plant_CypressLow_A_02
0.09622688
0.2106269
0.4360884
1793.379
167.948
-628.9023
0.938477
Item_Plant_O
2.734497
-1.07605
-1.378418
1751.055
165.8477
-680.9648
1.0
Item_Mushroom_D
1.455322
0.72583
-0.1394043
1126.758
142.5859
-1201.91
1.0
Barrel
0.1599825
-0.0006041304
-1.565934
1649.005
116.8517
-284.5799
1.0
Item_Plant_A
3.141479
-0.9407959
3.141479
1530.586
115.5632
-149.5703
1.0
FldObj_RockGashamahi_A_02
-0.7911307
-0.3112746
-0.05475164
1237.594
122.928
-670.2413
1.0
Obj_Plant_CypressLow_A_02
0.01876843
0.4797179
0.06100373
1423.777
128.6333
-164.957
1.086914
Obj_MineralGrain_A_04
0.08025315
-0.006087012
0.5838987
1183.379
263.5037
-381.0565
1.0
FldObj_CliffWhiteParts_A_04
1.801593
1.161594
-3.141592
1203.48
176.7107
-518.6335
1.0
Obj_TreeBroadleaf_A_L
0
-0.5600007
0
1375.942
128.2119
-982.9719
1.0
Obj_Plant_CypressLow_A_02
0
0.9859619
0
1638.191
128.8337
-812.1094
1.095703
Obj_TreeBroadleafLow_Branch_A_01
0
1.16
0
1850.701
190.3489
-712.1515
1.0
RockSetWhite_A_01
0
-2.343185
0
1457.738
130.9853
-691.6776
1.0
Obj_TreeBroadleafLow_A_01
0
0.1791085
0
1277.421
133.2238
-907.116
1.0
Obj_TreeBroadleaf_A_L
0
0
0
1654.232
121.26
-233.1414
1.0
FldObj_TorchStandRiverside_A_01
0
-0.9571614
0
1931.82
119.6526
-132.7559
1.0
Obj_RockWhite_B_L_01
-0.7674316
-1.398994
0.9407343
1483.439
145.622
-777.5923
1.0
Obj_Mineral_C_01
-0.3167458
0.7945144
-0.44975
1726.423
117.3858
-501.7773
1.0
Kibako_Contain_01
0.003009063
-0.404099
0.002163188
1413.695
115.7935
-533.2503
1.0
Obj_TreeBroadleafLow_Branch_A_02
0
1.7
0
1820.784
190.5534
-702.5272
1.0
Item_Plant_A
0
-0.8199999
0
1460
115.9046
-476.5
1.0
Obj_Plant_HopBush_A_02
0.03565736
0.2817778
0.1754818
1034.395
185.2007
-528.7969
1.088379
FldObj_HyliaWoodRuin_A_03
0
-1.570796
0
1671.4
128.4
-840.9
1.0
Obj_Plant_CypressLow_A_01
0
0.6533203
0
1579.355
114.5912
-158.1797
0.986328
Obj_TreeDead_A_01
0
2.583184
0
1657.751
176.9586
-981.6006
1.0
Obj_RockWhite_B_L_02
-0.828182
-1.354797
1.023486
1441.381
126.535
-858.9937
1.0
TBox_Field_Iron
-0.1488346
-0.1001768
-0.2509627
1102.688
109.6786
-862.678
1.0
Obj_LiftRockWhite_Korok_A_01
-0.225219
5.673372
-0.225219
1397.533
131.9767
-126.3015
1.0
RockWhite_A_M_06
-0.3143078
-0.02159516
-0.1360759
1547.9
166.1592
-763.1557
1.0
Obj_Plant_HopBush_A_01
0.1050551
-0.07872473
0.002124845
1342.535
132.4092
-927.2695
0.875
Obj_RockGray_A_L_03
-2.677905
-0.03103252
0.4014619
1076.962
193.6287
-317.0462
1.0
Obj_LiftRockWhite_Korok_A_01
0.6339762
-1.155334
0.2159327
1092.288
165.0349
-222.0354
1.0
Obj_TreeBroadleafLow_Branch_A_01
0
2.7
0
1841.372
192.7364
-829.1692
1.0
Kibako_Contain_01
3.141554
0.1654926
3.140776
1852.283
116.7319
-105.1314
1.0
FldObj_TorchStandRiverside_A_01
0
3.05903
0
1877.449
119.6526
-77.55045
1.0
Animal_Insect_Z
0
0
0
1868.5
115.2611
-326
1.0
Obj_LiftRockWhite_Korok_A_01
-3.001593
1.361593
3.141593
1186.75
163.4076
-65.41922
1.0
Obj_Plant_CypressLow_A_01
0
0.1384277
0
1722.176
114.6624
68.65625
0.869141
Obj_LiftRockWhite_A_01
3.059899
-1.046506
-3.107816
1235.677
126.7082
-664.6927
1.0
Obj_TreeBroadleaf_A_L
0
-1.380002
0
1206.672
129.699
-983.8554
1.0
FldObj_HyliaWoodRuinDebris_A_01
0
1.570796
0
1662.982
128.2
-840.3827
1.0
RockWhite_A_M_06
0.02678388
-0.004228113
0.3131186
1547.025
169.787
-739.6252
1.0
Obj_TreeBroadleaf_A_L
0
0
0
1356.877
131.7579
-930.3082
1.0
Enemy_Golem_Little
-0.1202035
0.6733073
-0.5585718
1062.186
141.2485
-800.9548
1.0
Obj_TreeBroadleafLow_Branch_A_02
0
2.98
0
1559.445
172.1108
-1009.089
1.0
Obj_TreeDead_A_01
0
-2.44
0
1839.957
194.258
-818.0417
1.0
Obj_Plant_HopBush_A_02
0.3881533
-1.265367
-0.3893559
1346
132.0354
-924.4922
0.935059
Obj_RockLayerMoss_A_LL_04
-0.005370111
-0.02456385
-0.01064608
1284.253
127.2218
-891.5588
1.1
Obj_Plant_CypressLow_A_01
-0.5624729
1.033529
-0.4676146
1520.159
155.5175
-798.5911
1.0
Obj_BarrelOld_A_01
-0.278513
0.1294071
-0.387808
1989.292
114.3736
-102.1072
1.0
FldObj_CliffGashamahi_A_02
1.610023
0.8307511
2.852164
1055.619
140.8354
-741.4487
1.0
Animal_Insect_Z
0
0
0
1875.5
115.1937
-319.5
1.0
Obj_TreeDeadLeaf_A_01
0
2.476815
0
1820.423
192.2582
-801.2348
1.0
Obj_LiftRockWhite_A_01
0
2.792526
0
1273.122
126.7528
-688.7771
1.0
Weapon_Lsword_020
1.861592
-0.1799993
3.141593
1077.797
200.3999
-337.8047
1.0
Obj_Plant_CypressLow_A_01
0.4057733
-1.205905
-0.5008696
1459.965
150.3164
-197.5
0.881836
Obj_Plant_CypressLow_A_01
-1.501978
-1.530434
1.639617
1686.8
129.5669
-835.9
1.0
FldObj_KorokStone_A_01
0
-2.094395
0
1694.918
140.9744
-862.1702
1.0
EnvSeEmitPointBirdTropical
2.852051
0.6254882
1.678589
1524.645
124.2422
-225.0195
1.0
Obj_LiftRockWhite_Korok_A_01
-0.1922053
0.8594969
-0.1979688
1379.049
132.8807
-120.6395
1.0
Enemy_Bokoblin_Middle
0
0.09999999
0
1126.159
181.1864
-122.1245
1.0
SignalFireWood
0
0.6200001
0
1531
120.58
-155.4
1.0
Kibako_Contain_01
0.01287749
-0.4033625
0.01227357
1415.508
115.7717
-529.4306
1.0
Item_Mushroom_D
1.551147
-0.9322509
-0.723877
1762.781
171.0547
-674.7344
1.0
EnvSeEmitPointBirdTemperate
0
1.033325
0
1298.422
133.8164
-996.6758
1.0
Obj_LiftRockWhite_Korok_A_01
2.926101
1.281343
2.926101
1394.87
131.9608
-126.4422
1.0
Obj_TreeBroadleaf_A_L
0
1.282219
0
1319.012
132.1062
-907.809
1.0
Obj_Plant_HopBush_A_01
0
-1.522338
0
1714.047
114.6746
50.86328
0.964844
Obj_TreeBroadleafLow_A_01
0
0
0
1281.727
133.2263
-933.1005
1.0
Barrel
-0.006056857
0.0001683675
0.003263809
1649.001
116.3307
-286.9995
1.0
Obj_Plant_CypressLow_A_02
3.071771
0.2897772
-3.117576
1385.922
127.6112
-920.093
1.0
Obj_Plant_CypressLow_A_01
-0.3517414
1.240726
-0.3367808
1517.746
115.1513
-401.4219
0.921875
Obj_LiftRockWhite_Korok_A_01
0
6.032158
0
1390.27
131.9792
-130.8985
1.0
Obj_RockGray_A_L_03
1.009204
-0.9366825
2.565952
1058.29
192.3787
-335.6634
1.0
Obj_LiftRockWhite_Korok_A_01
2.933452
0.884429
2.933452
1390.212
131.943
-133.6513
1.0
Area
0
0
0
1863.625
190.8393
-860.0001
25
Obj_Plant_CypressLow_A_02
2.962055
0.05673213
3.121082
1264.99
126.3467
-1029.44
1.0
Obj_RockLayerMoss_A_LL_04
-0.4411697
1.276421
-0.7276361
1333.127
120.2307
-849.8743
1.0
Obj_Plant_HopBush_A_01
-0.01968408
0.2359884
0.3436198
1643.406
122.1355
-138.0234
1.083008
Enemy_Keese_AllDay
0
-2
0
1867.5
195.5058
-859
1.0
Obj_Plant_HopBush_A_02
0
1.564449
0
1635.313
114.6415
50.39844
1.041992
Obj_RockSetDeathMt_C_01
2.51466
0.886604
-3.018102
1688.601
128.9191
-859.5872
1.0
Obj_LiftRockWhite_Korok_A_01
0.8229462
-0.9752475
-0.1185914
1084.871
164.9862
-219.7085
1.0
Kibako_Contain_01
0.000746113
1.281116
0.0007015208
1413.065
115.7124
-483.2298
1.0
Obj_TreeBroadleafLow_A_01
0
5.092516
0
1297.738
131.9207
-951.495
1.0
Obj_Plant_CypressLow_A_02
-3.101672
-0.6328621
3.003634
1269.307
126.0754
-1008.395
1.0
FldObj_HyliaWoodRuinTunnel_A_01
0
1.379996
0
1640.629
129.1489
-809.0606
1.0
FldObj_TorchStandRiverside_A_01
0
1.764431
0
1874.122
119.6526
-33.0351
1.0
Obj_RockSetDeathMt_C_04
2.844496
0.1355834
-3.038289
1624.13
135.3825
-860.8505
1.0
Obj_TreeConiferous_A_02
0
2.054102
0
1088.545
167.3594
-295.3746
1.0
Obj_TreeDeadLeaf_A_01
0
-2.44
0
1841.285
196.8507
-759.4823
1.0
Item_Plant_L
0
1.531982
0
1377.543
128.3215
-918.8398
1.0
Obj_TreeBroadleaf_A_L
0
1.887241
0
1335.21
130.8893
-905.6853
1.0
Enemy_Bokoblin_Middle
0
1.519383
0
1529.7
115.6
-205.1
1.0
Obj_LiftRockWhite_A_01
0
1.001593
0
1411.136
115.7814
-518.6409
1.0
TwnObj_FenceWood_A_01
0
3.024915
0
1605.812
114.6443
-171.9091
1.0
FldObj_TravelerTrace_Tent_A_01
3.074846
0.1674628
-3.060715
1186.731
129.498
-970.6736
1.0
Obj_LiftRockWhite_Korok_A_01
-0.2014316
-0.05216282
-0.2190305
1381.978
132.8775
-117.6992
1.0
Obj_TreeDead_A_01
0
1.561593
0
1592.533
170.7735
-997.2184
1.0
Item_Mushroom_C
0
0
0
1576.762
169.9887
-1003.309
1.0
Obj_RockSetGray_A_L_02
1.284711
-1.205952
-1.208357
2017.466
110.4289
-90.11423
1.0
Obj_Plant_HopBush_A_01
-0.01991894
-1.242208
0.4836295
1693.516
132.6976
-826.9219
0.851074
FldObj_KorokStone_A_01
0
-2.094395
0
1694.061
138.9744
-862.6696
1.0
FldObj_KorokStone_A_01
0
-2.094395
0
1699.123
139.7869
-861.4742
1.0
Obj_TreeBroadleafLow_A_01
0
0.662011
0
1335.995
132.5955
-932.4012
1.0
Obj_LiftRockWhite_Korok_A_01
2.529388
4.190426
2.529388
1393.14
131.9541
-130.7115
1.0
Obj_Plant_CypressLow_A_02
2.929301
-0.09028199
-3.037747
1291.036
126.3205
-1016.16
1.0
Obj_Plant_CypressLow_A_01
-0.4617734
-1.49891
0.4182641
1446.637
115.3347
-294.8633
0.882324
Obj_TreeBroadleafLow_A_01
0
0
0
1763.095
115.5554
-68.98587
1.0
FldObj_TorchStandRiverside_A_01
0
0.2974373
0
1866.728
119.6526
-40.26987
1.0
Obj_LiftRockWhite_A_01
3.062393
-0.7392579
-3.002773
1325.256
127.0796
-734.4707
1.0
Item_Mushroom_F
3.141479
1.405884
3.141479
1326.18
130.148
-885.5703
1.0
TBox_Field_Stone
0
0
0
1680
130.3
-840.7
1.0
Obj_TreeBroadleaf_A_LL
0
0.6600001
0
1191.177
129.9921
-969.4857
1.0
Obj_TreeConiferous_A_02
0
5.988811
0
1108.511
168.0683
-267.8754
1.0
Obj_TreeDeadLeaf_A_LL_01
0
0
0
1840.726
191.0544
-707.7612
1.0
BarrelBomb2
-3.141581
-0.9692035
3.141576
1793.528
204.9903
-732.4835
1.0
Animal_Insect_Z
0
0
0
1892
114.7983
-284
1.0
Obj_Plant_HopBush_A_02
-0.1277683
0.07383915
-0.002125758
1649.234
123.0034
-251.8359
0.896973
FldObj_CliffGashamahi_A_02
1.597734
0.1910666
2.708308
1035.557
145.2925
-776.7156
1.0
Obj_Plant_CypressLow_A_01
-2.839335
0.2304048
-2.787171
1534.269
165.7399
-737.9711
1.0
Obj_Plant_HopBush_A_02
0
-1.155884
0
1702.977
114.6741
47.12109
0.961426
Obj_TreeBroadleaf_A_L
0
1.1
0
1244.212
128.4708
-1018.892
1.0
FldObj_CliffWhiteParts_A_04
-2.654091
-0.2979847
0.78126
1168.478
139.2596
-602.7825
1.0
Obj_TreeBroadleafLow_Branch_A_02
0
3.14
0
1771.426
196.3447
-889.1572
1.0
Obj_LiftRockWhite_A_01
0
0
0
1220.352
129.0983
-982.371
1.0
AnchorAction1
0
-2.172389
0
1803.987
209.0158
-753.979
1.0
Obj_TreeDead_A_01
0
-2.863185
0
1850.71
187.3189
-699.9581
1.0
Obj_RockLayerMoss_A_LL_04
0
1.880001
0
1346.488
121.9651
-889.5579
1.0
EnvSeEmitPointBirdTropical
0.2585449
0.08642577
-1.385986
1482.258
123.8516
-264.1875
1.0
Obj_LiftRockWhite_A_01
2.92806
1.06407
-2.824741
1318.435
125.8423
-728.3289
1.0
Obj_LiftRockWhite_Korok_A_01
0
0
0
1382.193
132.8519
-114.744
1.0
Obj_TreeApple_A_M_01
0
1.310552
0
1539.368
128.7651
-898.9226
1.0
Obj_Plant_CypressLow_A_01
0.9742699
-1.394214
-0.5710915
1540.629
168.9593
-746.3177
1.0
Obj_Plant_HopBush_A_02
-0.2182617
0.5132779
-0.4658246
1784.879
125.9229
-130.8164
1.081055
Obj_LiftRockWhite_Korok_A_01
0
-2.823186
0
1184.112
164.6655
-69.88965
1.0
EnvSeEmitPointBirdTemperate
0
-0.8735351
0
1334.477
135.7773
-874.6289
1.0
Obj_LiftRockWhite_A_01
0
0.2161949
0
1418.513
115.729
-501.7889
1.0
Enemy_Bokoblin_Middle
0
-1.24
0
1220.715
182.8461
-167.0851
1.0
Obj_TreeBroadleaf_A_L
0
-1.680976
0
1368.002
130.4999
-926.0538
1.0
Obj_TreeWhiteBirch_A_04
0
1.909385
0
1181.501
161.583
-49.53577
1.0
EnvSeEmitPointBirdSubarctic
0
1.167603
0
1284.965
137.9414
-596.0977
1.0
Obj_Plant_CypressLow_A_01
-3.061128
-0.008211837
-2.938291
1664.6
129.2264
-840.3
1.0
Obj_Plant_CypressLow_A_02
2.991108
0.2824634
3.078476
1361.133
126.2019
-893.604
1.0
Obj_Plant_CypressLow_A_02
0.2558958
-1.473428
-0.1642051
1420.816
128.4132
-166.25
0.931641
EnvSeEmitPointInsectTropical
0
-1.494141
0
1649.402
122.7539
-246.9492
1.0
Barrel
-3.141548
0.7600004
-3.141552
1084.01
199.9477
-338.1272
1.0
Obj_TreeDead_A_01
-0.1394019
-1.255483
0.2092934
1627.47
175.3084
-995.7205
1.0
TBox_Field_Iron
0.02947586
-0.2804641
-0.04106475
1933.552
110.3829
-70.5331
1.0
Obj_RockSetDeathMt_C_03
-0.12
0
0
1858.657
190.456
-854.3464
1.0
Weapon_Bow_003
3.140598
-0.7854123
-3.13996
1532.8
120.7097
-159.3998
1.0
Obj_TreeBroadleafLow_Branch_A_02
0
1.16
0
1874.087
198.7509
-790.4081
1.0
FldObj_HyliaWoodRuinDebris_A_01
0
0
0
1682.77
130.4499
-839.6387
1.0
Obj_TreeBroadleaf_A_L
0
0.1198057
0
1364.13
127.425
-901.7868
1.0
Obj_TreeBroadleafLow_A_01
0
3.894711
0
1251.093
127.4192
-1027.596
1.0
Obj_MineralBury_A_01
1.351611
-1.190241
-1.254615
1957.15
163.2292
-717.4796
1.0
Obj_TreeBroadleaf_A_L
0
5.412629
0
1302.676
132.0511
-944.2858
1.0
Obj_Plant_CypressLow_A_01
0.4086865
-1.158139
-0.1766811
1201.121
129.8678
-898.4648
1.07373
Obj_TreeBroadleafLow_Branch_A_02
0
2.7
0
1850.989
194.64
-749.2773
1.0
FldObj_CliffGashamahi_A_02
1.610476
0.8210617
2.67903
1028.532
161.9982
-673.5239
1.0
Obj_TreeBroadleaf_A_L
0
0.7400001
0
1329.818
128.9061
-1010.449
1.0
Obj_TreeDead_A_01
0
1.561593
0
1725.337
179.6051
-917.8932
1.0
Animal_Insect_Z
0
-1.2
0
1852.5
115.4445
-337
1.0
Obj_MineralBury_A_01
2.491468
-0.7536072
-1.831658
1548.195
166.2614
-959.8295
1.0
Obj_Plant_CypressLow_A_01
0.01125286
0.1858622
0.2940969
1797.461
169.4116
-628.918
0.868652
Obj_TreeBroadleaf_A_L
0
-0.4599994
0
1280.877
125.3581
-1006.14
1.0
FldObj_TorchStandRiverside_A_01
0
-2.418477
0
1883.962
116.4295
-121.7272
1.0
Obj_TreeBroadleaf_A_L
0
-2.36
0
1281.651
135.626
-896.2869
1.0
Item_Fruit_A
0
0
-0.38
1147.8
163.4
-231.2
1.0
BottleLetter_Levee_A_01
0
-1.36
0
1981.7
111.6
-109.3
1.0
Obj_RockWhite_B_L_01
-2.862333
-0.4717239
3.062608
1497.294
141.3975
-837.583
1.0
Obj_RockGray_A_L_03
0
0.72
0
1057.873
189.4246
-328.9564
1.0
Obj_TreeConiferous_A_02
0
6.048132
0
1086.097
167.6826
-270.4778
1.0
Obj_TreeBroadleaf_A_L
0
-2.679998
0
1175.969
129.2587
-978.5625
1.0
EnvSeEmitPointBirdTemperate
-0.8824462
-0.2938232
0.2001953
1468.848
137.8672
-677.7734
1.0
Obj_RockSetGray_A_L_02
0.8192759
-1.083217
-0.6999804
2011.763
110.0188
-87.9111
1.0
Obj_RockLayerMoss_A_LL_04
-0.2183145
-0.5946109
-0.08049516
1347.021
119.4368
-823.6386
1.1
Obj_Plant_CypressLow_A_02
0.4783933
-1.176235
-0.6111786
1211.91
163.4161
-91.08203
0.981934
Obj_TreeDeadLeaf_A_01
0
-0.9431852
0
1847.384
196.1223
-800.579
1.0
Obj_MineralBury_A_01
0.3835339
-1.28308
-0.3135647
1893.393
162.1653
-561.4282
1.0
EnvSeEmitPointInsectTemperate
0
0.3840332
0
1446.5
134.1992
-703.7578
1.0
Obj_TreeConiferous_A_02
0
4.358487
0
1103.92
163.7459
-206.1274
1.0
Obj_TreeBroadleafLow_Branch_A_02
0
0
0
1824.458
195.0482
-757.0967
1.0
FldObj_TorchStandRiverside_A_01
0
0.1864397
0
1911.853
119.6526
-55.24948
1.0
Obj_MineralGrain_A_02
0.3975092
-0.09132233
0.1076372
1957.489
163.071
-717.877
1.0
Item_Mushroom_E
0
-0.4593506
0
1714.91
122.3406
-220.8984
1.0
Obj_Plant_HopBush_A_02
-0.1986444
-0.386324
0.3404087
1664.941
129.8483
-123.5313
0.977051
EnvSeEmitPointBirdTemperate
-1.905517
-0.0949707
-2.205444
1539.438
136.7813
-898.875
1.0
Obj_TreeDeadLeaf_A_01
0
0
0
1691.4
131.7483
-827.3
1.0
Obj_Plant_CypressLow_A_02
-1.413302
1.527435
-1.302653
1527.808
158.9706
-792.1871
1.0
Obj_TreeBroadleaf_A_L
0
-1.26
0
1660.366
122.1131
-226.2632
1.0
Obj_TreeDeadLeaf_A_01
0
-1.46
0
1827.325
193.8668
-777.0618
1.0
Obj_Plant_CypressLow_A_01
0.003990509
-0.4777493
0.1181032
1420.578
128.4661
-170.2461
1.036621
Obj_LiftRockWhite_A_01
-3.087673
2.372584
-3.087673
1281.201
126.9329
-695.1979
1.0
Obj_RockLayerMoss_A_LL_04
2.694821
1.362404
2.624537
1282.253
124.4796
-953.3088
1.0
Obj_TreeBroadleafLow_Branch_A_02
0
1.44
0
1774.501
196.8031
-892.4589
1.0
Obj_RockGray_A_L_03
2.871305
0.7421265
-0.06160143
1060.532
193.4334
-338.2493
1.0
Obj_TreeBroadleaf_A_L
0
1.643192
0
1209.803
130.5059
-971.3312
1.0
Enemy_Keese
0
-2.172389
0
1801.168
203.3437
-739.5854
1.0
Obj_LiftRockWhite_Korok_A_01
2.529388
4.054262
2.529388
1398.643
131.9492
-136.3713
1.0
Obj_LiftRockWhite_Korok_A_01
-0.2014316
-0.05216282
-0.2190305
1376.617
132.8781
-112.6088
1.0
BottleLetter_Levee_A_01
0
-0.9599999
0
1987.8
111.7
-99.5
1.0
Obj_TreeDeadLeaf_A_01
0
0.2136296
0
1708.305
182.9617
-967.6915
1.0
Obj_Mineral_B_01
0.5242353
0.8655562
0.5602774
1956.547
163.1794
-720.0336
1.0
EnvSeEmitPointBirdTemperate
3.141479
1.432251
3.141479
1530.313
137.25
-868.582
1.0
Animal_Insect_Z
0
3.20275
0
1919.25
114.9217
-257.5
1.0
Obj_TreeDead_A_01
-3.051609
0.9759765
-2.918971
1616.529
174.1
-995.1245
1.0
Obj_TreeBroadleafLow_Branch_A_02
0
2.86
0
1847.53
190.9462
-713.59
1.0
Obj_TreeBroadleafLow_Branch_A_01
0
2.98
0
1794.041
197.6547
-822.3434
1.0
Obj_Mineral_C_01
2.776514
0.2426222
-2.789608
1737.97
117.3633
-490.6549
1.0
Obj_Plant_CypressLow_A_01
-0.1441693
-0.2702146
-0.05713552
1411.574
122.8788
-207.625
1.052734
Obj_Plant_HopBush_A_02
0.2479406
1.436003
0.6678054
1690.848
131.5183
-825.9609
1.0625
Obj_LiftRockWhite_Korok_A_01
-0.2190305
1.449249
-0.2190305
1400.107
131.952
-134.9012
1.0
Obj_LiftRockWhite_A_01
0
1.396263
0
1273.239
126.8136
-689.7258
1.0
Area
0
0
0
1732.349
118.3475
-93.32111
40
Obj_Plant_CypressLow_A_01
0.1033678
-0.6842259
0.1098615
1095.77
166.8037
-283.7734
1.032715
Obj_TreeBroadleafLow_Branch_A_02
0
2.7
0
1832.517
192.3795
-832.6948
1.0
Obj_RockSetDeathMt_C_04
-0.2864888
0.06618442
0.4512263
1872.01
234.0988
-965.1906
1.0
Barrel
0
2.041523
0
1873.784
116.7481
-103.7863
1.0
Obj_LiftRockWhite_Korok_A_01
0.7240136
-1.449857
-0.7203776
1087.304
164.2282
-212.4413
1.0
Obj_Plant_CypressLow_A_02
-0.1076983
-0.4494588
-0.002431074
1404.137
123.8307
-203.3086
1.058105
Obj_TreeDeadLeaf_A_01
0
2.476815
0
1800.693
193.7091
-717.7523
1.0
Obj_Plant_CypressLow_A_01
0
1.235351
0
1482.293
115.7995
-243.793
0.927734
Kibako_Contain_01
-0.01983517
1.199286
-0.02276246
1983.641
114.6148
-107.5154
1.0
Obj_Plant_HopBush_A_01
-0.009347352
-0.5647578
-0.04624049
1277.031
134.1284
-927.9531
1.061523
FldObj_KorokStake_A_01
0
2.620003
0
1263.921
105.5045
-706.0428
1.04327
Obj_TreeConiferous_A_02
0
6.056008
0
1098.823
166.9014
-277.3256
1.0
Obj_MineralGrain_A_04
-3.011522
-0.8434079
2.887043
1892.291
162.1095
-562.1531
1.0
Enemy_Keese_AllDay
0
0.8200002
0
1727.106
125.1243
-97.97931
1.0
Obj_Plant_CypressLow_A_02
-0.2260252
0.7070448
-0.07072941
1052.137
180.0068
-565.9922
1.033203
BottleLetter_Levee_A_01
0
-0.9599999
0
1985.1
111.9
-104.1
1.0
EnvSeEmitPointInsectTemperate
-2.479126
0.6533203
-2.22644
1324.055
139.5313
-941.7734
1.0
Obj_Plant_HopBush_A_02
0.04699152
-0.07999826
0.007001257
1348.176
131.5336
-921.3203
0.911133
RockSetWhite_A_01
0
0
0
1381.55
125.4256
-760.3068
0.7
Kibako_Contain_01
-0.006368815
0.5494532
-0.006284822
1986.935
114.6127
-103.6024
1.0
Obj_TreeBroadleafLow_A_01
0
0.6799999
0
1688.538
121.7891
-232.8005
1.0
Item_Plant_O
1.227295
1.420044
-0.0402832
1544.355
186.5156
-1032.508
1.0
Obj_Plant_CypressLow_A_01
-0.1182113
-1.12642
-0.2309063
1795.574
120.6222
-135.5039
1.03418
DgnObj_BoardWood
-1.885102
1.173179
-1.861997
1679.1
131.2
-841.8
1.0
Obj_MineralBury_A_01
-1.225762
1.081159
-1.202967
1179.955
263.5095
-378.302
1.0
Obj_Plant_CypressLow_A_02
0.1899949
0.2136128
-0.12281
1186.531
163.0677
-61.60156
0.887207
FldObj_HyliaWoodRuin_A_03
0
-1
0
1642.216
128.3592
-847.4886
1.0
Obj_Plant_CypressLow_A_01
-0.08063067
-0.4764092
0.07584764
1207.215
162.4
-560.4102
1.085938
Obj_TreeWhiteBirch_A_04
0
0.8424616
0
1054.784
163.2509
-98.38815
1.005327
Obj_RockGray_A_L_03
0
0
-1.08
1078.444
205.6857
-479.6157
1.0
Obj_TreeDead_A_01
0
1.496814
0
1837.492
196.1347
-752.656
1.0
Enemy_Golem_Little
-3.066444
-0.9473004
-2.884006
1036.123
162.7389
-698.2701
1.0
Obj_Plant_HopBush_A_01
0.0749113
0.06577804
-0.05826569
1300.57
169.8099
-227.8867
0.923828
Obj_LiftRockWhite_Korok_A_01
0
0
0
1379.396
132.8819
-112.3215
1.0
FldObj_CliffGashamahi_A_02
-1.790261
0.5456284
-0.4549792
1048.33
153.6247
-686.0073
1.0
Obj_TreeBroadleaf_A_L
0
0
0
1703.752
121.2043
-252.5104
1.0
Animal_Insect_Z
0
2.72
0
1899.5
115.4466
-278.5
1.0
FldObj_TravelerTrace_Tent_A_01
0
1.44
0
1760.959
115.2545
-57.48337
1.0
Obj_TreeBroadleaf_A_L
0
-2.16
0
1676.159
123.4986
-204.6198
1.0
FldObj_HyliaWoodRuinWall_A_01
0
-1.72
0
1658.865
129.1247
-800.4098
1.0
FldObj_KorokStake_A_01
0
2.463189
0
1267.058
105.3483
-704.6072
1.071361
Obj_MineralBury_A_01
0.2251465
-0.08383471
0.3505169
1545.523
165.9422
-963.2974
1.0
Obj_Plant_CypressLow_A_02
0.04812158
0.4021712
0.09595383
1423.133
128.6779
-168.4219
0.982422
Obj_TreeBroadleaf_A_L
0
-1.08
0
1684.563
121.2411
-248.4427
1.0
Obj_TreeBroadleaf_A_L
0
1.88159
0
1299.127
126.2949
-1014.015
1.0
Item_Mushroom_D
1.416382
-0.5461425
-0.1392822
2254.859
161.5781
-304.6211
1.0
