UnitConfigName/__text
Rotate/value/0
Rotate/value/1
Rotate/value/2
Translate/value/0
Translate/value/1
Translate/value/2
_Scale
Enemy_Lizalfos_Guard_Junior
0
-0.3187408
0
1278.989
139.168
686.1824
1.0
ActorObserverTag
0
-2.843206
0
1113.271
119.8268
556.4503
1.0
LinkTagAnd
0
0
0
1988.94
123.2962
9.634033
1.0
Obj_KorokPlate_A_01
0
1.808974
0
1597.45
115.3577
809.3796
1.0
LinkTagOr
0
2.524823
0
1958.593
115.0074
399.7112
1.0
ActorObserverTag
0
-3.099997
0
1456.913
118.9503
557.7415
1.5
FldObj_CliffWhiteLumpRock_A_01
-2.177753
0.8544274
-0.06685379
1065.325
141.8076
80.02002
1.0
Area
0
0.9838051
0
1601
116.7
462.2
25
Area
-0.9570217
-1.173221
-0.4391048
1813.284
227.6497
951.5222
1.0
LinkTagOr
0
-3.099997
0
1455.161
115.4471
559.7141
1.0
FldObj_BridgeLog_A_01_Far
0.0336698
-0.6993263
-0.05227859
1509.84
114.8768
425.2069
1.0
FldObj_MountainSheikerWall_A_08
-0.05709866
-0.5171419
0.1151059
1980.837
277.0527
799.243
0.8
Npc_HiddenKorokFly
0
0.4799985
0
1434.736
117.5035
135.4037
1.0
FldObj_CliffWhiteWall_A_01
2.945383
0.5455065
-3.039947
1543.091
227.2905
874.6697
1.25
SwitchTimeLag
-1.570796
0.4799985
0
1440.231
119.7456
134.0489
0.5
Obj_Plant_Lotus_A_01
0
-2.762284
0
1678.017
115.0164
129.6432
1.0
LinkTagOr
0
0
0
1307.5
127.5
130
1.0
ActorObserverTag
0
-3.099997
0
1453.408
120.9503
557.8874
1.5
DestinationAnchor
0
2.50158
0
1970.924
269.9512
852.813
1.0
FldObj_CliffWhite_A_03_Far
0
2.12
0
1208.153
163.8998
866.948
1.0
DgnObj_WarpPoint_A_01
0
-0.772746
0
1835.504
260.0612
896.9803
1.0
LinkTagOr
0
3.140187
0
1669.486
114.6252
382.5817
1.0
LinkTagOr
0
0.07096726
0
1969.101
115.0074
397.2004
1.0
LinkTagNAnd
0
2.299253
0
1287.306
130.6958
661.2542
1.0
FldObj_MountainSheiker_A_03_Far
0
-0.2007129
0
1875.5
217.1875
814
1.0
FldObj_RockLayerMossTreeBroadleaf_A_02
0.2106938
-0.1093951
-0.1344682
1624.401
126.7462
776.5522
1.0
Obj_RockSetGray_A_L_01
0
-0.5
0
1627.501
101.531
824.1437
1.0
FldObj_BridgeLog_A_01
0
1.10526
0
1886.795
115.1424
54.33438
1.0
Item_Fruit_E
0.03490658
0
-0.2181662
1805.695
115.8764
132.1264
1.0
LinkTagAnd
-2.871448
-0.3958069
-2.192452
1114.26
120.8511
556.2268
1.0
Enemy_Bokoblin_Middle
0
-0.92
0
1333.134
114.6659
307.8774
1.0
AirWallForE3
0
0.820303
0
2002.167
115.6
18.8627
1.0
FldObj_CliffWhiteTop_A_01_Far
0
0
0
1259.62
219.4602
1011.158
1.0
FldObj_CliffWhiteLumpRock_A_01
-1.788736
-1.038509
0.9499717
1256.188
125.7311
699.0723
1.0
Item_Fruit_E
-2.932861
0.6625079
-2.86351
1673.628
115.8642
381.8181
1.0
AnchorAction1
0
0.82
0
1993.211
113.6177
12.70914
1.0
Obj_TreeApple_A_M_01
0
-3.099997
0
1438.721
115.5419
563.8737
1.0
SoundProxyClappers
0
2.963187
0
1852.652
253.4304
928.7695
1.0
TwnObj_WoodenFrameworkBridge_A_01_Far
0
-0.74
0
1894.277
116.636
148.744
1.0
Item_Fruit_A
0
-1.703734
0
1453.993
118.7471
564.0888
1.0
LinkTagOr
0
0
0
1648.073
116.6375
386.5262
1.0
FldObj_CliffWhiteWall_A_01_Far
-0.07617793
0.2335321
0.04090984
1602.258
167.4277
745.3997
0.95
LinkTagAnd
0
0
0
1598.671
124.3918
806.9679
1.0
FldObj_BridgeLog_A_01_Far
0
2.101593
0
1712.297
115.1424
404.9921
1.0
Npc_HiddenKorokGround
0
-2.843206
0
1116.142
119.931
555.5753
1.0
FldObj_BridgeLog_A_01_Far
0
-1.94
0
1439.5
114.6033
439.7811
1.0
FldObj_CliffWhiteLumpRock_A_01
2.537634
-0.8039144
-3.011681
1112.076
136.2502
678.348
1.0
LinkTagAnd
0
-0.6399999
0
1996.28
267.5
847.4787
1.0
FldObj_CliffWhiteWall_A_02
-2.121512
1.332878
-0.9803569
1511.741
200.8184
822.7072
1.0
Area
-0.5799999
0
1.570796
2001.481
113.6448
-3.353215
1.0
FldObj_SkullRock_A_01_Far
0
-0.8423396
0
1286.823
130.6794
662.4416
1.0
Item_Fruit_E
3.090437
-0.3698772
-2.907317
1677.882
115.8764
129.7908
1.0
Enemy_Chuchu_Middle
0
0
0
1303.563
115.2618
158.0781
1.0
Item_Fruit_A
0
-3.099997
0
1455.426
119.9034
561.3268
1.0
LinkTagAnd
0
0
0
1735.863
131.5441
85.67838
1.0
Obj_TreeConiferous_A_01_Trunk
-0.48
0
1.570796
1917.828
112.142
45.86584
1.0
LinkTagPulse
0
0.9420595
0
1981.517
175.1776
451.1088
0.25
FldObj_CliffWhiteWall_A_02_Far
2.336253
-0.1332101
-3.012825
1582.158
173.9259
668.6174
1.0
LinkTagOr
0
1.000387
0
1429.609
115.6634
198.1675
1.0
FldObj_BridgeLog_A_01
0
2.521592
0
1705.269
115.1424
156.1757
1.0
Obj_RockSetGray_A_L_01
-1.26
0
0
2016.124
245.1065
543.1564
1.0
LinkTagNAnd
0
-3.099997
0
1450.324
119.0799
558.0157
1.0
ForceSetPosDirAutoSaveAnchor
0
-2.157787
0
1606.661
117.7
466.0861
1.0
FldObj_CliffWhiteWall_A_01_Far
-2.167585
-1.323096
1.056876
1135.12
156.7817
827.3134
1.0
FldObj_CliffWhiteParts_A_06
2.762412
0.7061331
3.035107
1631.924
104.6726
621.6487
1.2
LinkTagAnd
0
0
0
1045
120.7661
285
1.0
LinkTagAnd
0
0
0
1899.718
239.3331
-56.19952
1.0
LinkTagOr
0
-1.047198
0
1780.419
114.8419
151.292
1.0
TwnObj_WoodenFrameworkBridge_A_01
0
-0.74
0
1894.277
116.636
148.744
1.0
LinkTagOr
0
2.077862
0
1946.719
115.0074
275.2722
1.0
FldObj_BridgeLog_A_01_Far
0
-2.84
0
1491.763
115.1424
261.9647
1.0
LinkTagAnd
0
-0.8423394
0
1278.9
150.6849
657.7429
1.0
TwnObj_GoddesStatue_A_02
0
-1.890796
0
1840.121
218.5387
997.8873
1.0
LinkTagAnd
0
0
0
1646.136
118.2096
385.9633
1.0
FldObj_BridgeLog_A_01
0
-1.54
0
1335.25
114.8768
403.6346
1.0
Obj_Plant_Lotus_A_01
0
2.46
0
1673.822
115.0042
381.8637
1.0
Obj_TreeBroadleaf_B_L_01
0
2.783186
0
1726.262
129.6355
666.8813
1.0
Enemy_Bokoblin_Middle
0
0
0
1042
121.5946
290
1.0
FldObj_CliffWhiteWaterFall_A_01
0
2.38
0
1649.153
121.7585
682.9891
1.0
Enemy_Bokoblin_Junior
0
1.600001
0
1380.767
234.2036
987.1111
1.0
Obj_Plant_Lotus_A_01
0
0
0
1805.515
115.0164
132.2137
1.0
LinkTagAnd
0
0
0
1601
116.7
462.2
1.0
FldObj_BridgeLog_A_01
-3.110797
-1.201526
3.1295
1457.727
114.8816
447.0792
1.0
FldObj_BridgeLog_A_01
0
1.10526
0
1904.572
115.1424
62.68204
1.0
SwitchTimeLag
1.570796
1.332619
3.141593
1598.671
124.3918
806.9679
0.5
FldObj_CliffWhiteWall_A_05_Far
3.001592
-1.081593
3.141593
1872.27
255.1832
780.9825
1.0
FldObj_CliffWhite_A_S_01_Far
-1.127189
-1.195935
0.9424463
1116.376
126.844
632.7797
1.0
LinkTagOr
0
0
0
1951.716
115.0074
397.2936
1.0
Obj_TreeApple_A_M_01
0
1.000387
0
1427.01
115.6634
195.7881
1.0
ActorObserverTag
0
-3.099997
0
1439.186
119.7013
558.4793
1.5
LinkTagAnd
0
-0.8146706
0
1163.786
117.5545
259.0643
0.5
LinkTagOr
0
-1.715443
0
1906.611
115.0074
235.9725
1.0
FldObj_BridgeLog_A_01
0
-2.84
0
1491.763
115.1424
261.9647
1.0
LinkTagAnd
0
0
0
1683.71
122.8467
399.967
1.0
Item_Fruit_E
-2.735159
1.022573
-2.713327
1944.884
115.8764
273.4438
1.0
Area
0
-3.099997
0
1447.433
120.7555
561.6595
0.3
DgnObj_DungeonEntrance_A_01_Far
0
-0.772746
0
1841.923
259.0982
890.3965
1.0
FldObj_CliffWhiteLumpRock_A_01
-1.731271
-1.310118
1.313574
1304.318
161.4674
763.9352
1.0
FldObj_CliffWhiteWall_A_05
-0.1555484
-0.3931789
0.1950532
1173.884
157.7064
943.8733
1.0
FldObj_CliffWhiteWall_A_02_Far
2.06308
0.9191379
2.591742
1165.68
155.4251
747.2452
1.0
FldObj_CliffWhiteTilt_A_01_Far
0
-2.111848
0
1975.782
176.4775
534.1713
0.82
FldObj_BridgeLog_A_01_Far
0
0.28
0
1490.152
115.1424
261.785
1.0
Item_Fruit_E
2.198079
-1.309672
-2.147304
1906.96
115.8764
238.5389
1.0
FldObj_Chain_A
-0.4754372
-0.06869671
-1.703347
1433.885
116.4517
137.7932
1.0
Item_Fruit_E
0.03490658
0
-0.2181662
1954.205
115.8764
396.5778
1.0
Obj_TreeBroadleafRoot_B_L_01
0
2.623185
0
1982.471
164.0161
452.7346
1.0
LinkTagAnd
0
2.299253
0
1284.034
130.6648
656.8747
1.0
FldObj_CliffWhiteLumpRock_A_01
2.94148
-1.074962
2.303161
1697.661
105.8431
381.0074
0.7
Obj_Plant_Lotus_A_01
0
0.07096726
0
1971.359
115.0164
396.4097
1.0
KorokAnswerResponce
0
1.808974
0
1597.214
119.3577
808.4078
0.5
Area
0
2.908791
0
1286.583
175.4695
830.7876
50
LocationTag
0
0
0
1580.157
109.7955
312.152
1.0
Obj_RockSetGray_A_L_01
0.08014359
0.05980782
0.004800607
1987.697
213.7171
555.0549
1.0
DgnObj_EntranceShutter_A_01
0
0.9838051
0
1604.164
117.7002
464.3047
1.0
FldObj_CliffWhiteLumpRock_A_01
0
-2.943185
0
1607.086
132.1671
840.2671
1.0
LinkTagOr
0
-2.762284
0
1679.929
115.0074
128.2041
1.0
BattleBgmRequestFinishTag
0
2.299253
0
1279.531
150.6313
652.2605
1.0
ActorObserverTag
0
0
0
1685.408
123.2962
398.134
1.0
FldObj_CliffWhiteWall_A_03
-1.183797
0.6444053
-0.1121689
1067.56
155.5176
80.87405
1.0
AirWallForE3
0
0.820303
0
2004.962
119.7435
21.43533
1.0
EventTag
0
0
0
1679.749
123.1887
401.3371
1.0
LinkTagAnd
0
0
0
1683.288
118.503
387.7952
1.0
FldObj_CliffWhite_A_S_01
-0.22
0
0
1429.063
251.5202
1008.253
1.0
FldObj_BridgeLog_A_01_Far
0
-0.9584075
0
1711.898
115.1424
403.4491
1.0
BarrelBomb
-0.009967118
-0.8423492
0.01600458
1285.008
130.7063
669.4216
1.0
FldObj_BridgeLog_A_01
0
2.101593
0
1712.297
115.1424
404.9921
1.0
LinkTagNAnd
0
0
0
1899.05
249.0208
-64.58966
1.0
Obj_Plant_Lotus_A_01
0
2.524823
0
1956.346
115.0164
398.8883
1.0
FldObj_CliffWhiteLumpRock_A_01
2.290899
-0.5285414
2.741546
1114.047
147.6197
67.50702
1.0
Rope
0
-0.8423396
0
1285.301
143.8294
670.4998
1.0
Obj_RaftWoodSail_A_S_01
0
1.500001
0
1771.404
115.0042
678.387
1.0
FldObj_BridgeLog_A_01
0
-0.3399999
0
1530.566
114.8768
371.2889
1.0
Obj_Plant_Lotus_A_01
0
-1.715443
0
1906.9
115.0164
238.3483
1.0
ActorObserverTag
0
0
0
1988.94
123.2962
9.634033
1.0
Obj_Plant_Lotus_A_01
0
0
0
1954.025
115.0164
396.665
1.0
LinkTagAnd
0
0
0
1680.769
118.2096
385.9633
1.0
FldObj_CliffWhiteWall_A_02
2.247789
-0.9607915
-3.07836
1972.496
164.5567
537.8354
1.0
LinkTagAnd
0
-0.32
0
1831.599
224.0316
994.0901
1.0
LinkTagOr
0
0
0
1803.206
115.0074
132.8423
1.0
PosAfterDemoSkip
0
2.368847
0
1837.058
260.0982
895.2427
1.0
Obj_TreeConiferous_A_01_Trunk
-0.48
0
1.570796
1904.542
111.0244
42.61395
1.0
LinkTagOr
0
2.46
0
1676.012
114.9952
382.8305
1.0
Enemy_Guardian_A
0
0
0
1856.386
114.3522
405.5273
1.0
LinkTagAnd
0
0
0
1995.086
122.2035
12.40594
1.0
FldObj_MountainSheiker_A_01
0
0.4363323
0
1644
256
973.5
0.9
LinkTagNAnd
0
-3.099997
0
1456.913
120.7362
557.7415
1.0
Obj_Plant_Lotus_A_01
0
2.077862
0
1945.048
115.0164
273.5587
1.0
DgnObj_EntranceShutter_A_01
0
-0.772746
0
1839.27
260.0984
893.1173
1.0
TwnObj_Village_SheikerCliff_A_03_Far
0
-2.52
0
1990.783
284.4008
889.7049
1.1
Area
0
0
0
1313
118.7344
175.125
30
FldObj_BridgeLog_A_01
0
0.5599999
0
1617.91
115.0799
367.496
1.0
FldObj_CliffWhite_A_01_Far
0
-0.5999998
0
1157.782
156.2663
748.4976
1.0
Item_Fruit_E
-2.954409
0.6000603
-2.876234
1956.148
115.8764
398.8554
1.0
FldObj_BridgeLog_A_01_Far
0
2.561592
0
1653.008
115.1424
243.535
1.0
LinkTagAnd
0
0
0
1444.383
122.2511
555.6311
1.0
FldObj_CliffWhiteWall_A_02
2.620544
-0.9897557
3.008613
1896.993
182.3795
682.1558
1.4
LinkTagAnd
0
0
0
1992.567
121.9102
10.57404
1.0
FldObj_MountainSheiker_A_01_Far
0
0.4363323
0
1644
256
973.5
0.9
Obj_KorokPot_A_01
0
0
0
1736.363
131.0066
85.67816
1.0
FldObj_CliffWhiteTilt_A_01
0
-2.111848
0
1975.782
176.4775
534.1713
0.82
LinkTagNAnd
0
-0.772746
0
1841.601
272.5982
892.8757
0.6
FldObj_CliffWhite_A_S_01_Far
-0.5398982
0.7300828
-0.9351448
1715.711
136.9293
692.0633
1.0
ArmorProcessingEventTag
0
-0.6399999
0
1972.684
271.3047
850.1355
1.0
FldObj_CliffWhiteParts_A_06
2.930363
0.366984
-3.081452
1249.86
166.4705
876.1473
1.0
FldObj_BridgeLog_A_01_Far
0
-1.16
0
1497.156
114.7518
439.3007
1.0
SwitchTimeLag
1.570796
-0.04159585
3.141593
1444.383
122.2511
555.6311
0.5
Item_Fruit_E
0.01952183
0.06928232
-0.2186993
1971.533
115.8764
396.3099
1.0
Npc_HiddenKorokGround
0
0.9420595
0
1980.929
174.2776
451.9176
1.0
FldObj_BridgeLog_A_01
0
0.5999998
0
1627.465
115.0799
384.5819
1.0
FldObj_MountainSheikerWall_A_08_Far
-0.3643152
-1.194172
0.3891652
1871.866
273.1783
862.5467
0.7
FldObj_CliffWhiteEdgeParts_A_04
3.115031
-0.7234151
3.099149
1783.21
217.7723
872.2775
1.0
Obj_Plant_Lotus_A_01
0
1.785323
0
1922.138
115.0164
260.3876
1.0
KorokAnswerResponce
0
-3.099997
0
1454.499
117.9471
558.2127
0.5
FldObj_CliffWhiteParts_A_06_Far
2.930363
0.366984
-3.081452
1249.86
166.4705
876.1473
1.0
Area
3.068623
-0.2988034
3.129642
1116.172
120.8284
555.6381
3
LinkTagOr
0
0
0
1731.5
114.9952
43.48697
1.0
Obj_Plant_Lotus_A_01
0
3.140187
0
1667.176
114.6342
383.207
1.0
FldObj_BridgeLog_A_01
0
2.561592
0
1663.656
115.1424
227.2772
1.0
LinkTagOr
0
0
0
1804.46
115.0074
125.8503
1.0
FldObj_MountainSheiker_A_02
0
1.48353
0
1702.5
225
904.5
0.9
FldObj_BridgeLog_A_01_Far
0
1.10526
0
1886.795
115.1424
54.33438
1.0
Obj_Plant_Lotus_A_01
0
2.438973
0
1919.187
115.0164
273.762
1.0
TwnObj_Village_SheikerCliff_A_01
3.021027
-0.6205265
-3.099469
1981.626
284.7472
900.9951
1.2
Npc_HiddenKorokGround
0
1.808974
0
1595.755
117.3918
807.6757
1.0
Obj_Plant_Lotus_A_01
0
0.147656
0
1926.993
115.0164
372.9738
1.0
Item_Fruit_A
0
-3.099997
0
1447.433
120.7523
561.6595
1.0
FldObj_CliffWhiteParts_A_03_Far
2.680637
-0.03613724
2.888298
1706.417
129.9167
680.9322
1.0
FldObj_BridgeLog_A_01
0
-0.3199999
0
1523.308
114.8768
389.41
1.0
FldObj_AncientStoneTower_A_01_Far
0
-2.410797
0
1674.877
94.29
357.1793
1.0
Item_Fruit_E
0.03490658
0
-0.2181662
1961.264
115.8764
385.7235
1.0
FldObj_CliffWhiteLumpRock_A_01
-0.3312177
-0.4942486
0.4717234
1225.471
115.1192
348.305
1.0
LocationTag
0
0
0
1976
265
845
1.0
FldObj_CliffWhiteParts_A_03
2.680637
-0.03613724
2.888298
1706.417
129.9167
680.9322
1.0
GreatFairyBeforeRevival
0
-0.6399999
0
1976.08
271.6797
845.9951
1.0
FldObj_CliffWhiteLumpRock_A_01
-0.5208067
1.233387
-0.9877743
1574.645
142.8741
793.777
1.1
FldObj_EnemyBaseRiversideBridge_A_02_Far
0
-0.7400004
0
1992.947
116.7542
28.46875
1.0
LinkTagAnd
0
0
0
1645.464
118.2096
385.9633
1.0
Npc_Assassin_007
0
-0.8146706
0
1162.414
117.5545
257.6093
1.0
FldObj_BridgeLog_A_01
0
1.10526
0
1869.779
115.1424
44.65079
1.0
FldObj_BridgeLog_A_01
-3.103741
0.5188664
-3.072609
1715.54
114.9322
139.8776
1.0
FldObj_CliffWhiteTunnel_A_01_Far
-0.01069919
-1.541271
0.02661674
1559.924
149.9933
822.1759
1.2
FldObj_CliffWhiteEdgeParts_A_04_Far
3.115031
-0.7234151
3.099149
1783.21
217.7723
872.2775
1.0
LinkTagAnd
0
-0.32
0
1832.293
224.0316
992.1525
1.0
FldObj_BridgeLog_A_01_Far
3.05702
1.015841
3.06564
1787.266
114.4861
70.11624
1.0
Item_Fruit_E
-2.925422
0.6827144
-2.858875
1918.993
115.8764
273.7123
1.0
LinkTagOr
0
0
0
1899.164
239.7018
-35.05817
1.0
FldObj_CliffWhiteLumpRock_A_01
-0.5582037
0.4941869
-0.2262014
1925.154
112.7618
130.5704
1.0
Item_Fruit_E
0.002724795
0.1441312
-0.2204896
1927.158
115.8764
372.861
1.0
TwnObj_FairySpringClose_A_01
0
-0.6399999
0
1976
267.5
846
1.0
TwnObj_Village_SheikerCliff_A_03
0
-2.52
0
1990.783
284.4008
889.7049
1.1
FldObj_MountainSheikerWall_A_08
1.053432
-1.471984
-1.335875
1579.943
255.5779
971.7893
1.0
ActorObserverTag
0
1.808974
0
1596.978
118.3577
807.4361
1.0
FldObj_MountainSheikerWall_A_08_Far
-0.01753838
0.7198244
-0.02659989
1904.877
273.8684
865.1224
0.8
Area
0
-2.843206
0
1116.138
120.5866
555.5684
0.8567281
LinkTagAnd
0
2.299253
0
1282.331
130.6732
653.6785
1.0
FldObj_ChainEyeBolt_A_01
0
1.570796
-3.141593
1736.363
134.0441
85.67816
1.0
LinkTagNone
0
0
0
1374.478
233.9249
977.2905
1.0
LinkTagAnd
-0.09251019
-0.002732593
-0.05901735
1821.704
260.2055
871.1257
1.0
FldObj_CliffWhiteLumpRock_A_01
2.637805
-0.4904575
3.028625
1543.99
187.4822
723.3998
1.0
FldObj_CliffWhiteWall_A_02
-0.2276742
0.8309142
0.9335253
965.9847
143.071
697.1787
1.0
Item_Fruit_E
-2.324604
1.266028
-2.335926
1922.015
115.8764
260.2304
1.0
LinkTagNAnd
0
0.9838051
0
1603.496
130.2
462.0588
0.6
LinkTagAnd
0
0
0
1645.756
118.503
387.7952
1.0
FldObj_BridgeLog_A_01_Far
2.975359
-1.25719
-2.946009
1390.984
114.8768
414.3319
1.0
FldObj_BridgeLog_A_01
2.975359
-1.25719
-2.946009
1390.984
114.8768
414.3319
1.0
Area
0
-0.3187408
0
1278.989
141.0804
686.1824
2
FldObj_CliffWhiteWall_A_02_Far
2.620544
-0.9897557
3.008613
1896.993
182.3795
682.1558
1.4
Area
1.808974
4.24774E-08
1.570796
1597.452
115.6468
809.3873
0.2109886
Area
1.580045
-0.09999578
1.569873
1868.763
273.4018
899.8961
1.0
Obj_Plant_Lotus_A_01
0
-1.047198
0
1782.118
114.8509
152.9777
1.0
LinkTagOr
0
-3.005711
0
1773
115.0074
155.794
1.0
LinkTagAnd
0
0
0
1839.167
260.0984
896.0887
1.0
BoxWater
0
-0.6399999
0
1974.798
269.9397
848.0352
6
Area
0
0.4799985
0
1435.353
112.1327
136.5887
1.0
Enemy_Bokoblin_Junior
0
-0.05999991
0
1438.121
206.9596
784.9886
1.0
LinkTagAnd
0
-3.099997
0
1444.383
124.2511
555.6311
1.0
ConstraintDummy
-0.4754372
-0.06869671
-1.703347
1434.06
116.4219
137.7019
0.1
LinkTagOr
0
-2.138804
0
1788.982
115.0074
162.5706
1.0
LinkTagAnd
0
-0.6399999
0
1996.28
267.5
847.4787
1.0
LinkTagAnd
0
0
0
2010.348
121.9102
23.33966
1.0
PosAfterDemoSkip
0
-2.157787
0
1606.661
117.7
466.0861
1.0
Obj_TreeBroadleaf_B_L_01
0
2.783186
0
1916.609
122.5839
146.5258
1.0
Obj_Plant_Lotus_A_01
0
0
0
1961.084
115.0164
385.8108
1.0
TwnObj_Village_SheikerCliff_A_02
3.030717
-0.4827951
3.123634
1972.058
284.5081
905.3805
1.0
FldObj_CliffWhiteLumpRock_A_01
0.2564804
-1.137528
-1.104954
1060.224
137.6497
777.2474
0.9
LinkTagNone
0
0
0
1461.468
217.7454
815.1473
1.0
FldObj_CliffWhiteParts_A_06
-3.091485
1.200815
-3.108535
1636.344
125.6037
664.4958
1.0
FldObj_BridgeLog_A_01
2.598308
-1.490881
-2.616923
1354.983
114.5213
405.3041
1.0
FldObj_BridgeLog_A_01
0
-1.94
0
1439.5
114.6033
439.7811
1.0
Npc_HiddenKorokGround
0
-3.099997
0
1446.498
116.0391
558.3604
1.0
LinkTagAnd
0
0.9838051
0
1605.165
117.7
466.7721
0.3
LinkTagAnd
0
0
0
1580.157
109.7955
312.152
1.0
FldObj_BridgeLog_A_01
0
2.561592
0
1727.238
115.1424
124.0702
1.0
FldObj_CliffWhiteWall_A_02
2.761593
-0.8815929
3.141593
1789.822
187.4586
863.9816
1.0
FldObj_PushRock_A_M_01
-0.01277832
-0.6599754
-0.1622307
1116.046
121.7702
555.6672
1.0
Item_Fruit_E
-3.13627
-0.1326411
-2.921461
1770.63
115.8764
156.8405
1.0
DestinationAnchor
0
2.50158
0
1971.82
270.4308
851.61
1.0
Item_Fruit_E
2.849513
-0.966659
-2.750693
1788.246
115.8764
165.054
1.0
FldObj_CliffWhiteWall_A_02_Far
2.277773
-0.6927397
-3.094356
2073.946
177.772
442.8628
1.2
LinkTagOr
0
0
0
1736.863
131.5441
85.67786
1.0
Obj_TreeApple_A_M_01
0
-3.099997
0
1454.707
115.4471
563.2084
1.0
FldObj_CliffWhite_A_04
-0.09999999
0
0.2
1385.02
202.7772
829.6552
1.0
FldObj_CliffWhiteWall_A_02_Far
-0.2276742
0.8309142
0.9335253
965.9847
143.071
697.1787
1.0
FldObj_CliffWhiteLumpRock_A_01
-0.1164188
-0.564909
-0.3429347
1322.165
168.4864
791.4108
1.0
LinkTagAnd
0
0.9420595
0
1980.635
176.7776
452.3221
1.0
Item_Fruit_A
0
-3.099997
0
1456.472
119.2471
562.9644
1.0
LinkTagOr
0
0.147656
0
1924.802
115.0074
373.9353
1.0
KorokAnswerResponce
0
-3.099997
0
1438.492
118.0419
558.3785
0.5
LinkTagOr
0
2.438973
0
1921.355
115.0074
274.7747
1.0
LinkTagAnd
0
0
0
1601
116.7
462.2
1.0
FldObj_BridgeLog_A_01_Far
0
-2.059999
0
1408.07
114.8768
423.3632
1.0
FldObj_CliffWhiteParts_A_03
-2.841491
0.6894572
-1.626996
1727.537
129.3553
684.9386
1.0
Obj_Plant_Lotus_A_01
0
0
0
1806.77
115.0164
125.2217
1.0
BoxWater
0
-0.6399999
0
1974.324
269.9397
845.2181
6
FldObj_CliffWhite_A_03
0
2.12
0
1208.153
163.8998
866.948
1.0
DgnObj_DungeonEntrance_A_01
0
0.9838051
0
1601
116.7
462.2
1.0
FldObj_BridgeLog_A_01
-3.015901
1.053158
-3.020113
1769.903
115.0486
79.07425
1.0
FldObj_BridgeLog_A_01_Far
0
2.12526
0
1803.379
115.1424
59.25629
1.0
SoundProxyClappers
0
0
0
1810.932
226.5902
954.9226
1.0
Obj_Plant_Lotus_A_01
0
0
0
1733.809
115.0042
42.85837
1.0
LinkTagNone
0
0
0
1286.077
130.6794
663.1073
1.0
AnchorAction2
0
0.5235988
0
1033
122.8742
278.2
1.0
ShelterFromRainTag
0
-2.145397
0
1279.348
175.4695
834.7922
1.0
FldObj_MountainSheikerWall_A_07_Far
-0.01166402
0.879033
0.06273054
1954.947
277.691
799.2346
0.8
LinkTagOr
0
1.785323
0
1923.244
115.0074
262.5102
1.0
DgnObj_WarpPoint_A_01
0
0.9838051
0
1608.656
117.663
467.2929
1.0
LinkTagAnd
0
0
0
1821.704
260.2055
871.1257
1.0
FldObj_CliffWhiteScaffold_A_01_Far
0
0
0
1622.693
130.7379
781.4189
1.1
FldObj_EnemyBaseRiversideBridge_A_02_Far
0
-0.7400004
0
2004.915
116.7542
15.35938
1.0
LinkTagOr
0
0
0
1958.775
115.0074
386.4394
1.0
FldObj_CliffWhiteParts_A_03
-2.601375
0.3146771
-1.172297
1669.367
110.7237
394.2905
1.0
LinkTagAnd
0
0.9838051
0
1605.165
117.7
466.7721
0.3
Obj_Plant_Lotus_A_01
0
-2.138804
0
1788.27
115.0164
164.8555
1.0
FldObj_BridgeLog_A_01
0.0336698
-0.6993263
-0.05227859
1509.84
114.8768
425.2069
1.0
Obj_TreeConiferous_A_01_Trunk
-0.48
0
1.570796
1911.947
111.4763
43.23639
1.0
LinkTagAnd
0
0
0
1052
120.7661
284.5
1.0
FldObj_CliffWhiteTunnel_A_01
-0.01069919
-1.541271
0.02661674
1559.924
149.9933
822.1759
1.2
FldObj_CliffWhiteLumpRock_A_01
2.752538
0.7844433
-2.735775
1308.192
119.5847
639.9056
1.0
Obj_Plant_Lotus_A_01
0
-3.005711
0
1770.797
115.0164
156.7296
1.0
Area
0
0
0
1045
120.7661
295
40
FldObj_CliffWhiteLumpRock_A_01
-2.362892
1.103617
-1.77216
1114.02
115.4893
321.4764
1.0
LinkTagOr
0
0
0
1675.885
116.3498
385.8385
1.0
DgnObj_DungeonEntrance_A_01
0
-0.772746
0
1841.923
259.0982
890.3965
1.0
ActorObserverTag
0
-3.099997
0
1452.323
118.4425
557.9326
1.5
FldObj_RockLayerMossTreeBroadleaf_A_02
0
0.5
0
1743.116
113.9306
83.60187
0.8999999
FldObj_MountainSheikerWall_A_07
-0.01166402
0.879033
0.06273054
1954.947
277.691
799.2346
0.8
FldObj_CliffWhite_A_04_Far
-0.09999999
0
0.2
1385.02
202.7772
829.6552
1.0
Area
0
-3.099997
0
1456.471
119.2503
562.9645
0.3
LinkTagNone
0
0
0
1042
121.1612
295
1.0
Area
0
0
0
1045
120.7661
295
25
LinkTagNone
0
0
0
1837.083
218.4604
996.881
1.0
Npc_Attacked_010
0
-3.141593
0
1048
120.7661
295
1.0
Area
0
0
0
1670.657
103.3558
380.6052
22
LinkTagOr
0
-3.099997
0
1439.175
115.5419
560.3795
1.0
FldObj_CliffWhiteWall_A_02
2.254334
0.4016725
2.816564
1131.927
155.0971
723.8133
1.0
LinkTagAnd
0
0
0
1052
120.7661
287.5
1.0
Item_Fruit_E
0.03490658
0
-0.2181662
1733.989
115.8642
42.77112
1.0
FldObj_CliffWhiteParts_A_03_Far
-2.841491
0.6894572
-1.626996
1727.537
129.3553
684.9386
1.0
LinkTagNone
0
0
0
1333.134
114.6659
307.8774
1.0
EventTag
0
0
0
1988.07
123.1887
15.91519
1.0
FldObj_BridgeLog_A_01_Far
0
1.10526
0
1904.572
115.1424
62.68204
1.0
Obj_LiftRockWhite_A_01
3.068623
-0.2988034
3.129642
1116.138
119.8313
555.5684
1.0
ConstraintDummy
0
-0.8423396
0
1284.928
143.8294
670.8326
1.0
FldObj_CliffWhiteLumpRock_A_01
0
0.56
0
1596.468
134.5827
772.4252
1.0
LinkTagOr
0
-0.8146706
0
1160.231
117.5545
259.6677
0.5
FldObj_BridgeLog_A_01_Far
0
-0.3399999
0
1530.566
114.8768
371.2889
1.0
ForceSetPosDirAutoSaveAnchor
0
2.368847
0
1837.058
260.0982
895.2427
1.0
Item_Fruit_E
0.03490658
0
-0.2181662
1806.95
115.8764
125.1345
1.0
FldObj_MountainSheikerWall_A_08_Far
1.053432
-1.471984
-1.335875
1579.943
255.5779
971.7893
1.0
Npc_Zora025
0
0.8400002
0
1993.483
113.6059
12.54559
1.0
TwnObj_Village_SheikerCliff_A_03_Far
3.572626E-08
-1.42
2.527801E-08
1859.669
278.949
884.3377
1.3
AnchorAction1
0
3.141593
0
1048
120.291
295
1.0
FldObj_BridgeLog_A_01
0
-1.16
0
1497.156
114.7518
439.3007
1.0
FldObj_CliffWhiteWall_A_02
2.581593
-0.06159279
3.141593
1367.541
133.1913
657.3851
1.2
FldObj_CliffWhite_A_05
0
-0.3
0
1273.173
196.0381
917.7388
1.0
FldObj_CliffWhite_A_05_Far
0
-0.3
0
1273.173
196.0381
917.7388
1.0
LinkTagAnd
0
-0.772746
0
1836.66
260.0982
893.6453
0.3
Area
0
2.299253
0
1291.675
137.6732
656.2894
2
AirWallForE3
0
0.820303
0
1998.985
119.7435
15.86502
1.0
LinkTagOr
0
3.051069
0
1959.865
115.0074
276.8235
1.0
FldObj_CliffWhiteLumpRock_A_01
2.865739
0.8019829
-3.135879
1574.138
136.4485
834.2943
1.0
AnchorAction1
0
2.356194
0
1042
121.1612
295
1.0
FldObj_CliffWhiteWall_A_01
2.401592
0.01840697
3.141593
1452.388
172.3698
702.115
1.0
Obj_RockSetWhite_A_L_01
1.28
-1.34
0
1312.3
221.9189
939.0664
1.0
FldObj_MountainSheikerWall_A_08
-0.01753838
0.7198244
-0.02659989
1904.877
273.8684
865.1224
0.8
Obj_Plant_Lotus_A_01
0
0
0
1689.508
115.0042
45.11407
1.0
LocationTag
0
0
0
1601
116.7
462.2
1.0
LinkTagAnd
0
0.4799985
0
1434.292
120.0035
135.6348
1.0
FldObj_EnemyBaseRiversideBridge_A_02
0
-0.7400004
0
1992.947
116.7542
28.46875
1.0
Obj_Plant_Lotus_A_01
0
-3.072113
0
1721.994
115.0042
69.17166
1.0
Item_Fruit_E
-1.810835
1.344399
-1.839061
1698.954
115.8642
136.7412
1.0
TwnObj_Village_SheikerCliff_A_03_Far
0
2.399999
0
2004.804
284.3603
882.7382
1.1
FldObj_CliffWhiteWall_A_05
3.021424
-0.2183597
-3.140775
1657.553
243.0811
910.8428
1.0
LinkTagOr
0
-0.1177138
0
1878.319
115.0074
310.1065
1.0
FldObj_MountainSheikerWall_A_08_Far
2.850193
-1.267737
3.135858
1590.851
255.8445
933.2361
1.0
LinkTagOr
0
1.239683
0
1952.587
115.0074
283.7594
1.0
TwnObj_Village_SheikerCliff_A_03_Far
3.120848
-0.9252168
3.042263
1962.436
285.9099
912.5104
1.0
Area
0
-3.099997
0
1439.44
120.0013
561.9922
0.3
Obj_TreeBroadleaf_B_L_01
0
-2.579999
0
1120.514
119.454
565.7972
1.0
Item_Fruit_E
-3.106382
0.00137231
-2.923426
1666.996
115.4942
383.294
1.0
Item_Fruit_A
0
-3.099997
0
1454.599
121.2471
560.6106
1.0
FldObj_MountainSheikerWall_A_08
1.053432
-1.471984
-1.335875
1579.943
255.5779
971.7893
1.0
FldObj_CliffWhiteWall_A_05_Far
2.520338
-0.8428338
-3.076219
1358.321
157.6441
744.8743
0.8
Area
1.570796
-0.9199999
0
1580.157
109.7955
312.152
50
Item_Fruit_A
0
1.634341
0
1195.208
153.5394
723.0186
1.0
LinkTagAnd
0
0
0
1947.791
311.1779
882.6799
1.0
Area
0
-3.099997
0
1453.993
118.7425
564.0888
0.3
Obj_TreeBroadleafRoot_B_L_01
0
0.16
0
1111.192
167.9174
732.5524
1.0
LinkTagAnd
0
-3.099997
0
1446.998
118.5391
558.3394
1.0
Item_Fruit_E
2.898034
-0.8920973
-2.7896
1792.095
115.8764
147.6232
1.0
LinkTagNAnd
0
-3.099997
0
1452.323
119.6659
557.9325
1.0
Enemy_Bokoblin_Middle
0
0
0
1048
120.8187
289
1.0
LinkTagAnd
0
0
0
1898.902
248.9525
-55.67938
1.0
LinkTagOr
0
-3.081969
0
1194.846
128.4539
694.864
1.0
LinkTagOr
0
2.242639
0
1924.986
115.0074
289.2021
1.0
LinkTagAnd
0
0.9838051
0
1601.834
130.2
464.5566
0.6
AnchorAction2
0
-0.3490658
0
1035.518
122.7814
278.5201
1.0
LinkTagPulse
3.068623
-0.2988034
3.129642
1115.216
120.8397
555.9324
0.25
Obj_SweepCollision
0
0
0
1976
267.5
846
1.0
Area
1.808974
4.24774E-08
1.570796
1596.98
115.6468
807.4437
0.2109886
FldObj_CliffWhiteWall_A_02
2.575788
-0.1809637
-3.024241
1533.778
150.8349
673.3584
1.0
Item_Fruit_E
-3.121747
-0.06783012
-2.922915
1721.82
115.8642
69.27118
1.0
Obj_Plant_Lotus_A_01
0
1.631775
0
1699.052
115.0042
136.9154
1.0
Item_Fruit_E
0.03490658
0
-0.2181662
1689.688
115.8642
45.02679
1.0
ActorObserverTag
0
0
0
1988.94
123.1165
16.19653
1.0
FldObj_BridgeLog_A_01_Far
0
2.561592
0
1727.238
115.1424
124.0702
1.0
FldObj_CliffWhiteTop_A_01
0
0
0
1259.62
219.4602
1011.158
1.0
FldObj_BridgeLog_A_01
0
2.12526
0
1803.379
115.1424
59.25629
1.0
TwnObj_Village_SheikerCliff_A_03
0
2.399999
0
2004.804
284.3603
882.7382
1.1
SoundProxyClappers
0
0
0
1868.765
273.4084
900.1632
1.0
Item_Fruit_E
0.393576
-1.007496
-0.417343
1782.283
115.7109
153.0898
1.0
FldObj_CliffWhiteLumpRock_A_01
-2.022712
-1.285692
1.824521
1902.268
112.7892
122.2772
0.8
LinkTagOr
0
1.216703
0
1960.039
115.0074
413.6866
1.0
LinkTagOr
3.068623
-0.2988034
3.129642
1115.747
122.4292
555.897
1.0
LinkTagAnd
0
0
0
1988.216
123.8062
17.56039
1.0
FldObj_BridgeLog_A_01_Far
0
0.28
0
1479.4
115.1424
224.3944
1.0
Item_Fruit_A
0
-1.685706
0
1193.736
131.4939
698.9096
1.0
FldObj_CliffWhiteWall_A_02_Far
-2.121512
1.332878
-0.9803569
1511.741
200.8184
822.7072
1.0
ActorObserverTag
0
1.808974
0
1597.45
118.3577
809.3796
1.0
TwnObj_Village_SheikerCliff_A_03
3.120848
-0.9252168
3.042263
1962.436
285.9099
912.5104
1.0
Animal_Boar_A
0
2.896195
0
1443.423
216.1308
823.0087
1.0
FldObj_BridgeLog_A_01
0
-1.759999
0
1372.236
114.5096
409.7963
0.9
ActorObserverTag
0
-3.099997
0
1450.324
117.6925
558.0157
1.5
FldObj_MountainSheikerWall_A_08
-0.3643152
-1.194172
0.3891652
1871.866
273.1783
862.5467
0.7
PlayerOnScaffoldCheckTag
0
-0.3187408
0
1274.241
141.0804
684.6155
1.0
Obj_Plant_Lotus_A_01
0
-2.218802
0
1792.134
115.0164
147.4271
1.0
ActorObserverTag
0
0
0
1680.619
123.2962
401.6184
1.0
Area
0
-3.099997
0
1455.426
119.9065
561.3268
0.3
LinkTagOr
0
0
0
1992.965
120.0503
13.24615
1.0
FldObj_CliffWhiteLumpRock_A_01
2.023447
-0.6404747
-2.551671
1094.616
145.1295
727.6625
1.0
FldObj_CliffWhiteScaffold_A_01
0
0
0
1622.693
130.7379
781.4189
1.1
EventTag
0
0.4602063
0
1607.103
117.7
463.8579
0.6
Item_Fruit_A
0
1.000387
0
1427.591
118.2284
194.0107
1.0
WildHorseCreateTag01
0
0
0
1195.554
115.1198
504.4113
1.0
FldObj_CliffWhiteWall_A_02_Far
-0.1768171
0.7947814
0.1172934
1673.414
165.2235
721.3557
0.9
Obj_TreeApple_A_M_01
0
1.634341
0
1192.498
147.7394
723.2224
1.0
FldObj_CliffWhiteLumpRock_A_01
2.900095
-0.05329846
2.856801
1683.093
150.5926
699.5672
1.1
ActorObserverTag
0
0.4799985
0
1440.231
117.7456
134.0489
2
Area
0
-3.099997
0
1454.599
121.2503
560.6106
0.3
DgnObj_DungeonEntrance_A_01_Far
0
0.9838051
0
1601
116.7
462.2
1.0
FldObj_BridgeLog_A_01_Far
0
-1.54
0
1335.25
114.8768
403.6346
1.0
LinkTagOr
0
0.6978006
0
1964.926
115.0074
397.1371
1.0
FldObj_BridgeLog_A_01_Far
0
2.181593
0
1679.129
115.1424
425.6913
1.0
LinkTagAnd
0
0
0
1440.231
119.7456
134.0489
1.0
LinkTagAnd
0
2.299253
0
1289.649
130.6838
666.1552
1.0
LinkTagOr
0
0
0
1737.363
130.5441
85.67816
1.0
FldObj_Chain_A_03
0
0
0
1736.363
134.155
85.67816
1.0
Obj_Plant_Lotus_A_01
0
2.242639
0
1923.057
115.0164
287.7859
1.0
FldObj_CliffWhiteWall_A_02
2.336253
-0.1332101
-3.012825
1582.158
173.9259
668.6174
1.0
LocationTag
0
0
0
1821.704
260.2055
871.1257
1.0
FldObj_BridgeLog_A_01_Far
0
0.5999998
0
1627.465
115.0799
384.5819
1.0
LinkTagAnd
0
-0.32
0
1830.931
224.0316
996.0646
1.0
FldObj_BridgeLog_A_01_Far
0
-1.54
0
1315.703
114.8768
404.2372
1.0
LinkTagAnd
0
0
0
2008.57
122.2035
23.34344
1.0
EventTag
0
0
0
1988.07
123.1887
9.352692
1.0
Obj_RockSetGray_A_L_01
0.8836018
0.06406404
1.683075
1616.654
125.8776
773.8306
1.0
Item_Fruit_E
-0.1446314
0.6780856
-0.2816314
1966.374
115.8764
394.9891
1.0
Area
0
0.9420595
0
1980.929
175.1777
451.9176
3
FldObj_CliffWhiteParts_A_06_Far
2.762412
0.7061331
3.035107
1631.924
104.6726
621.6487
1.2
DgnObj_EntranceElevator_A_01
0
0.9838051
0
1601
117.7002
462.2
1.0
Obj_Plant_Lotus_A_01
0
1.239683
0
1952.743
115.0164
281.3711
1.0
FldObj_CliffWhiteWall_A_05
3.001592
-1.081593
3.141593
1872.27
255.1832
780.9825
1.0
Obj_Plant_Lotus_A_01
0
-0.1177138
0
1880.687
115.0164
309.7535
1.0
FldObj_BridgeLog_A_01
0
0.28
0
1479.4
115.1424
224.3944
1.0
FldObj_BridgeLog_A_01_Far
-3.103741
0.5188664
-3.072609
1715.54
114.9322
139.8776
1.0
LinkTagOr
0
0.4799985
0
1435.179
120.0035
135.1725
1.0
Npc_HiddenKorokGround
0
0
0
1313.974
115.9051
503.0696
1.0
LinkTagOr
0
-3.072113
0
1724.254
114.9952
68.38422
1.0
LinkTagAnd
0
0
0
2013.164
125.0941
23.21844
1.0
FldObj_CliffWhiteWall_A_02_Far
2.761593
-0.8815929
3.141593
1789.822
187.4586
863.9816
1.0
Obj_TreeApple_A_M_01
0
-3.099997
0
1446.714
116.2961
563.541
1.0
FldObj_CliffWhiteLumpRock_A_01
0.7351362
0.7949595
2.665571
1024.439
134.5233
140.4962
1.0
LinkTagOr
0
0
0
1681.167
116.3498
388.6354
1.0
Enemy_Bokoblin_Middle
0
-0.3200001
0
1321.754
114.6502
310.4272
1.0
Npc_HiddenKorokGround
0
1.26
0
1593.187
115.9848
114.1612
1.0
SwitchTimeLag
0
2.299253
0
1281.015
150.6634
664.7487
1.0
FldObj_CliffWhiteLumpRock_A_01
-0.1973832
0.9152728
0.5070506
1104.09
118.0592
355.1255
1.0
LinkTagNAnd
0
-3.099997
0
1453.408
121.994
557.8874
1.0
LinkTagOr
0
0
0
1687.199
114.9952
45.74268
1.0
FldObj_BridgeLog_A_01
0
0.6199999
0
1607.64
115.0799
351.0585
1.0
TwnObj_Village_SheikerCliff_A_01
2.781593
-0.1415934
3.141593
1954.198
279.0641
900.1755
1.0
TwnObj_FairySpring_A_01
0
-0.6399999
0
1976
267.5
846
1.0
Area
0
0
0
1937.499
79.56204
-32.56946
150
FldObj_CliffWhiteWall_A_01_Far
2.945383
0.5455065
-3.039947
1543.091
227.2905
874.6697
1.25
Obj_Plant_Lotus_A_01
0
3.051069
0
1957.509
115.0164
277.2408
1.0
Area
0
-2.145397
0
1279.348
175.4695
834.7922
50
Item_Fruit_E
-0.494773
1.157315
-0.5688645
1960.231
115.8764
411.1035
1.0
FldObj_CliffWhiteParts_A_03_Far
-2.601375
0.3146771
-1.172297
1669.367
110.7237
394.2905
1.0
Obj_Plant_Lotus_A_01
0
0.6978006
0
1966.292
115.0164
395.1716
1.0
FldObj_CliffWhiteLumpRock_A_01
2.196403
-0.7730092
3.084908
1056.05
158.3275
113.7951
1.0
FldObj_CliffWhiteParts_A_06
-0.06998633
0.7850309
0.09852505
1723.429
107.1801
710.5732
1.0
Npc_DressFairy_00
0
-0.6399999
0
1976
267.5
846
1.0
FldObj_CliffWhiteWall_A_02
2.277773
-0.6927397
-3.094356
2073.946
177.772
442.8628
1.2
LinkTagOr
0
-2.218802
0
1793.026
115.0074
145.2064
1.0
Obj_LiftRockWhite_A_01
0.01769208
1.145798
0.3678182
1980.925
174.1933
451.9196
1.0
Item_Fruit_A
0
-3.081969
0
1192.676
131.0189
698.9431
1.0
DestinationAnchor
0
-2.681386
0
1607.547
117.7
464.7539
1.0
Item_Fruit_E
-2.840959
0.8696817
-2.799426
1922.877
115.8764
287.6994
1.0
FldObj_CliffWhiteWall_A_02_Far
2.581593
-0.06159279
3.141593
1367.541
133.1913
657.3851
1.2
FldObj_BridgeLog_A_01
0
-0.9584075
0
1711.898
115.1424
403.4491
1.0
Item_Fruit_E
-3.087042
0.08837266
-2.922558
1957.322
115.8764
277.3114
1.0
TwnObj_Village_SheikerCliff_A_01_Far
3.021027
-0.6205265
-3.099469
1981.626
284.7472
900.9951
1.2
Obj_Plant_Lotus_A_01
0
1.216703
0
1960.25
115.0164
411.3026
1.0
FldObj_WaterFallBottom_A_02_Far
0
2.34
0
1661.861
127.899
674.0081
0.8
FldObj_CliffWhiteWall_A_02
2.06308
0.9191379
2.591742
1165.68
155.4251
747.2452
1.0
ActorObserverTag
0
-3.099997
0
1447.179
120.4555
558.1466
1.5
DgnObj_EntranceElevator_A_01
0
-0.772746
0
1841.923
260.0984
890.3965
1.0
Obj_KorokIronRock_A_01
-0.4754372
-0.06869671
-1.703347
1424.976
117.9614
142.431
1.0
LinkTagAnd
0
0
0
1580.157
109.7955
312.152
1.0
FldObj_BridgeLog_A_01_Far
0
2.561592
0
1663.656
115.1424
227.2772
1.0
Enemy_Bokoblin_Junior
0
0.9999998
0
1374.478
233.9249
977.2905
1.0
GrassCutTag
0
0
0
1045
120.8912
292.5
1.0
FldObj_MountainSheikerWall_A_08_Far
1.053432
-1.471984
-1.335875
1579.943
255.5779
971.7893
1.0
FldObj_CliffWhiteWall_A_01
-2.167585
-1.323096
1.056876
1135.12
156.7817
827.3134
1.0
FldObj_CliffWhiteWall_A_05_Far
3.021424
-0.2183597
-3.140775
1657.553
243.0811
910.8428
1.0
LinkTagOr
0
1.631775
0
1699.82
114.9952
139.1822
1.0
FldObj_ChainEyeBolt_A_01
1.719998
1.090798
3.141593
1433.8
116.4661
137.8375
1.0
Item_Fruit_E
-0.5269995
1.176494
-0.5984998
1952.719
115.8764
281.1726
1.0
Item_Fruit_E
0.06049725
-0.114911
-0.2196382
1880.875
115.8764
309.6879
1.0
EventTag
0
-0.8423394
0
1293.535
150.6575
666.4602
1.0
FldObj_BridgeLog_A_01
0
2.181593
0
1679.129
115.1424
425.6913
1.0
FldObj_CliffWhiteWall_A_05_Far
-0.1555484
-0.3931789
0.1950532
1173.884
157.7064
943.8733
1.0
Area
0
-0.32
0
1837.478
218.7989
996.9684
5
FldObj_MountainSheiker_A_02_Far
0
1.48353
0
1702.5
225
904.5
0.9
LinkTagAnd
0
1.808974
0
1595.874
119.8918
808.1616
1.0
Item_Fruit_A
0
1.634341
0
1191.914
150.3044
721.4459
1.0
FldObj_CliffWhiteWall_A_01
-0.07617793
0.2335321
0.04090984
1602.258
167.4277
745.3997
0.95
FldObj_CliffWhiteParts_A_06_Far
-3.091485
1.200815
-3.108535
1636.344
125.6037
664.4958
1.0
FldObj_CliffWhite_A_01
0
-0.5999998
0
1157.782
156.2663
748.4976
1.0
TwnObj_Village_SheikerCliff_A_02_Far
3.030717
-0.4827951
3.123634
1972.058
284.5081
905.3805
1.0
Area
-1.740833
0.09856732
1.553902
1852.607
253.4238
929.0327
1.0
FldObj_BridgeLog_A_01_Far
-0.01690559
-0.3996616
0.04342404
1517.058
114.8064
407.7889
0.98
TwnObj_FairySpring_A_01_Far
0
-0.6399999
0
1976
267.5
846
1.0
FldObj_CliffWhiteWall_A_02
-2.553901
-1.393992
1.48369
1144.188
159.7563
764.3827
1.0
LinkTagAnd
0
-0.6399999
0
1995.577
267.5
839.1746
1.0
LinkTagOr
0
1.848163
0
1726.916
115.0021
170.0265
1.0
LinkTagAnd
0
-2.843206
0
1113.271
121.8268
556.4503
1.0
LinkTagOr
0
-2.746659
0
1795.956
114.9952
180.836
1.0
LinkTagAnd
3.068623
-0.2988034
3.129642
1116.703
122.4178
555.6021
1.0
FldObj_BridgeLog_A_01_Far
-3.110797
-1.201526
3.1295
1457.727
114.8816
447.0792
1.0
Obj_Plant_Lotus_A_01
0
-2.831932
0
1955.132
115.0164
390.0185
1.0
FldObj_CliffWhiteWall_A_02
2.690018
-0.8879561
2.865902
1957.596
221.4048
637.0801
1.0
FldObj_CliffWhiteLumpRock_A_01
2.581593
1.520003
-3.141592
1536.126
194.7184
773.2316
1.0
FldObj_EnemyBaseRiversideBridge_A_02_Far
0
-0.7400004
0
1981.032
116.7542
41.51563
1.0
Item_Fruit_E
2.500859
-1.23013
-2.436899
1902.198
115.8764
245.8948
1.0
Obj_StaminaUtuwa_A_01
0
1.250796
0
1837.653
222.7387
997.0695
1.0
Item_Fruit_E
-3.090111
0.07462326
-2.922808
1886.306
115.8764
307.621
1.0
LinkTagAnd
0
0
0
1680.619
123.2962
401.6184
1.0
FldObj_EnemyBaseRiversideBridge_A_02
0
-0.7400004
0
1981.032
116.7542
41.51563
1.0
LinkTagOr
0
-1.485831
0
1752.453
115.0074
160.9155
1.0
FldObj_CliffWhiteWall_A_03_Far
-1.183797
0.6444053
-0.1121689
1067.56
155.5176
80.87405
1.0
Animal_Boar_A
0
0.16
0
1461.468
217.7454
815.1473
1.0
Obj_KorokPlate_A_01
0
1.808974
0
1596.978
115.3577
807.4361
1.0
Area
0
0
0
1669.938
99.83234
381.4411
20
SpotBgmTag
0
0
0
1976
265
845
30
BoxWater
0
-0.6399999
0
1977.074
269.9397
844.9772
6
TBox_Field_Enemy
0
-0.8423394
0
1292.252
135.7132
655.7745
1.0
FldObj_CliffWhiteWall_A_02_Far
2.575788
-0.1809637
-3.024241
1533.778
150.8349
673.3584
1.0
BarrelBomb
-0.009960568
-0.8421969
0.01659952
1286.383
130.7233
670.2096
1.0
KorokAnswerResponce
0
-3.099997
0
1446.485
118.7961
558.0458
0.5
Item_Fruit_E
0.2147378
-0.6788743
-0.2818154
1930.668
115.8764
285.005
1.0
Obj_Plant_Lotus_A_01
0
-1.117505
0
1930.439
115.0164
373.0744
1.0
LinkTagAnd
0
0
0
1645.464
118.2096
386.6898
1.0
FX_CliffWhiteWaterFall_01
0
2.38
0
1649.153
121.7585
682.9891
1.0
FldObj_SkullRock_A_01
0
-0.8423396
0
1286.823
130.6794
662.4416
1.0
Item_Fruit_E
3.107359
-0.3020859
-2.912899
1954.987
115.8764
390.1564
1.0
FldObj_CliffWhiteLumpRock_A_01
-0.6799999
0.8999999
0
1736.691
116.785
684.1926
1.0
FldObj_AncientStoneTower_A_01
0
-2.410797
0
1674.877
94.29
357.1793
1.0
FldObj_BridgeLog_A_01_Far
-3.015901
1.053158
-3.020113
1769.903
115.0486
79.07425
1.0
PlayerOnScaffoldCheckTag
0
2.299253
0
1295.004
137.6732
660.0204
1.0
Obj_RockSetGray_A_L_01
-0.7559413
-0.9503495
2.169719
1627.924
114.2787
786.1255
1.0
LinkTagAnd
0
0
0
1976
265
845
1.0
LinkTagAnd
0
0
0
1675.487
118.2096
383.1664
1.0
Item_Fruit_A
0
1.000387
0
1429.313
121.4634
197.229
1.0
ConstraintDummy
0
0
0
1736.363
134.2566
85.67816
0.1
FldObj_CliffWhiteWall_A_02_Far
2.254334
0.4016725
2.816564
1131.927
155.0971
723.8133
1.0
FldObj_BridgeLog_A_01_Far
2.598308
-1.490881
-2.616923
1354.983
114.5213
405.3041
1.0
FldObj_BridgeLog_A_01_Far
0
0.6199999
0
1607.64
115.0799
351.0585
1.0
Obj_Plant_Lotus_A_01
0
-0.6986216
0
1930.474
115.0164
284.9561
1.0
Item_Fruit_E
0.4530305
-1.071042
-0.4686245
1930.596
115.8764
373.1979
1.0
DungeonBird_test
0
-0.772746
0
1840.556
180
892.0921
1.0
Item_Fruit_A
0
2.39665
0
1426.994
118.7034
194.8869
1.0
FldObj_CliffWhiteWall_A_05
2.520338
-0.8428338
-3.076219
1358.321
157.6441
744.8743
0.8
FldObj_BridgeLog_A_01
-0.01690559
-0.3996616
0.04342404
1517.058
114.8064
407.7889
0.98
LinkTagAnd
0
-0.8146706
0
1161.042
117.5545
256.1544
0.5
Obj_RockSetGray_A_L_01
0
0
-0.2
1992.419
230.2086
560.1805
1.0
LinkTagOr
0
0
0
1682.239
114.9952
45.68942
1.0
FldObj_CliffWhiteWall_A_02_Far
2.690018
-0.8879561
2.865902
1957.596
221.4048
637.0801
1.0
LinkTagAnd
0
0
0
1045
125.7661
295
2
FldObj_MountainSheikerWall_A_08
2.850193
-1.267737
3.135858
1590.851
255.8445
933.2361
1.0
FldObj_MountainSheiker_A_03
0
-0.2007129
0
1875.5
217.1875
814
1.0
Area
0
-1.963188
0
1841.923
259.401
890.3965
25
FldObj_MountainSheikerWall_A_08_Far
-0.05709866
-0.5171419
0.1151059
1980.837
277.0527
799.243
0.8
Npc_Zora028
0
0
0
1673.808
113.594
385.7473
1.0
DestinationAnchor
0
1.845248
0
1838.204
260.0982
896.3597
1.0
Npc_HiddenKorokGround
0
2.48
0
1685.603
129.8256
661.1248
1.0
LinkTagAnd
0
0
0
1821.704
260.2055
871.1257
1.0
LinkTagOr
0
0
0
2011.936
121.7112
21.5318
1.0
LinkTagOr
0
2.758124
0
1680.934
114.9954
134.849
1.0
KorokAnswerResponce
0
0.4799985
0
1437.57
117.7456
135.4342
1.0
FldObj_EnemyBaseRiversideBridge_A_02
0
-0.7400004
0
2004.915
116.7542
15.35938
1.0
FldObj_BridgeLog_A_01
0
0.28
0
1490.152
115.1424
261.785
1.0
LinkTagAnd
-0.3993041
0.7175059
-1.373946
1982.105
175.1776
450.3
1.0
LinkTagOr
0
-3.099997
0
1447.168
116.2961
560.0468
1.0
Obj_Plant_Lotus_A_01
0
-1.834556
0
1902.16
115.0164
245.6984
1.0
LinkTagAnd
0
1.808974
0
1598.671
122.3918
806.9679
1.0
Obj_Plant_Lotus_A_01
0
3.065154
0
1886.492
115.0164
307.5477
1.0
TwnObj_Village_SheikerCliff_A_03
3.572626E-08
-1.42
2.527801E-08
1859.669
278.949
884.3377
1.3
Obj_HeartUtuwa_A_01
0
1.250796
0
1837.653
222.7387
997.0695
1.0
FldObj_CliffWhiteParts_A_06_Far
-0.06998633
0.7850309
0.09852505
1723.429
107.1801
710.5732
1.0
FldObj_CliffWhite_A_S_01_Far
-0.22
0
0
1429.063
251.5202
1008.253
1.0
LinkTagOr
0
-1.117505
0
1928.863
115.0074
371.2735
1.0
Item_Fruit_A
0
-3.099997
0
1439.44
119.9982
561.9922
1.0
Area
-0.7504916
0
1.570796
2001.72
118.1493
19.18056
2
Item_Fruit_E
0.03490658
0
-0.2181662
1684.728
115.8642
44.97357
1.0
KorokAnswerResponce
0
1.808974
0
1596.742
119.3577
806.4644
0.5
Item_Fruit_E
-3.019587
0.3739239
-2.90694
1678.358
115.8644
134.5815
1.0
LinkTagAnd
0
0
0
1607.103
117.7002
463.8579
1.0
Obj_Plant_Lotus_A_01
0
-1.485831
0
1753.275
115.0164
163.1632
1.0
LookTag
0
-0.772746
0
1834.593
259.0982
897.9145
1.0
DgnObj_EntranceTerminal_A_01
0
0.4602063
0
1607.103
117.7002
463.8579
1.0
FldObj_BridgeLog_A_01_Far
0
0.5599999
0
1617.91
115.0799
367.496
1.0
FldObj_BridgeLog_A_01_Far
0
-1.759999
0
1372.236
114.5096
409.7963
0.9
LinkTagAnd
0
-0.772746
0
1839.453
272.5982
890.7814
0.6
FldObj_CliffWhiteWall_A_02_Far
2.247789
-0.9607915
-3.07836
1972.496
164.5567
537.8354
1.0
FldObj_CliffWhiteWall_A_02
-0.1768171
0.7947814
0.1172934
1673.414
165.2235
721.3557
0.9
Area
0
0
0
1976
265
845
30
LinkTagAnd
0
0
0
1678.006
118.503
384.9983
1.0
ShelterFromRainTag
0
2.908791
0
1286.583
175.4695
830.7876
1.0
FldObj_BridgeLog_A_01
0
2.561592
0
1653.008
115.1424
243.535
1.0
LinkTagOr
0
1.808974
0
1595.637
119.8918
807.1899
1.0
LinkTagOr
0
-2.831932
0
1957.14
115.0074
388.716
1.0
FldObj_CliffWhiteCave_A_02
0
-1.88
0
2011.9
223.9539
548.526
1.0
LinkTagAnd
0
0
0
1976
265
845
1.0
FldObj_CliffWhiteParts_A_01
0
1.480001
0
1630.795
102.8608
771.7219
1.0
Obj_Plant_Lotus_A_01
0
-2.746659
0
1794.066
115.0042
182.3047
1.0
FldObj_CliffWhiteWall_A_02_Far
-2.553901
-1.393992
1.48369
1144.188
159.7563
764.3827
1.0
Obj_TreeApple_A_M_01
0
-3.081969
0
1194.455
128.4539
698.3658
1.0
AnchorAction1
0
-0.8146706
0
1162.414
117.5545
257.6093
1.0
LookTag
0
-1.365938
0
1290.516
137.4732
656.1353
1.0
Obj_Plant_Lotus_A_01
0
1.848163
0
1725.679
115.0111
167.9775
1.0
ActorObserverTag
0
-3.099997
0
1455.172
119.6065
557.814
1.5
FldObj_BridgeLog_A_01_Far
0
2.521592
0
1705.269
115.1424
156.1757
1.0
Area
0
-3.099997
0
1453.025
117.9925
563.6787
0.3
FldObj_CliffWhite_A_S_01
-1.127189
-1.195935
0.9424463
1116.376
126.844
632.7797
1.0
Item_Fruit_A
0
3.030603
0
1191.951
150.7794
722.5056
1.0
Npc_Attacked_004
0
2.356194
0
1042
120.7661
295
1.0
BarrelBomb
0.0008714841
-0.8423389
0.001535443
1286.078
130.701
663.1072
1.0
FldObj_CliffWhiteLumpRock_A_01
0.06574203
-0.3134014
-0.2103906
1912.062
115.5499
142.6326
0.7
FldObj_CliffWhiteWall_A_01_Far
2.401592
0.01840697
3.141593
1452.388
172.3698
702.115
1.0
EventTag
0
-1.296345
0
1839.167
260.0982
896.0887
0.6
Obj_RockSetGray_A_L_01
-0.001834696
-0.6390933
-0.3582142
2007.16
229.7094
527.758
1.05
LinkTagOr
0
3.065154
0
1888.843
115.0074
307.0973
1.0
LinkTagOr
0
-1.834556
0
1902.156
115.0074
243.305
1.0
Enemy_Lizalfos_Junior
0
1.386727
0
1279.831
130.666
662.1149
1.0
LinkTagAnd
0
-0.772746
0
1836.66
260.0982
893.6453
0.3
Obj_Plant_Lotus_A_01
0
2.758124
0
1678.557
115.0044
134.568
1.0
FldObj_BridgeLog_A_01
0
-2.059999
0
1408.07
114.8768
423.3632
1.0
LinkTagNOr
0
2.299253
0
1296.488
130.6763
662.0925
1.0
Item_Fruit_E
1.230807
-1.336915
-1.205211
1753.377
115.8764
163.3351
1.0
FldObj_BridgeLog_A_01_Far
0
1.10526
0
1869.779
115.1424
44.65079
1.0
Obj_Plant_Lotus_A_01
0
0
0
1684.548
115.0042
45.06079
1.0
AnchorAction1
0
0
0
1672.694
113.564
387.3983
1.0
FldObj_CliffWhiteWaterFall_A_01_Far
0
2.38
0
1649.153
121.7585
682.9891
1.0
LinkTagAnd
0
0
0
1682.139
118.503
387.7952
1.0
FldObj_BridgeLog_A_01
3.05702
1.015841
3.06564
1787.266
114.4861
70.11624
1.0
LinkTagOr
0
-0.6986216
0
1928.301
115.0074
283.9522
1.0
LinkTagOr
0
1.634341
0
1196.001
147.7394
723.6
1.0
FldObj_CliffWhite_A_S_01
-0.5398982
0.7300828
-0.9351448
1715.711
136.9293
692.0633
1.0
FldObj_BridgeLog_A_01_Far
0
-1.54
0
1479.598
114.8768
446.7699
1.0
LinkTagAnd
0
0
0
1440.231
117.7456
134.0489
1.0
Area
0.8203048
0
1.570796
2002.068
118.4183
18.54196
1.0
FldObj_BridgeLog_A_01
0
-1.54
0
1479.598
114.8768
446.7699
1.0
LookTag
0
0.9838051
0
1609.742
116.7
468.0155
1.0
Item_Fruit_E
-2.456675
1.219658
-2.46101
1725.546
115.8711
167.8284
1.0
LinkTagOr
0
-3.099997
0
1445.999
118.5391
558.3815
1.0
Enemy_Bokoblin_Junior
0
0.54
0
1432.287
208.757
794.7067
1.0
FldObj_BridgeLog_A_01
0
-1.54
0
1315.703
114.8768
404.2372
1.0
FldObj_WaterFallBottom_A_02
0
2.34
0
1661.861
127.899
674.0081
0.8
FldObj_HangedLamp_A
0
-0.8423396
0
1285.301
139.8294
670.4998
1.0
DgnObj_EntranceTerminal_A_01
0
-1.296345
0
1839.167
260.0984
896.0887
1.0
AnchorAction1
0
-0.4932737
0
1286.077
130.6794
663.1073
1.0
Item_Fruit_A
0
-3.081969
0
1194.261
134.2539
695.6553
1.0
FldObj_CliffWhiteCave_A_02_Far
0
-1.88
0
2011.9
223.9539
548.526
1.0
Item_Fruit_A
0
-3.099997
0
1453.025
117.9971
563.6787
1.0
Obj_RaftWood_A_S_02
0
1.500001
0
1771.439
114.9935
677.8883
1.0
Item_Fruit_E
3.086524
-0.385073
-2.905874
1793.934
115.8642
182.4544
1.0
BoxWater
0
-0.6399999
0
1977.144
269.9397
847.3176
6
Obj_RockSetWhite_A_L_01_Far
1.28
-1.34
0
1312.3
221.9189
939.0664
1.0
LinkTagOr
0
0.9420595
0
1981.223
176.7776
451.513
1.0
EnemyLookTag
0
-0.4932737
0
1286.077
130.6794
663.1073
1.0
FldObj_BridgeLog_A_01_Far
0
-0.3199999
0
1523.308
114.8768
389.41
1.0
Npc_HiddenKorokFly
0
0
0
1736.363
129.0441
85.67816
1.0
LinkTagAnd
0
-3.099997
0
1454.707
125.4471
563.2084
1.0
TwnObj_Village_SheikerCliff_A_01_Far
2.781593
-0.1415934
3.141593
1954.198
279.0641
900.1755
1.0
