UnitConfigName/__text
Rotate/value/0
Rotate/value/1
Rotate/value/2
Translate/value/0
Translate/value/1
Translate/value/2
_Scale
Item_Mushroom_C
0
0
0
2751.907
344.4171
-3431.137
1.0
Obj_RockDeathMt_C_L_07
-0.0203876
-0.04013205
0.355531
2246.315
506.3466
-3165.123
1.0
Obj_MineralBury_A_01
1.760994
-1.107511
-1.588844
2205.042
507.6536
-3312.315
1.0
Obj_Mineral_A_01
0
0
0
2187.291
511.5756
-3328.774
1.0
Item_Plant_O
-2.274048
-0.4390869
-3.014526
2328.309
451.625
-3544.605
1.0
Obj_RockDeathMt_A_L_03
1.472621
0.7158372
-0.4051728
2231.794
345.4579
-3671.499
1.3
Obj_RockSetDeathMt_C_04
0
-1.12
0
2490.433
426.4624
-3674.134
1.0
Obj_RockDeathMt_C_L_06
0.1447413
-0.01294736
0.1111766
2113.26
533.92
-2991.14
1.0
Obj_RockSetDeathMt_C_02
0
1.560001
0
2841.66
344.7886
-3413.136
1.0
AnchorAction1
0
1.08
0
2303.229
507.1548
-3323.884
0.25
Obj_RockSetDeathMt_C_01
0.1330286
0.06847838
-0.63567
2209.563
451.485
-3482.297
1.0
FldObj_DeathMtArtifactFence_A_01
0
0.16
0
2664.028
468.6969
-3440.785
1.0
Obj_RockSetDeathMt_C_04
-2.390624
-1.015724
-2.934308
2411.047
407.5363
-3663.171
1.0
TwnObj_City_GoronLight_B_01
0
-2.38159
0
2647.588
468.3873
-3446.785
1.0
TwnObj_City_GoronTile_B_01
-3.039364
-0.2579288
3.131906
2720.868
346.0507
-3494.565
1.0
Obj_RockSetDeathMt_C_04
3.094148
0.6010434
3.093086
2969.02
340.7477
-3536.253
1.0
Obj_RockSetDeathMt_C_04
-2.965797
0.008700661
-2.65109
2814.097
347.2309
-3384.846
1.0
Obj_RockSetDeathMt_C_03
-0.06397691
-1.057551
-0.05595103
2389.237
507.5721
-3269.749
1.0
Obj_RockSetDeathMt_C_03
0.1028059
0.01262412
0.04323265
2294.274
505.1112
-3328.092
1.0
Obj_Mineral_C_01
2.80396
-0.8484285
-2.672874
2518.017
638.1569
-3046.712
1.0
TwnObj_City_GoronPot_A_M_Act_01
-0.007939121
-0.6196606
-0.06182999
2702.378
345.793
-3504.491
1.0
FldObj_DeathMtArtifactFence_A_01
0
0.8799999
0
2633.621
468.5842
-3445.61
1.0
Obj_Mineral_C_01
-0.723614
-0.5239896
0.4313198
2449.425
434.5841
-3621.153
1.0
FldObj_DeathMtGeyser_01
0
0
0
2696.5
336.5
-3509.5
1.0
FldObj_DeathMtArtifactFence_A_01
0
-2.703186
0
2678.193
469.5216
-3445.385
1.0
Obj_Plant_HopBush_C_01
-3.131542
-0.9749336
3.039111
2913.228
344.2302
-3484.293
1.0
Obj_RockSetDeathMt_C_03
-0.6995073
0.02628475
0.0720355
2198.037
461.8889
-3452.371
1.0
Item_Mushroom_C
0.09999996
0.68
0
2880.146
344.4199
-3506.436
1.0
Obj_RockSetDeathMt_C_01
0.28
-1.219999
0
2626.539
348.6823
-3444.146
1.0
Obj_TreeDeadLeaf_A_01
0
0
0
2875
346.39
-3632
1.0
AnchorAction1
0
1.478409
0
2303.461
506.8737
-3326.164
0.25
Barrel
0.01648542
-0.4609706
-0.007117503
2700.501
344.8536
-3306.003
1.0
Obj_RockSetDeathMt_C_02
0.06452021
0.7374297
0.1076321
2239.649
505.5118
-3308.311
1.0
Obj_Plant_HopBush_C_02
-0.2093446
1.220085
0.002377891
2808.808
343.6537
-3461.558
1.0
Obj_Mineral_C_01
-2.847073
-0.1082246
-2.961733
2081.153
309.0664
-3555.252
1.0
Obj_RockSetDeathMt_C_04
-0.3870237
-0.02279828
-0.2793273
2457.138
445.2244
-3584.12
1.0
Obj_RockSetDeathMt_C_03
0.1946147
0.5205151
-0.2037879
2254.235
507.1705
-3319.328
1.0
Obj_RockDeathMt_C_L_07
0.1600505
0.3280247
0.3884917
2295.177
505.5816
-3328.094
1.0
FldObj_DeathMtArtifactFence_A_01
0
-0.7999999
0
2742.416
344.9273
-3535.751
1.0
FldObj_DeathMtArtifactFence_A_01
-0.4554069
0.0293306
0.126417
2455.158
380.8626
-3766.663
1.0
FldObj_DeathMtArtifactFence_A_02
0
-0.3400005
0
2653.866
468.591
-3440.698
1.0
Obj_RockDeathMt_A_L_03
0.1676617
1.195886
3.131347
2036.005
506.5588
-2975.086
0.8
Obj_RockDeathMt_C_L_06
0.3735298
0.5833414
0.5152664
2216.442
506.4172
-3300.704
1.0
FldObj_DeathMtArtifactScaffold_A_01
0
-3.141593
0
2641.5
436.5
-3426.5
1.0
Obj_RockSetDeathMt_C_01
-1.760897
1.216789
-2.579652
2978.864
328.9248
-3613.836
1.0
FldObj_KorokStone_A_01
0
0
0
2086.82
319.5386
-3549.677
1.0
Item_Plant_O
-1.809448
-0.7836913
-2.964355
2090.773
303.2383
-3592.09
1.0
Obj_MineralBury_A_01
0
0
0
2398.32
473.2573
-3496.751
1.0
Enemy_Chuchu_Fire_Junior
0
-0.4
0
2320.8
455.3434
-3502.9
1.0
Obj_Plant_HopBush_C_02
0
0.9400001
0
2847.168
342.9345
-3616.482
1.0
Obj_Plant_HopBush_C_02
-0.1205049
-1.000133
0.09385438
2794.704
345.1096
-3376.703
1.0
Obj_Mineral_A_01
-0.1914585
0.07180338
0.7158716
2148.956
539.6311
-3042.158
1.0
Obj_RockSetDeathMt_C_03
-0.2139753
0.004758364
0.04429885
2394.126
516.1499
-3157.866
1.0
Obj_RockDeathMt_C_L_06
2.802733
1.431653
2.716107
2390.879
508.0537
-3272.438
1.0
Enemy_Chuchu_Fire_Junior
0
-2.2
0
2351.367
413.0377
-3593.978
1.0
Obj_Plant_HopBush_C_01
-0.04926421
-0.1228665
0.01305658
2939.823
343.097
-3488.746
1.0
Obj_TreeDeadLeaf_A_01
0
2.2
0
2896.021
344.6029
-3476.029
1.0
GrassCutTag
0
0
0
2920.359
343.6616
-3563.398
1.0
Obj_RockSetDeathMt_C_03
0
1.54
0
2747.757
344.9937
-3458.129
1.0
Obj_TreeDeadLeaf_A_01
0
0.9400001
0
2878.771
344.2543
-3505.964
1.0
FldObj_SmallCrater_S_01
-0.5533651
0.1051045
0.3186138
2174.653
546.3192
-2974.824
0.9
Obj_TreeDeadLeaf_A_01
0
2.580988
0
2857.237
343.7263
-3534.358
1.0
FldObj_TorchStandBone_A_01
0
2.343184
0
2721.823
344.7745
-3303.471
1.0
Obj_Mineral_A_01
-0.9151397
0.7001261
-1.254576
2552.599
407.378
-3564.635
1.0
Barrel
-0.002202522
-0.004529465
-1.595092
2703.513
345.398
-3306.997
1.0
TBox_Field_Iron
2.986299
1.156867
3.016271
2702.473
344.5105
-3298.111
1.0
Weapon_Lsword_020
1.837445
-0.06266999
0.03777529
2304.62
508.1212
-3325.265
1.0
Obj_RockSetDeathMt_C_03
0
0
0
2644.731
467.2213
-3430.184
1.0
TwnObj_City_GoronLight_B_01
0
2.423187
0
2654.405
468.734
-3438.263
1.0
TwnObj_City_GoronLight_B_01
2.079746
1.334329
2.226242
2666.757
346.8641
-3425.008
1.0
Obj_Plant_HopBush_C_02
-0.07252308
0.9977722
0.04867878
2962.033
343.6136
-3570.254
1.0
Obj_RockDeathMt_C_L_07
-0.5387906
0.1090817
0.390426
2168.467
547.3287
-2970.822
1.0
Obj_RockSetDeathMt_C_04
0.8612121
1.238778
0.7272927
2698.252
356.3907
-3693.093
1.0
Obj_RockDeathMt_A_L_03
0.3330325
-0.5637899
2.968642
2378.488
505.7663
-3210.637
0.8
Obj_RockSetDeathMt_C_04
-3.110079
-0.9823333
-3.018954
2443.484
513.6945
-3210.19
1.0
FldObj_KorokStone_A_01
0
0
0
2094.007
323.1479
-3578.193
1.0
Enemy_Chuchu_Fire_Junior
0
0
0
2328.572
416.5544
-3599.402
1.0
Obj_RockSetWhite_B_M_01
0
-3.019988
0
2885.52
343.4797
-3501.051
1.0
Obj_Mineral_A_01
0
0
0
2290.868
456.2098
-3490.229
1.0
Weapon_Lsword_020
-1.310254
0.2209609
3.102952
2301.664
508.1907
-3324.769
1.0
Obj_RockDeathMt_C_L_06
-2.096728
1.308963
-1.756626
2015.007
507.5702
-2936.941
1.0
Obj_RockSetDeathMt_C_04
-2.8812
-0.1761074
-2.914706
2254.691
346.5813
-3681.989
1.0
Obj_RockDeathMt_C_L_06
0
-1.703187
0
2158.282
505.1683
-3260.001
1.0
Obj_TreeBroadleafLow_Branch_A_01
0
1.5
0
2818.507
344.9297
-3468.801
1.0
Obj_TreeDead_A_01
0
1.520997
0
2759
345.0649
-3321
1.0
TwnObj_City_GoronTile_B_02
0
-0.4779506
0
2713.488
347.1407
-3449.526
1.0
Enemy_Golem_Little
-0.3786288
0.40299
0.1296202
2398.826
398.9398
-3663.249
1.0
Obj_BreakBoxIron
-0.2103244
-0.6521119
0.1789004
2460.39
378.3339
-3782.078
1.0
Item_Mushroom_C
-1.400441
1.266654
-1.408119
2855.179
344.2703
-3508.612
1.0
Item_Plant_O
-1.787353
1.381348
2.916137
2966.078
333.7422
-3367.16
1.0
Obj_RockSetDeathMt_C_03
-2.896293
-0.8609139
3.117192
2132.809
534.2982
-2990.728
1.0
Obj_RockSetDeathMt_C_04
2.453595
-0.8344809
-2.394975
2202.671
507.1462
-3318.079
1.0
BoxWater
0
-2.041475
0
2290.437
625.9938
-2988.577
1.0
Obj_TreeBroadleafLow_Branch_A_01
0
1.78
0
2830.833
343.6926
-3566.869
1.0
Obj_RockSetDeathMt_C_03
0
-2.463185
0
2896.507
342.6354
-3578.285
1.0
Obj_RockSetDeathMt_C_03
-0.2028367
-0.2833297
-0.4653653
2392.319
502.6342
-3384.593
1.0
Enemy_Golem_Little_Fire
-0.1786106
0.548988
-0.1443987
2211.545
554.4214
-3029.974
1.0
Obj_RockSetDeathMt_C_03
-0.087081
-0.01612779
-0.3060404
2989.208
338.2298
-3551.605
1.0
Barrel
-0.04588798
0.4112686
0.2630369
2421.764
377.9951
-3794.395
1.0
Obj_Plant_HopBush_C_02
3.057703
-0.03963754
3.112253
2920.52
343.6338
-3593.337
1.0
Obj_RockSetDeathMt_C_03
-2.016309
1.188605
-1.801019
2722.694
343.3737
-3352.847
1.0
Obj_Plant_HopBush_C_01
0.2618229
1.325863
0.3976448
2964.2
343.8759
-3570.652
1.0
Obj_TreeDeadLeaf_A_LL_01
0
2.099999
0
2686.189
346.8581
-3411.994
1.0
Obj_RockSetDeathMt_C_03
3.117887
0.3244894
-2.702005
2400.275
474.0539
-3489.527
1.0
FldObj_SmallCrater_S_01
-0.1899741
-0.01651809
0.1242141
2284.318
506.4034
-3280.109
0.9
Obj_RockSetDeathMt_C_03
0.4369514
0.972984
0.54998
2327.259
457.7481
-3517.604
1.0
Item_Plant_O
-1.742187
1.04541
-2.706421
2433.965
476.582
-3564.133
1.0
Obj_Mineral_C_01
-0.24
-0.3400001
0
2081.559
309.6959
-3558.86
1.0
Obj_RockSetDeathMt_C_03
3.078921
1.016414
2.878282
2857.026
344.8196
-3671.403
1.0
Obj_RockSetDeathMt_C_02
0.08892031
0.8364389
0.1195405
2724.697
344.155
-3525.229
1.0
Obj_RockSetDeathMt_C_04
0.6869321
-1.213092
-1.218271
2104.603
525.6375
-3286.327
1.2
Obj_Plant_HopBush_C_02
-0.1394031
-0.06501523
0.2369725
2800.064
345.6262
-3377.439
1.0
Animal_Insect_E
0
0
0
2108
618
-3308
1.0
Obj_Mineral_C_01
-2.26679
-1.154181
2.95948
2062.963
308.131
-3528.93
1.0
Area
0
0
0
2146.5
535.8252
-3011.5
75
FldObj_DeathMtArtifactScaffold_A_01
0
1.956194
0
2628.5
390
-3450.5
1.0
Obj_Plant_HopBush_C_01
3.118071
-0.9746255
-3.051318
2798.1
345.603
-3371.191
1.0
AnchorAction1
0
-0.1000001
0
2677.637
344.0093
-3291.406
1.0
Area
0
0
0
2427.306
378.6153
-3792.232
25
FldObj_DeathMtArtifactScaffold_A_01
0
-0.6981317
0
2704
362
-3492
1.0
Obj_RockDeathMt_C_L_06
-0.2578545
0.03274012
0.2502226
2237.225
506.5492
-3128.285
1.0
Item_Mushroom_C
0
-0.6981317
0
2807.497
343.2483
-3463.343
1.0
Animal_Insect_E
0
0
0
2112
618
-3312
1.0
FldObj_EnemyLookout_B_01
0
2.663187
0
2707.07
344.8063
-3327.477
1.0
Obj_MineralGrain_A_02
-0.2729397
0.08336186
0.5896947
2290.825
456.5598
-3489.361
1.0
Obj_RockSetDeathMt_A_02
0
2.943185
0
2683.023
344.2408
-3307.633
1.0
Obj_TreeDead_A_01
0
5.893729
0
2763
345.211
-3352
1.0
FldObj_SmallCrater_S_01
0.3183722
0.09632573
-0.1167874
2256.046
506.6276
-3317.695
0.7
Obj_RockSetDeathMt_C_03
-0.2908584
0.03049747
0.2074946
2421.549
482.1721
-3447.038
1.0
Enemy_Keese
0
2.161593
0
2716.344
347.5011
-3309.016
1.0
FldObj_SmallCrater_S_01
-0.6380345
0.8946933
-0.4823643
2278.476
509.6614
-3163.074
0.92
Obj_Plant_HopBush_C_01
3.057376
0.4380871
3.008037
2908.971
344.5358
-3481.72
1.0
Obj_RockSetDeathMt_C_01
0
0
0
2498.802
390.5667
-3696.249
1.0
Obj_RockSetDeathMt_C_04
-2.944399
0.2340006
-2.578403
2629.959
350.1662
-3475.458
0.6
FldObj_TorchStandBone_A_01
0
2.221588
0
2715.334
344.7693
-3313.166
1.0
Item_Mushroom_C
0
1.42
-0.2617994
2872.758
346.4638
-3632.622
1.0
TwnObj_City_GoronTile_B_02
-3.103085
0.3011098
3.050436
2724.323
346.6778
-3474.974
1.0
Obj_Plant_HopBush_C_02
3.064524
-0.8177403
-3.116263
2876.095
346.282
-3628.643
1.0
TwnObj_City_GoronTile_B_01
3.031655
0.7189011
3.083575
2712.654
346.8029
-3440.087
1.0
Obj_RockSetDeathMt_C_04
-1.141038
0.7859688
0.2926609
2381.696
363.118
-3782.347
1.0
Item_Plant_O
-1.785644
0.1500244
-2.647949
2291.012
333.7773
-3759.477
1.0
Item_Mushroom_C
0
0
0
2869.433
343.3977
-3573.58
1.0
Obj_Plant_HopBush_C_02
-3.098766
0.3982799
-2.974038
2749.642
343.5726
-3602.702
1.0
TwnObj_City_GoronTile_B_01
-0.04642889
-0.7340927
-0.05759519
2615.912
346.3948
-3484.943
1.0
Obj_RockSetDeathMt_C_05
0
2.5
0
2060.274
539.3377
-2968.025
1.0
Obj_Plant_HopBush_C_02
-3.13283
-0.5197861
3.085305
2747.572
343.5813
-3597.704
1.0
Area
0
0
0
2427.306
378.6153
-3792.232
50
Obj_TreeDeadLeaf_A_01
0
5.925059
0
3046.883
310.8789
-3673.436
1.0
Obj_TreeDeadLeaf_A_01
0
4.909922
0
2762.798
344.9121
-3454.96
1.0
Obj_TreeBroadleafLow_Branch_A_02
0
-1.24
0
2843.979
344.7393
-3439.923
1.0
FldObj_DeathMtArtifactFence_A_02
0
-0.9400004
0
2753.496
345.3379
-3520.571
1.0
BoxWater
0
-2.599981
0
2288.301
625.9938
-2986.436
1.0
FldObj_SmallCrater_S_01
0.1304974
0.1015363
0.1493738
2080.044
506.2123
-3185.772
0.7
Item_Plant_O
-1.626465
-0.8720703
2.992309
2866.984
510.6602
-3317.344
1.0
FldObj_SmallCrater_S_01
0.3877732
0.4122171
0.130415
2157.066
539.299
-3035.837
0.9
FldObj_SmallCrater_S_01
2.79445
-0.6482842
-2.847794
2365.969
509.5894
-3306.403
0.6
Obj_RockDeathMt_C_L_07
0
-0.5800001
0.04
2189.284
505.3011
-3300.087
1.0
Obj_TreeDeadLeaf_A_LL_01
0
0
0
2869.055
343.1392
-3492
1.0
Obj_MineralBury_A_01
0.8393208
-0.4619648
-0.6360791
2155.445
540.7921
-3037.342
1.0
Item_Mushroom_C
0.16
0
0
2868.808
344.731
-3570.525
1.0
Obj_RockDeathMt_C_L_06
-0.4486094
0.0348954
0.2484612
2164.53
540.3087
-2979.797
1.0
Obj_TreeDeadLeaf_A_LL_01
0
0
0.32
2805
342.7861
-3463
1.0
Obj_Mineral_A_01
-0.3470032
0.3666773
-0.2031728
2664.255
366.4951
-3665.302
1.0
Obj_RockDeathMt_C_L_06
0
-1.703187
0
2229.608
505.1683
-3289.37
1.0
GrassCutTag
0
0
0
2161.5
535.8841
-3007
1.0
FldObj_KorokStone_A_01
0
-1.570796
0
2088.781
317.5386
-3548.623
1.0
Obj_RockSetDeathMt_C_05
-2.791946
-1.275531
2.623694
2642.118
378.009
-3699.402
1.2
Obj_Plant_HopBush_C_02
0
1.136814
0
2908.764
344.5461
-3484.992
1.0
TwnObj_City_GoronTile_B_01
0.04131469
-0.9400774
0.004239105
2674.598
469.2502
-3470.219
1.0
Obj_RockSetDeathMt_C_04
-2.661019
0.6277049
3.092555
2569.583
401.9514
-3609.469
0.9
Obj_RockSetDeathMt_C_03
0
-1.28
0
2671.553
345.563
-3526.834
1.0
Obj_TreeDead_A_01
0
4.656096
0
2734.547
345.0116
-3303.911
1.0
Obj_Plant_HopBush_C_02
0.07054627
-0.6838145
0.1389861
2850.001
345.6996
-3578.609
1.0
FldObj_SmallCrater_S_01
3.09832
1.014125
2.988466
2175.551
505.1311
-3297
0.92
Obj_RockSetDeathMt_C_04
-0.213174
-0.5818077
-0.05651538
3025.154
331.3939
-3566.198
0.7
Obj_LiftRockEldin_A_01
0
0
0
2737.5
344.8655
-3347.5
1.0
Obj_RockSetDeathMt_C_02
0.2617988
0.1159483
0.03098872
2353.315
530.5305
-3119.755
1.0
Enemy_Chuchu_Fire_Junior
0
-2.72
0
2144.852
321.1971
-3613.588
1.0
Obj_TreeDeadLeaf_A_01
0
4.542275
0
2957.356
344.4061
-3587.952
1.0
Obj_TreeBroadleafLow_Branch_A_02
0
1.5
0
2814.211
344.744
-3466.024
1.0
Obj_Plant_HopBush_C_01
-0.1586699
0.5398404
-0.2721128
2906.965
344.2843
-3491.395
1.0
KibakoVolcano_Contain_01
-0.05940495
0.3071536
0.08422368
2712.563
344.9218
-3295.466
1.0
Obj_RockSetDeathMt_C_05
2.898399
-0.1094573
3.050745
2432.319
511.5251
-3183.392
1.0
TwnObj_City_GoronTile_B_02
3.048148
1.261423
3.073024
2636.861
346.945
-3504.913
1.0
Obj_TreeDeadLeaf_A_01
0
0
0
2889
344.469
-3451
1.0
Obj_RockSetDeathMt_C_04
0
1.7
0
2488.598
385.5381
-3721.833
1.0
Obj_Plant_HopBush_C_01
1.22999
1.43105
1.193183
2847.603
343.1247
-3624.742
1.0
Obj_Plant_HopBush_C_01
3.131676
1.164668
3.085451
2906.838
344.5716
-3486.422
1.0
Barrel
0.05991704
5.452405E-05
-0.05386851
2700.498
344.7546
-3304.504
1.0
Obj_TreeDeadLeaf_A_LL_01
0
0
0
2823.819
343.8958
-3521.466
1.0
Obj_TreeBroadleafLow_Branch_A_01
0
2.44
0
2808.671
344.1696
-3529.159
1.0
BoxWater
0
-2.319979
0
2236.086
550.3382
-3046.318
1.0
Obj_Plant_HopBush_C_02
0.09605024
0.5391461
0.0207949
2853.887
345.9713
-3574.751
1.0
Obj_RockSetDeathMt_C_04
-3.129076
0.4221496
2.47948
2514.945
405.5178
-3518.126
1.5
Obj_RockSetDeathMt_C_04
2.20806
0.09745081
2.274992
2566.677
344.9108
-3529.558
1.0
Barrel
-8.98267E-05
0.0003540024
-1.564247
2747.146
345.2628
-3321
1.0
Obj_Plant_HopBush_C_02
0.9253643
1.038249
0.8048231
2848.75
343.5616
-3626.623
1.0
Obj_TreeBroadleafLow_Branch_A_02
0
1.700001
0
2800.727
345.1524
-3582.467
1.0
TwnObj_City_GoronLight_A_04
0
2.139998
0
2703.456
345.9325
-3501.343
1.0
Enemy_Octarock_Stone
0
-1.22
0
2348.194
461.2779
-3520.109
1.0
KibakoVolcano_Contain_01
0.001245887
0.2196652
-0.0003226188
2736.953
344.7054
-3335.271
1.0
Obj_Mineral_C_01
-1.034213
1.113623
-0.9405427
2060.781
305.3781
-3531.22
1.0
Area
0
0
0
2287.758
505.799
-3293.281
60
Obj_Plant_HopBush_C_01
-2.898947
1.151173
-2.865027
2791.709
345.2361
-3373.32
1.0
Enemy_Octarock_Stone
0
0.8600001
0
2039.1
456.3569
-3432.4
1.0
FldObj_KorokStone_A_01
0
-1.570796
0
2094.007
323.1479
-3577.255
1.0
Obj_RockSetDeathMt_C_04
-0.4599999
-0.4599999
0
2597.347
389.2496
-3673.988
1.0
Obj_MineralBury_A_01
-2.846577
1.208249
3.023952
2552.845
406.6909
-3562.015
1.0
Obj_Plant_HopBush_C_01
-3.122699
-1.160145
-3.103295
2752.462
343.7409
-3604.375
1.0
Obj_RockSetDeathMt_C_04
0
0
0
2883.502
338.834
-3656.866
1.0
Obj_Plant_HopBush_C_01
2.576623
-1.089407
-2.592213
2874.104
346.1832
-3627.699
1.0
Obj_MineralBury_A_01
1.391105
-0.771865
-1.818112
2053.525
454.8052
-3407.327
1.0
Obj_RockSetDeathMt_C_04
0.8288957
1.226944
1.222067
2388.977
473.2705
-3511.672
1.0
FldObj_DeathMtGeyser_01
0
2.356194
0
2629
336
-3414
1.0
Obj_RockSetDeathMt_C_04
0.1130488
0.4295849
0.4942539
2412.048
481.2108
-3479.014
1.0
Obj_LiftRockEldin_Korok_A_01
-0.4355117
0.6414819
-0.105091
2672.531
480.5573
-3441.656
1.0
Obj_RockDeathMt_C_L_07
-0.0796917
1.054948
-0.1925471
2386.881
508.6326
-3276.71
1.0
Obj_Mineral_A_01
0
0
0
2473.471
514.993
-3182.026
1.0
Enemy_Golem_Little_Fire
-0.1380049
0.52133
0.02218276
2134.968
319.0429
-3611.11
1.0
Obj_RockSetDeathMt_C_01
-0.4221901
-0.6033956
0.1995496
2760.183
348.2328
-3684.722
1.0
Obj_MineralBury_A_01
-0.7224815
0.5443047
-0.2121254
2301.709
638.1104
-3012.316
1.0
Enemy_Octarock_Stone
0
2.48
0
2285.316
505.937
-3291.281
1.0
Obj_Plant_HopBush_C_01
0.4787756
-0.7033457
0.1240275
2847.93
344.3663
-3577.628
1.0
Obj_TreeDeadLeaf_A_01
0
1.34931
0
2857.463
343.9186
-3494.625
1.0
Obj_RockDeathMt_A_M_06
2.378531
-0.6930739
-2.929449
2062.918
539.4121
-2970.55
1.0
Item_Plant_O
2.228149
-1.442627
-1.140137
2397.852
424.8906
-3619.715
1.0
Item_Mushroom_C
0
0
0
2822.855
343.8248
-3565.568
1.0
Obj_TreeDead_A_01
0
5.53332
0
2750
344.3984
-3306
1.0
Obj_RockSetWhite_B_M_02
0
0
0
2856.672
341.6588
-3552.375
1.0
Obj_Plant_HopBush_C_02
-3.04487
-0.04056564
-3.096965
2941.232
343.4379
-3484.453
1.0
Obj_Plant_HopBush_C_02
0
0.8768145
0
2703.466
344.7571
-3336.19
1.0
AnchorAction1
0
-2.639999
0
2302.258
506.8941
-3326.781
0.25
Obj_MineralBury_A_01
0
0
0
2185.465
511.2876
-3328.643
1.0
FldObj_SmallCrater_S_01
-2.632749
-1.163157
2.756356
2032.01
505.3985
-2974.256
0.92
FldObj_KorokStone_A_01
0
-1.570796
0
2094.007
321.1479
-3577.255
1.0
TwnObj_City_GoronTile_B_03
0
1.570198
0.04
2607.658
346.1743
-3424.962
1.0
Obj_TreeDeadLeaf_A_01
0
0
0
2733.002
345.036
-3535.186
1.0
FldObj_SmallCrater_S_01
-0.7552021
1.410292
-1.005167
2156.238
505.1683
-3250.692
0.6
Obj_RockSetDeathMt_C_01
-0.9782314
-0.9918233
1.036188
2350.059
367.0848
-3697.917
1.0
TwnObj_City_GoronTile_B_01
0.01322835
0.2196531
0.0543024
2609.567
345.9589
-3447.171
1.0
Obj_TreeBroadleafLow_Branch_A_02
0
-0.1199998
0
2792.68
344.236
-3583.18
1.0
Obj_RockDeathMt_C_L_06
-0.2319159
-0.01067753
-0.04972336
2395.826
505.1019
-3215.089
1.0
FldObj_KorokStone_A_01
0
1.570796
0
2094.007
321.1479
-3576.255
1.0
FldObj_TorchStandBone_A_01
0
2.56
0
2309.426
507.509
-3317.043
1.0
Obj_Mineral_A_01
0
0
0
2399.907
473.3717
-3496.724
1.0
Obj_TreeDead_A_01
0
4.161557
0
2716
345.0573
-3324
1.0
Obj_RockSetDeathMt_C_04
0
-1.903185
0
2545.903
382.8038
-3707.669
1.0
Obj_Plant_HopBush_C_02
0.06293454
0.6947755
0.1501357
2970.649
344.814
-3575.831
1.0
Obj_LiftRockEldin_Korok_A_01
0.1111377
-0.5248348
0.1001873
2681.079
478.6711
-3460.463
1.0
Animal_Insect_E
0
0
0
2102
618
-3312
1.0
Obj_RockSetDeathMt_C_03
-1.364665
1.255214
-2.002691
2658.431
368.4852
-3672.784
1.0
Obj_RockDeathMt_C_L_06
-0.6573381
0.4012029
-0.124455
2178.094
547.0801
-2974.766
1.0
Item_Mushroom_C
0
1.047198
0.2094395
2808.592
343.4725
-3462.969
1.0
Obj_RockDeathMt_C_L_06
-0.107557
0.01011746
0.187402
2058.061
538.8336
-2923.813
1.0
Obj_TreeDeadLeaf_A_01
0
0.3200001
0
2997.149
330.2285
-3591.082
1.0
Obj_RockSetDeathMt_C_04
0.3730023
-0.7994577
-0.4665524
2147.143
512.5901
-3324.618
1.0
GrassCutTag
0
0
0
2149
536.4031
-3026.5
1.0
Obj_RockSetDeathMt_C_03
-2.409087
-0.9493725
2.165912
2701.995
347.1361
-3494.888
1.0
Obj_RockSetDeathMt_C_01
-2.045677
1.105988
-1.709469
2389.615
538.2526
-3103.45
1.2
Enemy_Chuchu_Fire_Junior
0
1.621594
0
2263.032
442.8481
-3537.613
1.0
Obj_RockDeathMt_C_L_07
0.1000581
-0.0165018
0.3266413
2123.979
534.4617
-2987.179
1.0
Enemy_Octarock_Stone
0
2
0
2194.8
458.7898
-3460.1
1.0
Obj_RockDeathMt_C_L_08
-2.645648
-0.8659775
2.19053
2705.134
344.1935
-3491.132
1.0
Obj_Plant_HopBush_C_01
3.122797
0.1619989
-3.097802
2842.63
343.2673
-3624.617
1.0
Enemy_Octarock_Stone
0
-1.900003
0
2360.5
463.9565
-3500.8
1.0
FldObj_SmallCrater_S_01
-0.005291588
-0.1626379
0.08850186
2380.012
504.9675
-3206.76
0.92
Obj_TreeDeadLeaf_A_01
0
0
0
2658.205
345.3485
-3372.976
1.0
Obj_MineralBury_A_01
0
0
0
2708.053
344.7412
-3240.934
1.0
Barrel
0.04770647
0.002009335
0.01098656
2749.142
344.8515
-3321.009
1.0
Obj_RockSetDeathMt_C_04
0.7500083
0.8558759
1.002828
2347.121
511.7512
-3320.03
1.0
Obj_Mineral_A_01
0
2.059999
0
2291.849
623.4866
-3018.468
1.0
Obj_RockSetDeathMt_C_04
2.320523
-1.047885
-2.716983
2758.955
351.806
-3633.737
1.0
Obj_Plant_HopBush_C_02
0
-2.323185
0
2754.453
343.8138
-3605.32
1.0
Obj_RockSetDeathMt_C_03
0
0
0
2886.411
342.8153
-3522.865
1.0
Obj_Plant_HopBush_C_02
2.589673
-0.7481123
-2.794878
2750.034
344.9615
-3610.482
1.0
Obj_Plant_HopBush_C_02
2.703641
-1.227943
-2.72245
2946.042
343.3779
-3487.07
1.0
FireWood
-0.07811611
-0.0002166689
-0.00554452
2714.726
346.1126
-3492.909
1.0
Obj_TreeDeadLeaf_A_01
0
-2.043185
0
3038.118
322.4504
-3634.889
1.0
Obj_RockSetDeathMt_C_05
-2.521593
0.6015924
-3.141592
2263.848
623.9611
-2988.628
1.0
Obj_Plant_HopBush_C_01
0.1353117
0.917019
0.1111589
2852.412
346.1129
-3576.387
1.0
Weapon_Sword_021
1.726314
-1.099141
-0.3013366
2300.74
507.5996
-3325.968
1.0
Obj_Plant_HopBush_C_02
0
-2.181592
0
2939.161
343.8676
-3479.454
1.0
Obj_RockSetDeathMt_C_04
2.811535
-1.547558
-2.596538
2019.018
540.2978
-3253.039
1.0
Animal_Insect_E
0
0
0
2108
618
-3316
1.0
Item_Mushroom_C
0
0.7853982
0
2829.108
344.0434
-3586.068
1.0
Obj_RockSetDeathMt_C_04
0.01313351
1.242016
-0.2253185
2799.052
351.7146
-3665.497
1.0
Obj_RockSetDeathMt_C_05
0
-0.3
0
2675.459
343.3104
-3282.445
1.0
Item_Plant_O
-1.449463
0.5971679
2.912597
2548.113
328.1953
-3770.387
1.0
Obj_Plant_HopBush_C_02
0
-1.223185
0
2705.559
344.741
-3340.654
1.0
TwnObj_City_GoronLight_B_01
0
0.96
0
2053.401
538.2722
-2935.87
1.0
FldObj_DeathMtArtifactScaffold_A_01
0.48
1.332802
0
2699.5
378.2
-3492.8
1.0
Obj_Plant_HopBush_C_02
0.8804579
1.034231
0.8601035
2842.225
344.2526
-3628.52
1.0
Obj_RockSetDeathMt_C_03
-0.6187316
0.03972052
0.1241277
2359.672
467.4507
-3484.916
1.0
Obj_TreeBroadleafLow_Branch_A_01
0
-0.1199998
0
2795.243
344.2071
-3578.754
1.0
Obj_Plant_HopBush_C_02
3.103679
0.7857559
-3.068704
2800.385
345.8689
-3368.002
1.0
Obj_Plant_HopBush_C_02
-3.018603
0.7799745
-3.031702
2915.514
344.2278
-3481.104
1.0
FldObj_SmallCrater_S_01
-0.05762034
0.1848198
0.3891885
2072.101
505.1076
-3039.394
0.7
Obj_Plant_HopBush_C_02
0
0.54
0
2857.566
345.9421
-3580.464
1.0
Obj_Mineral_C_01
-0.5499638
-0.4816141
0.5042458
2519.087
639.6287
-3048.433
1.0
Obj_TreeDeadLeaf_A_01
0
0
0
2705
346.2638
-3424
1.0
Obj_TreeDeadLeaf_A_01
0
4.442541
0
3004.838
327.6025
-3602.615
1.0
Obj_RockSetWhite_B_M_02
-3.092322
1.217362
-3.084434
2730.454
341.7239
-3392.76
1.0
Item_Plant_O
-0.8929443
-1.103516
2.543701
2348.723
328.7539
-3779.539
1.0
Obj_Mineral_B_01
-0.1799943
-0.01794455
-0.1982055
2268.467
521.5062
-3114.365
1.0
TwnObj_City_GoronTile_B_01
0
2.263185
0
2743.219
345.2067
-3522.825
1.0
Obj_Plant_HopBush_C_02
2.801622
-0.4657616
-2.786716
2869.214
343.2301
-3621.027
1.0
Obj_RockDeathMt_C_L_07
-0.03016033
-0.9994963
0.06189989
2331.721
505.3011
-3301.329
1.0
Obj_RockDeathMt_C_L_06
-0.2400246
0.4195403
-0.1666012
2287.826
506.3544
-3279.779
1.0
FldObj_KorokStone_A_01
0
-3.141593
0
2087.804
316.5386
-3549.677
1.0
Item_Mushroom_C
0
0
0
2827.6
343.6597
-3583.767
1.0
FldObj_KorokStone_A_01
0
-1.570796
0
2093.023
324.1479
-3577.255
1.0
Obj_RockSetDeathMt_C_04
0.14
0
0
2533.921
412.5455
-3570.624
1.0
Obj_RockSetDeathMt_C_01
0
0
0.2199999
2430.243
392.7585
-3691.181
1.0
Obj_Plant_HopBush_C_01
1.105611
-1.502015
-1.159598
2923.34
343.6954
-3595.009
1.0
GrassCutTag
0
0
0
2145
535.674
-2995
1.0
Obj_RockDeathMt_C_L_07
0.2109526
-0.2353365
-0.0363828
2146.385
505.8329
-3218.55
1.0
TwnObj_City_GoronLight_B_01
0
0.9800001
0
2192.86
552.2196
-3026.687
1.0
FldObj_KorokStone_A_01
0
1.570796
0
2088.796
319.5386
-3549.677
1.0
FldObj_TorchStandBone_A_01
0
-2.32
0
2756.776
344.8509
-3339.493
1.0
Obj_TreeDeadLeaf_A_LL_01
0
2.2
0
2905.538
343.0646
-3462.375
1.0
FldObj_SmallCrater_S_01
-0.4564745
1.000439
0.1081823
2180.031
541.4991
-3022.374
0.6
Obj_TreeDeadLeaf_A_01
0
0.266348
0
2821
344.7953
-3478.82
1.0
Item_Mushroom_C
0
1.840001
0
2870.031
344.4801
-3570.387
1.0
Item_Plant_O
-1.34375
0.05017091
3.068725
2454.918
409.043
-3703.484
1.0
Obj_RockSetDeathMt_C_02
0
0
0.05999999
2627.645
346.8309
-3520.255
1.0
Obj_Mineral_C_01
0
0
0
2078.267
308.4787
-3555.553
1.0
Enemy_Octarock_Stone
0
2.301594
0
2346.8
409.9572
-3607.9
1.0
Obj_BreakBoxIron
0.08418865
1.104851
0.1354773
2417.173
377.3144
-3793.164
1.0
Obj_Mineral_B_01
0
0
0
2469.609
516.1221
-3189.892
1.0
Obj_RockSetDeathMt_C_05
0
0.6999999
0
2271.298
505.0334
-3293.046
1.3
Obj_RockSetDeathMt_C_04
-0.8754909
-0.413058
0.4484456
2350.486
513.6769
-3150.63
1.0
Item_Plant_O
1.422974
1.445312
0.2999267
2650.902
374.7656
-3719.094
1.0
Barrel
-0.0005300891
0.003481304
-1.588174
2736.003
345.3298
-3342.5
1.0
Obj_RockDeathMt_A_L_03
2.031747
-0.9492283
1.324091
2274.316
510.2885
-3163.627
0.8
Obj_Mineral_B_01
0.1934958
-0.3735553
-0.1913852
2552.825
406.3299
-3560.388
1.0
KibakoVolcano_Contain_01
-0.3041945
-1.391279
0.3137418
2707.01
344.8078
-3290.983
1.0
Obj_RockSetDeathMt_C_05
0
-1.02
0
2601.208
346.3394
-3481.059
1.0
Area
0
0
0
2427.306
378.6153
-3792.232
100
GrassCutTag
0
0
0
2907.859
343.5411
-3566.898
1.0
Obj_Mineral_A_01
0
0
0
2242.727
555.5751
-3017.59
1.0
Obj_Plant_HopBush_C_01
-0.7860423
-1.527197
0.890188
2944.052
343.5468
-3486.125
1.0
Obj_RockSetDeathMt_C_01
2.94319
1.07751
2.065649
2541.84
419.6488
-3600.281
1.0
FldObj_DeathMtArtifactScaffold_A_01
0
-1.919862
0
2702
396
-3459.5
1.0
Obj_RockSetDeathMt_A_02
0
0
0
2684.297
342.7564
-3366.258
1.0
FldObj_KorokStone_A_01
0
-3.141593
0
2094.984
322.1479
-3576.201
1.0
Obj_RockSetDeathMt_C_01
0.2900733
0.9228342
0.1736036
2699.372
347.8588
-3448.476
1.0
Obj_Plant_HopBush_C_01
-3.106806
0.6623815
-3.082962
2702.954
344.7638
-3332.952
1.0
Obj_BreakBoxIron
-0.1305154
-0.4714888
0.08446454
2448.005
378.3098
-3778.651
1.0
TwnObj_City_GoronLight_B_01
0.03220659
1.320186
-0.04603238
2667.408
346.1191
-3508.968
1.0
Obj_RockSetDeathMt_C_04
-3.121593
0.1600003
3.141593
2530.563
423.6954
-3643.939
1.0
BoxWater
0
-1.761474
0
2237.547
550.3382
-3048.965
1.0
Obj_RockSetDeathMt_C_03
0
0.3
0
2801.567
343.2708
-3559.05
1.0
Obj_RockSetDeathMt_C_03
0
0
0
2949.61
342.9323
-3549.415
1.0
Obj_TreeDeadLeaf_A_01
0
2.527211
0
2878.714
343.664
-3532.466
1.0
Obj_TreeDeadLeaf_A_01
0
0
0
3068.629
308.5919
-3699.584
1.0
Obj_RockSetDeathMt_C_04
0
2.28
0
2718.797
341.5342
-3545.869
1.0
FldObj_DeathMtArtifactScaffold_A_01
0
-0.2599999
0
2668
441.5
-3491
1.0
Obj_RockDeathMt_C_L_08
-0.2530874
-0.2295219
0.8493272
1981.948
448.7281
-3371.162
1.0
Obj_RockSetDeathMt_C_05
2.126974
-1.080915
-1.861072
2153.402
539.1124
-3037.948
1.0
Obj_RockSetDeathMt_C_05
0
1.08
0
2629.591
467.4935
-3442.781
1.0
Obj_Plant_HopBush_C_02
2.704937
0.3519912
2.902331
2871.284
345.6073
-3626.026
1.0
Obj_RockSetWhite_B_M_02
0
0
0
2824.205
341.9946
-3460.86
1.0
Obj_RockSetDeathMt_C_03
0.1386478
0.01947351
-0.01864777
2790.415
348.0661
-3637.172
1.0
FldObj_DeathMtArtifactScaffold_A_01
0
2.792527
0
2636
409.5
-3431.5
1.0
Obj_RockSetDeathMt_C_02
-1.064498
-1.396559
0.8616218
2622.386
376.3827
-3724.441
1.0
Item_Mushroom_C
-2.941593
1.241593
-3.141591
2875.738
346.2386
-3632.64
1.0
Obj_RockSetDeathMt_C_03
0.1499016
0.05615321
-0.3557822
2668.522
364.6407
-3688.021
1.0
FldObj_DeathMtArtifactScaffold_A_01
0
1.22173
0
2621
436.5
-3442.5
1.0
Obj_RockSetDeathMt_C_04
2.153651
0.7419823
1.896234
2267.96
507.8726
-3336.74
0.8
Enemy_Chuchu_Fire_Middle
0
-2.76
0
2121.59
317.0179
-3614.19
1.0
Enemy_Octarock_Stone
0
2.780002
0
2390.6
398.9804
-3660.9
1.0
Obj_RockSetDeathMt_C_01
0
2.299999
0
2047.571
454.4779
-3405.962
1.0
Obj_RockSetDeathMt_C_01
-0.2314053
-0.03140001
-0.002956429
2941.773
312.8842
-3690.963
1.2
Obj_MineralGrain_A_04
-0.2720981
-0.4367284
0.3357222
2292.729
623.2218
-3019.655
1.0
Obj_Plant_HopBush_C_01
0.07099175
-0.1234561
0.007656749
2919.111
344.0393
-3597.63
1.0
Obj_Plant_HopBush_C_02
-0.1735189
-0.08422285
-0.03034019
2915.193
343.5585
-3490.541
1.0
Obj_RockSetDeathMt_C_02
2.77527
-1.206856
-2.914657
2450.96
513.8639
-3197.13
1.0
Obj_Mineral_A_01
0
0
0
2372.108
407.5184
-3613.549
1.0
TwnObj_City_GoronLight_B_01
0
-0.7400006
0
2676.566
469.2373
-3466.179
1.0
Area
0
0
0
2705
344.5011
-3299
60
Obj_RockSetDeathMt_C_04
0
0
0
2870.755
339.6346
-3464.285
1.0
Obj_TreeDeadLeaf_A_01
0
0.48
0
2908.12
343.2852
-3572.82
1.0
Obj_RockSetDeathMt_A_02
-0.46
0.6199998
-0.36
2051.507
539.4905
-2961.618
1.0
Obj_Mineral_A_01
-1.181005
0.9458361
-0.8339879
2478.321
384.1462
-3734.076
1.0
Obj_Plant_HopBush_C_02
-0.3525452
-0.9833224
0.203536
2909.833
344.2137
-3489.805
1.0
Obj_RockSetDeathMt_C_04
-0.68801
-1.162686
0.6792358
2338.326
552.0255
-3066.73
1.0
Obj_Plant_HopBush_C_02
-2.666682
-1.219728
2.660351
2920.912
343.9597
-3601.116
1.0
Obj_RockSetDeathMt_C_03
0
1.901593
0
2826.384
343.0119
-3507.938
1.0
Obj_TreeDeadLeaf_A_01
0
4.08824
0
2942.365
343.5467
-3598.414
1.0
Obj_RockDeathMt_A_L_03
-2.99124
-0.2700405
0.102154
2173.704
506.2188
-3293.339
0.8
Item_Plant_O
3.040771
1.044067
1.452637
2908.965
532.6289
-3189.02
1.0
Obj_RockSetDeathMt_C_04
0
2.743186
0
2365.061
510.7527
-3175.511
1.0
Obj_RockSetDeathMt_C_01
3.027944
0.5483909
2.758849
2157.667
502.8135
-3231.562
1.0
TwnObj_City_GoronTile_B_03
0.03531845
0.8377081
0.09096929
2646.265
467.7405
-3424.406
1.0
TwnObj_City_GoronBridge_A_03
-0.1881452
0.9715427
-0.2232766
2065.149
541.189
-2977.333
1.0
Enemy_Golem_Little_Fire
-1.562898
1.428361
-1.427539
2122.291
318.4608
-3599.23
1.0
TwnObj_City_GoronTile_B_01
0.7789644
-1.497223
-0.7450376
2797.359
344.0746
-3546.474
1.0
Obj_TreeDeadLeaf_A_01
0
0.9400001
0
3067.803
310.2662
-3664.169
1.0
Obj_Mineral_A_01
0.1934471
-0.05109625
0.2550412
2057.443
455.2284
-3402.274
1.0
Obj_TreeBroadleafLow_Branch_A_02
0
-2.023185
0
2795.774
343.6802
-3552.142
1.0
Obj_Plant_HopBush_C_01
0.001773859
9.778675E-05
-0.1101387
2814.274
344.7857
-3453.13
1.0
Obj_RockSetDeathMt_C_01
1.176601
1.351115
1.891819
2426.447
508.1505
-3226.274
1.0
Obj_MineralGrain_A_04
-0.01090005
-0.0003714227
-0.06812361
2391.606
385.1185
-3778.13
1.0
Obj_TreeDeadLeaf_A_LL_01
-0.294367
-1.310528
0.2514257
2928.796
343.6616
-3479.658
1.0
TwnObj_City_GoronLight_B_01
-2.707983
1.166479
-2.725081
2635.907
346.8175
-3499.97
1.0
Obj_TreeBroadleafLow_Branch_A_02
0
0.5800008
0
2851.909
344.9189
-3441.461
1.0
Obj_TreeDeadLeaf_A_01
0
0
0
2850.193
344.9347
-3437.596
1.0
Enemy_Golem_Little
-2.461074
1.218723
-2.94884
2399.8
501.1617
-3377.4
1.0
Obj_RockSetDeathMt_C_03
0
-3.043185
0
2662.964
346.0036
-3406.537
1.0
Obj_RockDeathMt_C_L_08
-1.822686
-0.4108067
0.3920053
2648.593
313.8777
-3714.218
1.0
Obj_RockDeathMt_C_L_06
-0.06436834
1.138135
-0.1382323
2156.783
505.2042
-3247.916
1.0
Obj_MineralBury_A_01
0.08150657
0.5993913
0.01808421
2189.651
537.9324
-3043.685
1.0
Enemy_Chuchu_Fire_Middle
0
2.1
0
2259.948
443.5427
-3542.167
1.0
Obj_RockDeathMt_A_L_03
2.162714
-0.866568
1.041311
2027.994
505.4298
-2975.344
0.8
Obj_Plant_HopBush_C_02
0.1148967
-0.2246762
0.02658338
2967.356
344.2502
-3571.538
1.0
Obj_TreeDeadLeaf_A_01
0
0.2487494
0
2836
343.1809
-3503
1.0
TwnObj_City_GoronTile_B_01
3.141593
1.381588
3.121593
2666.191
346.3507
-3417.134
1.0
Obj_RockSetDeathMt_C_01
0.1023251
-0.5556734
0.2931185
2335.761
457.9055
-3492.2
1.0
Obj_RockSetDeathMt_C_04
-2.752073
0.200406
-2.976532
2967.277
344.1955
-3467.732
1.0
FldObj_KorokStone_A_01
0
-3.141593
0
2087.804
316.5386
-3548.677
1.0
Obj_MineralBury_A_01
0
1.323186
0
2820.887
349.5355
-3672.72
1.0
Area
0
0
0
2287.758
505.799
-3293.281
25
FldObj_DeathMtArtifactScaffold_A_01
0
-1.396263
0
2707
443.5
-3476
1.0
FldObj_DeathMtArtifactFence_A_01
0
-2.879999
0
2646.74
468.9252
-3474.968
1.0
Obj_TreeBroadleafLow_Branch_A_02
0
1.82
0
2830.749
344.2231
-3561.85
1.0
Obj_TreeDeadLeaf_A_LL_01
-0.1844477
-1.314262
0.245965
2899.719
343.3862
-3518.181
1.0
Barrel
-0.06054931
0.5800385
0.0603861
2421.521
377.8346
-3796.154
1.0
Obj_Mineral_B_01
-1.293669
1.126459
-1.535408
2052.248
454.3262
-3407.6
1.0
TwnObj_City_GoronBridge_A_02
0.1045663
0.9158112
0.1315703
2231.632
555.629
-3042.182
1.0
Obj_RockSetDeathMt_C_03
2.965548
1.212913
2.911429
2659.583
468.5433
-3488.752
1.0
AnchorAction1
0
-1.380001
0
2300.656
506.9277
-3326.031
0.25
Obj_MineralBury_A_01
-0.3199999
0
-0.3999999
2456.028
515.5364
-3169.743
1.0
Obj_RockSetDeathMt_C_03
0.12
0
0
2263.088
558.0291
-3046.343
1.0
Obj_Plant_HopBush_C_02
3.056999
0.7804396
2.997246
2908.906
344.3966
-3479.518
1.0
Obj_RockSetDeathMt_C_03
-2.319677
-1.315017
2.353843
2034.486
505.6607
-2972.697
1.0
Obj_RockSetDeathMt_C_02
0
1.06
0
2752.492
342.4844
-3590.998
1.0
Obj_Plant_HopBush_C_01
1.046395
1.474536
1.022886
2814.186
344.93
-3457.78
1.0
Obj_RockSetDeathMt_C_02
0
1.499998
0
2087.44
507.2505
-3030.736
1.0
Obj_RockSetDeathMt_C_03
0
0
0
2738.495
343.2551
-3294.31
1.0
Item_Mushroom_C
0
0
0
2824.511
343.8691
-3523.604
1.0
Obj_RockSetDeathMt_C_05
0.1454564
-0.6968523
-0.1300128
2385.311
508.1112
-3272.376
1.0
Obj_Plant_HopBush_C_01
0
1.744777
0
2701.898
344.7032
-3338.006
1.0
Obj_MineralBury_A_01
0
0
0
2293.653
560.2042
-3061.224
1.0
Obj_RockSetDeathMt_C_04
-2.299538
-0.4864582
2.588997
2634.925
514.1842
-3172.291
1.0
FldObj_KorokStone_A_01
0
1.570796
0
2094.007
324.1479
-3577.255
1.0
Obj_Plant_HopBush_C_02
0
0.9968149
0
2964.966
343.5277
-3564.124
1.0
Obj_RockSetDeathMt_C_02
0.8450688
0.9765698
0.9014431
2638.492
464.8574
-3478.507
1.0
Obj_TreeDeadLeaf_A_01
0
0
0
2859.634
345.3292
-3590.136
1.0
Obj_RockSetDeathMt_C_04
0
0
0
2717.82
342.385
-3426.318
1.0
FldObj_KorokStone_A_01
0
-1.570796
0
2087.804
317.5386
-3548.677
1.0
Enemy_Octarock_Stone
0
-0.54
0
2168
333.9353
-3641.7
1.0
FldObj_DeathMtArtifactScaffold_A_01
0
-2.007129
0
2705
436
-3465
1.0
Obj_Mineral_A_01
0
0.6000001
0
2189.705
538.1649
-3042.062
1.0
Obj_RockDeathMt_C_L_07
0.3676648
-0.1568858
0.6557857
2149.93
538.3766
-3036.566
1.0
Obj_Plant_HopBush_C_02
-0.1006132
0.9295065
-0.3473147
2813.751
344.8881
-3449.52
1.0
Obj_TreeDeadLeaf_A_01
0
4.8997
0
2848.291
343.7509
-3478.4
1.0
Obj_RockSetWhite_B_M_02
0
0
0
2851.94
342.0342
-3616.067
1.0
GrassCutTag
0
0
0
2146.5
535.87
-3011.5
1.0
Obj_RockDeathMt_C_L_07
-2.714387
-0.5360005
2.915565
2263.581
505.3643
-3178.469
1.0
Obj_RockSetDeathMt_C_03
-0.07458431
0.035274
0.09127495
2381.051
504.7848
-3209.501
1.0
Obj_RockSetDeathMt_C_03
0.02945194
-0.02286334
0.0541003
2405.154
504.9647
-3234.035
1.0
Obj_RockSetDeathMt_C_05
3.117132
-0.2001236
-3.019137
2663.019
466.9084
-3421.754
1.0
Obj_RockDeathMt_C_L_06
-0.1027894
0.03684747
0.1558218
2074.18
505.5433
-3038.602
1.0
Obj_MineralBury_A_01
0
0
0
2306.538
559.8951
-3059.815
1.0
Obj_RockSetDeathMt_C_01
-0.371094
-0.9968566
0.4982384
2017.979
507.1023
-2927.917
1.0
Obj_RockSetDeathMt_C_03
0.07395233
-0.4634185
-0.4408578
2080.765
535.659
-3272.388
1.0
FldObj_TorchStandBone_A_01
0
2.803185
0
2673.65
344.6161
-3287.414
1.0
Obj_Mineral_C_01
-0.4208366
0.2300197
-0.1741705
2455.336
435.7517
-3607.292
1.0
Enemy_Golem_Little_Fire
-0.1902606
0.01774562
0.1854477
2123.094
319.0937
-3596.696
1.0
Enemy_Golem_Little_Fire
-0.7545549
0.8716674
-0.7905278
2364.094
525.3719
-3136.661
1.0
Enemy_Keese
0
2.161593
0
2718.572
347.5011
-3305.694
1.0
Obj_LiftRockEldin_Korok_A_01
0.06650547
0.9214933
-0.07412543
2646.01
480.2897
-3462.954
1.0
TwnObj_City_GoronTile_B_02
0
2.701588
0
2659.099
468.7822
-3437.869
1.0
Obj_Plant_HopBush_C_01
-0.09306058
0.5606818
0.05759719
2791.836
344.895
-3378.293
1.0
Weapon_Sword_021
-1.813883
-0.7553309
-2.955291
2302.223
507.566
-3326.682
1.0
Obj_RockSetDeathMt_C_03
-0.1799999
0
0
2490.415
433.5505
-3610.951
1.0
Enemy_Octarock_Stone
0
-2.479999
0
2411.3
479.4894
-3452.4
1.0
Obj_TreeDeadLeaf_A_LL_01
-0.14
0
0
2867
344.3996
-3573.447
1.0
Enemy_Lizalfos_Fire
0
-2.22
0
2294.125
560.2015
-3065.91
1.0
Obj_RockSetDeathMt_C_01
-0.1777597
0.03052885
-0.1680654
2059.416
541.7101
-3232.121
1.0
Obj_RockSetDeathMt_C_03
0.2084205
-0.634716
-0.2666321
2629.697
468.1891
-3437.701
1.0
Obj_RockDeathMt_C_L_06
2.847218
-1.432529
-2.84987
2350.178
505.3167
-3289.37
1.0
Obj_TreeBroadleafLow_Branch_A_01
0
-3.003184
0
2813.246
344.3061
-3469.244
1.0
Obj_Plant_HopBush_C_02
2.892105
-0.9542783
-3.062399
2918.45
343.2155
-3588.338
1.0
Obj_TreeDeadLeaf_A_LL_01
0
-2.5
0
2854.332
344.3169
-3506.856
1.0
Obj_TreeDeadLeaf_A_LL_01
0
0.2
0
2738.887
345.1728
-3354.315
1.0
Obj_RockSetDeathMt_C_04
0
-0.72
0
2824.979
340.0557
-3555.903
1.0
Obj_RockSetDeathMt_C_04
0
-2.781594
0
2244.76
552.6774
-3062.589
1.0
TwnObj_City_GoronLight_B_01
0
0.7199982
0
2752.105
345.3801
-3523.566
1.0
Enemy_Golem_Little
-2.784849
-0.6109498
3.069267
2396.957
398.5893
-3662.712
1.0
TwnObj_City_GoronTile_B_03
-0.05226125
-0.001170401
-0.04970474
2715.979
345.5791
-3501.645
1.0
Obj_RockDeathMt_A_L_03
-2.958134
0.5664479
0.5388379
2379.773
505.5574
-3202.648
0.8
FldObj_TorchStandBone_A_01
0
2.220001
0
2304.127
507.4724
-3320.733
1.0
Obj_Plant_HopBush_C_02
-0.1391355
0.2079591
-0.1298301
2905.145
344.335
-3492.636
1.0
TwnObj_City_GoronLight_B_01
0
1.663474
0
2719.803
347.3612
-3473.955
1.0
TwnObj_City_GoronLight_B_01
0
-0.5615915
0
2650.803
469.2517
-3471.199
1.0
Obj_RockSetDeathMt_C_03
-0.05775949
-0.001459377
-0.05050811
2211.568
553.7388
-3035.258
1.0
Item_Plant_O
-2.197876
0.5040283
2.818237
2296.477
396.8828
-3619.449
1.0
Obj_RockDeathMt_C_L_07
-1.712584
-0.9664863
1.910866
2173.512
546.2344
-2974.863
1.0
Obj_RockSetDeathMt_C_03
-0.2149621
0.07335006
0.655586
1993.344
452.9426
-3405.818
1.0
Obj_RockSetDeathMt_C_03
-0.396914
-0.1278378
-0.4105746
2727.984
359.0243
-3657.608
1.0
Item_Mushroom_C
-3.042838
0.7766476
-3.001165
2823.286
343.9207
-3524.029
1.0
Obj_Plant_HopBush_C_02
0
-1.883185
0
2941.624
342.959
-3492.232
1.0
FldObj_KorokStone_A_01
0
0
0
2094.007
322.1479
-3576.232
1.0
Enemy_Golem_Little_Fire
-2.58882
1.154092
-2.895579
2402.5
490.8388
-3409.8
1.0
Obj_RockSetDeathMt_A_02
0
-0.9199999
0
2645.54
467.0348
-3440.982
1.0
Obj_TreeDead_A_01
0
3.57347
0
2721.903
344.7245
-3290.285
1.0
TwnObj_City_GoronLight_B_01
0
2.141592
0
2735.993
345.4935
-3507.939
1.0
Obj_RockSetDeathMt_C_04
2.697304
-0.5287929
-3.056239
2388.672
512.1049
-3311.621
1.0
Obj_RockSetDeathMt_C_03
-0.0462843
-1.198137
-0.04777431
2229.407
337.9785
-3673.076
1.0
Obj_RockSetDeathMt_C_02
0
0
0
2235.395
548.1083
-3049.25
1.0
Obj_Plant_HopBush_C_02
0.447022
0.191952
0.3047341
2844.618
344.1687
-3579.159
1.0
Obj_Mineral_C_01
-2.958221
-0.9119542
2.841232
2449.476
434.8235
-3619.496
1.0
Obj_RockSetDeathMt_C_03
0
0
-0.3599999
2247.892
445.8975
-3539.697
1.0
Obj_RockSetDeathMt_C_04
-0.2199999
0
-0.2
2775.011
341.5717
-3470.472
1.0
Obj_MineralBury_A_01
-0.1100667
0.7727894
-0.2475721
2293.073
622.9937
-3021.083
1.0
Obj_RockSetDeathMt_C_03
2.66783
-1.167553
-2.700933
2316.23
505.1022
-3315.95
1.0
Obj_BreakBoxIron
0.1065308
-0.4729939
-0.04019513
2417.801
377.4857
-3795.15
1.0
Obj_Mineral_C_01
-1.081317
1.256892
-0.8389625
2510.055
634.9202
-3040.812
1.0
Obj_Mineral_A_01
0
0
0
2291.656
560.2913
-3060.996
1.0
Obj_RockSetDeathMt_F_01
-1.104752
1.181436
-1.180956
2380.331
539.8002
-3090.906
1.0
TwnObj_City_GoronLight_B_01
0
0.8215916
0
2730.748
345.5021
-3519.929
1.0
Obj_Plant_HopBush_C_02
0
-2.199999
0
2747.499
344.8329
-3348.253
1.0
Obj_RockSetDeathMt_C_01
-2.765441
-0.811162
-3.046803
2087.932
316.3723
-3527.443
1.0
Item_Plant_O
-2.451782
0.7092285
2.803833
2927.949
499.543
-3174.691
1.0
Obj_RockDeathMt_C_L_07
-0.5062515
0.9038839
-0.3547912
2277.981
510.4905
-3162.73
1.0
Item_Plant_O
-2.214844
-0.01708985
2.742798
2678.805
459.2539
-3202.008
1.0
Obj_TreeDeadLeaf_A_LL_01
0.3429646
-0.007593828
-0.09641492
2826.228
344.6457
-3585.865
1.0
Obj_RockSetDeathMt_C_04
0.3718495
-1.233302
-0.1490088
2665.715
465.393
-3433.522
0.8
Obj_MineralBury_A_01
-1.265979
1.402993
-1.641905
2391.969
385.2335
-3778.712
1.0
FldObj_TorchStandBone_A_01
0
2.643183
0
2705.532
344.4983
-3293.764
1.0
GrassCutTag
0
0
0
2935.359
342.7552
-3558.898
1.0
Obj_RockSetDeathMt_C_04
0.1596171
-0.4422693
-0.2492317
2467.851
376.6227
-3769.62
1.0
FldObj_SmallCrater_S_01
0.2788509
0.02036074
-0.2273279
2147.335
505.3949
-3218.115
0.5
Obj_TreeBurned_A_02
0
6.048132
0
2762
345.8709
-3481
1.0
Enemy_Octarock_Stone
0
2.559999
0
2175.219
335.2037
-3648.749
1.0
Obj_RockDeathMt_C_L_06
-0.3154701
0.7432453
0.4827119
2179.234
541.6655
-3019.664
1.0
Obj_RockSetDeathMt_C_03
0
0
0
2605.277
345.4429
-3433.129
1.0
Enemy_Golem_Little
0.1539486
-1.363893
0.242177
2394.3
472.1786
-3494.9
1.0
Obj_RockSetDeathMt_C_02
-0.14
0
-0.09999999
2668.052
363.4285
-3700.01
1.0
FldObj_KorokStone_A_01
0
-1.570796
0
2095
324.1479
-3577.255
1.0
Obj_RockSetDeathMt_C_04
0.171558
-0.5357659
-0.3271963
2744.883
343.5021
-3498.352
1.0
Obj_RockSetDeathMt_C_02
0
-0.7399999
0
2263.163
504.1713
-3286.878
1.0
Obj_RockSetDeathMt_A_02
2.882845
-1.061988
-2.92927
2445.468
513.1208
-3181.919
1.0
Obj_RockSetDeathMt_A_02
2.902683
-0.2091431
-3.035524
2703.588
344.8797
-3501.101
0.7
Obj_RockDeathMt_C_L_07
0.1545471
0.6837575
-0.142479
2069.149
505.8636
-3169.293
1.0
Obj_RockSetDeathMt_C_04
0.04769661
-0.5716961
-0.2240234
3009.657
323.3951
-3616.484
1.0
Barrel
0.006858904
-0.0001277258
-0.002757377
2740.498
344.8347
-3344.502
1.0
Obj_RockSetDeathMt_C_04
-0.113252
0.6109107
-0.1957455
3012.724
316.4932
-3677.126
1.0
Obj_RockDeathMt_C_L_07
-2.188668
-1.301186
2.138908
2283.188
506.5789
-3280.173
1.0
Obj_RockSetDeathMt_C_04
-1.674048
1.065152
-1.750401
2704.968
362.1959
-3658.907
1.0
Obj_RockSetDeathMt_C_04
-0.285661
-0.2582326
0.2144701
2684.269
465.241
-3471.903
0.8
Obj_TreeDeadLeaf_A_01
0
-3.001592
0
3036.925
325.5165
-3588.07
1.0
Obj_RockSetDeathMt_A_02
0
-2.196814
0
2275.616
505.1114
-3294.644
1.3
Obj_RockSetDeathMt_C_04
-1.654076
-0.5635548
2.839387
2285.48
600.7465
-3027.36
1.0
Obj_LiftRockEldin_Korok_A_01
-0.2543687
1.123179
-0.3069249
2650.995
478.1651
-3443.071
1.0
Obj_RockSetDeathMt_C_03
2.823096
-1.246319
-2.838692
2685.429
468.9222
-3485.823
1.0
Obj_Mineral_A_01
0
0.32
0
2728.376
344.514
-3243.986
1.0
Obj_TreeDeadLeaf_A_01
0
0.5999006
0
2730
346.4321
-3464
1.0
Obj_RockSetDeathMt_C_03
-0.2486647
0.007887395
-0.02255423
2260.928
505.0887
-3177.459
1.0
Obj_TreeDeadLeaf_A_01
0
2.759999
0
2915.185
344.5891
-3475.11
1.0
KibakoVolcano_Contain_01
0.004056224
-0.2999961
0.004442857
2744.112
344.7165
-3338.476
1.0
Enemy_Chuchu_Fire_Middle
0
-1.06
0
2323.9
455.6832
-3505
1.0
Obj_TreeDeadLeaf_A_01
0
-1.32
0
2964.23
343.457
-3560.677
1.0
TwnObj_City_GoronTile_B_01
0
1.075492
0
2637.139
346.3733
-3417.945
1.0
Obj_RockSetDeathMt_C_03
-0.1500663
0.02609095
0.3436695
2431.506
511.1788
-3195.385
1.0
Obj_RockSetDeathMt_C_05
-1.313488
-1.160156
1.090534
2991.712
334.3973
-3578.015
1.0
Obj_Mineral_A_01
0
0
0
2456.176
515.9947
-3167.618
1.0
FldObj_DeathMtArtifactScaffold_A_01
0
-0.3141593
0
2682.5
412
-3494
1.0
Obj_Plant_HopBush_C_01
-3.037748
0.8363271
-2.990262
2853.709
345.9574
-3581.189
1.0
Obj_Plant_HopBush_C_01
0
0
0
2847.691
342.9546
-3620.092
1.0
Item_Plant_O
1.015869
-0.4859619
-0.2824707
2694.766
364.6055
-3644.633
1.0
Obj_RockSetDeathMt_C_04
-1.30235
1.153619
-1.43225
2949.744
332.123
-3643.53
1.0
Obj_TreeDeadLeaf_A_01
0
2.759999
0
2953.12
342.6458
-3488.471
1.0
KibakoVolcano_Contain_01
3.13763
-1.24159
-3.138418
2733.5
344.7047
-3333
1.0
FldObj_TorchStandBone_A_01
0
2.803188
0
2708.497
344.7306
-3330.264
1.0
Obj_TreeDeadLeaf_A_LL_01
-0.14
0
0
3075.995
310.6767
-3682.896
1.0
TwnObj_City_GoronTile_B_01
-0.02030206
0.9413448
-0.02148349
2702.357
345.9623
-3517.353
1.0
Obj_TreeDead_A_01
0
0
0
2780
344.473
-3380
1.0
FldObj_KorokStone_A_01
0
0
0
2087.804
318.5386
-3549.677
1.0
Obj_RockDeathMt_C_L_07
3.00634
1.042907
2.843971
2176.001
505.7267
-3296.299
1.0
Obj_RockSetDeathMt_C_03
-3.002189
0.6344759
-3.015879
2748.285
344.0413
-3317.573
1.0
Obj_RockSetDeathMt_C_04
0
0
0
2769.657
341.7426
-3339.427
1.0
Obj_Plant_HopBush_C_01
-3.057666
-0.7533367
3.08002
2707.67
344.7983
-3334.534
1.0
Obj_RockDeathMt_C_L_06
0
-2.023186
0
2292.519
505.1683
-3277.285
1.0
FldObj_DeathMtArtifactLamp_A_01
0
0.1400001
0
2641.253
388.9221
-3711.564
1.0
FldObj_KorokStone_A_01
0
1.570796
0
2087.804
318.5542
-3548.677
1.0
BoxWater
0
3.124699
0
2285.409
625.9938
-2985.552
1.0
Area
0
0
0
2705
344.5011
-3299
25
Obj_TreeDeadLeaf_A_01
0
0.1031242
0
3032.995
314.2996
-3674.448
1.0
Obj_RockSetDeathMt_C_04
-0.08397353
-0.2866661
-1.04813
2498.331
431.9336
-3406.512
1.0
Obj_RockSetDeathMt_C_03
0
2.36
0
2765.008
343.2438
-3376.308
1.0
Obj_RockSetDeathMt_F_01
2.985716
-0.72436
-2.715288
2164.995
328.0733
-3617.842
1.2
Obj_RockSetDeathMt_C_03
0.1473455
0.03904209
-0.5172012
2064.628
542.1406
-2992.175
1.0
TwnObj_City_GoronLight_B_01
0
1.618436
0
2614.363
346.2903
-3457.974
1.0
Obj_RockSetDeathMt_C_01
-0.05143021
-0.8752109
-0.06900755
2419.452
383.823
-3761.494
1.0
Animal_Insect_E
0
0
0
2104
618
-3309
1.0
Obj_TreeDeadLeaf_A_LL_01
0
1.821593
0
2958.104
343.5125
-3572.558
1.0
Obj_RockDeathMt_C_L_06
0
-0.2231866
0
2132.905
505.1683
-3212.167
1.0
Obj_MineralBury_A_01
0
-0.9199997
0
2266.585
520.1166
-3120.929
1.0
Animal_Insect_E
0
0
0
2104
618
-3315
1.0
Obj_TreeBroadleafLow_Branch_A_02
0
0
0
2829.125
343.3426
-3569.764
1.0
Obj_RockSetDeathMt_C_03
2.904606
0.8133172
3.06646
2627.319
347.0049
-3512.154
1.0
Area
0
0
0
2920.359
340.4963
-3563.398
75
TwnObj_City_GoronTile_B_02
0.01496018
-1.098885
-0.09311116
2698.16
346.7502
-3430.16
1.0
Obj_TreeBroadleafLow_Branch_A_02
0
2.44
0
2807.278
344.2635
-3531.926
1.0
Item_Mushroom_C
0
0
0
2821.735
344.7054
-3479.356
1.0
Obj_Mineral_A_01
0.08911924
0.01366865
0.07707256
2266.464
520.9441
-3115.003
1.0
Obj_RockSetDeathMt_C_02
-3.024416
0.8181595
-3.055883
2229.063
339.9635
-3663.077
1.2
Obj_TreeDeadLeaf_A_01
0
-1.32
0
2930.047
343.61
-3514.97
1.0
Obj_RockSetDeathMt_C_04
-2.233154
0.9832177
-1.963205
2176.22
544.8459
-2972.073
1.0
Obj_RockDeathMt_C_L_07
0.4214227
-0.01188449
0.1283207
2157.705
540.8139
-3038.28
1.0
Obj_RockDeathMt_C_L_08
0.310973
-0.1112509
0.4918622
2624.14
344.7151
-3435.672
1.0
Obj_RockSetDeathMt_C_02
0
0
0
2462.788
432.2809
-3660.329
1.0
FldObj_DeathMtArtifactScaffold_A_01
0
-1.047198
0
2708.5
373.5
-3485.5
1.0
FldObj_KorokStone_A_01
0
-1.570796
0
2086.828
316.5386
-3549.677
1.0
FldObj_KorokStone_A_01
0
-3.141593
0
2087.804
319.5386
-3549.677
1.0
FldObj_SmallCrater_S_01
0.5526434
0.9315076
0.557773
2217.076
507.4647
-3303.254
0.6
Obj_RockDeathMt_C_L_07
-2.513258
-1.094793
2.659481
2032.279
505.933
-2975.088
1.0
Obj_TreeDeadLeaf_A_LL_01
0
0
0
2753
344.9104
-3484
1.0
Obj_MineralBury_A_01
-2.344012
0.9308745
-2.873035
2664.05
367.5715
-3663.702
1.0
Obj_RockDeathMt_C_L_07
0
-0.09999987
0
2288.001
505.1683
-3327.649
1.0
Obj_Plant_HopBush_C_02
0
0
0
2812.744
344.9165
-3454.835
1.0
Obj_Plant_HopBush_C_02
-0.04088909
0.2156714
-0.05725612
2902.919
344.6355
-3486.215
1.0
FldObj_KorokStone_A_01
0
0
0
2087.804
318.5386
-3550.615
1.0
Item_Mushroom_C
-3.074357
-0.6389233
2.994485
2826.018
344.1081
-3522.321
1.0
FldObj_DeathMtArtifactScaffold_A_01
0
1.48353
0
2631.5
445
-3469.5
1.0
Enemy_Golem_Little
-0.2755707
-0.2194453
0.004098385
2369.058
406.6924
-3615.563
1.0
Obj_MineralGrain_A_04
-0.6911687
-0.7867436
1.13981
2061.583
307.4753
-3528.894
1.0
Enemy_Octarock_Stone
0
2.72
0
2271.1
442.6531
-3529.9
1.0
Obj_Plant_HopBush_C_02
0
2.058407
0
2905.255
344.6403
-3489.11
1.0
Obj_Plant_HopBush_C_02
-0.06746932
0.2177877
0.02949184
2787.791
344.8901
-3373.114
1.0
FldObj_KorokStone_A_01
0
1.570796
0
2093
321.1479
-3577.255
1.0
FldObj_DeathMtArtifactScaffold_A_01
0.04563333
1.503127
-0.6718314
2694.9
379.9
-3493.4
1.0
AnchorAction1
0
0.08000007
0
2301.545
507.0225
-3324.479
0.25
Obj_TreeDeadLeaf_A_01
0
5.541121
0
2751
344.5301
-3431
1.0
FldObj_DeathMtArtifactScaffold_A_01
0
-0.7853982
0
2707.5
457.5
-3484
1.0
FldObj_SmallCrater_S_01
0.1024561
0.5609431
0.1474226
2296.302
505.6177
-3328.222
0.5
Obj_MineralBury_A_01
3.058518
-0.4749287
-2.961474
2730.018
344.8754
-3245.055
1.0
Obj_RockSetDeathMt_C_02
-2.672679
0.7637399
-2.600643
2561.377
410.4469
-3594.545
1.0
Obj_RockSetDeathMt_C_04
-3.025336
0.4840346
-2.33136
2184.011
541.2417
-3022.942
1.0
Obj_RockSetDeathMt_A_02
0
-0.840002
0
2239.084
338.4194
-3674.923
1.0
Obj_TreeBurned_A_02
0
4.732363
0
2734
345.4765
-3480
1.0
Obj_RockSetDeathMt_C_04
-0.5
0.22
0
2424.44
497.0535
-3397.612
1.0
FldObj_SmallCrater_S_01
-1.030504
1.330595
-1.160801
2388.901
508.1698
-3274.618
0.9
Enemy_Golem_Little
-0.1361241
0.3628153
0.04414849
2370.623
406.4304
-3616.219
1.0
Obj_RockSetDeathMt_C_05
1.661293
1.470406
1.663756
2823.823
345.1635
-3606.78
1.0
Obj_Mineral_B_01
0
0
0
2101.272
320.8009
-3560.558
1.0
GrassCutTag
0
0
0
2922.859
342.8531
-3578.398
1.0
Enemy_Giant_Senior
0
0.1799993
0
2917.418
343.6848
-3561.4
1.0
Animal_Insect_E
0
0
0
2111
618
-3315
1.0
TwnObj_City_GoronTile_B_01
0
-1.1
0
2725.734
345.6237
-3508.333
1.0
Obj_Plant_HopBush_C_02
-2.908761
1.06364
-2.794838
2790.127
344.9113
-3376.008
1.0
Obj_MineralBury_A_01
-3.07046
-0.6857827
-2.989899
2194.028
336.2842
-3663.931
1.0
Obj_MineralBury_A_01
0
-2.059989
0
2490.226
381.8827
-3740.266
1.0
Animal_Insect_E
0
0
0
2111
618
-3309
1.0
Obj_Mineral_A_01
0
0
0
2816.206
349.7398
-3671.267
1.0
Barrel
-0.0471257
0.6579741
0.007680984
2707.994
344.7494
-3293.006
1.0
Obj_RockSetDeathMt_C_04
-0.2095338
0.06915326
0.6356128
1977.611
443.3488
-3378.92
1.0
Item_Plant_O
-2.067871
0.6191406
-3.014526
2189.527
432.9805
-3537.203
1.0
Obj_Plant_HopBush_C_01
3.007738
0.3858383
-3.124534
2967.607
343.8586
-3567.027
1.0
Item_Plant_O
0.04980468
1.118042
-1.352295
2455.992
472.6953
-3531.332
1.0
Obj_RockDeathMt_A_L_03
2.071246
0.5257106
-2.03426
2237.422
346.8785
-3667.689
1.2
Obj_TreeBurned_A_02
0
0
0
2732
344.7083
-3327
1.0
Obj_Plant_HopBush_C_02
0
0.2168148
0
2790.016
344.6489
-3379.534
1.0
Obj_TreeDeadLeaf_A_LL_01
0
-1.039997
0
2724.744
347.5586
-3446.49
1.0
Obj_Mineral_A_01
0
-3.043185
0
2276.48
454.9168
-3494.573
1.0
TwnObj_City_GoronTile_B_02
0
-1.32
0
2750.71
345.2331
-3530.213
1.0
AnchorAction1
0
-2.903187
0
2304.691
506.953
-3325.57
0.25
Obj_RockSetDeathMt_C_05
0
1.883185
0
2719.486
344.6624
-3519.698
1.0
Obj_RockSetDeathMt_C_03
-0.3973852
0.06660949
-0.395503
2551.059
412.6096
-3587.992
1.0
Obj_RockSetDeathMt_C_03
0.1506409
-0.001924186
0.02549697
2774.149
353.0411
-3667.552
1.0
Obj_RockSetDeathMt_C_01
0
-0.5199995
0
2680.702
346.3149
-3494.714
1.0
Obj_TreeBroadleafLow_Branch_A_01
0
-2.063185
0
2804.247
344.1342
-3531.9
1.0
Obj_MineralBury_A_01
-1.003816
-0.2602395
-1.126079
2478.801
384.5803
-3735.573
1.0
Obj_Plant_HopBush_C_01
-0.1306119
0.592931
-0.04225779
2744.565
344.2553
-3360.591
1.0
TwnObj_City_GoronBridge_A_03
2.751534
-1.324206
-2.655905
2051.845
539.2485
-2945.82
1.0
Obj_Mineral_B_01
0
0
-0.2400001
2195.139
336.6112
-3663.246
1.0
Item_Mushroom_C
0
0
0
2751.304
344.94
-3485.372
1.0
Obj_RockDeathMt_C_L_06
-0.313303
-0.0002102961
-0.002169037
2293.099
505.8838
-3181.607
1.0
FldObj_KorokStone_A_01
0
-3.141593
0
2094.007
320.1479
-3577.255
1.0
Obj_RockSetDeathMt_C_04
-2.600857
-0.5582497
-3.004366
2476.476
528.7086
-3160.11
1.0
Obj_RockWhite_B_L_02
1.316507
-1.37051
-1.517591
2802.971
340.6391
-3424.066
1.0
Item_Plant_O
1.203735
0.5297852
-0.1722412
2522.695
429.9063
-3592.359
1.0
Obj_Plant_HopBush_C_02
0.04248282
0.0008286459
-0.03899945
2846.161
343.0043
-3621.798
1.0
Obj_MineralBury_A_01
-0.1224319
1.095302
-0.1179562
2051.216
544.0565
-3234.491
1.0
Item_Mushroom_C
0
0
0
2854.327
344.0201
-3614.454
1.0
FldObj_KorokStone_A_01
0
1.570796
0
2087.804
315.5386
-3549.677
1.0
Weapon_Sword_021
-1.019674
1.353905
-2.464339
2303.398
507.5456
-3326.248
1.0
Enemy_Octarock_Stone
0
-1.340001
0
2183.5
458.8247
-3460
1.0
Enemy_Golem_Little_Fire
-2.918548
0.2385675
3.140121
2406.7
488.8709
-3414.2
1.0
Obj_RockSetDeathMt_C_03
-3.108633
0.02267615
3.075866
2289.077
560.3368
-3059.846
1.0
BoxWater
0
-2.878485
0
2233.551
550.3382
-3044.669
1.0
Obj_Plant_HopBush_C_01
0.2361662
-0.557322
-0.05835666
2748.234
343.7048
-3606.995
1.0
Obj_RockSetDeathMt_C_01
0
1.3
0
2868.906
342.803
-3596.093
1.0
TwnObj_City_GoronLight_B_01
0
-1.158408
0
2707.453
346.9761
-3442.929
1.0
Obj_Mineral_A_01
-0.1472198
0.2911422
-0.9574739
2156.736
540.6836
-3037.329
1.0
Obj_RockDeathMt_A_L_03
-2.479798
0.4451491
-1.029934
2242.54
346.8785
-3666.439
1.2
Obj_BreakBoxIron
-0.1280813
0.9047878
-0.07143317
2459.341
378.5239
-3780.361
1.0
Obj_TreeDeadLeaf_A_LL_01
-0.14
0
0.2
2880.145
343.4994
-3436.899
1.0
Obj_RockSetDeathMt_C_02
0
0
0
2663.349
347.8373
-3436.84
1.0
TwnObj_City_GoronTile_B_02
-3.123954
0.4563056
-3.084409
2611.67
346.8922
-3474.475
1.0
Item_Plant_O
-2.038452
-1.393677
-2.620971
2839.973
558.4102
-3161.484
1.0
Obj_RockDeathMt_C_L_06
0
2.879999
0
2040.342
505.1683
-3150.505
1.0
Obj_RockDeathMt_C_L_07
0.01350983
-0.1981919
0.1612041
2379.192
505.5568
-3206.931
1.0
Obj_RockSetDeathMt_C_05
0.4550172
0.9996638
-0.244073
2664.887
366.4875
-3683.199
1.0
Obj_RockSetDeathMt_C_04
-0.2411942
-0.8189317
0.1381122
2128.344
535.9231
-2975.5
1.0
TwnObj_City_GoronBox_B_01
-0.09053233
-0.003915042
-0.08637667
2701.514
346.0016
-3502.565
1.0
Obj_RockSetDeathMt_C_03
-2.88025
0.8783866
-2.862875
2062.864
539.0648
-2926.006
1.0
Obj_RockSetDeathMt_C_03
2.978193
-0.5528374
-3.136314
2648.614
468.8496
-3463.826
1.0
Obj_TreeDeadLeaf_A_01
0
2.776159
0
2984.1
331.2094
-3623.01
1.0
FldObj_TorchStandBone_A_01
0
-0.62
0
2734.004
344.7487
-3348.003
1.0
Obj_Mineral_A_01
0
0
0
2050.143
544.5456
-3227.715
1.0
SpotBgmTag
0
0
0
2666
485
-3460.5
65
FldObj_SmallCrater_S_01
-2.539339
0.1892639
-2.984214
2177.206
546.7861
-2974.602
1.2
Obj_RockSetDeathMt_C_02
-0.02980329
0.1879795
-0.008264341
2655.615
366.6715
-3664.54
1.0
Obj_RockSetDeathMt_C_04
2.973418
0.408159
3.074203
2656.113
345.0252
-3386.319
0.7
Obj_RockSetDeathMt_C_03
-3.134634
0.2516952
-2.648238
2101.203
320.093
-3561.634
1.0
Weapon_Sword_021
0.9304242
1.305999
-0.5413221
2303.204
507.8266
-3323.986
1.0
Obj_Mineral_A_01
0
0
0.56
2723.511
344.7172
-3242.42
1.0
Obj_RockSetDeathMt_C_05
0
1.261596
0
2642.568
467.4078
-3466.071
1.0
Obj_TreeDeadLeaf_A_01
0
1.013071
0
2758
345.0942
-3470
1.0
Obj_MineralBury_A_01
0.04505603
0.004629235
-0.04473533
2202.138
337.3443
-3664.512
1.0
Obj_TreeDeadLeaf_A_01
0
1.36
0
2842.983
344.8914
-3428.497
1.0
Obj_TreeDeadLeaf_A_01
0
-1.32
0
2914.56
343.4101
-3507.26
1.0
Item_Mushroom_C
0
2.96706
0
2855.178
343.5007
-3618.12
1.0
Obj_RockSetDeathMt_C_05
0
0
0
2759.172
342.0785
-3440.085
1.0
Barrel
0.05662918
-0.8185894
-0.06476491
2738.496
344.7489
-3340.004
1.0
Obj_RockSetDeathMt_C_03
-0.1521515
0.001210065
0.01587503
2994.058
342.9057
-3514.951
1.0
Obj_TreeBroadleafLow_Branch_A_02
0
-2.963184
0
2814.528
344.3449
-3474.097
1.0
Obj_Plant_HopBush_C_02
0
-2.323185
0
2871.676
346.5151
-3633.806
1.0
Obj_RockSetDeathMt_C_02
-1.169172
1.489454
-1.196214
2644.842
383.354
-3667.951
1.0
Obj_Plant_HopBush_C_01
-0.03800646
-0.1376899
0.0382021
2748.19
344.6884
-3357.542
1.0
Item_Plant_O
-2.0448
-0.7434081
-2.499268
2278.746
312.8398
-3758.844
1.0
Obj_RockSetWhite_B_M_01
0
-1.880001
0
2777.834
342.5435
-3388.394
1.0
Obj_Mineral_C_01
-2.468985
1.092888
-3.058599
2453.731
436.7146
-3608.683
1.0
Obj_RockSetWhite_B_M_01
0
-1.620011
0
2783.337
341.7755
-3601.698
1.0
Obj_TreeDeadLeaf_A_01
0
0
0
3091.416
310.6169
-3677.782
1.0
Enemy_Golem_Little_Fire
-0.4959473
0.5990995
-0.5864725
2362.068
528.6509
-3130.744
1.0
Obj_TreeDead_A_01
0
4.638778
0
2752
344.6952
-3362
1.0
Obj_RockDeathMt_A_L_03
-0.01711858
1.381718
-3.126324
2282.121
511.0356
-3161.612
0.8
Obj_RockSetDeathMt_C_02
0
0.7800003
0
2255.185
443.5583
-3516.089
1.0
TwnObj_City_GoronTile_B_02
2.929155
-1.376653
-2.899503
2677.633
346.2078
-3515.38
1.0
FldObj_EnemyLookout_B_01
0
2.403187
0
2754.508
344.8388
-3335.305
1.0
Obj_RockDeathMt_C_L_06
0.2799359
0.04515558
-0.3876215
2257.93
505.6155
-3316.943
1.0
Obj_RockSetDeathMt_C_03
-0.1062366
0.7171983
-0.06997617
2685.178
469.2836
-3464.819
1.0
Obj_RockSetDeathMt_A_02
-0.4003013
0.3594183
-0.07347723
2725.989
342.9021
-3349.498
1.0
Obj_TreeBroadleafLow_Branch_A_01
0
-1.24
0
2847.664
344.8079
-3436.377
1.0
Obj_RockSetDeathMt_C_05
3.106976
0.2795131
3.016722
2742.998
343.2047
-3310.1
1.0
Enemy_Chuchu_Fire_Junior
0
0
0
2116.023
316.7186
-3609.387
1.0
Obj_Plant_HopBush_C_02
0.03708299
1.21941
0.09240498
2815.333
345.0528
-3459.661
1.0
Obj_TreeBroadleafLow_Branch_A_01
0
0.5400004
0
2846.892
344.7663
-3441.6
1.0
Obj_MineralBury_A_01
-0.1796798
-0.08831364
-1.612039
2659.655
369.3729
-3669.935
1.0
Obj_Mineral_B_01
-0.05930007
-0.4796468
-0.3052227
2391.282
385.3583
-3776.417
1.0
Obj_RockSetDeathMt_C_01
-2.744745
-0.4800259
2.76291
2646.745
367.6661
-3710.504
1.0
Obj_TreeDeadLeaf_A_01
0
0.14
0
2808.063
344.7697
-3426.375
1.0
FldObj_DeathMtArtifactScaffold_A_01
0
-1.570796
0
2705.5
410
-3466.5
1.0
Obj_TreeBroadleafLow_Branch_A_01
0
0
0
2825.619
344.1188
-3566.04
1.0
Item_CookSet
0
2.094395
0
2682.92
469.6828
-3472.116
1.0
Obj_RockSetDeathMt_C_04
-2.126338
-1.105255
-3.07879
2089.663
546.8425
-2910.9
1.0
Obj_Plant_HopBush_C_01
-0.1559365
-0.55337
0.1478582
2869.876
346.4626
-3630.319
1.0
Obj_RockSetDeathMt_C_03
0
0
0
2723.155
344.5735
-3533.483
1.0
Obj_RockSetDeathMt_C_04
-3.072577
0.1573759
2.614413
2713.504
346.5216
-3475.218
0.7
Obj_RockSetDeathMt_C_03
0
0
-0.14
2766.208
343.6698
-3517.135
1.0
Item_Mushroom_C
0
0
0
2874.358
346.458
-3631.342
1.0
Obj_RockSetDeathMt_C_04
-0.4303593
-0.5617667
0.8102424
2285.892
559.1662
-3045.337
1.0
Obj_Plant_HopBush_C_01
-3.055385
0.1502962
-2.878
2809.213
344.0353
-3457.655
1.0
TwnObj_City_GoronTile_B_02
0
0.500001
-0.02
2711.307
345.6555
-3508.395
1.0
Item_Mushroom_C
0
2.080001
0
2755.843
344.9264
-3484.268
1.0
Obj_RockSetDeathMt_C_03
0
0.86
0
2134.036
535.8957
-3032.018
1.0
FldObj_DeathMtArtifactFence_A_01
0
1.76159
0
2762.455
344.9213
-3502.443
1.0
Obj_MineralBury_A_01
0
0
0
2373.235
407.2688
-3614.765
1.0
FldObj_SmallCrater_S_01
-2.928363
0.2315275
3.006013
2286.888
506.2131
-3279.735
1.2
Obj_MineralBury_A_01
0.05806396
0.499681
0.01253142
2243.318
555.5274
-3019.087
1.0
FldObj_KorokStone_A_01
0
-1.570796
0
2087.804
317.5386
-3549.677
1.0
Obj_Plant_HopBush_C_02
0
-3.10637
0
2749.585
344.7973
-3353.245
1.0
Obj_Plant_HopBush_C_02
-0.1128625
-1.003411
0.09776419
2745.98
344.7007
-3356.608
1.0
Obj_RockSetDeathMt_C_04
-2.821768
-0.02714165
-2.9047
2375.673
414.8102
-3598.978
1.0
Obj_RockSetDeathMt_C_03
-0.8970912
1.045214
-0.7116665
2276.409
508.5782
-3164.859
1.0
Obj_Plant_HopBush_C_02
-0.1020054
1.135532
-0.05958837
2793.636
345.3983
-3371.89
1.0
Obj_RockSetDeathMt_C_02
0
0
0
3006.891
323.7155
-3645.252
1.0
Obj_RockSetDeathMt_C_04
-0.2999999
1.24
0.1599907
2273.015
451.2427
-3489.158
1.0
FldObj_DeathMtArtifactScaffold_A_01
0
-2.181662
0
2703
422
-3454.5
1.0
TBox_Field_Iron
-0.1346237
1.386158
0.08956967
2424.857
378.4185
-3793.114
1.0
Obj_RockSetDeathMt_C_03
0.06504656
0.005671817
-0.173892
2039.803
538.4382
-2928.643
1.0
Obj_RockSetDeathMt_C_03
0.4427403
-0.9117923
-0.8062631
2056.068
540.0377
-3253.805
1.0
Barrel
0.01872507
1.163293
0.1746589
2420.263
377.7028
-3793.17
1.0
TwnObj_City_GoronTile_B_01
0.5532424
-1.421996
-0.5290526
2671.189
346.163
-3516.395
1.0
Enemy_Golem_Little_Fire
-0.4955094
0.1332296
-0.2660416
2360.558
526.4238
-3136.069
1.0
GrassCutTag
0
0
0
2134
535.6259
-3015
1.0
Obj_RockSetDeathMt_C_02
0.5597457
0.5643241
0.2824699
2030.646
453.3766
-3420.087
1.0
Obj_Mineral_B_01
0.6443502
0.8032219
0.2511204
2207.072
509.216
-3314.143
1.0
Item_Mushroom_C
0.1396263
0.2094395
0
2860.009
345.4088
-3589.313
1.0
Obj_RockSetDeathMt_C_04
-0.6381823
-0.3906596
0.9310813
2127.864
318.2672
-3595.192
1.0
Obj_RockSetDeathMt_C_04
-1.798583
-0.5261045
3.116856
2247.319
566.5946
-3013.316
1.0
Obj_Mineral_A_01
0
0
0
2488.725
382.1109
-3739.387
1.0
Obj_MineralGrain_A_04
0.6081005
-0.1229584
0.3874364
2206.724
509.0922
-3313.734
1.0
FldObj_DeathMtArtifactFence_A_02
0
0
0
2656.817
468.0362
-3422.116
1.0
Obj_Plant_HopBush_C_02
0
-0.3015934
0
2710.951
344.7478
-3340.203
1.0
FldObj_DeathMtArtifactFence_A_02
0.1267324
-0.7311025
-0.1885628
2688.484
469.8135
-3474.047
1.0
Obj_RockDeathMt_A_L_03
-0.1778149
0.212382
2.63078
2178.824
505.3986
-3299.555
0.8
TwnObj_City_GoronLight_B_01
0
0.9845766
0
2627.135
346.7414
-3426.422
1.0
TwnObj_City_GoronTile_B_02
0.008520082
-1.121205
-0.007067407
2731.719
345.4984
-3513.229
1.0
TwnObj_City_GoronLight_B_01
-3.087667
-0.6987716
3.082133
2745.365
345.257
-3532.996
1.0
Obj_RockDeathMt_C_L_07
-0.2507576
-0.000552163
0.0574386
2323.151
505.3133
-3171.328
1.0
Obj_RockSetDeathMt_C_04
-0.6846062
-0.4376996
-0.01856622
1961.579
301.6856
-3468.277
1.0
Obj_Mineral_A_01
-3.037675
1.106808
-2.733001
2197.792
336.2961
-3664.081
1.0
Obj_Plant_HopBush_C_02
0
2.356814
0
2793.778
345.4243
-3366.416
1.0
Obj_RockDeathMt_C_L_06
0.5060215
0.5311604
0.5074941
2156.258
538.0806
-3033.281
1.0
Enemy_Golem_Fire
0
0
0
2146.5
535.8252
-3011.5
1.0
Item_Mushroom_C
-2.858959
-0.9627478
2.907603
2854.145
344.3076
-3508.937
1.0
Obj_RockSetDeathMt_C_04
-0.1493856
-0.7091662
-0.482014
2464.326
456.3831
-3455.677
1.5
FldObj_DeathMtArtifactFence_A_02
-0.2865401
0.09907436
-0.1179461
2434.583
383.7894
-3758.005
1.0
Obj_MineralBury_A_01
0
1.380004
0.2399996
2100.827
320.0302
-3557.586
1.0
Obj_Plant_HopBush_C_01
0
2.698408
0
2793.842
345.4765
-3368.618
1.0
Obj_TreeDeadLeaf_A_01
0
0
0
2824
343.956
-3565
1.0
Obj_Plant_HopBush_C_01
3.078694
1.127719
3.122835
2741.959
344.8345
-3350.365
1.0
FldObj_KorokStone_A_01
0
-1.570796
0
2094.007
323.1401
-3576.255
1.0
Enemy_Lizalfos_Fire
0
-2.7
0
2298.786
348.9342
-3701.922
1.0
FldObj_SmallCrater_S_01
-0.4049042
0.2528114
0.4181949
2162.575
539.4041
-2980.505
0.7
Obj_TreeBroadleafLow_Branch_A_01
0
1.660001
0
2795.944
344.6215
-3583.987
1.0
Obj_RockSetDeathMt_C_02
0.04278275
0.6187158
0.07367608
2767.142
354.7375
-3673.464
1.0
GrassCutTag
0
0
0
2918.859
342.8014
-3546.898
1.0
Enemy_Octarock_Stone
0
2.319999
0
2091.5
457.0875
-3408.2
1.0
Obj_RockSetDeathMt_C_03
0.01376994
1.024167
-0.3099475
2650.468
372.378
-3692.776
1.0
Obj_RockSetDeathMt_C_03
2.451307
-0.8849828
-2.425687
2153.288
536.9992
-3033.691
1.0
TwnObj_City_GoronLight_B_01
0
1.08
0
2056.318
542.5336
-2971.674
1.0
Obj_RockDeathMt_C_L_06
2.77886
-0.3858857
-3.115065
2367.499
510.2208
-3308.697
1.0
TwnObj_City_GoronLight_B_01
0
1.12
0
2670.672
469.1696
-3471.448
1.0
Obj_RockDeathMt_C_L_06
0.09805372
0.00132925
-0.1070893
2082.117
505.9212
-3184.901
1.0
Obj_RockSetDeathMt_C_03
0.1803348
0.01032454
-0.1140708
2080.558
540.2095
-3002.149
1.0
Obj_TreeDeadLeaf_A_01
0
0
0
2725
344.8849
-3399
1.0
Item_Plant_O
-2.480957
-0.9172363
-2.209717
2407.836
495.6484
-3497.309
1.0
Obj_RockSetDeathMt_C_04
0.02870994
-1.001061
0.1366205
2303.525
347.722
-3736.57
1.0
Obj_Plant_HopBush_C_02
2.868881
-1.249393
-2.931562
2925.331
343.6482
-3595.954
1.0
Obj_TreeDeadLeaf_A_01
0
-1.783186
0
2943.077
343.8149
-3472.763
1.0
Obj_RockSetDeathMt_C_03
0.2513938
0.006274215
-0.04964224
2272.074
563.742
-3078.911
1.0
Obj_RockSetDeathMt_C_03
3.034667
0.8162366
2.995322
2172.802
505.1683
-3295.966
1.0
