UnitConfigName/__text
Rotate/value/0
Rotate/value/1
Rotate/value/2
Translate/value/0
Translate/value/1
Translate/value/2
_Scale
Obj_RockDeathMt_D_L_01_Far
1.477007
-0.02845047
1.536765
2414.417
469.1939
-1915.084
0.8
TwnObj_StableHostel_A_01
0
-0.8199993
0
2613.332
253.3582
-1143.513
1.0
FldObj_CliffDeathMt_E_12
3.042339
0.141105
3.016473
2838.893
272.7733
-1470.657
1.3
TwnObj_City_GoronSignboard_B_01
0
1.819999
0
2442.181
415.9229
-1883.141
1.0
Obj_BreakBoxIron
0.02495977
-0.2989422
0.06209536
2191.132
449.1198
-1639.568
1.0
FldObj_CliffDeathMt_F_02_Far
0.1408777
-0.1192053
-0.01042984
1915.317
327.3418
-1393.449
1.0
Enemy_AirOctarock
0
-1.326581
0
2026.52
454.5436
-1372.971
1.0
LinkTagAnd
0
0
0
2174.151
509.5474
-1556.781
1.0
FldObj_CliffDeathMt_D_06_Far
0
3.577925
0
2571.08
223.1173
-1267.837
1.0
Area
0
0
0
2745.714
293.6588
-1674.127
1.0
ActorObserverTag
0
0
0
2700.536
226.5156
-1749.618
1.0
Obj_RockDeathMt_D_L_01_Far
0
-0.4399998
0
2278.424
418.492
-1736.141
1.0
LinkTagNone
0
0
0
2057.496
476.5436
-1371.83
1.0
Obj_RockDeathMt_D_L_03_Far
0
0
0
2143.637
425.1296
-1572.624
1.0
LinkTagAnd
0
0
0
2055
475.3438
-1367.5
1.0
LinkTagNone
0
0
0
2824.25
234.1902
-1268.383
1.0
FldObj_CliffDeathMt_D_06
-0.5801052
-0.9264379
0.6200717
2601.164
589.8457
-2169.476
1.0
LinkTagAnd
0
0.5600001
0
2183.613
485
-1562.679
1.0
FldObj_CliffDeathMt_D_04_Far
0
0.18
0
2220.691
477.6173
-1892.465
1.0
Obj_RockDeathMt_D_L_01_Far
0
2.76
0
2654.855
283.099
-1509.503
1.0
FldObj_MapTowerStairWood_A_01
0
-0.4999998
0
2174.234
470.5
-1556.754
1.0
FldObj_CliffDeathMt_D_06
0
-2.408929
0
2595.206
242.162
-1569.956
1.0
HorsePlacmentAnchor
0
-0.2964005
0
2603.525
253.1131
-1130.227
1.0
FldObj_CliffDeathMt_D_22_Far
-2.920213
0.5098286
-2.612721
2242.411
417.6414
-1737.816
1.0
FldObj_MapTowerStairWood_A_01_Far
0
1.601592
0
2174.105
470.5
-1556.826
1.0
Obj_RockDeathMt_D_L_03_Far
3.141593
-0.9400001
-2.961593
2401.198
423.3917
-1885.823
1.0
LinkTagAnd
0
0.6399999
0
2332.292
248.2823
-1446.094
1.0
LinkTagAnd
0
0
0
2630.563
362.2052
-1892.031
1.0
FldObj_CliffDeathMt_D_19
0
0
0
2503.9
382.3637
-1857.96
1.0
SoundProxyLavafallS
0
0.5235988
0
2267.84
440.9741
-1854.508
0.8
FldObj_CliffDeathMt_D_22
-2.858913
-0.9440012
2.815796
2484.704
244.6042
-1126.235
1.0
FldObj_CliffDeathMt_E_18
-0.4466378
-0.1307277
-0.2019096
2386.435
442.9709
-1903.297
1.0
Enemy_AirOctarock
0
2.862209
0
2057.496
476.5436
-1371.83
1.0
FldObj_LavaPlane_A_07_Far
0
-0.02
0
2336.168
503.7734
-2013.525
1.0
Area
0
1.085398
0
2179.745
497.742
-1553.777
2
Obj_RockSetWhite_A_L_01_Far
1.457286
0.9875178
3.103427
1921.318
216.8628
-1223.354
1.0
Obj_RockDeathMt_D_L_01
0
-1.24
0
2626.67
236.5242
-1355.467
1.0
FldObj_CliffDeathMt_D_07_Far
0
0
0
2195.65
366.65
-1592.85
1.0
FldObj_CliffDeathMt_D_10
2.016313
1.09863
2.600841
2877.751
439.7997
-1938.919
1.0
FldObj_CliffDeathMt_D_11_Far
-0.5520245
0.7512442
0.07414556
2470.575
204.2962
-1047.556
1.0
LinkTagOr
0
-1.261594
0
2751.219
296.2672
-1675.432
1.0
FldObj_DownloadTerminal_A_01
0
1.085398
0
2174.151
508.7294
-1556.781
1.0
LinkTagAnd
0
0
0
2686.083
348.3065
-1895.302
1.0
Obj_RockDeathMt_D_L_01
0
-0.4399998
0
2278.424
418.492
-1736.141
1.0
FldObj_CliffDeathMt_D_11
-1.230634
-1.397951
0.7157844
2825.622
249.9778
-1485.04
1.0
Enemy_Chuchu_Fire_Junior
0
1.601608
0
2643.895
352.1531
-1875.906
1.0
Enemy_Lizalfos_Middle
0
3.109203
0
2824.25
234.1902
-1268.383
1.0
FldObj_DeathMtLavaFall_B_03_Far
0
0.01187347
0
2344.761
425.18
-1946.775
0.8
FldObj_CliffDeathMt_D_06
2.921263
0.2009269
3.05695
2351.696
581.4427
-2171.49
1.0
LinkTagAnd
0
0
0
2072.449
455.3831
-1400.601
1.0
DgnObj_EntranceShutter_A_01
0
1.14
0
2668.664
247.9121
-1579.159
1.0
FldObj_CliffDeathMt_D_14_Far
0.1976318
-0.3381185
0.05409354
2688.175
454.5904
-1983.298
1.2
FldObj_MapTowerWingBefore_A_01
0
1.085398
0
2174.152
434.5474
-1556.781
1.0
LinkTagAnd
0
0
0
2036.705
403.4171
-1355.239
1.0
RockBall
0
1.5
0
2146.973
357.5
-1501.125
0.5
Obj_RockDeathMt_D_L_01
-3.007569
-0.4350631
2.789004
2471.057
408.4477
-1921.438
1.0
FldObj_CliffDeathMt_C_01
-2.857593
0.5780949
-2.944458
2279.966
422.3714
-1878.96
1.2
LinkTagAnd
0
0
0
2329.908
324.0804
-1486.528
1.0
FldObj_CliffDeathMt_D_22_Far
-1.634239
-0.9389434
1.666588
2073.157
443.2422
-1603.135
1.0
RockBall
0
1.5
0
2150.5
358
-1504.5
0.5
FldObj_CliffDeathMt_E_12_Far
0
-1.54
0
2324.894
470.8172
-1930.804
1.0
LinkTagPulse
-3.106163
0.1800499
-3.128032
2314.037
294.4103
-1133.467
0.25
LinkTagAnd
0
0
0
2032.934
455.9171
-1373.487
1.0
Obj_RockDeathMt_D_L_01_Far
0.06290401
-0.3752173
1.129933
2399.043
236.6631
-1083.375
1.0
DestinationAnchor
0
2.185197
0
2721.979
285.4114
-1159.213
1.0
Obj_RockDeathMt_D_L_01
-0.08450326
0.06623687
-0.6441913
2316.188
402.4303
-1763.173
1.0
FldObj_DeathMtArtifactFlag_A_02_Far
2.979856
-0.396591
-2.616984
2419.571
258.2048
-1230.168
1.0
Area
0
1.085398
0
2168.833
497.7577
-1553.403
2
LinkTagOr
-0.1382327
-0.01799271
-0.2584687
2505.598
314.4701
-1304.62
1.0
FldObj_RockAkkare_A_01
0
0
0
2977.568
302.6884
-1271.818
1.0
Area
0
0.32
0
2363.443
235.7024
-1406.016
12
Npc_HiddenKorokFly
0
-1.939998
0
2273.799
431.7688
-1823.225
1.0
Obj_RockDeathMt_D_L_03_Far
-0.8533149
-0.9877034
-2.383056
2555.543
269.1754
-1228.165
1.1
LinkTagAnd
-0.2315132
0.9679878
-0.4873184
2267.027
349.8816
-1565.399
1.0
DgnObj_EntranceElevator_A_01
0
-0.4327975
0
2723.497
285.4116
-1166.075
1.0
FldObj_CliffDeathMt_D_19_Far
2.912391
1.015752
3.081963
2414.519
214.9813
-1338.333
0.8
FldObj_CliffDeathMt_D_10
1.617244
0.9245894
1.984563
2984.114
360.0263
-1902.019
1.0
FldObj_CliffDeathMt_D_15
0
0
0.05999999
2414.549
414.7
-1862.07
1.0
Area
0
1.14
0
2665.211
259.8672
-1580.746
25
LinkTagOr
0
0
0
2504.07
312.2115
-1308.27
1.0
FldObj_CliffDeathMt_D_11_Far
0
-2.183407
0
2281.258
249.1591
-1168.729
1.0
AnchorAction1
0
-1.06
0
2598.944
253.1321
-1138.203
1.0
Npc_HiddenKorokFly
0
3.101593
0
2424.331
253.6873
-1738.5
1.0
FldObj_CliffDeathMt_D_11_Far
-2.829136
1.107425
-2.93598
2643.339
244.9995
-1584.562
1.0
KorokAnswerResponce
0
0
0
2485.83
309.6121
-1399.578
1.0
Area
0
1.461593
0
2127.321
375.4531
-1508.205
5
FldObj_CliffDeathMt_D_06
2.938255
-1.019726
-2.947268
2763.369
297.797
-1811.235
1.0
RockBall
0
0.521593
0
2140.844
385.7813
-1454.563
1.2
LinkTagOr
0
0
0
2484.83
313.6746
-1399.578
1.0
DungeonBird_test
0
1.481593
0
2669.211
246.9513
-1575.746
1.0
KorokAnswerResponce
0.03805007
0.00118372
-0.06219155
2717.467
224.1048
-1748.624
1.0
Area
0
-1.939998
0
2266.666
428.7135
-1827.565
2.416099
FldObj_CliffDeathMt_C_01
-0.7755393
0.6238857
-0.06600951
1961.813
200.1366
-1173.263
1.0
Obj_RockDeathMt_D_L_01
-1.278344
-0.0546571
1.829752
2534.772
275.7754
-1436.607
1.0
Enemy_Bokoblin_Guard_Junior_TreeHouseTop
0
2.24
0
2031.5
453.3672
-1374.5
1.0
Area
0
1.883184
0
2477.574
311.2695
-1390.69
0.1
FldObj_CliffDeathMt_D_06_Far
-3.110939
0.5883934
-3.01974
2211.181
332.7111
-1542.384
1.0
Area
0
1.241593
0
2191.5
311
-1460
15
FldObj_DeathMtLavaFall_A_03
0
0.01187269
0
2344.761
465.3525
-1946.775
0.8
ActorObserverTag
0
0.260001
0
2751.459
233.728
-1369.477
2
Enemy_AirOctarock
0
-2.632391
0
2072.449
455.3831
-1400.601
1.0
FldObj_CliffDeathMt_D_06
-0.08726646
-3.045599
-0.07853982
2305.158
345.2345
-1731.837
1.0
LinkTagAnd
0
0
0
2026.52
454.5436
-1372.971
1.0
Obj_RockDeathMt_D_L_01
-0.8912203
0.294228
1.417218
2225.279
211.8795
-1314.689
1.0
Obj_BoardWood_Triangle_01
0
0.8296129
0
2027.288
424.4171
-1372.828
1.0
LinkTagOr
2.959353
-0.3495808
0.5864144
2318.643
298.0782
-1139.894
1.0
Area
0
1.56001
0
2673.512
345.0568
-1878.617
12
LinkTagOr
3.100306
0.3985099
3.063327
2703.407
228.0536
-1749.37
1.0
Obj_RockDeathMt_D_L_01
0
-1.62
0
2579.301
274.0247
-1354.474
1.0
LinkTagAnd
0
0
0
2031.514
402.0436
-1359.042
1.0
Enemy_Bokoblin_Senior
0
-2.521593
0
2101.27
400.0563
-1528.557
1.0
FldObj_DownloadTerminalBody_A_01
0
1.085398
0
2174.151
508.7294
-1556.781
1.0
Obj_RockDeathMt_D_L_01_Far
0
-0.66
0
2496.753
270.7161
-1241.628
1.0
FldObj_CliffDeathMt_D_06
-3.110939
0.5883934
-3.01974
2211.181
332.7111
-1542.384
1.0
LinkTagAnd
0
1.883184
0
2477.768
313.4195
-1391.067
1.0
LinkTagPulse
-0.1382327
-0.01799271
-0.2584687
2505.672
312.8113
-1304.39
0.25
FldObj_CliffDeathMt_D_22_Far
0.9897767
1.167277
1.154164
2508.467
277.5527
-1223.309
1.0
FldObj_CliffDeathMt_E_12_Far
2.925747
-1.39304
-2.691997
2380.022
474.5164
-1930.911
1.0
FldObj_CliffDeathMt_D_10
-0.06997164
-0.9615404
-0.07678143
2935.453
353.6093
-1420.987
1.0
FldObj_CliffDeathMt_D_06
0.1090265
0.07600811
-0.02436493
2365.212
325.3595
-1797.274
1.0
FldObj_CliffDeathMt_D_10
1.739251
1.141409
2.29356
2958.267
410.2021
-2025.109
1.0
FldObj_CliffDeathMt_D_18
0
0
0
2636.33
357.6183
-1857.828
1.0
LinkTagOr
-3.103262
0.3800308
-3.127225
2314.563
296.016
-1133.531
1.0
LinkTagAnd
0
-0.4327975
0
2721.297
297.9114
-1164.889
0.6
LinkTagOr
-1.570796
0
0
2483.83
313.6746
-1399.578
1.0
LinkTagOr
0
2.599999
0
2403.843
328.6665
-1615.658
1.0
Enemy_Guardian_A
0
0
0
2287.183
431.3643
-1774.631
1.0
LinkTagOr
0
0
0
2182.881
228.9602
-1280.517
1.0
Area
0
0
0
2701.086
225.3656
-1749.068
0.1
ForceSetPosDirAutoSaveAnchor
0
-2.001592
0
2671.408
247.912
-1577.788
1.0
Obj_RockSetWhite_A_L_01_Far
-3.053884
-0.1553698
1.381827
1960.373
216.5893
-1234.706
1.0
FldObj_CliffDeathMt_D_16_Far
0
0.6108652
0
2353.578
224.7188
-1374.8
1.0
LocationTag
0
0
0
2665.211
259.8672
-1580.746
1.0
Obj_RockSetWhite_A_L_01
1.457286
0.9875178
3.103427
1921.318
216.8628
-1223.354
1.0
SwitchTimeLag
1.570796
1.258409
3.141593
2477.768
314.4195
-1391.067
0.5
Area
0
1.883184
0
2477.961
311.2695
-1391.445
0.1
AirOcta_Tag
0
2.079998
0
2074.278
456.7566
-1393.885
1.0
Obj_RockDeathMt_D_L_01
0.06290401
-0.3752173
1.129933
2399.043
236.6631
-1083.375
1.0
FldObj_CliffDeathMt_D_15_Far
-1.587598
-1.077874
0.9965233
2975.871
386.7784
-1561.371
1.0
FldObj_KorokTarget_A_01
0
-1.939998
0
2367.094
462.2063
-1788.303
1.0
LinkTagOr
0
2.599999
0
2409.413
326.6665
-1612.307
1.0
ActorObserverTag
0
0
0
2182.881
227.9602
-1280.517
1.0
LinkTagAnd
0
0
0
2717.624
283.5408
-1162.741
1.0
FldObj_CliffDeathMt_D_14
0
0.6599998
0
2600.17
213.3976
-1307.475
1.0
Enemy_AirOctarock
0
-1.064782
0
2047.846
476.5748
-1361.407
1.0
AnchorAction1
0
-0.8199993
0
2605.875
253.8582
-1136.554
1.0
Obj_LiftRockEldin_A_01
-0.05206867
-0.00356111
-0.1365419
2668.798
290.8805
-1638.681
1.0
ActorObserverTag
0
-0.03999976
0
2426.46
253.6873
-1741.668
2
FldObj_CliffDeathMt_D_07_Far
0
0.6981317
0
2353.9
248.7169
-1150.5
1.0
LinkTagAnd
0
-0.5415938
0
2406.842
331.1665
-1613.853
1.0
FldObj_CliffDeathMt_D_11_Far
0
0.4399999
0
2782.453
470.3207
-1979.086
0.8
FldObj_CliffDeathMt_D_24_Far
0
0.6981317
0
2280.71
271.1873
-1456.98
1.0
LinkTagAnd
0
0
0
2683.979
348.509
-1895.194
1.0
LinkTagAnd
0
1.085398
0
2175.565
508.6996
-1555.408
0.5
FldObj_CliffDeathMt_D_04_Far
0
-0.8799999
0
1980.722
508.8775
-1927.838
1.0
SoundProxyLavafallS
0.5067678
1.193722
0.3022258
2315.598
442.3765
-1891.341
1.0
LinkTagAnd
0
0
0
2114.5
404
-1505
1.0
ActorObserverTag
0
0.260001
0
2749.526
233.728
-1368.963
2
Area
0
0.5600001
0
2179.18
486.6172
-1560.016
2.75
Obj_RockSetWhite_A_L_01_Far
-1.015756
-0.8890448
2.63289
1928.498
216.8628
-1239.995
1.0
LinkTagAnd
0
1.085398
0
2175.169
508.6996
-1563.84
1.0
FldObj_CliffDeathMt_D_08
0
0
0
2184.311
416.89
-1599.45
1.0
TwnObj_StableHostel_A_01_Far
0
-0.8199993
0
2613.332
253.3582
-1143.513
1.0
LinkTagAnd
0
0
0
2717.624
283.5408
-1162.741
1.0
SwitchTimeLag
0
0
0
2683.979
348.509
-1895.194
1.0
FldObj_CliffDeathMt_D_10
-0.2658938
0.2837188
-0.2803488
2642.404
461.0903
-1963.667
1.0
AnchorWander_Rain
0
-0.9599311
0
2611.491
253.8482
-1145.705
1.0
LinkTagAnd
0
0
0
2120.5
325
-1340
1.0
Area
0
-0.03999976
0
2424.381
250.8873
-1739.749
1.2
EventTag
0
-0.9563962
0
2722.797
285.4114
-1159.79
0.6
Obj_RockDeathMt_D_L_03_Far
0
2.179999
0
2363.707
374.9469
-1788.004
1.0
LinkTagAnd
0
1.085398
0
2175.565
508.6996
-1555.408
0.5
FldObj_CliffDeathMt_C_01_Far
-0.242985
-0.1553763
0.03834153
2769.233
255.3314
-1648.243
1.0
LinkTagOr
0
0
0
2408.695
264.844
-1229.951
1.0
AirOcta_Tag
0
-0.541183
0
2032.934
455.9171
-1373.487
1.0
Enemy_Bokoblin_Senior
0
1.921592
0
2640.924
304.1685
-1630.57
1.0
FldObj_CliffDeathMt_D_06
0
0
0
2271.541
289.8204
-1581.985
1.0
FldObj_CliffDeathMt_D_22
0.9897767
1.167277
1.154164
2508.467
277.5527
-1223.309
1.0
FldObj_DeathMtArtifactFlag_A_02
-0.4318004
0.4670368
-0.9971862
2358.245
274.5121
-1507.617
1.0
LinkTagAnd
0
0
0
2722.797
285.4116
-1159.79
1.0
Enemy_Chuchu_Fire_Junior
0
0
0
2333.031
248.6741
-1456.523
1.0
FldObj_KorokTarget_A_01
0
0
0
2408.195
263.344
-1229.951
1.0
FldObj_CliffDeathMt_F_03_Far
0
0.78
0
2148.026
307.2612
-1403.271
1.0
LinkTagOr
-0.03657603
0.001245967
0.06809636
2441.466
259.9335
-1241.822
1.0
Obj_RockDeathMt_D_L_01_Far
0
-0.4199999
0
2141.045
426.9677
-1709.824
1.0
AnchorAction2_Rain
0
-0.92
0
2618.794
253.8482
-1140.41
1.0
Obj_RockDeathMt_D_L_01
0.3523529
0.3250156
0.3115941
2581.299
264.7745
-1278.511
1.0
FldObj_CliffDeathMt_D_06
0
3.054326
0
2653.634
246.4698
-1515.782
1.0
FldObj_CliffDeathMt_D_10
-0.066361
0.914727
0.2562144
2554.434
223.2609
-1735.798
1.0
FldObj_CliffDeathMt_D_06_Far
0
3.054326
0
2653.634
246.4698
-1515.782
1.0
Area
1.459999
1.22173
0
2293.667
456.4529
-1899.324
1.0
Enemy_Bokoblin_Senior
0
-0.4999999
0
2663.37
300.3269
-1630.558
1.0
KorokAnswerResponce
0
0
0
2748.545
297.2069
-1676.283
1.0
FldObj_RockAkkare_A_01
0.4547325
-0.1593621
-0.776945
2954.435
285.0869
-1283.052
1.0
Area
0
1.085398
0
2174.151
469.0841
-1556.781
1.0
FldObj_CliffDeathMt_E_18
0
0
0
2352.648
512.097
-2066.033
1.0
LinkTagAnd
0
0
0
2635
361.5
-1890.5
1.0
Obj_RockDeathMt_D_L_01
-2.92718
0.03514306
-2.490085
2643.407
226.6106
-1327.958
1.0
Area
0
-1.550803
0
2174.375
486.6172
-1550.815
2.75
FldObj_CliffDeathMt_D_04
0
-0.8799999
0
1980.722
508.8775
-1927.838
1.0
Enemy_Chuchu_Fire_Junior
0
2.2
0
2461.75
400.6909
-1844.971
1.0
FldObj_CliffDeathMt_D_16
-0.4256986
-0.7732857
0.3067184
2188.083
437.1472
-1686.683
0.85
SoundProxyLavafallS
0.2860254
0.507825
0.1257526
2267.84
440.9741
-1854.508
0.8
LinkTagAnd
-0.1382327
-0.01799271
-0.2584687
2504.631
314.7257
-1304.637
1.0
Obj_RockDeathMt_D_L_01_Far
0
0
0
2470.04
217.6744
-1336.574
1.0
Obj_RockSetWhite_A_L_01
-1.055418
-0.2629938
-2.872637
2227.452
222.9703
-1102.485
1.0
KorokAnswerResponce
0
-1.939998
0
2272.717
435.7688
-1820.427
0.5
LinkTagOr
0
0
0
2272.517
343.2002
-1579.535
1.0
Obj_RockDeathMt_D_L_01
0.9368264
0.3575855
0.7738873
2386.142
348.2581
-1824.693
1.0
LookTag
0
-0.4327975
0
2719.094
284.4114
-1156.543
1.0
FldObj_CliffDeathMt_D_22
-2.920213
0.5098286
-2.612721
2242.411
417.6414
-1737.816
1.0
Area
0
1.601592
0
2173.828
472.1172
-1562.651
2.75
FldObj_CliffDeathMt_D_06
0.3272444
-1.078626
0.001803421
2456.585
574.3511
-2144.558
1.2
FldObj_CliffDeathMt_F_01_Far
0
0.3399901
0
2035.102
302.2699
-1361.842
1.0
SwitchTimeLag
-1.570796
-0.03999976
0
2423.422
256.6873
-1740.789
0.5
LinkTagAnd
0
1.085398
0
2189.275
434.5474
-1591.929
1.0
Obj_RockDeathMt_D_L_03_Far
-0.155017
-1.386253
-2.699464
2662.92
581.2413
-2068.477
1.0
FldObj_CliffDeathMt_E_14
0
-1.26
0
2690.833
261.2878
-1082.542
1.0
Enemy_AirOctarock
0
2.400409
0
2033.085
426.0436
-1376.679
1.0
LinkTagAnd
0
1.14
0
2670.036
247.912
-1576.878
0.3
LinkTagAnd
0
0
0
2665.211
259.8672
-1580.746
1.0
LinkTagAnd
0
-0.6200001
0
2186
324.5
-1464.5
1.0
FldObj_CliffDeathMt_C_01_Far
-0.3349065
0.4828627
-0.6431969
2565.38
197.3437
-1065.568
1.0
FldObj_CliffDeathMt_D_16
0
0.6108652
0
2353.578
224.7188
-1374.8
1.0
Enemy_Bokoblin_Guard_Middle_TreeHouseTop
0
-0.6384124
0
2637.284
304.2287
-1618.573
1.0
FldObj_CliffDeathMt_D_06_Far
0
0
0
2271.541
289.8204
-1581.985
1.0
FldObj_CliffDeathMt_C_04_Far
-0.05999999
-0.72
0
2274.692
442.1395
-1958.999
1.0
Area
1.459999
0.5235988
0
2258.505
452.2352
-1870.677
1.0
Obj_RockDeathMt_D_L_03_Far
-0.06752326
0.2535288
0.04918271
2421.906
408.618
-1887.209
1.0
FldObj_CliffDeathMt_D_06
0
-1.48353
0
2694.41
236.88
-1669.32
1.0
FldObj_CliffDeathMt_D_22_Far
-2.858913
-0.9440012
2.815796
2484.704
244.6042
-1126.235
1.0
LinkTagAnd
0
0
0
2339.848
259.4622
-1472.086
1.0
FldObj_CliffDeathMt_D_08
0
0.1745329
0
2442.02
207.88
-1556.86
1.0
FldObj_LavaPlane_A_01
0
0.01187347
0
2337.883
503.7571
-2113.027
1.0
Obj_RockDeathMt_D_L_01_Far
-0.08450326
0.06623687
-0.6441913
2316.188
402.4303
-1763.173
1.0
LinkTagAnd
-0.03657603
0.001245967
0.06809636
2440.469
259.8655
-1241.82
1.0
Obj_RockDeathMt_D_L_01_Far
0
2.158409
0
2470.018
257.6743
-1795.906
1.0
FldObj_CliffDeathMt_F_02
0.1408777
-0.1192053
-0.01042984
1915.317
327.3418
-1393.449
1.0
LinkTagOr
-0.2315132
0.9679878
-0.4873184
2267.528
349.6162
-1566.223
1.0
FldObj_CliffDeathMt_D_08_Far
0
0.1745329
0
2442.02
207.88
-1556.86
1.0
FldObj_ScaffoldIron_A_01
0
0
0
2649.571
290.4963
-1628.73
1.0
Enemy_Chuchu_Fire_Junior
0
0.6399999
0
2330.5
248.2823
-1448.5
1.0
RockBall
0
-0.7199997
0
2072.023
357.4457
-1370
1.2
LinkTagAnd
0
0
0
2665.211
259.8672
-1580.746
1.0
Enemy_AirOctarock
0
-2.039246
0
2031.514
402.0436
-1359.042
1.0
FldObj_CliffDeathMt_D_07
2.952979
-1.043885
-3.046799
2928.759
337.1148
-1529.653
1.0
FldObj_CliffDeathMt_D_21
-0.4399998
0
0
2463.947
231.0302
-1167.404
1.0
LinkTagAnd
0
0
0
2671.498
247.9121
-1580.058
1.0
LinkTagAnd
0
0
0
2074.278
456.7566
-1393.885
1.0
ActorObserverTag
0
0
0
2701.036
226.5156
-1749.118
1.0
FldObj_CliffDeathMt_D_19_Far
0
-1.28
-0.5000001
2312.204
495.3333
-2007.23
1.0
DgnObj_DungeonEntrance_A_01
0
1.14
0
2665.211
246.912
-1580.746
1.0
LinkTagAnd
0
0
0
2407.695
264.844
-1229.951
1.0
Obj_RockDeathMt_D_L_01
-2.43633
0.8576627
-2.420516
2673.698
220.5838
-1460.996
1.0
Obj_RockDeathMt_D_L_03
3.141593
-0.9400001
-2.961593
2401.198
423.3917
-1885.823
1.0
FldObj_CliffDeathMt_D_07
0
0
0
2195.65
366.65
-1592.85
1.0
FldObj_CliffDeathMt_D_19
0
-1.28
-0.5000001
2312.204
495.3333
-2007.23
1.0
LinkTagAnd
0
1.601608
0
2646.894
352.1531
-1875.999
1.0
FldObj_CliffDeathMt_D_06
0.06860097
0.1138215
-0.4446046
2844.545
281.9479
-1584.918
1.0
FldObj_CliffDeathMt_F_02_Far
0.01931668
0.1588396
0.1215374
2690.74
552.3246
-2067.132
1.0
LinkTagOr
-1.147627
0.2521612
0.3872893
2483.83
311.1121
-1399.578
1.0
FldObj_CliffDeathMt_D_19_Far
1.940699
0.1175465
3.131426
2418.485
455.0153
-1908.132
1.0
Area
0
-0.8199993
0
2613.332
253.3582
-1143.513
40
TBox_Field_Iron
0
-2.281584
0
2054.286
475.6783
-1363.959
1.0
Area
0
1.085398
0
2174.151
507.7231
-1556.781
15
FldObj_CliffDeathMt_D_11
-0.5520245
0.7512442
0.07414556
2470.575
204.2962
-1047.556
1.0
FldObj_KorokStone_A_01
0
0
0
2700.786
224.5156
-1749.368
1.0
Npc_DeathEastHatago_001
0
-0.84
0
2607.233
253.8482
-1137.912
1.0
FldObj_CliffDeathMt_D_06
3.0654
-0.3661893
-3.033091
2520.416
239.9298
-1431.079
1.0
LinkTagAnd
0
0
0
2033.085
426.0436
-1376.679
1.0
FldObj_CliffDeathMt_D_07_Far
0
-0.6218684
0.28
2227.369
208.092
-1420.422
1.0
LinkTagAnd
0
2.66
0
2164.302
485
-1561.99
1.0
FldObj_CliffDeathMt_D_19_Far
0
0.9599999
0
2501.739
247.8523
-1722.24
0.8
Obj_RockSetWhite_A_L_01
-1.015756
-0.8890448
2.63289
1928.498
216.8628
-1239.995
1.0
Npc_DeathMt001
0
1.9
0
2620.402
253.8682
-1144.948
1.0
FldObj_CliffDeathMt_D_11
0
0
0
2766.35
245.22
-1610.74
1.0
SwitchTimeLag
-1.570796
0.260001
0
2750.75
236.728
-1368.254
0.5
DgnObj_WarpPoint_A_01
0
1.14
0
2673.566
247.875
-1576.906
1.0
Area
0
0.84
0
2161.273
333.7109
-1488.625
5
LinkTagAnd
0
0
0
2057.496
476.5436
-1371.83
1.0
Npc_HiddenKorokGround
0
1.36159
0
2179.551
226.3402
-1282.035
1.0
FldObj_CliffDeathMt_D_19
2.912391
1.015752
3.081963
2414.519
214.9813
-1338.333
0.8
Enemy_Bokoblin_Guard_Junior_TreeHouseTop
0
0.6399999
0
2027.485
424.6656
-1373.006
1.0
Area
0
9.877192E-08
0
2390.914
226.125
-1316.347
80
Area
0
1.72159
0
2310
258.5081
-1505
16.63988
FldObj_CliffDeathMt_D_14_Far
-0.1429445
0.7950764
-0.07837972
2531.032
260.3688
-1399.009
1.0
FldObj_CliffDeathMt_D_11_Far
-1.230634
-1.397951
0.7157844
2825.622
249.9778
-1485.04
1.0
ActorObserverTag
0
1.883184
0
2478.083
312.4195
-1390.906
1.0
LinkTagAnd
0
0
0
2613.332
253.3582
-1143.513
1.0
Obj_LiftRockEldin_A_01
-0.03657603
0.001245967
0.06809636
2441.144
257.3073
-1241.726
1.0
TwnObj_City_GoronSignboard_B_01
0
0.62
0
2434.555
220.835
-1210.921
1.0
ActorObserverTag
0
0
0
2183.881
227.9602
-1280.517
1.0
SwitchTimeLag
0
0
0
2629.133
361.6947
-1890.922
1.0
Obj_RockDeathMt_D_L_01_Far
0.7220364
-1.189514
-1.114697
2700.042
228.4799
-1801.67
1.0
Enemy_Chuchu_Fire_Junior
0
0.5600001
0
2632.695
359.2169
-1892.457
1.0
FldObj_CliffDeathMt_D_07
-2.992008
-0.6862
2.90807
2715.479
216.9746
-1125.424
1.0
FldObj_CliffDeathMt_D_06
0.1273206
1.229158
0.2352703
2462.189
347.9376
-1853.727
1.0
LinkTagAnd
0.5424658
0.2434852
-0.8121954
2443.072
258.4403
-1241.765
1.0
FldObj_KorokStone_A_01
0
1.883184
0
2477.775
310.4195
-1391.067
1.0
FldObj_CliffDeathMt_D_06_Far
2.938255
-1.019726
-2.947268
2763.369
297.797
-1811.235
1.0
DgnObj_EntranceTerminal_A_01
0
-0.9563962
0
2722.797
285.4116
-1159.79
1.0
Area
0
1.5
0
2176
314.5
-1477.5
0.5
Obj_RockSetWhite_A_L_01_Far
0.08612455
0.1556689
1.759521
2021.225
216.5893
-1153.424
1.0
Obj_RockDeathMt_D_L_03
-0.06752326
0.2535288
0.04918271
2421.906
408.618
-1887.209
1.0
Area
0
1.085398
0
2174.151
509.5474
-1556.781
40
FldObj_KorokGoal_A_01
0
2.599999
0
2407.271
326.6665
-1613.596
1.0
Obj_LiftRockEldin_Korok_A_01
0
0
0
2182.881
225.7602
-1280.517
1.0
Enemy_Guardian_A
0
0
0
2396.5
255.3916
-1633
1.0
LinkTagAnd
0
0
0
2114.5
404
-1510
1.0
Enemy_Chuchu_Fire_Junior
0
0.3000001
0
2633.691
359.8777
-1893.23
1.0
LinkTagAnd
0
0.5600001
0
2183.613
485
-1562.679
1.0
DgnObj_WarpPoint_A_01
0
1.085398
0
2182.112
508.6996
-1552.582
1.0
FldObj_CliffDeathMt_D_10_Far
-0.2658938
0.2837188
-0.2803488
2642.404
461.0903
-1963.667
1.0
FldObj_CliffDeathMt_D_10
-0.1543828
-1.196752
-0.1851435
2846.681
385.038
-1778.822
1.0
FldObj_CliffDeathMt_D_11_Far
0
-2.09614
0
2585.26
244.1243
-1484.218
1.0
FldObj_CliffDeathMt_D_26_Far
-3.057999
-0.3318143
2.975036
2419.493
241.5334
-1228.354
1.2
FldObj_DeathMtLavaFall_A_03_Far
0
0.01187269
0
2344.761
465.3525
-1946.775
0.8
LinkTagAnd
0
0
0
2409.695
266.344
-1229.951
2
Enemy_Bokoblin_Senior
0
-1.941592
0
2665.484
300.366
-1619.609
1.0
FldObj_CliffDeathMt_C_01
0.340729
-0.2312317
-0.533049
2345.704
403.5325
-1807.748
1.0
FldObj_CliffDeathMt_D_16_Far
-0.4256986
-0.7732857
0.3067184
2188.083
437.1472
-1686.683
0.85
FldObj_CliffDeathMt_D_10_Far
0
0.07999999
0
2516.644
465.1747
-1933.817
1.0
LinkTagAnd
0
0
0
2047.846
476.5748
-1361.407
1.0
Enemy_Chuchu_Fire_Junior
0
-0.01840951
0
2315.297
254.068
-1515.509
1.0
FldObj_CliffDeathMt_F_02
0.01931668
0.1588396
0.1215374
2690.74
552.3246
-2067.132
1.0
FldObj_DeathMtRuinGuardian_A
0
0
0.22
2334.72
251.5452
-1472.429
1.0
LinkTagOr
0
-0.5415938
0
2407.699
331.1665
-1613.338
1.0
LinkTagAnd
0
0.6215926
0
2126
401
-1503.5
1.0
Obj_RockSetWhite_A_L_01
-3.053884
-0.1553698
1.381827
1960.373
216.5893
-1234.706
1.0
LinkTagAnd
0
0
0
2032.934
452.9171
-1373.487
1.0
Area
0
0
0
2700.486
225.3656
-1749.667
0.1
FldObj_CliffDeathMt_D_11_Far
-0.3892084
-0.5916666
0.1754056
2573.058
211.57
-1057.186
1.0
Area
2.903186
0.01187269
0
2344.82
459.3898
-1941.826
1.0
Obj_RockDeathMt_D_L_01_Far
-0.8912203
0.294228
1.417218
2225.279
211.8795
-1314.689
1.0
FldObj_CliffDeathMt_C_01_Far
0
-1.44
0
2443.218
531.937
-1992.03
1.0
PosAfterDemoSkip
0
-2.001592
0
2671.408
247.912
-1577.788
1.0
FldObj_CliffDeathMt_D_14
0.01346928
1.459427
0.393354
2482.063
213.7746
-1600.464
1.0
EnemyChatFortMgrTag
0
0.6200001
0
2098.946
399.8488
-1531.813
1.0
LinkTagAnd
0
0
0
2054.286
475.6783
-1363.959
1.0
RockBall
0
1.741583
0
2017.087
445.5234
-1498.997
1.1
LinkTagAnd
0
0
0
2019.802
426.0748
-1371.648
1.0
FldObj_CliffDeathMt_D_06_Far
3.0654
-0.3661893
-3.033091
2520.416
239.9298
-1431.079
1.0
Obj_RockDeathMt_D_L_03
0
2.179999
0
2363.707
374.9469
-1788.004
1.0
Obj_RockSetWhite_A_L_01_Far
2.299939
1.103745
0.4919075
2037.389
218.394
-1123.549
1.0
LinkTagOr
0
-2.881592
0
2751.811
236.228
-1366.208
1.0
FldObj_CliffDeathMt_D_06
0
-2.530727
0
2273.392
299.922
-1621.891
1.0
LinkTagAnd
0
0
0
2036.705
400.4171
-1355.239
1.0
Obj_BoardWood_Triangle_01
0
1.291413
0
2054.022
474.9171
-1365.799
1.0
FldObj_KorokStartingBlock_A_01
-3.044912
0.553731
-2.950623
2330.109
322.6494
-1486.408
1.0
FldObj_CliffDeathMt_C_01_Far
-2.857593
0.5780949
-2.944458
2279.966
422.3714
-1878.96
1.2
FldObj_SkullRockBroken_A_01
-0.8284083
1.119132
-0.9393215
2264.367
422.6998
-1827.992
1.0
FldObj_CliffDeathMt_D_07
0
-0.6218684
0.28
2227.369
208.092
-1420.422
1.0
FldObj_CliffDeathMt_E_12_Far
-0.2125203
-0.6392519
0.2993363
2352.488
282.9124
-1065.186
1.0
FldObj_CliffDeathMt_D_19_Far
0
0
0
2503.9
382.3637
-1857.96
1.0
DestinationAnchor
0
2.400003
0
2604.181
253.9013
-1134.97
1.0
Area
0
-2.570802
0
2169.212
472.1172
-1553.573
2.75
LinkTagAnd
0
0
0
2182.083
229.919
-1279.125
1.0
Area
0
1.281592
0
2134.305
370.2578
-1508.748
4
FldObj_CliffDeathMt_E_12
0.1228542
-0.2024015
0.2129841
2043.118
395.0617
-1509.802
1.2
FldObj_CliffDeathMt_D_10_Far
-0.06997164
-0.9615404
-0.07678143
2935.453
353.6093
-1420.987
1.0
Obj_RockDeathMt_D_L_01
0
2.158409
0
2470.018
257.6743
-1795.906
1.0
LinkTagOr
0
2.599999
0
2331.695
324.3832
-1487.968
1.0
FldObj_CliffDeathMt_D_15_Far
0
0
0.05999999
2414.549
414.7
-1862.07
1.0
LinkTagAnd
0
0
0
2088
356.2773
-1402.5
1.0
LinkTagNAnd
0
1.14
0
2667.655
260.412
-1581.274
0.6
LinkTagOr
-1.532746
0.00118372
-0.06219155
2715.723
228.2808
-1748.467
1.0
LinkTagOr
0
2.599999
0
2331.695
323.3832
-1487.968
1.0
FldObj_CliffDeathMt_D_19_Far
2.161592
0.05840738
3.141593
2587.67
385.4333
-1901.914
1.0
Obj_RockSetDeathMt_C_04
-0.03296284
0.4082831
-0.1360118
2421.225
222.3429
-1320.264
1.0
Obj_RockSetDeathMt_C_04
-0.03810846
0.0526643
0.1911872
2369.375
222.8085
-1355.041
1.0
FldObj_CliffDeathMt_E_18_Far
-0.4466378
-0.1307277
-0.2019096
2386.435
442.9709
-1903.297
1.0
FldObj_CliffDeathMt_D_06_Far
2.919261
1.018718
2.992125
2415.978
470.8595
-1946.93
1.0
EnemyLookTag
0
1.34
0
2613.642
254.7142
-1312.167
1.0
SwitchTimeLag
0
0
0
2633
361.5
-1889
1.0
AnchorAction1_Rain
0
-0.9599311
0
2611.374
253.8482
-1145.869
1.0
SwitchTimeLag
-1.570796
0
0
2182.083
230.919
-1279.125
0.5
FldObj_CliffDeathMt_D_06
0
3.577925
0
2571.08
223.1173
-1267.837
1.0
Area
0
0.84
0
2176
324
-1477.5
10
LinkTagAnd
0
-1.550803
0
2174.381
485
-1545.644
1.0
Npc_HiddenKorokGround
0
-2.941593
0
2478.573
313.4195
-1391.592
1.0
Npc_Musician_010
0
-1.34
0
2602.213
253.4694
-1138.631
1.0
LinkTagAnd
0
0
0
2113.5
329.1165
-1373
1.0
Enemy_Chuchu_Fire_Junior
0
0.03999997
0
2634.84
358.8846
-1893.302
1.0
FldObj_CliffDeathMt_F_03_Far
0
0
0
2497.156
539.6378
-2072.36
1.0
FldObj_CliffDeathMt_D_22
-1.634239
-0.9389434
1.666588
2073.157
443.2422
-1603.135
1.0
AnchorAction1
0
-0.5199994
0
2610.397
253.2492
-1124.884
1.0
Obj_RockDeathMt_D_L_01_Far
0
-1.62
0
2579.301
274.0247
-1354.474
1.0
Area
0
-0.8799999
0
2132.5
265.5
-1317
20
LinkTagPulse
-0.2315132
0.9679878
-0.4873184
2267.317
347.9658
-1566.427
0.25
FldObj_CliffDeathMt_D_22_Far
0
0.5235988
0
2351.92
253.28
-1498.73
1.0
FldObj_KorokPinwheel_A_01
-0.4
0
0
2268.772
429.0094
-1828.279
1.0
FldObj_CliffDeathMt_D_11
0
-2.09614
0
2585.26
244.1243
-1484.218
1.0
ActorObserverTag
0
0
0
2744.714
295.2588
-1674.127
1.0
FldObj_CliffDeathMt_D_14_Far
0
1.24
-0.38
2831.75
462.2146
-2030.259
1.0
Obj_RockSetDeathMt_C_04
-0.259005
0.6579741
-0.4088617
2404.349
224.153
-1374.892
1.0
FldObj_CliffDeathMt_D_06_Far
0
-2.530727
0
2273.392
299.922
-1621.891
1.0
LinkTagNone
0
0
0
2675.329
309.8127
-1635.588
1.0
FldObj_CliffDeathMt_D_08_Far
0
0
0
2184.311
416.89
-1599.45
1.0
Obj_RockSetWhite_A_L_01
2.299939
1.103745
0.4919075
2037.389
218.394
-1123.549
1.0
LinkTagAnd
0
-0.4327975
0
2719.619
285.4114
-1161.258
0.3
LinkTagAnd
0
0
0
2700.786
227.5156
-1749.368
1.0
AirOcta_Tag
0
-1.253848
0
2036.705
403.4171
-1355.239
1.0
FldObj_DeathMtArtifactFlag_A_02_Far
1.376347
1.065892
1.604995
2075.758
464.1059
-1601.492
0.7
EventTag
0
1.085398
0
2174.151
508.7294
-1556.781
1.0
Obj_RockDeathMt_D_L_01_Far
-3.007569
-0.4350631
2.789004
2471.057
408.4477
-1921.438
1.0
LinkTagAnd
0
1.601592
0
2173.767
470.5
-1567.821
1.0
LinkTagAnd
0
0
0
2031.5
453.3672
-1374.5
1.0
LinkTagAnd
0
-0.6200001
0
2200.5
325.5
-1475.5
1.0
LinkTagAnd
-3.103262
0.3800308
-3.127225
2315.491
296.0293
-1133.161
1.0
Obj_RockDeathMt_D_L_01_Far
0
-0.4568147
0
2467.785
215.6496
-1455.989
1.0
FldObj_CliffDeathMt_D_08
0
-2.792527
0
2632
252.7951
-1670.023
1.0
FldObj_CliffDeathMt_D_06
0
3.403392
0
2346.3
199.6251
-1501.712
1.0
Obj_RockDeathMt_D_L_01
0.7220364
-1.189514
-1.114697
2700.042
228.4799
-1801.67
1.0
LinkTagAnd
0
-1.261594
0
2750.914
296.2672
-1676.384
1.0
SwitchTimeLag
0
0
0
2630.5
361.5
-1889
1.0
Obj_BreakBoxIron
0.5506948
-1.489098
-0.5274861
2191.149
447.1227
-1640.833
1.0
LinkTagAnd
0
-0.6200001
0
2205.5
329.5
-1463.5
1.0
LinkTagAnd
0
-1.939998
0
2272.621
438.1361
-1824.865
2
LinkTagOr
0
0
0
2600.299
253.3673
-1139.981
1.0
Enemy_AirOctarock
0
-1.526582
0
2019.802
426.0748
-1371.648
1.0
SoundProxyLavafallS
0
1.22173
0
2315.598
442.3765
-1891.341
1.0
FldObj_MapTowerStairWood_A_01
0
2.66
0
2174.051
485
-1556.895
1.0
Obj_RockDeathMt_D_L_03
0
0
-3.100001
2319.334
307.0764
-1127.639
1.0
LinkTagAnd
0
0
0
2333.031
248.6741
-1453.523
1.0
FldObj_CliffDeathMt_E_12_Far
3.042339
0.141105
3.016473
2838.893
272.7733
-1470.657
1.3
LinkTagNone
0
0
0
2611.695
254.7055
-1312.625
1.0
Area
0
1.241593
0
2217
287
-1437
15
FldObj_KorokStoneLift_A_01
0.23365
-0.02941623
0.05668691
2735.69
221.6067
-1724.1
1.0
WallCrack
0
0.3199999
0
2634.784
357.4275
-1893.498
1.0
FldObj_CliffDeathMt_D_22
0
0.5235988
0
2351.92
253.28
-1498.73
1.0
Obj_RockDeathMt_D_L_01
-1.219043
-0.07203905
-1.598125
2275.163
439.9713
-1700.964
1.0
FldObj_CliffDeathMt_D_06_Far
0
2.094395
0
2343.546
252.94
-1226.317
1.0
DgnObj_DungeonEntrance_A_01_Far
0
1.14
0
2665.211
246.912
-1580.746
1.0
DgnObj_EntranceElevator_A_01
0
1.14
0
2665.211
247.9121
-1580.746
1.0
Obj_RockDeathMt_D_L_01_Far
3.093901
-0.7925443
1.457187
2126.368
223.5122
-1253.65
1.0
FldObj_RuinGuardianArm_A_01
-0.4917424
0.008763545
0.007816155
2336.729
251.9487
-1473.951
1.0
FldObj_CliffDeathMt_F_03_Far
0
0
0
2139.169
482.4045
-1867.187
1.0
FldObj_CliffDeathMt_D_06_Far
0
-1.48353
0
2694.41
236.88
-1669.32
1.0
Area
-3.14
0.5235988
0
2266.361
430.8022
-1857.069
1.0
Enemy_Chuchu_Fire_Middle
0
2.2
0
2456.453
401.1462
-1852.248
1.0
FldObj_KorokStoneLift_A_01
-3.141004
0.4694951
-3.140675
2479.015
306.9505
-1425.082
1.0
LinkTagAnd
0
0
0
2423.422
256.6873
-1740.789
1.0
LinkTagAnd
0
0
0
2174.151
438.8669
-1556.781
1.0
FldObj_CliffDeathMt_D_06
2.919261
1.018718
2.992125
2415.978
470.8595
-1946.93
1.0
LinkTagAnd
0
0
0
2273.438
437.7688
-1822.292
1.0
FldObj_CliffDeathMt_D_11
-3.138723
0.5815193
-3.080064
2641.366
218.1966
-1200.021
1.0
FldObj_MapTowerStairWood_A_01_Far
0
-0.4999998
0
2174.234
470.5
-1556.754
1.0
LinkTagAnd
0
0.6215926
0
2118.5
397
-1503.5
1.0
LinkTagAnd
0
0
0
2700.786
228.5156
-1749.368
1.0
Enemy_AirOctarock
0
0.04421469
0
2026.52
426.0436
-1366.439
1.0
Area
0
0.6399999
0
2330.5
248.2823
-1448.5
12
LinkTagOr
0
0.260001
0
2751.459
236.728
-1369.477
1.0
Obj_RockDeathMt_D_L_03_Far
2.957732
-0.5127026
-3.050625
2433.833
407.094
-1890.616
1.0
LinkTagAnd
0
0
0
2027.288
424.4171
-1372.828
1.0
Npc_HiddenKorokFly
0
-2.881592
0
2752.294
233.728
-1366.336
1.0
LinkTagOr
0
-1.939998
0
2269.823
438.6361
-1825.947
2
LinkTagOr
0
0
0
2484.83
315.6121
-1399.578
1.0
LinkTagAnd
0
0
0
2039.348
402.0748
-1362.341
1.0
FldObj_CliffDeathMt_F_02_Far
-0.1640202
0.09672797
0.2381675
2880.984
400.9207
-1778.543
1.0
AnchorAction1_Rain
0
-0.9690657
0
2615.144
253.8482
-1135.453
1.0
ActorObserverTag
0
0
0
2701.036
226.5156
-1749.618
1.0
RockBall
0
-1.26
0
2076.5
359.5
-1393.5
1.0
DestinationAnchor
0
-2.525191
0
2672.076
247.912
-1579.242
1.0
FldObj_CliffDeathMt_D_10_Far
1.617244
0.9245894
1.984563
2984.114
360.0263
-1902.019
1.0
LinkTagAnd
0
-2.881592
0
2752.778
236.228
-1366.465
1.0
Obj_RockDeathMt_D_L_01
3.093901
-0.7925443
1.457187
2126.368
223.5122
-1253.65
1.0
LinkTagAnd
0
0
0
2054.022
474.9171
-1365.799
1.0
Enemy_AirOctarock
0
0.3169488
0
2037.217
402.0436
-1348.298
1.0
Obj_RockDeathMt_D_L_01
0.0360653
0.01862834
-1.673481
2320.412
270.2521
-1661.799
1.0
RockBall
0
1.501593
0
2093.554
394.5938
-1496.838
0.5
FldObj_CliffDeathMt_D_06_Far
0.3272444
-1.078626
0.001803421
2456.585
574.3511
-2144.558
1.2
LinkTagAnd
0
0
0
2150
353
-1486.5
1.0
FldObj_CliffDeathMt_C_01_Far
0.340729
-0.2312317
-0.533049
2345.704
403.5325
-1807.748
1.0
LinkTagAnd
-2.41095
-0.1789802
-2.293785
2313.053
294.3969
-1133.646
1.0
FldObj_CliffDeathMt_D_10
0
0.07999999
0
2516.644
465.1747
-1933.817
1.0
LinkTagAnd
0
0
0
2030.29
454.5748
-1380.589
1.0
Obj_RockDeathMt_D_L_01
2.336115
0.8162035
-2.338448
2670.338
568.9459
-2047.315
1.0
FldObj_MapTowerStairWood_A_01
0
0.5600001
0
2174.293
485
-1556.836
1.0
ChangeWeatherTag
0
1.085398
0
2174.151
554.5474
-1556.781
1.0
Npc_HiddenKorokGround
0
0
0
2504.476
312.2056
-1304.284
1.0
LinkTagOr
0
-1.939998
0
2273.619
434.2688
-1822.758
1.0
LocationTag
0
0
0
2717.624
283.5408
-1162.741
1.0
Obj_RockDeathMt_D_L_03
2.957732
-0.5127026
-3.050625
2433.833
407.094
-1890.616
1.0
Area
0
-0.8199993
0
2613.332
255.8582
-1143.513
1.0
FldObj_CliffDeathMt_D_06_Far
-0.05572484
0.9139774
-0.5580121
2871.437
334.4186
-1670.532
1.0
FldObj_CliffDeathMt_D_10
2.261981
1.089541
2.689157
2936.755
377.4225
-1805.805
1.0
Obj_RockSetWhite_A_L_01_Far
-1.055418
-0.2629938
-2.872637
2227.452
222.9703
-1102.485
1.0
FldObj_CliffDeathMt_D_11
0
-2.094395
0
2754.996
255.2
-1732.896
1.0
FldObj_CliffDeathMt_D_08
0
-1.745329
0
2490.06
258.97
-1391.437
1.0
FldObj_CliffDeathMt_D_26
-3.057999
-0.3318143
2.975036
2419.493
241.5334
-1228.354
1.2
Obj_RockDeathMt_D_L_01_Far
0.9368264
0.3575855
0.7738873
2386.142
348.2581
-1824.693
1.0
LinkTagAnd
0
0
0
2098.5
330.9502
-1363.5
1.0
Obj_RockDeathMt_D_L_01_Far
0
-1.24
0
2626.67
236.5242
-1355.467
1.0
FldObj_CliffDeathMt_D_16_Far
2.814733
-0.5072436
-3.127176
2384.406
227.1995
-1407.841
0.9
DgnObj_EntranceShutter_A_01
0
-0.4327975
0
2721.904
285.4116
-1162.626
1.0
FldObj_CliffDeathMt_D_06
-0.05572484
0.9139774
-0.5580121
2871.437
334.4186
-1670.532
1.0
Obj_RockDeathMt_D_L_01
2.406056
1.017299
2.809692
2631.863
292.7299
-1800.686
0.8
Npc_HiddenKorokGround
0
-1.261594
0
2751.067
293.7672
-1675.908
1.0
RockBall
0
0.32
0
2070.5
378
-1424
1.0
Obj_RockDeathMt_D_L_03
3.04799
-0.6198113
-0.01749195
2552.169
273.2151
-1311.455
1.0
FldObj_CliffDeathMt_D_11
-0.3892084
-0.5916666
0.1754056
2573.058
211.57
-1057.186
1.0
FldObj_CliffDeathMt_D_10
1.595805
0.8383839
2.289088
2535.384
514.3857
-2016.437
0.9
LocationTag
0
0
0
2174.151
438.8669
-1556.781
1.0
FldObj_CliffDeathMt_D_07
0
-1.861868
0
2518.509
238.053
-1269.273
1.0
FldObj_DeathMtArtifactFlag_A_02_Far
-2.242038
0.8365731
-1.924394
2384.268
295.0377
-1664.963
1.1
LinkTagAnd
0
0.32
0
2364.387
235.7024
-1403.168
1.0
ActorObserverTag
0
0
0
2746.714
295.2588
-1674.127
1.0
Obj_RockDeathMt_D_L_01
0
-0.66
0
2496.753
270.7161
-1241.628
1.0
Obj_LiftRockEldin_Korok_A_01
0
0
0
2745.714
293.0587
-1674.127
1.0
FldObj_CliffDeathMt_F_03
0
0
0
2139.169
482.4045
-1867.187
1.0
FldObj_CliffDeathMt_D_10
0.1244708
0.3308468
0.4895438
2644.556
268.4886
-1800.525
1.0
FldObj_LavaPlane_A_01
0
-0.7
0
2197.586
425.1789
-1899.706
1.614802
FldObj_CliffDeathMt_D_14
0
0.7853982
0
2413.157
367.79
-1863.392
1.0
FldObj_CliffDeathMt_D_07_Far
-2.992008
-0.6862
2.90807
2715.479
216.9746
-1125.424
1.0
LinkTagAnd
3.100306
0.3985099
3.063327
2704.326
227.9815
-1748.982
1.0
SwitchTimeLag
0
0
0
2635
361.5
-1890.5
1.0
PlayerInAreaAutoEnemyForbidTag
0
1.085398
0
2182.996
494.5474
-1552.115
1.0
AnchorAction1
0
-0.6871976
0
2618.501
253.5471
-1124.65
1.0
FldObj_CliffDeathMt_E_12
0
-1.54
0
2324.894
470.8172
-1930.804
1.0
LinkTagAnd
0
0
0
2147
353
-1486.5
1.0
Obj_RockDeathMt_D_L_01
0
-0.4568147
0
2467.785
215.6496
-1455.989
1.0
FldObj_CliffDeathMt_D_21_Far
-0.4399998
0
0
2463.947
231.0302
-1167.404
1.0
LinkTagAnd
0
-2.941593
0
2479.063
315.9195
-1391.691
1.0
Obj_RockDeathMt_D_L_03_Far
3.04799
-0.6198113
-0.01749195
2552.169
273.2151
-1311.455
1.0
LinkTagOr
0
3.101593
0
2423.832
256.1873
-1738.52
1.0
FldObj_CliffDeathMt_D_15
2.677473
-0.9790072
-2.810979
2417.107
506.8267
-2061.997
1.0
Obj_LiftRockEldin_A_01
-0.2315132
0.9679878
-0.4873184
2266.527
347.2828
-1565.473
1.0
LinkTagAnd
0
-0.4999998
0
2183.888
470.5
-1551.48
1.0
LinkTagAnd
0
1.14
0
2670.036
247.912
-1576.878
0.3
Area
-0.2315132
0.9679878
-0.4873184
2266.816
348.2314
-1565.603
3
FldObj_CliffDeathMt_D_14_Far
0
1.047198
0
2261.811
409.3
-1685.687
1.0
LinkTagNone
0
0
0
2823.506
234.2484
-1245.411
1.0
LinkTagAnd
0
0
0
2266.666
428.7135
-1827.565
1.0
LinkTagAnd
0
0
0
2182.083
230.919
-1279.125
1.0
FldObj_DeathMtArtifactFlag_A_02
1.376347
1.065892
1.604995
2075.758
464.1059
-1601.492
0.7
EventTag
0
0.6164014
0
2671.498
247.912
-1580.058
0.6
LinkTagOr
0.03805007
0.00118372
-0.06219155
2716.842
230.151
-1748.394
1.0
Enemy_Bokoblin_Guard_Middle_TreeHouseTop
0
-1.261582
0
2645.403
309.9296
-1644.787
1.0
Obj_BreakBoxIron
2.908591
1.501004
2.977746
2191.309
447.1096
-1638.785
1.0
FldObj_CliffDeathMt_D_21_Far
-2.300394
-1.31213
2.595145
2398.152
222.4122
-1272.379
0.7
FldObj_CliffDeathMt_D_26
0
-1.134464
0
2407.54
265.116
-1627.6
1.0
FldObj_CliffDeathMt_D_10_Far
2.016313
1.09863
2.600841
2877.751
439.7997
-1938.919
1.0
FldObj_CliffDeathMt_E_12
-0.2125203
-0.6392519
0.2993363
2352.488
282.9124
-1065.186
1.0
Npc_HiddenKorokFly
0
0
0
2408.195
262.344
-1229.951
1.0
FldObj_CliffDeathMt_D_14_Far
0
0.6405358
0
2055.487
407.5
-1549.625
1.0
Obj_Mineral_B_01
0
0
0
2686.985
350.7207
-1899.109
1.0
FldObj_MapTowerStairWood_A_01
0
-2.570802
0
2174.065
470.5
-1556.806
1.0
ActorObserverTag
0
-0.03999976
0
2424.461
253.6873
-1741.748
2
Obj_BoardWood_Triangle_01
0
-0.541183
0
2032.934
452.9171
-1373.487
1.0
LinkTagAnd
0
0
0
2073.041
455.4144
-1386.409
1.0
Enemy_Bokoblin_Guard_Middle_TreeHouseTop
0
-1.090797
0
2652.315
300.1226
-1616.398
1.0
FldObj_CliffDeathMt_D_14
0
1.047198
0
2261.811
409.3
-1685.687
1.0
FldObj_CliffDeathMt_D_04
-0.09846651
0.3312063
-0.1243883
2805.869
522.3639
-2074.343
1.2
LinkTagAnd
0
0
0
2027.485
424.6656
-1373.006
1.0
Area
-1.66
0.01187269
0
2344.571
488.3522
-1962.763
1.0
RockBall
0
1.501593
0
2089.441
397.0703
-1498.094
0.5
FldObj_CliffDeathMt_D_07_Far
0
-1.861868
0
2518.509
238.053
-1269.273
1.0
LinkTagAnd
0
0
0
2074.278
453.7566
-1393.885
1.0
Npc_HiddenKorokGround
0
0
0
2441.137
257.407
-1241.73
1.0
Obj_RockDeathMt_D_L_01
0
2.76
0
2654.855
283.099
-1509.503
1.0
FldObj_CliffDeathMt_F_02
-0.1640202
0.09672797
0.2381675
2880.984
400.9207
-1778.543
1.0
FldObj_CliffDeathMt_D_14
0.1976318
-0.3381185
0.05409354
2688.175
454.5904
-1983.298
1.2
Obj_BoardWood_Triangle_01
0
2.079998
0
2074.278
453.7566
-1393.885
1.0
LinkTagAnd
0
0
0
2751.045
298.2069
-1676.283
1.0
FldObj_CliffDeathMt_D_10_Far
-0.0218925
0.09758196
-0.221069
2566.644
389.5888
-1907.356
1.0
Obj_RockSetWhite_A_L_01
0
0
-1.72
2274.433
219.341
-1274.529
1.0
Obj_RockDeathMt_D_L_01_Far
-2.92718
0.03514306
-2.490085
2643.407
226.6106
-1327.958
1.0
LinkTagAnd
0
1.56001
0
2676.512
345.0568
-1878.585
1.0
Enemy_Chuchu_Fire_Junior
0
2.000003
0
2269
262.0273
-1489.5
1.0
KorokAnswerResponce
0
-0.03999976
0
2423.422
255.6873
-1740.789
0.5
LinkTagAnd
0
0
0
2174.151
507.7231
-1556.781
1.0
LinkTagAnd
0
1.085398
0
2175.169
508.6996
-1563.84
1.0
LinkTagOr
-1.110908
0.2387262
0.3339989
2715.564
225.7251
-1748.564
1.0
ActorObserverTag
0
-0.03999976
0
2422.463
253.6873
-1741.828
2
Area
0
0
0
2701.086
224.7656
-1749.667
0.1
FldObj_LavaPlane_A_07
0
-0.02
0
2336.168
503.7734
-2013.525
1.0
LinkTagAnd
0
1.601592
0
2173.767
470.5
-1567.821
1.0
Enemy_Lizalfos_Middle
0
-0.03239024
0
2823.506
234.2484
-1245.411
1.0
FldObj_CliffDeathMt_D_11_Far
1.68227E-07
-1.431169
-0.1199998
2796.716
327.9891
-1766.513
1.0
FldObj_CliffDeathMt_D_14
0
0.6405358
0
2055.487
407.5
-1549.625
1.0
Npc_HiddenKorokGround
0
0.3800308
0
2315.027
293.5242
-1133.257
1.0
Obj_RockDeathMt_D_L_01
-0.01053112
-0.01125432
-2.448578
2157.474
328.4073
-1450.776
1.0
FldObj_CliffDeathMt_D_10_Far
-0.5077076
-1.028723
0.4215753
2944.094
320.3012
-1362.177
1.0
LinkTagAnd
0
0
0
2630.5
361.5
-1889
1.0
FldObj_DeathMtArtifactFlag_A_01
-3.074289
1.120306
-3.053736
2475.68
261.2566
-1777.698
1.0
FldObj_CliffDeathMt_D_06
0
0.5781317
0
2600.109
234.4694
-1624.804
1.0
SwitchTimeLag
-1.570796
0
0
2751.045
299.2069
-1676.283
0.5
FldObj_CliffDeathMt_D_11
-2.829136
1.107425
-2.93598
2643.339
244.9995
-1584.562
1.0
FldObj_CliffDeathMt_D_18_Far
0
0
0
2636.33
357.6183
-1857.828
1.0
SoundProxyLavafallS
0.1830142
0.02025793
-0.091327
2352.01
481.8912
-1942.829
0.8
Area
0
-0.4999998
0
2179.398
472.1172
-1554.045
2.75
FldObj_CliffDeathMt_D_10_Far
-0.3348485
-0.4806275
-0.4926355
2742.138
433.3427
-1920.618
1.0
FldObj_CliffDeathMt_C_01
-0.3349065
0.4828627
-0.6431969
2565.38
197.3437
-1065.568
1.0
LinkTagAnd
0
0
0
2176
327.5
-1488
1.0
EnemyLookTag
0
-0.03239024
0
2823.377
234.1819
-1241.452
1.0
Obj_RockDeathMt_D_L_01
1.477007
-0.02845047
1.536765
2414.417
469.1939
-1915.084
0.8
FldObj_CliffDeathMt_D_10
-0.4945256
0.1497868
0.4965629
2641.962
516.288
-2033.45
1.0
FldObj_CliffDeathMt_D_08
-0.2338741
2.399828
-0.3351032
2461.118
219.319
-1124.734
1.0
FldObj_DeathMtLavaFall_A_05
0
1.22173
0
2315.598
442.3765
-1891.341
1.0
FldObj_CliffDeathMt_D_08
0
3.228859
0
2560.042
247.2206
-1333.659
1.0
FldObj_CliffDeathMt_D_10_Far
1.739251
1.141409
2.29356
2958.267
410.2021
-2025.109
1.0
LinkTagAnd
0
-2.570802
0
2164.809
470.5
-1550.863
1.0
FldObj_CliffDeathMt_D_19
0
0.9599999
0
2501.739
247.8523
-1722.24
0.8
WallCrack
2.978181
-0.4977874
0.54804
2319.016
297.952
-1140.416
1.0
Obj_RockDeathMt_D_L_03
0
1.681592
0
2412.402
413.5652
-1890.075
1.0
FldObj_CliffDeathMt_D_11
-0.3066362
-1.394069
-0.09832075
2905.432
367.5516
-1640.015
1.0
TBox_Field_Wood
-3.141456
-0.9846641
3.141587
2675.329
309.8309
-1635.588
1.0
LocationTag
0
0
0
2390.914
226.125
-1316.347
1.0
FldObj_CliffDeathMt_D_06_Far
2.921263
0.2009269
3.05695
2351.696
581.4427
-2171.49
1.0
LinkTagAnd
0.4920589
0.1525866
-1.149542
2506.639
312.5557
-1304.372
1.0
Area
0
1.883184
0
2477.39
310.6695
-1391.26
0.1
LinkTagAnd
0
0
0
2114.5
404
-1514.5
1.0
LinkTagAnd
0
0
0
2151
345.7197
-1486.5
1.0
ActorObserverTag
0
0
0
2181.881
227.9602
-1280.517
1.0
KorokAnswerResponce
0
2.599999
0
2411.388
326.6665
-1614.62
1.0
LinkTagAnd
0
1.14
0
2666.402
260.412
-1578.548
0.6
FldObj_MapTower_A_01_Far
0
1.085398
0
2174.151
434.5474
-1556.781
1.0
ForceSetPosDirAutoSaveAnchor
0
2.708795
0
2720.527
285.4114
-1159.884
1.0
Enemy_AirOctarock
0
2.673143
0
2039.348
402.0748
-1362.341
1.0
LinkTagAnd
0
-1.550803
0
2174.381
485
-1545.644
1.0
FldObj_MapTowerStairWood_A_01_Far
0
-2.570802
0
2174.065
470.5
-1556.806
1.0
Obj_RockDeathMt_D_L_03
0.07999998
0
0.22
2661.804
552.9655
-2069.043
1.0
FldObj_CliffDeathMt_C_04
3.141593
0.1215933
-2.241592
2617.356
237.5009
-1599.467
1.0
LinkTagAnd
0
-1.939998
0
2269.823
434.6361
-1825.947
2
FldObj_CliffDeathMt_F_02
0
-0.6073745
0
2046.047
526.1939
-1916.828
1.0
TBox_Field_Wood
0
-1.300001
0
2073.99
454.0635
-1394.112
1.0
LinkTagAnd
0
-0.4999998
0
2183.888
470.5
-1551.48
1.0
FldObj_CliffDeathMt_D_06_Far
-0.5801052
-0.9264379
0.6200717
2601.164
589.8457
-2169.476
1.0
LinkTagAnd
0
0
0
2037.86
454.5436
-1368.57
1.0
FldObj_CliffDeathMt_E_12
2.925747
-1.39304
-2.691997
2380.022
474.5164
-1930.911
1.0
LocationTag
0
0
0
2613.332
253.3582
-1143.513
1.0
LinkTagAnd
0
1.36159
0
2179.447
228.8402
-1281.546
1.0
LinkTagAnd
0
0
0
2174.151
438.8669
-1556.781
1.0
FldObj_MapTowerStairWood_A_01_Far
0
2.66
0
2174.051
485
-1556.895
1.0
Area
0
1.883184
0
2478.145
310.6695
-1390.874
0.1
AirOcta_Tag
0
0.8296129
0
2027.288
427.4171
-1372.828
1.0
LinkTagAnd
0
0
0
2037.217
402.0436
-1348.298
1.0
FldObj_CliffDeathMt_D_26_Far
0
-1.134464
0
2407.54
265.116
-1627.6
1.0
DestinationAnchor
0
-2.056195
0
2175.036
508.7346
-1556.315
1.0
FldObj_CliffDeathMt_D_06_Far
0
3.403392
0
2346.3
199.6251
-1501.712
1.0
FldObj_CliffDeathMt_D_16
2.814733
-0.5072436
-3.127176
2384.406
227.1995
-1407.841
0.9
Obj_RockDeathMt_D_L_03_Far
0.07999998
0
0.22
2661.804
552.9655
-2069.043
1.0
FldObj_CliffDeathMt_D_10_Far
2.604458
0.1171195
-3.137727
1987.804
243.2433
-1080.442
1.0
Enemy_Bokoblin_Guard_Junior_TreeHouseTop
0
-0.8800114
0
2055
475.3438
-1367.5
1.0
Obj_RockSetWhite_A_L_01
-1.543727
-1.157896
0.1481993
2064.271
216.4878
-1107.604
1.0
FldObj_CliffDeathMt_F_02_Far
0
-0.6073745
0
2046.047
526.1939
-1916.828
1.0
Obj_RockDeathMt_D_L_03
-0.8533149
-0.9877034
-2.383056
2555.543
269.1754
-1228.165
1.1
Obj_RockDeathMt_D_L_03_Far
0
0
-3.100001
2319.334
307.0764
-1127.639
1.0
Area
0
0
0
2700.486
224.7656
-1749.068
0.1
Obj_RockDeathMt_D_L_01
0
0
0
2522.052
264.4333
-1214.057
1.0
Obj_RockDeathMt_D_L_01_Far
3.125644
1.019876
-0.02999434
2580.238
215.2151
-1537.05
1.0
Enemy_AirOctarock
0
1.029613
0
2037.86
454.5436
-1368.57
1.0
FldObj_CliffDeathMt_D_04
0
0.18
0
2220.691
477.6173
-1892.465
1.0
Area
0
2.599999
0
2407.271
328.6165
-1613.596
1.7
GrassCutTag
0
0.6200001
0
2098.946
399.8488
-1531.813
1.0
Area
0
1.085398
0
2173.899
497.7967
-1563.141
2
FldObj_MapTowerStairWood_A_01_Far
0
0.5600001
0
2174.293
485
-1556.836
1.0
Area
0
1.601608
0
2643.895
352.1531
-1875.906
12
Npc_DeathEastHatago_003
0
-0.4999998
0
2610.725
253.2822
-1125.362
1.0
ActorObserverTag
0
1.883184
0
2477.453
312.4195
-1391.228
1.0
Obj_RockDeathMt_D_L_01
-2.132061
-0.3153335
2.502059
2501.111
225.5443
-1190.056
0.6
Obj_LiftRockEldin_A_01
-0.1382327
-0.01799271
-0.2584687
2504.45
312.1099
-1304.27
1.0
ActorObserverTag
0
1.883184
0
2477.929
312.4195
-1391.382
1.0
Area
0
0
0
2182.881
226.3602
-1280.517
1.0
Area
-0.1382327
-0.01799271
-0.2584687
2504.706
313.067
-1304.408
3
FldObj_CliffDeathMt_C_04
-0.05999999
-0.72
0
2274.692
442.1395
-1958.999
1.0
DgnObj_EntranceTerminal_A_01
0
0.6164014
0
2671.498
247.9121
-1580.058
1.0
LinkTagAnd
0
-1.939998
0
2273.979
434.2688
-1823.691
1.0
FldObj_DeathMtLavaFall_B_03
0
0.01187347
0
2344.761
425.18
-1946.775
0.8
FldObj_CliffDeathMt_D_06_Far
0
0.5781317
0
2600.109
234.4694
-1624.804
1.0
Obj_RockDeathMt_D_L_01_Far
-1.278344
-0.0546571
1.829752
2534.772
275.7754
-1436.607
1.0
Obj_RockDeathMt_D_L_01_Far
0.3523529
0.3250156
0.3115941
2581.299
264.7745
-1278.511
1.0
LinkTagAnd
0
0
0
2073.99
454.0635
-1394.112
1.0
Obj_RockDeathMt_D_L_01_Far
-0.01053112
-0.01125432
-2.448578
2157.474
328.4073
-1450.776
1.0
FldObj_DeathMtLavaFall_A_05
0
0.5235988
0
2267.84
440.9741
-1854.508
0.8
Obj_RockDeathMt_D_L_01_Far
0
0
0
2522.052
264.4333
-1214.057
1.0
LinkTagAnd
0
1.085398
0
2172.763
508.7293
-1554.148
0.5
Obj_RockDeathMt_D_L_01_Far
0.0360653
0.01862834
-1.673481
2320.412
270.2521
-1661.799
1.0
DgnObj_DungeonEntrance_A_01_Far
0
-0.4327975
0
2723.497
284.4114
-1166.075
1.0
FldObj_CliffDeathMt_C_01
0
-1.44
0
2443.218
531.937
-1992.03
1.0
FldObj_CliffDeathMt_D_06_Far
-0.08726646
-3.045599
-0.07853982
2305.158
345.2345
-1731.837
1.0
FldObj_EnemyBaseRiverside_A_01
0
1.538406
0
2823.862
233.5475
-1256.405
1.0
FldObj_CliffDeathMt_D_07
0
0.6981317
0
2353.9
248.7169
-1150.5
1.0
LinkTagAnd
0
0
0
2026.52
426.0436
-1366.439
1.0
AnchorSleep
0
0.247198
0
2611.257
254.731
-1152.309
1.0
FldObj_CliffDeathMt_D_08_Far
0
-2.792527
0
2632
252.7951
-1670.023
1.0
FldObj_CliffDeathMt_C_04_Far
3.141593
0.1215933
-2.241592
2617.356
237.5009
-1599.467
1.0
FldObj_LavaPlane_A_01_Far
0
-0.7
0
2197.586
425.1789
-1899.706
1.614802
Area
0
-1.372797
0
2717.624
283.5408
-1162.741
20
EnemyLookTag
0
0.6200001
0
2098.946
399.8488
-1531.813
1.0
FldObj_SkullRockBroken_A_01_Far
-0.8284083
1.119132
-0.9393215
2264.367
422.6998
-1827.992
1.0
Enemy_AirOctarock
0
0.5060144
0
2056.181
476.5436
-1359.738
1.0
LinkTagAnd
0
0
0
2390.914
226.125
-1316.347
1.0
AnchorAction2
0
-0.9599311
0
2611.253
253.8482
-1146.049
1.0
FldObj_CliffDeathMt_D_10_Far
-0.4945256
0.1497868
0.4965629
2641.962
516.288
-2033.45
1.0
FldObj_CliffDeathMt_D_10
-0.3348485
-0.4806275
-0.4926355
2742.138
433.3427
-1920.618
1.0
Obj_RockDeathMt_D_L_01
0
-0.4199999
0
2141.045
426.9677
-1709.824
1.0
ActorObserverTag
0
1.883184
0
2477.607
312.4195
-1390.752
1.0
Npc_HiddenKorokGround
0
0.9999999
0
2266.556
347.3776
-1565.486
1.0
DgnObj_WarpPoint_A_01
0
-0.4327975
0
2719.641
285.3744
-1157.728
1.0
LinkTagAnd
0
1.72159
0
2287.613
258.6339
-1501.797
1.0
LinkTagAnd
0
0
0
2427.211
249.5466
-1314.08
5
AnchorAction1
0
1.736194
0
2621.131
253.8682
-1145.153
1.0
LinkTagOr
0
1.36159
0
2179.655
228.8402
-1282.524
1.0
Enemy_Lizalfos_Senior
0
1.34
0
2611.695
254.7055
-1312.625
1.0
LinkTagAnd
0
0
0
2751.045
299.2069
-1676.283
1.0
LinkTagAnd
0
0
0
2056.181
476.5436
-1359.738
1.0
FldObj_CliffDeathMt_D_19
2.161592
0.05840738
3.141593
2587.67
385.4333
-1901.914
1.0
LinkTagAnd
0
3.101593
0
2424.831
256.1873
-1738.481
1.0
FldObj_CliffDeathMt_D_15_Far
2.677473
-0.9790072
-2.810979
2417.107
506.8267
-2061.997
1.0
Obj_RockDeathMt_D_L_03_Far
0
1.681592
0
2412.402
413.5652
-1890.075
1.0
FldObj_CliffDeathMt_E_12_Far
0.1228542
-0.2024015
0.2129841
2043.118
395.0617
-1509.802
1.2
Npc_TripMaster_01
0
0
0
2615.832
250.2171
-1109.164
1.0
FldObj_CliffDeathMt_C_04_Far
-1.118706
0.8520814
-0.7541498
2292.987
275.4122
-1063.703
1.0
Area
-0.03657603
0.001245967
0.06809636
2441.076
258.3044
-1241.763
3
FldObj_CliffDeathMt_D_11_Far
0
0
0
2766.35
245.22
-1610.74
1.0
FldObj_CliffDeathMt_D_15_Far
1.113838
0.9194344
0.6980708
2714.862
227.338
-1545.639
1.0
Obj_RockDeathMt_D_L_01_Far
2.406056
1.017299
2.809692
2631.863
292.7299
-1800.686
0.8
WallCrack
0.9387749
1.419827
0.9339529
2265.871
345.5568
-1566.026
1.0
FldObj_CliffDeathMt_D_08_Far
-0.2338741
2.399828
-0.3351032
2461.118
219.319
-1124.734
1.0
FldObj_CliffDeathMt_D_15
-1.587598
-1.077874
0.9965233
2975.871
386.7784
-1561.371
1.0
LinkTagAnd
0
0
0
2629.133
361.6947
-1890.922
1.0
Obj_RockDeathMt_D_L_01
0
0
0
2470.04
217.6744
-1336.574
1.0
WallCrack
0
0
0
2685.957
348.9251
-1898.566
1.0
Enemy_Moriblin_Senior
0
-1.56159
0
2674.495
309.8243
-1641.139
1.0
DgnObj_DungeonEntrance_A_01
0
-0.4327975
0
2723.497
284.4114
-1166.075
1.0
FldObj_CliffDeathMt_D_06_Far
0.06860097
0.1138215
-0.4446046
2844.545
281.9479
-1584.918
1.0
Obj_RockSetWhite_A_L_01_Far
-1.543727
-1.157896
0.1481993
2064.271
216.4878
-1107.604
1.0
FldObj_CliffDeathMt_D_14
-0.1429445
0.7950764
-0.07837972
2531.032
260.3688
-1399.009
1.0
FldObj_CliffDeathMt_D_10_Far
-0.1543828
-1.196752
-0.1851435
2846.681
385.038
-1778.822
1.0
Area
0
2.2
0
2459.102
400.9142
-1848.609
12
LinkTagNone
0
0
0
2191.29
447.0693
-1638.809
1.0
Area
0
-1.18
0
2111.5
305
-1361
25
FldObj_CliffDeathMt_D_19
1.940699
0.1175465
3.131426
2418.485
455.0153
-1908.132
1.0
Area
0
2.66
0
2168.838
486.6172
-1559.508
2.75
Obj_RockDeathMt_D_L_01
0.24439
-0.7750628
0.07327321
2151.825
441.1395
-1639.859
0.7
FldObj_CliffDeathMt_D_14_Far
0
0.7853982
0
2413.157
367.79
-1863.392
1.0
Obj_RockSetWhite_A_L_01
-2.76666
0.1157508
1.361534
2123.732
218.1128
-1112.721
1.0
FldObj_CliffDeathMt_D_10
-0.5077076
-1.028723
0.4215753
2944.094
320.3012
-1362.177
1.0
LinkTagAnd
0
0
0
2124.5
407
-1505.5
1.0
Obj_RockDeathMt_D_L_01_Far
-2.132061
-0.3153335
2.502059
2501.111
225.5443
-1190.056
0.6
LinkTagAnd
0
0
0
2633
361.5
-1889
1.0
LinkTagNAnd
0
-1.939998
0
2272.621
436.6361
-1824.865
2
Obj_RockSetWhite_A_L_01_Far
0
0
-1.72
2274.433
219.341
-1274.529
1.0
FldObj_MapTower_A_01
0
1.085398
0
2174.151
434.5474
-1556.781
1.0
Enemy_Chuchu_Fire_Junior
0
0.32
0
2363.443
235.7024
-1406.016
1.0
AnchorAction3
0
2.303188
0
2609.476
253.8582
-1139.917
1.0
LookTag
0
1.14
0
2674.751
246.912
-1576.361
1.0
FldObj_CliffDeathMt_D_11_Far
0
0.48
0
2661.297
250.9077
-1592.535
1.0
FldObj_DeathMtLavaFall_A_05_Far
0
1.22173
0
2315.598
442.3765
-1891.341
1.0
SwitchTimeLag
1.570796
-1.201595
3.141593
2273.438
437.7688
-1822.292
0.5
LinkTagOr
0
-0.03999976
0
2424.461
256.6873
-1741.748
1.0
PlayerForbidComebackTag
0
1.085398
0
2170.35
495.312
-1558.7
1.0
FldObj_CliffDeathMt_C_01
0.3616005
-0.5713547
-0.5355334
2159.406
416.0412
-1724.782
0.8
LinkTagAnd
0
-0.4327975
0
2719.619
285.4114
-1161.258
0.3
FldObj_DeathMtArtifactFlag_A_02_Far
-0.4318004
0.4670368
-0.9971862
2358.245
274.5121
-1507.617
1.0
LinkTagAnd
0
1.5
0
2176
327.5
-1488
0.5
FldObj_CliffDeathMt_F_03
0
0
0
2497.156
539.6378
-2072.36
1.0
FldObj_CliffDeathMt_D_11_Far
-3.138723
0.5815193
-3.080064
2641.366
218.1966
-1200.021
1.0
ActorObserverTag
0
0
0
2700.536
226.5156
-1749.118
1.0
FldObj_CliffDeathMt_D_10_Far
-0.066361
0.914727
0.2562144
2554.434
223.2609
-1735.798
1.0
AnchorAction2
0
-0.7400001
0
2613.769
253.4876
-1125.905
1.0
LinkTagAnd
0
0
0
2080.1
455.3831
-1391.144
1.0
FldObj_MapTowerStairWood_A_01
0
1.601592
0
2174.105
470.5
-1556.826
1.0
FldObj_RockAkkare_A_01
0
-2.88319
0
2966.231
310.2798
-1292.883
1.0
FldObj_CliffDeathMt_D_07_Far
0
-2.281869
0
2287.806
243.0841
-1062.188
1.0
FldObj_CliffDeathMt_D_24
0
0.6981317
0
2280.71
271.1873
-1456.98
1.0
FldObj_DeathMtLavaFall_A_05_Far
0
0.5235988
0
2267.84
440.9741
-1854.508
0.8
FldObj_DeathMtArtifactFlag_A_02
-2.242038
0.8365731
-1.924394
2384.268
295.0377
-1664.963
1.1
FldObj_CliffDeathMt_D_11_Far
0
0.9599999
0
2644.514
240.6653
-1429.552
1.0
LinkTagAnd
0
-0.8199993
0
2600.903
263.3582
-1131.915
1.0
Obj_RockDeathMt_D_L_01_Far
-1.219043
-0.07203905
-1.598125
2275.163
439.9713
-1700.964
1.0
FldObj_CliffDeathMt_D_10_Far
0.1244708
0.3308468
0.4895438
2644.556
268.4886
-1800.525
1.0
LinkTagOr
0.03805007
0.00118372
-0.06219155
2716.722
228.2187
-1748.468
1.0
FldObj_CliffDeathMt_F_01
0
0.3399901
0
2035.102
302.2699
-1361.842
1.0
Obj_RockDeathMt_D_L_03
-0.155017
-1.386253
-2.699464
2662.92
581.2413
-2068.477
1.0
Obj_RockDeathMt_D_L_03
0.03054414
-0.2347897
0.0002104804
2387.658
283.0477
-1216.673
1.0
FldObj_CliffDeathMt_D_07
0
-2.281869
0
2287.806
243.0841
-1062.188
1.0
FldObj_CliffDeathMt_D_11
0
0.4399999
0
2782.453
470.3207
-1979.086
0.8
FldObj_CliffDeathMt_D_14_Far
0.01346928
1.459427
0.393354
2482.063
213.7746
-1600.464
1.0
Enemy_AirOctarock
0
-0.2761962
0
2073.041
455.4144
-1386.409
1.0
Npc_HiddenKorokFly
0
-0.5415938
0
2407.271
328.6665
-1613.596
1.0
LinkTagAnd
0
0
0
2750.75
236.728
-1368.254
1.0
Obj_RockSetWhite_A_L_01_Far
-1.68027
-0.07037402
-0.1414741
2270.742
219.0021
-1180.111
1.0
FldObj_CliffDeathMt_D_15
1.113838
0.9194344
0.6980708
2714.862
227.338
-1545.639
1.0
FldObj_MapTowerStairWood_A_01
0
-1.550803
0
2174.161
485
-1556.642
1.0
LinkTagAnd
0
2.2
0
2461.527
400.9142
-1850.375
1.0
Obj_RockSetDeathMt_C_04
-0.134881
0.05485412
0.2512341
2385.362
218.1376
-1305.279
1.0
LinkTagAnd
0
0
0
2390.914
226.125
-1316.347
1.0
ActorObserverTag
0
0.260001
0
2753.392
233.728
-1369.991
2
FldObj_CliffDeathMt_D_11
0
-2.183407
0
2281.258
249.1591
-1168.729
1.0
FldObj_CliffDeathMt_D_07_Far
2.952979
-1.043885
-3.046799
2928.759
337.1148
-1529.653
1.0
Obj_RockSetWhite_A_L_01_Far
-2.76666
0.1157508
1.361534
2123.732
218.1128
-1112.721
1.0
EnemyLookTag
0
3.109203
0
2824.364
235.3834
-1271.897
1.0
Enemy_AirOctarock
0
1.2946
0
2080.1
455.3831
-1391.144
1.0
LinkTagAnd
0
2.66
0
2164.302
485
-1561.99
1.0
Enemy_Chuchu_Fire_Junior
0
1.56001
0
2673.512
345.0568
-1878.617
1.0
LinkTagAnd
0
-1.939998
0
2277.284
436.6361
-1823.06
2
Obj_RockDeathMt_D_L_03_Far
0.03054414
-0.2347897
0.0002104804
2387.658
283.0477
-1216.673
1.0
LinkTagOr
0
-2.941593
0
2478.083
315.9195
-1391.492
1.0
FldObj_CliffDeathMt_D_11_Far
-0.3066362
-1.394069
-0.09832075
2905.432
367.5516
-1640.015
1.0
FldObj_CliffDeathMt_F_03
0
0.78
0
2148.026
307.2612
-1403.271
1.0
Enemy_Bokoblin_Senior
0
0.6200001
0
2096.622
400.2092
-1535.069
1.0
SwitchTimeLag
-1.570796
3.268987E-10
6.046067E-09
2700.786
228.5156
-1749.368
0.5
LinkTagAnd
0
1.085398
0
2174.151
438.8669
-1556.781
1.0
Obj_RockDeathMt_D_L_01
3.125644
1.019876
-0.02999434
2580.238
215.2151
-1537.05
1.0
FldObj_CliffDeathMt_D_11_Far
0
-2.094395
0
2754.996
255.2
-1732.896
1.0
FldObj_DeathMtArtifactFlag_A_02
2.979856
-0.396591
-2.616984
2419.571
258.2048
-1230.168
1.0
FldObj_CliffDeathMt_D_06_Far
0.1273206
1.229158
0.2352703
2462.189
347.9376
-1853.727
1.0
Obj_Mineral_B_01
0
0
0
2636.297
358.4235
-1893.977
1.0
SoundProxyLavafallS
-0.8653775
0.2587304
0.5255823
2330.117
482.3718
-1968.481
0.8
Obj_RockDeathMt_D_L_01
0
0
0.7999998
2220.358
256.9696
-1399.283
1.0
FldObj_CliffDeathMt_D_11
1.68227E-07
-1.431169
-0.1199998
2796.716
327.9891
-1766.513
1.0
RockBall
0
0.3400002
0
2201.5
319.5
-1469
1.0
Obj_RockBroken_A_02
0
-1.570796
0
2504.52
310.7
-1303.71
1.0
LinkTagOr
0
0
0
2745.714
296.2588
-1674.127
1.0
Obj_RockSetWhite_A_L_01
-1.68027
-0.07037402
-0.1414741
2270.742
219.0021
-1180.111
1.0
Obj_BoardWood_Triangle_01
0
-1.253848
0
2036.705
400.4171
-1355.239
1.0
ActorObserverTag
0
0
0
2745.714
295.2588
-1674.127
1.0
FldObj_CliffDeathMt_E_14_Far
0
-1.26
0
2690.833
261.2878
-1082.542
1.0
LinkTagAnd
0
-2.570802
0
2164.809
470.5
-1550.863
1.0
FldObj_CliffDeathMt_D_14_Far
0
0.6599998
0
2600.17
213.3976
-1307.475
1.0
LinkTagAnd
-0.4753144
0.5955186
-1.71847
2267.818
347.7003
-1567.25
1.0
FldObj_CliffDeathMt_D_08_Far
0
3.228859
0
2560.042
247.2206
-1333.659
1.0
Area
0
0
0
2333.031
248.6741
-1456.523
12
Obj_LiftRockEldin_A_01
0
0
0
2273.88
225.857
-1242.555
1.0
FldObj_CliffDeathMt_D_10_Far
2.261981
1.089541
2.689157
2936.755
377.4225
-1805.805
1.0
FldObj_CliffDeathMt_C_01
-0.242985
-0.1553763
0.03834153
2769.233
255.3314
-1648.243
1.0
FldObj_CliffDeathMt_D_11
0
0.9599999
0
2644.514
240.6653
-1429.552
1.0
AirOcta_Tag
0
1.291413
0
2054.022
477.9171
-1365.799
1.0
Area
-3.14
1.22173
0
2312.124
429.6616
-1892.606
1.0
FldObj_CliffDeathMt_D_21
-2.300394
-1.31213
2.595145
2398.152
222.4122
-1272.379
0.7
Area
-3.044912
0.553731
-2.950623
2329.908
324.0804
-1486.528
0.6999999
AnchorAction1_Rain
0
-0.76
0
2618.794
253.8482
-1140.41
1.0
FldObj_CliffDeathMt_E_18_Far
0
0
0
2352.648
512.097
-2066.033
1.0
FldObj_CliffDeathMt_D_08_Far
0
-1.745329
0
2490.06
258.97
-1391.437
1.0
FldObj_CliffDeathMt_C_01_Far
0.3616005
-0.5713547
-0.5355334
2159.406
416.0412
-1724.782
0.8
FldObj_CliffDeathMt_C_04
-1.118706
0.8520814
-0.7541498
2292.987
275.4122
-1063.703
1.0
FldObj_LavaPlane_A_01_Far
0
0.01187347
0
2337.883
503.7571
-2113.027
1.0
ActorObserverTag
0
-0.8199993
0
2600.903
258.3582
-1131.915
1.0
LinkTagNAnd
0
-0.4327975
0
2724.02
297.9114
-1163.631
0.6
KorokAnswerResponce
0
0.260001
0
2750.75
235.728
-1368.254
0.5
Obj_RockDeathMt_D_L_01_Far
-2.43633
0.8576627
-2.420516
2673.698
220.5838
-1460.996
1.0
LinkTagNone
0
0
0
2101.27
400.0563
-1528.557
1.0
FldObj_CliffDeathMt_D_10_Far
1.595805
0.8383839
2.289088
2535.384
514.3857
-2016.437
0.9
Obj_RockDeathMt_D_L_03
0
0
0
2143.637
425.1296
-1572.624
1.0
LinkTagAnd
0
0
0
2613.332
253.3582
-1143.513
1.0
FldObj_CliffDeathMt_D_14
0
1.24
-0.38
2831.75
462.2146
-2030.259
1.0
FldObj_CliffDeathMt_D_06
0
2.094395
0
2343.546
252.94
-1226.317
1.0
Obj_RockDeathMt_D_L_01_Far
0
0
0.7999998
2220.358
256.9696
-1399.283
1.0
FldObj_EnemyBaseRiverside_A_01_Far
0
1.538406
0
2823.862
233.5475
-1256.405
1.0
FldObj_CliffDeathMt_D_06_Far
0
-2.408929
0
2595.206
242.162
-1569.956
1.0
FldObj_CliffDeathMt_D_14_Far
-3.046275
0.167589
2.849988
2376.35
250.4219
-1172.827
1.0
Obj_RockDeathMt_D_L_01_Far
2.336115
0.8162035
-2.338448
2670.338
568.9459
-2047.315
1.0
LinkTagAnd
0
0
0
2477.768
314.4195
-1391.067
1.0
FldObj_CliffDeathMt_D_06_Far
0.1090265
0.07600811
-0.02436493
2365.212
325.3595
-1797.274
1.0
FldObj_CliffDeathMt_C_01_Far
-0.7755393
0.6238857
-0.06600951
1961.813
200.1366
-1173.263
1.0
Enemy_AirOctarock
0
-2.897377
0
2030.29
454.5748
-1380.589
1.0
RockBall
0
1.5
0
2139.589
364.6641
-1482.343
0.7
LinkTagAnd
0
0
0
2054.022
477.9171
-1365.799
1.0
Npc_HiddenKorokGround
0
2.741593
0
2703.711
225.5242
-1749.271
1.0
FldObj_DeathMtArtifactFlag_A_01_Far
-3.074289
1.120306
-3.053736
2475.68
261.2566
-1777.698
1.0
FldObj_MapTowerStairWood_A_01_Far
0
-1.550803
0
2174.161
485
-1556.642
1.0
LinkTagPulse
-0.03657603
0.001245967
0.06809636
2442.074
258.3723
-1241.764
0.25
LinkTagAnd
0
1.085398
0
2176.431
508.6996
-1566.23
1.0
Area
0
0.260001
0
2751.973
230.928
-1367.544
1.2
FldObj_CliffDeathMt_D_10
2.604458
0.1171195
-3.137727
1987.804
243.2433
-1080.442
1.0
FldObj_CliffDeathMt_D_10
-0.0218925
0.09758196
-0.221069
2566.644
389.5888
-1907.356
1.0
PosAfterDemoSkip
0
2.708795
0
2720.527
285.4114
-1159.884
1.0
Obj_RockDeathMt_D_L_01_Far
0.24439
-0.7750628
0.07327321
2151.825
441.1395
-1639.859
0.7
FldObj_CliffDeathMt_D_04_Far
-0.09846651
0.3312063
-0.1243883
2805.869
522.3639
-2074.343
1.2
FldObj_CliffDeathMt_D_14
-3.046275
0.167589
2.849988
2376.35
250.4219
-1172.827
1.0
LinkTagAnd
0
0
0
2027.288
427.4171
-1372.828
1.0
LinkTagAnd
0
0
0
2174.151
508.7294
-1556.781
1.0
KorokAnswerResponce
0
0
0
2179.583
228.919
-1279.125
1.0
Obj_RockSetWhite_A_L_01
0.08612455
0.1556689
1.759521
2021.225
216.5893
-1153.424
1.0
Obj_LiftRockEldin_A_01
3.075374
0.1804945
3.136913
2315.028
293.4243
-1133.253
1.0
FldObj_CliffDeathMt_D_11
0
0.48
0
2661.297
250.9077
-1592.535
1.0
Area
-3.103262
0.3800308
-3.127225
2315.027
294.4237
-1133.289
3
