UnitConfigName/__text
Rotate/value/0
Rotate/value/1
Rotate/value/2
Translate/value/0
Translate/value/1
Translate/value/2
_Scale
LinkTagAnd
2.395543
-0.6491581
-1.59625
2278.644
183.1985
1610.285
1.0
Obj_KorokPlate_A_01
0
2.356194
0
2510.711
119.8516
1569.982
1.0
FldObj_PushRock_Korok
-0.1935883
-1.073048
0.2610926
2349.533
204.3719
1527.434
0.8
LinkTagOr
-0.4286828
1.336123
-0.4867021
2320.941
121.7024
1725.639
1.0
FldObj_CliffWhiteWall_A_02
1.496967
0.6414656
3.132223
2387.496
197.7563
1674.697
1.0
FldObj_CliffWhiteParts_A_01
2.688397
-0.9538435
3.043409
2381.849
102.518
1927.079
1.0
FldObj_SpiderMountainWall_A_04
0
2.994653
0
2925.501
196.1393
1162.092
1.0
LinkTagNAnd
0
-1.48
0
2329.509
142.9474
1836.161
2
LinkTagNone
0
0
0
2172.237
218.7603
1369.199
1.0
FldObj_CliffWhiteTop_A_01_Far
0.09422807
0.6559287
0.1516315
2321.871
186.9758
1630.113
1.0
FldObj_CliffWhiteTop_A_01
0
1.483185
0
2157.139
161.6346
1547.421
1.0
LinkTagAnd
0
0
0
2263.38
239.3094
1378.355
1.0
FldObj_SpiderMountainPiller_A_01_Far
0
3.11529
0
3053.471
187.7746
1154.662
1.6
FldObj_CliffWhiteWall_A_07_Far
-3.099938
-0.4384355
3.13824
2246.524
231.2684
1324.508
1.0
LinkTagAnd
0
0
0
2258.5
240.7
1376.3
1.0
Area
0
-1.04
0
2262.383
114.9554
1380.955
1.0
FldObj_CliffWhiteWall_A_03_Far
2.801655
0.011397
3.139306
2942.446
312.015
1217.612
1.3
Area
-0.4286828
1.336123
-0.4867021
2320.729
120.1681
1726.28
3
FldObj_RiverEdge_A_02
3.041593
-0.2415929
3.141593
2577.786
120.0297
1835.206
1.0
FldObj_CliffWhiteWall_A_01_Far
3.124
0.07382743
-3.016644
2983.815
257.973
1201.464
1.0
FldObj_KorokStoneLift_A_01
-0.000680702
-0.00019708
-0.0007849743
2492.429
205.5028
1804.841
1.0
FldObj_CliffWhiteWall_A_02_Far
-0.1010007
1.321818
0.01950197
2631.723
279.345
1281.97
0.9391996
FldObj_SpiderMountainPiller_A_02_Far
0
-0.6101149
0
2541.024
195.9573
1036.222
1.6
Enemy_Bokoblin_Guard_Junior
0
-2.777926
0
2503.355
121.5129
1811.141
1.0
Enemy_Chuchu_Junior
0
-2.730796
0
2936.041
163.3317
1744.041
1.0
FldObj_SpiderMountainWall_A_05
0
1.72745
0
2652.869
230.2952
1231.865
0.647126
FldObj_SpiderMountainPiller_A_01
0
3.11529
0
3053.471
187.7746
1154.662
1.6
FldObj_BridgeRockWhite_A_01
0.01312127
-0.8761098
-0.03795979
2796.707
148.4136
1838
1.0
LinkTagAnd
0
-1.48
0
2329.147
142.9474
1832.177
2
FldObj_SpiderMountainPiller_A_03_Far
0
0.2925189
0
2663.939
162.1706
1193.925
1.5
DragonDropItemTarget
0
0
0
2736.4
223.9756
1185.8
1.0
DgnObj_EntranceTerminal_A_01
0
-2.579598
0
2691.413
220.9397
1332.455
1.0
LinkTagAnd
0
0.326853
0
2521.833
117.1144
1837.118
1.0
LinkTagAnd
0
-1.623185
0
2770.329
153.0021
1861.058
1.0
FldObj_CliffWhiteTop_A_01
0.09422807
0.6559287
0.1516315
2321.871
186.9758
1630.113
1.0
Enemy_AirOctarock
0
-0.4653994
0
2256.09
239.3094
1380.918
1.0
LinkTagNone
0
0
0
2636
207.1397
1796.5
1.0
Enemy_Bokoblin_Guard_Junior
0
-2.301591
0
2059.498
126.8981
1769.01
1.0
FldObj_CliffWhiteLumpRock_A_01
-0.8104682
0.9211203
-0.1209722
2177.152
136.6789
1604.613
1.0
FldObj_AncientStoneTower_A_01_Far
0
0
0
2348.566
95.9
1753.729
1.0
TwnObj_BrownStoneRuinWall_A_01_Far
0
-3.141593
0
2089.777
120.4041
1767.156
1.0
EventTag
0
-2.579598
0
2691.413
220.9396
1332.455
0.6
AnchorAction1_Rain
0
1.369204
0
2399.339
118.6525
1839.461
1.0
FldObj_CliffWhiteWall_A_01_Far
-0.8999999
0
0
2075.506
144.5457
1597.025
1.0
TwnObj_BrownStoneRuinPillar_A_01
-1.16
0.5235988
0
2498.75
115.4383
1538.84
1.0
Area
0
0.900001
0
2278.708
157.0549
1504.431
2
LinkTagOr
0
0.7600003
0
2884.454
163.4207
1764.682
1.0
TreasureSpot_00
2.604569
-1.421802
-2.586547
2058.665
122.4093
1895.623
1.0
LinkTagAnd
0
0
0
2679.22
288.8469
1409.436
1.0
FldObj_SpiderMountainWall_A_05_Far
0
1.72745
0
2652.869
230.2952
1231.865
0.647126
LinkTagNAnd
0
-1.48
0
2328.331
144.9474
1823.214
2
TwnObj_GateKeeperBed_A_01
0
2.996125
0
2394.575
118.5229
1838.701
1.0
LinkTagAnd
0
0
0
2498.933
206.8077
1806.451
1.0
FldObj_CliffWhiteWall_A_05_Far
1.377089
1.345321
1.675718
2551.614
306.7769
1284.142
1.0
Item_Fruit_A
0
0.9287021
0
2128.231
138.0018
1646.377
1.0
FldObj_CliffWhite_B_10_Far
0.07123018
0.9739954
0.1163566
2943.754
116.4671
1937.997
1.0
FldObj_CliffWhiteWall_A_05_Far
-0.06142122
-0.2798161
0.006228708
2530.41
297.1397
1380.261
0.8
FldObj_CliffWhiteWall_A_01_Far
-0.4316189
-0.5644214
0.1231516
2689.264
238.9183
1596.596
1.0
Item_Fruit_A
0
0
0
2915.982
159.9406
1742.263
1.0
LocationTag
0
0
0
2718.187
161.3873
1116.645
1.0
TwnObj_BrownStoneRuinArch_A_01_Far
-2.869458
1.168685
2.491988
2015.179
120.8788
1939.405
1.0
FldObj_CliffWhiteLumpRock_A_01
-1.144791
-0.8551551
0.7537737
2472.526
312.4679
1136.751
1.0
ShelterFromRainTag
0
2.624014
0
2930.262
118.5497
2001.713
1.0
AreaCulling_InnerHide
0
1.50159
0
2678.163
156.461
1832.483
0.001
FldObj_CliffWhiteWall_A_02
-0.2919936
0.9174848
1.191414
3095.451
284.5748
1097.658
1.0
LinkTagAnd
-0.9331975
0.6269106
-1.80045
2321.14
119.9505
1724.335
1.0
LinkTagAnd
0
2.443186
0
2164.261
213.7119
1371.466
1.0
TwnObj_BrownStoneRuinArch_A_01
-1.54
0.5235988
0
2538.2
117.3679
1535.888
1.0
LinkTagNAnd
0
-1.48
0
2330.594
149.9474
1826.02
2
LinkTagOr
2.896278
-1.194034
-2.973662
2279.285
184.8814
1609.033
1.0
FldObj_SpiderMountainPiller_A_04_Far
0
-0.5795401
0
2740.541
162.4896
1193.285
1.5
FldObj_SpiderMountainWall_A_05
0
1.430796
0
3097.193
257.4312
1116.18
0.8
Obj_TreeBroadleaf_A_L
0
0.4971734
0
2408.585
117.08
1812.215
1.117206
FldObj_SpiderMountainPiller_A_01
0
0
0
2826.805
210.1412
1124.19
1.0
FldObj_SpiderMountainWall_A_05
0
2.567432
0
2760.216
230.5366
1211.446
0.6
FldObj_CliffWhiteWall_B_03
2.844267
1.197362
2.964754
2805.018
145.0863
1886.586
1.0
FldObj_CliffWhiteWall_A_05
-0.06142122
-0.2798161
0.006228708
2530.41
297.1397
1380.261
0.8
Weapon_Shield_004
-0.3032074
1.303646
1.430583
2060.225
122.0995
1785.809
1.0
Area
0
0.900001
0
2275.358
163.0862
1501.703
2.5
Enemy_AirOctarock
0
0.9363308
0
2685.788
287.5046
1413.216
1.0
LinkTagAnd
0
0
0
2539.064
351.8833
1248.015
1.0
LinkTagAnd
0
2.443186
0
2162.117
213.7203
1368.547
1.0
FldObj_RiverEdge_A_03
0
0.9999999
0
2379.667
117.5452
1879.122
1.0
BoarMeat
0
-2.157925
0
2524.349
117.102
1820.681
1.0
AnchorAction1
0
0
0
2074.171
121.8457
1780.852
1.0
TwnObj_BrownStoneRuinWall_A_01
0
0
0
2098.142
123.6878
1730.466
1.0
Enemy_Moriblin_Junior
0
0.94
0
2711.422
175.8973
1971.074
1.0
TwnObj_BrownStoneRuinWall_A_04
0
0
0
2120.911
122.144
1722.061
1.0
LinkTagAnd
0
0
0
2706.619
201.2848
1288.593
1.0
BasinTag
0
-1.04
0
2262.752
113.9729
1380.738
1.0
Area
2.896278
-1.194034
-2.973662
2279.369
183.3216
1608.426
3
FldObj_CliffWhiteWall_A_01
-0.8999999
0
0
2075.506
144.5457
1597.025
1.0
FldObj_CliffWhiteWall_B_03
-0.3126215
-0.8693431
0.04949292
2843.962
166.4695
1812.138
1.0
FldObj_SpiderMountainWall_A_04
0
-0.2232398
0
2551.214
198.7242
1014.046
1.0
Npc_HiddenKorokGround
0
-0.02638722
0
2163.896
460.6209
1034.737
1.0
FldObj_CliffWhiteWall_A_02
-0.4
1.34
0
2427.15
195.8622
1489.348
1.0
FldObj_CliffWhiteWall_A_02_Far
-0.7248485
-0.1069321
0.09053618
2988.721
372.1377
978.9506
1.0
Obj_LiftRockWhite_A_01
0
2.700001
0
2706.17
203.0232
1163.461
1.0
Enemy_Bokoblin_Senior
0
0
0
2849.5
210.1513
1115.789
1.0
LinkTagOr
-1.570796
0
0
2497.511
202.5289
1802.475
1.0
FldObj_CliffWhiteWall_A_02_Far
2.086438
-0.2377806
-2.474879
2773.644
344.4629
1380.98
1.0
ForceSetPosDirAutoSaveAnchor
0
1.085593
0
2691.626
220.9396
1330.193
1.0
FldObj_RiverEdge_A_03_Far
2.035042E-09
-0.22
2.924926E-08
2497.412
116.3938
1738.824
1.0
WildHorseCreateTag
0
0
0
2179.666
120.8819
1840.64
1.0
FldObj_MountainSheiker_A_02
0
1.623156
0
2058
268
1087
1.0
FldObj_CliffWhiteWall_A_01_Far
-2.892395
1.166351
-2.739137
2369.832
267.5541
952.676
1.2
FldObj_CliffWhiteWall_A_02
-0.5033704
1.035731
1.16581
2985.485
288.3703
1060.648
1.227
FldObj_CliffWhiteWall_A_02_Far
2.978492
0.761749
3.110299
2557.69
285.2163
1133.11
1.0
Enemy_Bokoblin_Junior
0
-2.943323
0
2525.459
117.1607
1827.287
1.0
FldObj_CliffWhiteWall_A_01_Far
2.721593
1.021593
3.141593
2436.539
196.1237
1576.652
1.15
LinkTagAnd
0
0
0
2506.548
119.1678
1497.925
1.0
Obj_BoardWood_Triangle_01
0
0.581593
0
2697.5
281.0469
1370.5
1.0
Obj_TreeApple_A_M_01
0
0
0
2915.951
154.1406
1739.546
1.0
FldObj_CliffWhiteWall_B_03_Far
2.844267
1.197362
2.964754
2805.018
145.0863
1886.586
1.0
FldObj_CliffWhiteWall_A_02
-0.7248485
-0.1069321
0.09053618
2988.721
372.1377
978.9506
1.0
FldObj_SpiderMountainPiller_A_02_Far
0
-2.959939
0
2768.408
223.7411
1195.266
1.08
LinkTagAnd
0
0.7389015
0
2407.927
122.08
1826.342
1.0
Enemy_Bokoblin_Junior
0
1.18
0
2066.767
121.9505
1795.881
1.0
Item_Fruit_A
0
0.9287021
0
2129.474
137.7018
1648.306
1.0
Obj_RockSetGray_A_L_01
1.06
0.28
0
2429.804
109.5557
1864.153
1.0
Enemy_Bokoblin_Guard_Junior_TreeHouseTop
0
-1.879994
0
2830.654
219.6873
1137.863
1.0
FldObj_SpiderMountainPiller_A_03
3.137419
8.742278E-08
3.122227
2802.426
167.1557
1173.408
1.5
Enemy_Lizalfos_Guard_Junior_LongVisibility
0
2.356194
0
2677.5
277
1389
1.0
Area
0
0
0
2286.692
118.7844
1756.817
13.84158
FldObj_CliffWhiteWall_B_01
-3.082309
1.061998
-3.141502
2865.798
143.6436
1934.87
0.8
FldObj_CliffWhiteWall_A_02
0
2.76
0
2724.622
174.5859
1894.985
1.0
ConstraintDummy
0
-0.39444
0
2130.343
118.7333
1927.988
1.0
FldObj_CliffWhiteLumpRock_A_01
-0.5524819
0.5001175
0.0923693
2455.641
216.3837
1422.905
1.0
FldObj_CliffWhiteWall_A_02_Far
-0.9184542
-0.6287163
-0.1570636
2891.102
298.8191
1526.364
1.3
FldObj_CliffWhiteWall_A_02_Far
2.041592
-1.241593
3.141593
2345.563
192.831
1561.403
1.0
LinkTagNAnd
0
-2.055999
0
2695.184
233.4396
1333.878
0.6
FldObj_SpiderMountainPiller_A_01_Far
0
3.028391
0
2992.198
220.7633
1147.617
1.6
TwnObj_BrownStoneRuinWall_A_01
0
-3.141593
0
2089.777
120.4041
1767.156
1.0
FldObj_RiverEdge_A_03_Far
0
0.9999999
0
2379.667
117.5452
1879.122
1.0
Obj_BoardWood_Triangle_01
0
0
0
2276.5
226
1373
1.0
LinkTagAnd
0.3692228
-0.1026257
-0.5155379
2926.104
481.0713
1402.42
1.0
FldObj_CliffWhite_A_S_01_Far
0
0
0.07999999
2461.069
306.703
1227.751
1.0
FldObj_CliffWhiteWall_A_01_Far
-0.216632
0.06253183
-0.05637623
2921.254
313.492
1060.045
1.0
LinkTagAnd
0
2.700001
0
2706.18
205.5232
1164.604
1.0
DgnObj_EntranceShutter_A_01
0
-2.055999
0
2694.291
220.9397
1331.712
1.0
Area
0
-1.54
0
2205.01
186.9097
1373.237
10
Area
0
0.2946017
0
2069.38
243.0366
1186.155
50
LinkTagOr
0
-1.48
0
2332.405
143.9474
1823.847
2
FldObj_CliffWhiteWall_A_02
0
-0.4999999
0
2386.292
321.0291
1259.033
1.0
LinkTagOr
0
1.681592
0
2522.774
336.3739
1257.955
1.0
AirOcta_Tag
0
1.890795
0
2258.5
240.7
1376.3
1.0
Obj_TreeBroadleafRoot_B_L_01
0
-0.4199999
0
2366.208
311.3883
1189.111
1.0
FldObj_SpiderMountainBase_A_05
0
0
0
2959.922
235.1762
1102.259
1.0
FldObj_CliffWhiteWall_A_01
0.2052856
-0.9935986
-0.2435433
2492.64
277.8043
932.51
1.0
FldObj_CliffWhite_A_01
0
2.704623
0
2380.184
113.4486
1722.949
1.0
Area
0
-0.5199999
0
2055.636
248.2859
1207.622
0.1
FldObj_SpiderMountainBase_A_03_Far
0
0
0
2775.112
212.5082
1177.094
1.0
FldObj_SpiderMountainPiller_A_03
0
-0.7900355
0
2447.809
155.0695
939.953
1.5
FldObj_SpiderMountainWall_A_05
0
0.8928581
0
2513.127
223.2604
985.718
0.65
FldObj_SpiderMountainPiller_A_03
-0.04266021
0.4022617
-0.1002224
2646.982
146.6127
1167.261
1.5
Item_Fruit_A
0
0.9287021
0
2130.258
138.6517
1651.265
1.0
Item_Fruit_A
0
-0.7912979
0
2409.355
121.7656
1833.351
1.0
LinkTagNAnd
0
0
0
2514
117.9129
1522.5
1.0
EnemyLookTag
0
0
0
2849.5
210.1514
1117.5
1.0
FldObj_SpiderMountainWall_A_03_Far
0
-0.7729539
0
2472.363
196.9606
954.765
1.0
FldObj_RiverEdge_A_02_Far
3.041593
-0.2415929
3.141593
2577.786
120.0297
1835.206
1.0
FldObj_CliffWhiteWall_A_02_Far
-0.8442272
-1.355416
-0.1363486
2384.752
204.3364
1491.641
1.0
Area
0
0
0
2071.168
121.8627
1797.811
25
FldObj_CliffWhiteWall_A_03_Far
-0.1271647
-0.4826533
-0.009093165
2677.698
277.1013
1024.04
1.562
FldObj_RiverEdge_A_02_Far
-0.0683041
0.7013166
0.0197748
2389.959
116.8971
1863.731
1.0
FldObj_CliffWhiteWall_B_01
0.2470216
-1.087855
-0.2771808
2898.577
146.3801
1917.323
1.0
FldObj_CliffWhiteTunnel_A_02
0
-0.9400001
0
2306.503
226.0169
1354.645
1.1
Obj_RockSetGray_A_L_01
-1.568587
-0.4402963
0.01551185
2438.582
114.8287
1849.502
1.0
FldObj_CliffWhiteWall_B_03
3.037858
0.1004663
-2.788463
2749.91
143.1241
1835.189
1.0
FldObj_CliffWhiteWall_A_05_Far
-0.12
-0.7599999
0
2633.067
270.2819
1478.784
1.0
Area
0
0
0
2925.505
155.0617
1773.871
15
TwnObj_BrownStoneRuinPillar_A_01
0.1701421
-0.5085644
-0.1708775
2137.719
120.3029
1774.924
1.0
FldObj_SpiderMountainPiller_A_01_Far
0
-0.9124546
0
2452.402
154.6857
968.022
1.6
FldObj_CliffWhiteWall_A_05_Far
-0.0009948377
-0.273912
0.06291912
2792.224
300.2606
1043.387
0.7270001
LinkTagOr
0
-0.8600001
0
2636.492
207.7848
1109.375
1.0
LinkTagAnd
0
0
0
2679
286.5
1409.5
1.0
FldObj_CliffWhiteWall_A_05
-0.0009948377
-0.273912
0.06291912
2792.224
300.2606
1043.387
0.7270001
FldObj_SpiderMountainWall_A_05_Far
0
2.657141
0
2714.025
200.976
1074.335
0.8
DgnObj_EntranceElevator_A_01
0
-2.055999
0
2697.653
220.9397
1333.484
1.0
FldObj_CliffWhiteParts_A_05
-0.1092506
0.5209137
0.01926069
2410.854
85.83867
1717.42
1.1
FldObj_CliffWhiteWall_A_01
-0.7664245
-0.0174938
0.371702
2907.706
338.9874
992.3492
1.0
FldObj_CliffWhiteWall_A_05
-0.2770635
-0.003472276
0.239913
2801.677
332.3585
975.8937
1.0
FldObj_CliffWhiteWall_B_03_Far
2.869065
0.8217281
3.062743
2785.783
147.9296
1854.172
1.0
FldObj_CliffWhiteLumpRock_A_01
2.860542
-0.09496112
-3.113004
2716.389
121.9618
1849.421
1.0
FldObj_SpiderMountainPiller_A_01
0
-1.883175
0
3056.262
231.3128
1123.714
1.6
FldObj_SpiderMountainWall_A_05
0
-2.986014
0
2816.09
230.5366
1189.74
0.75
EnemyLookTag
0
-1.660002
0
2829
219.5018
1142
1.0
LinkTagOr
0
-1.48
0
2336.208
137.9474
1832.538
2
FldObj_SpiderMountainWall_A_05
0
2.238228
0
2493.508
223.2604
971.076
0.65
AnchorAction3_Rain
0
1.369204
0
2399.339
118.6525
1839.461
1.0
Item_Fruit_A
0
-0.7912979
0
2408.679
122.0156
1834.018
1.0
FldObj_CliffWhiteWall_B_03_Far
-0.0623033
-1.17002
-0.09984467
2842.009
147.236
1921.338
1.0
FldObj_CliffWhiteWall_A_01
-0.05999999
0.5799999
0
2457.78
154.485
1677.075
1.0
LinkTagAnd
0
0
0
2683.829
287.4734
1404.945
1.0
Area
0
1.36
0
2320.661
119.879
1726.377
0.5570178
DestinationAnchor
0
0.5619948
0
2690.88
220.9396
1331.609
1.0
ActorObserverTag
0
-0.5199999
0
2055.184
249.4359
1207.306
1.0
Enemy_AirOctarock
0
-1.185398
0
2670.793
278.1265
1389.414
1.0
Enemy_Bokoblin_Middle
0
0
0
2082.943
121.8619
1796.411
1.0
FldObj_WaterFallAkkare_A_02_Far
0
-1.04
0
2271.364
224.215
1375.683
1.0
FldObj_CliffWhiteParts_A_01
-0.12
1.100001
0
2662.781
265.5175
1340.374
1.0
EventTag
0
-2.814739
0
2520.033
137.0881
1840.575
1.0
FldObj_KorokStone_A_01
0
0
0
2498.933
203.8077
1806.451
1.0
FldObj_CliffWhiteWall_A_01_Far
-0.7664245
-0.0174938
0.371702
2907.706
338.9874
992.3492
1.0
FldObj_CliffWhiteParts_A_03_Far
-0.5599999
-0.46
0
2251.083
129.5304
1707.842
1.0
FldObj_SpiderMountainWall_A_05_Far
0
-2.920494
0
2641.448
230.2952
1196.409
0.647126
LinkTagOr
0
-3.141593
0
2058.005
247.313
1208.555
1.0
FldObj_CliffWhiteWall_A_01_Far
2.321593
0.238407
3.141593
2940.166
419.2238
1381.037
0.8
FldObj_CliffWhiteWall_A_02
-0.6791909
-0.426122
0.02364957
2316.757
193.7575
1644.958
1.0
Enemy_Bokoblin_Middle
0
0
0
2581.117
205.1166
1033.539
1.0
FldObj_CliffWhiteWall_A_03
-0.1271647
-0.4826533
-0.009093165
2677.698
277.1013
1024.04
1.562
FldObj_SpiderMountainWall_A_05_Far
0
3.141593
0
2959.617
229.9841
1111.979
0.6
FldObj_SpiderMountainWall_A_04
0
-2.687214
0
2769.916
219.4199
1199.928
1.0
FldObj_SpiderMountainPiller_A_03_Far
0
-0.2294811
0
2808.073
150.7574
1129.459
1.5
FldObj_SpiderMountainWall_A_02_Far
0
-2.107293
0
2760.948
214.2979
1234.355
1.0
AnchorAction1
0
2.281593
0
2297.655
117.1781
1847.825
1.0
Obj_RockSetWhite_A_L_01_Far
-1.779144
-0.6347632
-2.671261
2536.84
118.2507
1493.938
1.0
FldObj_CliffWhiteWall_B_01_Far
0.4341426
-1.192549
-0.4770167
2868.317
155.0826
1864.352
1.0
LinkTagOr
0
-1.48
0
2326.25
142.9474
1833.445
2
FldObj_WaterFallBottom_A_01
0
-1.04
0
2263.104
114.836
1380.791
1.2
Enemy_Bokoblin_Junior
0
0.7400001
0
2567.318
201.2237
1984.021
1.0
BarrelBomb
0.007580181
-0.9601472
0.00168456
2590.541
115.0419
1726.258
1.0
FldObj_CliffWhite_A_01_Far
0
2.704623
0
2380.184
113.4486
1722.949
1.0
TwnObj_BrownStoneRuinPillar_A_01
0.7091151
1.162945
1.85169
1996.955
119.4211
1938.864
1.0
FldObj_CliffWhite_B_08
-3.081974
0.8556763
-2.920805
2840.516
104.8889
1896.61
1.0
FldObj_CliffWhiteWall_A_06_Far
-0.2423393
-1.374342
0.2061647
2288.311
228.707
1406.497
1.0
FldObj_SpiderMountainWall_A_01_Far
0
1.774284
0
2639.072
216.8567
1222.154
1.0
FldObj_CliffWhiteWall_A_05_Far
-0.2575603
0.4060452
0.1079811
3007.86
302.1768
1517.945
1.0
Obj_RockSetWhite_A_L_01_Far
2.552376
-1.365503
-2.523179
2513.07
112.7128
1582.534
1.0
Obj_TreeBroadleaf_B_L_01
-2.544681
1.260867
-2.500793
2549.354
212.0858
1080.482
0.8
FldObj_CliffWhiteLumpRock_A_01
-0.702443
-0.5954984
-0.04203662
2345.316
218.0313
1420.949
1.2
FldObj_CliffWhiteWall_B_03
-0.2757193
-0.4801255
0.1444676
2772.357
138.8049
1805.146
1.0
DgnObj_DungeonEntrance_A_01
0
-2.055999
0
2697.653
219.9396
1333.484
1.0
Obj_LiftRockWhite_A_01
0.1204629
-0.0230825
0.3782098
2573.658
346.2414
1259.005
1.0
FldObj_MountainSheikerWall_A_08_Far
-0.1958992
0.7351487
-0.05564454
2236.335
348.0892
1054.959
1.0
FldObj_SpiderMountainPiller_A_03_Far
0
-2.961592
0
2905.284
162.5392
1130.511
1.5
FldObj_CliffWhiteLumpRock_A_01
2.781593
0.761593
3.141593
2642.214
282.4586
1437.464
1.2
FldObj_CliffWhiteWall_A_02
-0.4200002
0
0
2855.264
326.9264
1043.096
1.0
LinkTagOr
0
-1.48
0
2330.821
136.463
1828.51
1.0
FldObj_CliffWhiteLumpRock_A_01
2.285595
0.443623
-3.120117
2268.176
325.2179
1122.238
1.0
FldObj_CliffWhite_A_S_01_Far
-0.1815932
0.6216875
-0.1719587
2071.26
120.822
1914.268
0.9
Npc_Assassin_004
0
-2.896126
0
2619.098
121.8315
1693.43
1.0
FldObj_CliffWhiteWall_B_03_Far
-0.2090757
-0.7325028
0.02083694
2789.542
148.0253
1811.613
1.0
SwitchTimeLimited
-1.570796
-1.48
0
2331.501
142.9474
1835.979
0.5
TwnObj_BrownStoneRuinWall_A_04_Far
0
0
0
2120.911
122.144
1722.061
1.0
Item_Fruit_A
0
0.9287021
0
2127.652
139.0018
1647.068
1.0
Obj_RockSetGray_A_L_01
2.16
0.1399999
0
2542.209
114.8714
1729.637
1.0
LinkTagAnd
0.5411955
0.1933077
-0.9693455
2165.969
461.3385
1034.728
1.0
ActorObserverTag
0
0
0
2499.183
205.8077
1806.701
1.0
Obj_RockSetGray_A_L_01
-2.965613
0.9245546
1.482121
2506.447
111.3481
1741.662
1.0
FldObj_CliffWhiteWall_A_01
-2.892395
1.166351
-2.739137
2369.832
267.5541
952.676
1.2
FldObj_CliffWhiteWall_A_02
-0.1010007
1.321818
0.01950197
2631.723
279.345
1281.97
0.9391996
FldObj_GatewayDestroyed_A_01_Far
0
-1.46
0
2326.682
116.7718
1836.217
1.0
FldObj_SpiderMountainPiller_A_03
0.015546
0.6794671
0.005661255
2620.781
152.9467
1120.614
1.5
AirOcta_Tag
0
0
0
2276.5
229
1373
1.0
FldObj_CliffWhite_A_01_Far
0
0
0
2022.25
107.487
1602.7
1.0
Obj_RockSetWhite_A_L_01_Far
-2.241084
-0.3416474
0.5487092
2736.912
158.3537
1981.512
1.0
FldObj_CliffWhiteLumpRock_A_01
-2.149382
-0.36089
1.156951
2111.739
112.5333
1506.412
1.0
Area
-0.02458505
0.9991828
-0.001285893
2391.467
118.1964
1781.931
49.99999
LinkTagOr
0
-0.7912979
0
2413.416
116.7656
1828.619
1.0
Enemy_Bokoblin_Middle
0
-1.063186
0
2475.227
208.2647
985.8125
1.0
Obj_LiftRockWhite_A_01
-0.07606446
-0.02974473
-0.08821558
2163.887
460.5216
1034.745
1.0
Obj_RockSetWhite_A_L_01
0.980962
0.4541981
2.467204
2788.644
142.6617
1907.378
1.0
PlayerOnScaffoldCheckTag
0
0.1199999
0
2068.191
128.7408
1821.552
1.0
EventTag
0
-0.698407
0
2175.038
233.7046
1379.59
1.0
FldObj_SpiderMountainWall_A_05_Far
0
-0.4786391
0
2534.752
219.5581
1001.477
0.65
FldObj_CliffWhiteWall_A_02
2.787033
0.05217119
3.015774
2388.802
187.7651
1976.127
1.0
Obj_RaftWoodSail_A_S_01
0
0
0
2287.319
114.9656
1959.311
1.0
FldObj_CliffWhiteWall_A_02
-0.1799841
0.001598188
0.01993605
2311.566
303.562
1221.178
1.0
FldObj_CliffWhiteWall_A_01
3.00611
-0.7376567
-3.089406
2422.025
170.8422
1924.583
1.0
FldObj_CliffWhite_B_10_Far
3.109364
-1.277766
-3.003069
2764.782
138.8463
1709.029
1.0
FldObj_CliffWhiteWall_A_03_Far
-0.1450369
-0.7394087
-0.01523673
2442.338
272.6592
888.709
1.205
EnemyLookTag
0
0
0
2082.988
121.7391
1799.32
1.0
FldObj_WaterFallAkkare_A_02
0
-1.04
0
2271.364
224.215
1375.683
1.0
TimeControlTag
0
0.5235988
0
2509
118.5
1526
1.0
Enemy_AirOctarock
0
2.152389
0
2704.065
282.6734
1368.19
1.0
Area
0
0
0
2388.34
108.6733
1806.784
40.26913
LinkTagNAnd
0
0.326853
0
2527.259
117.1264
1836.878
1.0
LinkTagAnd
0
0.1199999
0
2066.219
121.7514
1813.651
1.0
FldObj_CliffWhite_A_01
0
0.5369728
0
2284.229
112.3525
1709.392
1.0
FldObj_CliffWhiteWall_A_03
2.968753
0.4998623
-3.141593
2544.292
250.7908
1104.734
1.0
LookTag
0
0.74
0
2507.769
118.1676
1502.228
1.0
TBox_Field_Enemy
0
-0.698407
0
2172.237
218.7603
1369.199
1.0
FldObj_SpiderMountainWall_A_04
0
2.036101
0
2613.039
220.017
1130.541
1.0
FldObj_CliffWhiteLumpRock_A_01
3.101535
-0.5506652
3.094987
2298.551
223.2501
1387.203
0.8
FldObj_SpiderMountainPiller_A_01_Far
0
-3.141593
0
2827.525
182.9738
1123.743
1.0
LinkTagNone
0
0
0
2260.883
239.3328
1371.481
1.0
FldObj_CliffWhiteWall_A_05
-0.7201401
-1.050294
0.2317973
2811.554
346.2028
1448.24
0.9
ActorObserverTag
0
-1.48
0
2346.933
131.2443
1826.542
2
LinkTagAnd
0
0
0
2718.187
161.3873
1116.645
1.0
FldObj_CliffWhiteWall_A_01
2.721593
1.021593
3.141593
2436.539
196.1237
1576.652
1.15
DragonDropItemTarget
0
0
0
2581.7
246.0907
1109.7
1.0
Area
0
0
0
2498.633
204.0577
1806.751
0.1
FldObj_SpiderMountainPiller_A_03_Far
0
1.570796
0
2972.438
175.6887
1127.112
1.5
BattleBgmRequestFinishTag
0
2.443186
0
2159.143
233.6784
1367.546
1.0
TBox_Field_Stone
-0.8984343
-1.117113
0.9817608
2355.025
202.7639
1713.532
1.0
TBox_Field_Enemy
0
-2.814739
0
2530.37
122.1438
1843.572
1.0
FldObj_CliffWhite_A_01_Far
2.985927
-1.133594
-2.904001
2253.182
127.0701
1649.285
1.0
FldObj_CliffWhiteWall_A_01
2.321593
0.238407
3.141593
2940.166
419.2238
1381.037
0.8
FldObj_RiverEdge_A_03
0
-2.04
0
2463.684
116.6298
1806.21
1.0
SwitchTimeLag
0
0.1199999
0
2072.308
141.731
1807.371
1.0
Area
0
0
0
2071.168
121.8627
1797.811
100
FldObj_CliffWhiteWall_A_02_Far
-1.09287
-0.2853235
-0.3886153
2278.296
261.1608
1227.087
1.0
EnemyLookTag
0
-1.570796
0
3013.423
236.4402
1130.894
1.0
FldObj_CliffWhiteWall_A_01
-0.4072676
1.081147
0.1543709
2725.24
156.535
1959.523
1.0
FldObj_CliffWhiteWall_A_02_Far
2.787033
0.05217119
3.015774
2388.802
187.7651
1976.127
1.0
ActorObserverTag
0
0
0
2549.791
347.532
1258.007
1.0
FldObj_SpiderMountainPiller_A_01
0
1.474334
0
2992.198
177.4046
1147.617
1.6
FldObj_SpiderMountainWall_A_04_Far
0
-0.2232398
0
2551.214
198.7242
1014.046
1.0
FldObj_CliffWhiteWall_A_01
-0.216632
0.06253183
-0.05637623
2921.254
313.492
1060.045
1.0
LinkTagAnd
0
-1.623185
0
2760.342
153.0021
1860.534
1.0
BeeHome
0
1.081593
0
2387.26
120.6156
1839.131
1.0
EnemyChatFortMgrTag
0
0
0
2472.227
208.2537
987.3125
1.0
FldObj_CliffWhiteParts_A_03_Far
0.400261
1.431556
1.036006
2268.357
111.1227
1968.824
1.0
FldObj_CliffWhiteLumpRock_A_01
3.027878
0.7020012
-3.132191
2383.015
316.2076
1229.167
1.0
ActorObserverTag
0
-0.5199999
0
2055.617
249.4359
1207.554
1.0
FldObj_CliffWhiteWall_A_02_Far
0.1121285
-0.3354714
0.04385359
3063.187
234.0168
1113.338
1.0
FldObj_SpiderMountainWall_A_03
0
1.689067
0
2655.229
217.161
1252.322
1.0
FldObj_CliffWhiteWall_A_05
2.492716
-0.4263576
2.984579
2906.803
368.5003
1358.411
1.0
FldObj_CliffWhiteWall_A_05
0
2.772787
0
2457.241
270.3507
1083.206
0.7270001
Area
0
3.012438
0
2398.14
120.2086
1839.564
1.0
FldObj_SpiderMountainWall_A_05
0
-0.36
0
2638.329
204.4283
1038.484
0.5669819
EnemyFortressMgrTag
0
0
0
2071.168
121.8627
1797.811
1.0
FldObj_SpiderMountainWall_A_03_Far
0
1.881465
0
2641.367
218.922
1186.927
1.0
FldObj_SignboardWood_A_01
0
-1.7
0
2960.188
115.0041
1993.676
1.0
Enemy_AirOctarock
0
-1.774602
0
2689.953
282.7047
1369.807
1.0
LinkTagOr
0
0
0
2548.791
348.532
1258.007
1.0
Area
0
-1.16
0
2932.773
154.3317
1746.555
15
LinkTagAnd
0
0.74
0
2504.492
119.1676
1498.396
1.0
FldObj_CliffWhite_A_05
0.5303003
1.372941
0.5308426
2285.076
149.9336
1610.686
1.0
FldObj_CliffWhite_A_05_Far
0.5303003
1.372941
0.5308426
2285.076
149.9336
1610.686
1.0
Npc_HiddenKorokGround
0
2.356194
0
2511.433
120.0366
1571.525
1.0
FldObj_CliffWhiteWall_A_01
-0.2629862
-0.3187844
0
2623.208
309.896
975.788
1.0
FldObj_SpiderMountainWall_A_05_Far
0
-0.6913243
0
2561.881
209.0217
1094.584
0.7
FldObj_SpiderMountainPiller_A_03
0
0.2925189
0
2663.939
162.1706
1193.925
1.5
LinkTagAnd
0
0
0
2675.5
276.9253
1385.5
1.0
LinkTagAnd
0
-1.48
0
2330.594
146.9474
1826.02
2
Item_Fruit_A
0
0.9287021
0
2129.498
138.4017
1650.696
1.0
LinkTagOr
0
2.16
0
2369.12
117.5487
1853.869
1.0
Obj_RockSetWhite_A_L_01
2.552376
-1.365503
-2.523179
2513.07
112.7128
1582.534
1.0
Item_Fruit_A
0
0
0
2917.76
156.7056
1739.075
1.0
FldObj_CliffWhiteWall_A_01
0.02
-0.9653982
0
2286.672
212.4688
1366.208
1.0
BarrelBomb
0.008796902
-0.139691
0.006565235
2592.788
115.0366
1728.007
1.0
LinkTagAnd
0
-1.48
0
2329.328
142.9474
1834.169
2
DragonDropItemTarget
0
0
0
2813.1
250.9115
1184.6
1.0
FldObj_CliffWhiteParts_A_01
0
-1.8
0
2323.99
113.7504
1987.933
1.0
TBox_Field_Stone
0.08978207
0.001395597
-0.03106516
2338.062
119.1706
1726.662
1.0
Area
0
2.613011
0
2926.044
118.5497
1999.167
50
FldObj_SpiderMountainWall_A_03
0
-0.3005614
0
2614.911
198.9046
1033.017
1.0
FldObj_MountainSheikerWall_A_02_Far
0
0
0
2043
258.5
1191
1.0
Enemy_Bokoblin_Junior
0
3.141593
0
2103.642
121.3383
1799.064
1.0
FldObj_CliffWhiteWall_A_02_Far
-0.5
0
0
2784.562
236.9596
1632.197
1.0
Obj_KorokPot_A_01
-0.7599998
-1.100003
0
2348.026
130.7599
1852.046
1.0
LinkTagAnd
0
-2.055999
0
2693.045
220.9396
1329.359
0.3
Area
0
-0.5199999
0
2055.115
247.6859
1207.324
0.1
Area
2.356194
3.090862E-08
1.570796
2513.138
120.007
1572.191
0.2109886
Obj_BoardWood_Triangle_01
0
-2.99066
0
2679.22
285.8469
1409.436
1.0
Obj_RockSetGray_A_L_01
-0.3919131
-0.08218043
-1.766864
2238.226
115.0091
1374.568
1.0
FldObj_WaterFallBottom_A_01_Far
0
-1.04
0
2263.104
114.836
1380.791
1.2
Obj_TreeBroadleaf_A_L
0
-1.864913
0
2769.805
148.0021
1871.044
1.117206
LinkTagNOr
0
0.326853
0
2522.899
117.1069
1845.001
1.0
FldObj_CliffWhiteParts_A_03_Far
2.956342
1.173515
-2.817394
2368.756
310.3065
1199.898
1.0
FldObj_CliffWhiteWall_A_02
-0.614487
0.8165815
0.03634627
3032.836
372.4827
1411.006
1.0
LinkTagAnd
-2.239965
0.02245688
-2.309884
2704.361
204.0232
1162.606
1.0
LinkTagNone
0
0
0
2103.642
121.3383
1799.064
1.0
FldObj_SpiderMountainPiller_A_04
0
-0.5795401
0
2740.541
162.4896
1193.285
1.5
FldObj_SpiderMountainPiller_A_01
0
3.028391
0
2992.198
220.7633
1147.617
1.6
LinkTagNOr
0
0.1199999
0
2065.643
121.7439
1821.585
1.0
LinkTagNone
0
0
0
2570.657
202.7767
1972.848
1.0
Obj_RockBroken_A_02
0
-0.04000932
0
2339.194
118.0535
1725.976
1.5
FldObj_CliffWhiteWall_A_05
-0.2575603
0.4060452
0.1079811
3007.86
302.1768
1517.945
1.0
AreaCulling_InnerHide
0
1.18
0
2576.597
116.1902
1842.979
1.0
FldObj_SpiderMountainWall_A_02_Far
0
-0.2172935
0
2585.865
198.2647
1014.756
1.0
FldObj_CliffWhiteWall_B_03
-0.4094278
0.9652277
-0.1931049
2791.213
145.2252
1961
1.0
FldObj_CliffWhiteWall_A_02_Far
0
2.76
0
2724.622
174.5859
1894.985
1.0
FldObj_CliffWhiteWall_A_01_Far
-0.4072676
1.081147
0.1543709
2725.24
156.535
1959.523
1.0
Obj_RockSetWhite_A_L_01_Far
1.580374
0.2799878
0.002646708
2777.358
143.3853
1891.378
1.0
TwnObj_BrownStoneRuinArch_A_02_Far
0
0
0
2106.299
122.2592
1743.183
1.0
Obj_RockSetWhite_B_L_02
-1.7
0.8400005
0
2961.808
163.42
1861.007
1.0
FireWood
0
-2.157925
0
2524.349
117.102
1820.681
1.0
Obj_RockSetGray_A_L_01
0.26
-0.16
0
2544.25
105.0977
1852.282
1.0
AnchorAction1_Rain
0
-2.007129
0
2326.5
117.0665
1839.5
1.0
FldObj_CliffWhiteWall_A_02
2.162334
0.2324292
2.809377
2976.951
340.2065
1292.991
1.0
LookTag
0
-1.222006
0
2170.57
220.5203
1369.805
1.0
Area
0
0.1199999
0
2073.155
128.7408
1820.953
2
Obj_RaftWoodSail_A_S_01
0
-0.3800003
0
2668.673
201.2848
1084.811
1.0
LinkTagAnd
0
-3.021593
0
2079.265
141.7525
1809.64
1.0
FldObj_SpiderMountainWall_A_01_Far
0
-0.4142364
0
2753.554
183.1573
1091.277
1.0
FldObj_CliffWhiteTop_A_01_Far
0
1.483185
0
2157.139
161.6346
1547.421
1.0
FldObj_CliffWhite_B_08_Far
0.02619378
-0.5794759
-0.04780948
2905.77
99.71521
1999.384
1.0
DragonDropItemTarget
0
0
0
2626.7
238.5862
1150
1.0
FldObj_MountainSheikerWall_A_08
0
1.68
0
2244.793
344.8275
1008.463
1.0
Item_Fruit_A
0
0.9287021
0
2125.267
138.6517
1650.342
1.0
Enemy_AirOctarock
0
2.676193
0
2260.883
239.3328
1371.481
1.0
FldObj_CliffWhiteParts_A_05
0.09999999
0.07999992
0
2374.927
123.92
1703.613
1.0
FldObj_CliffWhiteParts_A_05_Far
0
1.461593
0
2561.687
104.2803
1626.933
0.8
LinkTagNOr
0
-1.48
0
2331.32
142.9474
1833.987
2
FldObj_SpiderMountainPiller_A_03_Far
0
-0.02947634
0
2841.437
152.6133
1132.837
1.5
PosAfterDemoSkip
0
-2.401593
0
2505.582
119.1676
1499.981
1.0
TwnObj_BrownStoneRuinWall_A_05
0
1.570796
0
2119.727
120.7631
1749.002
1.0
FldObj_CliffWhite_A_S_01
0
0
0.07999999
2461.069
306.703
1227.751
1.0
FldObj_CliffWhiteWall_A_01
0
1.989134
0
2609.832
278.2514
1206.499
1.0
FldObj_CliffWhiteWall_A_02
-1.09287
-0.2853235
-0.3886153
2278.296
261.1608
1227.087
1.0
LinkTagAnd
0
-1.48
0
2330.776
139.9474
1828.012
2
FldObj_SpiderMountainPiller_A_03
0
0.01471625
0
2834.412
162.2443
1146.521
1.5
DgnObj_EntranceShutterSP
0
0.74
0
2503.588
119.1678
1497.649
1.0
EnemyLookTag
0
0.98
0
2716
174.7732
1974.5
1.0
LinkTagAnd
0
0.7389015
0
2401.193
122.08
1818.95
1.0
Area
0
1.02526
0
2545.351
124.0916
1827.185
2
FldObj_CliffWhiteWall_B_03
-0.02495348
1.37994
0.2587657
2806.28
143.1333
1926.013
1.0
Obj_BoardWood_Triangle_01
0
-0.4
0
2677.07
276.5
1388
1.0
FldObj_CliffWhiteWall_A_02
2.086438
-0.2377806
-2.474879
2773.644
344.4629
1380.98
1.0
ActorObserverTag
0
-1.48
0
2336.208
132.9474
1832.538
2
Enemy_Bokoblin_Guard_Junior_Ambush
0
0
0
2845.281
210.143
1120.914
1.0
LinkTagAnd
0
-2.055999
0
2693.045
220.9396
1329.359
0.3
FldObj_CliffWhiteLumpRock_A_01
-0.7697156
-0.5122474
-0.1034696
2511.588
318.8075
1279.682
1.0
DragonDropItemTarget
0
0
0
2637.6
270.4432
1029.1
1.0
LinkTagAnd
0
0
0
2718.187
161.3873
1116.645
1.0
FldObj_SpiderMountainWall_A_03
0
-2.920372
0
2833.162
219.2642
1185.89
1.0
Area
0
0
0
2499.233
204.6577
1806.751
0.1
LinkTagAnd
0
0
0
2704.065
282.6734
1368.19
1.0
FldObj_CliffWhiteWall_A_05
3.078098
0.3635521
2.964686
2483.502
297.8383
1106.096
0.727
FldObj_CliffWhiteWall_A_02
-1.26
0
-0.36
2410.112
221.6985
1432.706
1.0
LinkTagAnd
0
0
0
2055.525
251.4359
1207.213
1.0
DragonDropItemTarget
0
0
0
2782.9
277.128
1204.7
1.0
FldObj_CliffWhiteParts_A_06
2.741592
-0.001592072
-3.141592
2931.786
296.4405
1226.426
1.2
BattleBgmRequestFinishTag
0
0.326853
0
2538.576
137.0619
1833.237
1.0
FldObj_SpiderMountainWall_A_05_Far
0
-0.4948026
0
2683.303
200.976
1060.949
0.6
LinkTagNAnd
0
0.74
0
2502.896
131.5335
1495.22
1.0
LinkTagAnd
0
0
0
2257.5
238
1375.5
1.0
Enemy_Lizalfos_Junior
0
0
0
2712.078
200.757
1169.867
1.0
FldObj_CliffWhiteTunnel_A_01_Far
0.3046323
-0.2125577
-0.3784178
2240.851
144.9045
1551.011
1.0
FldObj_CliffWhiteWall_A_05_Far
0
2.772787
0
2457.241
270.3507
1083.206
0.7270001
FldObj_CliffWhiteWall_B_03_Far
-0.2757193
-0.4801255
0.1444676
2772.357
138.8049
1805.146
1.0
FldObj_CliffWhiteLumpRock_A_01
-1.90742
1.104759
-0.483622
2168.159
151.9642
1496.646
1.0
Obj_RockSetWhite_B_L_02
2.964369
-0.9709201
-2.927917
2888.736
118.6273
1962.654
1.0
Area
0
-1.48
0
2346.479
130.2443
1821.562
1.0
FldObj_CliffWhiteWall_B_01_Far
-0.1641313
-0.9797987
0.005008514
2812.255
161.8091
1755.944
1.0
FldObj_RiverEdge_A_02_Far
0
2.883185
0
2598.611
118.8318
1830.964
1.0
Npc_OldKorok_Help
0
-2.443461
0
2069.452
188.1711
1422.245
1.0
Enemy_Moriblin_Junior
0
2.041593
0
2739
163.2943
1997.5
1.0
FldObj_SpiderMountainPiller_A_01
0
0.1816539
0
2765.609
223.7411
1174.843
1.08
FldObj_SpiderMountainPiller_A_04
0
-0.1032933
0
3009.055
174.2439
1134.775
1.5
FldObj_CliffWhiteWall_A_02_Far
0.2319848
0.225722
0.01881236
2398.19
224.4458
896.3396
1.0
Obj_RockSetGray_A_L_01
2.268243
-0.1846558
1.309879
2475.091
118.3043
1816.746
1.0
FldObj_KorokStone_A_01
0
-0.5199999
0
2055.525
247.4359
1207.213
1.0
FldObj_CliffWhiteWall_A_05_Far
-0.6563308
0.09523534
0.0229254
2932.261
399.8782
1403.837
0.85
Obj_RockSetWhite_A_L_01
-1.779144
-0.6347632
-2.671261
2536.84
118.2507
1493.938
1.0
FldObj_WaterFallBottom_A_01
0
2.98
0
2699.836
201.137
1289.49
1.5
LinkTagOr
0
3.001591
0
2495.358
208.0029
1804.132
1.0
ActorObserverTag
0
0
0
2498.683
205.8077
1806.701
1.0
Obj_KorokPot_A_01
0
0.7600003
0
2883.128
161.3269
1764.013
1.0
DragonDropItemTarget
0
0
0
2635.2
274.9598
1199.9
1.0
DragonDropItemTarget
0
0
0
2828.2
219.7879
1173.3
1.0
PosAfterDemoSkip
0
1.085593
0
2691.626
220.9396
1330.193
1.0
FldObj_KorokPinwheel_A_01
-0.5760232
-0.6729594
0.3846673
2329.334
133.4218
1827.192
1.0
FldObj_SpiderMountainWall_A_05_Far
0
2.258299
0
2595.783
221.9775
1143.86
0.9
Enemy_Bokoblin_Middle
0
-1.879992
0
2830.5
219.6831
1142.5
1.0
Area
0
0
0
2071.168
121.8627
1797.811
50
TwnObj_BrownStoneRuinArch_A_01_Far
-1.54
0.5235988
0
2538.2
117.3679
1535.888
1.0
FldObj_CliffWhiteLumpRock_A_01
2.897996
-0.4759542
-2.916018
2218.656
118.1736
1453.279
1.0
Area
0
0.5235988
0
2503.121
118.3103
1495.996
25
FldObj_CliffWhiteWall_A_01_Far
-0.05999999
0.5799999
0
2457.78
154.485
1677.075
1.0
BarrelBomb
-0.02289177
0.1335666
-0.06034988
2512.037
118.3889
1835.888
1.0
FldObj_SpiderMountainWall_A_04_Far
0
2.036101
0
2613.039
220.017
1130.541
1.0
Obj_TreeConiferous_A_03
0
0
0
2204.838
162.013
1373.36
1.0
FldObj_CliffWhiteWall_A_02_Far
2.878676
-0.1917768
-2.957024
3056.554
265.651
1201.886
1.227
ActorObserverTag
0
0
0
2547.791
347.532
1258.007
1.0
LinkTagAnd
0
0
0
2394.584
118.0347
1830.665
1.0
FldObj_SpiderMountainWall_A_03
0
-0.7729539
0
2472.363
196.9606
954.765
1.0
FldObj_BridgeRockWhite_A_01_Far
0.01312127
-0.8761098
-0.03795979
2796.707
148.4136
1838
1.0
Item_Fruit_A
0
-0.7912979
0
2409.703
123.1656
1828.367
1.0
Obj_SweepCollision
0
0.74
0
2500.351
133.1676
1494.105
1.0
Area
0
-2.777926
0
2503.355
123.4729
1811.141
2
Enemy_AirOctarock
0
-0.7853982
0
2271.269
227.6265
1376.747
1.0
FldObj_MountainSheikerWall_A_06_Far
0
0
0
2136.395
212.1646
1379.134
1.0
FldObj_CliffWhiteWall_A_05_Far
-0.7201401
-1.050294
0.2317973
2811.554
346.2028
1448.24
0.9
GrassCutTag
0
1.529206
0
2056.535
121.8505
1787.823
1.0
FldObj_HyliaStoneRuinDebris_A_01_Far
-0.6681238
1.465309
-0.5976041
2316.509
117.1321
1845.551
1.0
LinkTagOr
-1.570796
0
0
2059.282
247.0296
1198.262
1.0
BeeHome
0
0
0
2364.102
120.6674
1879.953
1.0
Enemy_Lizalfos_Guard_Junior_LongVisibility
0
-3.141593
0
2679
286.5
1409.5
1.0
FldObj_CliffWhiteWall_A_01
2.54094
-0.6726179
-2.972581
2154.938
147.5488
1517.04
1.0
FldObj_CliffWhiteEdgeParts_A_04
0
-0.7799999
0
2433.647
319.6198
1318.123
1.0
LinkTagAnd
0
0
0
2677.5
277
1389
1.0
FldObj_SpiderMountainFountain_A_01
0
0
0
2706.189
200.757
1163.42
1.0
Area
-0.07606446
-0.02974473
-0.08821558
2163.977
461.5148
1034.669
3
FldObj_SpiderMountainPiller_A_03
0.08702875
-0.6413614
-0.144811
2409.986
166.0695
906.585
1.5
LinkTagAnd
0
-2.896126
0
2617.158
121.8315
1693.916
0.5
DgnObj_EntranceElevatorSP
0
0.74
0
2501.026
119.1678
1494.843
1.0
TwnObj_BrownStoneRuinWall_A_05
-1.595985
-0.1157567
0.03605928
2547.208
118.5199
1559.059
1.0
FldObj_CliffWhiteParts_A_06
-0.6857908
0.2936066
-0.1739877
3034.989
314.1542
1480.511
1.3
FldObj_CliffWhiteWall_A_02_Far
1.76751
-1.299995
-2.004679
3105.405
240.5322
1146.586
1.0
FldObj_CliffWhiteWall_A_02_Far
-0.06098287
0.1796726
-0.01091119
2536.519
172.6383
1636.829
0.8
DragonDropItemTarget
0
0
0
2480.8
262.2389
1040.7
1.0
FldObj_SpiderMountainPiller_A_01_Far
0
-1.883175
0
3056.262
231.3128
1123.714
1.6
FldObj_SpiderMountainWall_A_05_Far
0
0.8928581
0
2513.127
223.2604
985.718
0.65
FldObj_CliffWhiteWall_A_02_Far
2.962365
-1.307094
2.974617
2407.358
267.7584
827.052
1.0
PlayerOnScaffoldCheckTag
0
0.326853
0
2525.386
124.1038
1844.445
1.0
FldObj_CliffWhiteWall_B_01_Far
-3.082309
1.061998
-3.141502
2865.798
143.6436
1934.87
0.8
FldObj_CliffWhiteWall_B_03_Far
3.037858
0.1004663
-2.788463
2749.91
143.1241
1835.189
1.0
LinkTagNAnd
0
2.443186
0
2168.128
213.7429
1375.331
1.0
Enemy_Bokoblin_Guard_Junior_TreeHouseTop
0
-0.7853982
0
2275.5
226.3912
1373
1.0
FldObj_CliffWhiteWall_A_01_Far
0
1.989134
0
2609.832
278.2514
1206.499
1.0
FldObj_SpiderMountainWall_A_03
0
2.605113
0
2521.511
209.864
1064.366
1.0
FldObj_SpiderMountainPiller_A_02_Far
0
2.871223
0
2610.614
190.9862
1054.598
1.6
FldObj_CliffWhiteLumpRock_A_01
-2.352632
0.7967628
-1.413623
2190.888
138.1779
1473.833
1.0
Enemy_Bokoblin_Middle
0
-2.094395
0
2167.33
214.2684
1383
1.0
Enemy_Chuchu_Junior
0
-1.570796
0
2923.466
162.7961
1771.324
1.0
LinkTagNone
0
0
0
2158.67
214.5805
1383
1.0
FldObj_CliffWhiteParts_A_01
-0.2318369
0.6391274
-0.0236697
2962.554
186.4458
1617.161
1.3
ShelterFromRainTag
0
-0.934395
0
2061.269
243.0366
1184.544
1.0
FldObj_CliffWhite_A_03_Far
0
2.24
0
2558.213
184.402
1940.133
1.0
FldObj_SpiderMountainPiller_A_03_Far
0
-1.570796
0
2834.306
162.2443
1170.636
1.5
Item_Fruit_A
0
0.9287021
0
2124.518
139.8017
1651.093
1.0
EventTag
0
0.2164011
0
2506.548
119.1676
1497.925
1.0
LinkTagOr
0.3692228
-0.1026257
-0.5155379
2926.97
480.581
1402.522
1.0
TwnObj_BrownStoneRuinWall_A_01
0.16
0
0
2097.659
120.4041
1767.156
1.0
Enemy_Moriblin_Junior
0
3
0
2448.53
186.1619
1865.871
1.0
FldObj_RiverEdge_A_02
3.092011
-0.7218578
3.127289
2613.321
124.4488
1866.647
1.0
Item_Fruit_A
0
1.396263
0
2916.7
157.1806
1739.046
1.0
FldObj_CliffWhiteWall_B_03_Far
-0.3126215
-0.8693431
0.04949292
2843.962
166.4695
1812.138
1.0
FldObj_CliffWhiteLumpRock_A_01
-0.9685
0.8306065
-0.2834766
2248.197
109.0446
1979.805
1.0
Area
0
-1.48
0
2355.482
123.4709
1857.373
5
Enemy_AirOctarock
0
-1.419864
0
2672.29
287.4734
1408.794
1.0
FldObj_CliffWhiteWall_B_01
-0.1641313
-0.9797987
0.005008514
2812.255
161.8091
1755.944
1.0
FldObj_SpiderMountainWall_A_03_Far
0
1.689067
0
2655.229
217.161
1252.322
1.0
AnchorAction2
3.076894
-0.1453566
3.024207
2517.764
118.0852
1544.352
1.0
EnemyLookTag
0
-1.660002
0
2829.5
219.6869
1137.5
1.0
Item_Fruit_A
0
-0.7912979
0
2413.814
121.3656
1832.74
1.0
FldObj_SpiderMountainPiller_A_03
0
-1.570796
0
2834.306
162.2443
1170.636
1.5
LinkTagAnd
0
0.326853
0
2532.569
117.0954
1835.578
1.0
FldObj_CliffWhiteWall_A_01
0
-2.643894
0
2817.252
280.8551
1223.479
1.0
FldObj_CliffWhiteParts_A_03
-0.5599999
-0.46
0
2251.083
129.5304
1707.842
1.0
Enemy_Bokoblin_Junior
0
-0.12
0
2641.127
209.5986
1783.945
1.0
FldObj_SpiderMountainPiller_A_03_Far
0
-0.7900355
0
2447.809
155.0695
939.953
1.5
FldObj_SpiderMountainWall_A_05_Far
0
-0.36
0
2638.329
204.4283
1038.484
0.5669819
Obj_BoardIron_C_01
-0.1187073
-0.005934753
-0.1690246
2322.387
119.4167
1726.123
1.0
Enemy_Bokoblin_Guard_Junior_TreeHouseTop
0
1.570796
0
2259.5
238.1101
1376.5
1.0
FldObj_SpiderMountainWall_A_05_Far
0
-2.986014
0
2816.09
230.5366
1189.74
0.75
Enemy_Chuchu_Junior
0
-1.570796
0
2922.505
166.0617
1768.777
1.0
FldObj_CliffWhiteWall_A_05_Far
-0.2770635
-0.003472276
0.239913
2801.677
332.3585
975.8937
1.0
Obj_RaftWood_A_S_02
0.246608
0.2731218
0.05969657
2191.823
115.0477
1402.853
1.0
FldObj_MountainSheiker_A_01
0
1.56207
0
2170.828
310.1953
1037.792
1.05
FldObj_CliffWhiteWall_A_03
-0.1450369
-0.7394087
-0.01523673
2442.338
272.6592
888.709
1.205
Obj_RockSetGray_A_L_01
0
0
1.82
2537.641
110.7478
1789.42
1.0
FldObj_CliffWhiteWall_A_01_Far
0.02
-0.9653982
0
2286.672
212.4688
1366.208
1.0
FldObj_WaterFallAkkare_A_02_Far
0
2.981592
0
2712.285
275.685
1305.488
1.627188
LinkTagAnd
0
-1.48
0
2328.331
146.9474
1823.214
2
TwnObj_BrownStoneRuinArch_A_02_Far
0
1.770797
0
2079.084
123.5089
1883.868
1.0
Obj_RockSetWhite_A_L_01_Far
0.980962
0.4541981
2.467204
2788.644
142.6617
1907.378
1.0
LinkTagAnd
0
0
0
2276.5
229
1373
1.0
LinkTagNone
0
0
0
2469.227
208.2575
985.8125
1.0
FldObj_CliffWhite_A_01
0
0
0
2022.25
107.487
1602.7
1.0
FldObj_SpiderMountainWall_A_03
0
1.881465
0
2641.367
218.922
1186.927
1.0
LinkTagAnd
0
0
0
2270.575
227.6578
1368.275
1.0
FldObj_SpiderMountainPiller_A_03_Far
0.08702875
-0.6413614
-0.144811
2409.986
166.0695
906.585
1.5
Area
0
0.6184069
0
2105.251
127.8697
1829.621
2
LinkTagAnd
0
0
0
2276.5
226
1373
1.0
FldObj_KorokStoneLift_A_01
-0.009655668
-0.382484
-0.01595049
2059.964
245.0259
1209.104
1.0
LinkTagOr
0
0.900001
0
2278.52
161.3987
1503.577
1.0
Weapon_Sword_004
-0.6894683
1.462519
1.177942
2060.063
122.0564
1788.594
1.0
TwnObj_BrownStoneRuinWall_A_01_Far
0
0
0
2098.142
123.6878
1730.466
1.0
Weapon_Shield_004
0.7275627
1.036501
2.547252
2507.769
116.9336
1824.213
1.0
LinkTagAnd
0
0
0
2283.255
227.6266
1374.677
1.0
MountainCloud
0
0
0
2749.034
362.7101
1563.226
1.0
LinkTagPulse
0.368549
0.08400094
-0.443524
2926.753
479.0711
1401.813
0.25
LinkTagAnd
0
0
0
2689.953
282.7047
1369.807
1.0
KorokAnswerResponce
0
2.356194
0
2510.004
123.8516
1569.275
0.5
FldObj_CliffWhiteLumpRock_A_01
-2.430336
0.621502
-0.8117843
2190.132
158.1645
1510.908
1.0
LinkTagAnd
0
0
0
2258.5
237.7
1376.3
1.0
FldObj_CliffWhiteParts_A_03_Far
-0.006009059
-0.7523246
-0.2086691
2647.703
166.7205
1596.008
1.0
LinkTagAnd
0
0
0
2256.09
239.3094
1380.918
1.0
FldObj_SpiderMountainPiller_A_04
-2.845386
-0.1984438
3.122437
2674.649
158.7199
1234.877
1.5
LinkTagAnd
0
0
0
2271.269
227.6265
1376.747
1.0
FldObj_SpiderMountainWall_A_05
0
2.238228
0
2493.508
223.2604
971.076
0.65
TwnObj_BrownStoneRuinWall_A_02
0
0
-0.09999999
2128.374
122.421
1789.887
1.0
FldObj_MountainSheikerWall_A_08_Far
0
1.68
0
2244.793
344.8275
1008.463
1.0
TwnObj_BrownStoneRuinWall_A_01
1.3
0.6999999
0
2004.998
120.4817
1919.68
1.0
Obj_TreeApple_A_M_01
0
2.16
0
2372.174
117.5487
1856.639
1.0
LinkTagAnd
-0.04892732
0.005264366
0.2143246
2778.126
154.7504
1745.166
1.0
FldObj_CliffWhiteLumpRock_A_01
2.9943
-1.464913
2.728263
2265.392
132.9233
1517.989
1.0
ActorObserverTag
0
2.356194
0
2510.711
122.8516
1569.982
1.0
FldObj_CliffWhiteTunnel_A_02_Far
0
-0.9400001
0
2306.503
226.0169
1354.645
1.1
FldObj_CliffWhiteWall_B_12_Far
0.09362876
-1.036099
-0.296997
2817.757
145.9016
1846.954
1.0
FldObj_CliffWhiteWall_A_03
2.733953
0.8391019
3.100333
2399.696
318.597
1048.386
1.3
FldObj_CliffWhiteWall_A_02_Far
-0.5033704
1.035731
1.16581
2985.485
288.3703
1060.648
1.227
PlayerOnScaffoldCheckTag
0
-2.777926
0
2508.028
123.4729
1809.363
1.0
Obj_TreeBroadleaf_B_L_01
-2.956283
-0.343233
3.003586
2826.384
291.1414
1206.177
0.8
KorokAnswerResponce
0
-1.48
0
2330.957
137.4474
1830.004
0.5
FldObj_CliffWhite_B_08
0.02619378
-0.5794759
-0.04780948
2905.77
99.71521
1999.384
1.0
FldObj_CliffWhiteWall_A_02_Far
2.879811
-0.279689
-3.112062
2899.305
258.2602
1196.469
1.0
FldObj_CliffWhiteWall_A_01_Far
3.00611
-0.7376567
-3.089406
2422.025
170.8422
1924.583
1.0
FldObj_CliffWhiteWall_A_02_Far
-0.6791909
-0.426122
0.02364957
2316.757
193.7575
1644.958
1.0
FldObj_CliffWhiteMountain_A_02
0
-3.043186
0
2933.994
424.0093
1410.823
0.8
FldObj_CliffWhiteWall_A_02
-1.037388
0.1641398
0.01126992
2143.511
152.7928
1584.301
1.0
FldObj_SpiderMountainPiller_A_03_Far
-0.04266021
0.4022617
-0.1002224
2646.982
146.6127
1167.261
1.5
Area
-0.02417308
0.9881832
-0.0007943126
2393.219
118.2098
1778.886
50
Obj_RockBroken_A_02
0
0
0
2308.291
266.7167
1249.432
1.0
FldObj_SpiderMountainWall_A_05
0
-0.001183471
0
2982.216
234.1825
1110.604
0.7
TwnObj_BrownStoneRuinArch_A_02
0
-1.603183
0
2031.547
122.4565
1809.503
1.0
FldObj_SpiderMountainPiller_A_02_Far
0
3.065461
0
3053.471
231.3128
1154.662
1.6
LinkTagAnd
0
-0.5199999
0
2055.525
250.4359
1207.213
1.0
LinkTagAnd
0
0
0
2513.555
127.0366
1569.404
1.0
LinkTagAnd
0
2.356194
0
2513.555
125.0366
1569.404
1.0
TwnObj_BrownStoneRuinArch_A_01
-2.869458
1.168685
2.491988
2015.179
120.8788
1939.405
1.0
Npc_HatenoGate001
0
3.063185
0
2398.958
118.6447
1834.328
1.0
LinkTagOr
0
-1.939997
0
2283.039
182.957
1609.78
1.0
FldObj_CliffWhiteWall_A_01
2.541593
-0.5015925
3.141593
2081.422
141.8172
1569.516
1.0
FldObj_SpiderMountainPiller_A_03
-0.004173152
0.1472934
-0.01936513
2771.35
166.3028
1178.142
1.5
ShelterFromRainTag
0
3.063184
0
2394.985
117.1193
1812.819
1.0
Obj_RockSetWhite_A_L_01
1.580374
0.2799878
0.002646708
2777.358
143.3853
1891.378
1.0
DragonDropItemTarget
0
0
0
3015.8
236.4181
1141.6
1.0
TreasureSpot_00
0.05765815
0.6570095
0.1309342
2204.593
119.1028
1814.81
1.0
FldObj_CliffWhiteWall_A_01
3.124
0.07382743
-3.016644
2983.815
257.973
1201.464
1.0
LinkTagAnd
0
0
0
2679.22
285.8469
1409.436
1.0
ConstraintDummy
0
-0.4226177
0
2138.709
118.2718
1931.967
1.0
AirOcta_Tag
0
-0.4
0
2677.07
279.5
1388
1.0
TBox_Field_Stone
0.08947546
-0.002529697
0.07649229
2339.563
119.2369
1726.597
1.0
PlayerOnScaffoldCheckTag
0
-2.301591
0
2062.835
128.8105
1765.287
1.0
LinkTagAnd
0
-2.896126
0
2621.038
121.8315
1692.944
0.5
LinkTagAnd
0
0.326853
0
2536.177
117.1038
1835.26
1.0
FldObj_CliffWhiteMountainHole_A_01_Far
0
-1.88
0
2596.795
120.6409
1831.224
1.0
LinkTagOr
0
0
0
2915.351
154.1406
1743.018
1.0
FldObj_SpiderMountainFountain_A_01_Far
0
0
0
2706.189
200.757
1163.42
1.0
Weapon_Sword_004
1.250726
1.019831
-3.036313
2508.339
116.8976
1824.912
0.9915403
LinkTagNone
0
0
0
2711.422
175.8973
1971.074
1.0
Item_Fruit_A
0
0.9287021
0
2124.714
138.7518
1648.492
1.0
Npc_HiddenKorokGround
0
2.700001
0
2705.439
203.1025
1164.945
1.0
FldObj_MountainSheiker_A_01_Far
0
1.56207
0
2170.828
310.1953
1037.792
1.05
LinkTagAnd
0
0
0
2334.392
119.3625
1733.944
1.0
KorokAnswerResponce
0
0
0
2061.282
242.9671
1198.262
1.0
FldObj_SpiderMountainPiller_A_02
0
-2.959939
0
2768.408
223.7411
1195.266
1.08
FldObj_CliffWhiteWall_A_02
-0.177884
-0.3790855
-0.1293463
2717.011
318.926
1027.816
1.0
ActorObserverTag
0
0
0
2498.683
205.8077
1806.201
1.0
FldObj_CliffWhiteWall_B_03
2.869065
0.8217281
3.062743
2785.783
147.9296
1854.172
1.0
Area
0
-1.48
0
2348.026
130.7599
1852.046
1.0
FldObj_MountainSheiker_A_02
0
2.216568
0
2042.5
224
1332
1.0
Npc_HiddenKorokFly
0
3.001591
0
2495.853
205.5029
1804.202
1.0
Obj_CursedStatue
0
0.5235988
0
2509.798
117.8833
1522.781
1.0
FldObj_CliffWhiteWall_A_02_Far
2.825197
-0.6444077
-2.991695
3089.492
249.7182
1174.769
1.0
ActorObserverTag
0
-0.5199999
0
2055.866
249.4359
1207.12
1.0
LinkTagAnd
0
0
0
2331.501
142.9474
1835.979
1.0
EnemyFortressMgrTag
0
-2.157925
0
2524.349
117.102
1820.681
1.0
FldObj_CliffWhiteWall_A_02_Far
0
-0.4999999
0
2386.292
321.0291
1259.033
1.0
LocationTag
0
0
0
2691.5
211.158
1331.21
1.0
FldObj_SpiderMountainWall_A_04_Far
0
-2.687214
0
2769.916
219.4199
1199.928
1.0
FldObj_CliffWhiteWall_A_02_Far
2.97795
-0.5846504
1.686948
3099.981
268.6927
1200.155
1.0
FldObj_GatewayDestroyed_A_01
0
-1.46
0
2326.682
116.7718
1836.217
1.0
ActorObserverTag
0
0
0
2548.791
347.532
1258.007
1.0
Obj_RockBroken_A_02
0
0
0
2354.787
201.6877
1713.104
1.0
FldObj_CliffWhiteWall_A_02
2.514829
0.3844188
3.055138
2539.005
167.6217
1625.263
0.8
Obj_RaftWood_A_S_02
0
-0.3800003
0
2669.138
201.2741
1084.996
1.0
FldObj_CliffWhiteLumpRock_A_01
-1.12
-0.5400003
0
2752.709
251.1335
1552.852
1.0
AirOcta_Tag
0
0.581593
0
2697.5
284.0469
1370.5
1.0
Obj_RockSetGray_A_L_01
-0.6522973
-0.6377374
2.076901
2222.304
158.1527
1360.139
1.0
ActorObserverTag
0
0.900001
0
2278.31
163.0784
1495.689
2
FldObj_CliffWhiteWall_A_05_Far
3.078098
0.3635521
2.964686
2483.502
297.8383
1106.096
0.727
Enemy_AirOctarock
0
1.170796
0
2682.639
278.1266
1392.175
1.0
FldObj_SpiderMountainWall_A_05
0
-0.6913243
0
2561.881
209.0217
1094.584
0.7
FldObj_SpiderMountainWall_A_05_Far
0
2.655483
0
2662.472
200.976
1046.732
0.8
FldObj_CliffWhiteLumpRock_A_01
2.806241
0.3089426
3.063023
2634.642
114.3488
1843.261
1.0
FldObj_CliffWhiteWall_A_02_Far
-1.037388
0.1641398
0.01126992
2143.511
152.7928
1584.301
1.0
Area
0.3692228
-0.1026257
-0.5155379
2925.853
479.4988
1401.896
3
TwnObj_BrownStoneRuinArch_A_02
0
0
0
2106.299
122.2592
1743.183
1.0
FldObj_CliffWhiteParts_A_05
-0.1408352
-0.8315495
0.1781815
2351.721
93.28044
1706.302
1.1
LinkTagAnd
0
-0.8600001
0
2635.839
207.7848
1108.618
1.0
Enemy_Chuchu_Junior
0
3.089204
0
2773.852
157.0021
1870.255
1.0
TwnObj_BrownStoneRuinPillar_A_01_Far
0.1701421
-0.5085644
-0.1708775
2137.719
120.3029
1774.924
1.0
LinkTagPulse
0
2.700001
0
2705.266
204.0232
1163.033
0.25
TwnObj_BrownStoneRuinPillar_A_01_Far
0.7091151
1.162945
1.85169
1996.955
119.4211
1938.864
1.0
TwnObj_BrownStoneRuinArch_A_02
0
1.770797
0
2079.084
123.5089
1883.868
1.0
FldObj_CliffWhiteParts_A_06_Far
-0.1399999
-0.18
0
2523.83
109.0357
1463.835
1.3
LinkTagOr
0
-1.54
0
2207.268
195.0972
1372.931
1.0
FldObj_CliffWhiteWall_B_03_Far
-0.4094278
0.9652277
-0.1931049
2791.213
145.2252
1961
1.0
LinkTagNOr
0
-1.48
0
2330.413
142.9474
1824.029
2
PlayerOnScaffoldCheckTag
0
2.443186
0
2175.569
220.7203
1373.006
1.0
LinkTagAnd
0
-1.16
0
2928.78
159.3317
1737.387
1.0
ShelterFromRainTag
0
2.613011
0
2926.044
118.5497
1999.167
1.0
LinkTagNAnd
0
0
0
2400.049
117.7342
1848.147
1.0
FldObj_SpiderMountainWall_A_02
0
3.068847
0
2957.105
197.7204
1174.823
1.0
Enemy_Bokoblin_Middle
0
2.094395
0
2158.67
214.5805
1383
1.0
FldObj_CliffWhiteLumpRock_A_01
1.632352
-0.192451
-2.689034
2039.02
147.973
1608.384
1.0
FldObj_CliffWhite_B_10
3.109364
-1.277766
-3.003069
2764.782
138.8463
1709.029
1.0
AreaCulling_InnerHide
0
1.18
0
2626.702
156.1641
1855.862
0.001
TwnObj_BrownStoneRuinWall_A_01_Far
0.16
0
0
2097.659
120.4041
1767.156
1.0
LinkTagAnd
0
2.443186
0
2171.149
213.7309
1379.845
1.0
TwnObj_BrownStoneRuinWall_A_01_Far
1.3
0.6999999
0
2004.998
120.4817
1919.68
1.0
AnchorAction1
0
-2.443461
0
2069.452
188.1711
1422.245
1.0
FldObj_SpiderMountainPiller_A_03_Far
0
0.06385025
0
2873.793
155.8694
1132.525
1.5
TBox_Field_Wood
0
0
0
2675.5
276.9253
1385.5
1.0
Item_Fruit_A
0
0
0
2138.776
124.2886
1920.805
1.0
FldObj_CliffWhiteLumpRock_A_01
2.769826
1.468101
2.714526
2209.361
152.1099
1517.04
1.0
Item_Fruit_I
0
-0.4226177
0
2137.086
119.1518
1931.205
1.0
Obj_TreeBroadleaf_B_L_01
-2.99347
0.02504679
-2.898659
2769.115
273.7726
1213.318
0.8
Enemy_Bokoblin_Junior
0
-0.9999999
0
2076.249
121.9466
1795.418
1.0
AnchorAction2
0
-1.680003
0
2340.324
116.76
1840.063
1.0
FldObj_SpiderMountainPiller_A_03
0
0.09652788
0
2935.575
169.7325
1127.166
1.5
FldObj_CliffWhiteWall_A_02
0.2319848
0.225722
0.01881236
2398.19
224.4458
896.3396
1.0
FldObj_SpiderMountainWall_A_01_Far
0
2.389303
0
2427.997
189.9983
1022.446
1.0
EnemyLookTag
0
0
0
2472.227
208.2537
987.3125
1.0
ActorObserverTag
0
-1.48
0
2335.302
132.9474
1822.579
2
SwitchTimeLag
0
0.326853
0
2526.502
137.094
1829.721
1.0
LinkTagOr
0
0.9287021
0
2124.215
133.4017
1647.383
1.0
FldObj_PushRock_Korok
-2.508209
-0.8774409
3.066949
2346.673
204.7055
1533.779
0.8
LinkTagOr
-0.07606446
-0.02974473
-0.08821558
2164.619
463.0595
1034.562
1.0
FldObj_CliffWhiteWall_B_12
0.09362876
-1.036099
-0.296997
2817.757
145.9016
1846.954
1.0
Area
0
2.967186
0
2691.5
211.158
1331.21
25
LinkTagAnd
0
2.356194
0
2511.787
122.5366
1571.879
1.0
FldObj_CliffWhiteParts_A_03
0.400261
1.431556
1.036006
2268.357
111.1227
1968.824
1.0
LinkTagAnd
0
0
0
2685.788
287.5046
1413.216
1.0
Enemy_AirOctarock
0
1.105397
0
2263.38
239.3094
1378.355
1.0
FldObj_SpiderMountainWall_A_02_Far
0
3.068847
0
2957.105
197.7204
1174.823
1.0
FldObj_RiverEdge_A_03_Far
-3.13737
-0.2815096
3.100626
2517.097
116.8776
1789.268
1.0
LinkTagAnd
0
-1.48
0
2328.421
142.9474
1824.21
2
FldObj_CliffWhiteWall_A_02_Far
-0.7963109
-0.8611893
0.08343986
2331.86
203.5221
1430.392
1.0
LinkTagNone
0
0
0
2545.351
122.1316
1827.185
1.0
LinkTagAnd
0
-1.48
0
2330.73
136.463
1827.514
1.0
AreaCulling_InnerHide
0
1.800004
0
2566.097
159.2501
1804.499
0.001
Obj_RockSetGray_A_L_01
-1.977138
0.2875603
2.122458
2428.537
109.7893
1804.546
1.0
LinkTagAnd
0.08661399
0.001040542
-0.02401093
2349.013
202.1944
1715.29
1.0
FldObj_CliffWhiteWall_B_01_Far
0.2470216
-1.087855
-0.2771808
2898.577
146.3801
1917.323
1.0
FldObj_SpiderMountainWall_A_05
0
2.178299
0
2624.729
219.0978
1153.781
0.7173669
Obj_KorokPot_A_01
0.5799991
0.2399965
1.33786E-08
2346.479
130.2443
1821.562
1.0
LinkTagPulse
-0.07606446
-0.02974473
-0.08821558
2164.973
461.4266
1034.698
0.25
WildHorseCreateTag01
0
0
0
2673.24
178.5096
1967.169
1.0
FldObj_CliffWhiteParts_A_06_Far
2.741592
-0.001592072
-3.141592
2931.786
296.4405
1226.426
1.2
Area
0
-0.1599998
0
2718.187
161.3873
1116.645
1.0
FldObj_CliffWhiteParts_A_05_Far
-0.1408352
-0.8315495
0.1781815
2351.721
93.28044
1706.302
1.1
FldObj_CliffWhiteWall_A_02_Far
2.162334
0.2324292
2.809377
2976.951
340.2065
1292.991
1.0
Item_Fruit_A
0
0
0
2927.94
157.4183
1779.06
1.0
TwnObj_BrownStoneRuinWall_A_05_Far
-1.595985
-0.1157567
0.03605928
2547.208
118.5199
1559.059
1.0
FldObj_CliffWhiteWall_A_06
-0.2423393
-1.374342
0.2061647
2288.311
228.707
1406.497
1.0
FldObj_CliffWhiteParts_A_03
-0.006009059
-0.7523246
-0.2086691
2647.703
166.7205
1596.008
1.0
FldObj_CliffWhiteWall_A_01_Far
-0.2155028
0.2666229
0.06338949
2467.921
185.548
1440.732
1.2
LinkTagAnd
0
-3.141593
0
2059.005
247.313
1208.554
1.0
SwitchTimeLag
-1.570796
0
0
2498.933
207.8077
1806.451
0.5
FldObj_SpiderMountainPiller_A_01
0
-1.920316
0
2541.28
152.5283
1035.695
1.6
BoarMeat_Frame
0
-2.157925
0
2524.349
117.102
1820.681
1.0
Area
0
-0.5199999
0
2055.413
248.2859
1206.803
0.1
FldObj_CliffWhiteWall_A_02
2.879811
-0.279689
-3.112062
2899.305
258.2602
1196.469
1.0
FldObj_CliffWhiteParts_A_03
2.956342
1.173515
-2.817394
2368.756
310.3065
1199.898
1.0
Item_CookSet
0
0
0
2071.168
121.8627
1797.811
1.0
FldObj_SpiderMountainWall_A_05_Far
0
2.178299
0
2624.729
219.0978
1153.781
0.7173669
LinkTagOr
0
0
0
2498.511
202.5289
1802.475
1.0
Obj_RockSetGray_A_L_01
0
0
1.78
2663.626
123.5643
1882.882
1.0
LinkTagAnd
0
0
0
2697.5
281.5
1371
1.0
LinkTagAnd
0
0
0
2260.883
239.3328
1371.481
1.0
FldObj_SpiderMountainPiller_A_03_Far
3.137419
8.742278E-08
3.122227
2802.426
167.1557
1173.408
1.5
FldObj_CliffWhite_A_05_Far
0
2.283184
0
2432.029
156.7709
1670.619
1.0
Enemy_AirOctarock
0
-2.356194
0
2270.575
227.6578
1368.275
1.0
DragonDropItemTarget
0
0
0
2771.1
241.2604
1102.8
1.0
LinkTagAnd
0
0
0
2697.5
281.0469
1370.5
1.0
Obj_TreeApple_A_L_01
0
0.9287021
0
2127.396
133.4018
1649.249
1.0
Obj_RockSetGray_A_L_01
-0.3980991
1.256863
-0.3805066
2230.381
105.4612
1373.318
1.0
FldObj_SpiderMountainPiller_A_03
0
-2.961592
0
2905.284
162.5392
1130.511
1.5
FldObj_CliffWhiteWall_A_02
2.825197
-0.6444077
-2.991695
3089.492
249.7182
1174.769
1.0
Obj_TreeApple_A_M_01
0
0
0
2138.745
118.4886
1918.088
1.0
DragonDropItemTarget
0
0
0
2962.8
231.6678
1129.4
1.0
Obj_Plant_ChiliPepper_A_01
0
-0.4226177
0
2136.875
118.2718
1931.174
1.0
TBox_Field_Stone
0
-0.539931
0
2782.838
152.1082
1742.34
1.0
AnchorAction2_Rain
0
1.369204
0
2399.339
118.6525
1839.461
1.0
GrassCutTag
0
0
0
2084.929
122.1187
1784.634
1.0
FldObj_CliffWhiteParts_A_01
0
0.6235985
0
2403.51
170.6288
1701.464
1.2
FldObj_SpiderMountainBase_A_02_Far
0
0
0
2688.791
251.8803
1293.306
1.0
Obj_RockSetWhite_A_L_01
-2.241084
-0.3416474
0.5487092
2736.912
158.3537
1981.512
1.0
LinkTagAnd
0
1.681592
0
2522.885
336.3739
1258.949
1.0
Enemy_Bokoblin_Guard_Junior
0
0.6184069
0
2105.251
125.9573
1829.62
1.0
FldObj_SpiderMountainWall_A_05_Far
0
-0.001183471
0
2982.216
234.1825
1110.604
0.7
FldObj_SpiderMountainWall_A_02
0
-0.2172935
0
2585.865
198.2647
1014.756
1.0
Area
0
0.7389015
0
2408.585
117.08
1812.215
15
FldObj_HyliaStoneRuinDebris_A_01
-0.6681238
1.465309
-0.5976041
2316.509
117.1321
1845.551
1.0
LinkTagOr
0
-0.39444
0
2129.771
118.7333
1925.544
1.0
LinkTagAnd
0
-1.48
0
2331.501
146.9474
1835.979
2
FldObj_SpiderMountainWall_A_03_Far
0
2.605113
0
2521.511
209.864
1064.366
1.0
LinkTagAnd
0
0.1199999
0
2077.043
121.7324
1814.349
1.0
EventTag
0
-3.021593
0
2063.747
141.7251
1816.665
1.0
LinkTagAnd
0
0
0
2915.505
160.0617
1783.871
1.0
Obj_TreeConiferous_A_03
0
0
0
2241.435
136.4945
1590.527
1.0
FldObj_CliffWhiteParts_A_06_Far
-0.6857908
0.2936066
-0.1739877
3034.989
314.1542
1480.511
1.3
Obj_RaftWoodSail_A_S_01
0.246608
0.2731218
0.05969657
2191.343
115.0293
1402.99
1.0
Obj_RockSetGray_A_L_01
2.854884
0.7562599
1.499069
2621.86
119.6274
1838.669
1.0
Item_Fruit_I
0
2.980774
0
2136.656
119.2218
1931.246
1.0
EnemyFortressMgrTag
0
0
0
2163
214.5907
1380.5
1.0
LinkTagOr
0
2.700001
0
2705.276
205.5232
1164.177
1.0
Obj_TreeApple_A_M_01
0
0
0
1998.777
134.8513
1619.74
1.0
FldObj_RiverEdge_A_02
-0.0683041
0.7013166
0.0197748
2389.959
116.8971
1863.731
1.0
FldObj_CliffWhiteWall_A_01
-0.4316189
-0.5644214
0.1231516
2689.264
238.9183
1596.596
1.0
FldObj_SpiderMountainWall_A_05_Far
0
3.021593
0
3008.53
237.5392
1114.461
0.6
FldObj_SpiderMountainWall_A_05_Far
0
2.238228
0
2493.508
223.2604
971.076
0.65
Obj_RockSetGray_A_L_01
0
-0.14
-0.4
2244.672
128.7755
1578.49
1.0
Area
0
2.981592
0
2706.619
201.2848
1288.593
1.0
FldObj_SpiderMountainPiller_A_01
0
-3.141593
0
2827.525
182.9738
1123.743
1.0
LinkTagAnd
0
0.1199999
0
2080.639
121.7408
1814.778
1.0
TBox_Field_Enemy
0
-3.021593
0
2073.248
126.7808
1821.721
1.0
FldObj_SpiderMountainPiller_A_03
0
0.06385025
0
2873.793
155.8694
1132.525
1.5
FldObj_RiverEdge_A_03
3.061593
-0.04159272
3.141593
2475.866
116.8173
1798.828
1.0
LookTag
0
-2.055999
0
2688.365
219.9396
1328.587
1.0
FldObj_CliffWhiteWall_A_02_Far
-0.177884
-0.3790855
-0.1293463
2717.011
318.926
1027.816
1.0
FldObj_CliffWhiteWall_A_05
-0.12
-0.7599999
0
2633.067
270.2819
1478.784
1.0
LinkTagNone
0
0
0
2672.29
287.4734
1408.794
1.0
DgnObj_DungeonEntrance_A_01_Far
0
-2.055999
0
2697.653
219.9396
1333.484
1.0
BattleBgmRequestFinishTag
0
0.1199999
0
2083.403
141.6989
1813.292
1.0
FldObj_CliffWhiteWall_A_02_Far
-0.2919936
0.9174848
1.191414
3095.451
284.5748
1097.658
1.0
FldObj_RiverEdge_A_02_Far
3.092011
-0.7218578
3.127289
2613.321
124.4488
1866.647
1.0
SwitchTimeLag
0
2.443186
0
2162.403
233.7104
1379.692
1.0
FldObj_CliffWhite_A_05
0
0.74
0
2361.002
174.0756
1991.299
1.0
Obj_KorokPlate_A_01
0
2.356194
0
2513.133
119.718
1572.185
1.0
FldObj_CliffWhite_B_10
0.07123018
0.9739954
0.1163566
2943.754
116.4671
1937.997
1.0
Item_Fruit_A
0
-0.7912979
0
2411.722
121.0656
1833.683
1.0
Area
0
-0.934395
0
2061.269
243.0366
1184.544
50
Area
0
-0.5199999
0
2055.934
247.6859
1207.102
0.1
FldObj_SpiderMountainPiller_A_02_Far
0
-0.08377022
0
2994.988
220.7633
1116.668
1.6
FldObj_SpiderMountainWall_A_05
0
3.021593
0
3008.53
237.5392
1114.461
0.6
FldObj_SpiderMountainWall_A_02
0
2.085668
0
2616.909
211.611
1162.614
1.0
LinkTagOr
-1.147627
0.2521612
0.3872893
2059.282
244.4671
1198.262
1.0
ConstraintDummy
0
0.7600003
0
2884.578
161.3269
1762.635
0.5
FldObj_SpiderMountainPiller_A_03_Far
0.015546
0.6794671
0.005661255
2620.781
152.9467
1120.614
1.5
Obj_RockSetGray_A_L_01
-1.52
0
0
2215.279
139.55
1562.59
1.0
TwnObj_BrownStoneRuinPillar_A_01_Far
0.2924592
1.20127
1.668676
2544.807
116.3504
1541.473
1.0
FldObj_CliffWhiteWall_B_03_Far
-0.02495348
1.37994
0.2587657
2806.28
143.1333
1926.013
1.0
Enemy_Moriblin_Middle
0
-1.739996
0
3016.515
236.394
1131.058
1.0
LinkTagAnd
0
-1.48
0
2329.237
146.9474
1833.173
2
FldObj_CliffWhiteLumpRock_A_01
-0.1919253
1.102291
0.05257766
2193.402
148.997
1576.677
0.9
FldObj_CliffWhiteWall_A_05_Far
2.492716
-0.4263576
2.984579
2906.803
368.5003
1358.411
1.0
Obj_TreeBroadleaf_A_L
0
-0.2417281
0
2925.505
155.0617
1773.871
1.117206
Area
0
-0.8600001
0
2633.134
197.7085
1111.606
1.0
FldObj_SpiderMountainWall_A_05
0
2.657141
0
2714.025
200.976
1074.335
0.8
FldObj_CliffWhiteEdgeParts_A_03
-0.4391082
0.5135618
-0.0432482
2206.99
159.5045
1371.838
1.25
FldObj_CliffWhiteWall_A_02_Far
2.514829
0.3844188
3.055138
2539.005
167.6217
1625.263
0.8
Enemy_AirOctarock
0
2.507127
0
2683.829
287.4734
1404.945
1.0
Enemy_Bokoblin_Guard_Junior
0
1.02526
0
2545.351
122.1316
1827.185
1.0
FldObj_RiverEdge_A_03_Far
3.061593
-0.04159272
3.141593
2475.866
116.8173
1798.828
1.0
LinkTagAnd
0
0
0
2539.064
350.8833
1248.015
1.0
Area
-1.570796
-1.480001
0
2325.822
133.0568
1828.464
1.0
Enemy_Bokoblin_Middle
0
1.1
0
2469.227
208.2575
985.8125
1.0
FldObj_RiverEdge_A_02_Far
-0.0675744
0.8397574
-0.01075209
2360.528
118.441
1894.628
1.0
Item_Fruit_A
0
-0.7912979
0
2412.245
122.1156
1828.948
1.0
FldObj_SpiderMountainPiller_A_04_Far
-2.845386
-0.1984438
3.122437
2674.649
158.7199
1234.877
1.5
FldObj_MountainSheikerWall_A_06
0
0
0
2136.395
212.1646
1379.134
1.0
LinkTagOr
0
0
0
2925.531
154.8533
1783.003
1.0
LinkTagOr
0
0
0
2060.282
248.9671
1198.262
1.0
LocationTag
0
0
0
2503.121
118.3103
1495.996
1.0
LinkTagAnd
0
0
0
2076.032
195.0504
1410.087
1.0
FldObj_RuinGuardian_A_Dynamic
2.587414
-1.415377
-2.507959
2058.758
121.0329
1895.524
1.0
FldObj_CliffWhiteWall_A_02
-0.1308257
-0.1923644
-0.1510404
2566.915
267.9509
983.9207
1.0
FldObj_SpiderMountainPiller_A_02
0
3.065461
0
3053.471
231.3128
1154.662
1.6
Npc_HiddenKorokFly
0
0.6600012
0
2276.034
162.2581
1501.621
1.0
Weapon_Sword_004
-3.14119
1.462519
-1.177942
2060.188
122.0554
1786.657
1.0
FldObj_MountainSheikerWall_A_07
-0.4596754
-1.0242
0.3895149
2149.872
307.4598
1174.023
1.0
Obj_RockSetGray_A_L_01
1.94
0
0
2702.531
128.5873
1858.109
1.0
LinkTagNone
0
0
0
2830.654
219.6873
1137.863
1.0
DragonDropItemTarget
0
0
0
2568.7
256.3679
1009.5
1.0
FldObj_CliffWhiteMountainHole_A_01
0
-1.88
0
2596.795
120.6409
1831.224
1.0
FldObj_SpiderMountainWall_A_02
0
-2.107293
0
2760.948
214.2979
1234.355
1.0
BarrelBomb
-0.02605925
0.1408532
-0.04534646
2524.675
117.2636
1830.307
1.0
Area
0
-1.48
0
2373.55
124.2287
1840.994
5
LinkTagAnd
0
0
0
2670.793
278.1265
1389.414
1.0
ShelterFromRainTag
-0.02417308
0.9881832
-0.0007943126
2391.89
118.137
1779.694
1.0
LinkTagAnd
0
0
0
2682.639
278.1266
1392.175
1.0
TwnObj_BrownStoneRuinPillar_A_01_Far
-0.6799999
0
0
2004.929
116.6028
1939.853
1.0
FldObj_CliffWhite_A_01_Far
0
0.5369728
0
2284.229
112.3525
1709.392
1.0
Obj_RockSetGray_A_L_01
0
0
1.8
2536.845
117.1351
1853.727
1.0
LinkTagAnd
0
0
0
2672.29
287.4734
1408.794
1.0
FldObj_CliffWhiteWall_A_01
-0.4528528
0.2383487
0.02220449
2872.799
260.4889
1613.031
1.0
LinkTagAnd
0
0
0
2691.5
211.158
1331.21
1.0
Obj_TreeBroadleafRoot_B_L_01
0
0
0
2367.506
118.7228
1812.415
1.0
TwnObj_BrownStoneRuinPillar_A_01
3.021593
-0.7215928
3.141593
2058.352
123.3679
1945.999
1.0
FldObj_RiverEdge_A_02
0
2.600001
0
2553.767
117.086
1803.384
1.0
BasinTag
0
2.981592
0
2698.302
200.5366
1288.739
1.0
FldObj_SpiderMountainPiller_A_01
0
1.474334
0
2994.801
177.264
1116.997
1.6
BarrelBomb
0.0007722522
0.1400258
-0.000233461
2534.749
117.108
1823.365
1.0
LinkTagAnd
0
0
0
2673.453
278.1578
1381.341
1.0
FldObj_RiverEdge_A_02
0
2.883185
0
2598.611
118.8318
1830.964
1.0
FldObj_SpiderMountainPiller_A_03
0
-0.02947634
0
2841.437
152.6133
1132.837
1.5
FldObj_SpiderMountainWall_A_05
0
2.258299
0
2595.783
221.9775
1143.86
0.9
Area
0
0
0
2323.954
117.0748
1837.392
40
FldObj_CliffWhiteWall_A_05
1.377089
1.345321
1.675718
2551.614
306.7769
1284.142
1.0
Item_Fruit_I
0
2.195376
0
2136.829
119.3818
1930.908
1.0
LinkTagOr
0
-2.896126
0
2618.369
121.8315
1690.52
0.5
LinkTagAnd
0
0
0
2677.07
279.5
1388
1.0
Item_Fruit_A
0
0
0
1998.809
140.6513
1622.457
1.0
LinkTagAnd
0
0
0
2512.5
117.9218
1521.5
1.0
Enemy_Guardian_A_Fixed_Moss
1.570796
-1.308997
-1.570796
2286.555
116.4165
1756.8
1.0
FldObj_CliffWhiteParts_A_05
0
1.461593
0
2561.687
104.2803
1626.933
0.8
TwnObj_BrownStoneRuinArch_A_02_Far
0
-1.603183
0
2031.547
122.4565
1809.503
1.0
LinkTagAnd
0
0
0
2677.07
276.5
1388
1.0
FldObj_SpiderMountainWall_A_03_Far
0
-2.920372
0
2833.162
219.2642
1185.89
1.0
Obj_RockSetGray_A_L_01
-0.3890563
-0.2066962
-1.232099
2591.2
113.7458
1771.983
1.0
FldObj_CliffWhiteWall_A_01_Far
-0.2629862
-0.3187844
0
2623.208
309.896
975.788
1.0
FldObj_CliffWhiteWall_A_02
2.978492
0.761749
3.110299
2557.69
285.2163
1133.11
1.0
Obj_BoardWood_Square_01
0
1.890795
0
2258.5
237.7
1376.3
1.0
LinkTagOr
0
-1.54
0
2207.302
195.0972
1374.03
1.0
FldObj_CliffWhiteWall_A_02_Far
0.7604924
-1.356802
-1.975084
2574.544
287.99
954.245
0.798
FldObj_SpiderMountainPiller_A_02
0
-0.08377022
0
2994.988
220.7633
1116.668
1.6
Item_Fruit_A
0
1.396263
0
2926.88
157.8933
1779.031
1.0
FldObj_SpiderMountainPiller_A_03_Far
-0.004173152
0.1472934
-0.01936513
2771.35
166.3028
1178.142
1.5
TwnObj_BrownStoneRuinPillar_A_01
0.2924592
1.20127
1.668676
2544.807
116.3504
1541.473
1.0
FldObj_CliffWhiteLumpRock_A_01
0.002033148
1.054304
0.8493741
2193.8
163.5452
1536.174
1.0
TwnObj_BrownStoneRuinWall_A_02_Far
0
0
-0.09999999
2128.374
122.421
1789.887
1.0
FldObj_CliffWhiteWall_B_03
-0.0623033
-1.17002
-0.09984467
2842.009
147.236
1921.338
1.0
FldObj_WaterFallBottom_A_01_Far
0
2.98
0
2699.836
201.137
1289.49
1.5
FldObj_CliffWhiteWall_A_02
2.041592
-1.241593
3.141593
2345.563
192.831
1561.403
1.0
Enemy_Bokoblin_Junior
0
0
0
2071.239
121.961
1793.536
1.0
FldObj_CliffWhiteWall_A_02_Far
-1.26
0
-0.36
2410.112
221.6985
1432.706
1.0
FldObj_MountainSheiker_A_04_Far
0
-1.53589
0
2214
274.5
1199.5
1.0
GrassCutTag
0
2.143185
0
2505.521
116.7109
1827.277
1.0
FldObj_SpiderMountainWall_A_05
0
2.639287
0
2531.907
209.0217
1075.301
0.65
FldObj_SpiderMountainPiller_A_01_Far
0
3.11529
0
3056.209
187.798
1124.223
1.6
GrassCutTag
0
0
0
2163
214.5907
1380.5
1.0
FldObj_SpiderMountainPiller_A_01_Far
0
1.474334
0
2992.198
177.4046
1147.617
1.6
BarrelBomb
0.02847875
-0.8799425
-0.0293986
2581.5
115.0439
1725
1.0
FldObj_CliffWhiteLumpRock_A_01
2.781592
-0.3415928
3.141593
2695.734
283.5346
1452.762
1.0
FldObj_CliffWhite_B_08_Far
-3.081974
0.8556763
-2.920805
2840.516
104.8889
1896.61
1.0
LinkTagAnd
0
0
0
2259.5
238.1101
1376.5
1.0
FldObj_CliffWhiteEdgeParts_A_04_Far
0
-0.7799999
0
2433.647
319.6198
1318.123
1.0
FldObj_CliffWhite_A_01
2.985927
-1.133594
-2.904001
2253.182
127.0701
1649.285
1.0
FldObj_AncientStoneTower_A_01
0
0
0
2348.566
95.9
1753.729
1.0
LinkTagAnd
0
-1.16
0
2919.612
159.3317
1741.38
1.0
BarrelBomb
-0.002633984
0.1391397
-0.01319153
2529.137
117.1336
1829.261
1.0
FldObj_CliffWhiteLumpRock_A_01
-0.9766677
1.386517
-0.06678809
2283.027
320.5588
1137.661
1.0
TwnObj_BrownStoneRuinPillar_A_01_Far
-1.106247
-1.322444
1.199699
2115.567
123.407
1792.632
1.0
LinkTagAnd
0
-2.055999
0
2696.583
233.4396
1331.224
0.6
FldObj_CliffWhiteWall_A_01
-0.2155028
0.2666229
0.06338949
2467.921
185.548
1440.732
1.2
DragonDropItemTarget
0
0
0
2952.5
261.2461
1168.1
1.0
FldObj_CliffWhiteWall_B_14_Far
0.3084531
1.377302
0.09082009
2840.006
138.795
1984.764
1.0
FldObj_CliffWhiteParts_A_02
0
-1.04
0
2348.614
175.6458
1706.426
1.0
Area
0
2.700001
0
2706.306
203.9233
1163.172
3
FldObj_SpiderMountainWall_A_05_Far
0
2.238228
0
2493.508
223.2604
971.076
0.65
LookTag
0
2.944847
0
2530.716
123.9038
1841.833
1.0
LinkTagAnd
0
0
0
2503.121
118.3103
1495.996
1.0
FldObj_CliffWhiteWall_A_01_Far
2.54094
-0.6726179
-2.972581
2154.938
147.5488
1517.04
1.0
Item_Fruit_I
0
3.008952
0
2128.271
119.6833
1927.325
1.0
FldObj_SpiderMountainWall_A_01
0
2.389303
0
2427.997
189.9983
1022.446
1.0
LinkTagOr
0
2.356194
0
2511.08
122.5366
1571.172
1.0
FldObj_SpiderMountainPiller_A_01_Far
0
0.1816539
0
2765.609
223.7411
1174.843
1.08
BeeHome
0
3
0
2969.029
119.7544
1996.144
1.0
SwitchTimeLag
-1.570796
0
0
2539.064
351.8833
1248.015
0.5
FldObj_SpiderMountainPiller_A_01
0
3.11529
0
3056.209
187.798
1124.223
1.6
Area
0
-1.623185
0
2769.805
148.0021
1871.044
15
FldObj_MountainSheikerWall_A_07_Far
-0.4596754
-1.0242
0.3895149
2149.872
307.4598
1174.023
1.0
FldObj_CliffWhiteWall_A_02_Far
-0.1308257
-0.1923644
-0.1510404
2566.915
267.9509
983.9207
1.0
FldObj_CliffWhiteWall_B_01
0.4341426
-1.192549
-0.4770167
2868.317
155.0826
1864.352
1.0
DgnObj_DungeonEntranceSP
0
0.74
0
2501.026
118.1676
1494.843
1.0
FldObj_CliffWhiteWall_A_01_Far
0.2052856
-0.9935986
-0.2435433
2492.64
277.8043
932.51
1.0
FldObj_CliffWhiteWall_A_02_Far
-0.9599999
0
0
2354.656
296.971
1223.331
1.0
FldObj_CliffWhiteWall_A_02
-0.5
0
0
2784.562
236.9596
1632.197
1.0
FldObj_SpiderMountainWall_A_05_Far
0
1.72745
0
2629.27
232.9952
1226.851
0.647126
FldObj_CliffWhiteWall_B_12_Far
-0.3393921
-0.04775281
0.1253568
2715.907
132.0479
1801.567
1.0
Area
0
0.74
0
2501.026
118.1676
1494.843
40
LinkTagAnd
0
0
0
2487
121
1523.5
3
FldObj_SpiderMountainPiller_A_01_Far
0
-1.920316
0
2541.28
152.5283
1035.695
1.6
LinkTagOr
0
0
0
1998.178
134.8513
1623.213
1.0
Item_Fruit_A
0
0
0
2140.555
121.0536
1917.618
1.0
Obj_RockSetGray_A_L_01
0.593141
-1.014204
-0.7781888
2634.699
114.0704
1875.257
1.0
LinkTagOr
0
0
0
2366.634
118.641
1879.044
1.0
FldObj_CliffWhiteWall_A_02
2.878676
-0.1917768
-2.957024
3056.554
265.651
1201.886
1.227
FldObj_CliffWhiteWall_A_02
0.1121285
-0.3354714
0.04385359
3063.187
234.0168
1113.338
1.0
FldObj_MountainSheiker_A_02_Far
0
1.623156
0
2058
268
1087
1.0
FldObj_CliffWhiteTunnel_A_01
0.3046323
-0.2125577
-0.3784178
2240.851
144.9045
1551.011
1.0
BarrelBomb
0.05645647
-0.1328071
-0.122702
2518.504
117.6972
1835.498
1.0
FldObj_SpiderMountainPiller_A_03
0
-0.1070489
0
3052.967
184.0679
1134.147
1.5
FldObj_CliffWhiteWall_A_02_Far
1.496967
0.6414656
3.132223
2387.496
197.7563
1674.697
1.0
LinkTagOr
0
0
0
2291.555
122.0337
1773.197
1.0
FldObj_CliffWhiteLumpRock_A_01
2.612554
-0.05636239
-2.96899
2671.703
114.407
1850.54
1.0
FldObj_CliffWhite_A_05
0
2.283184
0
2432.029
156.7709
1670.619
1.0
FldObj_CliffWhiteEdgeParts_A_03_Far
-0.4391082
0.5135618
-0.0432482
2206.99
159.5045
1371.838
1.25
Enemy_AirOctarock
0
-2.036196
0
2253.593
239.2547
1374.043
1.0
LinkTagAnd
0
0
0
2330.866
138.9474
1829.008
1.0
Obj_TreeApple_A_M_01
0
0
0
2926.13
154.8533
1779.531
1.0
LinkTagNAnd
0
-1.48
0
2331.501
149.9474
1835.979
2
FldObj_CliffWhiteWall_A_02
0.7604924
-1.356802
-1.975084
2574.544
287.99
954.245
0.798
Npc_HatenoGate003
0
-2.76
0
2344.584
116.758
1848.719
1.0
Obj_TreeBroadleaf_A_L
0
-1.401729
0
2932.773
154.3317
1746.555
1.117206
FldObj_SpiderMountainPiller_A_02
0
-0.6101149
0
2541.024
195.9573
1036.222
1.6
TwnObj_BrownStoneRuinPillar_A_01_Far
3.021593
-0.7215928
3.141593
2058.352
123.3679
1945.999
1.0
AnchorAction3
0
-2.921593
0
2510.226
117.9677
1516.967
1.0
FldObj_MountainSheikerWall_A_08
-0.1958992
0.7351487
-0.05564454
2236.335
348.0892
1054.959
1.0
LinkTagAnd
0
0
0
2262.383
114.9554
1380.955
1.0
FldObj_SpiderMountainPiller_A_04_Far
0
-0.1032933
0
3009.055
174.2439
1134.775
1.5
LinkTagAnd
0
0
0
2498.933
207.8077
1806.451
1.0
EnemyLookTag
0
0
0
2163
214.5907
1380.5
1.0
FldObj_PushRock_Korok
-0.04775185
-0.3931765
-0.005581479
2345.353
204.2368
1529.604
0.8
FldObj_CliffWhiteLumpRock_A_01
3.101903
-0.7914031
2.943707
2261.046
122.6657
1421.348
1.0
Enemy_Bokoblin_Junior
0
0.05999999
0
2631
207.5503
1786.5
1.0
LinkTagPulse
-0.4286828
1.336123
-0.4867021
2320.935
120.0593
1725.307
0.25
EventTag
0
0.7399986
0
2501.026
118.1676
1494.843
3
LinkTagAnd
0
0
0
2695.187
282.6734
1376.505
1.0
LinkTagAnd
0
0
0
2330.594
142.9474
1826.02
1.0
FldObj_SpiderMountainPiller_A_01
0
-1.550513
0
2854.771
210.1412
1124.19
1.0
LinkTagAnd
0
0
0
2691.413
220.9397
1332.455
1.0
Area
0
2.624014
0
2930.262
118.5497
2001.713
50
FldObj_CliffWhiteLumpRock_A_01
0.4940509
-1.253303
-0.7484483
2615.276
131.9495
1586.934
1.0
LocationTag
0
0
0
2323.954
117.0748
1837.392
1.0
FldObj_SpiderMountainWall_A_05
0
-1.102983
0
2631.198
219.1244
1167.673
0.647126
Enemy_AirOctarock
0
1.570796
0
2283.255
227.6266
1374.677
1.0
FldObj_CliffWhite_A_03
0
2.24
0
2558.213
184.402
1940.133
1.0
AnchorSleep
0
-2.530727
0
2344.9
116.7612
1849.8
1.0
FldObj_SpiderMountainWall_A_05
0
-0.4948026
0
2683.303
200.976
1060.949
0.6
LinkTagAnd
0
0.74
0
2504.492
119.1676
1498.396
1.0
FldObj_CliffWhiteWall_B_01
0.1150118
-0.5814459
-0.1630421
2736.339
154.6029
1701.184
1.0
LinkTagAnd
0
0.900001
0
2277.899
161.3987
1504.36
1.0
Obj_LiftRockWhite_A_01
0.388549
0.08400094
-0.443524
2925.425
478.6691
1401.537
1.0
FldObj_SpiderMountainBase_A_02
0
0
0
2688.791
251.8803
1293.306
1.0
FldObj_CliffWhiteWall_A_02
2.97795
-0.5846504
1.686948
3099.981
268.6927
1200.155
1.0
LinkTagOr
-1.147627
0.2521612
0.3872893
2497.511
199.9664
1802.475
1.0
FldObj_SpiderMountainPiller_A_03
0
1.570796
0
2972.438
175.6887
1127.112
1.5
BeeHome
0
2.16
0
2371.283
119.5751
1855.468
1.0
FldObj_SpiderMountainPiller_A_03
0
-0.2294811
0
2808.073
150.7574
1129.459
1.5
LinkTagNAnd
0
0
0
2403.681
117.921
1833.88
1.0
FldObj_CliffWhiteParts_A_05
2.937309
-0.4896346
-3.044465
2348.312
99.16606
1970.234
1.0
LinkTagAnd
0
0
0
2487
121
1523.5
3
FldObj_SpiderMountainWall_A_05_Far
0
2.567432
0
2760.216
230.5366
1211.446
0.6
AreaCulling_InnerHide
0
1.18
0
2612.075
229.1549
1895.523
1.0
Item_Fruit_A
0
1.396263
0
1999.527
137.8913
1619.24
1.0
Area
0
0
0
2499.233
204.0577
1806.151
0.1
ActorObserverTag
0
2.356194
0
2513.133
122.718
1572.185
1.0
LinkTagAnd
0.7704386
0.6014252
-1.246006
2927.653
478.6435
1401.729
1.0
KorokAnswerResponce
0
2.356194
0
2512.426
123.718
1571.478
0.5
FldObj_RiverEdge_A_03
2.035042E-09
-0.22
2.924926E-08
2497.412
116.3938
1738.824
1.0
FldObj_CliffWhiteWall_A_02_Far
-0.614487
0.8165815
0.03634627
3032.836
372.4827
1411.006
1.0
AirOcta_Tag
0
-2.99066
0
2679.22
288.8469
1409.436
1.0
BarrelBomb
0
-0.1399999
0
2534.63
117.1076
1816.077
1.0
TBox_Field_Stone
0.5436893
0.02470153
-0.08856352
2308.473
268.955
1249.592
1.0
Enemy_AirOctarock
0
-2.756195
0
2673.453
278.1578
1381.341
1.0
FldObj_CliffWhiteWall_B_03
-0.2090757
-0.7325028
0.02083694
2789.542
148.0253
1811.613
1.0
Obj_RockSetGray_A_L_01
-0.2211375
-0.1257199
-1.482312
2457.114
114.5492
1820.557
1.0
LinkTagNAnd
0
0.1199999
0
2071.579
121.7634
1814.531
1.0
Obj_TreeApple_A_M_01
0
3
0
2970.496
117.7279
1996.262
1.0
FldObj_SpiderMountainWall_A_01
0
-0.4142364
0
2753.554
183.1573
1091.277
1.0
FldObj_CliffWhiteWall_A_02
1.76751
-1.299995
-2.004679
3105.405
240.5322
1146.586
1.0
LinkTagNAnd
0
-1.48
0
2329.237
144.9474
1833.173
2
Obj_TreeBroadleafRoot_B_L_01
-3.030396
-0.179275
-2.985134
2474.391
318.7832
1179.691
1.0
Enemy_Bokoblin_Junior
0
-2.157925
0
2531.455
117.0916
1825.412
1.0
Item_Fruit_I
0
2.223554
0
2128.435
119.8433
1926.982
1.0
FldObj_CliffWhiteWall_A_05
-0.6563308
0.09523534
0.0229254
2932.261
399.8782
1403.837
0.85
DgnObj_WarpPointSP
0
0.74
0
2507.226
119.1306
1501.633
1.0
FldObj_RiverEdge_A_02_Far
0
2.600001
0
2553.767
117.086
1803.384
1.0
FldObj_CliffWhite_A_05_Far
0
0.74
0
2361.002
174.0756
1991.299
1.0
LinkTagAnd
0
0
0
2513
118.141
1494.5
1.0
LookTag
0
2.737994
0
2073.944
128.5408
1820.09
1.0
LinkTagAnd
0
-0.698407
0
2159.305
233.732
1373.062
1.0
LinkTagOr
0
1.081593
0
2387.646
118.5891
1836.469
1.0
FldObj_CliffWhiteWall_A_01_Far
0
-2.643894
0
2817.252
280.8551
1223.479
1.0
LinkTagAnd
0
0
0
2278.31
165.0784
1495.689
1.0
FldObj_CliffWhiteParts_A_02
0
-2.02
0
2445.239
118.1537
1859.281
1.0
FldObj_SpiderMountainWall_A_05
0
-2.920494
0
2641.448
230.2952
1196.409
0.647126
Area
0
0.326853
0
2530.121
124.1038
1842.84
2
KorokAnswerResponce
0
0.900001
0
2277.066
163.0784
1497.255
1.0
FldObj_SpiderMountainPiller_A_01
0
-0.9124546
0
2452.402
154.6857
968.022
1.6
FldObj_SpiderMountainWall_A_05
0
2.655483
0
2662.472
200.976
1046.732
0.8
FldObj_RiverEdge_A_03
-3.13737
-0.2815096
3.100626
2517.097
116.8776
1789.268
1.0
FldObj_CliffWhiteWall_A_03_Far
-0.1227315
-0.1297652
0.08943067
3001.694
303.556
1085.745
1.697
BarrelBomb
-0.04001329
0.1361632
-0.04565622
2519.56
117.3533
1826.033
1.0
LinkTagOr
0
0
0
2498.511
204.4664
1802.475
1.0
FldObj_SpiderMountainPiller_A_03_Far
0
0.01471625
0
2834.412
162.2443
1146.521
1.5
FldObj_RuinGuardian_A_Dynamic
0.06733076
0.6573423
0.1435206
2204.736
117.6948
1814.737
1.0
FldObj_CliffWhiteLumpRock_A_01
0.8392395
-1.368231
-1.211046
2495.323
326.4833
1248.409
1.0
LinkTagNAnd
0
-1.48
0
2328.603
142.9474
1826.202
2
FldObj_SpiderMountainBase_A_05_Far
0
0
0
2959.922
235.1762
1102.259
1.0
FldObj_SpiderMountainPiller_A_02_Far
0
2.182744
0
2452.402
198.3146
968.022
1.6
FldObj_CliffWhiteParts_A_06_Far
-0.38
-0.7399999
0
2783.296
240.3753
1578.098
1.0
Enemy_Chuchu_Junior
0
-0.8318949
0
2405.152
126.08
1809.931
1.0
FldObj_CliffWhiteWall_A_02
2.962365
-1.307094
2.974617
2407.358
267.7584
827.052
1.0
FldObj_SpiderMountainWall_A_05
0
1.72745
0
2629.27
232.9952
1226.851
0.647126
FldObj_SpiderMountainPiller_A_02
0
2.182744
0
2452.402
198.3146
968.022
1.6
LinkTagAnd
0
0
0
2503.121
118.3103
1495.996
1.0
LinkTagPulse
2.896278
-1.194034
-2.973662
2279.007
183.26
1609.355
0.25
LinkTagAnd
0
-1.48
0
2328.24
142.9474
1822.218
2
FldObj_SpiderMountainPiller_A_01_Far
0
0
0
2826.805
210.1412
1124.19
1.0
Item_Fruit_A
0
0
0
2926.162
160.6533
1782.248
1.0
BarrelBomb
0.0161904
0.03882752
-0.009462005
2582
115.088
1721.998
1.0
FldObj_CliffWhiteParts_A_05_Far
0.09999999
0.07999992
0
2374.927
123.92
1703.613
1.0
LinkTagAnd
0.5389536
-0.02329235
0.08428688
2309.281
269.9229
1254.531
1.0
Enemy_Bokoblin_Junior
0
-1.372526
0
2531.235
117.1032
1818.959
1.0
FldObj_SpiderMountainWall_A_05
0
-0.4786391
0
2534.752
219.5581
1001.477
0.65
LinkTagAnd
0
0
0
2524.349
117.102
1820.681
1.0
SwitchTimeLag
1.570796
0.7853982
3.141593
2513.555
127.0366
1569.404
0.5
LinkTagOr
0
0.7600003
0
2883.853
162.3269
1763.324
1.0
Area
0
0
0
2498.633
204.6577
1806.151
0.1
FldObj_SpiderMountainPiller_A_03_Far
0
-0.1070489
0
3052.967
184.0679
1134.147
1.5
FldObj_CliffWhiteWall_A_02
-0.8442272
-1.355416
-0.1363486
2384.752
204.3364
1491.641
1.0
FldObj_CliffWhiteLumpRock_A_01
-0.6010747
-0.4030902
-0.2604867
2395.445
310.0712
1097.986
1.0
LinkTagAnd
0
3.001591
0
2496.348
208.0029
1804.271
1.0
LinkTagAnd
0
0
0
2509
118.5
1526
1.0
ShelterFromRainTag
0
0.2946017
0
2069.38
243.0366
1186.155
1.0
FldObj_SpiderMountainPiller_A_01_Far
0
1.474334
0
2994.801
177.264
1116.997
1.6
LinkTagAnd
0
0.7600003
0
2883.729
163.4207
1765.371
1.0
FldObj_CliffWhiteWall_A_02
-0.06098287
0.1796726
-0.01091119
2536.519
172.6383
1636.829
0.8
SwitchTimeLag
-1.570796
-0.5199999
0
2055.525
251.4359
1207.213
0.5
Enemy_Bokoblin_Junior
0
0.1400002
0
2570.657
202.7767
1972.848
1.0
Area
0
0
0
2533.518
335.2396
1258.111
1.0
FldObj_SpiderMountainWall_A_04_Far
0
2.994653
0
2925.501
196.1393
1162.092
1.0
FldObj_CliffWhiteLumpRock_A_01
-0.7362212
0.2654365
0.213598
2709.168
258.8295
1536.79
1.0
FldObj_CliffWhite_A_S_01
-0.1815932
0.6216875
-0.1719587
2071.26
120.822
1914.268
0.9
FldObj_RiverEdge_A_02
-0.0675744
0.8397574
-0.01075209
2360.528
118.441
1894.628
1.0
FldObj_CliffWhiteParts_A_05_Far
-0.1092506
0.5209137
0.01926069
2410.854
85.83867
1717.42
1.1
TwnObj_BrownStoneRuinPillar_A_01
-1.106247
-1.322444
1.199699
2115.567
123.407
1792.632
1.0
Npc_HiddenKorokFly
0
0.7600003
0
2884.092
160.9207
1765.027
1.0
FldObj_SpiderMountainPiller_A_02
0
2.871223
0
2610.614
190.9862
1054.598
1.6
FldObj_CliffWhiteWall_A_03_Far
2.733953
0.8391019
3.100333
2399.696
318.597
1048.386
1.3
Item_Fruit_A
0
-0.7912979
0
2413.217
122.3656
1832.065
1.0
FldObj_SpiderMountainWall_A_05_Far
0
1.430796
0
3097.193
257.4312
1116.18
0.8
DgnObj_DungeonEntranceSP_Far
0
0.74
0
2501.026
118.1676
1494.843
1.0
FldObj_CliffWhiteWall_A_03
-0.1227315
-0.1297652
0.08943067
3001.694
303.556
1085.745
1.697
LinkTagAnd
0
0
0
2275.5
226.3912
1373
1.0
Npc_HiddenKorokFly
0
-1.48
0
2330.776
133.963
1828.012
1.0
FldObj_SpiderMountainWall_A_05_Far
0
0.8928581
0
2513.127
223.2604
985.718
0.65
LinkTagAnd
0
0
0
2404.82
117.6281
1830.7
1.0
FldObj_CliffWhiteLumpRock_A_01
2.325329
-0.7180708
-3.105628
2118.778
155.0539
1557.001
1.0
ActorObserverTag
0
1.36
0
2323.595
122.1813
1727.004
1.0
ActorObserverTag
0
-1.48
0
2348.479
131.7599
1857.025
2
FldObj_CliffWhiteParts_A_06
-0.1399999
-0.18
0
2523.83
109.0357
1463.835
1.3
Area
0
-2.301591
0
2059.498
128.8105
1769.01
2
FldObj_CliffWhiteWall_A_02
-0.9599999
0
0
2354.656
296.971
1223.331
1.0
Obj_TreeApple_A_M_01
0
1.081593
0
2386.649
118.5891
1840.469
1.0
LinkTagNone
0
0
0
3016.515
236.394
1131.058
1.0
DestinationAnchor
0
-2.925192
0
2506.763
119.1676
1498.902
1.0
Obj_LiftRockWhite_A_01
3.001593
-1.201595
-3.141592
2279.309
182.3274
1608.336
1.0
DragonDropItemTarget
0
0
0
2702.3
201.3626
1159.8
1.0
Item_Fruit_A
0
1.396263
0
2139.495
121.5286
1917.588
1.0
LinkTagAnd
0
0
0
2915.505
160.0617
1773.871
1.0
AnchorAction2_Rain
0
-2.530727
0
2344.9
116.7612
1849.8
1.0
Obj_TreeApple_A_M_01
0
0
0
2362.634
118.641
1880.044
1.0
PlayerOnScaffoldCheckTag
0
1.02526
0
2542.756
124.0916
1831.459
1.0
PlayerOnScaffoldCheckTag
0
0.6184069
0
2101.177
127.8697
1832.519
1.0
FldObj_SpiderMountainBase_A_03
0
0
0
2775.112
212.5082
1177.094
1.0
FldObj_WaterFallAkkare_A_02
0
2.981592
0
2712.285
275.685
1305.488
1.627188
FldObj_CliffWhiteParts_A_05_Far
2.937309
-0.4896346
-3.044465
2348.312
99.16606
1970.234
1.0
LinkTagOr
0
0
0
2402.424
117.9723
1838.144
1.0
ActorObserverTag
0
0
0
2393.401
118.425
1832.619
1.0
AnchorAction1
0
1.369204
0
2399.339
118.6525
1839.461
1.0
LinkTagAnd
-0.4286828
1.336123
-0.4867021
2320.736
121.8112
1726.612
1.0
FldObj_CliffWhiteLumpRock_A_01
0
0.5716544
0
2274.646
225.3158
1344.331
0.8
FldObj_RiverEdge_A_03_Far
0
-2.04
0
2463.684
116.6298
1806.21
1.0
Npc_HiddenKorokFly
0
-1.54
0
2207.285
192.5972
1373.48
1.0
FldObj_RiverEdge_A_02_Far
0
2.479999
0
2574.852
117.0664
1821.589
1.0
Area
2.356194
3.090862E-08
1.570796
2510.716
120.1406
1569.988
0.2109886
Item_Fruit_I
0
-0.39444
0
2128.7
119.6133
1927.272
1.0
LinkTagAnd
0
0
0
2323.954
117.0748
1837.392
1.0
FldObj_CliffWhiteLumpRock_A_01
2.890306
-1.01677
-3.10954
2279.238
150.3439
1493.087
1.0
FldObj_SpiderMountainPiller_A_03_Far
0
0.09652788
0
2935.575
169.7325
1127.166
1.5
WallCrack
-0.5958194
-0.5018941
-0.06426425
2781.518
150.7087
1743.34
1.0
FldObj_CliffWhiteLumpRock_A_01
3.001593
1.381593
3.141593
2349.661
315.4008
1152.297
1.0
FldObj_CliffWhiteWall_A_02
-0.9184542
-0.6287163
-0.1570636
2891.102
298.8191
1526.364
1.3
SwitchTimeLimited
-1.570796
-1.48
0
2330.594
142.9474
1826.02
0.5
FldObj_SpiderMountainWall_A_01_Far
0
-2.933707
0
2805.62
219.0249
1203.419
1.0
LinkTagOr
0
3
0
2966.395
117.7279
1996.687
1.0
FldObj_SpiderMountainWall_A_01
0
-2.933707
0
2805.62
219.0249
1203.419
1.0
AnchorAction3
0
-2.530727
0
2344.9
116.7612
1849.8
1.0
LinkTagAnd
0
0
0
2253.593
239.2547
1374.043
1.0
Npc_HiddenKorokGround
0
1.36
0
2320.668
119.2743
1726.367
1.0
FldObj_CliffWhiteMountain_A_02_Far
0
-3.043186
0
2933.994
424.0093
1410.823
0.8
KorokAnswerResponce
0
0
0
2536.564
349.8833
1248.015
1.0
Item_Fruit_A
0
-0.7912979
0
2410.334
122.0156
1829.22
1.0
LinkTagNone
0
0
0
2275.358
163.0862
1501.703
1.0
LinkTagAnd
0
0
0
2697.5
284.0469
1370.5
1.0
LinkTagOr
0
0
0
2060.282
247.0296
1198.262
1.0
LinkTagAnd
0
0
0
2325.822
133.0568
1828.464
1.0
TwnObj_BrownStoneRuinPillar_A_01_Far
-1.16
0.5235988
0
2498.75
115.4383
1538.84
1.0
LinkTagAnd
0
1.36
0
2322.128
122.1813
1726.69
1.0
FldObj_RiverEdge_A_02
0
2.479999
0
2574.852
117.0664
1821.589
1.0
AreaCulling_OuterNPCMementary
0
0
0
2599.583
153.3038
1883.713
258.945
Weapon_Bow_004
1.427815
0.7880632
-2.709522
2509.519
117.3582
1827.01
1.0
FldObj_SpiderMountainWall_A_02_Far
0
2.085668
0
2616.909
211.611
1162.614
1.0
TwnObj_BrownStoneRuinPillar_A_01
-0.6799999
0
0
2004.929
116.6028
1939.853
1.0
LinkTagOr
0
-1.48
0
2335.302
137.9474
1822.579
2
FldObj_CliffWhiteWall_B_01_Far
0.1150118
-0.5814459
-0.1630421
2736.339
154.6029
1701.184
1.0
Npc_HiddenKorokFly
0
-0.8600001
0
2636.166
205.2848
1108.997
1.0
Npc_HiddenKorokGround
0
-0.2
0
2925.468
478.7521
1401.573
1.0
FldObj_CliffWhiteWall_A_03
2.801655
0.011397
3.139306
2942.446
312.015
1217.612
1.3
LinkTagAnd
0
0
0
2323.954
117.0748
1837.392
1.0
FldObj_SpiderMountainWall_A_05
0
3.141593
0
2959.617
229.9841
1111.979
0.6
Obj_RaftWood_A_S_02
0
0
0
2287.819
114.9549
1959.311
1.0
SwitchTimeLag
-1.570796
0.900001
0
2278.31
165.0784
1495.689
0.5
Weapon_Lsword_004
-2.839431
1.446193
-0.795954
2060.003
122.3064
1790.209
1.0
DgnObj_EntranceTerminalSP
0
0.2164011
0
2506.548
119.1678
1497.925
1.0
LinkTagOr
0
-1.48
0
2325.343
142.9474
1823.486
2
LinkTagAnd
0
0
0
2406.16
117.395
1843.466
1.0
DgnObj_WarpPoint_A_01
0
-2.055999
0
2689.519
220.9026
1329.195
1.0
Npc_HiddenKorokGround
0
-3.141593
0
2058.505
244.813
1208.554
1.0
FldObj_MountainSheikerWall_A_02
0
0
0
2043
258.5
1191
1.0
ActorObserverTag
0
0
0
2499.183
205.8077
1806.201
1.0
FldObj_SpiderMountainWall_A_05_Far
0
-1.102983
0
2631.198
219.1244
1167.673
0.647126
KorokAnswerResponce
0
0
0
2499.511
198.4664
1802.475
1.0
FldObj_SpiderMountainWall_A_05
0
0.8928581
0
2513.127
223.2604
985.718
0.65
ActorObserverTag
0
-0.5199999
0
2055.432
249.4359
1206.872
1.0
ForceSetPosDirAutoSaveAnchor
0
-2.401593
0
2505.582
119.1676
1499.981
1.0
Obj_LiftRockWhite_A_01
-0.4286828
1.336123
-0.4867021
2320.661
119.175
1726.377
1.0
FldObj_CliffWhiteWall_A_01_Far
-0.4528528
0.2383487
0.02220449
2872.799
260.4889
1613.031
1.0
FldObj_CliffWhiteWall_B_12
-0.3393921
-0.04775281
0.1253568
2715.907
132.0479
1801.567
1.0
FldObj_CliffWhiteLumpRock_A_01
-0.7399998
-0.18
0
2442.185
306.0164
1120.465
1.0
Enemy_Bokoblin_Middle
0
0
0
2163
214.5907
1375.5
1.0
FldObj_SpiderMountainWall_A_05_Far
0
2.639287
0
2531.907
209.0217
1075.301
0.65
AnchorAction1
0
-2.896126
0
2619.098
121.8315
1693.43
1.0
FldObj_CliffWhiteWall_A_02_Far
-0.1799841
0.001598188
0.01993605
2311.566
303.562
1221.178
1.0
Enemy_Moriblin_Junior
0
-1.44
0
2467.274
196.546
1981.916
1.0
FldObj_CliffWhiteWall_A_07
-3.099938
-0.4384355
3.13824
2246.524
231.2684
1324.508
1.0
LinkTagOr
0
-1.48
0
2333.312
143.9474
1833.806
2
FldObj_SpiderMountainPiller_A_01_Far
0
-1.550513
0
2854.771
210.1412
1124.19
1.0
LinkTagAnd
-0.07606446
-0.02974473
-0.08821558
2163.624
463.1476
1034.532
1.0
GrassCutTag
0
0
0
2472.227
208.2537
987.3125
1.0
ShelterFromRainTag
0
-1.503191
0
2388.261
117.2118
1816.082
1.0
FldObj_CliffWhiteWall_A_02_Far
-0.4200002
0
0
2855.264
326.9264
1043.096
1.0
FldObj_CliffWhiteLumpRock_A_01
-0.5
0.5
0
2296.27
326.37
1061.738
1.0
Obj_RockSetWhite_B_L_02
0
0
1.76
2908.844
119.4524
2011.789
1.0
LinkTagAnd
0
0
0
2691.5
211.158
1331.21
1.0
FldObj_SpiderMountainWall_A_01
0
1.774284
0
2639.072
216.8567
1222.154
1.0
FldObj_MountainSheiker_A_02_Far
0
2.216568
0
2042.5
224
1332
1.0
Obj_TreeApple_A_L_01
0
-0.7912979
0
2411.099
116.7656
1831.487
1.0
FldObj_CliffWhiteWall_A_02_Far
-0.4
1.34
0
2427.15
195.8622
1489.348
1.0
Enemy_AirOctarock
0
-0.2038052
0
2695.187
282.6734
1376.505
1.0
Enemy_Lizalfos_Guard_Junior_LongVisibility
0
-2.356194
0
2697.5
281.5
1371
1.0
Obj_Plant_ChiliPepper_A_01
0
-0.39444
0
2128.488
118.7333
1927.247
1.0
LinkTagAnd
2.896278
-1.194034
-2.973662
2279.647
184.9429
1608.104
1.0
FldObj_CliffWhiteLumpRock_A_01
2.501566
1.18992
2.841612
2576.846
190.2833
1975.49
1.0
TBox_Field_Iron
0
1.308997
0
2257.5
238
1375.5
1.0
LinkTagAnd
0
-2.814739
0
2533.777
137.1155
1830.513
1.0
Animal_Boar_A
0
-2.356194
0
2636
207.1397
1796.5
1.0
TwnObj_BrownStoneRuinWall_A_05_Far
0
1.570796
0
2119.727
120.7631
1749.002
1.0
LinkTagNOr
0
2.443186
0
2177.335
213.7234
1374.844
1.0
FldObj_CliffWhiteParts_A_06
-0.38
-0.7399999
0
2783.296
240.3753
1578.098
1.0
FldObj_SpiderMountainBase_A_04_Far
0
0
0
2592.803
209.5151
993.539
1.0
ShelterFromRainTag
-0.02458505
0.9991828
-0.001285893
2391.045
118.1954
1781.343
1.0
LinkTagAnd
0
0
0
2278.31
163.0784
1495.689
1.0
AnchorAction1
0
0
0
2163
214.5907
1380.5
1.0
SwitchTimeLag
-1.570796
-1.48
0
2330.866
138.9474
1829.008
0.5
Npc_HiddenKorokGround
0
1.479999
0
2526.617
334.827
1257.579
1.0
FldObj_CliffWhiteWall_A_02
-0.7963109
-0.8611893
0.08343986
2331.86
203.5221
1430.392
1.0
Npc_HiddenKorokGround
0
-1.939997
0
2279.315
182.4268
1608.345
1.0
FldObj_SpiderMountainBase_A_04
0
0
0
2592.803
209.5151
993.539
1.0
FldObj_CliffWhiteWall_B_14
0.3084531
1.377302
0.09082009
2840.006
138.795
1984.764
1.0
LinkTagAnd
0
0.74
0
2501.097
132.029
1496.827
1.0
FldObj_CliffWhiteWall_A_03_Far
2.968753
0.4998623
-3.141593
2544.292
250.7908
1104.734
1.0
LinkTagOr
0
0
0
2138.145
118.4886
1921.561
1.0
Item_Fruit_A
0
0
0
2000.587
137.4163
1619.27
1.0
Area
0
2.443186
0
2171.739
220.7203
1369.791
2
Area
0
2.996125
0
2395.085
120.5229
1838.313
1.0
Obj_RockBroken_A_02
0
-2.379997
0
2279.309
181.6835
1608.336
1.0
FldObj_MountainSheiker_A_04
0
-1.53589
0
2214
274.5
1199.5
1.0
Obj_LiftRockWhite_Korok_A_01
0.0597098
-0.007202382
0.2400166
2533.568
335.33
1258.181
1.0
FldObj_SpiderMountainWall_A_03_Far
0
-0.3005614
0
2614.911
198.9046
1033.017
1.0
FldObj_CliffWhiteWall_A_01_Far
2.541593
-0.5015925
3.141593
2081.422
141.8172
1569.516
1.0
LinkTagOr
0
-0.4226177
0
2138.206
118.2718
1929.508
1.0
