UnitConfigName/__text
Rotate/value/0
Rotate/value/1
Rotate/value/2
Translate/value/0
Translate/value/1
Translate/value/2
_Scale
LinkTagAnd
0
0
0
2073.5
109.7122
3439.5
1.0
Item_Fruit_G
-0.3879673
0.3778489
-0.4760426
2994.304
130.8233
3417.292
1.0
LinkTagNAnd
0
0
0
2986.286
107.1229
3448.25
1.0
FldObj_CliffWhiteParts_A_03_Far
-0.6599999
-1.14
0
2347.524
132.2178
3793.424
1.0
LinkTagOr
0
2.164955
0
2847.424
110.1194
3461.618
1.0
AnchorAction1
0
1.288928
0
2886.771
106.6417
3495.1
1.0
FldObj_CliffWhiteWall_A_08_Far
2.633203
-1.282634
-3.023249
2531.576
326.6955
3591.91
0.8
LinkTagOr
0
0
0
2233.226
105.9953
3719.943
1.0
Obj_LiftRockWhite_A_01
0
0
0
2818.795
122.3828
3651.753
1.0
AreaCulling_InnerHide
0
2.206986
0
2837.132
115.2272
3454.236
1.0
AnchorAction4
0
-1.959879
0
2972.081
106.656
3670.379
1.0
Animal_Fish_F
0
0
0
2073.91
104.8854
3874.713
1.0
Area
0
-2.563184
0
2793.459
189.0587
3208.46
2
AnchorSleep
0
-0.3599992
0
2885.186
114.7844
3401.91
1.0
LinkTagOr
-0.1098872
-0.004020962
-0.07307738
2640.493
195.023
3198.408
1.0
FldObj_CliffWhiteCave_A_02
0
-0.2599998
0
2543.461
253.8002
3492.055
1.0
LinkTagNone
0
0
0
2483
154.0933
3323
1.0
LinkTagAnd
0
2.779999
0
2837.43
129.3794
3452.94
1.0
LinkTagOr
0
0
0
2978.475
120.1072
3372.269
1.0
Item_Fruit_G
2.602427
0.5069051
-2.903486
2920.952
119.0264
3587.089
1.0
FldObj_RockBeachWall_A_02
2.793014
-1.108052
-2.871836
2247.222
111.1587
3841.726
1.0
FldObj_CliffWhiteHill_C_02_Far
-1.84018
1.499218
-1.731315
1981.187
148.9976
3461.839
1.0
FldObj_CliffWhiteWall_A_01
-0.7272071
-1.098694
-0.2980098
2435.726
183.7389
3740.26
1.0
LinkTagOr
0
0.6399999
0
2847.462
152.394
3303.929
1.0
Obj_TreePalmBeach_A_02
0
-1.303186
0
2235.449
107.1197
3887.652
1.0
FldObj_CliffTropicsWall_A_02
-2.70405
1.383797
-2.697261
2188.255
196.6813
3252.763
1.0
Item_Fruit_G
-0.5599999
-1.1
0
2919.828
125.668
3401.467
1.0
LinkTagOr
0
-0.1831849
0
2870.349
106.6866
3435.509
1.0
KibakoSeaside_Contain_01
0.03741242
-0.2216264
-0.005965886
2986.948
110.2423
3417.108
1.0
FldObj_CliffWhiteLumpRock_A_01
-0.2599999
0
0
2570.925
236.5438
3090.325
1.0
DgnObj_DungeonEntrance_A_01_Far
0
0.1744003
0
2833.359
151.7545
3310.973
1.0
TwnObj_Village_FishingRock_A_02
-0.06673416
0.08321201
-0.1113388
2808.909
110.4575
3398.566
1.0
FldObj_RockBeach_A_M_01_Far
-0.1113783
1.066332
0.08391703
2270.977
118.5878
3843.632
1.0
DgnObj_EntranceTerminal_A_01
0
-0.3491985
0
2836.37
152.7547
3316.535
1.0
Item_Enemy_Put_57
0.6513712
0.1399584
2.996023
2962.063
108.1364
3488.129
1.0
Item_Fruit_G
-0.7914488
0.5683592
-0.247178
2813.824
121.5702
3421.221
1.0
Obj_TreePalmBeach_A_02
0
0.4660484
0
2811.598
122.8795
3663.038
1.0
FldObj_CliffWhiteParts_A_02
0.1089339
0.9208997
0.3342493
2846.19
154.6126
3272.156
1.0
FldObj_CliffWhiteLumpRock_A_01
2.625887
-0.2078878
3.008292
2321.508
298.053
3079.44
1.0
FldObj_EnemyBaseRiversideBridge_A_02_Far
0
-3.127059
0
2131.741
116.2891
3900.197
1.0
FldObj_CliffWhiteWall_A_01_Far
-1.02
0.52
0
2627.988
212.5712
3703.374
1.0
Obj_TreePalmBeach_A_02
0
1.14
0
2879.775
107.1716
3733.538
1.0
TwnObj_Village_FishingBridge_A_01_Far
0
-2.530727
0
2185.785
105.5
3816.054
1.0
KorokAnswerResponce
0
-2.268928
0
2170.657
200.3615
3278.816
0.5
LinkTagAnd
-1.430673
0.4637089
-0.3711985
2948.915
130.3823
3433.316
1.0
FldObj_EnemyLookoutBanana_A_01
0
0
0
2141.847
106.0193
3874.864
1.0
FldObj_CliffWhiteWall_A_05
2.601875
1.290153
3.073609
2644.159
234.5218
3605.447
1.0
FldObj_CliffWhiteWall_A_02
-0.09356688
0.9369749
0.3227073
2739.7
153.038
3417.223
1.0
Item_Fruit_G
-0.5599999
0
0
2709.356
120.5171
3891.675
1.0
AnchorAction1_Rain
0
-0.893981
0
2996.032
112.1346
3418.943
1.0
FldObj_CliffWhiteLumpRock_A_01
-0.6406831
0.07806783
-0.01749393
2581.162
159.9012
3783.519
1.0
Item_Fruit_G
-0.5599999
1.338131
0
2845.638
119.1455
3526.052
1.0
Area
0
0
0
2964.658
119.6447
3384.785
2.687485
LinkTagAnd
0
0
0
2083
294
3226
1.0
FldObj_RockBeachWall_A_01_Far
-0.3657787
0.5871275
-0.0374582
2454.158
152.2764
3867.423
1.0
LinkTagAnd
0
0
0
2951.655
106.8388
3487.231
1.0
LinkTagAnd
0
0
0
2855.882
109.4386
3571.354
1.0
AnchorAction1
0
-2.560909
0
2944.471
112.3233
3435.603
1.0
Enemy_Lizalfos_Junior
0
0
0
2375.758
106.823
3931.484
1.0
FldObj_CliffWhiteLumpRock_A_01
1.868168
1.251528
2.388032
2599.45
279.9402
3584.734
1.0
Item_Fruit_G
2.581593
0.8815931
3.141593
2905.365
123.1088
3637.396
1.0
TwnObj_Village_FishingHouse_S_A_02_Far
0
2.206991
0
2836.971
109.6748
3454.36
1.0
Animal_Fish_F
0
0
0
2105.792
105.0963
3920.822
1.0
FldObj_CliffWhiteSet_A_01
3.087676
0.07851271
-2.970379
2548.166
256.1597
3590.338
1.2
LinkTagNAnd
0
0
0
2980.647
106.7619
3449.401
1.0
LinkTagAnd
0
-2.268928
0
2160.164
209.509
3273.18
1.0
AnchorAction1_Rain
0
0.710866
0
2881.867
114.6339
3404.511
1.0
LinkTagOr
0
0
0
2058.123
113.6282
3440.63
1.0
FldObj_CliffWhite_A_05_Far
3.091246
-0.2368844
-3.131366
2363.926
149.6522
3385.56
1.0
LinkTagAnd
0
0
0
2519.131
161.9306
3834.538
1.0
LinkTagAnd
0
-0.5235988
0
2492.812
154.0933
3320.005
1.0
Animal_Fish_G
0
0
0
2151.383
104.901
3911.163
1.0
SwitchTimeLag
-1.570796
0
0
2849.445
119.513
3650.833
0.5
ActorObserverTag
0
0
0
2857.243
115.8851
3659.617
1.0
FldObj_RockBeach_A_L_01_Far
-0.1090057
0.4610407
0.02129744
2228.524
103.3283
3786.275
1.0
LinkTagOr
0
-1.303186
0
2230.074
107.1197
3887.545
1.0
LinkTagAnd
0
0
0
2970.32
126.8563
3380.073
1.0
LinkTagOr
0
-3.141593
0
2856.083
116.2
3651.771
1.0
ForceSetPosDirAutoSaveAnchor
0
-1.121592
0
2013.228
301.4958
3282.108
1.0
AnchorAction2
0
-0.7853982
0
2995.98
111.5066
3469.313
1.0
Area
0
-0.26
0
2028.699
293.8832
3163.516
0.1
Item_Enemy_Put_57
0.3521305
-1.399869
-2.448139
2961.222
107.9183
3488.58
1.0
Obj_TreePalmBeach_A_02
0
1.76
0
2806.53
113.1549
3398.63
1.0
LinkTagNAnd
-1.430673
0.4637089
-0.3711985
2947.248
131.0312
3434.21
1.0
KorokAnswerResponce
0
0
0
2040.121
286.2281
3167.412
1.0
LinkTagOr
0
0
0
2039.121
292.2281
3167.412
1.0
Obj_RockSetGray_A_L_01
-0.8583812
-0.3169116
-0.4810801
2879.628
214.4582
3088.571
1.0
LinkTagOr
0
0.6831861
0
2948.505
116.3083
3392.289
1.0
Item_Enemy_Put_57
2.057479
-0.3352275
-3.082221
2961.569
107.6413
3487.572
1.0
Enemy_Lizalfos_Junior
0
0
0
2375.383
106.2217
3938.273
1.0
Area
0
-2.268928
0
2161.907
203.5215
3273.721
0.7
AnchorAction2
0
-1.565398
0
2590.712
289.7557
3544.268
1.0
Area
0
0
0
2863.637
113.0571
3649.421
1.0
Npc_SouthernVillageGambler
0
0
0
2969.995
117.9182
3374.445
1.0
FldObj_CliffWhite_A_03
0
2.023185
0
2770.926
112.1179
3467.081
1.2
LinkTagNAnd
-2.561882
-1.183433
2.977108
2959.975
139.4791
3671.594
1.0
Rope
-0.9861521
-0.2692015
0.0241748
2885.302
108.0896
3497.208
1.0
FldObj_EnemyLookoutBanana_A_01
0
0
0
2072.57
105
3871.992
1.0
AnchorAction1
0
-0.1292725
0
2899.616
106.1778
3433.077
1.0
FldObj_KorokStoneLift_A_01
-0.0003257222
-1.471068E-06
-0.0007991967
2039.924
278.0537
3211.686
1.0
LinkTagAnd
0
2.02
0
2013.056
301.4958
3283.746
0.3
LinkTagAnd
0
0
0
2833.359
151.7545
3310.973
1.0
FldObj_CliffWhiteLumpRock_A_01
-0.1828774
1.428288
0.1003348
2603.523
272.9229
3621.801
1.0
Enemy_Bokoblin_Middle
0
1.398407
0
2074.307
113.2461
3902.922
1.0
LinkTagNOr
0
-1.28
0
2976.246
106.6664
3452.293
1.0
TwnObj_MamonoShop_A_01
0
-1.94
0
2974.692
106.656
3671.389
1.0
LinkTagNAnd
0.1030401
0.002774475
-0.05379174
2978.365
107.0879
3447.257
1.0
Animal_Fish_G
0
0
0
2126.961
105.0963
3914.092
1.0
Obj_TreeTropical_A_LL_01
0
1.120003
0
2090.211
289.079
3228.311
1.0
FldObj_RockBeach_A_M_03
1.490223
0.4135879
2.782474
1994.915
103.0447
3849.406
1.0
LinkTagOr
0
-0.36
0
2233.862
140.1022
3341.936
0.5
LinkTagOr
-0.1098872
-0.004020962
-0.07307738
2640.42
194.0318
3198.518
1.0
Obj_Plant_IvyBurn_A_01
1.909588
-1.328619
-2.27365
2639.185
190.6586
3198.947
1.0
Area
0
1.460005
0
2949.694
107.692
3417.268
18.80847
FldObj_CliffWhiteLumpRock_A_01
1.202702
1.478284
1.80616
2778.324
120.1431
3414.538
1.0
Obj_TreePalmBeach_A_02
0
0.6831861
0
2946.432
116.3083
3387.328
1.0
FldObj_CliffWhiteWall_A_02_Far
2.789309
1.456607
3.060569
2763.574
161.5919
3374.788
1.0
LinkTagOr
0
0
0
2831.523
125.846
3455.197
1.0
FldObj_EnemyBaseRiversideBridge_A_01
0.3355418
0.9252216
0.5501711
2030.526
106.5326
3909.055
1.0
Item_Fruit_G
2.581593
1.541592
3.141593
2854.91
129.0224
3667.693
1.0
LookTag
0
0.1744003
0
2835.181
151.7545
3321.314
1.0
LinkTagAnd
0
0
0
2170.711
201.3678
3276.907
1.0
Obj_Plant_IvyBurn_A_01
-2.625871
-0.5524942
2.524948
2638.46
191.4421
3197.915
1.0
LinkTagOr
0
0.4384076
0
2939.885
124.9304
3426.874
1.0
LinkTagOr
0
0
0
2170.483
111.8579
3470.718
1.0
FldObj_CliffWhiteHill_C_03_Far
0.2027285
-1.191859
-0.2177405
2254.526
135.3218
3460.887
1.0
Item_Fruit_G
-2.707707
0
-2.232194
2872.803
123.9768
3394.992
1.0
Obj_TreePalmJungle_A_LL_01
0
0
0
2015.514
181.0693
3338.094
1.0
LinkTagOr
0
0
0
2072.5
109.7122
3430.5
1.0
LookTag
0
2.377994
0
2103.345
133.8867
3928.671
1.0
LinkTagOr
-1.147627
0.2521612
0.3872893
2038.121
287.7281
3167.412
1.0
FldObj_CliffWhiteWall_A_03_Far
2.481015
0.7695042
2.840556
2714.973
193.131
3307.629
1.0
LinkTagAnd
0
0
0
2946.952
124.0558
3436.434
1.0
Animal_Fish_G
0
0
0
2059.023
105.3698
3898.155
1.0
LinkTagNAnd
0
2.02
0
2008.15
313.9958
3282.78
0.6
Obj_TreePalmBeach_A_02
0
1.718407
0
2946.679
106.1421
3587.937
1.0
Item_Fruit_G
-0.2895763
0.4757752
-1.092385
2955.011
129.6037
3359.273
1.0
AnchorAction1
0
1.481593
0
3072.02
121.7978
3546.399
1.0
Obj_Plant_Korok_A_01
-2.264279
-0.1327242
1.514328
2950.214
128.5485
3434.969
1.0
LinkTagAnd
0
0
0
2141.159
101.0953
3951.019
1.0
LinkTagAnd
0
-0.26
0
2028.912
296.0332
3163.883
1.0
Animal_Fish_F
0
0
0
2053.175
105.3698
3899.541
1.0
Dm_Locator
0
-1.94
0
2974.542
106.656
3671.549
1.0
LinkTagAnd
0
-1.28
0
2979.12
106.6664
3451.432
1.0
FldObj_ScaffoldWood_B_01_Far
0
0.2400009
0
2807.787
182.5292
3200.945
1.0
LinkTagAnd
0
0
0
2519.131
160.9306
3834.538
1.0
LinkTagAnd
0.08951277
0.001649005
-0.03681527
2979.994
107.288
3448.758
1.0
Area
0
0
0
2007
321.5
3285
125
Enemy_Bokoblin_Middle
0
1.06
0
2611.634
188.7635
3306.384
1.0
FldObj_CliffWhiteWall_A_02_Far
-1.698627
1.379852
-0.725316
2716.011
165.8694
3693.612
1.2
Animal_Fish_F
0
0
0
2149.316
104.901
3911.775
1.0
Npc_MamonoShop
0
1.128011
0
2972.081
106.656
3670.379
1.0
Obj_TreePalmBeach_A_02
0
0.72
0
2866.869
106.6811
3800.993
1.0
FldObj_CliffWhiteWall_A_05_Far
-0.48
0
0
2704.802
249.8245
3058.829
1.0
FldObj_CliffWhiteWall_A_03
-0.6433101
-0.1917615
-0.1118866
2558.294
298.8238
3029.856
1.0
FldObj_EnemyBaseRiversideBridge_A_02
0
-3.127059
0
2131.741
116.2891
3900.197
1.0
AnchorAction1
0
-0.01626338
0
2896.021
112.719
3409.292
1.0
AnchorAction1
0
0
0
2590.065
290.1542
3516.196
1.0
LinkTagAnd
0.08158126
0.002332335
-0.05713098
2979.374
106.814
3450.613
1.0
LinkTagOr
0
-2.1
0
2926.302
107.9299
3596.566
1.0
LinkTagAnd
0
0
0
2868.801
100.1038
3450.498
1.0
Item_Fruit_G
-0.5599999
0.52
0
2793.518
125.0708
3836.487
1.0
LinkTagAnd
0
0
0
2011.536
301.496
3280.593
1.0
FldObj_CliffWhiteWall_A_03_Far
-0.6433101
-0.1917615
-0.1118866
2558.294
298.8238
3029.856
1.0
ActorObserverTag
0
0
0
2132.456
202.4714
3534.217
1.0
Npc_HiddenKorokGround
0
0
0
2636.233
191.5871
3197.799
1.0
Obj_Plant_Korok_A_01
-0.2541085
-0.3314199
0.08430988
2941.7
119.23
3430.52
1.0
LinkTagAnd
0
0
0
2014
322
3285
1.0
FldObj_RockBeach_A_M_01_Far
2.905973
0.2721819
3.080506
2286.439
103.7039
3956.769
0.8
LinkTagAnd
0
0
0
2006.916
319.0224
3285.103
1.0
Item_Fruit_G
2.461593
-0.6394809
3.141593
2824.281
122.8586
3365.182
1.0
TBox_Field_Wood
3.13681
1.336725
3.133034
2800.573
201.8662
3195.394
1.0
Item_Fruit_G
-1.302091
0.6547666
-1.671965
2867.893
129.373
3362.5
1.0
Animal_Fish_F
0
0
0
2128.714
105.0963
3911.189
1.0
Item_Fruit_D
-3.063278
-0.9813549
-3.011322
2160.718
204.3117
3271.801
1.0
LinkTagOr
2.221593
0.941593
3.141592
2945.307
124.8849
3437.631
1.0
AnchorAction2
0
0
0
2930.155
118.6996
3363.052
1.0
Animal_Fish_F
0
0
0
2177.2
105.3385
3788.022
1.0
FldObj_RockBeachWall_A_02
0
-1.54
0
2315.987
123.1468
3741.553
0.8
TwnObj_Village_FishingHouse_S_A_02_Far
0
-0.7330082
0
2995.023
109.9346
3417.968
1.0
LinkTagAnd
0
0
0
2979.557
107.6794
3446.27
1.0
FldObj_CliffWhite_A_01_Far
0.12
-0.5599999
0
2644.385
162.4457
3259.579
1.0
FldObj_RockBeachWall_A_02
-0.09999999
0.04000001
0
2574.868
130.5656
3855.454
1.0
LinkTagAnd
-0.1098872
-0.004020962
-0.07307738
2635.913
194.0524
3197.528
1.0
ActorObserverTag
0
-0.26
0
2029.089
295.0332
3164.189
1.0
FldObj_RockBeach_A_M_01
2.330236
1.294217
2.431218
2194.576
103.8512
3896.63
1.0
Npc_Assassin_005
0
-0.36
0
2234.919
140.1022
3339.128
1.0
LinkTagAnd
0
0
0
2007
300
3285
1.0
ActorObserverTag
0
0
0
2969.32
125.0829
3380.073
1.0
FldObj_CliffWhiteHill_C_03_Far
0.004893964
-0.2399511
-0.02058997
2171.3
137.166
3389.151
1.0
EventTag
0.09011985
0.002400071
-0.0532154
2975.26
107.9405
3447.761
1.0
FldObj_RockBeach_A_L_01_Far
3.052388
-0.8380202
-3.101841
2858.658
100.6753
3843.157
1.0
FldObj_CliffWhiteLumpRock_A_01
2.689211
-0.2353978
2.988208
2394.626
298.4224
3060.054
1.0
Item_Fruit_D
0
-2.268928
0
2161.885
203.5557
3273.723
1.0
LinkTagOr
0
-0.4031851
0
2965.938
107.3834
3449.493
1.0
Weapon_Spear_038
1.396263
0.5184075
3.141593
2982.161
106.0125
3452.636
0.6666666
Item_Fruit_G
2.581593
1.423186
3.141593
2953.252
117.9963
3586.87
1.0
Animal_Fish_F
0
0
0
2130.105
105.0963
3892.103
1.0
LinkTagOr
0
1.680001
0
2875.657
106.2646
3496.656
1.0
Animal_Fish_F
0
0
0
2139.316
104.901
3951.783
1.0
FldObj_RockBeach_A_S_01_Far
-0.4599983
-1.543183
-2.133407E-06
2980.27
104.5545
3655.682
1.0
Item_FishGet_G
-3.141592
-0.1183965
0.4199997
2960.367
107.6456
3492.417
1.0
Npc_SouthernVillage015
0
0
0
2591.926
290.4308
3514.609
1.0
EventTag
0
2.901593
0
2095.008
152.1658
3921.874
1.0
Item_Fruit_G
2.446773
-0.1800445
-2.930436
2962.53
122.0529
3423.454
1.0
DestinationAnchor
0
2.46
0
2966.878
117.7515
3382.206
1.0
Obj_TreeDorian_A_01
0
0.8726647
0
2170.164
198.8615
3273.18
1.0
Animal_Fish_F
0
0
0
2066.597
104.9167
3918.275
1.0
FldObj_CliffWhiteWall_A_02
0
0.2799999
0
2900.928
153.3649
3294.221
1.2
FldObj_CliffWhiteParts_A_06_Far
3.049705
1.0876
2.880992
2762.5
117.0239
3328.047
1.0
Obj_TreePalmBeach_A_02
0
0.1
0
2325.456
109.9979
3930.999
1.0
Area
0
0.7853991
0
2868.801
100.1038
3450.498
175
FldObj_EnemyBaseRiversideBridge_A_01_Far
0
0.03453291
0
2131.716
116.2891
3899.937
1.0
Area
0.5759587
2.380693E-08
1.570796
2295.828
287.6308
3028.356
0.2109886
ActorObserverTag
0
0
0
2847.796
116.5298
3651.463
1.0
AnchorAction2
0
0.6108658
0
2882.922
112.4223
3408.107
1.0
LinkTagOr
0
-0.4599994
0
2971.18
116.8422
3397.299
1.0
Item_Fruit_G
-0.5599999
0.72
0
2871.326
118.5353
3805.94
1.0
Enemy_Bokoblin_Guard_Junior_TreeHouseTop
0
2.523185
0
2072.38
113.2587
3890.9
1.0
ActorObserverTag
0
0
0
2987.435
107.8391
3449.935
1.0
LinkTagAnd
0
0
0
2869.755
106.4493
3433.876
1.0
Animal_Fish_F
0
0
0
2150.472
104.901
3908.26
1.0
LinkTagOr
-0.09057754
-1.256951
0.2181522
2559.063
346.5184
3603.118
1.0
FldObj_CliffWhiteLumpRock_A_01
1.685147
0.6824211
1.933459
2595.817
295.3421
3610.694
0.8
Npc_HiddenKorokGround
0
-0.6015928
0
2508.15
157.6213
3825.909
1.0
LinkTagOr
0
0
0
2977.449
107.2163
3446.397
1.0
KorokAnswerResponce
0
0.5759587
0
2296.673
291.3417
3027.807
0.5
FldObj_CliffWhiteWall_A_02_Far
-0.09356688
0.9369749
0.3227073
2739.7
153.038
3417.223
1.0
FldObj_RockBeach_A_M_01_Far
2.330236
1.294217
2.431218
2194.576
103.8512
3896.63
1.0
LinkTagAnd
0
0
0
2954.324
107.36
3495.701
1.0
FldObj_CliffWhite_A_S_01_Far
-3.092808
-0.3281481
3.087538
2862.686
110.4451
3361.054
1.0
FldObj_RockBeachWall_A_02_Far
2.675675
-1.134928
-2.903143
2316.206
128.4407
3828.338
1.0
Area
0
0
0
2952.899
107.8
3493.712
0.5
Area
0
0
0
2960.555
107.8
3492.844
0.5
Item_FishGet_F
3.084229
-0.2919605
0.2912249
2959.783
107.6391
3494.621
1.0
Enemy_Bokoblin_Middle
0
-1.321591
0
2813.77
192.1219
3203.688
1.0
FldObj_CliffWhite_A_03
0
1.723185
0
2422.848
155.1593
3411.877
1.0
ChangeWeatherTag
0
0
0
2863.101
106.8645
3567.943
1.0
LinkTagAnd
0
-2.32
0
2981.009
106.6664
3452.471
1.0
Item_Fruit_G
-0.6799999
-0.9652965
0
2871.331
118.3396
3437.028
1.0
Item_Fruit_G
0.7599999
0
0
2836.854
130.1325
3454.735
1.0
Npc_SouthernVillage007
0
-1.189136
0
2884.247
112.4364
3413.51
1.0
Obj_TreePalmBeach_A_02
0
-1.1
0
2925.721
113.8139
3398.367
1.0
LinkTagOr
0
2.779999
0
2836.494
129.3794
3452.586
1.0
Item_FishGet_G
3.080156
-0.4317148
0.2386516
2960.881
107.7956
3492.59
1.0
FldObj_CliffWhiteWall_A_02
-0.6392632
0.1973808
-0.06360515
2421.262
156.1969
3851.635
1.0
SwitchTimeLag
1.110796
-0.6015931
3.141592
2942.039
129.3232
3435.328
0.5
AreaCulling_OuterNPCMementary
0
0
0
2904.472
109.541
3422.234
178.2939
FldObj_RockBeachWall_A_01_Far
-0.2673165
0.2317832
-0.06282908
2527.842
154.9454
3843.641
1.0
LinkTagAnd
0
-0.2400001
0
2108.268
132.1731
3924.39
1.0
FldObj_CliffWhiteLumpRock_A_01
2.270855
1.142943
3.017569
2735.457
160.3917
3481.264
1.2
FldObj_CliffWhiteWall_A_08
-0.4810491
-0.2857407
0.1460718
2526.981
267.9266
3664.797
1.0
Animal_Fish_F
0
0
0
2136.719
105.0156
3947.844
1.0
DestinationAnchor
0
-3.04
0
2970.081
117.94
3376.748
1.0
Item_RoastFish_09
-1.605329
-0.8215928
3.141593
2982.413
107.4114
3455.042
1.2
FldObj_CliffWhiteHill_C_02_Far
-0.1157866
0.3756919
-0.04278584
2045.319
143.4234
3383.177
1.0
LinkTagOr
0
0
0
2970.32
126.0829
3380.073
1.0
FldObj_CliffWhite_A_S_01
2.913792
0.6847458
2.799113
2782.49
115.6377
3337.291
1.0
Animal_Fish_F
0
0
0
2042.511
105.1276
3878.806
1.0
LinkTagAnd
0
0
0
2972.081
106.656
3670.379
1.0
FldObj_CliffWhiteWall_A_02_Far
-0.6382752
-0.1906095
0.2207943
2572.652
242.8673
3717.156
1.0
FldObj_CliffTropicsWall_A_02
0
0.94
0
2019.075
179.3632
3329.554
1.1
FldObj_KorokStone_A_01
0
-0.26
0
2028.912
293.0332
3163.883
1.0
TwnObj_Village_FishingBridge_A_01
0
-0.2291349
0
2959.724
105.7862
3491.763
1.0
EventTag
0
0
0
2955.828
106.8202
3489.09
1.0
Item_Fruit_G
0
0
-0.48
2973.821
146.7305
3370.279
1.0
Area
2.221593
0.941593
3.141592
2946.952
124.0558
3436.434
1.0
LinkTagAnd
0
-1.28159
0
2139.839
202.7839
3531.461
1.0
BarrelBomb2
-3.139741
-0.150793
-3.137208
2817.875
221.5373
3234.476
1.0
LinkTagAnd
0
0
0
2181
119.5
3961
1.0
ActorObserverTag
0
0.5759587
0
2294.157
290.2568
3029.441
1.0
AnchorSleep
0
-1.319999
0
2906.645
114.7607
3398.882
1.0
FldObj_CliffWhiteWall_A_08_Far
-0.5266271
0.2384526
0.1305759
2570.763
278.3661
3659.088
1.0
Obj_LiftRockWhite_Korok_A_01
0
0
0
2507.513
157.3065
3831.796
1.0
Obj_RaftWoodSail_A_S_01
0
0.640001
0
2178.476
105.8976
3820.634
1.0
AreaCulling_OuterNPCMementary
0
0
0
2118.088
143.6843
3865.776
175.576
FldObj_CliffWhiteWall_A_08_Far
-0.5484281
0.6988953
0.03853877
2586.327
315.8339
3625.874
0.8
AnchorAction2
0
1.025398
0
2587.158
289.9658
3544.053
1.0
ActorObserverTag
0
0
0
2508.513
159.5065
3831.796
1.0
LinkTagAnd
0
0
0
2007
300
3285
1.0
LinkTagAnd
0
0
0
2967.847
119.2437
3382.416
1.0
FldObj_RockBeachWall_A_02
2.885182
-0.8387793
-3.138947
2285.146
118.0835
3807.853
1.0
FldObj_CliffWhite_A_01
0.12
-0.5599999
0
2644.385
162.4457
3259.579
1.0
LinkTagAnd
0
0
0
2868.801
100.1038
3450.498
1.0
Item_Fruit_G
-0.6799999
-0.7821115
0
2059.365
125.2812
3441.944
1.0
LinkTagAnd
0.09011985
0.002400071
-0.0532154
2976.338
107.2463
3448.888
1.0
Animal_Fish_F
0
0
0
2065.441
104.9167
3921.791
1.0
FldObj_CliffWhiteWall_A_05_Far
-0.34
-1.4
0
2410.786
235.0439
3608.978
1.0
Item_Fruit_D
0
-2.268928
0
2181.885
202.9145
3273.723
1.0
Enemy_Bokoblin_Guard_Junior_TreeHouseTop
0
-2.901592
0
2803.195
202.7703
3178.187
1.0
TwnObj_Village_FishingBridge_A_01_Far
0
-0.2291349
0
2979.932
105.7862
3462.508
1.0
FldObj_CliffWhiteLumpRock_A_01
-0.2469956
-0.4261118
0.06430966
2550.334
308.8609
3618.001
1.0
PosAfterDemoSkip
0
-1.121592
0
2013.228
301.4958
3282.108
1.0
Obj_TreePalmBeach_A_02
0
2.164955
0
2842.299
110.1194
3463.241
1.0
TwnObj_Village_FishingRock_A_02_Far
3.117643
-0.4493307
-3.033924
2927.794
106.7883
3424.192
1.0
Item_Fruit_G
-0.5599999
-0.6799999
0
2882.175
132.014
3355.471
1.0
Area
0
0
0
2132.456
200.8714
3534.217
1.0
Obj_TreePalmBeach_A_02
0
0
0
2234.75
105.9953
3714.788
1.0
FldObj_CliffWhite_C_08_Far
0
0.9200001
0
1983.445
113.1087
3713.831
1.0
LinkTagAnd
0
0
0
2142.5
320
3234
1.0
DestinationAnchor
0
2.792394
0
2836.028
152.7545
3317.475
1.0
DgnObj_EntranceElevator_A_01
0
0.1744003
0
2833.359
152.7547
3310.973
1.0
LinkTagOr
0
0
0
2812.066
109.925
3419.872
1.0
Enemy_Bokoblin_Middle
0
-1.090796
0
2821.607
192.1205
3199.313
1.0
LinkTagOr
0
1.14
0
2883.823
107.1716
3737.076
1.0
LinkTagNAnd
0
-2.268928
0
2162.89
204.3606
3276.149
1.0
Area
0
-0.26
0
2029.125
293.8832
3164.25
0.1
TwnObj_Village_FishingRock_A_02_Far
0.03863554
-0.1609292
-0.2102138
2981.417
116.6638
3402.157
1.0
TwnObj_Village_FishingRock_A_01_Far
0
0
0
2897.919
110
3414.139
1.0
FldObj_EnemyBaseRiversideBridge_A_01
0
1.60706
0
2128.807
116.2891
3913.532
1.0
Obj_TreePalmBeach_A_02
0
0.6399999
0
2845.605
152.394
3298.884
1.0
ActorObserverTag
0
0
0
2971.32
125.0829
3380.073
1.0
DgnObj_EntranceShutter_A_01
0
2.02
0
2010.423
301.496
3283.35
1.0
FldObj_CliffWhite_A_01_Far
0.3623452
-1.30002
-0.2136424
2538.422
153.3826
3792.749
1.0
LinkTagAnd
0
0
0
2849.445
118.513
3650.833
1.0
Obj_Plant_IvyBurn_A_01
-2.954978
1.210565
-2.88003
2633.576
191.7237
3199.007
1.0
AirWallHorse_HiddnKorok
-0.1098872
-0.004020962
-0.07307738
2636.281
192.2409
3197.727
3
AnchorAction1
0
0
0
2869.887
106.3784
3433.475
1.0
Area
0
0
0
2085.5
288.1641
3227.289
5
FldObj_RockBeach_A_L_01
-0.2199999
-1.36
0
1974.26
104.305
3885.696
1.0
LinkTagOr
0
-0.48
0
2173.794
115.6343
3444.602
1.0
LinkTagAnd
0
2.901593
0
2112.006
152.1932
3920.766
1.0
FldObj_RockBeachWall_A_02_Far
2.885182
-0.8387793
-3.138947
2285.146
118.0835
3807.853
1.0
Obj_LiftRockWhite_A_01
0
0
0
2995.125
120.3702
3381.846
1.0
LinkTagOr
0
2.04
0
2920.544
107.3813
3589.267
1.0
ActorObserverTag
0
0
0
2507.513
159.5065
3831.796
1.0
FldObj_CliffWhite_A_03_Far
0
1.723185
0
2422.848
155.1593
3411.877
1.0
LinkTagAnd
0
2.02
0
2013.056
301.4958
3283.746
0.3
LinkTagAnd
2.681592
-0.6015931
3.141592
2941.532
129.7671
3434.589
1.0
AnchorAction3
0
2.350865
0
2895.629
112.4407
3411.916
1.0
LinkTagOr
0
0
0
2507.513
160.5065
3831.796
1.0
Area
0
0.1744003
0
2833.359
151.7545
3310.973
25
SwitchTimeLag
0
-0.2400001
0
2106.294
152.1717
3916.191
1.0
LinkTagNAnd
0
0
0
2978.447
107.2353
3445.87
1.0
Item_Fruit_G
-0.5599999
1.244954
0
2969.188
121.9216
3445.136
1.0
LinkTagNone
0
0
0
2800.584
201.9312
3195.408
1.0
LinkTagOr
0
-0.04159087
0
2032.781
294.6425
3164.366
1.0
KorokAnswerResponce
0
0
0
2846.945
122.013
3650.833
1.0
FldObj_CliffWhiteWall_A_01_Far
-0.7272071
-1.098694
-0.2980098
2435.726
183.7389
3740.26
1.0
Item_Fruit_G
-0.4772735
-0.7020122
-0.2734559
2229.238
118.7649
3889.597
1.0
KorokAnswerResponce
0
0
0
2967.82
125.8563
3380.073
1.0
SwitchTimeLag
-1.570796
0
0
2970.32
127.8563
3380.073
0.5
Obj_KorokPlate_A_01
0
0.5759587
0
2295.834
287.3417
3028.351
1.0
LinkTagAnd
0.08158126
0.002332335
-0.05713098
2980.929
106.814
3450.613
1.0
Obj_TreePalmBeach_A_02
0
0
0
2813.591
109.925
3414.717
1.0
LinkTagNone
0
0
0
2584.901
290.1108
3547.637
1.0
TwnObj_Village_FishingRock_A_02
0.03863554
-0.1609292
-0.2102138
2981.417
116.6638
3402.157
1.0
Item_Fruit_G
2.581593
0.6800002
3.141593
2994.234
130.2756
3384.615
1.0
LinkTagAnd
0
-0.4031851
0
2959.719
107.6737
3453.617
1.0
AnchorSleep
0
-2.641179
0
2946.088
112.6729
3441.637
1.0
FldObj_CliffWhite_A_S_01_Far
0
-0.38
0
2640.572
191.7569
3321.594
1.0
Item_Fruit_G
-0.5599999
0.4399999
0
2519.215
124.1912
3891.245
1.0
Rope
0.6800256
0.6400005
0
2180.705
108.4673
3823.739
1.0
Item_Fruit_G
-1.236066
1.203498
-0.6116626
2950.719
127.9534
3392.225
1.0
FldObj_RockBeachWall_A_02
-0.1297288
0.102061
0.1558219
2374.912
132.7065
3900.402
1.0
Obj_RockSetGray_A_L_01
-0.79805
-0.6952901
2.164251
2745.223
142.6243
3287.567
1.1
LinkTagOr
0
-2.268928
0
2167.91
198.8615
3275.79
1.0
Animal_Fish_F
0
0
0
2037.855
105.1276
3878.806
1.0
FldObj_CliffWhiteLumpRock_A_01
2.517104
-0.3377632
-3.01784
2553.82
303.2774
3569.393
0.85
EventTag
0.09011985
0.002400071
-0.0532154
2975.045
107.2818
3449.253
1.0
Area
0
0
0
2848.796
114.9298
3651.463
1.0
FldObj_CliffWhiteWall_A_04_Far
-0.2066289
0.2425453
-0.1771358
2758.497
266.8315
3007.194
0.9
TwnObj_Village_FishingBridge_A_01
0
1.310728
0
2875.876
105.5954
3493.058
1.0
LinkTagOr
0
1.76
0
2811.88
113.1549
3399.157
1.0
LinkTagAnd
0
-0.5235988
0
2489.83
154.0933
3321.17
1.0
Item_Fruit_G
-0.5599999
1.4
0
2824.578
129.3792
3574.155
1.0
LinkTagOr
0
0
0
2039.121
290.2906
3167.412
1.0
LinkTagNAnd
2.681592
-0.6015931
3.141592
2943.181
129.7671
3433.457
1.0
AnchorAction2_Rain
0
0.6508626
0
2886.978
114.5463
3408.832
1.0
Obj_TreePalmBeach_A_02
0
2.04
0
2915.256
107.3812
3590.238
1.0
Animal_Fish_G
0
0
0
2059.305
104.6198
3911.147
1.0
LinkTagAnd
0
-0.2400001
0
2110.743
132.1816
3926.151
1.0
Npc_SouthernVillage006
0
-1.389138
0
2884.777
112.4407
3414.2
1.0
Item_Fruit_G
-1.000441
1.012294
-0.3996799
2814.729
134.5247
3668.744
1.0
Npc_SouthernVillage016
0
3.141593
0
2584.901
290.1108
3547.637
1.0
FldObj_CliffWhite_A_S_01_Far
0
0
0
2541.395
175.4911
3218.154
1.0
FldObj_CliffTropicsScaffold_A_01_Far
0
0.4659918
0
2154.578
285.3774
3159.29
1.0
FldObj_CliffWhiteTop_A_01
0
0
0
2183.893
310.3257
3052.407
1.1
Animal_Fish_F
0
0
0
2176.977
105.3385
3781.844
1.0
SignaledSpotBgmTag
0
0
0
2975.672
106.2031
3676.352
20
LinkTagOr
0
0
0
2976.077
121.1496
3370.702
1.0
FldObj_CliffWhite_A_01
0.3715816
1.301189
0.3841979
2937.015
213.2533
3094.164
1.15
FarModelCullingArea
0
0
0
2907.41
137.1806
3480.832
1.0
LinkTagOr
0
-0.7215907
0
2969.094
125.4329
3380.512
1.0
Item_Fruit_G
-0.6799999
-0.7821115
0
2871.844
124.01
3395.311
1.0
EventTag
0
0
0
1987.5
316
3274
1.0
LinkTagAnd
-0.09057754
-1.256951
0.2181522
2558.761
346.4515
3602.167
1.0
KorokAnswerResponce
0
0
0
2844.445
122.013
3650.833
1.0
Item_Fruit_G
2.461593
-0.05948163
3.141593
2955.413
129.6369
3358.346
1.0
ShelterFromRainTag
0
0.1546017
0
2095.681
138.3776
3339.529
1.0
LinkTagOr
0
0
0
2976.143
120.1072
3370.599
1.0
Item_Fruit_G
0
0
-0.6399998
2994.187
130.8116
3416.776
1.0
Obj_Plant_Korok_A_01
0.2241282
0.08803795
0.8856883
2947.302
123.3992
3436.002
1.0
FldObj_CliffWhiteWall_A_01
-1.201674
0.9709681
-0.1025441
2694.74
147.5663
3759.944
1.0
FldObj_CliffWhiteWall_A_02_Far
-0.08793753
1.22822
0.7765238
2721.73
163.6037
3590.469
1.2
LinkTagAnd
0.08158126
0.002332335
-0.05713098
2980.116
106.814
3450.613
1.0
TBox_Field_Gamble
0
-0.6799995
0
2976.182
118.1463
3370.532
1.0
LinkTagAnd
0
0
0
2986.97
107.8337
3449.352
1.0
ActorObserverTag
0.1305839
0.001883717
-0.02880769
2980.57
106.9233
3448.052
1.0
LinkTagNone
0
0
0
2816.647
186.5195
3239.719
1.0
Obj_LiftRockWhite_A_01
0
0
0
2883.588
112.4001
3644.245
1.0
AreaCulling_InnerHide
0
-0.3763977
0
2904.124
117.5835
3400.189
1.0
PlayerOnScaffoldCheckTag
0
-1.663183
0
2815.81
189.2151
3177.708
1.0
FldObj_CliffWhiteWall_A_02_Far
0
-0.1400001
0
2939.499
131.4196
3309.682
1.2
Npc_HiddenKorokGround
0
-1.28159
0
2139.981
200.2839
3531.94
1.0
AnchorAction2
0
1.178534
0
2972.081
106.656
3670.379
1.0
Obj_RockLayerMoss_A_Cliff_02_Far
0.01118795
0.08043698
-0.07832156
2614.683
189.8203
3184.693
1.0
AreaCulling_InnerHide
0
-0.6799977
0
2969.938
117.6281
3378.112
1.0
Obj_RockLayerMoss_A_Cliff_02
0
-0.3200001
0
2496.73
174.0763
3222.286
1.0
LinkTagAnd
0
0
0
2970.32
127.8563
3380.073
1.0
TwnObj_Village_FishingBridge_A_01
0
-2.530727
0
2185.785
105.5
3816.054
1.0
FldObj_RockBeach_A_M_01
-3.022584
-1.018823
-3.058274
2009.494
102.6507
3856.411
1.0
Obj_LiftRockWhite_Korok_A_01
0
0
0
2132.456
200.2714
3534.217
1.0
FldObj_CliffWhiteHill_C_03
0
-1.36
0
2320.803
151.9622
3475.988
1.0
Weapon_Spear_038
-1.745329
-1.28
0
2979.87
106.0125
3454.34
0.6666666
LinkTagAnd
0
0
0
2007
489
3291
1.0
LinkTagOr
0.06907801
0.001558414
-0.04509485
2977.765
106.8592
3450.1
1.0
FldObj_CliffWhite_A_03_Far
0
1.16
0
2964.379
242.3074
3145.504
1.0
AnchorAction2_Rain
0
-0.7853982
0
2996.745
112.3377
3466.692
1.0
FldObj_RockBeach_A_M_01
2.955866
0.1263414
3.059579
2677.498
104.9034
3942.399
1.0
Obj_RaftWoodSail_A_S_01
0
2.879888
0
2886.014
105.8976
3501.374
1.0
AnchorSleep
0
1.200001
0
2835.741
112.0292
3457.308
1.0
FldObj_EnemyBaseRiversideBridge_A_01_Far
0.3355418
0.9252216
0.5501711
2030.526
106.5326
3909.055
1.0
FldObj_CliffWhiteParts_A_06
-0.5646133
-0.5689238
0.006331991
2507.766
171.546
3176.798
1.0
LinkTagNOr
0
2.623185
0
2986.196
106.6664
3451.617
1.0
Npc_HiddenKorokGround
0
0.5759587
0
2294.48
287.5065
3028.171
1.0
Enemy_Bokoblin_Guard_Junior_TreeHouseTop
0
2.823186
0
2073.57
114.8
3870.492
1.0
FldObj_CliffWhiteWall_A_03
2.481015
0.7695042
2.840556
2714.973
193.131
3307.629
1.0
LinkTagAnd
0
0.6108658
0
2893.332
112.4354
3410.867
1.0
TwnObj_Village_FishingHouse_S_A_02_Far
0
-0.3691352
0
2883.491
112.434
3403.942
1.0
AnchorSleep
0
-0.3599992
0
2883.53
114.7842
3401.328
1.0
FldObj_CliffWhiteWall_A_01_Far
-0.07775183
-0.8976673
0.09625484
2775.068
173.2592
3233.817
1.0
Obj_TreePalmBeach_A_02
0
1.4
0
2818.002
117.525
3573.111
1.0
LinkTagOr
0.1333263
-0.0009659635
0.01446849
2982.791
107.0164
3447.613
1.0
FldObj_CliffWhite_A_S_01
0
-0.38
0
2640.572
191.7569
3321.594
1.0
Obj_TreePalmBeach_A_02
0
2.743186
0
2960.221
110.4078
3429.539
1.0
DestinationAnchor
0
-1.64519
0
2012.533
301.4958
3280.667
1.0
FldObj_CliffWhite_A_S_01
0
0
0
2541.395
175.4911
3218.154
1.0
Area
0
0
0
2961.795
107.8
3488.34
0.5
LinkTagAnd
0
0.5759587
0
2294.061
290.0065
3028.443
1.0
Item_Fruit_G
-3.085572
-0.2796361
-2.178386
2814.967
134.4993
3668.23
1.0
LinkTagNAnd
0
0
0
2979.451
106.7864
3449.516
1.0
LinkTagAnd
0
0.4384076
0
2938.979
124.9304
3427.299
1.0
Item_Fruit_G
-0.9486778
0.652779
-1.455607
2824.453
122.8254
3366.177
1.0
LinkTagOr
0
1.463216
0
2838.519
108.5801
3724.295
1.0
Item_Fruit_G
2.461593
-0.9194812
3.141593
2867.453
129.4062
3361.591
1.0
Item_Fruit_G
-0.5599999
0
0
2426.582
117.9677
3957.12
1.0
FldObj_CliffWhite_A_03_Far
0
2.023185
0
2770.926
112.1179
3467.081
1.2
LinkTagOr
2.361593
1.540002
3.141592
2947.335
131.3486
3435.086
1.0
LookTag
0
2.42
0
2976.373
119.2557
3370.811
1.0
FldObj_CliffWhiteWall_A_02
2.316346
0.9907653
2.921173
2691.23
206.0261
3510.885
1.15
FldObj_EnemyLookoutBanana_A_01
0
0
0
2040.98
104.8331
3878.309
1.0
ShelterFromRainTag
0
0.1656046
0
2090.802
138.3776
3340.217
1.0
FldObj_CliffWhite_A_01_Far
0
2.76
0
2547.206
152.843
3332.12
1.0
EventTag
0
-0.3491985
0
2836.37
152.7545
3316.535
0.6
LinkTagAnd
0
0
0
2181
124
3961
1.0
FldObj_CliffWhiteLumpRock_A_01
2.468452
1.311796
2.990083
2828.418
106.8338
3589.248
1.0
LinkTagOr
0
2.743186
0
2963.626
110.4078
3425.379
1.0
LinkTagAnd
0.4991319
0.1834077
-0.9626558
2638.286
192.2342
3197.719
1.0
Obj_ThunderRock
0
2.02
0
2007
300.1558
3285
1.0
ActorObserverTag
0
0
0
2986.403
107.6047
3449.06
1.0
Area
0
-2.268928
0
2171.906
202.8037
3273.71
0.7
FldObj_CliffWhiteParts_A_06_Far
0.6592172
-0.9462018
-0.51853
2803.078
111.7307
3292.981
1.0
LinkTagAnd
0
0
0
2833.359
151.7545
3310.973
1.0
FldObj_CliffWhiteParts_A_02
2.722873
0.06410819
2.904361
2731.275
254.743
3052.699
1.0
Animal_Fish_F
0
0
0
2103.128
105.0963
3920.822
1.0
LinkTagAnd
0
2.623185
0
2984.709
106.6664
3454.223
1.0
Obj_TreePalmBeach_A_02
0
-2.1
0
2929.983
107.9299
3600.484
1.0
LinkTagAnd
0
-0.5235988
0
2494.312
154.0933
3317.407
1.0
Obj_TreePalmBeach_A_02
0
-0.4599994
0
2974.835
116.8422
3393.355
1.0
FldObj_CliffWhite_A_01_Far
0.3715816
1.301189
0.3841979
2937.015
213.2533
3094.164
1.15
Npc_SouthernVillage012
0
0.9599999
0
2958.054
110.5114
3425.971
1.0
LinkTagAnd
0
0
0
2028.912
297.0332
3163.883
1.0
Item_Fruit_G
0
0
-0.4799999
2973.985
146.5977
3369.459
1.0
Animal_Fish_G
0
0
0
2128.586
105.0963
3914.092
1.0
ActorObserverTag
0
-2.268928
0
2158.488
204.1262
3277.166
1.5
FldObj_CliffWhiteWall_A_08
2.633203
-1.282634
-3.023249
2531.576
326.6955
3591.91
0.8
ActorObserverTag
0
0
0
2855.243
115.8851
3659.617
1.0
LinkTagPulse
-0.09057754
-1.256951
0.2181522
2559.424
344.9663
3603.638
0.25
AnchorAction3
0
0.6108658
0
2895.759
112.4407
3410.136
1.0
LinkTagOr
0
0.1
0
2324.454
109.9979
3936.281
1.0
LinkTagAnd
0
0.5759587
0
2296.114
292.5065
3030.687
1.0
ActorObserverTag
0
0
0
2862.637
114.6571
3649.421
1.0
LinkTagAnd
0
0
0
2950.746
128.7952
3434.523
1.0
LinkTagAnd
0.01317998
0.000315733
-0.04790114
2961.912
107.3238
3496.455
1.0
ActorObserverTag
0
-0.26
0
2028.735
295.0332
3163.577
1.0
Animal_Fish_G
0
0
0
2105.664
105.0963
3923.725
1.0
LinkTagOr
0
0
0
2856.243
116.8851
3659.617
1.0
LinkTagAnd
0
0
0
2175.186
103.6108
3782.118
1.0
LinkTagOr
0
-2.268928
0
2157.91
199.509
3275.79
1.0
AnchorAction3
0
-0.9091351
0
2897.679
112.4513
3410.198
1.0
SwitchTimeLag
-3.001469
0.4637089
-0.3711985
2948.497
129.4822
3433.191
0.5
LookTag
0
2.02
0
2016.458
300.4958
3280.44
1.0
LinkTagAnd
0
-0.36
0
2236.791
140.1022
3339.833
0.5
FldObj_RockBeach_A_M_01
0
-2.52
0
1964.991
107.3505
3918.102
1.0
FldObj_RockBeachWall_A_02_Far
2.793014
-1.108052
-2.871836
2247.222
111.1587
3841.726
1.0
Animal_Fish_G
0
0
0
2064.43
104.6198
3914.663
1.0
FldObj_CliffWhite_A_S_01
3.071472
0.4095982
2.967022
2828.824
110.4922
3342.932
1.0
DgnObj_EntranceElevator_A_01
0
2.02
0
2007
301.496
3285
1.0
ActorObserverTag
0
-2.268928
0
2180.555
201.235
3278.932
1.5
Item_Fruit_G
-0.5599999
-0.4999999
0
2944.009
129.2086
3346.203
1.0
LinkTagAnd
0
0
0
1992
316
3276.5
1.0
LookTag
0
2.02
0
2970.176
118.4154
3375.765
1.0
FldObj_CliffWhiteWall_A_02
-0.9547326
-0.6805963
0.1967785
2922.74
224.1526
3144.259
1.0
FldObj_CliffWhiteParts_A_03
-0.6599999
-1.14
0
2347.524
132.2178
3793.424
1.0
Npc_SouthernVillage013
0
0
0
2850.089
110.2084
3455.211
1.0
Item_FishGet_F
-2.948204
-0.3749413
0.232831
2959.982
107.9457
3494.706
1.0
FldObj_CliffWhiteParts_A_06
0.6592172
-0.9462018
-0.51853
2803.078
111.7307
3292.981
1.0
Enemy_Bokoblin_Middle
0
-2.74
0
2101.5
124.138
3927
1.0
FldObj_RockBeach_A_L_01
-0.11063
0.6326522
-0.110855
2195.588
102.736
3869.358
0.8
LinkTagAnd
0.1030401
0.002774475
-0.05379174
2978.161
107.0061
3448.154
1.0
Npc_HiddenKorokGround
0
0
0
2171.211
198.8678
3276.907
1.0
Obj_Plant_IvyBurn_A_01
0.4176115
-0.8560722
-0.7548478
2638.947
190.9683
3197.624
1.0
Animal_Fish_F
0
0
0
2146.719
105.0156
3907.836
1.0
Area
0
0
0
2037.938
316.6398
3266.334
100
SwitchTimeLimited
0
0
0
2951.655
106.8388
3487.231
1.0
FldObj_CliffWhiteWall_A_08_Far
-0.4810491
-0.2857407
0.1460718
2526.981
267.9266
3664.797
1.0
Item_Fruit_G
-0.5599999
-1.46
0
2847.592
121.9519
3377.748
1.0
TwnObj_Village_FishingRock_A_02_Far
2.474729
-1.244502
-2.443719
2968.612
115.7966
3391.586
1.0
FldObj_RockBeach_A_L_01_Far
-0.2199999
-1.36
0
1974.26
104.305
3885.696
1.0
FldObj_CliffWhite_A_01
0.3623452
-1.30002
-0.2136424
2538.422
153.3826
3792.749
1.0
FldObj_RockBeach_A_M_01_Far
-0.03022926
0.8003163
0.03004467
2264.396
104.0138
3748.523
1.0
AnchorSleep
0
0.003184561
0
2998.144
112.2899
3417.628
1.0
FldObj_ScaffoldWood_A_01_Far
0
2.938407
0
2103.964
96.11398
3922.083
1.0
Animal_Fish_G
0
0
0
2128.352
105.0963
3895.006
1.0
FldObj_CliffWhiteMountain_A_02
0
-2.52
0
2129.988
315.1849
3040.049
1.0
TwnObj_Village_FishingBridge_A_01_Far
0
-0.2291349
0
2959.724
105.7862
3491.763
1.0
LinkTagAnd
0
0.1744003
0
2832.229
165.2545
3313.203
0.6
FldObj_CliffWhiteWall_A_02_Far
-1.074186
-0.147034
-0.3677193
2488.957
231.6361
3663.607
1.0
Item_Fruit_G
-0.5599999
0
0
2778.708
122.16
3863.839
1.0
FldObj_CliffWhiteWall_A_02
2.789309
1.456607
3.060569
2763.574
161.5919
3374.788
1.0
FldObj_RockBeach_A_S_01
-0.4599983
-1.543183
-2.133407E-06
2980.27
104.5545
3655.682
1.0
Area
-0.8296278
-0.7517035
-0.7294688
2950.746
128.7952
3434.523
1.0
FldObj_CliffWhiteHill_C_02_Far
0.08656076
-0.09526041
-0.0735958
2123.709
139.8128
3380.685
1.0
KorokAnswerResponce
0
0
0
2841.945
122.013
3650.833
1.0
Animal_Fish_F
0
0
0
2140.472
104.901
3948.267
1.0
AnchorAction1_Rain
0
-2.330797
0
2933.139
109.8078
3429.844
1.0
FldObj_CliffWhite_A_05
2.960521
0.01437586
3.082018
2831.156
119.8445
3309.284
1.0
TwnObj_Village_FishingHouse_S_A_02
0
-0.3691352
0
2883.491
112.434
3403.942
1.0
TwnObj_Village_FishingBridge_A_01
0
-0.2291349
0
2979.932
105.7862
3462.508
1.0
ActorObserverTag
0
0
0
2834.886
125.894
3454.455
1.0
TwnObj_Village_FishingRock_A_02_Far
3.119967
0.07054057
-3.045853
2935.729
107.656
3433.297
1.0
LinkTagAnd
0
0
0
2083
294
3230
1.0
FldObj_CliffWhiteParts_A_02
2.736566
0.01277741
2.687672
2743.027
250.4832
3052.281
0.9
LinkTagOr
0
1.244954
0
2967.248
110.0674
3446.183
1.0
LinkTagAnd
0
-0.4031851
0
2964.851
106.9342
3452.995
1.0
AnchorAction1
0
-0.36
0
2234.919
140.1022
3339.128
1.0
LinkTagAnd
0
-0.4031851
0
2962.422
106.5026
3458.057
1.0
LinkTagAnd
0
0
0
2849.445
119.513
3650.833
1.0
FldObj_EnemyBaseRiversideBridge_A_01_Far
0
1.60706
0
2128.807
116.2891
3913.532
1.0
FldObj_CliffWhiteHill_C_02_Far
0.2832846
-1.486937
-0.4603862
2322.026
150.0506
3524.793
1.0
FldObj_CliffWhiteWall_A_02
-1.074186
-0.147034
-0.3677193
2488.957
231.6361
3663.607
1.0
Obj_KorokPlate_A_01
0
0.5759587
0
2294.157
287.2568
3029.441
1.0
Item_Fruit_G
2.461593
-1.056295
3.141593
2229.135
118.7727
3889.091
1.0
FldObj_CliffWhiteWall_A_01
-0.07775183
-0.8976673
0.09625484
2775.068
173.2592
3233.817
1.0
Animal_Fish_F
0
0
0
2101.972
105.0963
3924.338
1.0
FldObj_ScaffoldWood_A_03
0
1.721591
0
2816.647
186.5195
3239.719
1.0
LinkTagOr
0
-1.28159
0
2140.124
202.7839
3532.419
1.0
Item_Fruit_G
1.433646
-0.5797812
-1.232385
2920.437
119.0011
3586.853
1.0
LinkTagAnd
0
0.1744003
0
2832.923
152.7545
3317.142
0.3
LinkTagOr
0
0.4399999
0
2517.115
112.337
3890.573
1.0
LinkTagOr
0
0
0
2075.5
109.7122
3437.5
1.0
LinkTagOr
0
2.461592
0
2994.543
118.4215
3386.797
1.0
FldObj_CliffWhiteWall_A_08_Far
0.0375767
-0.558872
-0.07078356
2726.248
166.6631
3229.2
1.0
Obj_TreePalmBeach_A_02
0
1.338131
0
2839.138
107.2914
3524.603
1.0
Animal_Fish_G
0
0
0
2109.164
105.0964
3927.241
1.0
TwnObj_GoddesStatue_A_02
0
-1.453982
0
2923.357
106.2482
3444.56
1.0
Npc_HiddenKorokGround
0
-0.7215907
0
2968.719
122.9329
3380.182
1.0
FldObj_CliffWhiteWall_A_02
-0.6382752
-0.1906095
0.2207943
2572.652
242.8673
3717.156
1.0
FldObj_CliffWhiteWall_A_05_Far
2.438238
0.3504486
3.067353
2582.243
267.8429
3490.546
1.0
SwitchTimeLag
-1.570796
-0.26
0
2028.912
297.0332
3163.883
0.5
FldObj_CliffWhiteHill_C_02_Far
-0.2039647
-0.7217863
-0.02323567
2222.235
133.6187
3417.165
1.0
LinkTagAnd
2.361593
1.540002
3.141592
2949.467
133.4584
3435.02
1.0
Obj_RockLayerMoss_A_Cliff_02
0.01118795
0.08043698
-0.07832156
2614.683
189.8203
3184.693
1.0
FldObj_RockBeach_A_M_01_Far
0
-2.52
0
1964.991
107.3505
3918.102
1.0
Npc_HiddenKorokGround
0
0.4384076
0
2939.432
122.4304
3427.086
1.0
TwnObj_Village_FishingRock_A_02
1.277505
-1.35408
-1.279619
3009.534
115.4308
3406.489
1.0
Obj_LiftRockWhite_Korok_A_01
0
0
0
2970.32
122.8829
3380.073
1.0
LinkTagOr
0
0
0
2966.691
119.2437
3381.416
1.0
Obj_TreePalmBeach_A_02
0
0
0
2709.267
108.663
3885.017
1.0
DgnObj_DungeonEntrance_A_01
0
0.1744003
0
2833.359
151.7545
3310.973
1.0
FldObj_SignboardWood_Mamono
0
-2.559999
0
2968.698
106.4179
3673.538
1.0
Item_Fruit_G
-2.707707
0
-2.232194
2814.267
121.5448
3420.868
1.0
Enemy_Bokoblin_Middle
0
-0.5235988
0
2485.5
154.0368
3318.67
1.0
SwitchTimeLag
-1.570796
0
0
2519.131
161.9306
3834.538
0.5
LinkTagOr
0
0.72
0
2869.122
106.6811
3805.874
1.0
FldObj_RockBeach_A_M_01
1.202887
1.485087
1.364119
2185.238
103.6116
3789.387
0.8
FldObj_CliffWhiteWall_A_05_Far
2.601875
1.290153
3.073609
2644.159
234.5218
3605.447
1.0
Item_Fruit_G
-0.5599999
1.14
0
2885.862
119.0258
3736.238
1.0
FldObj_RockBeachWall_A_02_Far
-0.1297288
0.102061
0.1558219
2374.912
132.7065
3900.402
1.0
LinkTagAnd
0
0
0
2077.766
102.1565
3877.437
1.0
Item_Fruit_A
0.6599997
-0.42
0
2837.081
130.536
3454.855
1.0
Animal_Boar_A
0
-1.176194
0
2621.289
190.3142
3315.906
1.0
KorokAnswerResponce
0
0
0
2516.631
159.9306
3834.538
1.0
Weapon_Lsword_038
0.06066986
-0.9833629
-0.04663077
2987.636
112.3724
3416.741
1.0
LinkTagAnd
0
-0.4031851
0
2960.598
106.7907
3456.863
1.0
Obj_ArrowBundle_A_01
-2.755152
0.5149351
-2.965646
2953.202
107.6984
3493.595
1.0
FldObj_RockBeach_A_M_03
-1.436944
0.1766989
0.03449522
2279.668
119.2061
3885.342
1.0
TwnObj_Village_FishingRock_A_02
3.030297
-0.5018561
-2.904432
3009.214
116.5154
3394.579
1.0
Obj_TreePalmBeach_A_02
0
2.26
0
2900.283
111.2546
3641.699
1.0
Item_Fruit_G
2.581593
1.461591
3.141593
2876.975
118.1188
3494.889
1.0
LinkTagOr
0
1.718407
0
2952.003
106.1421
3588.686
1.0
AnchorAction1
0
0.8474049
0
2895.768
112.4389
3410.137
1.0
FldObj_ScaffoldWood_A_01
0
-2.48
0
2069.5
93.5
3907
1.0
Item_Fruit_D
0
-2.268928
0
2171.885
202.9082
3273.723
1.0
LinkTagOr
0
0
0
2973.843
120.1072
3368.931
1.0
FldObj_RockBeach_A_L_01_Far
-0.12
0.6199999
0
2209.071
102.6378
3782.173
1.0
Area
0
0
0
2837.092
130.3281
3454.974
1.444051
Obj_Plant_IvyBurn_A_01
-0.2608281
-0.0580643
-0.4085258
2636.862
190.844
3195.237
1.0
Obj_TreePalmBeach_A_02
0
0
0
2172.007
111.8579
3465.563
1.0
Obj_LiftRockWhite_A_01
-0.1098872
-0.004020962
-0.07307738
2636.219
191.389
3197.821
1.0
Area
0
0
0
2007
300
3285
25
LinkTagOr
0
0.5759587
0
2294.899
290.0065
3027.898
1.0
TwnObj_Village_FishingHouse_S_A_01
0
-0.3764007
0
2904.12
112.4303
3400.169
1.0
ActorObserverTag
0
0
0
2864.637
114.6571
3649.421
1.0
Area
0
0
0
2007
285.5
3285
200
Animal_Dog_B
0
0
0
2869.755
106.4493
3433.876
1.0
LinkTagOr
0
-0.6799999
0
2881.865
120.1598
3353.288
1.0
FldObj_CliffWhiteWall_A_02_Far
0
0.2799999
0
2900.928
153.3649
3294.221
1.2
FldObj_RockBeach_A_L_01_Far
-0.11063
0.6326522
-0.110855
2195.588
102.736
3869.358
0.8
TwnObj_Village_FishingHouse_S_A_02
0
-0.7330082
0
2995.023
109.9346
3417.968
1.0
AnchorAction3
0
-1.959873
0
2972.081
106.656
3670.379
1.0
TwnObj_Village_FishingBridge_A_01
0
-0.2291349
0
2963.481
105.7862
3475.646
1.0
FldObj_CliffWhiteLumpRock_A_01
-0.7399999
0.4599998
0
2620.853
212.0772
3731.547
1.2
Obj_LiftRockWhite_A_01
0
0
0
2056.992
201.0396
3559.574
1.0
AnchorAction2
0
1.570796
0
2497
154.9265
3326
1.0
LinkTagNone
0
0
0
2621.289
190.3142
3315.906
1.0
AnchorSleep
0
-3.041592
0
2833.665
112.0302
3454.619
1.0
FldObj_RockBeachWall_A_01
0
-1.54
0
2318.688
135.4582
3692.222
1.0
Npc_HiddenKorokGround
0
-0.04159087
0
2032.282
292.1425
3164.345
1.0
LinkTagAnd
0
-0.2400001
0
2098.383
132.1921
3919.924
1.0
AnchorAction1
0
-0.7853982
0
2996.16
111.5024
3469.227
1.0
Item_Fruit_G
-0.743238
0.3902144
-0.2248539
2871.832
118.3318
3437.155
1.0
FldObj_EnemyBaseRiversideBridge_A_01_Far
0
-0.5690657
0
2139.431
107.6641
3950.515
1.0
Obj_StaminaUtuwa_A_01
0
1.68761
0
2920.774
110.4482
3444.863
1.0
Npc_HiddenKorokFly
0
2.779999
0
2836.962
126.8794
3452.763
1.0
Obj_RockLayerMoss_A_Cliff_02_Far
0
-0.3200001
0
2496.73
174.0763
3222.286
1.0
LinkTagAnd
0
-0.4031851
0
2962.562
107.9956
3450.849
1.0
KorokAnswerResponce
0
0
0
2129.887
203.4418
3534.106
1.0
SwitchTimeLag
-1.570796
0
0
2132.387
205.4418
3534.106
0.5
FldObj_CliffWhiteMountain_A_02_Far
0
-2.52
0
2129.988
315.1849
3040.049
1.0
Area
0
0
0
2975.672
106.2031
3676.352
20
Obj_ArrowBundle_A_01
-2.773799
0.5050405
-2.998466
2952.882
107.6998
3493.517
1.0
Item_Fruit_G
-0.7914488
0.5683592
-0.247178
2872.36
124.0022
3395.345
1.0
Item_Fruit_G
0.4399999
0
0
2974.602
146.5432
3369.171
1.0
FldObj_CliffWhiteHill_C_03_Far
0
0.82
0
2003.77
148.5798
3410.685
1.0
Item_Fruit_G
1.536286
-1.3171
-2.177418
2955.044
129.6291
3358.708
1.0
FldObj_CliffWhiteHill_C_03
0.2027285
-1.191859
-0.2177405
2254.526
135.3218
3460.887
1.0
FldObj_CliffWhiteHill_C_03
0
0.82
0
2003.77
148.5798
3410.685
1.0
Animal_Fish_F
0
0
0
2075.066
104.8854
3871.197
1.0
Obj_Plant_Korok_A_01
-1.69018
-0.4382222
2.120786
2948.649
126.207
3435.432
1.0
FldObj_CliffWhiteWall_A_01
-1.0482
-0.0294335
-0.002798202
2625.308
154.7948
3759.838
1.0
DgnObj_WarpPoint_A_01
0
2.02
0
2015.283
301.4588
3281.007
1.0
Obj_LiftRockWhite_A_01
0
0
0
2512.818
158.8818
3841.695
1.0
FldObj_CliffTropicsWall_A_02_Far
-2.70405
1.383797
-2.697261
2188.255
196.6813
3252.763
1.0
FldObj_CliffWhiteWall_A_05
2.438238
0.3504486
3.067353
2582.243
267.8429
3490.546
1.0
Obj_LiftRockWhite_Korok_A_01
0
0
0
2863.637
112.4571
3649.421
1.0
Obj_TreePalmBeach_A_02
0
1.600001
0
2848.257
117.1682
3667.976
1.0
Obj_TreePalmJungle_A_LL_01
0
0
0
2019.651
148.4304
3391.075
1.0
FldObj_CliffWhiteParts_A_06_Far
-0.5646133
-0.5689238
0.006331991
2507.766
171.546
3176.798
1.0
Animal_Fish_G
0
0
0
2060.93
104.6198
3911.147
1.0
LocationTag
0
0
0
2868.801
100.1038
3450.498
1.0
AnchorAction2
0
1.010866
0
2888.201
114.5231
3408.678
1.0
LinkTagNAnd
0
-2.268928
0
2158.488
205.634
3277.166
1.0
AnchorAction5
0
1.222351
0
2972.081
106.656
3670.379
1.0
FldObj_CliffWhiteWall_A_02_Far
-0.9547326
-0.6805963
0.1967785
2922.74
224.1526
3144.259
1.0
Enemy_Bokoblin_Guard_Junior_TreeHouseTop
0
-2.24
0
2107.422
115.8441
3909.969
1.0
PlayerOnScaffoldCheckTag
0
-2.563184
0
2797.646
189.0587
3205.727
1.0
Item_Fruit_G
-0.7914488
0.5683592
-0.247178
2059.88
125.2733
3441.979
1.0
LinkTagAnd
0
0
0
2103.483
102.8508
3927.762
1.0
TwnObj_Village_FishingBridge_A_01
0
-1.789135
0
2954.683
105.7862
3492.888
1.0
TBox_Field_Iron_NoReaction
0.1172272
-0.854871
-0.2807405
2857.952
109.7603
3380.442
1.0
EventTag
0
0
0
2007.322
319.7298
3285.111
1.0
LinkTagAnd
-3.042395
-1.203156
-3.054199
2967.181
107.9518
3676.463
1.0
Area
0
0
0
2970.32
123.4829
3380.073
1.0
AnchorAction4
0
-2.919999
0
2907.091
114.6303
3401.698
1.0
AreaCulling_InnerHide
0
-0.6799977
0
2975.27
121.7761
3371.238
1.0
LinkTagNAnd
0
0
0
2833.898
125.846
3455.197
1.0
AnchorAction1_Rain
0
-0.7853982
0
2996.581
112.3357
3466.528
1.0
Item_Fruit_G
-0.6799999
-0.09892546
0
2950.298
127.9613
3392.524
1.0
Enemy_Bokoblin_Guard_Middle
0
2.343185
0
2143.059
115.9189
3874.035
1.0
Obj_LiftRockWhite_A_01
0
0
0
2848.417
116.9584
3687.143
1.0
TwnObj_Village_FishingBridge_A_01_Far
0
1.310728
0
2875.876
105.5954
3493.058
1.0
LinkTagOr
0
-2.268928
0
2177.91
198.8678
3275.79
1.0
DgnObj_WarpPoint_A_01
0
0.1744003
0
2834.955
152.7175
3320.029
1.0
Area
0
0
0
2961.305
107.8
3490.376
0.5
Item_FishGet_G
-2.889436
-0.2495231
0.2685118
2960.497
107.9326
3492.682
1.0
AreaCulling_InnerHide
0
-2.610786
0
2945.407
114.5935
3437.258
1.0
FldObj_CliffWhiteCave_A_02_Far
0
-0.2599998
0
2543.461
253.8002
3492.055
1.0
ActorObserverTag
0
0
0
2133.456
202.4714
3534.217
1.0
Animal_Fish_F
0
0
0
2053.457
105.3698
3895.252
1.0
LinkTagAnd
0
0
0
2483
159.0932
3323
2
LinkTagNAnd
2.361593
1.540002
3.141592
2949.528
133.4584
3437.019
1.0
Item_Fruit_G
2.581593
1.381593
3.141593
2813.053
125.0091
3397.29
1.0
Obj_ElectricArrow_A_02
-2.665383
0.3275431
-2.825358
2955.252
107.775
3494.124
1.0
Animal_Fish_F
0
0
0
2126.285
105.0963
3895.619
1.0
Obj_TreePalmBeach_A_02
0
-1.72
0
2830.637
111.2057
3366.423
1.0
LinkTagNOr
0
-0.2400001
0
2095.049
132.1846
3927.146
1.0
FldObj_CliffWhiteWall_A_02_Far
-0.6199999
1.52
0.239986
2731.382
149.9232
3533.844
1.2
Animal_Fish_F
0
0
0
2180.447
105.3385
3785.899
1.0
Area
0
0
0
2960.125
107.8
3494.915
0.5
FldObj_CliffWhiteWall_A_05
-0.4231154
0.7660871
-0.005251207
2431.583
279.4885
3060.572
1.1
FldObj_RockBeach_A_M_01_Far
-3.022584
-1.018823
-3.058274
2009.494
102.6507
3856.411
1.0
Area
0
2.779999
0
2836.962
127.8794
3452.763
2
PlayerInAreaAutoEnemyForbidTag
0
0
0
2150
320
3234
1.0
AnchorAction1
0
0
0
2969.995
117.9182
3374.445
1.0
FldObj_CliffWhiteHill_C_02
0.08656076
-0.09526041
-0.0735958
2123.709
139.8128
3380.685
1.0
FldObj_CliffTropicsScaffold_A_01
0
0.4659918
0
2154.578
285.3774
3159.29
1.0
LinkTagOr
0
-1.1
0
2920.435
113.8139
3399.347
1.0
Enemy_Bokoblin_Guard_Middle_TreeHouseTop
0
2.823186
0
2041.751
114.6331
3876.977
1.0
Item_Fruit_G
-2.562539
0.1121225
-2.224033
2872.332
118.3064
3436.889
1.0
AnchorAction1_Rain
0
0.6108658
0
2884.256
112.4315
3408.348
1.0
Item_Fruit_G
-0.5599999
0.1
0
2326.209
121.852
3937.615
1.0
AnchorSleep
0
-2.6308
0
2940.671
112.49
3438.396
1.0
LinkTagOr
0
0
0
2171.711
201.3678
3276.907
1.0
LinkTagNAnd
0
0.1744003
0
2835.184
165.2545
3312.683
0.6
FldObj_CliffWhite_A_05_Far
2.960521
0.01437586
3.082018
2831.156
119.8445
3309.284
1.0
Animal_Fish_G
0
0
0
2141.383
104.901
3951.17
1.0
Item_Fruit_G
0.7545786
-0.2406014
-0.948496
2961.984
122.0276
3423.607
1.0
LinkTagOr
-0.1098872
-0.004020962
-0.07307738
2633.519
195.5732
3197.37
1.0
Area
0
0
0
2507.506
157.4925
3831.796
1.0
LinkTagAnd
0
0
0
2952.815
107.3179
3495.74
1.0
Obj_RaftWood_A_S_02
0
0.640001
0
2178.877
105.8869
3820.335
1.0
Item_RoastFish_09
-1.605329
0.5184075
3.141593
2982.034
107.4114
3452.857
1.2
Area
0
-2.268928
0
2181.906
202.81
3273.71
0.7
Item_Fruit_G
-2.707707
0
-2.232194
2060.324
125.248
3441.626
1.0
FldObj_CliffWhiteHill_C_03_Far
2.746789
-1.292744
-2.90589
2263.091
129.1021
3506.024
1.0
FldObj_CliffWhiteLumpRock_A_01
-0.4330015
1.451017
0.04102034
2813.072
107.4051
3525.232
1.0
LinkTagOr
0
0
0
2848.796
117.5298
3651.463
1.0
Enemy_Bokoblin_Middle
0
2.761592
0
2799.871
196.2242
3207.093
1.0
LinkTagAnd
-0.06812564
0.0008549297
0.02508759
2075.144
109.4358
3430.56
1.0
FldObj_CliffWhiteTop_A_01_Far
0
0
0
2183.893
310.3257
3052.407
1.1
TwnObj_Village_FishingMayerHouse_A_01_Far
0
-2.610801
0
2945.374
109.8161
3437.234
1.0
TBox_Field_Gamble
0
-0.6799995
0
2978.515
118.1463
3372.419
1.0
FldObj_ScaffoldWood_B_01
0
0.2400009
0
2807.787
182.5292
3200.945
1.0
LinkTagAnd
0
0
0
2986.789
107.1717
3447.361
1.0
Item_Fruit_G
-0.4224856
-0.8330551
-0.3115853
2867.486
129.3984
3362.107
1.0
ActorObserverTag
0
0.6108658
0
2893.397
112.4379
3413.964
1.0
FldObj_CliffWhiteTop_A_01_Far
2.754497
1.21358
2.608364
2667.265
191.4193
3358.5
1.0
LinkTagOr
0
-1.72
0
2825.765
111.2057
3364.149
1.0
LinkTagOr
2.681592
-0.6015931
3.141592
2943.053
128.4353
3436.805
1.0
FldObj_CliffWhiteWall_A_05
-0.48
0
0
2704.802
249.8245
3058.829
1.0
Obj_HeartUtuwa_A_01
0
1.68761
0
2920.774
110.4482
3444.863
1.0
LinkTagOr
0
0
0
2424.969
106.1136
3955.617
1.0
LinkTagOr
0
-0.6015928
0
2508.563
160.1213
3826.192
1.0
FldObj_CliffWhite_A_S_01
0.5748074
-0.8040805
-0.5596967
2786.839
132.0911
3283.244
1.0
FldObj_CliffTropicsWall_A_01_Far
0
0.36
0
2153.969
197.8167
3288.615
1.0
FldObj_CliffWhiteWall_A_02
-0.4956782
0.5246947
-0.382094
2833.702
242.7693
3040.098
1.0
Animal_Fish_G
0
0
0
2126.492
104.6198
3899.506
1.0
PosAfterDemoSkip
0
-2.967192
0
2834.452
152.7545
3317.752
1.0
Obj_RaftWood_A_S_02
0
2.879888
0
2885.531
105.8869
3501.244
1.0
LinkTagAnd
0
0
0
2132.387
205.4418
3534.106
1.0
Area
0
0
0
2837.045
130.5091
3454.974
0.5
Obj_TreePalmBeach_A_02
0
0.52
0
2790.133
113.2166
3830.753
1.0
LinkTagNAnd
0
0
0
2985.625
107.1542
3447.23
1.0
Obj_ElectricArrow_A_02
-2.654409
0.380154
-2.794659
2954.611
107.6989
3493.999
1.0
ActorObserverTag
0
-0.26
0
2028.606
295.0332
3164.06
1.0
Animal_Fish_G
0
0
0
2129.992
104.6198
3903.022
1.0
FldObj_CliffWhiteHill_C_02
-0.2039647
-0.7217863
-0.02323567
2222.235
133.6187
3417.165
1.0
LinkTagAnd
0
2.623185
0
2984.216
106.6664
3450.903
1.0
FldObj_CliffWhiteWall_A_05_Far
-0.18
0.28
0
2267.833
287.8542
3118.102
1.0
LinkTagAnd
0
-3.141593
0
2857.083
116.2
3651.77
1.0
FldObj_CliffWhiteWall_A_08
0.0375767
-0.558872
-0.07078356
2726.248
166.6631
3229.2
1.0
LinkTagAnd
0
0
0
2172.164
205.8615
3281.18
1.0
ActorObserverTag
0
-2.268928
0
2160.555
201.8762
3278.932
1.5
Animal_Fish_F
0
0
0
2070.41
104.8854
3871.197
1.0
FldObj_EnemyBaseRiversideBridge_A_01_Far
0
2.572527
0
2139.152
107.6641
3950.94
1.0
FldObj_CliffWhiteLumpRock_A_01
-0.1372136
-0.02023571
0.04011567
2727.116
173.3986
3194.388
1.0
MusicianSpotBgmTag
0
0
0
2085.5
288.1641
3227.289
5
LinkTagAnd
0
0
0
2127.267
101.2713
3913.297
1.0
ActorObserverTag
0
0
0
2848.796
116.5298
3651.463
1.0
LinkTagAnd
0
-0.36
0
2233.047
140.1022
3338.424
0.5
LinkTagAnd
0.1026775
0.002712693
-0.05278046
2976.681
107.3783
3447.391
1.0
SwitchTimeLag
0
0
0
2830.833
127.0671
3452.11
1.0
LinkTagOr
0
0
0
2777.094
110.3058
3862.336
1.0
LinkTagAnd
0
0
0
2296.114
294.5065
3030.687
1.0
SwitchTimeLag
-1.570796
0.5759587
0
2296.114
294.5065
3030.687
0.5
TimeControlTag
0
0
0
2853.059
106.3768
3569.991
1.0
Npc_SouthernVillage008
0
-0.5691348
0
2884.3
112.4314
3412.307
1.0
LinkTagAnd
0
0
0
2007
450
3285
1.0
Area
2.681592
-0.6015931
3.141592
2942.461
126.3247
3435.944
1.0
ActorObserverTag
0
0
0
2856.243
115.8851
3659.617
1.0
Npc_SouthernVillage001
0
-2.590797
0
2944.773
112.3231
3436.062
1.0
ActorObserverTag
0
-2.268928
0
2162.89
203.134
3276.149
1.5
Npc_HiddenKorokGround
0
-1.260001
0
2559.241
344.0077
3602.712
1.0
FldObj_CliffWhite_C_08
0
0.9200001
0
1983.445
113.1087
3713.831
1.0
FldObj_RockBeachWall_A_02_Far
0
-1.54
0
2315.987
123.1468
3741.553
0.8
LinkTagAnd
0
0
0
2985.938
107.5993
3448.477
1.0
FldObj_CliffWhiteWall_A_05
-0.18
0.28
0
2267.833
287.8542
3118.102
1.0
LinkTagAnd
0.1137711
-0.001525185
0.02678094
2982.178
107.1098
3446.795
1.0
FldObj_CliffWhiteWall_A_02_Far
2.316346
0.9907653
2.921173
2691.23
206.0261
3510.885
1.15
Area
0
0
0
2954.993
107.8
3494.071
0.5
TwnObj_Village_FishingHouse_L_A_01_Far
0
-0.6799999
0
2969.116
115.2451
3379.269
1.0
LinkTagNone
0
0
0
2920.179
106.2482
3444.933
1.0
LinkTagOr
0
-1.46
0
2848.907
110.0977
3375.979
1.0
Weapon_Spear_038
1.396263
-0.8215928
3.141593
2982.226
106.0125
3454.869
0.6666666
LinkTagPulse
-0.1098872
-0.004020962
-0.07307738
2637.289
192.3073
3197.715
0.25
LinkTagAnd
0
0
0
2942.461
126.3247
3435.944
1.0
SwitchTimeLag
0.6507963
0.941593
3.141592
2946.287
126.4761
3436.918
0.5
TwnObj_Village_FishingRock_A_02
2.474729
-1.244502
-2.443719
2968.612
115.7966
3391.586
1.0
ConstraintDummy
0
-0.8730096
0
2854.864
107.9912
3512.725
1.0
Animal_Fish_G
0
0
0
2075.977
104.8854
3874.1
1.0
Item_CookSet
0
0.6108658
0
2896.54
112.4407
3410.979
1.0
FldObj_CliffWhite_A_03
0
1.16
0
2964.379
242.3074
3145.504
1.0
LinkTagOr
0
-0.4999999
0
2943.314
117.3545
3344.111
1.0
ActorObserverTag
0
-2.268928
0
2170.555
201.2287
3278.932
1.5
Obj_RockLayerMoss_A_Cliff_02
3.001593
-0.982129
-2.962126
2617.953
190.2222
3264.966
1.0
LinkTagAnd
0
0
0
2836.37
152.7547
3316.535
1.0
LinkTagAnd
0
0
0
2980.57
106.9233
3448.052
1.0
TwnObj_Village_FishingRock_A_02
3.119967
0.07054057
-3.045853
2935.729
107.656
3433.297
1.0
Enemy_Bokoblin_Middle
0
1.24
0
2610.138
188.9815
3316.72
1.0
ConstraintDummy
0
0.6400005
0
2181.175
108.8127
3824.727
1.0
FldObj_CliffTropicsWall_A_02_Far
0
0.94
0
2019.075
179.3632
3329.554
1.1
Area
0
0.1168142
0
2920.573
106.5083
3444.845
5
Item_Fruit_G
-0.5599999
0
0
2172.096
123.712
3472.221
1.0
FldObj_CliffWhiteWall_A_01_Far
2.483957
-0.5768902
-2.900331
2467.17
261.4467
3491.71
1.0
Obj_Plant_IvyBurn_A_01
-2.149862
1.090374
-2.124571
2633.459
191.5937
3197.442
1.0
Area
0
0.6108658
0
2895.49
112.4449
3409.83
1.0
EventTag
0
1.496402
0
2011.536
301.4958
3280.593
0.6
Obj_TreePalmBeach_A_02
0
1.680001
0
2870.366
106.2646
3495.703
1.0
ShelterFromRainTag
0
1.460005
0
2950.256
108.8289
3417.33
1.0
Obj_Plant_IvyBurn_A_01
-0.4714909
-0.5746752
0.434797
2636.467
190.7368
3195.172
1.0
FldObj_CliffWhiteWall_A_04
-0.2066289
0.2425453
-0.1771358
2758.497
266.8315
3007.194
0.9
LinkTagOr
-0.1098872
-0.004020962
-0.07307738
2632.438
194.5062
3197.492
1.0
Enemy_Bokoblin_Middle
0
-3.021592
0
2802.094
182.5292
3196.838
1.0
Area
0
1.14
0
2941.702
120.4708
3430.516
2
FldObj_CliffWhite_A_S_01_Far
0.5748074
-0.8040805
-0.5596967
2786.839
132.0911
3283.244
1.0
FldObj_CliffWhite_A_05
3.091246
-0.2368844
-3.131366
2363.926
149.6522
3385.56
1.0
Obj_TreePalmBeach_A_02
0
-0.1831849
0
2872.787
106.6866
3430.717
1.0
FldObj_CliffWhiteWall_A_02
-0.08793753
1.22822
0.7765238
2721.73
163.6037
3590.469
1.2
Item_Fruit_G
-0.5599999
1.463216
0
2840.186
120.4343
3722.853
1.0
Obj_TreePalmBeach_A_02
0
0.4399999
0
2516.299
112.337
3885.259
1.0
LinkTagAnd
0
0
0
2172.164
204.3615
3281.18
1.0
Obj_TreePalmBeach_A_02
0
2.461592
0
2990.116
118.4215
3389.848
1.0
Area
0
-0.26
0
2029.279
293.2832
3163.67
0.1
Area
0
0.1546017
0
2095.681
138.3776
3339.529
50
AnchorAction1
0
2.617994
0
2483
154.4255
3323
1.0
FldObj_RockBeachWall_A_02
-0.09223536
0.07143612
0.117703
2691.09
123.1604
3860.661
1.0
Obj_TreePalmBeach_A_02
0
1.244954
0
2962.851
110.0674
3443.089
1.0
AnchorAction1
0
-0.8726646
0
2085.574
288.3021
3227.336
1.0
Item_Fruit_G
-1.471315
0.6339821
-1.773778
2229.695
118.7395
3889.931
1.0
LinkTagOr
0
0.4660484
0
2812.553
122.8795
3668.329
1.0
FldObj_CliffWhiteWall_A_01
-1.02
0.52
0
2627.988
212.5712
3703.374
1.0
FldObj_RockBeach_A_M_01_Far
1.202887
1.485087
1.364119
2185.238
103.6116
3789.387
0.8
FldObj_RockBeachWall_A_01
-0.3657787
0.5871275
-0.0374582
2454.158
152.2764
3867.423
1.0
Area
-0.09057754
-1.256951
0.2181522
2559.123
344.8996
3602.687
3
Enemy_Moriblin_Middle
0
3.063185
0
2074.455
129.0305
3905.629
1.0
Npc_SouthernVillage005
0
2.939999
0
2957.755
106.8211
3494.5
1.0
LinkTagAnd
2.221593
0.941593
3.141592
2946.776
127.2717
3436.562
1.0
LinkTagAnd
0
-0.5235988
0
2490.598
154.0933
3315.84
1.0
FldObj_Giant_Bone
0
-1.28
0
2080.92
110.6826
3446.275
1.0
SwitchTimeLag
0
0
0
2181
121
3961
1.0
Item_InsectGet_O
0.6004201
1.273838
-1.650727
2961.002
107.7037
3489.878
1.0
LinkTagOr
0
0
0
2707.743
108.663
3890.172
1.0
LinkTagOr
0
2.26
0
2905.231
111.2546
3639.597
1.0
LinkTagOr
0
1.338131
0
2843.803
107.2914
3527.275
1.0
FldObj_CliffWhiteWall_C_04_Far
0
2
0
2061.34
201.6642
3542.065
1.0
FldObj_CliffWhiteWall_A_02_Far
-1.543939
-0.881515
0.2352085
2373.142
127.6643
3833.47
1.0
Obj_RockLayerMoss_A_Cliff_02_Far
3.001593
-0.982129
-2.962126
2617.953
190.2222
3264.966
1.0
TwnObj_Village_FishingBridge_A_01_Far
0
-0.9599311
0
2190.25
105.5
3818.878
1.0
Area
0
-1.663183
0
2815.348
189.2151
3182.686
2
Obj_EyeBolt_A_01
0
-1.849
0
2884.851
106.768
3499.192
1.0
FldObj_EnemyBaseRiversideBridge_A_01
0
-0.5690657
0
2139.431
107.6641
3950.515
1.0
Item_Fruit_G
-0.2686405
-0.04071941
0.4181384
2975.352
146.8555
3370.453
1.0
Area
-0.1098872
-0.004020962
-0.07307738
2636.295
192.4299
3197.705
3
LinkTagAnd
1.55926
-0.5546148
-0.8882347
2559.725
345.0331
3604.589
1.0
TwnObj_Village_FishingRock_A_02_Far
1.277505
-1.35408
-1.279619
3009.534
115.4308
3406.489
1.0
Item_Fruit_G
-0.5599999
0.6399999
0
2849.653
164.2482
3304.171
1.0
DgnObj_EntranceShutter_A_01
0
0.1744003
0
2834.019
152.7547
3314.716
1.0
Item_Fruit_G
-0.6799999
-0.7821115
0
2813.308
121.578
3421.187
1.0
AnchorAction1_Rain
0
0.9979874
0
2839.302
111.8748
3455.782
1.0
AnchorAction1
0
0
0
2940.174
118.3661
3367.702
1.0
Obj_LiftRockWhite_A_01
-0.09057754
-1.256951
0.2181522
2559.254
343.9086
3602.715
1.0
KorokAnswerResponce
0
-2.268928
0
2180.657
200.3678
3278.816
0.5
FldObj_CliffWhiteHill_C_03_Far
0
-1.36
0
2320.803
151.9622
3475.988
1.0
Obj_TreePalmBeach_A_02
0
0
0
2059.647
113.6282
3435.474
1.0
AreaCulling_InnerHide
0
-0.3691197
0
2883.44
117.4809
3404.174
1.0
Item_Fruit_G
2.581593
0.976638
3.141593
2847.766
121.9736
3459.44
1.0
Npc_Musician_005
0
-1.134464
0
2081.892
287.4212
3226.314
1.0
ActorObserverTag
0
0
0
2849.796
116.5298
3651.463
1.0
LinkTagAnd
0
0
0
2948.549
126.6581
3434.762
1.0
FldObj_RockBeach_A_S_01_Far
0
-1.34
0
2041.182
103.6081
3897.424
1.0
LinkTagOr
-0.1098872
-0.004020962
-0.07307738
2636.911
193.9793
3197.532
1.0
LinkTagAnd
-2.58313
-1.187505
3.008065
2964.588
138.3779
3672.538
1.0
AreaCulling_InnerHide
0
-0.7330034
0
2995.004
115.101
3418.12
1.0
ActorObserverTag
0
0
0
2834.605
126.8628
3454.455
1.0
Area
0
-0.26
0
2028.545
293.2832
3164.096
0.1
Item_Fruit_G
-0.5599999
0
0
2234.839
117.8495
3721.446
1.0
Obj_TreePalmBeach_A_02
0
-0.6799999
0
2886.292
120.1598
3350.238
1.0
Npc_HiddenKorokGround
0
-3.141593
0
2856.583
113.7
3651.77
1.0
FldObj_RockBeachWall_A_02_Far
-0.09223536
0.07143612
0.117703
2691.09
123.1604
3860.661
1.0
Area
0
-2.268928
0
2160.744
204.3106
3271.782
0.7
Item_InsectGet_O
0.4065195
1.364418
-1.826891
2960.794
107.7456
3490.671
1.0
LinkTagAnd
0
0.1168142
0
2914.029
111.7411
3444.725
1.0
FldObj_CliffWhiteWall_A_01_Far
-1.201674
0.9709681
-0.1025441
2694.74
147.5663
3759.944
1.0
Item_Fruit_G
-0.68
1.257888
0
2921.155
119.0343
3587.565
1.0
Animal_Fish_G
0
0
0
2067.508
104.9167
3921.178
1.0
Obj_LiftRockWhite_Korok_A_01
0
0
0
2856.243
113.6851
3659.617
1.0
Animal_Fish_G
0
0
0
2043.422
105.1276
3881.709
1.0
TwnObj_Village_FishingBridge_A_01_Far
0
-0.2291349
0
2967.236
105.7862
3459.547
1.0
Item_RoastFish_09
1.536264
-1.28
0
2980.114
107.4114
3454.267
1.2
Item_Fruit_G
0.7054538
-0.3108262
0.3447755
2837.405
130.1637
3454.915
1.0
FldObj_RockBeach_A_M_03
-1.732081
0.767361
-0.384822
2269.826
114.9417
3889.563
1.2
TwnObj_Village_FishingRock_A_02_Far
0
0
0
2854.404
109.1836
3477.371
1.0
Animal_Fish_F
0
0
0
2061.941
104.9167
3918.275
1.0
DgnObj_DungeonEntrance_A_01
0
2.02
0
2007
300.4958
3285
1.0
Item_Fruit_G
-0.5399999
0
0
2974.375
146.7071
3370.85
1.0
TBox_Field_Gamble
0
-0.6799995
0
2973.849
118.1463
3368.646
1.0
FldObj_EnemyBaseRiversideBridge_A_01_Far
0
-0.0290659
0
2148.304
109.3516
3910.35
1.0
LinkTagAnd
0
0
0
2147.131
100.9459
3902.733
1.0
FldObj_CliffWhiteWall_A_08
-0.5484281
0.6988953
0.03853877
2586.327
315.8339
3625.874
0.8
FldObj_RockBeach_A_M_01_Far
2.955866
0.1263414
3.059579
2677.498
104.9034
3942.399
1.0
ActorObserverTag
0
0
0
2506.513
159.5065
3831.796
1.0
AnchorAction1
0
-1.96465
0
2972.081
106.656
3670.379
1.0
Area
0
0
0
2856.243
114.2851
3659.617
1.0
LinkTagAnd
0
0
0
2962.897
106.8154
3489.922
1.0
Animal_Fish_F
0
0
0
2124.894
105.0963
3914.705
1.0
LinkTagOr
0
0
0
2946.147
122.3096
3442.375
1.0
Area
0
-2.268928
0
2159.051
203.6787
3274.356
0.7
TwnObj_Village_FishingRock_A_01
0
0
0
2897.919
110
3414.139
1.0
FldObj_CliffWhiteWall_A_05
-0.34
-1.4
0
2410.786
235.0439
3608.978
1.0
FldObj_EnemyBaseRiversideBridge_A_01
0
0.03453291
0
2131.716
116.2891
3899.937
1.0
FldObj_CliffWhiteLumpRock_A_01
2.807577
0.8082421
-3.043669
2576.532
305.535
3578.843
1.0
DestinationAnchor
0
3.141593
0
2588.99
289.8421
3546.912
1.0
FldObj_RockBeachWall_A_02
-0.0569279
-0.6523892
-0.05911864
2276.585
117.364
3900.946
1.0
Npc_SouthernVillage010
0
0.4541886
0
2847.705
110.1984
3457.254
1.0
AnchorWander_Rain
-1.864334
1.480209
-1.846903
2845.547
110.2021
3463.691
1.0
FldObj_CliffWhiteSet_A_01_Far
3.087676
0.07851271
-2.970379
2548.166
256.1597
3590.338
1.2
Obj_LiftRockWhite_Korok_A_01
0
0
0
2848.796
114.3298
3651.463
1.0
LinkTagOr
0
1.600001
0
2853.455
117.1682
3669.349
1.0
FldObj_CliffWhiteTop_A_01
2.754497
1.21358
2.608364
2667.265
191.4193
3358.5
1.0
Obj_ElectricArrow_A_02
-2.627012
0.3503803
-2.825599
2954.923
107.7433
3494.054
1.0
LinkTagAnd
0
0
0
2132.387
204.4418
3534.106
1.0
FldObj_EnemyBaseRiversideBridge_A_01
0
2.572527
0
2139.152
107.6641
3950.94
1.0
NPC_artist_011
0
0
0
2966.573
108.0344
3446.692
1.0
LinkTagOr
0
0
0
2870.602
112.357
3393.997
1.0
LinkTagOr
0
-2.299999
0
2957.221
117.9839
3358.296
1.0
FldObj_CliffWhiteWall_C_04
0
2
0
2061.34
201.6642
3542.065
1.0
Obj_Plant_Korok_A_01
1.917138
0.776468
1.415505
2942.35
125.76
3435.77
1.0
FldObj_CliffWhite_A_03_Far
0
0.041593
0
2552.266
165.5453
3189.949
1.0
Animal_Cow_A
0
0
0
2921.338
118.1021
3372.268
1.0
LinkTagAnd
0
0
0
2941.702
120.4708
3430.516
1.0
LinkTagAnd
0
0
0
2956.484
106.8573
3492.559
1.0
DgnObj_DungeonEntrance_A_01_Far
0
2.02
0
2007
300.4958
3285
1.0
Npc_Attacked_003
0
2.617994
0
2483
154.0933
3323
1.0
FldObj_CliffWhiteHill_C_03
2.746789
-1.292744
-2.90589
2263.091
129.1021
3506.024
1.0
LinkTagAnd
0
0.1168142
0
2914.259
111.7411
3446.796
1.0
LinkTagAnd
0
0.1744003
0
2832.923
152.7545
3317.142
0.3
TwnObj_Village_FishingRock_A_02_Far
-0.06673416
0.08321201
-0.1113388
2808.909
110.4575
3398.566
1.0
Animal_Fish_G
0
0
0
2055.242
105.3698
3898.928
1.0
Animal_Fish_F
0
0
0
2058.113
105.3698
3895.252
1.0
FldObj_CliffWhiteWall_A_08
-0.5266271
0.2384526
0.1305759
2570.763
278.3661
3659.088
1.0
FldObj_RockBeach_A_S_01
0
-1.34
0
2041.182
103.6081
3897.424
1.0
FldObj_CliffWhiteHill_C_02
-0.1157866
0.3756919
-0.04278584
2045.319
143.4234
3383.177
1.0
LinkTagAnd
0
-1.28
0
2977.187
106.6664
3454.176
1.0
AnchorAction1
0
3.141593
0
2589.2
289.7871
3549.447
1.0
TwnObj_Village_FishingRock_A_02
3.117643
-0.4493307
-3.033924
2927.794
106.7883
3424.192
1.0
LinkTagAnd
0
0
0
2039.68
103.5434
3881.969
1.0
Enemy_Bokoblin_Senior
0
2.161593
0
2798.951
196.2013
3201.214
1.0
Enemy_Bokoblin_Senior
0
3.063185
0
2105.959
131.6248
3913.524
1.0
Obj_TreePalmBeach_A_02
0
0
0
2872.126
112.357
3388.841
1.0
LinkTagAnd
0
-0.6015928
0
2507.738
160.1213
3825.626
1.0
FldObj_CliffWhiteHill_C_02
-1.84018
1.499218
-1.731315
1981.187
148.9976
3461.839
1.0
Enemy_Giant_Bone
0
1.460001
0
2078.617
110.2153
3450.665
1.0
Npc_SouthernVillage004
0
-0.9
0
2982.338
106.2628
3450.889
1.0
LinkTagOr
-1.570796
0
0
2038.121
290.2906
3167.412
1.0
LinkTagNAnd
2.221593
0.941593
3.141592
2947.954
127.2717
3438.179
1.0
FldObj_RockBeach_A_M_01
-0.1113783
1.066332
0.08391703
2270.977
118.5878
3843.632
1.0
Obj_TreePalmBeach_A_02
0
-2.299999
0
2960.05
117.9839
3362.867
1.0
ActorObserverTag
0
0
0
2985.239
107.3
3448.153
1.0
FldObj_CliffWhiteParts_A_01
0.05206573
0.1931916
0.2650461
2865.734
124.4119
3308.116
1.0
FldObj_RockBeachWall_A_02
2.675675
-1.134928
-2.903143
2316.206
128.4407
3828.338
1.0
Enemy_Bokoblin_Middle
0
-0.2599991
0
2815.585
192.1335
3194.513
1.0
LinkTagAnd
0
0
0
2119.321
103.0128
3895.879
1.0
Item_Fruit_G
3.004527
-0.3981756
-2.113902
2950.84
127.9281
3391.672
1.0
FldObj_RockBeach_A_M_01_Far
-0.2200002
-0.4999977
0
2961.191
102.9449
3664.216
1.0
LinkTagAnd
0
0
0
2962.36
106.8154
3491.864
1.0
TBox_Field_Enemy
0
2.901593
0
2102.119
132.1816
3929.952
1.0
Obj_TreePalmBeach_A_02
0
-0.48
0
2177.527
115.6343
3440.733
1.0
Obj_Plant_IvyBurn_A_01
0.1994448
0.4476506
0.1046024
2634.557
191.9894
3197.387
1.0
Animal_Fish_F
0
0
0
2127.503
104.9167
3906.635
1.0
LinkTagOr
-0.1098872
-0.004020962
-0.07307738
2640.412
193.8124
3196.53
1.0
FldObj_CliffTropicsWall_A_01
0
0.36
0
2153.969
197.8167
3288.615
1.0
FldObj_CliffWhiteHill_C_02
0.2832846
-1.486937
-0.4603862
2322.026
150.0506
3524.793
1.0
TwnObj_Village_FishingHouse_S_A_02
0
2.206991
0
2836.971
109.6748
3454.36
1.0
TwnObj_Village_FishingBoatShop_A_01
0
-2.199999
0
2949.106
105.5274
3498.7
1.0
Obj_TreeDorian_A_01
0
0.8726647
0
2180.164
198.8678
3273.181
1.0
TwnObj_Village_FishingCrowsNest_A_01
0
-0.2399997
0
2864.603
112.116
3474.397
1.0
Area
0.5759587
2.380693E-08
1.570796
2294.151
287.5458
3029.445
0.2109886
DgnObj_EntranceTerminal_A_01
0
1.496402
0
2011.536
301.496
3280.593
1.0
AnchorAction1
0
0.7599301
0
2979.908
106.52
3452.264
1.0
FldObj_EnemyBaseRiversideBridge_A_02_Far
1.184868
-1.05898
-1.280265
2038.104
105.6465
3914.545
1.0
Item_Fruit_G
-0.5599999
-0.4599994
0
2971.958
128.6964
3399.361
1.0
FldObj_CliffWhiteWall_A_02
-1.698627
1.379852
-0.725316
2716.011
165.8694
3693.612
1.2
Obj_TreePalmBeach_A_02
0
-1.44
0
2873.904
117.7532
3361.027
1.0
Animal_Fish_G
0
0
0
2104.039
105.0963
3923.725
1.0
FldObj_EnemyBaseRiversideBridge_A_01
0
-0.0290659
0
2148.304
109.3516
3910.35
1.0
TwnObj_Village_FishingBridge_A_01
0
-0.9599311
0
2190.25
105.5
3818.878
1.0
FldObj_CliffWhite_A_01
0
2.76
0
2547.206
152.843
3332.12
1.0
LinkTagAnd
0
0
0
2833.187
126.1976
3455.197
1.0
Obj_RockSetGray_A_L_01
-0.3172608
-0.5292012
-1.694604
2665.125
179.691
3187.521
1.1
FldObj_RockBeach_A_M_01
-0.2200002
-0.4999977
0
2961.191
102.9449
3664.216
1.0
Item_Fruit_G
0.9354305
-0.3431841
0.008968063
2837.125
131.0894
3454.719
1.0
FldObj_CliffWhiteWall_A_02_Far
-0.4956782
0.5246947
-0.382094
2833.702
242.7693
3040.098
1.0
FldObj_RockBeach_A_M_01
-0.03022926
0.8003163
0.03004467
2264.396
104.0138
3748.523
1.0
LinkTagOr
0
0
0
2132.456
203.4714
3534.217
1.0
FldObj_CliffWhite_A_S_01_Far
3.071472
0.4095982
2.967022
2828.824
110.4922
3342.932
1.0
FldObj_RockBeach_A_L_01
3.052388
-0.8380202
-3.101841
2858.658
100.6753
3843.157
1.0
ForceSetPosDirAutoSaveAnchor
0
-2.967192
0
2834.452
152.7545
3317.752
1.0
LinkTagNAnd
0
0
0
2980.011
106.7775
3449.458
1.0
FldObj_CliffWhite_A_03
0
0.041593
0
2552.266
165.5453
3189.949
1.0
LinkTagAnd
0
2.76
0
2962.709
108.9745
3447.924
1.0
KorokAnswerResponce
0
-2.268928
0
2160.657
201.009
3278.816
0.5
LinkTagAnd
0
-0.7215907
0
2968.343
125.4329
3379.852
1.0
LinkTagOr
0
0
0
2954.558
106.827
3489.543
1.0
FldObj_CliffWhiteHill_C_03
0.004893964
-0.2399511
-0.02058997
2171.3
137.166
3389.151
1.0
FldObj_CliffWhiteWall_A_02
0
-0.1400001
0
2939.499
131.4196
3309.682
1.2
FldObj_EnemyBaseRiversideBridge_A_02
1.184868
-1.05898
-1.280265
2038.104
105.6465
3914.545
1.0
ActorObserverTag
0
-0.26
0
2029.218
295.0332
3163.706
1.0
LinkTagAnd
0
0
0
2056.51
103.9939
3901.239
1.0
Item_Fruit_G
2.461593
1.180518
3.141593
2962.992
122.0608
3423.686
1.0
Item_Fruit_G
0
0
0.4600001
2975.242
146.629
3369.475
1.0
LinkTagNone
0
0
0
2073.57
114.8
3870.492
1.0
TwnObj_Village_FishingBridge_A_01
0
-0.2291349
0
2967.236
105.7862
3459.547
1.0
LinkTagNAnd
0
0
0
2986.757
107.1339
3448.766
1.0
FldObj_RockBeachWall_A_01
-0.2673165
0.2317832
-0.06282908
2527.842
154.9454
3843.641
1.0
LinkTagOr
0
-1.44
0
2868.594
117.7532
3360.188
1.0
FldObj_CliffWhiteTop_A_01_Far
0
2.34
0
2561.979
311.9063
3600.142
0.82
LinkTagAnd
0
0
0
2062.205
101.0876
3923.153
1.0
Item_Fruit_G
-0.2371055
-1.093201
-0.4652137
2824.17
122.8508
3365.687
1.0
LinkTagOr
-1.430673
0.4637089
-0.3711985
2947.662
127.682
3432.941
1.0
LinkTagAnd
0
0
0
2006.916
320.663
3285.103
1.0
Animal_Fish_F
0
0
0
2041.355
105.1276
3882.322
1.0
Obj_EyeBolt_A_01
0
-0.9307958
0
2179.81
106.6854
3822.509
1.0
FldObj_CliffWhiteWall_A_02
-1.543939
-0.881515
0.2352085
2373.142
127.6643
3833.47
1.0
Obj_TreePalmBeach_A_02
0
0
0
2426.493
106.1136
3950.461
1.0
FldObj_CliffWhiteParts_A_06
3.049705
1.0876
2.880992
2762.5
117.0239
3328.047
1.0
FldObj_CliffWhiteWall_A_05_Far
-0.4231154
0.7660871
-0.005251207
2431.583
279.4885
3060.572
1.1
Item_Fruit_G
2.581593
-1.041593
3.141593
2924.19
119.784
3597.199
1.0
AnchorAction3_Rain
0
0.7108656
0
2881.867
114.6339
3404.511
1.0
FldObj_RockBeach_A_M_01
2.905973
0.2721819
3.080506
2286.439
103.7039
3956.769
0.8
LinkTagOr
0
0
0
2863.637
115.6571
3649.421
1.0
FldObj_CliffWhiteWall_A_02
-0.6199999
1.52
0.239986
2731.382
149.9232
3533.844
1.2
FldObj_CliffWhiteWall_A_01
2.483957
-0.5768902
-2.900331
2467.17
261.4467
3491.71
1.0
TwnObj_Village_FishingMayerHouse_A_01
0
-2.610801
0
2945.374
109.8161
3437.234
1.0
FldObj_EnemyBaseRiversideBridge_A_01_Far
0
3.112526
0
2148.284
109.3516
3910.859
1.0
BattleBgmRequestFinishTag
0
-0.2400001
0
2114.592
152.1396
3925.641
1.0
TwnObj_Village_FishingRock_A_02
0
0
0
2854.404
109.1836
3477.371
1.0
LinkTagAnd
0
2.02
0
2009.453
313.9958
3285.483
0.6
TwnObj_Village_FishingBridge_A_01_Far
0
-0.2291349
0
2963.481
105.7862
3475.646
1.0
Animal_Cow_A
0
0
0
2938.493
117.9771
3369.851
1.0
Animal_Fish_F
0
0
0
2056.957
105.3698
3898.767
1.0
LinkTagNAnd
-0.1098872
-0.004020962
-0.07307738
2633.435
194.4332
3197.496
1.0
Obj_Plant_IvyBurn_A_01
-0.08592609
-1.282583
0.2052715
2636.705
191.6103
3197.205
1.0
TwnObj_Village_FishingHouse_L_A_01
0
-0.6799999
0
2969.116
115.2451
3379.269
1.0
Item_Fruit_G
-0.5599999
-0.48
0
2174.531
127.4884
3446.68
1.0
LinkTagOr
0
0.52
0
2791.371
113.2166
3835.985
1.0
Animal_Fish_G
0
0
0
2133.477
105.0964
3898.522
1.0
LinkTagAnd
0
0
0
2073.5
109.7122
3435.5
1.0
ActorObserverTag
0
0.5759587
0
2295.834
290.3417
3028.351
1.0
Area
-1.430673
0.4637089
-0.3711985
2948.549
126.6581
3434.762
1.0
FldObj_RockBeachWall_A_02_Far
-0.09999999
0.04000001
0
2574.868
130.5656
3855.454
1.0
Area
0
0
0
2085.688
286.5824
3230.875
55
LinkTagAnd
0
-0.04159087
0
2031.782
294.6425
3164.325
1.0
Obj_TreePalmBeach_A_02
0
1.463216
0
2833.557
108.5801
3722.226
1.0
Item_FishGet_F
3.081102
-0.4317184
0.3000337
2960.283
107.7731
3494.708
1.0
LinkTagNAnd
0
-0.2400001
0
2103.09
132.2041
3922.635
1.0
FldObj_CliffWhiteWall_A_01_Far
-1.0482
-0.0294335
-0.002798202
2625.308
154.7948
3759.838
1.0
AnchorAction2
0
2.71405
0
2891.187
112.4407
3409.71
1.0
Item_Fruit_G
-0.6799999
-0.3160632
0
2814.253
134.5325
3668.945
1.0
ActorObserverTag
0
0
0
2863.637
114.6571
3649.421
1.0
FldObj_RockBeachWall_A_01_Far
0
-1.54
0
2318.688
135.4582
3692.222
1.0
Obj_TreePalmBeach_A_02
0
0
0
2778.619
110.3058
3857.181
1.0
LocationTag
0
0
0
2007
300
3285
1.0
LinkTagAnd
0
0
0
2006.916
319.0224
3285.767
1.0
Area
0
0.1656046
0
2090.802
138.3776
3340.217
50
ChangeWeatherTag
0
0
0
2007
489
3285
1.0
FldObj_RockBeach_A_L_01
-0.1090057
0.4610407
0.02129744
2228.524
103.3283
3786.275
1.0
TwnObj_Village_FishingRock_A_02_Far
3.030297
-0.5018561
-2.904432
3009.214
116.5154
3394.579
1.0
Obj_TreePalmBeach_A_02
0
-1.46
0
2854.2
110.0977
3376.924
1.0
Item_InsectGet_O
1.291283
1.357429
-1.165101
2961.033
108.032
3490.316
1.0
Item_Fruit_D
0
-2.268928
0
2159.024
203.759
3274.372
1.0
LinkTagAnd
0
-2.32
0
2984.354
106.6664
3452.75
1.0
FldObj_CliffWhiteLumpRock_A_01
-0.1621868
1.10315
0.6846175
2457.595
187.3665
3766.087
1.0
LinkTagOr
0
1.4
0
2822.823
117.525
3575.489
1.0
FldObj_CliffWhite_A_S_01
-3.092808
-0.3281481
3.087538
2862.686
110.4451
3361.054
1.0
LinkTagAnd
0
0.1168142
0
2913.838
111.7411
3442.675
1.0
Enemy_Bokoblin_Middle
0
-2.74
0
2069.883
121.4974
3918.273
1.0
LinkTagAnd
0
0
0
2868.801
100.1038
3450.498
1.0
TwnObj_Village_FishingHouse_S_A_01_Far
0
-0.3764007
0
2904.12
112.4303
3400.169
1.0
Obj_TreePalmBeach_A_02
0
-0.4999999
0
2947.123
117.3545
3340.317
1.0
Animal_Fish_G
0
0
0
2124.867
104.6198
3899.506
1.0
Obj_TreeDorian_A_01
0
0.8726647
0
2160.164
199.509
3273.18
1.0
FldObj_RockBeach_A_L_01
-0.12
0.6199999
0
2209.071
102.6378
3782.173
1.0
FldObj_CliffWhiteTop_A_01
0
2.34
0
2561.979
311.9063
3600.142
0.82
FldObj_CliffWhite_A_S_01_Far
2.913792
0.6847458
2.799113
2782.49
115.6377
3337.291
1.0
Animal_Fish_G
0
0
0
2129.977
105.0963
3895.006
1.0
SwitchTimeLag
-1.570796
0
0
2172.164
204.3615
3281.18
0.5
Area
0.1137711
-0.001525185
0.02678094
2981.052
107.1293
3453.363
5
Animal_Fish_G
0
0
0
2132.086
105.0964
3917.608
1.0
AnchorAction1
0
0
0
2924.579
118.089
3372.265
1.0
LinkTagAnd
0.01007857
0.0002526117
-0.05011755
2962.123
107.3825
3494.006
1.0
SwitchTimeLag
0.7907962
1.540002
3.141592
2948.756
132.7552
3435.042
0.5
ActorObserverTag
0
0
0
2970.32
125.0829
3380.073
1.0
TwnObj_Village_FishingCrowsNest_A_01_Far
0
-0.2399997
0
2864.603
112.116
3474.397
1.0
FldObj_RockBeachWall_A_02_Far
-0.0569279
-0.6523892
-0.05911864
2276.585
117.364
3900.946
1.0
AnchorAction1
0
2.939723
0
2957.755
106.8211
3494.5
1.0
LinkTagNOr
0
-0.4031851
0
2963.571
106.7255
3455.5
1.0
LinkTagNone
0
0
0
2836.962
127.8794
3452.763
1.0
FldObj_CliffWhiteWall_A_02_Far
-0.6392632
0.1973808
-0.06360515
2421.262
156.1969
3851.635
1.0
KorokAnswerResponce
0
0.5759587
0
2294.996
291.2568
3028.896
0.5
LocationTag
0
0
0
2833.359
151.7545
3310.973
1.0
LinkTagAnd
0
0
0
2083
290.5
3228
1.0
ChangeWeatherTag
0
0
0
1993
454
3288
1.0
FldObj_EnemyBaseRiversideBridge_A_01
0
3.112526
0
2148.284
109.3516
3910.859
1.0
FldObj_ScaffoldWood_A_01_Far
0
-2.48
0
2069.5
93.5
3907
1.0
LinkTagAnd
0
0
0
2984.774
107.2947
3447.571
1.0
FldObj_CliffWhiteLumpRock_A_01
-0.7252261
-1.091711
0.1330408
2876.975
202.1285
3136.929
1.0
ActorObserverTag
0
0
0
2131.456
202.4714
3534.217
1.0
Obj_ArrowBundle_A_01
-2.705775
0.4583901
-2.988353
2952.575
107.6598
3493.429
1.0
TwnObj_Village_FishingBridge_A_01_Far
0
-1.789135
0
2954.683
105.7862
3492.888
1.0
LinkTagNOr
0
-2.32
0
2982.157
106.6664
3450.707
1.0
FldObj_ScaffoldWood_A_01
0
2.938407
0
2103.964
96.11398
3922.083
1.0
