UnitConfigName/__text
Rotate/value/0
Rotate/value/1
Rotate/value/2
Translate/value/0
Translate/value/1
Translate/value/2
_Scale
Obj_Plant_IvyBurn_A_01
-0.3230141
-0.6357417
0.6951554
3996.207
292.1541
-3150.297
1.0
LinkTagAnd
0
2.923182
0
3799.362
255.6583
-3405.295
1.0
LinkTagAnd
-0.9185652
0.726697
-1.721545
3350.58
175.9276
-3081.781
1.0
LookTag
0
-2.757924
0
3320.529
297.686
-3430.178
1.0
Obj_Plant_KorokColor_A_01
0
-2.138273
0
3803.158
255.6583
-3403.94
1.0
Obj_RockDeathMt_D_L_03_Far
3.098112
-0.3111292
-0.6818144
3060.17
200.1098
-3429.7
1.2
FldObj_AkkarePlant_A_01
0
6.168096
0
3216.888
32.61719
-3413.184
0.7978624
DgnObj_EntranceElevator_A_01
0
-2.757924
0
3324.459
298.6862
-3420.442
1.0
LinkTagNAnd
0.02656309
-0.003626793
0.2713765
3992.199
294.2719
-3147.521
1.0
FldObj_FissureValley_A_01
-0.1215955
0.2961944
-0.065382
3181.512
110.1473
-3308.542
1.0
DragonDropItemTarget
0
0
0
3686.717
289.5768
-3509.323
1.0
FldObj_AkkarePlant_A_01
0
2.211072
0
3352.659
24.03906
-3447.933
0.9617605
DragonDropItemTarget
0
0
0
3522.869
317.1585
-3647.562
1.0
Obj_RaftWood_A_S_02
0
-2.617994
0
3208.768
81.10629
-3404.6
1.0
Area
0
2.923182
0
3803.267
256.8583
-3404.428
2
FldObj_AkkarePlant_A_01
0
4.232258
0
3251.897
25.60938
-3481.847
0.9722851
FldObj_RuinGuardian_A_Dynamic
0.04851639
-1.076695E-05
-0.003948734
3687.161
285.7878
-3455.783
1.0
FldObj_RockAkkare_A_01
0
0
0
3610.922
292.5526
-3566.913
1.0
FldObj_CliffAkkareEnd_B_02_Far
-0.0678751
0.3214683
0.1070609
3239.482
320.6702
-3761.778
1.0
FldObj_CliffDeathMt_D_11
-0.1389259
0.5068448
-0.2050405
3064.699
287.0456
-3573.52
1.0
FldObj_RockAkkare_A_01
-0.06166589
-0.4128717
0.251382
3460.121
269.7207
-3483.477
1.0
FldObj_CliffDeathMt_D_27_Far
-0.02152308
-0.2108482
-0.004957209
3273.042
309.3097
-3596.609
1.0
FldObj_CliffDeathMt_D_14
3.124852
0.06130508
3.104277
3815.189
216.5671
-3425.316
1.0
FldObj_WorldEnd_A_03
2.572361
1.321278
2.54636
3765.2
31.52821
-3471.64
1.0
FldObj_AkkarePlant_A_01
0
0.695402
0
3306.575
20.75781
-3391.563
0.9927588
Npc_HiddenKorokGround
0
0
0
3178.982
176.4081
-3073.667
1.0
FldObj_AkkarePlant_A_01
0
0.8350759
0
3352.401
20.75781
-3467.925
0.988749
FldObj_FissureValleyPillar_A_03_Far
0
0
0
3321.818
296.5251
-3425.296
1.0
FldObj_FissureValley_A_01_Far
-0.1215955
0.2961944
-0.065382
3181.512
110.1473
-3308.542
1.0
FldObj_CliffAkkare_A_05_Far
2.730969
1.165189
2.867437
3874.809
216.6534
-3022.874
1.0
DgnObj_WarpPoint_A_01
0
-2.757924
0
3321.018
298.649
-3428.969
1.0
FldObj_CliffDeathMt_D_08_Far
0.1832906
-0.2968467
0.1906265
3631.254
213.5467
-3310.177
1.0
Area
0.05863729
0.000185295
-0.006318219
3328.096
310.3341
-3591.008
1.0
FldObj_FissureValleyPillar_A_04
0
1.601593
0
3242.71
71.44653
-3518.938
1.0
FldObj_CliffAkkare_A_06
3.084218
0.6466262
3.068205
3748.948
230.0867
-3201.689
1.0
Obj_RaftWoodSail_A_S_01
0
-2.617994
0
3209.201
81.11697
-3404.85
1.0
Obj_TreeConiferous_A_03
0
0
0
3413.544
156.968
-3147.407
1.0
KorokAnswerResponce
0
1.098408
0
3153.901
168.1656
-3324.312
1.0
FldObj_CliffDeathMt_D_10_Far
-2.570689
1.204417
-2.394199
2966.881
337.4822
-3281.027
1.0
Npc_HiddenKorokGround
0
1.329888
0
3350.103
175.0276
-3079.839
1.0
FldObj_CliffDeathMt_D_14
0.01155747
0.1181619
-0.04127861
3298.539
287.1228
-3625.386
1.0
FldObj_FissureValleyWall_A_01
-2.842541
0.7807342
-2.639787
3435.554
122.5616
-3399.205
1.2
FldObj_AkkarePlant_A_01
0
3.55396
0
3364.464
24.03906
-3475.269
0.9831818
LinkTagOr
0.3279549
0.002798126
-0.01691048
3496.705
258.2863
-3373.493
1.0
FldObj_CliffAkkare_A_05_Far
-2.716833
1.049616
-2.64487
3944.245
281.4731
-3160.584
1.0
FldObj_FissureValley_A_02_Far
-0.1172949
0.9191823
-0.02297274
3491.607
123.8139
-3203.367
1.0
FldObj_FissureValleyPillar_A_04
0
1.84
0
3262.178
59.85278
-3529.369
1.0
FldObj_AkkarePlant_A_01
0
0.6350813
0
3241.854
45.67188
-3492.297
0.511749
FldObj_ScaffoldWood_B_02_Far
0
-0.7184072
0
3375.011
323.2509
-3672.861
1.0
FldObj_CliffDeathMt_D_11_Far
-0.1389259
0.5068448
-0.2050405
3064.699
287.0456
-3573.52
1.0
FldObj_WorldEnd_A_03_Far
0
-1.14
0
3987.73
-15.92685
-3819.17
1.0
DgnObj_DungeonEntrance_A_01_Far
0
-2.757924
0
3324.459
297.686
-3420.442
1.0
FldObj_AkkarePlant_A_01
0
3.916534
0
3297.716
24.03906
-3411.293
0.9970811
FldObj_CliffDeathMt_F_02
0
2.42
0
3461.365
177.2755
-2950.599
1.0
LinkTagOr
3.114391
0.7007574
3.061277
3455.391
316.6653
-3582.144
1.0
FldObj_CliffAkkare_A_05_Far
0.2748709
-1.497234
-0.2755792
3635.073
300.2696
-3489.958
1.0
FldObj_AkkarePlant_A_01
0
1.631845
0
3275.128
45.67188
-3478.708
0.5112193
FldObj_FissureValleyEye_A_01_Far
0
0
0
3255.174
83.16923
-3448.091
1.0
DragonDropItemTarget
0
0
0
3287.718
337.3208
-3762.963
1.0
LinkTagAnd
0
1.543187
0
3800.907
255.8912
-3421.046
1.0
FldObj_AkkarePlant_A_01
0
0.1963671
0
3282.682
20.75781
-3505.692
0.9575253
Obj_Plant_KorokColor_A_01
0
2.328585
0
3800.509
255.8912
-3417.506
1.05
FldObj_CliffDeathMt_D_15
-1.194653
-0.7053474
0.670137
3553.033
308.5154
-3559.524
1.0
Obj_TreeConiferous_A_03
0
0
0
3390.051
163.2253
-3065.952
1.0
AnchorAction4
0
0.1601201
0
3244.599
82.62682
-3448.809
1.0
FldObj_AkkarePlant_A_01
0
3.430636
0
3362.232
45.67188
-3387.318
0.5157669
LinkTagAnd
0
0
0
3809.047
257.3044
-3419.47
1.0
Npc_HiddenKorokFly
0
-1.539999
0
3572.843
205.911
-3046.931
1.0
Npc_HiddenKorokGround
0
1.16
0
3779.707
275.4236
-3361.52
1.0
DragonDropItemTarget
0
0
0
3601.547
156.2318
-3137.04
1.0
FldObj_CliffDeathMt_D_08
0.3
-0.9399999
0
3164.317
168.5731
-3146.768
1.0
FldObj_CliffAkkare_A_06_Far
-3.046028
0.8615031
3.108389
3959.971
262.2861
-3073.574
1.0
FldObj_AkkarePlant_A_01
0
3.864074
0
3276.036
20.75781
-3468.266
0.9867726
FldObj_CliffAkkare_A_06
3.032208
1.219403
3.025151
3971.721
285.8023
-3107.971
1.0
EventTag
0
3.001663
0
3320.359
298.686
-3425.257
0.6
SwitchTimeLag
-1.512159
0.000185295
-0.006318219
3328.844
314.8884
-3588.703
0.5
Npc_HiddenKorokGround
0
-2.478408
0
3813.457
255.9981
-3419.22
1.0
FldObj_CliffAkkare_A_05
3.037194
0.9027201
3.056332
3681.536
236.5583
-3265.762
1.0
Obj_Plant_KorokColor_A_01
0
-0.9509349
0
3809.572
256.1044
-3419.824
0.98
FldObj_CliffAkkare_A_05
0.2748709
-1.497234
-0.2755792
3635.073
300.2696
-3489.958
1.0
FldObj_WorldEnd_A_03_Far
0
-2.36
0
3974.293
-15.92685
-3756.459
1.0
FldObj_AkkarePlant_A_01
0
3.644866
0
3269.255
24.03906
-3365.383
0.9530905
LinkTagOr
0
-1.300001
0
3807.655
256.1044
-3417.009
1.0
FldObj_WorldEnd_A_03_Far
0.9036217
1.418045
0.8417267
3785.171
29.49502
-3470.242
1.0
ValleyEffectLocater
0
0
0
3214.139
2.832571
-4573.313
1.0
LinkTagAnd
0
0
0
3813.32
257.5551
-3424.394
1.0
FldObj_CliffAkkare_A_05_Far
0.07718188
-0.4739052
-0.1464807
3777.321
276.2582
-3375.624
1.0
FldObj_CliffDeathMt_D_10
2.101593
0.6415959
-3.141592
3451.261
299.8508
-3568.43
1.0
Obj_RockDeathMt_D_L_01_Far
1.743759
-0.2348609
1.05101
3410.733
141.2382
-3535.104
1.1999
Npc_HiddenKorokGround
0
1.520001
0
3326.963
309.8105
-3589.208
1.0
TBox_Field_Iron_NoReaction_Collabo
2.293294E-07
-1.439999
0.08000069
3636
302
-3520
1.0
FldObj_CliffDeathMt_E_01
0
0.6599999
0
3357.43
322.3422
-3604.927
1.0
Obj_TreeConiferous_A_03
0
0
0
3449.207
158.4583
-3076.633
1.0
LinkTagAnd
0
-1.539999
0
3572.889
209.911
-3045.432
2
DragonDropItemTarget
0
0
0
3639.242
302.6984
-3530.178
1.0
FldObj_AkkarePlant_A_01
0
3.599502
0
3335.315
20.75781
-3450.871
0.973791
FldObj_CliffDeathMt_D_11_Far
2.733274
0.2951542
3.109061
3279.139
195.8787
-2962.32
1.0
DragonDropItemTarget
0
0
0
3035.597
310.3804
-3715.596
1.0
FldObj_AkkarePlant_A_01
0
6.168096
0
3272.013
32.61719
-3421.84
0.7978624
Enemy_Bokoblin_Guard_Middle
0
2.603186
0
3376.69
329.1462
-3676.13
1.0
FldObj_FissureValley_A_01
-3.052402
-0.6362313
2.992205
3349.155
128.7065
-3266.143
1.0
FldObj_FissureValley_A_04_Far
-2.92481
-0.420082
-3.04231
3412.621
137.4638
-3184.476
1.0
FldObj_CliffDeathMt_D_27
3.054077
-1.15985
-3.041823
3838.236
167.8708
-3554.195
1.0
FldObj_WorldEnd_A_03_Far
2.572361
1.321278
2.54636
3765.2
31.52821
-3471.64
1.0
TreasureSpot_00
0
0
0
3600.395
295.7554
-3446.317
1.0
LinkTagOr
0.02656309
-0.003626793
0.2713765
3998.939
296.1749
-3148.496
1.0
LinkTagPulse
3.114391
0.7007574
3.061277
3454.909
315.0994
-3582.5
0.25
DgnObj_EntranceShutter_A_01
0
-2.757924
0
3323.037
298.6862
-3423.965
1.0
FldObj_CliffDeathMt_D_14_Far
3.115475
-0.4779003
-3.072893
3232.208
287.8904
-3759.583
1.0
Enemy_Bokoblin_Guard_Middle
0
0.8523893
0
3378.86
331.3503
-3657.523
1.0
DragonDropItemTarget
0
0
0
3093.418
310.3748
-3688.358
1.0
Obj_RockDeathMt_D_L_01_Far
-0.008252411
0.2807534
1.003207
2972.303
310.8404
-3346.037
1.0
FldObj_FissureValley_A_06_Far
0
1.08
0
3145.693
111.4278
-3376.368
1.0
FldObj_CliffDeathMt_D_08_Far
2.588532
-1.232582
-2.369454
3461.268
225.8397
-3447.784
1.0
FldObj_FissureValley_A_06_Far
0
2.923186
0
3302.183
79.09264
-3298.129
1.0
FldObj_AkkarePlant_A_01
0
1.904053
0
3303.444
45.67188
-3343.738
0.4913164
FldObj_CliffDeathMt_D_15
-2.814514
-0.8955879
1.943949
3386.175
319.8449
-3671.611
1.0
FldObj_FissureValleyPillar_A_04
0
0.92
0
3186.401
56.75122
-3406.555
1.0
FldObj_CliffDeathMt_D_14_Far
3.124852
0.06130508
3.104277
3815.189
216.5671
-3425.316
1.0
LinkTagAnd
0
0
0
3636
306
-3519.5
1.0
FldObj_FissureValley_A_06_Far
0
0.8399998
0
3199.787
108.3107
-3500.79
1.0
FldObj_FissureValley_A_06
0
2.923186
0
3302.183
79.09264
-3298.129
1.0
FldObj_FissureValleyPond_A_01_Far
0
0
0
3311.826
84.13257
-3522.513
1.0
FldObj_FissureValley_A_06_Far
2.343199
1.154563
2.338184
3217.27
89.99091
-3214.905
1.0
Obj_Plant_KorokColor_A_01
0
-1.649066
0
3813.422
256.355
-3425.149
1.02
DragonDropItemTarget
0
0
0
3613.074
314.9463
-3570.053
1.0
FldObj_CliffDeathMt_D_27
0.08751591
1.15985
0.09976958
3919.743
168.1563
-3535.211
1.0
FldObj_AkkarePlant_A_01
0
6.168096
0
3268.979
45.67188
-3408.235
0.5192154
FldObj_CliffAkkareEnd_B_02
0.1337106
-1.019744
-0.07125081
3619.171
299.0883
-3544.762
1.0
FldObj_FissureValley_A_06_Far
0
-2.58
0
3374.053
150.4106
-3350.173
1.0
Obj_Plant_KorokColor_A_01
0
-0.2528031
0
3813.7
256.355
-3423.773
0.95
Area
0
-0.4600006
0
3804.213
257.9293
-3422.337
2
Obj_RockCover
2.759163
0.9587451
2.776351
3496.917
256.3344
-3373.448
0.6
LinkTagAnd
0.5820503
0.2884459
-0.9357591
3181.037
177.1744
-3073.648
1.0
FldObj_AkkarePlantSet_A_01
0
2.383185
0
3357.535
62.63032
-3421.964
1.0
FldObj_AkkarePlant_A_01
0
3.430636
0
3351.929
32.61719
-3380.283
0.7944139
LinkTagPulse
0.3279549
0.002798126
-0.01691048
3497.178
256.7633
-3374.01
0.25
Obj_RockLayerMossHole_A_01_Far
0.2041579
0.01498653
-0.1460454
3783.276
273.0085
-3360.89
1.3
LinkTagAnd
0
0
0
3323.013
302.6763
-3423.861
1.0
LinkTagOr
0
-1.799998
0
3167.934
137.7517
-3318.164
1.0
FldObj_FissureValley_A_04
-2.92481
-0.420082
-3.04231
3412.621
137.4638
-3184.476
1.0
Obj_RockLayerMossHole_A_01
0.2041579
0.01498653
-0.1460454
3783.276
273.0085
-3360.89
1.3
Obj_TreeConiferous_A_03
0
0
0
3429.508
176.3654
-3010.039
1.0
FldObj_CliffDeathMt_D_27
-0.1766147
1.01093
-0.03040725
3076.308
305.0898
-3527.111
1.0
FldObj_CliffDeathMt_E_14_Far
0.3697429
-0.1425274
0.4177116
3357.181
228.5143
-2900.816
1.0
LinkTagOr
0.0265631
-0.003626793
0.2713765
3995.624
295.0175
-3147.514
1.0
FldObj_CliffDeathMt_C_05
2.271223
-0.5355952
3.141542
3226.712
321.0623
-3677.166
1.0
FldObj_FissureValleyPillar_A_04_Far
0
-2.843185
0
3205.221
59.85278
-3374.836
1.0
FldObj_CliffAkkareEnd_B_01
0
-0.3600001
0
3369.492
322.1631
-3747.68
1.0
Area
0.0265631
-0.003626793
0.2713765
3995.571
293.3427
-3147.558
3
TreasureSpot_00
0
0
0
3542.586
308.9144
-3545.061
1.0
LinkTagAnd
0
0
0
3636
308
-3519.5
1.0
LinkTagAnd
0.3279549
0.002798126
-0.01691048
3495.705
258.3031
-3373.49
1.0
FldObj_CliffDeathMt_C_08
-3.04462
0.6721389
3.069216
3453.808
248.8298
-3664.33
1.0
FldObj_FissureValley_A_04
2.460738
-1.343034
-2.267479
3621.944
138.2097
-3173.488
1.0
LinkTagPulse
0.0265631
-0.003626793
0.2713765
3996.548
293.5625
-3147.556
0.25
FldObj_CliffDeathMt_D_14_Far
0.01155747
0.1181619
-0.04127861
3298.539
287.1228
-3625.386
1.0
LinkTagOr
0.02656309
-0.003626793
0.2713765
3991.89
295.3794
-3147.491
1.0
LinkTagAnd
0
1.329888
0
3349.984
177.5276
-3079.354
1.0
LinkTagAnd
0
-2.757924
0
3323.604
298.686
-3426.567
0.3
FldObj_FissureValley_A_06_Far
-3.120526
1.102648
2.920588
3135.347
85.58055
-3386.449
1.0
FldObj_FissureValley_A_01_Far
-0.09727503
-0.08304496
-0.06274765
3133.826
155.9102
-3454.636
1.052418
FldObj_PushRock_Korok
-0.3833224
1.124304
-0.3563729
4010.329
303.642
-3207.662
0.8
LinkTagAnd
0
0
0
3783.262
278.1971
-3360.048
1.0
FldObj_KorokTarget_A_01
0
-1.539999
0
3572.843
206.911
-3046.931
1.0
LinkTagAnd
3.114391
0.7007574
3.061277
3456.153
316.6039
-3581.5
1.0
FldObj_AkkarePlantSet_A_01
0
-1.2
0
3295.871
62.63032
-3464.605
1.0
Area
0
-1.300001
0
3813.32
257.5551
-3424.394
2
Obj_LiftRockWhite_A_01
0.02241184
0.0007378393
-0.06581719
3178.976
176.3083
-3073.669
1.0
FldObj_FissureValleyWall_A_01_Far
0.6794999
-0.9024433
-0.565062
3278.483
110.5732
-3561.86
1.0
LinkTagAnd
0
-1.300001
0
3814.39
256.355
-3420.54
1.0
LinkTagOr
0
-0.4600006
0
3805.117
256.7293
-3419.657
1.0
FldObj_CliffAkkare_A_06_Far
-2.713103
1.253755
-2.780548
3856.219
219.0515
-3074.583
1.0
FldObj_FissureValley_A_01_Far
-0.1215955
0.2961944
-0.065382
3181.512
110.1473
-3308.542
1.0
FldObj_CliffDeathMt_D_27_Far
0.08751591
1.15985
0.09976958
3919.743
168.1563
-3535.211
1.0
Obj_RockDeathMt_D_L_01_Far
-2.639963
-0.7162453
3.113858
2912.971
360.0344
-3381.435
1.0
Obj_RockDeathMt_D_L_03
3.098112
-0.3111292
-0.6818144
3060.17
200.1098
-3429.7
1.2
Enemy_Bokoblin_Senior
0
-0.9799984
0
3366.85
329.126
-3668.229
1.0
Obj_Plant_KorokColor_A_01
0
-0.6891354
0
3812.91
256.355
-3423.813
1.0
ActorObserverTag
0
0
0
3178.976
179.307
-3071.668
1.0
Obj_Plant_IvyBurn_A_01
0.4028891
-1.288319
0.08046312
3996.214
292.7825
-3148.161
1.0
ValleyEffectLocater
0
0
0
3263.574
0
-3978.968
1.0
LinkTagOr
0
-1.300001
0
3812.044
259.1044
-3416.151
1.0
Obj_Plant_IvyBurn_A_01
-2.328027
1.206071
-1.942431
3993.172
291.6403
-3147.96
1.0
FldObj_CliffAkkare_A_05_Far
-2.781236
0.8940565
-2.720663
3910.956
267.7403
-3206.123
1.0
Obj_Plant_KorokColor_A_01
0
-0.7764019
0
3808.426
256.1044
-3419.091
0.9299999
LinkTagAnd
0
0
0
3803.267
256.8583
-3404.428
1.0
FldObj_AkkarePlant_A_01
0
-2.119651
0
3311.858
27.21875
-3378.304
0.8332193
LinkTagOr
0.02656309
-0.003626793
0.2713765
3991.235
294.0039
-3147.525
1.0
FldObj_AkkarePlantSet_A_01
0
-1.98
0
3287.887
62.63032
-3390.269
1.0
FldObj_AkkarePlant_A_01
0
0.6350813
0
3239.878
45.67188
-3404.789
0.511749
FldObj_FissureValley_A_04_Far
-2.81144
0.6747755
-3.105429
3192.113
139.7089
-3166.796
1.0
Area
0
1.16
0
3779.707
276.4236
-3361.52
2
FldObj_CliffDeathMt_D_14
0
2.019997
0
3620.839
263.4706
-3538.171
1.0
ActorObserverTag
0.05863729
0.000185295
-0.006318219
3328.106
311.9314
-3590.914
1.0
Area
2.986782
-1.057807
-3.041806
3170.833
138.202
-3317.409
0.7
FldObj_AkkarePlant_A_01
0
3.46576
0
3379.231
20.75781
-3473.014
0.9887028
FldObj_FissureValley_A_04_Far
0.532014
1.403066
0.4991329
3483.821
127.9316
-3143.727
1.0
FldObj_AkkarePlant_A_01
0
6.109692
0
3320.018
32.61719
-3483.839
0.7744267
Npc_HiddenKorokFly
0
-2.043185
0
3152.594
170.1656
-3328.348
1.0
Area
0
-1.300001
0
3809.047
257.3044
-3419.47
2
FldObj_CliffAkkare_A_06_Far
-2.41553
1.213287
-2.571304
3911.742
260.2322
-3163.49
1.0
Area
0.02241184
0.0007378393
-0.06581718
3179.042
177.306
-3073.646
3
FldObj_CliffDeathMt_D_15_Far
-1.098441
-0.3216415
0.6127891
3305.607
326.2197
-3752.448
1.0
FldObj_FissureValleyRock_A_02_Far
0
-2.92
0
3255.97
80.04669
-3396.144
1.0
LinkTagAnd
0
0
0
3244.599
82.62682
-3448.809
1.0
FldObj_CliffDeathMt_F_01_Far
0
-3.123185
0
2871.71
415.0518
-3269.795
1.0
DragonDropItemTarget
0
0
0
3607.296
180.9171
-3242.044
1.0
Obj_Plant_IvyBurn_A_01
-0.1321361
-0.01245287
-0.06809326
3996.546
292.3788
-3150.214
1.0
LinkTagAnd
0
-2.757924
0
3323.604
298.686
-3426.567
0.3
Obj_Plant_IvyBurn_A_01
0.3466525
0.4196808
0.5115336
3994.072
292.3872
-3147.95
1.0
LinkTagAnd
0
0
0
3178.976
179.307
-3073.168
1.0
LinkTagAnd
0
2.44
0
3453.317
316.0133
-3583.812
1.0
FldObj_CliffDeathMt_D_10_Far
-0.1814502
1.152718
-0.1981256
2988.118
306.2817
-3471.111
1.0
FldObj_FissureValley_A_01
-2.955266
-0.5593168
2.860201
3620.475
153.3153
-3068.231
1.2
FldObj_CliffAkkareEnd_B_01
0.02322539
-0.8597677
-0.03064876
3741.05
282.3957
-3439.6
1.0
FldObj_CliffAkkare_A_05_Far
-3.06122
1.12585
3.113896
3929.7
264.377
-3113.749
1.0
FldObj_FissureValleyRock_A_02
0
-1.66
0
3184.933
49.41388
-3415.643
1.0
FldObj_WorldEnd_A_03
0.9036217
1.418045
0.8417267
3785.171
29.49502
-3470.242
1.0
Area
0
1.098408
0
3152.594
170.1156
-3328.348
1.7
FldObj_CliffDeathMt_D_10
-2.570689
1.204417
-2.394199
2966.881
337.4822
-3281.027
1.0
FldObj_CliffDeathMt_D_15_Far
-1.194653
-0.7053474
0.670137
3553.033
308.5154
-3559.524
1.0
FldObj_CliffDeathMt_F_01
0
-3.123185
0
2871.71
415.0518
-3269.795
1.0
DragonDropItemTarget
0
0
0
3527.113
320.7143
-3573.888
1.0
FldObj_CliffDeathMt_D_27
0.001717423
-0.8727562
-0.07064296
3396.969
314.5208
-3575.484
1.0
FldObj_RuinGuardian_A_Dynamic
0.01706497
0.0003451406
0.02524479
3689.268
285.6108
-3433.583
1.0
LinkTagAnd
0
0
0
3637.5
308
-3519.5
1.0
FldObj_FissureValley_A_04_Far
-2.904626
-0.2209975
-3.048701
3288.667
131.6074
-3133.757
1.0
Area
0
1.543187
0
3800.796
257.0912
-3417.047
2
FldObj_CliffAkkare_A_06
-2.41553
1.213287
-2.571304
3911.742
260.2322
-3163.49
1.0
AnchorAction5
0
-2.946234
0
3244.599
82.62682
-3448.809
1.0
FldObj_AkkarePlant_A_01
0
2.555082
0
3301.161
32.61719
-3446.239
0.790396
LinkTagNAnd
0.4263869
-0.01340419
0.06189905
3257.49
83.8842
-3459.085
1.0
Obj_LiftRockWhite_A_01
0
1.329888
0
3350.103
174.9276
-3079.839
1.0
FldObj_AkkarePlant_A_01
0
0.3130708
0
3364.057
32.61719
-3457.562
0.7599684
Obj_Plant_KorokColor_A_01
0
1.630453
0
3801.091
255.8912
-3416.839
0.95
FldObj_FissureValley_A_04_Far
2.460738
-1.343034
-2.267479
3621.944
138.2097
-3173.488
1.0
FldObj_AkkarePlant_A_01
0
0.3130708
0
3385.594
45.67188
-3429.401
0.4813214
FldObj_CliffDeathMt_D_27
-0.1067147
0.3523824
0.04916564
3194.609
319.409
-3587.897
1.0
FldObj_CliffDeathMt_D_11
2.733274
0.2951542
3.109061
3279.139
195.8787
-2962.32
1.0
Area
0
0
0
3496.161
256.3422
-3374.329
0.557
FldObj_CliffDeathMt_D_27_Far
-2.942172
1.169906
-2.471488
3024.945
335.1272
-3175.148
1.0
FldObj_CliffAkkare_A_05
-2.716833
1.049616
-2.64487
3944.245
281.4731
-3160.584
1.0
FldObj_FissureValleyRock_A_02
0
-2.92
0
3255.97
80.04669
-3396.144
1.0
FldObj_AkkarePlant_A_01
0
1.631845
0
3311.152
45.67188
-3452.427
0.5112193
LinkTagAnd
3.082955
-0.0001852077
3.135275
3327.479
312.3029
-3589.062
1.0
Obj_LiftRockWhite_A_01
0.0265631
-0.003626793
0.2713765
3995.853
292.3315
-3147.586
1.0
FldObj_CliffDeathMt_D_27_Far
3.054077
-1.15985
-3.041823
3838.236
167.8708
-3554.195
1.0
FldObj_CliffDeathMt_D_27_Far
0.001717423
-0.8727562
-0.07064296
3396.969
314.5208
-3575.484
1.0
FldObj_FissureValley_A_02
-0.09999999
0
0
3482.335
128.5477
-3043.186
1.0
FldObj_CliffAkkare_A_06
-2.713103
1.253755
-2.780548
3856.219
219.0515
-3074.583
1.0
FldObj_FissureValley_A_02
-0.1172949
0.9191823
-0.02297274
3491.607
123.8139
-3203.367
1.0
FldObj_FissureValley_A_01_Far
-3.052402
-0.6362313
2.992205
3349.155
128.7065
-3266.143
1.0
LinkTagAnd
0
-2.757924
0
3325.102
311.186
-3422.858
0.6
FldObj_FissureValley_A_06_Far
0.9394034
1.232044
1.035128
3117.753
184.8094
-3367.72
1.075207
LinkTagNAnd
0
2.923182
0
3802.833
258.6583
-3402.476
1.0
FldObj_CliffDeathMt_D_14
-3.13077
-0.8582215
-3.11925
3173.78
284.8661
-3725.577
1.0
FldObj_WorldEnd_A_03
0
-2.36
0
3974.293
-15.92685
-3756.459
1.0
Obj_Plant_KorokColor_A_01
0
-2.661872
0
3802.865
255.6583
-3404.927
0.95
FldObj_WorldEnd_A_03_Far
0.06695445
-0.4894359
0.1443176
3845.103
19.53603
-3469.504
1.0
FldObj_FissureValley_A_04
0.2591334
-0.571726
-0.01102544
3571.401
155.9811
-3287.878
1.0
LinkTagAnd
0
0
0
3323.013
302.6763
-3423.861
1.0
FldObj_CliffDeathMt_D_14
3.122742
0.4812407
3.096577
3864.972
214.6245
-3406.461
1.0
FldObj_PushRock_Korok
0.1166729
0.3613868
0.009735073
4011.064
303.9093
-3202.951
0.8
Obj_RockDeathMt_D_L_01
-2.639963
-0.7162453
3.113858
2912.971
360.0344
-3381.435
1.0
FldObj_FissureValleyPillar_A_04_Far
0
0.92
0
3186.401
56.75122
-3406.555
1.0
FldObj_CliffDeathMt_D_27
-0.02152308
-0.2108482
-0.004957209
3273.042
309.3097
-3596.609
1.0
AnchorAction3
0
0.1601268
0
3244.599
82.62682
-3448.809
1.0
LinkTagAnd
0
0
0
3170.833
138.202
-3317.409
1.0
FldObj_CliffDeathMt_D_10_Far
-1.8862
1.148578
-1.649759
2947.56
337.5628
-3373.352
1.0
Obj_LiftRockWhite_Korok_A_01
0.05863729
0.000185295
-0.006318219
3328.092
309.7352
-3591.043
1.0
FldObj_CliffAkkare_A_06_Far
3.084218
0.6466262
3.068205
3748.948
230.0867
-3201.689
1.0
FldObj_CliffDeathMt_D_08
0.1832906
-0.2968467
0.1906265
3631.254
213.5467
-3310.177
1.0
LinkTagNAnd
0
-2.757924
0
3322.32
311.186
-3421.735
0.6
FldObj_CliffDeathMt_E_14
0.3697429
-0.1425274
0.4177116
3357.181
228.5143
-2900.816
1.0
LinkTagAnd
0
-2.043185
0
3152.822
172.6656
-3328.794
1.0
FldObj_CliffDeathMt_D_08
2.588532
-1.232582
-2.369454
3461.268
225.8397
-3447.784
1.0
FldObj_CliffDeathMt_D_14_Far
-3.13077
-0.8582215
-3.11925
3173.78
284.8661
-3725.577
1.0
LinkTagOr
0
1.543187
0
3798.908
258.8912
-3421.101
1.0
FldObj_AkkarePlant_A_01
0
2.555082
0
3298.128
45.67188
-3432.633
0.511749
FldObj_CliffAkkareEnd_B_01_Far
0
-0.3600001
0
3369.492
322.1631
-3747.68
1.0
FldObj_FissureValleyWall_A_01_Far
3.141593
-0.7215925
-2.641593
3414.562
114.8082
-3511.955
1.0
FldObj_FissureValleyWall_A_01_Far
1.991537
-1.027596
-1.874257
3500.986
142.5126
-3287.238
0.9579461
FldObj_FissureValley_A_06
0
-2.58
0
3374.053
150.4106
-3350.173
1.0
LinkTagOr
0
1.543187
0
3802.851
255.8912
-3418.991
1.0
FldObj_WorldEnd_A_03
0
-0.5400003
0
3934.344
-2.083099
-3670.424
1.0
FldObj_AkkarePlant_A_01
0
3.430636
0
3297.404
45.67188
-3373.24
0.5157669
FldObj_FissureValley_A_06_Far
0.001598494
0.01993589
0.08001593
3419.016
152.7753
-3278.396
1.0
FldObj_AkkarePlant_A_01
0
6.109692
0
3316.985
45.67188
-3470.234
0.4957797
Area
0
1.329888
0
3350.103
175.9277
-3079.839
3
FldObj_FissureValley_A_01_Far
-0.06817885
0.6335875
0.007189041
3527.975
146.0157
-3002.625
1.127771
ForceSetPosDirAutoSaveAnchor
0
0.3836691
0
3321.982
298.686
-3426.846
1.0
FldObj_AkkarePlant_A_01
0
0.6350813
0
3252.792
45.67188
-3385.321
0.511749
FldObj_FissureValley_A_01
-0.06817885
0.6335875
0.007189041
3527.975
146.0157
-3002.625
1.127771
LinkTagOr
0
1.098408
0
3154.415
170.1656
-3331.91
1.0
FldObj_FissureValley_A_04
0.532014
1.403066
0.4991329
3483.821
127.9316
-3143.727
1.0
LinkTagOr
0
1.098408
0
3151.457
168.1656
-3326.122
1.0
Area
0
0.2400002
0
3783.227
270.6081
-3360.197
3.7
FldObj_AkkarePlant_A_01
0
3.699779
0
3257.192
20.75781
-3358.039
0.9630384
FldObj_AkkarePlant_A_01
0
0.3840533
0
3264.813
32.61719
-3377.929
0.7699634
FldObj_AkkarePlant_A_01
0
6.197673
0
3331.823
20.75781
-3505.683
0.9769987
FldObj_AkkarePlant_A_01
0
-0.1649187
0
3227.597
45.67188
-3370.805
0.511749
FldObj_FissureValley_A_06
0.9394034
1.232044
1.035128
3117.753
184.8094
-3367.72
1.075207
LinkTagOr
0.02241184
0.0007378393
-0.06581718
3179.646
178.8692
-3073.611
1.0
FldObj_ScaffoldWood_B_02
0
-0.7184072
0
3375.011
323.2509
-3672.861
1.0
FldObj_FissureValleyPillar_A_03
0
0
0
3321.818
296.5251
-3425.296
1.0
LinkTagAnd
0.180689
0.002842601
-0.03137583
3246.69
82.85097
-3456.242
1.0
DragonDropItemTarget
0
0
0
3499.901
322.4056
-3701.786
1.0
FldObj_FissureValleyPillar_A_04_Far
0
1.34
0
3265.631
57.02466
-3522.293
1.0
FldObj_AkkarePlant_A_01
0
2.135081
0
3241.956
45.67188
-3393.781
0.511749
Enemy_Bokoblin_Guard_Middle
0
-2.319999
0
3368.921
329.0064
-3673.144
1.0
FldObj_AkkarePlant_A_01
0
1.631845
0
3266.246
45.67188
-3501.067
0.5112193
FldObj_AkkarePlantSet_A_01
0
-2.56
0
3336.934
62.63032
-3387.964
1.0
FldObj_CliffDeathMt_C_05_Far
2.271223
-0.5355952
3.141542
3226.712
321.0623
-3677.166
1.0
Npc_HiddenKorokGround
0
0
0
3496.163
255.9283
-3374.297
1.0
Area
0
0
0
3247.213
84
-3453.104
47
DgnObj_EntranceTerminal_A_01
0
3.001663
0
3320.359
298.6862
-3425.257
1.0
Obj_Plant_IvyBurn_A_01
0.5641096
-0.7641049
-0.5161893
3998.555
292.8859
-3147.812
1.0
TwnObj_MamonoShop_A_01
0
0.18
0
3244.098
82.58978
-3451.563
1.0
LinkTagAnd
0.5883229
0.2887987
-0.596774
3997.511
293.8306
-3147.552
1.0
FldObj_RockLayerMossTreeBroadleaf_A_02
-0.24
0
0
3348.901
156.0838
-3077.289
1.0
FldObj_FissureValley_A_06
-3.120526
1.102648
2.920588
3135.347
85.58055
-3386.449
1.0
FldObj_CliffDeathMt_D_11_Far
2.901593
1.301593
3.141593
3087.981
171.1389
-3258.892
1.0
ActorObserverTag
0.05863729
0.000185295
-0.006318219
3327.106
311.9377
-3590.914
1.0
FldObj_RuinGuardian_A_Dynamic
0.001315566
1.38929E-06
-0.0007615945
3600.392
294.2482
-3446.322
1.0
FldObj_AkkarePlant_A_01
0
4.782304
0
3298.04
20.75781
-3347.11
0.984804
FldObj_AkkarePlant_A_01
0
1.631845
0
3278.162
32.61719
-3492.313
0.7898663
FldObj_CliffAkkare_A_05_Far
2.74535
1.057489
2.681815
3995.021
276.4013
-3062.428
1.0
FldObj_FissureValley_A_06
0.2171094
-0.3895383
0.1462701
3325.432
115.6669
-3547.286
1.0
LinkTagOr
0
2.923182
0
3798.928
258.6583
-3403.342
1.0
LinkTagOr
0
2.923182
0
3801.748
255.6583
-3406.814
1.0
FldObj_WorldEnd_A_03_Far
0
-0.5400003
0
3934.344
-2.083099
-3670.424
1.0
SignaledSpotBgmTag
0
0
0
3247.213
84
-3453.104
47
FldObj_CliffAkkareEnd_B_01
0
-0.4000001
-0.06000003
3484.187
311.6788
-3669.742
1.0
Obj_RockDeathMt_D_L_01
-0.008252411
0.2807534
1.003207
2972.303
310.8404
-3346.037
1.0
DragonDropItemTarget
0
0
0
3614.445
255.1175
-3284.852
1.0
FldObj_AkkarePlantSet_A_01
0
-1.2
0
3213.191
62.63032
-3436.089
1.0
FldObj_AkkarePlant_A_01
0
1.904053
0
3306.477
32.61719
-3357.343
0.7699634
FldObj_CliffDeathMt_D_27_Far
-2.637258
1.244396
-1.916275
2907.02
523.9573
-3114.363
1.0
FldObj_FissureValley_A_06
-0.7754059
-1.415054
1.053654
3419.018
153.8231
-3466.2
1.0
Npc_HiddenKorokGround
0
2.44
0
3455.615
314.1401
-3581.874
1.0
FldObj_CliffAkkare_A_06
3.078021
0.7664079
3.058677
3716.422
233.1571
-3231.391
1.0
LinkTagOr
0
-0.4600006
0
3806.005
256.7293
-3421.449
1.0
LinkTagOr
0
-1.300001
0
3811.928
256.355
-3421.932
1.0
TreasureSpot_00
0
0
0
3687.158
287.2548
-3455.77
1.0
FldObj_CliffAkkare_A_05
2.74535
1.057489
2.681815
3995.021
276.4013
-3062.428
1.0
FldObj_CliffDeathMt_D_27_Far
-0.1958525
1.521508
0.3042951
2984.165
306.2561
-3357.418
1.0
Obj_Plant_KorokColor_A_01
0
-1.300001
0
3812.801
256.355
-3424.769
0.92
Obj_RockCover
2.981247
1.295946
2.802666
3180.305
176.8032
-3074.279
0.6
LinkTagAnd
0
0
0
3683.5
296
-3481
1.0
LinkTagAnd
0.8050139
0.5155232
-0.7992896
3498.178
256.7464
-3374.012
1.0
FldObj_CliffAkkare_A_06_Far
3.032208
1.219403
3.025151
3971.721
285.8023
-3107.971
1.0
FldObj_CliffAkkare_A_06
-3.046028
0.8615031
3.108389
3959.971
262.2861
-3073.574
1.0
AirWallHorse_HiddnKorok
0.02656309
-0.003626793
0.2713765
3995.623
293.1591
-3147.563
3
DgnObj_DungeonEntrance_A_01
0
-2.757924
0
3324.459
297.686
-3420.442
1.0
LinkTagPulse
0.02241184
0.0007378393
-0.06581719
3180.04
177.2401
-3073.647
0.25
Enemy_Lizalfos_Fire
0
-1.02
0
3568.768
135.5504
-3224.262
1.0
Obj_Plant_IvyBurn_A_01
1.680049
-1.20962
-1.70903
3998.932
292.5046
-3146.541
1.0
FldObj_WorldEnd_A_03
0
-1.14
0
3987.73
-15.92685
-3819.17
1.0
ActorObserverTag
0
2.44
0
3453.317
314.0133
-3583.812
1.0
DragonDropItemTarget
0
0
0
3602.559
300.4636
-3459.547
1.0
Obj_TreeConiferous_A_03
0
2.511344
0
3250.725
166.8915
-3078.175
1.0
Enemy_Lizalfos_Fire
0
1.14
0
3561.647
122.9425
-3087.813
1.0
LinkTagAnd
-2.059501
0.2112969
-2.354174
3454.147
315.1607
-3583.145
1.0
LinkTagAnd
0.0265631
-0.003626793
0.2713765
3994.661
294.7495
-3147.517
1.0
Npc_HiddenKorokGround
0
0
0
3995.799
292.524
-3147.581
1.0
DragonDropItemTarget
0
0
0
3567.998
191.642
-3028.45
1.0
FldObj_AkkarePlant_A_01
0
1.904053
0
3251.798
32.61719
-3410.781
0.7699634
LinkTagAnd
0.05863729
0.000185295
-0.006318219
3328.838
313.8902
-3588.761
1.0
FldObj_CliffDeathMt_C_08_Far
-3.04462
0.6721389
3.069216
3453.808
248.8298
-3664.33
1.0
Obj_TreeConiferous_A_03
0
0
0
3280.168
162.6049
-3089.328
1.0
FldObj_AkkarePlant_A_01
0
4.558703
0
3282.646
20.75781
-3369.639
0.9686632
FldObj_FissureValley_A_04
2.078007
1.519832
1.822088
3110.73
145.8808
-3276.226
1.0
LinkTagAnd
0
0
0
3636
310
-3519.5
1.0
FldObj_CliffDeathMt_D_14_Far
0
2.019997
0
3620.839
263.4706
-3538.171
1.0
Obj_TreeConiferous_A_03
0
3.731034
0
3262.102
170.3976
-3055.6
1.0
FldObj_FissureValley_A_01_Far
-2.955266
-0.5593168
2.860201
3620.475
153.3153
-3068.231
1.2
LinkTagAnd
0
0
0
3260.617
84.84045
-3455.575
1.0
Obj_RockDeathMt_D_L_01
1.743759
-0.2348609
1.05101
3410.733
141.2382
-3535.104
1.1999
FldObj_FissureValleyPillar_A_04
0
1.34
0
3243.432
57.02466
-3376.34
1.0
DragonDropItemTarget
0
0
0
3680.948
175.1007
-3151.94
1.0
FldObj_CliffAkkareEnd_B_01_Far
0
-0.4000001
-0.06000003
3484.187
311.6788
-3669.742
1.0
FldObj_FissureValleyWall_A_01
3.141593
-0.7215925
-2.641593
3414.562
114.8082
-3511.955
1.0
FldObj_FissureValleyWall_A_01
0.6794999
-0.9024433
-0.565062
3278.483
110.5732
-3561.86
1.0
FldObj_CliffDeathMt_D_11
3.066553
-0.3857293
3.118507
3078.345
284.0858
-3665.779
1.0
FldObj_AkkarePlant_A_01
0
-0.4559467
0
3229.352
32.61719
-3413.218
0.7699634
LinkTagOr
0
1.16
0
3779.906
277.9236
-3361.978
1.0
LinkTagOr
0
-1.539999
0
3572.859
208.411
-3046.432
1.0
DragonDropItemTarget
0
0
0
3709.469
286.6599
-3419.451
1.0
FldObj_CliffDeathMt_D_04
0.5199999
-0.5400008
0
3258.811
198.7401
-3594.63
1.0
FldObj_AkkarePlant_A_01
0
2.222319
0
3283.817
20.75781
-3449.176
0.9829038
FldObj_CliffDeathMt_D_11_Far
0.3091148
-0.7963504
-0.1237126
3525.681
212.9738
-3349.745
1.0
FldObj_FissureValleyWall_A_01
1.991537
-1.027596
-1.874257
3500.986
142.5126
-3287.238
0.9579461
Npc_MamonoShop
0
-3.035175
0
3244.599
82.62682
-3448.809
1.0
FldObj_CliffDeathMt_D_15_Far
-2.814514
-0.8955879
1.943949
3386.175
319.8449
-3671.611
1.0
ActorObserverTag
0
1.16
0
3783.262
276.1971
-3360.048
2
LinkTagOr
0
-1.300001
0
3809.582
256.1044
-3417.543
1.0
FldObj_AkkarePlant_A_01
0
3.916534
0
3284.075
20.75781
-3429.184
0.9970811
Obj_Plant_KorokColor_A_01
0
-1.300001
0
3808.646
256.1044
-3419.982
0.96
LinkTagOr
0
-2.478408
0
3813.063
258.4981
-3418.912
1.0
FldObj_FissureValleyPillar_A_04_Far
0
3.000001
0
3237.264
54.37622
-3336.656
1.0
KorokAnswerResponce
0
1.16
0
3782.463
276.1971
-3358.215
1.0
ValleyEffectLocater
0
0
0
3821.299
1.210087
-4712.095
1.0
FldObj_FissureValley_A_01
-0.09727503
-0.08304496
-0.06274765
3133.826
155.9102
-3454.636
1.052418
LocationTag
0
0
0
3323.013
302.6763
-3423.861
1.0
FldObj_CliffDeathMt_D_14
3.115475
-0.4779003
-3.072893
3232.208
287.8904
-3759.583
1.0
Area
0.3279549
0.002798126
-0.01691048
3496.178
256.7803
-3374.007
3
TreasureSpot_00
0
0
0
3689.261
287.0947
-3433.573
1.0
FldObj_CliffAkkareEnd_B_01_Far
0.02322539
-0.8597677
-0.03064876
3741.05
282.3957
-3439.6
1.0
FldObj_AkkarePlant_A_01
0
1.711279
0
3291.21
20.75781
-3477.164
0.9805555
DragonDropItemTarget
0
0
0
3174.403
323.9578
-3746.012
1.0
FldObj_AkkarePlantSet_A_01
0
-2.06
0
3222.395
62.63032
-3465.433
1.0
FldObj_FissureValley_A_06
0
1.08
0
3145.693
111.4278
-3376.368
1.0
FldObj_PushRock_A_M_01
-2.956393
0.4685361
2.993279
3455.857
315.8819
-3582.135
1.0
FldObj_CliffDeathMt_D_27_Far
-0.1067147
0.3523824
0.04916564
3194.609
319.409
-3587.897
1.0
FldObj_FissureValleyPillar_A_04_Far
0
1.84
0
3262.178
59.85278
-3529.369
1.0
FldObj_AkkarePlant_A_01
0
0.8718448
0
3236.005
32.61719
-3482.501
0.7898663
FldObj_FissureValley_A_04
-2.904626
-0.2209975
-3.048701
3288.667
131.6074
-3133.757
1.0
FldObj_FissureValleyRock_A_02_Far
0
-1.66
0
3184.933
49.41388
-3415.643
1.0
FldObj_CliffDeathMt_END_D_27
3.089882
-0.2552287
-2.904603
3096.022
276.6408
-3726.883
1.0
FldObj_FissureValley_A_04
-2.81144
0.6747755
-3.105429
3192.113
139.7089
-3166.796
1.0
FldObj_CliffAkkare_A_06_Far
3.078021
0.7664079
3.058677
3716.422
233.1571
-3231.391
1.0
LinkTagAnd
0
-2.478408
0
3813.851
258.4981
-3419.528
1.0
LinkTagNone
0
0
0
3779.707
276.4236
-3361.52
1.0
Obj_Plant_KorokColor_A_01
0
-0.2528031
0
3809.317
256.1044
-3418.871
1.0
ActorObserverTag
0
0
0
3496.161
258.7852
-3371.329
1.0
FldObj_CliffDeathMt_D_14_Far
3.122742
0.4812407
3.096577
3864.972
214.6245
-3406.461
1.0
FldObj_AkkarePlant_A_01
0
0.6350813
0
3281.94
45.67188
-3407.555
0.511749
LinkTagAnd
0
-1.300001
0
3810.117
256.1044
-3415.616
1.0
DragonDropItemTarget
0
0
0
3338.684
332.5624
-3742.863
1.0
LinkTagPulse
0
1.329888
0
3350.342
175.9276
-3080.81
0.25
FldObj_CliffDeathMt_E_01_Far
0
0.6599999
0
3357.43
322.3422
-3604.927
1.0
FldObj_FissureValleyWall_A_01_Far
-2.842541
0.7807342
-2.639787
3435.554
122.5616
-3399.205
1.2
LinkTagNAnd
0
-1.300001
0
3810.974
259.1044
-3420.006
1.0
FldObj_CliffDeathMt_END_D_27_Far
3.089882
-0.2552287
-2.904603
3096.022
276.6408
-3726.883
1.0
LinkTagAnd
0
-1.539999
0
3572.828
208.411
-3047.431
1.0
Area
3.114391
0.7007574
3.061277
3455.671
315.0382
-3581.855
3
FldObj_KorokStartingBlock_A_01
2.986782
-1.057807
-3.041806
3170.782
136.757
-3317.519
1.0
FldObj_FissureValley_A_06_Far
0.2171094
-0.3895383
0.1462701
3325.432
115.6669
-3547.286
1.0
LinkTagAnd
0
1.16
0
3779.508
277.9236
-3361.061
1.0
FldObj_FissureValleyPillar_A_04
0
-2.843185
0
3205.221
59.85278
-3374.836
1.0
ActorObserverTag
0.05863729
0.000185295
-0.006318219
3329.106
311.925
-3590.914
1.0
FldObj_CliffDeathMt_D_08_Far
0.3
-0.9399999
0
3164.317
168.5731
-3146.768
1.0
LinkTagOr
0
1.329888
0
3350.222
177.5276
-3080.325
1.0
FldObj_CliffDeathMt_D_11
0
1.961593
0
3171.728
207.6668
-3051.327
1.0
LinkTagOr
0
-2.043185
0
3152.367
172.6656
-3327.903
1.0
SwitchTimeLag
-1.570796
-1.300001
0
3814.39
258.355
-3420.54
0.5
LinkTagAnd
0
0
0
3634.5
308
-3519.5
1.0
LinkTagAnd
0
0
0
3636
312
-3519.5
1.0
FldObj_FissureValleyEye_A_01
0
0
0
3255.174
83.16923
-3448.091
1.0
LinkTagNone
0
0
0
3378.86
331.3503
-3657.523
1.0
FldObj_FissureValleyPillar_A_04
0
1.601593
0
3277.408
72.25122
-3356.951
1.0
Obj_Plant_KorokColor_A_01
0
-0.4600006
0
3804.213
256.7293
-3422.337
1.0
FldObj_AkkarePlant_A_01
0
0.6093227
0
3304.639
25.60938
-3499.812
0.9668131
LinkTagAnd
0
0
0
3783.262
276.1971
-3360.048
1.0
Obj_Plant_KorokColor_A_01
0
-1.038201
0
3814.091
256.355
-3424.608
1.05
FldObj_FissureValley_A_04_Far
0.2591334
-0.571726
-0.01102544
3571.401
155.9811
-3287.878
1.0
FldObj_CliffDeathMt_D_10_Far
2.101593
0.6415959
-3.141592
3451.261
299.8508
-3568.43
1.0
Obj_LiftRockWhite_A_01
0.3279549
0.002798126
-0.01691048
3496.161
255.8337
-3374.329
1.0
FldObj_CliffAkkare_A_05
-3.06122
1.12585
3.113896
3929.7
264.377
-3113.749
1.0
TBox_Field_Wood
-0.01914282
-0.2923942
0.01067408
3377.242
331.3585
-3661.082
1.0
FldObj_AkkarePlant_A_01
0
0.3130708
0
3361.024
45.67188
-3438.034
0.4813214
FldObj_FissureValleyPillar_A_04_Far
0
1.34
0
3243.432
57.02466
-3376.34
1.0
FldObj_AkkarePlantSet_A_01
0
3.103185
0
3376.707
62.63032
-3398.035
1.0
LinkTagAnd
0
-0.4600006
0
3807.797
256.7293
-3420.561
1.0
LinkTagOr
0
-1.300001
0
3813.855
256.355
-3422.467
1.0
Obj_LiftRockWhite_A_01
3.114391
0.7007574
3.061277
3455.609
314.0403
-3581.876
1.0
FldObj_AkkarePlant_A_01
0
0.9965326
0
3385.374
20.75781
-3417.75
0.9935018
FldObj_CliffAkkare_A_05
0.07718188
-0.4739052
-0.1464807
3777.321
276.2582
-3375.624
1.0
FldObj_CliffAkkare_A_05
2.730969
1.165189
2.867437
3874.809
216.6534
-3022.874
1.0
PosAfterDemoSkip
0
0.3836691
0
3321.982
298.686
-3426.846
1.0
AnchorAction1
0
0.1553492
0
3244.599
82.62682
-3448.809
1.0
FldObj_AkkarePlant_A_01
0
1.904053
0
3233.485
32.61719
-3383.226
0.7699634
CollaboShootingStarArea
0
0.26
0
3321
300.0859
-3429
1.0
LinkTagAnd
0.02241184
0.0007378393
-0.06581718
3178.648
178.9349
-3073.61
1.0
FldObj_FissureValley_A_04_Far
2.078007
1.519832
1.822088
3110.73
145.8808
-3276.226
1.0
FldObj_AkkarePlant_A_01
0
1.55084
0
3354.132
25.60938
-3401.062
0.9535161
FldObj_CliffDeathMt_D_11
2.901593
1.301593
3.141593
3087.981
171.1389
-3258.892
1.0
FldObj_AkkarePlant_A_01
0
-2.508104
0
3223.19
45.67188
-3378.891
0.511749
KorokAnswerResponce
0.05863729
0.000185295
-0.006318219
3326.332
312.9077
-3588.819
1.0
FldObj_AkkarePlant_A_01
0
0.3701807
0
3319.76
20.75781
-3498.339
0.9927846
FldObj_CliffDeathMt_D_11_Far
3.066553
-0.3857293
3.118507
3078.345
284.0858
-3665.779
1.0
FldObj_CliffDeathMt_D_10
-1.8862
1.148578
-1.649759
2947.56
337.5628
-3373.352
1.0
FldObj_RuinGuardian_A_Dynamic
0.002620332
-1.177046E-05
-0.0009054164
3542.586
307.4113
-3545.061
1.0
FldObj_AkkarePlant_A_01
0
3.083783
0
3265.632
20.75781
-3483.722
0.9731497
Area
0
3.045262
0
3323.013
302.6763
-3423.861
16.72459
FldObj_AkkarePlant_A_01
0
-0.6990175
0
3251.19
24.03906
-3501.98
0.9706926
FldObj_RockAkkare_A_01
0
0
0
3933.15
240.6647
-3346.691
1.0
Obj_LiftRockWhite_A_01
-0.0608505
-0.001136856
-0.03734964
3369.329
325.3779
-3651.481
1.0
FldObj_AkkarePlant_A_01
0
1.979418
0
3283.308
45.67188
-3368.832
0.4912912
FldObj_AkkarePlant_A_01
0
0.8009825
0
3302.675
24.03906
-3481.285
0.9706926
FldObj_CliffDeathMt_F_02_Far
0
2.42
0
3461.365
177.2755
-2950.599
1.0
FldObj_FissureValleyPillar_A_04
0
1.34
0
3265.631
57.02466
-3522.293
1.0
FldObj_AkkarePlantSet_A_01
0
-0.4168149
0
3383.176
62.63032
-3449.035
1.0
FldObj_CliffDeathMt_D_27
-2.637258
1.244396
-1.916275
2907.02
523.9573
-3114.363
1.0
LinkTagOr
0.05863729
0.000185295
-0.006318219
3328.113
312.9296
-3590.855
1.0
FldObj_CliffDeathMt_D_10
-0.1814502
1.152718
-0.1981256
2988.118
306.2817
-3471.111
1.0
Enemy_Wizzrobe_Fire
0
0
0
3683.5
296
-3481
1.0
FldObj_FissureValleyPillar_A_04
0
3.000001
0
3237.264
54.37622
-3336.656
1.0
LinkTagOr
3.082955
-0.0001852077
3.135275
3326.479
312.3093
-3589.061
1.0
FldObj_AkkarePlantSet_A_01
0
0.9831851
0
3336.887
62.63032
-3475.035
1.0
FldObj_CliffDeathMt_D_15
-1.098441
-0.3216415
0.6127891
3305.607
326.2197
-3752.448
1.0
AnchorAction2
0
-2.984652
0
3244.599
82.62682
-3448.809
1.0
FldObj_AkkarePlant_A_01
0
3.430636
0
3372.585
32.61719
-3429.033
0.7944139
FldObj_CliffDeathMt_D_04_Far
0.5199999
-0.5400008
0
3258.811
198.7401
-3594.63
1.0
FldObj_FissureValley_A_02_Far
-0.09999999
0
0
3482.335
128.5477
-3043.186
1.0
FldObj_FissureValley_A_06
0.001598494
0.01993589
0.08001593
3419.016
152.7753
-3278.396
1.0
FldObj_CliffDeathMt_C_08
-3.04462
0.6721389
3.069216
3453.808
248.8298
-3664.33
1.0
FldObj_CliffAkkareEnd_B_02
-0.0678751
0.3214683
0.1070609
3239.482
320.6702
-3761.778
1.0
LinkTagAnd
0
0
0
3634
305
-3520.5
1.0
LinkTagAnd
0
0
0
3320.359
298.6862
-3425.257
1.0
FldObj_CliffDeathMt_D_11_Far
0
1.961593
0
3171.728
207.6668
-3051.327
1.0
DragonDropItemTarget
0
0
0
3427.622
324.5618
-3726.067
1.0
LinkTagOr
0
2.923182
0
3801.314
255.6583
-3404.861
1.0
Obj_Plant_KorokColor_A_01
0
2.661383
0
3803.847
255.6583
-3404.504
1.05
FldObj_AkkarePlant_A_01
0
2.555082
0
3223.55
45.67188
-3403.399
0.511749
FldObj_FissureValley_A_06
2.343199
1.154563
2.338184
3217.27
89.99091
-3214.905
1.0
SwitchTimeLag
-1.570796
1.16
0
3783.262
278.1971
-3360.048
0.5
LinkTagOr
0.02656309
-0.003626793
0.2713765
3998.678
297.0848
-3146.47
1.0
Enemy_Bokoblin_Senior
0
1.563185
0
3379.653
329.0261
-3670.298
1.0
FldObj_PushRock_Korok
-0.3632287
1.327455
-0.3066321
4013.246
303.4781
-3210.98
0.8
LinkTagAnd
0
0
0
3328.844
314.8884
-3588.703
1.0
FldObj_CliffDeathMt_D_27
-0.1958525
1.521508
0.3042951
2984.165
306.2561
-3357.418
1.0
LinkTagOr
0
1.543187
0
3800.852
255.8912
-3419.047
1.0
Obj_TreeConiferous_A_03
0
0
0
3356.25
159.7706
-3107.8
1.0
LinkTagNAnd
0
1.543187
0
3798.797
258.8912
-3417.103
1.0
FldObj_FissureValley_A_06_Far
-0.7754059
-1.415054
1.053654
3419.018
153.8231
-3466.2
1.0
FldObj_CliffDeathMt_C_08_Far
-3.04462
0.6721389
3.069216
3453.808
248.8298
-3664.33
1.0
EventTag
0
0
0
3633.5
307.5
-3519.5
1.0
LinkTagOr
0.02656309
-0.003626793
0.2713765
3998.946
296.1218
-3146.496
1.0
FldObj_WorldEnd_A_03
0.06695445
-0.4894359
0.1443176
3845.103
19.53603
-3469.504
1.0
Area
0
2.44
0
3455.609
314.57
-3581.876
0.8567281
Area
0
0
0
3178.976
176.864
-3073.668
0.557
FldObj_CliffDeathMt_D_27
-2.942172
1.169906
-2.471488
3024.945
335.1272
-3175.148
1.0
Obj_Plant_IvyBurn_A_01
2.932363
1.23077
-2.907468
3993.297
291.5963
-3146.391
1.0
Obj_Plant_IvyBurn_A_01
-2.769058
-0.6188252
2.949208
3997.948
293.1253
-3147.465
1.0
Area
0
0.4400001
0
3322.594
299.3125
-3423.125
16
Obj_TreeConiferous_A_03
0
0
0
3346.911
173.557
-3019.152
1.0
FldObj_FissureValleyPillar_A_04_Far
0
1.601593
0
3242.71
71.44653
-3518.938
1.0
FldObj_CliffDeathMt_D_27_Far
-0.1766147
1.01093
-0.03040725
3076.308
305.0898
-3527.111
1.0
LinkTagAnd
0
0
0
3496.161
258.7852
-3372.829
1.0
LinkTagOr
0
-1.799998
0
3167.934
138.7517
-3318.164
1.0
FldObj_AkkarePlant_A_01
0
1.631845
0
3322.912
32.61719
-3458.313
0.7898663
FldObj_CliffAkkare_A_05
-2.781236
0.8940565
-2.720663
3910.956
267.7403
-3206.123
1.0
FldObj_CliffAkkare_A_05_Far
3.037194
0.9027201
3.056332
3681.536
236.5583
-3265.762
1.0
DestinationAnchor
0
-0.1399295
0
3320.499
298.686
-3426.247
1.0
FldObj_FissureValleyPond_A_01
0
0
0
3311.826
84.13257
-3522.513
1.0
FldObj_CliffDeathMt_D_11
0.3091148
-0.7963504
-0.1237126
3525.681
212.9738
-3349.745
1.0
FldObj_FissureValleyPillar_A_04_Far
0
1.601593
0
3277.408
72.25122
-3356.951
1.0
FldObj_FissureValley_A_01
-0.1215955
0.2961944
-0.065382
3181.512
110.1473
-3308.542
1.0
DragonDropItemTarget
0
0
0
3233.823
328.4945
-3782.066
1.0
Dm_Locator
0
0.18
0
3244.313
82.59037
-3451.519
1.0
FldObj_KorokGoal_A_01
0
1.098408
0
3152.594
168.1656
-3328.348
1.0
FldObj_FissureValley_A_06
0
0.8399998
0
3199.787
108.3107
-3500.79
1.0
FldObj_CliffAkkareEnd_B_02_Far
0.1337106
-1.019744
-0.07125081
3619.171
299.0883
-3544.762
1.0
