UnitConfigName/__text
Rotate/value/0
Rotate/value/1
Rotate/value/2
Translate/value/0
Translate/value/1
Translate/value/2
_Scale
Animal_Bull_A
0
0.8600001
0
3452.741
156.815
433.159
1.0
Animal_LittleBird_F
0
0
0
3913.986
130.3846
713.6713
1.0
Obj_TreeConiferous_C_03
0
-1.3
0
3845.103
152.7241
357.405
1.0
Obj_TreeConiferous_C_03
0
2.303185
0
3815.749
149.2975
386.08
1.0
Animal_Doe_A
0
1.94
0
3705.101
321.2896
275.7146
1.0
Obj_Plant_CypressLow_A_01
0.5844268
1.394119
0.4667768
3668.5
113.0915
481.7734
1.046875
EnvSeEmitPointBirdWet
-1.839111
0.5211182
-1.264282
3354.461
128.4414
516.3516
1.0
Obj_TreeConiferous_C_01
0
-1.88
0
3939.792
142.7545
379.4815
1.0
Obj_Plant_Shrub_A_01
0.21697
-0.5713834
0.3873171
3491.691
207.531
77.08984
1.036133
Obj_MineralBury_A_01
1.547516
0.3458876
2.647372
3149
258.8003
155
1.0
Area
0
0
0
3243
330
69.5
40
Obj_MineralGrain_A_04
0.06286386
-0.3608877
0.3576865
3461.56
115.5808
896.6952
1.0
FldObj_RockBeach_A_M_04
0
-0.1599967
0
3419.405
93.16242
941.4891
1.0
FldObj_RockZora_A_L_02
-0.54
0
0
3070.744
239.7772
95.97955
1.2
Item_Plant_B
0
0.0001937315
0
3436.644
181.8852
288.0025
1.0
FldObj_EnemyTrace_Garbage_A_01
0
0
0
3141.888
116.9735
473.1848
1.0
Obj_Plant_HopBush_A_01
-0.2186412
-0.01053223
-0.09588588
3222.455
124.3145
577.2997
0.9
EnvSeEmitPointBirdWet
-2.295654
1.285522
-2.24707
3059.945
250.2734
89.89063
1.0
Item_Mushroom_D
-2.070313
0.2974854
-2.742188
3169.16
267.1367
912.8086
1.0
Item_Plant_I
0
0
0
3332.2
368.8203
35.67972
1.0
Obj_Plant_HopBush_C_Snow_01
0.2714778
1.103781
0.4470492
3921.168
417.343
962.7305
0.944336
Animal_Doe_A
0
-1.570796
0
3139.5
252.319
243.5
1.0
Obj_TreeConiferous_A_01
0
1.3
0
3507.448
251.2312
375.1694
1.0
Obj_TreeZoraLow_A_01
0
-0.2411799
0
3650.005
311.8255
317.8828
1.0
Animal_Insect_K
0
0
0
3831.244
106.0595
674.0782
1.0
FldObj_RockBeachLump_A_L_01
-0.08057697
0.1196144
-0.009635761
3960.026
107.1573
466.1105
1.0
Obj_LiftRockWhite_Korok_A_01
0
-2.399998
0
3267.933
105.6513
658.4913
1.0
Obj_Mineral_A_01
0.2208341
-0.01154267
0.1040191
3122.722
213.8518
56.6012
1.0
Obj_Plant_CypressLow_A_01
-2.019462
-0.9762848
2.122673
3381.506
120.6353
989.0081
1.0
FldObj_RockZoraSet_A_01
-0.4147414
1.012636
-0.06645177
3072.036
229.2483
77.97705
1.0
FldObj_ArtifactZoraCandlestick_A_01
0
-1.76
0
3099.52
237.0103
66.32339
1.0
Item_FishGet_E
-0.04214237
0.0006596139
0.03129686
3219.462
334.5181
81.66547
1.0
Obj_Plant_HopBush_A_01
0
0.453125
0
3642.426
122.9182
474.3516
1.012207
Obj_MineralBury_A_01
-0.1581031
-0.0205522
-0.2580112
3045.665
248.2937
87.34253
1.0
Obj_TreeConiferous_A_01
0
0
0
3154.334
296.4391
74.84961
1.0
FldObj_RockBeachLump_A_L_01
0
0.48
0
3557.343
108.0175
616.9485
1.0
Animal_Fox_A
0
-0.8199999
0
3612.948
335.1088
248.735
1.0
FldObj_RockZoraSet_A_01
0.1248183
0.7290791
0.5205457
3873.999
364.4621
114.5097
1.3
Obj_Plant_Shrub_A_01
-0.1828116
-0.1605877
0.3697697
3148.164
296.972
84.51563
0.906738
Obj_LiftRockWhite_Korok_A_01
0
-2.080001
0
3955.627
105.8601
696.1421
1.0
TBox_Field_Iron
-0.7446867
-0.2754868
0.4270889
3518.865
257.5112
264.3376
1.0
Obj_MineralGrain_A_04
0.2287113
0.4217084
-0.4964671
3524.871
161.8076
570.5054
1.0
Obj_Plant_CypressLow_A_02
-0.548931
1.177393
-0.5138362
3548.734
117.9639
525.6094
1.016113
FireWoodDie
0
0
0
3201.376
106.314
655.562
1.0
Animal_Fish_K
0.01493882
0.001245061
-0.1663006
3726.933
105.4311
625.3607
1.0
FldObj_RockBeach_A_M_02
0
-0.3200001
0
4034.653
100.8751
708.2269
1.0
Obj_Mineral_C_01
0.5607156
-0.8794141
-0.3393532
3817.74
301.698
295.9267
1.0
FldObj_RockZoraSet_A_01
0.1999998
-0.6000001
0
3191.445
272.2059
151.873
1.1
Obj_Plant_Shrub_A_02
-0.008556639
0.001010434
0.2350827
3242.962
335.0617
42.02515
1.0
Obj_Plant_CypressLow_A_02
0.04277255
0.00165242
-0.07721531
3215.732
125.8594
592.5335
0.9
FldObj_RockBeachLump_A_M_01
3.022514
0.7541063
3.042484
3945.695
135.3607
309.5006
1.0
Pot
-0.0006213209
0.006086507
-0.003732308
3221.256
333.0698
95.91459
1.0
EnvSeEmitPointBirdWet
0.1898193
-1.166382
0.01733398
3389.027
315.3242
82.1875
1.0
Obj_Plant_CypressLow_A_02
0.3632371
1.020916
0.2095402
3429.305
140.6447
546.3359
0.912598
EnvSeEmitPointInsectTemperate
3.141479
-0.2902832
3.141479
3027.836
160.3984
558.1367
1.0
Obj_TreeConiferous_C_02
0
2.243184
0
3902.914
137.6588
412.1671
1.1
Obj_Plant_Shrub_A_01
1.192122
1.18254
0.9163956
3791.301
385.5783
117.793
0.981445
Item_Mushroom_D
-2.149292
-0.01196289
3.099487
3899.02
171.9727
731.5469
1.0
FldObj_RockZoraSet_A_03
1.012979
1.344485
-0.0481822
3098.445
234.3846
81.47003
1.0
Obj_MineralGrain_A_04
0.118077
0.3403722
0.0360062
2913.843
362.9073
174.5399
1.0
Obj_LiftRockWhite_Korok_A_01
0
1.559999
0
3382.852
119.408
986.3027
1.0
Obj_Plant_Shrub_A_02
-0.1334248
0.0003586537
0.005368099
3176.345
263.575
60.97485
1.0
FldObj_RockBeach_A_S_02
0
0.5599999
-0.14
3736.029
105.7395
620.9427
1.0
Obj_LiftRockWhite_Korok_A_01
0
2.663182
0
3955.409
106.0019
697.7218
1.0
FldObj_RockZora_A_L_02
0
2.481593
0
3128.413
241.3482
206.0588
1.0
Obj_Plant_Shrub_A_01
-0.1196548
-0.004339507
-0.07241651
3175.586
263.2888
58.43359
1.0
FldObj_RockZoraSet_A_03
0.04182547
-0.712671
-0.568396
3178.586
287.4606
140.7137
1.0
FldObj_RockBeachLump_A_L_01
2.959509
0.4230137
-2.958854
3939.13
136.5117
358.4777
1.0
FldObj_ArtifactZoraCandlestick_A_01
0
-0.26
0
3389.386
314.776
50.13385
1.0
EnvSeEmitPointBirdWet
-0.293457
0.3796386
-0.272583
3124.543
256.6875
220.3555
1.0
FldObj_RockBeachLump_A_L_01
0.5860761
-0.8915566
-0.7063897
3772.277
125.4321
409.1046
1.0
FldObj_RockBeach_A_S_02
0
2.899999
0
3529.499
105.4763
824.834
1.0
Animal_Fish_K
2.302406
1.199515
2.553013
3213.018
106.0633
676.7293
1.0
EnvSeEmitPointBirdWet
3.141479
-1.56665
3.141479
3961.41
151.7422
416.6055
1.0
FldObj_RockBeach_A_S_02
0
-1.34
0
3742.795
105.43
567.7028
1.0
Obj_Plant_Shrub_A_01
0.8362287
1.368785
0.869365
3161.605
298.061
87.88672
0.849609
FldObj_TravelerTrace_Mark_A_01
0.06521701
0.008523152
-0.2598117
3213.5
334.3672
73.5
1.0
EnvSeEmitPointInsectTemperate
0
0.04760742
0
3358.793
119.4805
569.9648
1.0
FldObj_RockZora_A_L_03
3.122676
0.3767661
-2.6877
3277.867
351.0444
48.02393
1.0
FldObj_Puddle_A_01
0
0
0
3229.594
332.6121
46.57483
1.0
Item_Mushroom_D
-1.77063
-0.08410644
2.743896
2982.289
138.3359
478.3203
1.0
Obj_TreeConiferous_A_01
0
1.28
0
3130.439
253.9014
252.5085
1.0
Barrel
-0.0207927
-0.009465014
0.01341714
3222.275
333.1105
95.69608
1.0
Obj_Plant_CypressLow_A_02
-0.117005
-0.7521775
-0.0355126
3144.684
128.5975
537.9843
0.9607202
Obj_TreeBroadleafLow_A_02
0
-0.9
0
3411.336
126.0751
599.3497
1.0
Obj_TreeConiferous_C_03
0
-1.74001
0
3761.872
146.1508
356.5961
1.0
EnvSeEmitPointInsectTemperate
-1.101929
1.469482
-0.880371
3515.43
125.0156
512.5859
1.0
Animal_Insect_Z
0
0
0
3097.396
237.2122
64.67981
1.0
Obj_Plant_HopBush_A_02
0
0
0
3220.952
125.7285
595.6972
0.98
Obj_MineralBury_A_01
-1.759873
-0.5529025
2.680328
3129.795
221.7988
703.4786
1.0
FldObj_EnemyLookout_B_01
0
-1.459997
0
3605.339
308.7699
319.7404
1.0
Item_Mushroom_A
0.191056
-0.008823792
0.09202281
3202.5
275.3769
107
1.0
Obj_LiftRockWhite_Korok_A_01
-3.001593
0.4015923
3.141593
3386.267
119.0811
982.9652
1.0
Obj_Plant_HopBush_A_02
0
-0.2332495
0
3148.988
127.7753
531.3083
0.95
FldObj_RockBeachLump_A_M_01
0.305147
0.1465953
-0.04332848
3945.075
137.8581
292.1761
1.0
Obj_Plant_Shrub_A_02
0.1242646
-0.02706876
0.428448
3263.508
341.6118
43.37885
1.0
EnvSeEmitPointInsectTemperate
3.141479
-0.9918212
3.141479
3051.512
237.4453
76.00781
1.0
FldObj_RockZoraSet_A_01
0
-2.22
0
3143.091
212.4675
54.55954
1.0
Obj_TreeConiferous_A_01
0
1.224809
0
3476.403
341.8827
30.83383
1.0
Obj_Plant_CypressLow_A_01
0.1177213
-0.4888308
-0.2935386
3667.352
112.9001
487.4492
1.020996
Obj_Plant_CypressLow_A_01
-0.615819
1.152505
-0.457944
3150.161
119.2235
487.8973
1.0
Obj_LiftRockWhite_Korok_A_01
0
-1.619998
0
3273.756
105.6513
655.3724
1.0
Animal_WildGoat_A
0
0
0
3837.72
134.9485
723.1854
1.0
Animal_Fish_G
0
-0.5
0
3880.055
104.8976
563.8726
1.0
Obj_LiftRockWhite_Korok_A_01
0
-1.380001
0
3950.745
105.7868
692.2723
1.0
FldObj_RockZoraSet_A_01
-0.4199999
-1.46
1.019289E-17
3351.037
359.1219
12.4895
0.8
FldObj_RockBeachLump_A_M_01
2.823957
1.202352
2.802764
4162.093
106.1353
854.5082
1.0
Obj_Plant_Shrub_A_01
-0.38742
-0.6002345
0.5094712
3142.535
292.8339
78.21875
0.972656
Obj_TreeConiferous_A_01
0
1.78
0
3153.132
250.5102
241.3316
1.0
Obj_MineralBury_A_01
2.676339
0.7440335
2.900816
2912
363.3097
308.5
1.0
EnvSeEmitPointBirdWet
-0.08068847
0.6280518
0.28125
3985.555
154.6523
383.6953
1.0
Obj_BarrelOld_A_01
0.004059509
-0.0002973062
-0.02801374
3348.492
118.1668
488.1999
1.0
Obj_MineralGrain_A_04
1.868224
1.135837
2.068104
3421.33
317.2873
85.20178
1.0
Item_Mushroom_D
-1.513672
-0.9835204
2.650024
3641.395
115.9297
765.9414
1.0
Obj_Plant_CypressLow_A_02
0
0.2293425
0
3226.314
125.8466
594.2591
0.9607203
Obj_Plant_HopBush_A_02
0.05765376
0.5943565
-0.1526475
3639.176
123.4778
483.6445
1.081543
Obj_TreeConiferous_A_01
0
5.641814
0
3151.101
298.0073
88.66406
1.0
Obj_TreeConiferous_C_03
0
1.200004
0
3908.721
135.6688
434.2245
1.0
Item_Mushroom_J
-2.80333
-0.7292471
-2.951437
3193.01
311.1429
86.71002
1.0
Obj_TreeConiferous_A_01
0
0.54
0
3518.754
251.1362
374.1097
1.0
Obj_Plant_Shrub_A_02
0
0.4066162
0
3156.551
297.9331
85.69922
0.971191
Item_Mushroom_J
0
0.6600003
0.38
3200.442
328.529
77.41116
1.0
BarrelBomb2
-3.140968
-0.8415955
3.137795
3630.964
309.5033
315.9837
1.0
Obj_Plant_Shrub_A_02
-1.251706
1.39609
-1.061305
3345.533
363.527
12.97903
1.0
Obj_Plant_HopBush_A_01
-0.05320859
1.155185
0.03673913
3351.031
119.1393
569.8594
0.949707
Item_Plant_I
0.0900014
-0.009096711
0.06834771
3695.231
131.341
427.1604
1.0
Obj_Plant_HopBush_A_02
-0.1447478
0.7388593
-0.1475014
3223.758
125.3121
584.4737
0.95
TBox_Field_Iron
0.09013721
0.2467281
-0.02783578
3701.113
102.516
652.5584
1.0
Weapon_Sword_001
-3.141593
-1.390796
-1.570796
3225
333.5
60.5
1.0
Item_Plant_A
0.004542914
0.4597194
0.1376232
3787.439
337.2263
216.3551
1.0
Item_Mushroom_J
3.141479
1.563721
3.141479
3131.434
278.5678
134.3164
1.0
Obj_MineralGrain_A_04
0.2640446
0.5451951
0.2399308
3807.088
299.3214
300.2285
1.0
Obj_Mineral_A_01
-2.990788
-0.7766279
-3.124693
3078.867
269.441
123.932
1.0
Animal_Fox_A
0
-0.22
0
3653.814
326.6714
276.1603
1.0
FldObj_RockZoraSet_A_02
0
0
0.32
3070.368
237.4134
89.10718
1.1
Obj_Plant_CypressLow_A_01
-0.3246012
1.296271
-0.5442696
3059.083
149.5732
539.6887
1.0
Item_Mushroom_D
-1.659723
-1.361143
3.050201
3201.186
298.6398
83.13867
1.0
FldObj_RockBeachLump_A_L_01
0
2.299999
0
3583.617
125.6715
553.1318
1.0
FldObj_EnemyLookout_B_01
0
2.452951
0
3959.68
143.3734
393.2721
1.0
Obj_TreeBroadleafLow_A_01
0
0
0
3149.74
127.1883
521.0236
1.0
Obj_LiftRockWhite_Korok_A_01
0
-2.363185
0
3384.583
118.2123
980.1261
1.0
Obj_Mineral_A_01
0.1461975
0.007533867
-0.1027921
3065
279.2842
117.5
1.0
Item_Mushroom_D
-2.19873
-0.1538086
2.897705
3783.324
200.418
790.1094
1.0
Obj_TreeConiferous_A_01
0
0.84
0
3526.197
252.7491
338.8986
1.0
Obj_Plant_CypressLow_A_02
0.02678018
-0.2818453
-0.3623993
3137.239
128.0851
589.275
0.9236203
FldObj_RockBeachLump_A_M_01
-0.0796748
-0.07936868
0.01592753
3777.551
105.8458
697.9188
1.0
Obj_Plant_HopBush_C_Snow_01
-0.1131656
-0.9858407
0.2965016
3868.563
404.4111
953.7656
0.958984
Obj_Mineral_C_01
-1.030796
-1.310797
1.450797
3518.6
124.1
542
1.0
Obj_MineralBury_A_01
1.940603
1.239096
2.249571
3460.523
114.9076
899.2548
1.0
Obj_TreeConiferous_A_01_Trunk
-0.002839364
-0.08810002
-1.553726
3522.535
251.6593
379.7227
1.0
EnvSeEmitPointBirdWet
3.141479
-0.1594238
3.141479
3162.57
253.4766
186.2773
1.0
Obj_LiftRockWhite_Korok_A_01
0
-0.7999982
0
3272.522
105.6513
654.2896
1.0
Obj_Plant_HopBush_A_01
0.1546805
-1.232483
0.03985915
3363.742
120.1234
575.9844
1.042969
FldObj_ArtifactZoraCandlestick_A_01
0
0
0
3232.503
329.7965
74.39642
1.0
Obj_TreeConiferous_A_01
0
-1.66
0
3003.667
239.8274
65.00336
1.0
Obj_Plant_HopBush_A_01
-0.2433179
-1.256366
0.2130534
3148.985
128.0572
535.1018
1.0
Item_Plant_I
0
0
0
3650.289
285.0838
360.3599
1.0
Obj_TreeConiferous_A_02
0
1.42
0
3510.292
266.6021
293.7343
1.0
Item_Mushroom_J
0
5.224175
0
3199.462
329.8481
62.13184
1.0
FldObj_RockZoraSet_A_01
0
-0.2800001
0
3439.234
346.8821
35.44513
1.0
Animal_Fish_K
0
0
0
3967.611
106.2712
699.0111
1.0
Animal_LittleBird_F
0
0
0
3912.872
132.5768
714.7106
1.0
Obj_MineralGrain_A_04
0.8122402
-0.4293357
0.9384786
2914.692
376.4568
172.5452
1.0
EnvSeEmitPointInsectTemperate
-0.1688232
0.08227538
0.312622
3146.328
293.0156
73.66797
1.0
Obj_Plant_CypressLow_A_02
1.583657
-1.3994
-1.329148
3767.832
142.3369
371.1406
1.014648
FldObj_RockZoraCliff_B_02
-3.001539
-0.4832537
2.847026
3223
338.5
102
1.0
Item_Mushroom_J
3.141479
-0.5045165
3.141479
3664.109
110.7071
536.3242
1.0
Obj_TreeConiferous_C_01
0
0
0
3654.942
113.3593
548.8235
1.0
Obj_MineralBury_A_01
0.620556
0.2378707
-0.7135001
3516.4
123.7
517.5
1.0
Item_Mushroom_J
3.141479
-0.5639648
3.141479
3228.094
234.7785
903.8789
1.0
Obj_BreakBoxIron
0.1615933
0.006218025
0.0005255857
3225.04
334.2543
87.5742
1.0
Item_Mushroom_E
0.3714744
0.03841798
-0.2037735
3233
282.3942
167.5
1.0
FldObj_RockZoraSet_A_02
-0.3
-0.4600001
0
3037.1
285.4833
355.6108
1.0
Obj_RockGray_A_L_02
0
0
0
3449.751
134.658
583.8166
1.0
Obj_TreeConiferous_A_01
0
-1.4
0
3414.859
342.0706
50.57834
1.0
Item_Mushroom_J
0
2.951771
0
3199.583
329.6889
60.60242
1.0
FldObj_RockZoraSet_A_01
-0.2447113
-0.2369531
0.1003963
3416.548
340.9944
37.85938
1.0
Obj_TreeConiferous_A_02
0
1.76
0
3009.413
239.5559
67.57053
1.0
Obj_Plant_HopBush_A_02
-0.06739553
-0.7941115
0.173742
3362.047
119.8723
578.2148
0.914063
EnvSeEmitPointInsectTemperate
2.838867
-0.9700927
3.083496
3604.742
121.7461
593.0938
1.0
FldObj_RockBeach_A_S_02
0
0.5399999
0
3699.785
105.607
637.092
1.0
Obj_TreeConiferous_A_01
0
0
0
3134.698
244.8492
217.5741
1.0
EnvSeEmitPointBirdWet
0.8262939
0.930664
0.5574951
3741.742
129.832
411.4688
1.0
Animal_Insect_A
0
0
0
3079.168
237.5176
68.60437
1.0
Obj_Plant_HopBush_A_01
-0.1603917
-0.2864992
-0.02782773
3227.055
125.497
587.9876
1.0
TBox_Field_Iron
0.2495176
0.01096717
-0.05241435
3633.434
103.5469
663.7729
1.0
Obj_Plant_CypressLow_A_01
0.2160902
-0.6419786
-0.3585459
3654.344
120.6957
471.4727
0.898438
Obj_MineralBury_A_01
0.3175215
0.2601118
-1.369936
3082.728
272.3965
285.5664
1.0
FldObj_RockZoraSet_A_01
0
-1.64
0
3206.261
257.7075
11.88654
1.0
Obj_TreeZoraLow_B_02
0
0.5800001
0
3608.022
312.1629
299.4585
1.0
Obj_MineralGrain_A_02
2.715075
1.06327
2.572474
3121.965
222.5106
699.6287
1.0
EnvSeEmitPointBirdWet
3.141479
-1.475464
3.141479
3639.711
132.0703
458.2188
1.0
Area
0
0
0
3955.827
143.3734
400.0946
100
Obj_Plant_Shrub_A_02
-1.132276
1.175967
-1.167007
3643.688
337.0458
255.3945
0.979492
Obj_MineralGrain_A_04
0.2447255
-0.02578179
0.2088957
3130.159
221.6938
701.5604
1.0
Obj_MineralBury_A_01
0.0635608
-0.002631778
0.0827363
3420.494
317.0724
85.60648
1.0
Animal_LittleBird_F
0
0
0
3775.78
113.8316
714.7727
1.0
Obj_TreeConiferous_A_01_Trunk
1.915661
-0.06675968
1.710969
3540.22
252.5406
362.8345
1.0
GrassCutTag
0
0
0
3529
251.5655
383
1.0
Enemy_Wizzrobe_Electric
0
0
0
3231.5
333
43.5
1.0
Obj_LiftRockWhite_Korok_A_01
0
-0.7600011
0
3949.714
106.5164
699.2286
1.0
Obj_Mineral_A_01
-3.04217
-0.5693473
-2.874289
3504.2
129.2
521.4
1.0
Obj_Plant_Shrub_A_02
0
-1.403442
0
3164.477
297.9491
91.55859
0.881836
Item_Mushroom_E
3.141479
-1.395874
3.141479
3430.027
342.1808
57.04297
1.0
Obj_Plant_CypressLow_A_01
1.324629
1.196078
1.021342
3321.153
121.8692
536.5076
1.062152
FldObj_RockZoraSet_A_01
0.006906792
-0.4095075
0.05778111
3609.79
298.61
347.3959
1.0
Animal_Fox_A
0
0
0
3873.011
366.9098
124.2032
1.0
Obj_TreeConiferous_A_01
0
1.62
0
3142.657
250.3489
238.3016
1.0
Obj_MineralGrain_A_04
1.142497
-0.3723458
0.7827516
3155.028
262.0353
158.588
1.0
EnvSeEmitPointInsectTemperate
0
-0.2288818
0
3422.117
145.6055
517.9453
1.0
Obj_Plant_HopBush_C_Snow_01
-0.07042491
0.01176294
0.129292
3852.191
405.4642
974.5313
1.061523
Obj_Plant_HopBush_A_02
0.5097023
-1.002544
-0.5218818
3438.355
140.7151
546.4688
0.999023
Animal_Fox_A
0
-0.48
0
3805.574
341.5819
175.3436
1.0
Obj_MineralGrain_A_04
2.797941
-0.5665046
3.108108
3817.753
301.2288
296.1604
1.0
Obj_MineralGrain_A_04
1.76791
-1.372683
-1.66826
2917.48
356.836
312.5355
1.0
EnvSeEmitPointBirdWet
0
-0.737915
0
3502.68
268.3945
285.043
1.0
Obj_Plant_CypressLow_A_02
-3.106742
0.1361214
3.09445
3153.384
127.8557
535.9763
1.040755
Obj_TreeConiferous_A_01
0
5.959855
0
3043.322
253.9125
800.236
1.0
Item_Mushroom_J
3.141479
0.3521728
3.141479
3134.891
244.2311
216.5781
1.0
Item_Plant_B
-0.09312204
0.4746972
-0.05523216
3699.496
255.8087
363.4988
1.0
Obj_TreeConiferous_A_01
0
2.42
0
3006.925
239.4917
61.90704
1.0
Item_Plant_I
-0.1250031
-0.7736281
0.01544432
3423.804
177.601
316.9162
1.0
Obj_Mineral_A_01
2.866362
-0.76935
-2.979369
3006
376.992
336.5
1.0
Obj_Plant_Shrub_A_01
0.162005
-0.5650389
0.01919847
3484.289
252.3177
355.9414
0.879883
Animal_LittleBird_F
0
0
0
4010.501
122.7481
723.7804
1.0
Obj_Mineral_B_01
-2.868692
0.5188881
-2.792481
3133.679
214.5564
56.41486
1.0
Obj_Mineral_A_01
0
0
0
3119.467
222.8607
700.4729
1.0
Obj_TreeBroadleafLow_A_01
0
0
0
3111.194
136.465
566.2921
1.0
Item_Mushroom_D
-2.029663
0.1098633
-2.961548
3889.75
157.3945
726.207
1.0
Item_Mushroom_D
-2.143677
0.1939697
3.029663
3987.555
147.5234
735.7383
1.0
Obj_LiftRockWhite_Korok_A_01
0
-2.860002
0
3952.866
106.4086
699.3787
1.0
Obj_TreeConiferous_A_02
0
1.699999
0
3556.537
253.2958
371.713
1.0
Obj_Plant_HopBush_A_01
-0.07558154
-0.007727335
-0.2036735
3062.516
149.0085
547.1877
0.89
FldObj_Puddle_A_01
0
0
0
3360
117.75
409.5
1.0
Obj_Mineral_A_01
-0.3839138
-0.09355471
-0.4727198
2906.545
318.1843
168.9749
1.0
Item_Mushroom_J
3.141479
-0.1595459
3.141479
3515.281
251.4828
378.6758
1.0
Obj_TreeConiferous_A_01
0
1.34
0
3103.509
277.5366
140.048
1.0
Obj_TreeConiferous_A_02
0
0
0
3141.348
254.0142
249.0281
1.0
Animal_Fish_G
0
1.06
0
3841.508
104.8976
542.9585
1.0
Obj_Plant_CypressLow_A_02
0.05740647
-0.2917757
0.1891409
3180.492
129.7133
503.3848
0.9236203
Obj_TreeConiferous_C_02
0
0.5999998
0
3645.208
123.2201
465.274
1.0
Obj_TreeConiferous_A_01
0
2.054102
0
3464.572
343.8073
42.86667
1.0
Obj_Plant_Shrub_A_01
3.072424
0.8765391
2.913602
3213.27
333.1621
90.06287
1.0
Item_Plant_O
-1.800196
-0.9671691
3.077183
3094.521
243.6659
82.27789
1.0
FldObj_RockZoraSet_A_02
0.1700015
-0.3548602
-0.5354996
3254.066
303.2229
118.6896
1.0
Obj_Plant_Shrub_A_01
-0.3824007
0.7216396
-0.2977615
3146.336
253.8605
248.0195
0.959961
Obj_TreeConiferous_A_01
0
0
0
3415.624
342.7537
62.03369
1.0
Obj_Plant_CypressLow_A_01
-0.07748493
0.119217
0.01207571
3128.131
117.3419
486.9273
1.0
Item_Mushroom_D
-2.002197
0.2092285
3.051391
3196.348
266.2148
921.1094
1.0
FldObj_RockBeachLump_A_M_01
0.3690085
-0.08002975
0.4426455
3769.244
134.7322
399.0451
1.0
Obj_LiftRockWhite_Korok_A_01
0
2.32
0
3381.299
117.5585
979.896
1.0
Obj_MineralGrain_A_04
0.8153425
1.152941
0.4851935
3497.008
134.5054
522.8137
1.0
Animal_Fox_A
0
1.1
0
3903.193
379.0435
117.9317
1.0
Animal_Insect_K
0
0
0
3946.37
106.0045
687.2952
1.0
Obj_TreeConiferous_A_01
0
-1.26
0
3540.606
252.7711
356.2958
1.0
FldObj_RockZoraSet_A_01
0
0
0
3825.112
348.3258
141.6392
1.0
Item_Mushroom_A
0.2942204
0.01212778
-0.08179991
3235.5
282.1995
170
1.0
Animal_Insect_A
0
0
0
3078.707
237.414
71.05576
1.0
Obj_TreeZoraLow_A_01
0
0.46
0
3554.918
252.9775
386.2934
1.0
EnvSeEmitPointInsectTemperate
3.141479
-0.7921142
3.141479
3005.496
239.5703
61.01172
1.0
Obj_Plant_HopBush_A_02
0.2798292
-0.05910735
-0.05191671
3642.664
110.066
603.8828
0.969727
EnvSeEmitPointBirdWet
0
-0.55896
0
3981.199
144.3672
317.6602
1.0
Animal_Fish_K
0
0
0
3861.137
105.8589
667.799
1.0
Animal_Fish_G
0
1.78
0
3854.258
104.8976
544.3491
1.0
FldObj_ArtifactZoraCandlestick_A_01
0
-1.76
0
3097.9
237.0103
74.73959
1.0
Obj_TreeBroadleafLow_A_02
0
0
0
3325.96
119.5462
482.9613
1.0
Animal_LittleBird_A
0
1.48
0
3489.594
257.1274
338.4683
1.0
KibakoZora_Contain_01
-0.008661816
-0.006113749
0.02808622
3212.501
334.3434
78.73264
1.0
Obj_Plant_Shrub_A_01
-0.2872036
1.164623
-0.2211388
3142.07
254.294
250.4063
0.956543
Obj_Plant_Shrub_A_02
0.1474244
-0.6479428
-0.2593124
3495.445
255.2588
345.8711
1.020508
FldObj_WaterFallLanayru_A_S_01
-3.001593
-0.7815927
-3.141592
3102.087
269.3102
69.11349
0.8
Obj_TreeZoraLow_B_02
0
0
0
3098.093
236.9216
59.29156
1.0
Item_Mushroom_D
-1.130005
0.987793
-2.443481
2788.734
175.0039
426.3828
1.0
Item_Mushroom_D
-2.293091
0.2355957
2.872559
3747.801
248.3086
843.125
1.0
Obj_Plant_HopBush_A_01
0.06584917
-0.2858566
0.04756144
3179.518
129.1261
508.5767
1.0
Obj_TreeBroadleafLow_A_02
0
-0.4
0
3357.61
118.8362
456.4015
1.0
Animal_Insect_K
0
0
0
3829.239
105.7821
672.5826
1.0
Obj_TreeZoraLow_B_02
0
-1.08
0
3182.437
263.9204
43.54822
1.0
Obj_RockZoraCoral_A_M_01
0
0
0
3641.991
310.7826
316.3799
1.0
Obj_TreeConiferous_A_01
0
1.62
0
3416.26
342.0874
55.9462
1.0
Obj_Plant_HopBush_C_Snow_01
0.1009133
0.6541504
0.3222905
3918.824
417.5569
953.7852
1.043457
Item_Mushroom_J
0
-0.606079
0
3858.957
363.5366
129.4023
1.0
Item_Mushroom_J
0
5.429663
0
3201.792
329.6065
69.12943
1.0
Obj_Plant_HopBush_C_Snow_01
-0.1001547
1.020877
-0.01387011
3878.406
410.7162
1002.055
1.040039
FldObj_RockBeachLump_A_M_01
-0.132103
0.0005852288
-0.1479447
3689.288
106.2574
530.238
1.0
Item_Mushroom_J
-0.6090115
0.5172114
-0.2592581
3194.626
311.6836
85.58344
1.0
Item_Mushroom_J
0
3.895649
0
3198.918
329.8152
61.5741
1.0
Item_Mushroom_D
-2.041626
-0.008300786
3.086792
3890.457
158.707
726.8906
1.0
FldObj_HyrulePrairieRock_A_01
0
0
0
3247.029
124.116
548.9409
1.0
Obj_TreeConiferous_A_02
0
1.68
0
3124.037
249.2556
226.9567
1.0
FldObj_RockZoraCliff_B_02
0
0
0
2965.934
286.1909
357.0858
0.8
Obj_TreeConiferous_C_02
0
1.999999
0
3766.524
148.823
349.8374
1.0
Obj_LiftRockWhite_Korok_A_01
0
-0.919998
0
3269.26
105.6513
659.4699
1.0
Obj_Plant_Shrub_A_02
-0.2235725
-0.4061182
-0.01292276
3647.484
336.386
253.9297
1.015625
FldObj_RockYellowOcher_A_L_02
2.941592
-1.401593
-3.141592
3065.491
250.5452
782.8132
1.0
Obj_Plant_CypressLow_A_02
2.95819
-0.8569573
2.94001
3139.441
127.1022
591.301
1.040755
FldObj_RockZoraSet_A_01
-1.418944
-1.446927
1.320795
3151.69
236.3683
195.9229
1.0
FldObj_RockBeachLump_A_L_01
0.02673246
-0.7311023
-0.1885628
3874.965
113.3362
461.0836
1.0
Animal_LittleBird_A
0
-0.2
0
3486.484
257.6086
339.9042
1.0
EnvSeEmitPointBirdWet
3.141479
0.5231934
3.141479
3910.414
143.6172
434.3594
1.0
FldObj_DamageRockMaze_A_01
0
0
0
3333.5
118
401.5
1.0
Obj_Plant_HopBush_A_01
-0.3026554
0.5252942
-0.3442512
3520.055
119.6553
532.8633
0.868164
Obj_MineralGrain_A_04
0.1714564
-1.045065
-0.3473111
2907.836
318.076
169.3884
1.0
FldObj_RockBeachLump_A_L_01
-2.955133
0.4006068
2.948454
3941.485
111.807
710.5977
1.1
EnvSeEmitPointBirdWet
3.141479
-0.878662
3.141479
3939.289
150.7539
380.3711
1.0
EnvSeEmitPointInsectTemperate
2.487427
-1.214722
2.626709
3412.609
141.6602
548.3789
1.0
FldObj_RockBeach_A_M_02
-0.2347775
0.591017
0.1029894
3736.519
100.0006
634.1105
1.0
Obj_TreeConiferous_C_03
0
-3.14001
0
3907.933
138.6201
384.1497
1.0
FldObj_RockZoraSet_A_01
-2.427973
-0.8254536
2.234932
3513.317
241.2565
240.3108
1.0
Animal_Deer_A
0
1.8
0
3777.788
405.8091
62.11566
1.0
FldObj_ArtifactZoraCandlestick_A_01
0
-1.220001
0
3265.575
342.035
43.14383
1.0
Obj_Plant_Shrub_A_01
0.1824589
0.0254707
-0.2766486
3323.748
368.0772
49.4968
1.0
Obj_LiftRockWhite_Korok_A_01
0
2.663182
0
3948.652
106.4041
698.2728
1.0
Item_Mushroom_E
3.141479
0.4058838
3.141479
3036.121
254.5932
804.8555
1.0
FldObj_PushRockIron_A_M_01
1.03249
0.6427082
-2.849865
3139.493
253.9791
155.0121
1.0
BarrelBomb2
3.13047
-0.8412327
-3.140707
3620.329
309.5264
306.0732
1.0
Obj_BreakBoxIron
0.00469979
0.001374228
0.02056176
3217.509
287.7508
136.9971
1.0
Animal_Fish_K
0
0
0
3799.619
106.1022
707.7245
1.0
Obj_TreeConiferous_C_01
0
1.34
0
3770.359
146.461
358.7878
1.0
Animal_Fish_G
0
-1
0
3917.242
104.8976
556.2007
1.0
EnvSeEmitPointInsectTemperate
0
-1.178223
0
3315.602
127.2344
501.1367
1.0
Obj_TreeConiferous_A_02
0
0
0
3164.507
245.5843
189.591
1.0
Item_Plant_B
0
0
0
3195.5
285.2884
145
1.0
Animal_Insect_Z
0
0
0
3094.115
240.5166
77.46683
1.0
Obj_Plant_CypressLow_A_02
2.88529
-0.8083771
-2.731437
3182.694
129.9787
505.4107
1.040755
Obj_RockZoraCoral_A_L_01
0
0.7400001
0
3640.743
310.8354
318.9566
1.0
Obj_LiftRockWhite_Korok_A_01
-3.001593
-1.161595
3.141593
3271.039
105.6513
653.5472
1.0
Obj_Plant_HopBush_A_01
0.05286022
0.1715577
0.2037257
3360.414
119.6876
571.3242
0.903809
Item_Plant_B
-0.06568023
-0.009373099
-0.07762612
4063.602
133.6125
313.0974
1.0
Obj_RockSetGray_A_02
0
0.6399999
0
3317.084
119.7294
544.9913
1.0
Animal_Fox_A
0
-0.58
0
3859.858
363.9813
128.2502
1.0
Obj_TreeBroadleafLow_A_02
0
-0.8799999
0
3250.488
128.3505
595.1233
1.0
Animal_Fish_K
-0.0271815
0.0005704839
0.04196706
3832.115
105.7331
512.7367
1.0
Obj_TreeConiferous_C_02
0
-1.06
0
3662.608
112.5183
496.6383
1.0
Animal_LittleBird_F
0
0
0
4012.76
121.6507
721.7325
1.0
FldObj_RockBeach_A_M_04
0
-0.5200001
0
3762.227
98.05046
561.7357
1.0
Enemy_Keese
0
-0.6886416
0
3947.839
146.3734
412.9472
1.0
FldObj_RockBeach_A_S_02
0
1.8
0
3886.09
105.6518
665.476
1.0
Obj_TreeZoraLow_A_01
0
0
0
3097.704
237.3511
63.09366
1.0
FldObj_RockBeachLump_A_L_01
0
-1.82
0
3881.961
122.7981
393.0316
1.0
Obj_Plant_CypressLow_A_02
-0.085627
-0.1476264
-0.0499742
3327.063
118.0481
459.6055
1.024414
Obj_TreeConiferous_A_01
0
1.4
0
3146.349
292.7944
72.66913
1.0
EnvSeEmitPointBirdWet
0
-0.87854
0
3162.512
136.125
533.7383
1.0
FldObj_RockZoraSet_A_01
3.091921
0.2923943
-2.835171
3095.306
268.2451
132.5024
1.0
Item_Mushroom_E
0
-0.7695312
0
3824.547
127.7425
423.1719
1.0
Obj_MineralGrain_A_04
0.04137083
-0.02015048
-0.2240774
2911.297
317.7555
165.726
1.0
Animal_Fish_K
0
0
0
3811.435
105.663
679.5182
1.0
FldObj_RockZora_A_L_02
0
0
0
3243.196
280.3788
169.064
1.0
Animal_Insect_K
0
1.209583
0
3963.246
106.1533
698.3182
1.0
EnvSeEmitPointBirdWet
-2.140137
1.339233
-2.025024
3131.387
262.1055
252.9336
1.0
Obj_TreeConiferous_A_02
0
0
0
3392.168
307.9531
82.1922
1.0
FldObj_RockZoraSet_A_03
2.533995
-0.8094254
-2.409908
3265.835
302.9242
103.3957
1.0
Obj_Plant_Shrub_A_02
0.3498859
0.08028135
-0.4468646
3325.438
368.1182
46.59369
1.0
Item_Mushroom_D
-2.183105
0.3223877
-2.789673
3843.719
303.6172
848.1602
1.0
Obj_TreeZoraLow_B_02
0
0
0
3228.992
332.2078
73.27484
0.9
Item_Mushroom_J
0
0.5671273
0
3200.406
329.6095
55.18231
1.0
FldObj_ArtifactZoraCandlestick_A_01
0
0
0
3233.233
289.9863
156.7883
1.0
Obj_Plant_HopBush_A_01
0.2520661
-0.7710325
-0.4642675
3657.094
120.2466
470.7383
1.057129
FldObj_RockZoraSet_A_01
1.499103
1.027519
1.096984
3247.305
304.3536
115.6905
1.1
Obj_Plant_CypressLow_A_02
0
-1.266555
0
3153.839
127.8034
533.0188
0.9236203
FireWoodDie
0.05560315
0.003285942
-0.1180251
3215.158
334.3051
70.39328
1.0
Obj_Plant_CypressLow_A_01
-0.195585
0.1093171
0.08356728
3134.951
118.2699
493.7009
1.0
Obj_Plant_CypressLow_A_01
-3.11243
-1.160123
3.011536
3069.637
147.7973
542.1458
1.062152
Obj_TreeConiferous_C_01
0
2.119999
0
3804.543
146.9899
383.9516
1.1
FldObj_RockBeachLump_A_L_01
2.87389
-0.9285151
3.076119
3722.881
102.6836
615.3284
1.0
Item_Plant_O
-1.823721
-1.054132
2.922851
3100.651
260.4933
95.45465
1.0
Obj_RockGray_A_M_06
0
0
0
3439.808
131.5255
599.8011
1.0
Obj_LiftRockWhite_Korok_A_01
0
-0.7600011
0
3947.962
106.0852
695.5489
1.0
Item_Mushroom_J
-0.4919599
0.34857
-0.1810377
3193.257
311.3759
86.2731
1.0
Obj_TreeZoraLow_A_01
0
0
0
3387.828
314.4289
58.50687
1.0
Obj_Plant_Shrub_A_02
2.298904
1.533485
2.610417
3186.466
263.6724
51.69611
1.0
Animal_Doe_A
0
0
0
3131
247.9483
224
1.0
FldObj_RockZoraCliff_B_02
2.985839
0.09219462
-2.9254
3240.957
336.1118
32.17084
1.0
Obj_Plant_HopBush_A_01
0.05883737
-0.271483
-0.4471959
3136.265
127.9503
594.4669
1.0
Obj_Plant_CypressLow_A_01
-0.1051053
-0.6359463
0.09585975
3230.896
124.6683
581.6062
0.9
Area
0
0
0
3955.827
143.3734
400.0946
25
FldObj_RockZora_A_M_04
1.122879
1.191803
1.093491
3043.44
284.7092
351.7684
0.8
FldObj_RockBeachLump_A_M_01
0.08682332
0.3986482
0.03377454
3665.162
112.1324
518.1594
0.8
Obj_RockSetGray_A_02
0
-2.64
0
3423.059
127.3955
596.17
1.0
FldObj_RockBeach_A_S_02
0
2.163185
0
3737.199
105.9053
705.7006
1.0
FldObj_RockZoraSet_A_02
0
1.321593
0
3204.45
309.3374
35.11298
1.0
Obj_TreeConiferous_C_03
0
2.6
0
3805.975
151.062
369.2245
1.0
GrassCutTag
0
0
0
3545.5
252.437
371
1.0
Obj_TreeZoraLow_B_01
0
-1.66
0
3153.504
242.1897
215.5337
1.0
FldObj_RockBeach_A_S_02
0
2.499999
0
3429.532
106.0789
933.0533
1.0
FldObj_HyrulePrairieRock_A_02
0.5573402
0.385624
0.6105106
3248.508
128.7792
529.4234
1.0
Obj_TreeConiferous_C_03
0
-1.08
0
3740.024
128.1033
402.53
1.0
EnvSeEmitPointBirdWet
0.1871338
0.2342529
-0.1168213
3662.402
120.7383
495.5625
1.0
FldObj_RockBeachLump_A_M_01
0.2464067
-0.07974359
-0.08025558
3693.675
105.8475
613.0078
1.0
Obj_MineralGrain_A_04
2.985318
0.4329557
2.446968
3084.504
321.268
881.4379
1.0
FldObj_RockZoraSet_A_01
-2.997384
1.063716
-2.723332
3065.108
232.9716
89.89401
1.0
Obj_Plant_HopBush_A_02
0.01174763
-1.465173
-0.05940001
3329.367
117.8945
460.2695
1.055176
Obj_TreeZoraLow_A_02
0
-0.9
0
3135.368
247.1559
223.4499
1.0
Obj_Plant_CypressLow_A_01
-0.116935
-0.002275017
-0.03886158
3074.768
147.1082
535.8445
1.0
Obj_LiftRockWhite_Korok_A_01
0
-2.860002
0
3949.492
105.8269
692.8195
1.0
Obj_MineralBury_A_01
0
0
0
3943.315
115.7199
709.4594
1.0
FldObj_RockBeachLump_A_L_01
-2.861593
0.8815929
3.141593
4054.426
105.3113
749.4422
1.0
FldObj_RockZora_A_M_04
-2.786058
-0.4556346
-3.00776
3089.806
237.2624
86.39703
1.2
Animal_Insect_A
0
0
0
3091.326
236.2489
77.87766
1.0
Obj_MineralGrain_A_04
-1.046351
1.021696
-1.205327
3045.692
247.943
87.60065
1.0
TBox_Field_Wood
2.784394
-1.135857
-2.816898
3868.634
105.745
513.5218
1.0
Obj_MineralGrain_A_04
0.9011471
-0.1502432
0.08868299
2912.068
363.4299
307.8921
1.0
Obj_TreeBroadleafLow_A_01
0
0.7199999
0
3374.168
124.9067
557.4978
1.0
FldObj_ArtifactZoraCandlestick_A_01
0
0
0
3273.135
346.963
72.56189
1.0
FldObj_RockBeach_A_M_02
0
0.1399999
0
3404.323
93.45213
920.9357
1.0
Obj_Plant_CypressLow_A_01
-2.071849
1.38825
-2.049461
3132.427
117.7751
492.2022
1.0
FldObj_RockBeach_A_M_02
-0.05999999
0.6000004
0
3489.078
95.64333
852.3652
1.0
FldObj_RockZoraSet_A_01
-0.07976032
0.3905342
-0.1315789
3259.749
278.4215
165.027
1.1
Animal_Fish_K
0.07425876
0.002012273
-0.05415813
3717.127
105.6725
506.8284
1.0
Obj_LiftRockWhite_Korok_A_01
0
-0.7600011
0
3954.694
105.7549
693.3588
1.0
Obj_Mineral_B_01
-0.7976705
0.8682491
-0.1672238
3462.534
116.1398
894.4911
1.0
Obj_TreeConiferous_C_01
0
0.7200001
0
3888.989
133.349
432.8766
1.0
Item_Mushroom_D
1.734609
-0.9477959
0.08166066
3204.659
306.2291
70.41864
1.0
FldObj_CliffWhiteLumpRock_A_03
-1.829067
-1.459382
2.026605
3366.666
123.1458
508.2917
1.0
Obj_TreeBroadleafLow_A_02
0
-0.5800001
0
3188.641
108.3434
642.3081
1.0
Obj_Plant_Shrub_A_01
0.05415843
0.1636986
-0.2901906
3385.098
308.0345
82.01563
0.938965
Obj_MineralGrain_A_04
0.8190581
0.4709278
0.8945273
3810.333
302.7013
290.3735
1.0
Obj_Plant_Shrub_A_01
0.06906664
0.3739856
0.186811
3251.492
336.1425
62.29004
1.0
Obj_TreeBroadleafLow_A_01
0
0
0
3352.219
118.506
495.2942
1.0
Obj_MineralGrain_A_04
1.292047
-0.166269
0.6198758
3148.805
258.5089
154.7109
1.0
Obj_TreeConiferous_C_01
0
3.04
0
3823.866
127.8331
422.621
1.0
Obj_MineralGrain_A_04
2.189626
-0.9056754
-1.656235
2987.461
372.4275
340.4149
1.0
Item_Plant_A
0
-0.748413
0
3473.066
163.1281
407.3594
1.0
Obj_Plant_Shrub_A_02
0.08296197
-0.325107
-0.03638976
3168.945
298.1163
87.55469
1.000488
Obj_Plant_CypressLow_B_01
-0.0228431
0.4272197
0.322991
3894.926
410.1853
944.8438
0.853516
Obj_Plant_Shrub_A_01
0
-0.7711181
0
3170.016
297.9322
91.58203
0.949707
Obj_MineralBury_A_01
-1.535124
0.27095
-1.983089
3968.12
110.3359
709.2769
1.0
Obj_Plant_CypressLow_A_02
0.03886816
0.2388185
-0.4910884
3136.263
127.6704
599.6447
0.9607203
Obj_TreeZoraLow_B_01
0
3.896719
0
3549.266
252.8217
358.9571
1.0
FldObj_RockZoraSet_A_03
0
-0.2
0
3204.95
309.3525
47.49722
1.0
Obj_TreeZoraLow_A_02
0
0
0
3384.989
308.1232
84.80804
1.0
FldObj_RockZoraSet_A_01
0.5018688
0.9246077
0.8739758
3680.606
249.8494
360.9472
1.0
Obj_TreeConiferous_A_01
0
1.6
0
3388.296
307.375
81.15332
1.0
Item_Mushroom_D
0.1887207
1.21582
-1.195923
3194.465
146.7656
747.9336
1.0
FldObj_RockBeachLump_A_M_01
0.03156351
0.0009863836
-0.062476
3711.619
105.7569
505.0275
1.0
Obj_Plant_HopBush_A_02
0.002274778
0.7472734
-0.6070277
3133.116
129.8292
592.3514
0.95
Obj_Mineral_A_01
-0.1810811
0.01454754
0.159897
2965.053
275.9365
80.10059
1.0
Area
0
0.6600006
0
3140.793
117.0672
474.4648
25
Obj_Plant_Shrub_A_01
-0.05928456
0.0007296244
0.02460586
3203.331
285.4641
147.452
1.0
Obj_Mineral_C_01
0
0
0
3810.284
302.6689
290.5522
1.0
Obj_TreeZoraLow_B_02
0
0
0
3513.666
251.2784
373.7453
1.0
Item_Plant_A
3.141479
-0.7410888
3.141479
3422.488
131.0958
570.832
1.0
Item_Mushroom_D
-0.6870117
1.487549
-1.898193
3175.23
144.4141
696.5313
1.0
Obj_TreeConiferous_C_03
0
-0.9
0
4011.028
151.786
351.198
1.0
Obj_TreeConiferous_C_01
0
-1.46
0
3637.47
123.6405
468.0778
1.1
Obj_MineralGrain_A_04
1.200594
0.9802738
0.8739189
3816.966
314.8613
260.9605
1.0
FldObj_RockZoraSet_A_02
0
-1.559996
0
3182.866
258.4926
15.8139
1.0
Obj_Mineral_A_01
1.711571
1.065812
1.312941
3190.443
264.8262
50.93713
1.0
Item_Mushroom_E
3.141479
-0.8410644
3.141479
3389.211
307.4534
81.19922
1.0
FldObj_RockBeachLump_A_L_01
0
-2.560001
0
3966.393
106.1446
710.5209
1.0
Obj_Mineral_A_01
0.7981657
-0.4989935
0.3077558
3151.5
268.8087
154
1.0
Obj_TreeConiferous_A_02
0
1.3
0
3426.031
342.0127
62.4657
1.0
Obj_TreeConiferous_C_02
0
-1.72
0
3856.645
151.4051
344.8881
1.0
Item_Mushroom_D
-1.422407
-0.3059407
3.121861
3197.302
318.4008
84.45084
1.0
Obj_TreeConiferous_C_02
0
0
0
3637.07
113.5516
593.2311
1.0
Item_Mushroom_F
3.141479
0.7662353
3.141479
3568.742
253.6995
386.8789
1.0
Item_Plant_A
-0.1281494
0.6748351
-0.1032172
3816.547
406.5379
31.57953
1.0
Obj_TreeConiferous_A_02
0
1.34
0
3516.757
252.6936
342.7454
1.1
Obj_BreakBoxIron
0.008290285
0.002038116
-0.09497502
3224.045
333.2047
46.48593
1.0
Obj_Plant_Shrub_A_02
-1.455536
1.387496
-1.253232
3152.793
297.004
79.92578
1.039551
Item_Mushroom_J
0
1.03311
0
3199.132
329.8349
62.47415
1.0
Obj_TreeConiferous_C_01
0
-2.46
0
3995.321
149.6121
410.2667
1.1
FldObj_TravelerTrace_Mark_A_01
0.01585036
-1.440194
0.1846836
3651.598
106.2111
627.1026
1.0
FldObj_RiverPile_A_01
0
-2.548181
0
3131.193
116.4729
456.2187
1.0
FldObj_CliffWhiteLumpRock_A_02
2.434166
0.4037483
3.137717
3231.294
227.9782
879.4617
1.0
Obj_TreeConiferous_C_03
0
-1.659998
0
3848.645
112.8881
460.1584
1.0
Obj_LiftRockWhite_A_01
0.1193591
-0.01148015
0.1915491
3065.483
394.8116
183.2655
1.0
EnvSeEmitPointInsectTemperate
-0.08068847
0.6280518
0.28125
3985.555
146.5547
383.6953
1.0
Obj_LiftRockWhite_Korok_A_01
0
3.1
0
3384.462
119.4355
985.6956
1.0
Obj_MineralGrain_A_04
1.061262
-0.1240788
0.5269886
3152.229
268.2916
154.3984
1.0
Obj_TreeConiferous_C_03
0
-1.320001
0
3937.237
141.1486
366.1394
1.0
EnvSeEmitPointInsectTemperate
2.977051
0.4595947
1.952026
3385.816
314.7461
57.82813
1.0
FldObj_EnemyLookout_B_01
0
-2.92
0
3958.524
143.4559
371.8013
1.0
Animal_LittleBird_F
0
0
0
3916.218
131.2468
715.0429
1.0
Obj_Plant_CypressLow_A_02
0.02590813
0.2264538
0.2279073
3179.516
128.6719
513.7544
0.9607203
Obj_MineralBury_A_01
-2.974419
1.258494
-3.020756
3122.239
222.9234
696.3636
1.0
Obj_Plant_HopBush_A_01
1.075564
1.194939
1.118026
3769.863
146.3697
358.9531
0.854492
Item_Mushroom_J
0.6239876
0.7781883
0.7102647
3200.692
328.4687
77.82501
1.0
Animal_Insect_K
0
0.943471
0
3878.935
106.3083
673.8096
1.0
Obj_TreeConiferous_A_01
0
-1.54
0
3156.51
242.425
219.0668
1.0
Obj_Plant_Shrub_A_02
-0.2818948
0.07773768
0.5350148
3293.887
356.0578
73.25327
1.0
Obj_Plant_HopBush_A_02
0.04848432
0.7476294
-0.04938655
3176.369
129.3844
506.4612
0.95
Animal_LittleBird_F
0
0
0
4015.888
121.431
724.592
1.0
FldObj_RockZoraSet_A_01
2.395771
0.5875975
2.384395
3232.111
322.4845
82.92456
1.0
Area
0
0
0
3955.827
143.3734
400.0946
50
Obj_Mineral_A_01
2.024
-0.829115
-1.825397
3084.626
321.6412
880.627
1.0
Obj_Plant_HopBush_A_02
1.579311
1.406279
1.520839
3334.254
123.9193
612.1602
1.008789
Obj_TreeConiferous_A_02
0
0.6799999
0
3126.563
249.471
234.5317
1.0
Obj_MineralGrain_A_04
0.08691456
-0.01238541
0.2829237
2962.775
275.6406
83.68616
1.0
EnvSeEmitPointBirdWet
0.5731201
-0.9643554
-0.15625
3393.961
351.3477
21.67188
1.0
Obj_TreeConiferous_C_02
0
0.599999
0
3916.462
139.7263
382.14
1.0
Animal_Insect_K
0
6.209827
0
3963.218
106.0158
695.6536
1.0
Obj_TreeConiferous_A_01
0
1.32
0
3531.11
251.9311
401.0692
1.0
Obj_Plant_CypressLow_A_02
0.1107068
-0.9823013
-7.251658E-05
3549.512
153.2689
562.125
0.859863
Item_Mushroom_J
3.141479
-1.207397
3.141479
3511.934
253.5189
336.3281
1.0
Obj_Plant_Shrub_A_01
0.8099608
-1.14475
-0.8615343
3498.016
252.9202
356.4336
1.01123
Obj_Mineral_A_01
0.5323716
-0.4375729
0.09320218
4042.983
114.3796
742.6446
1.0
Obj_MineralGrain_A_04
-0.900049
0.9582129
-1.615613
3943.859
115.4837
710.0742
1.0
Obj_Plant_HopBush_A_02
0.1411915
0.1458129
-0.1712871
3678.586
111.6241
480.957
0.941895
EnvSeEmitPointInsectTemperate
0.2434082
0.2536621
0.03442383
3582.941
130.5625
554.0313
1.0
EnvSeEmitPointBirdWet
-2.960083
0.3874511
-2.500732
3148.816
135.6445
525.6406
1.0
FldObj_RockZora_A_L_02
-2.918341
-0.7286226
2.7084
3084.583
264.1651
285.5315
1.0
Item_Mushroom_J
0
1.26
0
3204.128
327.201
90.40347
1.0
Obj_TreeConiferous_A_01
0
-0.6199999
0
3667.133
318.3571
280.6759
1.0
Obj_Plant_CypressLow_A_02
-0.1251114
-0.6931103
-0.01762713
3473.145
160.1077
473.1758
0.934082
Obj_TreeConiferous_A_01
0
-1.68
0
3124.191
277.6047
146.0602
1.0
Obj_Mineral_B_01
0
0
0
4048.468
110.781
745.4932
1.0
Obj_Plant_Shrub_A_01
0.1609358
-0.9211671
0.02391337
3178.577
262.8567
43.5433
1.0
Obj_Plant_CypressLow_A_01
-1.745557
-1.169372
1.897478
3387.71
117.7418
975.716
1.0
FldObj_RiverPile_A_01
3.001593
-0.6015933
3.141592
3145.521
115.0247
444.1286
1.0
GrassCutTag
0
0
0
3518
250.9729
363
1.0
Obj_TreeConiferous_A_01
0
0
0
3161.528
245.3869
185.9653
1.0
FldObj_RockZoraSet_A_02
0
-1.500332
0
3101.203
269.1656
71.8428
1.0
Obj_MineralGrain_A_04
0.7113034
0.6767089
-0.5893613
3084.968
270.4313
281.9681
1.0
FldObj_RockZoraCliff_B_02
0
-2.02
0
3110.049
287.1989
83.63538
1.0
Item_Mushroom_E
3.141479
1.339111
3.141479
3024.926
251.6262
764.375
1.0
BarrelBomb
-1.626646
-1.551769
1.604163
3348.505
118.2009
486.8979
1.0
FldObj_RockZoraSet_A_03
-0.0115741
-0.5882987
2.681424
3185.932
259.5381
37.58173
1.0
Item_Mushroom_J
0
1.175052
0
3200.856
329.479
55.51694
1.0
EnvSeEmitPointBirdWet
3.141479
-0.4328613
3.141479
3672.777
320.6914
310.0195
1.0
Obj_TreeConiferous_C_03
0
0
0
3606.125
120.1978
517.1944
1.0
Obj_LiftRockWhite_Korok_A_01
0
-2.483185
0
3383.073
117.7999
979.5868
1.0
FldObj_TravelerTrace_Mark_A_01
-0.0202297
-0.0006117151
-0.06045646
3203.163
106.3395
651.1932
1.0
Obj_Mineral_B_01
0.1394462
-0.5407133
-0.838433
3525
161.9913
570.7
1.0
Obj_Plant_HopBush_A_01
0.3779741
-0.9843791
-0.1772827
3842.84
113.4218
445.9883
0.899414
Obj_Mineral_A_01
2.881593
-0.4215927
-3.141592
3070.925
184.871
651.5591
1.0
FldObj_RockZoraSet_A_01
-0.24
0.3800001
0
3303.904
378.5099
29.26846
1.1
Obj_TreeBroadleafLow_A_01
0
0
0
3315.621
127.2928
502.326
1.0
Item_Plant_C
0.08818275
0.01133568
-0.01259732
3914.405
271.0544
213.4069
1.0
Animal_Bull_A
0
-0.4399999
0
3478.867
158.8527
448.7724
1.0
Obj_TreeStump_Coniferous_A_01
-0.09338076
-0.001568351
-0.03356291
3521.795
251.4525
380.4229
1.0
Obj_Mineral_A_01
0.1889528
-0.004209178
0.04441282
2915.524
356.7122
313.1162
1.0
Obj_LiftRockWhite_Korok_A_01
0
3.123185
0
3274.351
105.6513
656.9876
1.0
Obj_RockZoraCoral_A_L_01
-0.0839226
-0.0006041246
0.07511511
3340.949
366.8256
47.07159
1.0
Obj_Plant_HopBush_A_02
0.3560378
0.8882877
0.187094
3426.168
141.6991
543.6719
0.937988
Item_Mushroom_E
0.1043814
0.003814682
-0.07299251
3189
274.4205
102.5
1.0
FldObj_RockZoraSet_A_01
2.944202
-0.9477082
-2.900123
3131.572
293.3416
99.14752
1.0
FldObj_RockBeachLump_A_M_01
2.850012
-1.155835
-2.732837
3922.227
137.4211
429.3564
1.0
EnvSeEmitPointBirdWet
3.141479
1.055054
3.141479
3560.352
261.0703
390.1523
1.0
Obj_RockGray_A_M_06
-0.07285459
-0.01709936
-0.4608796
3127.5
132.2688
588.5032
1.2
FldObj_RockZoraSet_A_01
0
0.2600001
0.12
3311.654
306.9012
109.3802
1.0
Obj_Plant_Shrub_A_02
-0.1124378
0.007559424
0.1341221
3249.963
335.644
58.97333
1.0
Animal_Fish_K
-0.5345116
-0.9767346
0.83428
3752.817
105.4768
507.8208
1.0
Obj_TreeConiferous_A_02
0
2.187478
0
3485.489
342.9539
36.84796
1.0
FldObj_RockBeachLump_A_L_01
-0.08593033
1.341138
-0.08723679
4154.327
107.6278
835.6395
1.0
Obj_TreeConiferous_C_01
0
-2.320001
0
3858.278
149.0774
356.2626
1.0
Obj_Plant_CypressLow_A_02
2.828319
-0.5207888
2.926347
3323.589
121.5383
535.0687
0.9607203
Item_Plant_A
0
0
0
3840.352
153.4792
350.0147
1.0
FldObj_CliffWhiteLumpRock_A_02
-3.091078
-0.9005827
3.077169
3058.52
251.1842
818.9963
1.0
Obj_TreeConiferous_C_02
0
-1.060001
0
3647.229
113.3157
529.2219
1.0
FldObj_RockBeach_A_S_02
0
2.299999
0
3468.266
105.6526
861.2482
1.0
FldObj_RockBeachLump_A_M_01
0.5879664
-0.9212397
-0.2163932
3773.081
139.9323
389.6088
1.0
Obj_MineralBury_A_01
0.4794858
0.2211007
-0.852522
3075
276.8136
123
1.0
Obj_Plant_HopBush_A_02
3.041826
-1.010247
3.070049
3328.515
119.8081
541.3
0.95
Item_Mushroom_E
-0.3399988
-0.0874218
-0.2617994
3187.5
281.6427
119.5
1.0
Obj_RockZoraCoral_A_L_01
0.09999999
0
0
3221.456
332.6358
64.88443
1.0
Obj_TreeConiferous_A_01
0
0
0
3171.824
245.9541
199.937
1.0
Animal_Insect_K
0
0
0
3823.647
106.0667
674.9493
1.0
Obj_MineralBury_A_01
0
-1.12
0
4067.275
365.1354
103.15
1.0
Obj_MineralBury_A_01
0
0
0
3958.892
108.4517
709.3137
1.0
FldObj_RockZora_A_L_02
0
-1.18
0
3602.906
304.528
304.8248
1.0
Obj_RockSetGray_A_02
0
0.3800001
0
3243.221
124.4981
582.1583
1.0
FldObj_Puddle_A_01
0
0
0
3322.9
117.8
384.2
1.0
Obj_Plant_Shrub_A_02
0.3593387
-0.3819873
-0.3618344
3787.984
386.2879
117.957
0.896973
FldObj_RockZoraSet_A_01
2.935888
-0.8489705
2.719821
3624.345
331.0479
248.4027
1.0
Obj_TreeConiferous_C_02
0
-0.6399999
0
3986.117
146.9103
385.6329
1.0
GrassCutTag
0
0
0
3200.243
106.3153
653.4856
1.0
Obj_TreeStump_Coniferous_A_01
0.07413776
-0.8208719
0.03447667
3545.206
252.5301
365.3401
1.0
Obj_MineralGrain_A_04
0.2671173
-0.02143681
-0.6562371
3082.883
271.6134
284.5248
1.0
Item_Plant_A
0.08171579
1.075552
0.2288855
3393.481
160.151
271.7783
1.0
Obj_LiftRockWhite_Korok_A_01
-3.001593
-0.7015914
3.141593
3953.663
105.7451
692.2795
1.0
Obj_TreeConiferous_A_01
0
-1.38
0
3125.364
248.7461
221.549
1.0
FldObj_ArtifactZoraCandlestick_A_01
0
-0.26
0
3397.55
314.776
52.30417
1.0
Animal_Insect_K
0
1.96492
0
3961.317
105.9929
693.884
1.0
Item_Mushroom_A
0.2052947
-0.008568496
0.0831343
3235.5
282.5898
168.5
1.0
FldObj_HyrulePrairieRock_A_01
0
-1.939999
0
3354.049
118.9109
539.7053
1.0
Obj_TreeConiferous_C_02
0
1.1
0
3598.016
121.1161
538.4801
1.1
Obj_Mineral_A_01
0.1413258
-0.01318868
0.09124781
2913.8
317.4461
160.5066
1.0
FldObj_RockZora_A_L_02
0
0.05999999
0
3123.436
290.2316
92.83978
1.0
Obj_TreeConiferous_C_02
0
-2.640001
0
3792.919
150.2949
363.5151
1.0
SoundProxyWatefallS
-1.371209
0.5752404
0.6940377
3206.092
307.3102
18.94498
1.0
Obj_MineralBury_A_01
2.53161
-0.2567777
3.026683
3499.143
134.8954
522.3159
1.0
FldObj_RockBeachLump_A_L_01
0
0.22
0
3515.631
120.056
513.5172
1.0
Obj_TreeConiferous_A_01
0
1.560001
0
3646.295
311.5071
320.64
1.0
Obj_TreeConiferous_C_03
0
2.583185
0
3880.352
132.3239
432.7883
1.0
Obj_TreeConiferous_A_01
0
0
0
3671.88
312.7875
309.9199
1.0
Obj_TreeConiferous_A_02
0
0
0
3504.369
260.677
286.0409
1.0
Obj_LiftRockWhite_A_01
0.07409049
-0.0004241471
0.01144408
3007.295
385.5581
324.6366
1.0
EnvSeEmitPointInsectTemperate
3.141479
-1.135864
3.141479
3026.023
251.543
763.8828
1.0
Obj_TreeConiferous_A_01
0
-2.403185
0
3132.2
278.4511
134.0303
1.0
Animal_LittleBird_A
0
-1.12
0
3521.773
251.6998
383.442
1.0
Obj_TreeConiferous_C_01
0
-0.5
0
3741.094
121.5537
412.239
1.0
TBox_Field_Iron
0.02066609
0.785186
0.01237778
3124.998
239.1355
183.5004
1.0
FldObj_WaterFallLanayru_A_S_01
0
-1.739999
0
3183.363
258.4468
13.67422
1.0
Item_Mushroom_F
0
-1.198852
0
3711.492
343.867
191.7656
1.0
Obj_TreeConiferous_A_01
0
6.165413
0
3128.275
289.6957
77.12274
1.0
Obj_Plant_CypressLow_A_01
0
0
0
3233.972
124.8334
586.6394
1.0
FldObj_ArtifactZoraCandlestick_A_01
0
-1.220001
0
3262.71
342.035
35.30243
1.0
Obj_Plant_HopBush_A_01
-0.405413
-0.8230836
0.2821275
3841.715
133.6372
719.1055
0.982422
FldObj_ArtifactZoraCandlestick_A_01
0
0
0
3201.287
272.9395
101.4372
1.0
FldObj_HyrulePrairieRock_A_01
0
0
-0.14
3124.235
133.5407
591.8638
1.0
Animal_Doe_A
0
-1.06
0
3735.843
395.5112
99.18442
1.0
FldObj_ArtifactZoraCandlestick_A_01
0
0
0
3264.796
309.7331
103.9514
1.0
FldObj_RockZora_A_L_02
0
0
-0.14
3302.279
385.8831
19.98492
1.1
FldObj_RockZoraSet_A_01
-0.22
-0.5600002
0
3128.755
247.9225
267.0812
1.0
FldObj_WaterFallLanayru_A_S_02
-2.861593
-0.4015924
-3.141592
3194.706
257.3857
2.692688
0.8
Enemy_Keese
0
-0.6886416
0
3944.75
146.3734
410.4052
1.0
Obj_TreeConiferous_C_01
0
0
0
3678.54
111.7981
479.6328
1.1
Item_Mushroom_E
0
-0.7376708
0
3561.461
254.1194
358.0898
1.0
BarrelBomb
-2.934706
-0.005191165
3.061614
3341.818
118.2858
480.1241
1.0
SoundProxyWatefallS
-1.110307
0.1011841
0.1629207
3183.28
258.4563
13.65305
1.0
FldObj_RockBeachLump_A_L_01
-3.081592
-0.5415936
-3.141592
3579.964
105.8875
807.9346
1.0
Obj_Mineral_C_01
0
-1.460001
0
3516.373
125.1417
544.1439
1.0
Obj_Plant_CypressLow_A_02
-2.673589
0.7206374
-2.710877
3378.27
117.4464
980.3322
1.0
Animal_Fish_F
0
-0.48
0
3295.475
104.8976
678.3135
1.0
EnvSeEmitPointBirdWet
3.141479
1.36499
3.141479
3540.973
260.8594
355.5469
1.0
FldObj_RockZora_A_L_02
0.8198362
-0.1937488
-0.2634255
3542.212
262.2392
312.5987
1.0
Obj_TreeConiferous_C_01
0
0
0
3990.272
148.413
403.9681
1.0
Obj_MineralGrain_A_04
0.877825
0.8344124
-0.03454101
3517.567
122.4124
518.1006
1.0
Weapon_Sword_001
1.392151
0.255244
-0.209591
3202.333
106.8515
653.8204
1.0
Item_Mushroom_J
0
0.9678954
0
3413.293
342.06
54.29297
1.0
Area
0
-2.299997
0
3622.781
309.5013
314.0703
50
Obj_MineralGrain_A_04
-0.1810809
0.01454758
0.1598969
2965.33
275.9595
79.90302
1.0
Obj_MineralGrain_A_04
0.4794858
0.2211007
-0.8525219
3075.019
275.9775
123.9117
1.0
EnvSeEmitPointBirdWet
3.141479
1.141724
3.141479
3846.648
160.5078
357.8555
1.0
Obj_Mineral_A_01
0.6641505
0.6398821
0.0002022345
4063.925
364.6664
96.06268
1.0
Obj_TreeConiferous_A_01
0
-1.440001
0
3559.713
253.6294
359.742
1.0
Animal_Insect_Z
0
0
0
3091.171
237.431
60.59396
1.0
EnvSeEmitPointBirdWet
0
-0.8748779
0
3001.543
247.8359
66.01172
1.0
Animal_Insect_K
0
4.63672
0
3873.155
106.1346
672.0939
1.0
BarrelBomb2
3.131137
-0.8419411
-3.125262
3617.7
309.5108
319.4675
1.0
Obj_Mineral_C_01
2.428296
-0.02350965
-2.306483
3537.882
316.6499
1234.648
1.0
Item_Mushroom_D
-2.443237
0.3963623
2.69519
3124.391
251.7461
756.625
1.0
SoundProxyWatefallS
-0.7104028
0.4262439
1.05627
3101.209
269.275
70.16418
1.0
KibakoZora_Contain_01
-0.0102341
-6.790485E-05
-0.01507352
3214.996
287.7922
136.0007
1.0
Obj_TreeConiferous_A_01
0
0
0
3441.93
343.8222
64.57837
1.0
Animal_Fish_K
0.2505649
0.4844409
-0.0397945
3278.378
105.5753
660.7266
1.0
FldObj_RockZoraCliff_B_02
-2.926467
-1.397634
2.90545
3203.171
328.8665
60.39658
1.0
FldObj_RockBeachLump_A_L_01
2.878169
0.6516845
2.939842
3179.562
107.818
653.7374
1.0
Obj_Mineral_B_01
0.6346498
-0.03333196
0.5894545
2914.652
376.7166
172.8047
1.0
Obj_TreeConiferous_C_01
0
-1.34
0
4002.879
151.3819
357.6068
1.1
Obj_MineralGrain_A_04
0.4870194
-0.416729
-0.4421704
3081.194
320.7638
888.2588
1.0
EnvSeEmitPointBirdWet
-2.535644
-1.28186
2.84497
3154.445
304.7266
76.08984
1.0
Obj_Plant_HopBush_A_02
0.1435487
0.02169413
-0.2361323
3657.172
119.9411
474.2148
0.907227
Obj_TreeZoraLow_B_02
0
-0.9599999
0
3054.378
237.5787
73.71817
1.0
Obj_RockLayerMossSet_A_05
0
1.721576
0
3194.222
107.2131
656.3314
1.0
Obj_MineralBury_A_01
0.5603819
-0.1379999
0.4713988
2987.5
372.5132
341
1.0
Obj_TreeConiferous_C_03
0
-0.68
0
3781.592
151.0725
351.0838
1.0
Obj_LiftRockWhite_Korok_A_01
0
-1.619998
0
3269.483
105.6513
654.25
1.0
Item_Plant_A
0
-1.230347
0
4006.742
134.6233
302.4063
1.0
Obj_TreeZoraLow_A_02
0
-1.18
0
3238.294
334.444
41.31653
1.0
EnvSeEmitPointBirdWet
2.63977
0.6096191
2.79895
3823.82
136.4063
420.9961
1.0
Item_Mushroom_J
-2.404999
-0.4209768
2.786692
3197.444
312.465
84.87592
1.0
Obj_LiftRockWhite_Korok_A_01
0
-1.260002
0
3951.221
106.52
699.5725
1.0
FldObj_RockZora_A_L_02
-3.044571
1.040911
3.124832
3322.916
369.9667
31.0058
1.0
FldObj_RiverPile_A_01
-0.2200009
0.6118202
3.552274E-07
3125.919
114.6683
445.1328
1.0
Obj_TreeBroadleaf_A_LL
0
-0.5
0
3321.5
119.3486
475.5597
1.0
Obj_TreeConiferous_A_01
0
-0.32
0
3532.355
253.1176
336.4908
1.0
Animal_Fish_K
-2.88422
0.1863061
3.104547
3754.387
105.5502
506.8784
1.0
Obj_TreeZoraLow_B_02
0
0.7
0
3523.025
252.4776
340.805
1.0
Enemy_Moriblin_Bone_Junior
2.921531
-0.6919084
-3.065025
3379.024
120.8575
662.6429
1.0
Obj_TreeConiferous_A_02
0
1.16
0
3554.491
253.3795
356.1737
1.0
EnvSeEmitPointInsectTemperate
0
0.08984374
0
3944.652
139.6367
290.6719
1.0
EnvSeEmitPointBirdWet
0
-0.1954346
0
3484.617
351.0273
37.03125
1.0
Obj_TreeConiferous_A_02
0
0
0
3520.645
253.666
336.0248
1.0
Obj_TreeConiferous_C_01
0
-1.14
0
3823.067
156.0663
345.285
1.0
Item_Mushroom_D
-1.491943
1.07019
-2.431762
3146.496
292.9805
924.457
1.0
Obj_Plant_CypressLow_A_01
-2.927913
-0.1712857
3.050792
3146.833
128.5581
539.8248
1.062152
FldObj_WaterFallLanayru_A_S_01
-2.976686
-0.5219724
3.132389
3205.722
307.181
18.85031
0.9
FldObj_Puddle_A_01
0
0
0
3227.612
332.5789
56.66
1.0
Obj_TreeConiferous_C_02
0
0
0
3981.031
136.3105
317.1972
1.1
Animal_Insect_K
0
0.5581768
0
3874.456
106.6064
675.35
1.0
Obj_TreeConiferous_C_03
0
-1.02
0
3769.635
117.074
426.0088
1.0
Obj_Plant_Shrub_A_02
0.3264964
-0.1563087
-0.1294712
3490.098
255.3708
350.4219
1.025391
Obj_Plant_CypressLow_A_02
0.3622545
1.074295
0.3735071
3322.677
119.9919
543.9506
1.040755
Obj_Plant_Shrub_A_02
-0.4917367
0.4561188
0.07632393
3146.09
296.8348
87.20313
0.897949
Obj_TreeConiferous_C_01
0
-0.05999952
0
3908.743
139.5087
391.3516
1.1
FldObj_HyrulePrairieRock_A_02
-1.791324
-0.8696638
1.275207
3127.127
119.1359
498.298
1.0
Item_Mushroom_D
-0.1497238
-1.305542
1.804397
3199.191
325.5143
69.35321
1.0
Obj_TreeConiferous_C_02
0
0
0
3781.81
142.2042
387.0591
1.0
Item_Mushroom_D
-2.033936
0.2474365
2.953491
3979.605
371.8203
881.418
1.0
Obj_TreeConiferous_C_03
0
0.9031972
0
3894.236
132.9651
445.4236
1.0
Animal_LittleBird_A
0
1.62
0
3487.018
257.6247
335.9824
1.0
Obj_Plant_CypressLow_A_02
0.2032027
1.110309
0.07117419
3671.234
113.1121
478.8867
1.081543
Obj_TreeConiferous_A_01
0
-1.44
0
3058.635
237.6962
76.24921
1.0
FldObj_RockBeach_A_S_02
0
2.001592
0
3798.597
106.4403
695.27
1.0
FldObj_RockZora_A_L_02
0
0
0
3640.617
312.1244
294.55
1.0
Obj_MineralBury_A_01
0.4644304
-0.04856944
0.2047064
2919
357.3833
312.4999
1.0
FldObj_RockBeachLump_A_L_01
0
-2.26
0
3999.789
134.5923
321.546
1.0
Obj_BreakBoxIron
0.1228824
-0.01164852
0.3378793
3242.364
334.9628
58.06451
1.0
Obj_LiftRockWhite_A_01
-0.05854262
0.002656249
0.09065782
3326.157
374.1027
8.11026
1.0
Obj_Plant_CypressLow_A_02
-0.7969495
1.329882
-1.003742
3333.678
119.1592
499.1642
1.0
Obj_LiftRockWhite_Korok_A_01
0
3.1
0
3385.552
118.6447
981.4139
1.0
Obj_TreeConiferous_C_02
0
1.28
0
3841.211
151.6026
378.1096
1.0
TBox_Field_Iron
-0.09463318
0.6275948
-0.225143
3301.295
137.5173
609.8622
1.0
Obj_TreeConiferous_C_01
0
0
0
3854.445
113.978
457.7946
1.1
EnvSeEmitPointInsectTemperate
3.141479
1.563721
3.141479
3131.383
278.5195
133.1367
1.0
Animal_LittleBird_F
0
0
0
4014.702
122.8983
726.8602
1.0
FldObj_RockZoraSet_A_01
3.031677
0.9419879
-3.129388
3049.125
238.8493
86.73993
1.0
Item_Plant_I
0
-1.48645
0
3558.051
253.2358
363.9609
1.0
Animal_Deer_A
0
-0.4599999
0
3746.36
387.2397
121.041
1.0
Item_Mushroom_E
-0.4196185
-0.1217821
-0.5235988
3187
282.5136
121
1.0
Obj_TreeZoraLow_A_02
0
0
0
3183.331
259.8627
26.18784
1.0
FldObj_RockZoraSet_A_01
-0.2905339
-0.2050816
0.1523779
3248.68
327.6777
69.09378
0.9
FldObj_HyrulePrairieRock_A_02
0.1574578
-0.02852654
0.1777493
3174.116
127.3758
532.7089
1.0
FldObj_RockZora_A_L_02
-0.12
0
0.4399999
3202.474
283.4457
158.4853
1.0
Obj_MineralGrain_A_04
0.5245801
0.1110066
-0.6994206
3079.775
326.2988
884.7437
1.0
Obj_Plant_CypressLow_A_01
-3.113168
-1.160353
3.048635
3228.841
125.7197
592.9407
1.062152
GrassCutTag
0
0
0
3530.5
251.2973
366.5
1.0
Obj_TreeConiferous_A_01
0
0
0
3119.065
277.8532
148.9859
1.0
Item_Mushroom_J
0
5.007464
0
3200.389
329.7445
66.59637
1.0
Obj_Plant_Shrub_A_01
0.4378373
1.117714
0.4464224
3184.245
263.4759
50.28094
1.0
FldObj_RockBeach_A_S_02
0
1.679999
0
3498.108
104.6301
852.2487
1.0
FldObj_RockZoraSet_A_01
0.07486372
0.4339953
0.1765125
3240.614
292.8336
132.1776
1.0
Obj_TreeZoraLow_A_02
0
1.940099
0
3628.651
309.5356
329.1007
1.0
FldObj_HyrulePrairieRock_A_01
0
0
0
3136.88
121.2856
505.5776
1.2
Obj_LiftRockWhite_Korok_A_01
0
-1.380001
0
3954.196
106.2039
698.7355
1.0
Obj_MineralGrain_A_04
1.709342
1.3459
1.004339
4042.432
114.7759
743.7656
1.0
Obj_LiftRockWhite_Korok_A_01
0
-2.363185
0
3385.536
119.2894
984.4537
1.0
FldObj_RockBeachLump_A_L_01
0
-0.3199998
0
3288.189
105.7816
655.2529
1.0
FldObj_HyrulePrairieRock_A_02
-2.998403
0.619912
2.999569
3330.17
119.1857
524.1433
0.8
Obj_Plant_CypressLow_A_01
-0.1331645
-0.6400869
-0.00162831
3071.692
146.8678
530.8113
0.9
Obj_Plant_CypressLow_A_02
-2.735036
-1.466542
2.661141
3344.606
118.4308
490.4289
1.0
Obj_Plant_Shrub_A_01
-0.4718114
0.8038548
-0.4570793
3149.262
253.0877
246.1719
0.876465
Animal_Doe_A
0
2.356194
0
3254.5
297.6609
152.5
1.0
Area
0
-2.299997
0
3622.781
309.5013
314.0703
25
Obj_TreeConiferous_C_01
0
-0.6600001
0
3927.651
135.7282
320.5958
1.1
FldObj_RockZora_A_L_02
0
0
0
3010.257
291.2886
373.0142
1.0
Obj_Plant_Shrub_A_02
0.9818382
1.125047
0.9561294
3580.266
306.2268
310.0234
0.90332
Obj_TreeConiferous_A_01
0
1.48
0
3396.376
343.9518
22.02786
1.0
Obj_MineralBury_A_01
1.033438
-0.3426988
0.5912421
2984
365.3585
340.5
1.0
FldObj_RockZoraSet_A_03
0.12
0.94
0
3110.903
272.2958
129.379
1.0
FldObj_RockZora_A_M_04
-2.401592
-0.6215929
-3.141592
2916.488
319.2368
165.792
1.0
Item_Mushroom_E
3.141479
0.4407959
3.141479
3546.832
252.1691
389.7383
1.0
Obj_TreeConiferous_A_02
0
6.048132
0
3157.64
297.1722
71.98126
1.0
Item_Plant_C
0
0
0
3065.436
380.0911
274.9882
1.0
Obj_Mineral_B_01
0
0
0
2911.721
317.8666
166.3932
1.0
Obj_Plant_Shrub_A_02
-0.1101716
0.5356504
-0.3532098
3173.988
297.1789
93.76563
0.873535
Obj_TreeBroadleafLow_A_02
0
1.56
0
3029.231
160.3404
558.31
1.0
Obj_Plant_HopBush_A_01
3.101209
0.02164906
3.086598
3324.926
120.449
540.0708
1.0
Obj_Plant_Shrub_A_01
-0.1281855
0.3324315
0.3806845
3143.445
294.744
83.16016
0.890137
Obj_TreeConiferous_A_01
0
0.8400001
0
3513.663
257.7489
264.591
1.0
Animal_Fish_F
0
0.4199999
0
3276.896
104.8976
669.1221
1.0
Obj_TreeConiferous_A_01
0
0
0
3562.239
253.362
383.4578
1.0
Item_Plant_C
0.06858996
-0.002456024
0.07155606
3357.906
120.3296
630.7628
1.0
Obj_TreeConiferous_C_03
0
-1.92
0
3962.647
143.8636
415.429
1.0
GrassCutTag
0
0
0
3533
252.3387
351.5
1.0
Obj_TreeConiferous_A_02
0
-1.38
0
3519.375
251.1314
357.0212
1.0
Obj_TreeConiferous_A_02
0
1.16
0
3108.155
277.5468
141.979
1.0
EnvSeEmitPointInsectTemperate
-0.1237793
-0.1748047
0.4456787
3511.234
267.1484
294.582
1.0
Obj_Plant_Shrub_A_02
-0.4743934
-1.158696
0.8675168
3188.235
264.3526
57.47369
1.0
Obj_TreeConiferous_A_01
0
0
0
3545.722
252.2771
376.6817
1.0
FldObj_RockZoraCliff_B_02
3.009982
0.4503129
-3.075792
3167.455
296.9098
67.77722
1.1
Obj_Mineral_A_01
0.03262855
-0.002440554
0.1493051
2913.308
363.2693
174.1011
1.0
Animal_LittleBird_F
0
0
0
3911.049
132.5894
713.7846
1.0
Obj_TreeConiferous_A_02
0
-0.9999996
0
3514.546
251.6107
379.936
1.1
Obj_RockSetGray_A_02
0
-0.6
0
3266.748
123.6089
555.5723
1.0
Obj_TreeConiferous_C_02
0
0.9400001
0
3827.794
110.1053
467.9588
1.0
Item_Plant_I
0
0.3765869
0
3150.945
295.6207
76.57031
1.0
FldObj_RockZoraSet_A_01
2.862839
-1.008214
-2.890523
3269.843
347.166
22.31909
1.0
Obj_MineralGrain_A_04
-0.165592
-0.7614489
0.05372348
4048.964
110.5931
745.2817
1.0
EnvSeEmitPointBirdWet
0.3083496
-0.6269531
-0.005493162
3602.992
319.7148
302.4063
1.0
Obj_MineralGrain_A_04
1.398662
0.245529
2.141178
2984.636
365.8187
340.1871
1.0
Obj_Plant_CypressLow_A_01
0
-0.4962158
0
3715.441
108.8192
475.3711
0.959473
FldObj_RockZora_A_L_02
0
0.26
0
3189.87
255.6549
12.79639
0.8
Obj_Plant_Shrub_A_02
0.003638512
0.0002502103
-0.137317
3214.157
333.0621
88.24225
1.0
FldObj_Puddle_A_01
0
0
0
3317.2
117.7
442.1
1.0
Obj_MineralBury_A_01
-0.05579409
-0.5575095
1.675972
2914.558
386.3617
162.2728
1.0
Obj_MineralBury_A_01
-0.00252385
0.0004944111
0.3868895
2961.5
275.5395
84
1.0
GrassCutTag
0
-0.3395757
0
3955.191
144.1781
400.8667
1.0
FldObj_RockZora_A_L_02
0
0.3000001
0.2799999
3267.677
339.904
50.086
1.0
Animal_Insect_Z
0
0
0
3091.903
239.6721
80.15854
1.0
Item_Mushroom_J
-0.4493171
-0.02560083
-0.11192
3187
270.5628
80.99997
1.0
Obj_Plant_CypressLow_A_01
1.114671
-1.14975
-0.9284886
3841.008
113.7161
443.9883
0.896973
FldObj_EnemyLookout_B_01
0
-1.68
0
3928.051
142.4843
395.7915
1.0
Item_Fruit_A
0
0
0
3227.5
332.5789
58.49997
1.0
Obj_TreeConiferous_A_01
0
0
0
3146.26
255.0943
254.5193
1.0
Obj_LiftRockWhite_Korok_A_01
0
2.663182
0
3947.902
106.2422
697.002
1.0
Item_Mushroom_E
0
0.6491699
0
3391.02
307.7047
81.85938
1.0
Obj_Plant_HopBush_A_01
0.1073028
1.175691
0.0221562
3653.492
120.3616
475.8867
0.965332
Animal_WildGoat_A
0
0
0
3872.979
133.1412
714.1479
1.0
Obj_TreeConiferous_A_01
0
1.56
0
3148.01
253.05
245.7032
1.0
FldObj_RockBeach_A_S_02
0
2.523185
0
3522.114
104.3101
811.8047
1.0
Obj_MineralGrain_A_04
-0.03335693
0.1839868
-0.5607157
4045.345
112.3666
741.9999
1.0
Obj_TreeConiferous_A_02
0
0
0
3500.396
251.4023
363.7675
1.0
Obj_TreeConiferous_C_02
0
-2.379999
0
3746.541
131.7423
395.8654
1.1
Obj_Plant_Shrub_A_01
0.1846334
1.183065
-0.2828811
3382.215
309.1297
81.46875
0.947754
Obj_RockGray_A_L_01
0
-0.7399999
0
3398.898
124.6576
598.322
1.0
Area
0
-2.299997
0
3622.781
309.5013
314.0703
100
Obj_Plant_CypressLow_A_01
-3.088093
-1.162845
-2.957434
3182.242
129.3116
512.9946
1.062152
Obj_TreeConiferous_A_02
0
3.758274
0
3471.146
341.6508
29.83774
1.0
FldObj_RockBeach_A_S_02
0
-1.8
0
3827.142
105.0933
541.0452
1.0
Obj_TreeBroadleafLow_A_02
0
0
0
3150.735
117.9481
483.3553
1.0
Obj_TreeConiferous_C_01
0
-2.64
0
3598.918
125.9682
577.8284
1.1
Obj_Mineral_A_01
0
0
0
3460.757
115.179
897.1583
1.0
Obj_LiftRockWhite_Korok_A_01
0
-2.399998
0
3272.087
105.6513
659.5862
1.0
Item_Mushroom_E
0
0
0
3201
272.1263
87.99997
1.0
Area
0
0
0
3530.5
252.5
366.5
75
Obj_TreeConiferous_A_01
0
3.409954
0
3048.772
252.7769
776.5117
1.0
Obj_RockGray_A_L_02
0.18
0.48
0
3298.047
119.5927
550.6266
1.0
AscendingCurrent_Slant
-0.2652312
1.227634
-0.07074388
3906.503
149.2267
292.5377
1.0
FldObj_RockBeachLump_A_L_01
0.06208146
0.2595214
0.01595036
3963.825
136.8955
434.0669
1.0
Obj_TreeConiferous_C_01
0
-1.06
0
3778.284
146.3158
363.9774
1.1
Obj_Plant_CypressLow_A_02
-0.4036723
0.016918
0.1621517
3379.101
116.6843
978.0474
1.0
FldObj_WaterFallLanayru_A_S_01
-3.041593
-1.521594
-3.141592
3199.465
328.8917
75.51413
1.0
Obj_TreeZoraLow_A_02
0
0
0
3112.102
278.0838
133.5457
1.0
Animal_LittleBird_A
0
-0.74
0
3521.701
251.5931
382.1093
1.0
Animal_Fish_K
0.6075858
0.8409043
0.0922735
3812.965
105.718
503.8065
1.0
Obj_TreeBroadleafLow_A_01
0
1.62
0
3279.72
130.1682
540.4482
1.0
FldObj_RockZoraSet_A_01
-0.4
0.6199999
0
3591.725
306.2835
297.8682
1.0
EnvSeEmitPointBirdWet
3.141479
-0.69458
3.141479
3600.594
133.4336
577.8359
1.0
Obj_MineralBury_A_01
0
0.14
0
4045.372
112.8125
743.1139
1.0
Obj_Plant_HopBush_A_02
0.5636474
-1.116511
-0.3864906
3773.336
145.3519
363.5547
0.943848
TBox_Field_Iron
0.08293588
0.9530587
0.05170822
3685.212
102.1401
665.067
1.0
Animal_Doe_A
0
2.356194
0
3112.5
249.1963
267
1.0
Obj_TreeConiferous_C_02
0
1.16
0
3750.167
111.5487
433.6301
1.1
Item_Plant_A
-0.117916
-0.00129166
-0.02188188
3815.775
406.6858
30.37796
1.0
Obj_Plant_HopBush_A_01
0.8142943
-1.238337
-0.9069594
3645.531
108.8618
607.5156
0.920898
FldObj_RockZoraSet_A_02
-2.883185
-0.76
0.42
3107.605
272.5891
118.6104
1.0
Obj_TreeConiferous_C_02
0
0.9
0
3646.315
122.3132
478.0264
1.0
Obj_Plant_CypressLow_A_01
-0.1179486
-0.8930706
0.02957927
3355.254
119.5774
574.8203
1.078125
Obj_Plant_HopBush_A_01
-0.009774939
0.0003504094
0.07166418
3221.72
125.7996
597.9826
0.89
Animal_WildGoat_A
0
0
0
3869.788
134.4362
718.9175
1.0
Obj_LiftRockWhite_Korok_A_01
0
2.663182
0
3955.427
105.7873
694.6761
1.0
FldObj_ArtifactZoraCandlestick_A_01
0
-0.4712389
0
3179.895
263.4546
62.14014
1.0
Obj_TreeConiferous_A_02
0
2.598413
0
3463.427
343.5356
37.87546
1.0
Obj_TreeZoraLow_A_02
0
0.6599999
0
3558.633
253.1715
386.759
1.0
Obj_MineralBury_A_01
0
-2.403185
0
3080.631
326.2415
884.6484
1.0
Obj_Plant_CypressLow_A_02
2.994151
0.02065123
3.083232
3325.328
119.7785
545.338
0.9236203
Obj_TreeConiferous_A_01
0
-1.699999
0
3551.81
253.2702
367.6031
1.0
Item_Mushroom_J
0
0.3000002
0.18
3202.339
327.783
86.54199
1.0
Item_Mushroom_E
0
-1.570796
0
3201
272.0472
86.49997
1.0
Obj_MineralBury_A_01
0
0
0
3466.25
116.948
888.8621
1.0
Obj_MineralBury_A_01
-0.007800042
0.0002239479
0.05740617
3138.115
213.6629
51.15106
1.0
EnvSeEmitPointInsectTemperate
-2.375122
1.116821
-2.491943
3147.699
252.8281
245.125
1.0
Obj_MineralGrain_A_04
0.6527699
-0.128776
0.4411465
3424.193
318.7912
85.00876
1.0
Item_Mushroom_J
0
2.971202
0
3200.539
329.7334
66.79129
1.0
Obj_Plant_CypressLow_A_01
0
0.2330322
0
3335.512
118.0437
470.7109
0.87793
Obj_MineralBury_A_01
-0.3574967
0.3571812
-0.3770643
3067.472
184.7771
649.9534
1.0
Item_Mushroom_D
-1.929932
-0.7473144
2.728271
3707.297
164.7305
780.7109
1.0
Obj_TreeBroadleafLow_A_01
0
-0.76
0
3422.284
145.7266
517.1188
1.0
Obj_Mineral_A_01
0.05208076
-0.05921137
-0.4756021
3084.581
270.4729
281.8081
1.0
FldObj_RockBeachLump_A_L_01
-0.02867517
0.3057717
0.1799706
3829.898
113.5441
434.1309
1.0
FldObj_RockZoraSet_A_01
-2.691525
0.5911365
-2.352011
3083.472
255.4057
118.4291
1.1
FldObj_RockZoraCliff_B_02
-3.140481
0.1183743
-3.081471
3159.655
289.6328
63.33203
1.1
Obj_Plant_Shrub_A_02
0.7076998
-1.339438
-0.7368639
3385.652
308.0453
86.96875
0.869629
FldObj_RockZoraCliff_B_03
0
-2.099999
0
3187.725
258.4734
7.687531
0.95
Obj_MineralBury_A_01
0.7695906
-0.3771417
0.8807268
2915.326
367.5986
176.0214
1.0
Item_Mushroom_D
2.248261
-1.333611
-0.6953894
3203.137
298.6772
71.04813
1.0
Item_Mushroom_E
3.031395
0.7771626
2.932058
3229.5
282.3511
168
1.0
Obj_TreeConiferous_A_02
0
1.74
0
3649.857
311.5373
322.6669
1.1
Obj_Plant_Shrub_A_01
-0.7840734
-0.9947608
0.5267653
3152.43
252.3506
245.2031
0.972656
Obj_LiftRockWhite_Korok_A_01
0
-0.2999978
0
3270.584
105.6513
660.2052
1.0
Obj_Plant_Shrub_A_02
0.4553542
-0.01485965
0.06411404
3271.882
302.7175
117.2073
1.0
Obj_TreeConiferous_A_02
0
-2.6
0
3412.347
342.2056
54.75339
1.0
FldObj_RockZoraCliff_B_02
3.101593
-0.3815924
3.141593
3071.759
230.7122
58.7186
1.0
Obj_Plant_CypressLow_A_01
0.08069725
1.319858
0.01415082
3218.287
125.7339
590.4836
1.0
FldObj_RockBeachLump_A_L_01
-0.1562157
-0.05639763
-0.1302843
3618.873
117.8004
508.9027
1.0
FldObj_RockBeachLump_A_L_01
0
0.4599999
0
3673.471
112.9939
460.7942
1.0
Obj_TreeConiferous_C_02
0
0.8399997
0
3930.061
142.4912
418.673
1.0
Weapon_Spear_009
1.908333
0.8513369
0.2580964
3220.809
337.4417
83.39716
1.0
FldObj_RockZoraSet_A_02
0
-2.254299
0
3203.425
309.0017
21.95615
1.0
Obj_Plant_Shrub_A_02
-0.06565251
-0.04173224
0.1045704
3153.277
297.7953
84.95703
0.979004
EnvSeEmitPointBirdWet
-2.026123
-0.7062988
-2.984497
3320.832
127.8906
475.6523
1.0
Obj_LiftRockWhite_Korok_A_01
0
-0.7999982
0
3268.188
105.6513
655.2092
1.0
Obj_TreeConiferous_C_01
0
0
0
3699.963
112.0305
452.854
1.0
Animal_Fish_G
0
-1.68
0
3910.781
104.8976
556.3843
1.0
Item_Mushroom_D
-2.014404
0.2344971
-2.81372
3012.164
300.0625
851.5078
1.0
Obj_MineralGrain_A_04
0.7695906
-0.3771417
0.8807269
2914.911
367.5973
174.9016
1.0
Obj_Plant_CypressLow_A_02
0.1200645
-0.5328351
0.1104785
3361.039
119.8846
641.4727
1.074219
Obj_TreeConiferous_C_03
0
0.5399998
0
3604.868
122.0532
591.5688
1.0
Item_Plant_A
0
0.5993652
0
3440.418
182.0532
290.3594
1.0
Animal_LittleBird_A
0
0.54
0
3485.533
257.6109
335.1833
1.0
Obj_TreeZoraLow_B_02
0
0
0
3145.175
295.4359
82.49744
1.0
Obj_TreeZoraLow_A_01
0
2.1
0
3186.899
264.1306
49.49832
1.0
Obj_LiftRockWhite_Korok_A_01
0
-1.260002
0
3952.262
105.7593
692.0294
1.0
Obj_TreeZoraLow_B_01
0
0.4226587
0
3526.002
252.2015
344.1475
1.0
Obj_MineralGrain_A_04
-3.094358
0.571664
-2.650374
3465.21
116.2219
890.4688
1.0
Obj_Plant_Shrub_A_01
0.3987808
-1.270599
-0.3836254
3166.426
298.1195
87.65234
1.047852
Animal_LittleBird_F
0
0
0
3780.075
115.2408
715.6277
1.0
Item_Mushroom_D
-2.233032
0.3657226
3.021972
3236.148
140.0195
769.2617
1.0
Obj_TreeConiferous_A_02
0
0
0
3547.843
254.8616
343.6147
1.0
Item_Mushroom_F
0
-0.7705078
0
3569.352
253.8309
385.4336
1.0
Obj_TreeConiferous_A_01
0
-0.6399999
0
3128.133
248.4051
224.0031
1.0
Obj_Plant_HopBush_C_Snow_01
0.205123
0.8793942
0.5379189
3921.68
418.8287
951.0234
0.871094
Obj_Mineral_C_01
0
0
0
3540.757
317.3543
1237.984
1.0
Animal_Insect_A
0
1.22
0
3071.019
238.8024
78.9715
1.0
FldObj_Puddle_A_01
0
-0.22
0
3250.631
335.5174
52.70612
1.0
Obj_MineralGrain_A_04
0.2249445
0.5913548
0.5785781
3540.776
317.1243
1237.609
1.0
Item_Mushroom_D
-2.093262
0.2093506
2.821777
3206.113
153.7852
762.5391
1.0
SpotBgmTag
0
0
0
3333.88
119
401.56
40
Item_Mushroom_J
2.282503
1.465068
2.285273
3202.201
327.7118
86.99484
1.0
Animal_Bull_A
0
-0.26
0
3445.444
156.3509
413.0936
1.0
EnvSeEmitPointBirdWet
3.141479
0.5373535
3.141479
3531.922
259.8555
401.1563
1.0
Item_CookSet
0
0
0
3219.033
333.0849
95.01566
1.0
Obj_TreeConiferous_A_01
0
2.041593
0
3430.816
342.2681
56.61774
1.0
KibakoZora_Contain_01
-0.007542801
-0.005197005
-0.004778365
3216.889
334.2668
63.29645
1.0
EnvSeEmitPointInsectTemperate
3.141479
-1.475464
3.141479
3639.711
124.0352
458.2188
1.0
Obj_TreeConiferous_A_02
0
0.8599999
0
3052.541
237.5373
75.905
1.0
KibakoZora_Contain_01
0.006604617
0.2150405
-0.001512318
3224.57
334.0968
90.43639
1.0
Item_Mushroom_J
-0.2273637
0.01296681
0.1134502
3198
279.0659
118
1.0
EnvSeEmitPointBirdWet
0
-0.9731445
0
3150.961
306.082
89.29297
1.0
TwnObj_BridgeWoodSmall_A_01
0
-2.559999
0
3149.535
115.0042
453.5413
1.0
Obj_TreeConiferous_C_03
0
0.82
0
3671.453
112.8962
480.6656
1.0
Obj_LiftRockWhite_Korok_A_01
0
-2.483185
0
3381.188
118.9747
985.4322
1.0
Item_Mushroom_J
3.141479
1.097046
3.141479
3145.418
292.4265
72.50391
1.0
Obj_Plant_CypressLow_A_01
2.958021
-1.168989
2.919358
3138.989
126.4182
598.8848
1.062152
EnvSeEmitPointBirdTemperate
0
0.3359375
0
3050.098
260.7656
778.8164
1.0
Obj_TreeConiferous_A_01
0
1.02
0
3433.212
342.5954
61.98651
1.0
EnvSeEmitPointInsectTemperate
-3.137451
0.3159179
-2.814941
3242.496
287.0625
169.5898
1.0
EnvSeEmitPointInsectTemperate
0
-0.6602783
0
3750.707
111.5273
433.0664
1.0
Obj_Plant_HopBush_A_01
-0.07535037
-0.2870018
-0.07320758
3067.851
147.7769
537.1927
1.0
TBox_Field_Iron
-0.01293614
0.001296864
0.01246507
3139.999
239.1376
198.9982
1.0
EnvSeEmitPointBirdWet
3.141479
-0.04296875
3.141479
3428.258
154.2148
519.4063
1.0
Area
0
0.6600006
0
3140.793
117.0672
474.4648
40
Obj_Plant_HopBush_A_01
0
-0.0855713
0
3334.352
117.9499
466.6289
0.994141
Obj_MineralGrain_A_02
0.02194441
0.001625974
-0.1479141
2913.875
317.4576
159.5021
1.0
FldObj_RockBeachLump_A_M_01
0
0
0
3987.043
137.2548
325.0213
1.0
EnvSeEmitPointInsectTemperate
-1.342773
1.043701
-1.286499
3560.137
124.7266
533.0781
1.0
FldObj_RockBeach_A_S_02
0
1.819999
0
4069.417
107.103
741.5828
1.0
Obj_TreeConiferous_C_03
0
-2.3
0
3801.521
144.7406
391.277
1.0
FldObj_RockBeachLump_A_L_01
0.1066282
0.7412209
0.2726965
3882.385
135.3561
346.2178
1.0
Obj_Mineral_B_01
-0.18869
0.006777353
0.1050866
4066.292
364.5841
98.85339
1.0
Obj_Mineral_A_01
2.811561
0.6546175
2.935971
3954.257
107.8568
709.5873
1.0
Obj_MineralGrain_A_04
-1.952489
0.8268773
-2.270507
3079.174
269.7288
124.6043
1.0
Obj_Plant_Shrub_A_01
-2.856343
-0.5716797
-3.058384
3347.086
364.5804
16.03207
1.0
Obj_Plant_CypressLow_A_02
-0.09839292
0.3562221
-0.0498177
3431.789
139.77
549.6953
1.041504
Obj_TreeConiferous_C_02
0
2.239998
0
3768.817
143.454
367.5541
1.0
Obj_MineralGrain_A_04
-0.305957
-0.6483229
0.5610222
3967.326
109.6739
709.1461
1.0
Item_Plant_A
0.1010912
0.001276707
-0.009205321
3205.194
126.4184
598.2217
1.0
Animal_Fish_K
-0.103382
0.04280767
0.7846361
3727.372
105.0161
606.3279
1.0
Item_Plant_A
0
0.7533504
0
3269.796
301.6339
119.7851
1.0
Animal_Doe_A
0
-1.3
0
3732.913
395.314
105.343
1.0
EnvSeEmitPointInsectTemperate
0
1.486816
0
3514.254
251.4961
379.1953
1.0
Enemy_Lizalfos_Senior
0
0
0
3309.1
127.6278
504.1
1.0
Obj_MineralGrain_A_04
2.811274
-0.5130998
-2.501224
3538.003
316.2175
1235.553
1.0
Obj_Plant_Shrub_A_02
-0.1778654
0.003086044
0.03460553
3201.195
285.1286
144.9651
1.0
Obj_RockGray_A_L_03
0
-0.26
0
3391.8
123.7085
576.4775
1.0
EnvSeEmitPointBirdWet
0
0.7100829
0
3649.449
319.4414
321.9297
1.0
Enemy_Giant_Middle
0
-2.094395
0
3526.262
251.1763
364.9688
1.0
EnvSeEmitPointInsectTemperate
-0.2905273
0.1375732
-0.01696778
3150.086
126.8594
519.9297
1.0
FldObj_TravelerTrace_Mark_A_01
-0.2416942
-0.7301894
0.6065305
3219.5
288.1732
138.5
1.0
Item_Mushroom_A
-0.1088499
-0.004404231
-0.08079921
3007.802
239.835
70.26605
1.0
Animal_Deer_A
0
-0.18
0
3600.233
331.6974
258.6691
1.0
Obj_TreeConiferous_A_01
0
-1.08
0
3059.662
241.5252
88.64984
1.0
EnvSeEmitPointInsectTemperate
0
-1.127563
0
3855.141
117.8984
407.2266
1.0
Item_Mushroom_D
-1.389653
-0.9793956
2.931333
3201.415
322.4568
67.00757
1.0
Obj_TreeConiferous_C_01
0
-2.8
0
3619.125
123.6846
503.3968
1.0
EnvSeEmitPointBirdWet
1.375122
-1.305786
-1.440918
3618.316
131.707
503.5273
1.0
Item_Plant_O
-1.684347
-1.192114
2.538106
3098.456
256.0252
96.15292
1.0
Obj_Plant_HopBush_A_01
0.280335
0.08317366
-0.01159687
3647.609
109.3282
605.7617
0.992676
Obj_Plant_HopBush_A_02
-0.05349259
-0.006110192
-0.2274111
3061.748
149.0293
544.9023
0.98
Obj_Mineral_A_01
0.2599719
-0.01162098
0.08884022
2998.5
377.0663
331.5
1.0
Animal_Insect_K
0
0
0
3825.836
105.981
680.3724
1.0
Item_Mushroom_D
-2.291382
0.7227783
2.496338
3230.84
213.1641
837.5039
1.0
Obj_TreeBroadleafLow_A_02
0
0.7
0
3358.658
119.68
567.745
1.0
Obj_TreeConiferous_A_02
0
4.732363
0
3140.013
294.0734
83.66519
1.0
Obj_TreeConiferous_A_02
0
0
0
3562.621
254.6969
357.5443
1.11
TBox_Field_Iron
-0.01474577
-0.3990493
0.0130743
3640.214
104.7131
651.9041
1.0
Obj_LiftRockWhite_Korok_A_01
0
2.32
0
3380.236
118.5461
984.0589
1.0
Obj_LiftRockWhite_Korok_A_01
0
-0.919998
0
3273.468
105.6513
658.6451
1.0
Animal_Insect_Z
0
0
0
3088.348
237.7867
61.99362
1.0
Item_Mushroom_J
0
2.119006
0
3201.599
329.5847
69.37408
1.0
Obj_TreeZoraLow_B_02
0
0
0
3153.866
242.7901
220.2923
1.0
TBox_Field_Wood
3.088056
0.6008645
3.038612
3832.755
105.8194
502.7407
1.0
Obj_MineralBury_A_01
1.241136
-0.388072
0.536596
3155
261.7903
159
1.0
Obj_TreeConiferous_A_02
0
0
0
3570.05
253.7817
386.6013
1.0
FldObj_RockZoraSet_A_02
-1.64
0
0
3205.905
311.8466
27.43079
1.0
Obj_TreeConiferous_A_01
0
-0.9
0
3646.048
307.9848
336.6309
1.0
Obj_Plant_Shrub_A_02
-1.405921
1.267581
-1.414668
3143.355
252.8086
244.2734
0.962402
Item_Plant_B
0
0
0
3326.637
372.0492
16.7998
1.0
Animal_LittleBird_F
0
0
0
3774.177
114.437
716.144
1.0
Obj_TreeConiferous_A_01
0
0.7200001
0
3551.143
253.0215
363.3108
1.0
Obj_TreeConiferous_A_01
0
-1.52
0
3108.91
277.7876
136.6429
1.0
Obj_Plant_HopBush_A_01
0.4133473
-0.6679591
-0.5081186
3719.422
132.7018
405.8008
1.071777
Animal_Fish_K
0
0
0
3943.755
105.909
684.3431
1.0
SoundProxyWatefallS
-0.02047017
0.00436192
0.4198798
3199.4
328.8211
75.50159
1.0
Obj_Plant_Shrub_A_01
-2.536421
1.163287
-2.646384
3337.541
367.6971
49.11115
1.0
EnvSeEmitPointBirdWet
3.141479
0.08288573
3.141479
3636.465
131.668
468.125
1.0
Obj_Plant_CypressLow_A_02
-0.06398048
0.2259992
-0.1071399
3067.11
148.0872
543.4642
0.9607203
Item_Mushroom_F
0
0.336914
0
3151.934
250.9329
241.6758
1.0
Obj_Plant_HopBush_A_02
0.3729841
-0.7260869
-0.02590619
3776.961
145.9182
364.3047
1.081055
Weapon_Shield_001
-0.08712829
-0.006049844
-0.1507181
3223.525
332.8785
58.47805
1.0
Obj_TreeConiferous_A_01
0
1.04
0
3601.979
311.5569
302.3942
1.0
Obj_Plant_HopBush_A_02
-0.1493473
0.7336676
-0.2357567
3064.553
147.9358
533.6788
0.95
Item_Plant_I
0.06852511
0.003541465
-0.02899526
3593.922
311.2216
300.009
1.0
Item_Mushroom_J
3.141479
-0.7324218
3.141479
3555.5
253.5178
355.6602
1.0
FldObj_RockBeach_A_M_04
0
-2.739999
0
3474.493
96.80728
843.5508
1.0
Obj_Mineral_C_01
2.765339
-0.444294
2.606203
3807.396
299.4367
300.5844
1.0
Weapon_Shield_035
-0.1014734
0.01019007
-2.986972
3201.387
106.3683
653.4581
1.0
Obj_Plant_Shrub_A_02
-0.08112045
-0.01243649
-0.3040889
3225.938
333.0325
76.37125
1.0
Obj_TreeConiferousDead_A_01
0
0
0
3025.856
251.7305
764.7146
1.0
EnvSeEmitPointBirdWet
0.9943847
0.4223633
0.2962646
3792.879
158.2031
363.8555
1.0
Obj_TreeZoraLow_A_01
0
-1.22
0
3092.2
237.0647
62.55573
1.0
Obj_Mineral_A_01
0
0
0
3081.546
321.2909
887.4781
1.0
Obj_Plant_Shrub_A_02
0.4099262
0.01170348
-0.0562842
3271.74
301.4697
120.2294
1.0
Item_Mushroom_D
2.387451
1.088135
1.077759
3145.855
146.2891
349.5156
1.0
FldObj_RockBeachLump_A_L_01
2.716759
0.6023571
2.467806
3148.72
119.5391
627.1188
1.0
Obj_TreeConiferous_A_01
0
-1.943185
0
3066.008
237.2876
71.28284
1.0
EnvSeEmitPointInsectTemperate
1.375122
-1.305786
-1.440918
3618.316
123.6406
503.5273
1.0
FldObj_RockBeachLump_A_M_01
-0.02
0
0
3812.776
110.0839
476.973
1.0
Obj_Plant_HopBush_A_01
-0.1353827
-0.00822335
-0.1211498
3063.25
147.2015
526.5048
0.9
Obj_LiftRockWhite_Korok_A_01
0
-1.863185
0
3379.606
118.095
982.5602
1.0
Item_Plant_B
0
-0.002766826
0
3842.966
404.31
26.95221
1.0
Obj_Plant_HopBush_C_Snow_02
-0.1610716
-0.9290274
0.2947885
3850.602
405.3815
976.2617
0.93457
FldObj_EnemyLookout_B_01
0
-0.5800005
0
3946.602
143.7757
431.6411
1.0
Animal_Insect_A
0
0
0
3075.152
237.7503
74.27603
1.0
Obj_TreeConiferous_C_03
0
0.9
0
3855.789
117.8487
408.2112
1.0
FldObj_HyrulePrairieRock_A_02
-0.9782352
-0.6492966
1.403023
3242.958
122.3589
574.3756
1.0
EnvSeEmitPointBirdWet
0
-1.178589
0
3426.238
349.8789
63.42578
1.0
Obj_RockGray_A_L_03
0.9604885
1.028356
1.318529
3411.161
136.8086
548.1187
1.0
Obj_MineralBury_A_01
0.1847455
-0.7789916
-0.09741863
3068.5
279.0249
119
1.0
Obj_TreeBroadleafLow_A_02
0
1.799998
0
3348.434
119.56
510.511
1.0
Item_Mushroom_D
-2.555176
1.142578
2.524536
3285.281
172.6602
857.3203
1.0
Enemy_Lizalfos_Bone_Junior
2.701515
-0.9586309
-2.480347
3976.983
241.8518
244.2299
1.0
Item_Mushroom_J
-2.220478
0.691987
-2.442995
3193.959
311.5568
85.59253
1.0
Obj_Plant_Shrub_A_01
0.415621
-0.03902012
0.1845549
3270.937
303.0968
115.9763
1.0
Item_Plant_I
0
0.7800001
0
3603.862
311.7733
302.9362
1.0
Obj_Plant_CypressLow_A_01
0.3571353
0.3447636
0.2777808
3777.563
147.3556
358.6484
1.051758
Obj_Plant_HopBush_A_02
0.004239685
0.6806954
-0.09306051
3539.047
154.9686
581.1523
1.072754
Item_Plant_O
-1.895555
-0.9657561
-2.820921
3093.842
249.9078
91.58218
1.0
Obj_BreakBoxIron
-0.02483341
-0.0169914
0.0195177
3212.867
334.3292
76.6269
1.0
FldObj_RockBeachLump_A_L_01
2.907601
0.9627495
2.858958
3198.522
104.6662
673.7003
1.0
Obj_TreeConiferous_C_03
0
-2.36
0
3640.704
123.9151
459.2201
1.0
EnvSeEmitPointInsectTemperate
0
0.1313477
0
3465.047
136.0859
581.3438
1.0
Obj_TreeZoraLow_B_02
0
0
0
3255.467
298.2681
125.4734
1.0
SoundProxyWatefallS
0
0
0
3194.802
257.245
2.774506
1.0
FldObj_RockBeachLump_A_L_01
0
-2.6
0
3484.108
133.8074
572.5148
1.0
Animal_Insect_A
0
0
0
3072.24
240.5836
84.86682
1.0
Obj_TreeConiferous_C_03
0
-2.079995
0
3919.783
140.8924
400.7267
1.0
EnvSeEmitPointInsectTemperate
2.886108
-0.4873047
-2.72998
3769.934
116.9219
426.9648
1.0
Item_Plant_I
-0.1109574
0.9971607
-0.09434699
3836.912
153.9351
361.5289
1.0
Obj_TreeConiferous_C_02
0
1.52
0
3610.563
121.8608
585.3696
1.0
Obj_TreeConiferous_C_03
0
-1.240001
0
3664.673
110.6796
536.9301
1.0
Obj_TreeConiferous_A_01
0
-0.02000006
0
3546.4
252.039
390.5356
1.0
Obj_LiftRockWhite_A_01
0.07685468
0.009363162
-0.2423475
3228.5
282.5301
169
1.0
FldObj_RockBeachLump_A_M_01
0
0
-0.07999999
3675.563
109.5089
510.5858
1.0
Obj_Plant_HopBush_A_01
-0.06518452
0.06738199
-0.04879602
3475.309
159.6186
469.457
0.995117
FldObj_RockBeachLump_A_M_01
-3.047269
-0.4247415
-3.090258
3840.645
111.525
467.8104
1.0
Obj_Plant_CypressLow_A_01
0.2249305
-0.7159817
-0.3200943
3675.262
111.4324
486.2539
0.918945
Item_Mushroom_D
-2.278198
0.2854004
2.747192
3788.227
423.6563
1059.379
1.0
Obj_Plant_HopBush_A_02
-0.2456663
1.028305
-0.355559
3644.77
122.7834
474.9102
0.899414
Obj_TreeConiferous_A_02
0
0
0
3048.113
253.312
802.8906
1.0
Obj_Plant_CypressLow_A_02
-0.06950459
-0.006657682
-0.1909169
3056.528
150.2559
541.7386
0.9
Obj_BreakBoxIron
-0.07881028
-0.003300291
-0.02464711
3224.439
333.1388
67.14206
1.0
Obj_TreeZoraLow_B_01
0
0
0
3180.308
263.3837
40.62225
1.0
FldObj_RockZora_A_L_02
0
0
0
3852.072
360.7935
125.7103
1.0
Obj_TreeConiferous_A_01
0
-1.16
0
3020.101
239.9298
73.90295
1.0
Obj_TreeConiferous_C_01
0
0.86
0
3657.645
119.898
469.2406
1.1
FldObj_RockBeachLump_A_M_01
-0.54
0
0
3559.801
123.219
533.9216
1.0
Obj_Plant_CypressLow_A_01
-0.2855027
-0.4143707
0.262599
3553.633
118.5307
526.7188
0.899902
Item_Mushroom_E
-0.4184432
0.01521329
0.07162045
3199
277.3365
113.5
1.0
Obj_Mineral_A_01
0.04350013
-0.006190032
0.2826574
3425
319.0263
85.12503
1.0
Obj_TreeZoraLow_A_02
0
-1.04
0
3545.168
254.5111
336.618
1.0
Item_Mushroom_A
0
0
0
3316.951
379.8645
18.1246
1.0
EnvSeEmitPointBirdTemperate
3.141479
1.4198
3.141479
3226.113
242.9688
905.2227
1.0
FldObj_RockZoraSet_A_03
-0.1665313
0.5993824
-0.8444927
3114.345
267.9217
71.68228
1.0
Obj_TreeBroadleafLow_A_01
0
1.5
0
3434.141
140.2646
545.1141
1.0
EnvSeEmitPointBirdTemperate
0
-1.463989
0
3048.539
261.2227
800.2969
1.0
Obj_TreeZoraLow_A_02
0
0
0
3123.702
288.1608
77.39783
1.0
FldObj_RockBeachLump_A_M_01
2.616924
-1.49088
-2.618309
3680.066
106.8615
621.4576
1.0
Obj_TreeConiferous_A_01
0
0
0
3329.099
312.1985
105.3979
1.0
