UnitConfigName/__text
Rotate/value/0
Rotate/value/1
Rotate/value/2
Translate/value/0
Translate/value/1
Translate/value/2
_Scale
FldObj_RockBeachWall_A_01
-0.03676918
-0.7340793
-0.1621372
3762.141
122.8142
409.0604
1.0
SwitchTimeLag
2.841592
0.04159245
3.141593
3825.892
324.427
269.2253
1.0
LinkTagAnd
0
0
0
3732.5
408
54
1.0
FldObj_RockBeachWall_A_01
0.1121228
1.185421
0.3091392
3561.637
148.5159
585.9406
1.0
FldObj_RockZoraCliff_A_02_Far
0
-2.68
0
3137.563
237.7729
68.89594
1.0
FldObj_CliffGrayParts_A_07_Far
2.375741
-0.82421
2.570115
3434.192
117.6581
627.9374
1.0
FldObj_RockZoraRelief_A_M_06_ma
0
-0.26
0
3393.739
314.1801
49.76913
1.0
FldObj_CliffWhiteWall_A_01
2.214329
0.9673036
3.053074
3241.345
150.4507
846.0728
1.0
FldObj_RockZoraCliffWall_A_05_Far
3.070774
-1.401677
2.832265
3238.324
270.0499
33.57504
1.0
Item_Fruit_A
0
0
0
3355.131
126.2928
518.4172
1.0
FldObj_RockZoraCliffWall_A_02
3.128614
-0.5055463
-3.120697
3205.809
258.175
22.18182
1.0
FldObj_RockBeachWall_A_02_Far
-0.2647887
-0.08622717
0.0645746
3386.077
118.2782
660.5392
1.0
LinkTagOr
0.05153096
-0.002487567
0.09645036
3434.773
150.3712
524.944
1.0
Obj_RockSetGray_A_L_01
1.901592
0.1384071
3.141593
3329.86
120.3384
595.1597
1.0
Npc_HiddenKorokGround
0
-1.879999
0
3854.316
150.8158
352.2569
1.0
FldObj_RockBeachWall_A_01_Far
-0.24
0.7599999
0
3475.896
139.3601
516.3427
1.0
FldObj_RockZoraSet_A_05_Far
0.2677786
-1.062953
0.2224123
3277.718
360.8411
35.85284
1.0
FldObj_RockBeachWall_A_01
-0.12
-1.18
0
3356.279
140.6365
315.5076
1.0
FldObj_RockBeachWall_A_01_Far
-0.2596167
0.01308629
0.05855719
3537.79
146.3132
489.9177
1.0
FldObj_RockZoraLump_A_02_Far
-0.4320075
0.4237412
0.01868674
3626.295
285.2548
363.2036
1.0
FldObj_RockBeachWall_A_02_Far
0
3.063185
0
3197.877
124.4326
465.8916
1.0
Item_Fruit_A
0
-2.08
0
3150.745
134.047
523.2278
1.0
FldObj_RockZoraCliffWall_A_05_Far
-0.6043624
-0.7378545
0.04256456
3546.941
198.3142
71.74176
1.3
FldObj_RockBeachWall_A_02_Far
3.061593
1.321593
3.141593
3326.682
109.4976
791.7059
1.0
LinkTagPulse
0
0
0
3562.943
107.1442
626.3196
0.25
LinkTagAnd
0.6881949
0.4123114
-0.9127997
3305.809
394.0777
22.73148
1.0
FldObj_RockZoraSet_A_05_Far
0.08861594
-0.2270777
-0.04053501
3698.478
314.6403
295.6223
1.0
ActorObserverTag
0
0
0
3947.511
108.0896
694.049
1.0
FldObj_RockBeachWall_A_02
-0.5378124
-0.9361957
-0.1213118
3287.116
116.1051
440.779
1.2
FldObj_RockBeachWall_A_01_Far
-0.1902527
0.6066994
-0.0782797
3722.387
125.2088
417.3778
1.0
TwnObj_BrownStoneRuinWall_A_02
0
0
0
3345.3
117.9
496.9
1.0
LinkTagAnd
0
0
0
3729.368
624.0662
57.88269
3
LinkTagAnd
0
-1.581594
0
3271.149
108.4228
656.3209
1.0
Obj_Plant_Korok_A_01
0
1.121594
0
3455.123
143.5455
550.5181
1.0
FldObj_RockBeach_A_L_01
2.801593
0.578407
3.141593
3830.638
103.9509
484.6111
1.0
TwnObj_BrownStoneRuinWall_A_02_Far
0
0
0
3345.3
117.9
496.9
1.0
FldObj_RockZoraCliffWall_A_05
-0.1263511
0.3176177
-0.03965055
3576.916
240.8026
412.5433
1.0
TBox_Field_Wood
-0.02702191
-0.7399015
0.0349818
3152.004
117.212
477.9308
1.0
FldObj_CliffGrayParts_A_04_Far
1.580483
1.443119
2.472935
3300.286
127.9118
521.3282
1.0
Obj_Plant_Korok_A_01
0
1.261595
0
3509.608
129.2141
519.3438
1.0
Obj_LiftRockWhite_Korok_A_01
0
0
0
3267.583
105.7164
656.6958
1.0
FldObj_RockZoraCliff_A_03_Far
0.09497544
-0.9671108
-0.2839219
3649.703
351.8628
199.5483
1.0
Enemy_Lizalfos_Junior
0
-1.314599
0
3628.541
309.4955
312.4515
1.0
FldObj_RockZoraCliffWall_A_04
0
-0.7999999
0
3090.125
253.5908
100.2987
1.0
FldObj_CliffGrayParts_A_01
-0.5015177
0.4564119
0.5403512
3123.982
128.2622
542.887
1.0
FldObj_RockZoraCliffWall_A_03
-0.6031851
0.8546668
-0.1493963
4028.085
350.2095
38.59958
1.0
Npc_Musician_AoC_HeroZora
0
0
0
2958.5
406.6063
133.5
1.0
LocationTag
0
0
0
3333.5
119
404.5
1.0
Obj_RockBroken_A_02
0
0
0
3561.186
105.6254
625.5383
1.0
TwnObj_BrownStoneRuinPillar_A_01_Far
0
-3.141593
0
3326
108.86
443.39
1.0
FldObj_RockZoraSet_A_05_Far
3.041592
0.3584074
-3.141592
3625.51
309.4179
336.0403
1.0
FldObj_DLC_HeroMap_C_02
0
-0.3141593
0
3739.797
401.5156
53.38281
1.0
FldObj_RockBeachWall_A_01_Far
-0.12
-1.18
0
3356.279
140.6365
315.5076
1.0
DragonDropItemTarget
0
0
0
3766.9
105.8976
575.2
1.0
Item_Fruit_A
0
-2.08
0
3147.689
132.247
528.3935
1.0
FldObj_RockBeachWall_A_01_Far
-0.36
0.9799997
0
3640.372
120.9071
477.441
1.0
LinkTagAnd
0
0
0
3729.84
625.4655
57.01483
5
FldObj_RockZoraLump_A_01
2.2343
0.4714113
-1.850352
3279.642
340.0879
3.685791
1.0
FldObj_RockZoraCliffWall_A_01_Far
0
3.023186
0
3180.938
260.7437
51.37482
1.0
FldObj_RockZoraCliffWall_A_01_Far
0
0
0
3218.14
308.0585
37.96057
1.0
LinkTagNOr
2.819889
0.9894791
3.004595
3146.585
117.4571
473.5941
1.0
FldObj_RockBeach_A_M_01_Far
-2.690798
-1.273389
2.690874
3673.364
105.4324
624.8698
1.0
Enemy_Lizalfos_Middle
0
-1.570796
0
3337.2
118.2223
476.9
1.0
FldObj_RockBeach_A_L_01_Far
-0.663453
0.566338
0.1253834
3660.566
111.4993
750.2466
1.0
EventTag
0
-0.5235988
0
3335.5
119
407.5
0.6
FldObj_CliffWhiteWall_A_01
2.272837
0.1427595
3.125661
3071.01
351.9162
989.5043
1.0
Enemy_Lizalfos_Middle
0
-1.579531
0
3960.318
143.3734
400.9505
1.0
FldObj_RockBeachWall_A_01
2.825322
-1.442083
2.957679
3887.058
132.0247
425.9366
0.9
FldObj_RockZoraCliffWall_A_05_Far
-0.3777272
0.6352425
0.0982906
4085.599
238.1717
158.0309
1.0
Npc_HiddenKorokGround
0
0
0
3303.744
393.3527
22.58359
1.0
FldObj_RockBeachWall_A_04
-0.2939626
-1.232761
0.41842
3472.682
148.8295
554.5305
1.0
LinkTagOr
0.9275138
-0.8422858
-1.060788
3489.615
133.0276
537.7198
1.0
FldObj_MountainLanayruWall_A_01_Far
2.692842
-0.2535025
-3.103335
3758.777
162.8367
823.1558
1.2
SwitchTimeLag
0
0
0
2979.871
278.2181
365.5474
1.0
FldObj_RockZoraCliffWall_A_02_Far
1.102137
-1.540342
-1.234952
3228.315
331.7837
61.07468
1.0
TwnObj_BrownStoneRuinWall_A_02_Far
0
-1.570796
0
3329.959
118.3774
488.5521
1.0
LinkTagNAnd
0
-1.879998
0
3507.507
132.2141
516.057
1.0
FldObj_RockZoraCliffWall_A_06
0
-0.8999999
0
3123.841
285.5302
104.9947
1.0
AnchorAction1
0
0.3803047
0
3734.999
399.3603
43.89532
1.0
FldObj_RockZoraCliffWall_A_06_Far
-0.1170566
-0.2962459
-0.8545036
3293.484
321.2882
76.51746
1.0
FldObj_RockBeachWall_A_01
-0.2596167
0.01308629
0.05855719
3537.79
146.3132
489.9177
1.0
Item_Fruit_A
0
1.053661
0
3430.386
149.9708
501.4281
1.0
ConstraintDummy
0
-0.6886416
0
3955.239
156.5234
408.6768
1.0
FldObj_RockZoraSet_A_05
0.09999999
-0.76
0
3497.052
165.3391
431.984
1.0
FldObj_RockBeachWall_A_02
3.029431
-0.6621292
3.129462
3620.819
114.5781
800.3049
1.0
LinkTagAnd
-0.1988772
0.1074969
0.07550081
3138.108
116.8403
477.0579
1.0
Area
0
0
0
3739.797
401.6953
53.38281
13
FldObj_RockBeachWall_A_01
2.858893
0.432505
-3.125052
3607.518
118.9732
549.5215
1.0
FldObj_RockZoraCliffWall_A_03_Far
-0.1898562
-0.08889075
0.05587553
3217.579
250.806
147.5367
1.0
FldObj_RockZoraCliff_A_04_Far
0
-1.040004
0
3392.748
341.998
54.90372
1.0
FldObj_RockZoraCliffWall_A_06
-0.4953477
0.5338181
-0.1044812
3112.582
268.2351
134.0251
1.1
FldObj_RockZoraCliff_A_02
-0.1588542
-0.3807663
0.0008781907
3209.822
234.8891
171.3492
1.0
FldObj_RockBeachWall_A_01_Far
-0.2286132
0.2730758
-0.06267066
3514.518
148.0959
618.0406
1.0
LinkTagOr
0.05153096
-0.002487567
0.09645036
3434.87
149.3772
524.8925
1.0
FldObj_RockZoraCliffWall_A_08_Far
0
0
0
2987.989
389.4384
243.2081
1.0
FldObj_RockBeachWall_A_01_Far
2.072994
0.5302157
3.089078
4018.42
141.4802
362.9762
1.0
FldObj_RockZoraCliffWall_A_06_Far
2.931251
0.1789302
-2.953906
3238.417
331.429
52.72668
1.0
TwnObj_BrownStoneRuinWall_A_04
0
-3.141593
0
3332.288
118.1097
469.2485
1.0
LinkTagAnd
0
0
0
3332
131.5
403.5
0.6
Obj_LiftRockWhite_A_01
-2.770893
0.9361604
-2.77066
3721.269
108.1455
617.6481
1.0
LinkTagAnd
0
2.452951
0
3959.188
143.384
403.3318
1.0
Obj_Plant_IvyBurn_A_01
-2.796081
-0.6308396
2.790167
3433.362
146.6248
523.8612
1.0
Obj_Plant_Lotus_A_01
0
0.9600001
0
3224.416
309.514
29.61353
1.0
Npc_Musician_AoC_HeroZoraRelief
0
0.8203048
0
3731.5
400.2562
44.5
1.0
FldObj_RockZoraLump_A_02_Far
-0.6708454
0.2691816
-0.04245944
4020.651
391.6568
37.69467
1.2
LinkTagNAnd
0
0
0
3730.825
623.8371
56.52206
3
FldObj_CliffGrayParts_A_08
-0.5976681
0.05640009
0.08262126
3089.192
138.9923
544.9149
1.0
FldObj_RockZoraCliffWall_A_06_Far
0
-0.8999999
0
3123.841
285.5302
104.9947
1.0
FldObj_RockZoraCliffWall_A_03_Far
2.507407
1.207209
2.627163
3050.709
366.8242
211.1438
0.8
TwnObj_BrownStoneRuinArch_A_02_Far
0
-1.570796
0
3351.592
118.1899
477.4702
1.0
KorokAnswerResponce
0
0
0
3955.521
109.0894
695.6104
1.0
LinkTagNOr
0
0
0
3754.5
416
46
1.0
FldObj_RockZoraCliffWall_A_05_Far
-0.2
0.4800001
0
3415.949
178.9143
115.0892
1.2
Obj_Plant_IvyBurn_A_01
0.3734461
0.4147142
0.3475412
3429.415
146.5842
523.3882
1.0
FldObj_RockZoraCliffWall_A_06
-0.1170566
-0.2962459
-0.8545036
3293.484
321.2882
76.51746
1.0
FldObj_RockBeach_A_M_03
0
0
0
3850.953
94.7331
467.0234
1.0
FldObj_RockZoraSet_A_05_Far
0.1880906
-0.1094774
-0.399792
3488.058
345.1533
4.506744
1.0
FldObj_RockZoraCliff_A_01_Far
3.090738
-0.8817748
3.130301
3175.164
256.5652
28.98413
0.8
ActorObserverTag
0
0
0
3267.583
107.9164
656.6958
1.0
TwnObj_BrownStoneRuinWall_A_01_Far
0
0
0
3322.266
117.9242
451.2665
1.0
FldObj_RockZoraLump_A_02_Far
-0.7728457
1.043213
-0.1524771
4052.716
404.6453
-9.570374
1.0
FldObj_RockZoraLump_A_02
-0.7713116
0.9397351
-0.5554019
3093.57
256.4127
291.4012
1.0
FldObj_RockZoraCliffWall_A_06_Far
-0.34
-0.9399999
0
3430.786
365.3926
6.192596
1.0
FldObj_CliffGrayParts_A_08_Far
2.254109
0.7894116
2.981818
3300.946
111.6283
470.311
1.0
FldObj_RockBeach_A_L_01
2.961592
-1.141593
3.141593
3684.113
106.7684
588.3991
1.0
AnchorAction1
0
-2.299997
0
3622.781
309.5013
314.0703
1.0
FldObj_CliffGrayParts_A_05
-3.048726
1.421065
-3.007232
3316.843
103.3236
499.2819
0.8
DestinationAnchor
0
2.617994
0
3335
119
408.366
1.0
LinkTagOr
-1.133617
-0.3386465
1.416771
3491.173
138.1617
558.1487
1.0
FldObj_CliffWhiteWall_A_02
2.768489
0.02090431
2.950712
3061.98
135.7162
509.4993
1.0
FldObj_DLC_HeroMapRelief_Mark_A_03
0
-0.3141593
0
3739.797
401.5156
53.38281
1.0
LinkTagNone
0
0
0
3928.051
147.5719
395.7915
1.0
FldObj_RockZoraCliff_A_04_Far
0
-1.56
0
3184.912
307.1038
42.80188
1.2
LinkTagOr
0
0
0
3733.5
409.5
55
1.0
FldObj_RockZoraCliff_A_11_Far
3.101789
-0.02165601
3.138396
3130.782
249.4533
61.23212
1.0
LinkTagOr
0
0
0
3739.5
419
52.5
1.0
LinkTagOr
0
0
0
3755.5
411.5
50.5
1.0
LinkTagAnd
0
0
0
2956
414.5
130.5
1.0
LinkTagNAnd
0.9980442
0.742382
-1.981908
3469.732
143.147
551.8082
1.0
FldObj_RockZoraCliff_A_03_Far
-0.02667112
-0.6793752
0.02733328
3573.971
299.6635
351.7366
1.0
LinkTagAnd
0.1942716
-0.02119642
0.216684
2951.145
422.8494
80.28876
1.0
SwitchTimeLag
-1.570796
0
0
3383.032
123.0791
979.8239
0.5
FldObj_RockBeachWall_A_01_Far
-0.14
0.98
0
3904.321
150.1177
308.3217
1.0
LinkTagNOr
-0.1769783
-1.00017
-0.003578355
3134.522
117.6101
473.5938
1.0
FldObj_RockZoraCliff_A_02_Far
2.40811
-0.6534978
-3.044576
3289.305
334.1285
1.660736
1.0
Area
0
-1.68
0
3928.051
149.4843
395.7915
2
FldObj_RockBeach_A_M_01
-0.2108604
0.2638711
0.1153956
3548.541
103.1089
801.1506
1.0
FldObj_RockZoraSet_A_05
0.2677786
-1.062953
0.2224123
3277.718
360.8411
35.85284
1.0
FldObj_RockZoraCliff_A_03
2.879174
-1.439703
-3.020046
2899.916
388.3275
227.5808
1.4
FldObj_RockZoraCliffWall_A_02
3.022573
-0.4410936
-3.095156
3152.998
256.1117
78.00507
1.0
FldObj_RockZoraCliffWall_A_06_Far
0
-0.7
0
3294.712
306.0688
103.7252
1.0
LinkTagAnd
0
0
0
3333.5
119
404.5
1.0
TwnObj_BrownStoneRuinWall_A_04_Far
0
-3.141593
0
3332.288
118.1097
469.2485
1.0
FldObj_CliffGrayParts_A_08
-0.8990282
0.07678279
-0.2874003
3320.287
115.0312
342.0299
0.8
Enemy_Lizalfos_Middle
0
-2.581591
0
3144.246
117.0964
479.972
1.0
FldObj_RockZoraCliffWall_A_02
2.866422
0.07147268
3.077225
3093.008
224.7105
79.30765
1.0
FldObj_RockZoraLump_A_02_Far
-0.1964679
-0.1619086
-0.01484695
2983.217
380.4351
318.6362
1.0
DgnObj_EntranceElevator_A_01
0
0
0
3333.5
119.0002
401.5
1.0
LinkTagAnd
0
0
0
4040
115.5
420
1.0
DragonDropItemTarget
0
0
0
3222.7
106.0221
658.2
1.0
FldObj_RockBeach_A_M_03
0.3351169
-0.1340724
1.93729
3696.078
104.48
535.9244
1.0
FldObj_RockZoraCliffWall_A_03
-0.02590026
0.6405905
0.1403886
3385.88
287.2517
70.30945
1.0
FldObj_RockBeachWall_A_01
9.443444E-09
-0.7999997
7.485542E-08
3432.957
171.8004
335.4814
1.0
PlayerOnScaffoldCheckTag
0
-2.92
0
3963.402
150.4559
370.7023
1.0
FldObj_RockZoraCliffWall_A_05_Far
0.2499356
-1.068123
-0.3175693
3658.188
342.924
164.4551
1.0
SwitchTimeLag
0
0.32
0
4040
115.5
420
1.0
Obj_Plant_IvyBurn_A_01
0.4881482
-1.281469
-0.1761894
3431.592
146.6061
523.1703
1.0
FldObj_RockBeachWall_A_02
2.937827
1.072731
3.055093
3327.942
131.2273
973.0266
1.0
FldObj_RockZoraCliffWall_A_05
0.2499356
-1.068123
-0.3175693
3658.188
342.924
164.4551
1.0
FldObj_RockZoraCliffWall_A_02
3.004298
-0.7026382
3.137664
3234.465
302.8812
15.83765
1.0
FldObj_CliffGrayParts_A_08
2.254109
0.7894116
2.981818
3300.946
111.6283
470.311
1.0
LinkTagOr
0
1.108999
0
3229.857
234.8211
894.2942
1.0
FldObj_RockBeach_A_L_01_Far
0
-1.82
0
3676.735
107.4844
560.5383
1.0
FldObj_RockBeachWall_A_02_Far
0.3202146
-1.052913
-1.147418
3508.422
152.9622
601.7053
0.8
FldObj_RockZoraCliffWall_A_02_Far
3.128614
-0.5055463
-3.120697
3205.809
258.175
22.18182
1.0
Item_Fruit_E
1.059584
-1.316963
-1.039022
3205.781
310.374
34.49277
1.0
FldObj_RockBeach_A_M_03
-0.4797153
0.2090131
-1.191293
3421.799
98.43925
912.4611
1.0
FldObj_RockZoraCliffWall_A_02_Far
-0.1472506
0.8805802
0.2454477
3259.319
294.2865
137.821
1.0
Obj_RockBroken_A_02
0.4567682
-0.7433666
-0.2169157
2983
278
360.5
1.0
FldObj_RockZoraRelief_A_M_04_ma
0
-1.76
0
3099.835
236.6729
70.72372
1.0
DragonDropItemTarget
0
0
0
3382.3
122.2399
656.8
1.0
FldObj_RockBeach_A_M_01
-0.6810586
0.4613889
-0.1310136
3773.035
102.2513
699.5909
1.0
Enemy_Lizalfos_Guard_Junior_LongVisibility
0
-0.5800005
0
3946.602
148.8632
431.6411
1.0
FldObj_MountainLanayruWall_A_01
2.889234
-0.697962
3.066752
3476.602
160.1661
1009.521
1.0
FldObj_RockBeach_A_M_01
0
-3.000001
0
3908.831
102.9542
521.6253
1.0
Npc_HiddenKorokGround
0
0
0
3431.141
146.4093
523.7474
1.0
Obj_TreeApple_A_M_01
0
0
0
3162.852
128.0435
535.3895
1.0
FldObj_RockBeach_A_L_01_Far
2.961592
-1.141593
3.141593
3684.113
106.7684
588.3991
1.0
FldObj_RockBeachWall_A_02
2.939541
-1.386515
2.818117
3176.342
127.5978
484.4021
0.8
FldObj_CliffGrayParts_A_08_Far
-1.333074
1.152626
-0.5096459
3317.554
118.0111
608.8405
0.8
FldObj_RockZoraSet_A_05
0.08861594
-0.2270777
-0.04053501
3698.478
314.6403
295.6223
1.0
ActorObserverTag
0
0
0
3379.173
119.9478
981.3005
1.0
Obj_RaftWood_A_S_02
-0.2427252
-0.9545869
0.3217751
3143.264
115.3592
458.0724
1.0
FldObj_RockZoraLump_A_02
0.02872473
-0.8512018
-0.5915088
3602
271.8215
382.0619
0.8
FldObj_RockBeachWall_A_02
0
1.28
0
3319.689
115.8948
849.0398
1.0
MusicianSpotBgmTag
0
0
0
3734.998
400.3984
43.89529
5
FldObj_RockZoraCliffWall_A_06
2.741593
0.9015934
3.141593
3161.542
276.8859
84.9317
0.9
LinkTagAnd
0.05153096
-0.002487567
0.09645036
3430.407
148.7966
523.8726
1.0
TwnObj_BrownStoneRuinPillar_A_01_Far
0
0
0
3341
117.9
416
1.0
FldObj_RockZoraCliff_A_01_Far
-0.00843168
-1.260342
-0.03263093
3630.822
351.6604
149.2738
1.1
FldObj_RockZoraCliff_A_03
-0.02667112
-0.6793752
0.02733328
3573.971
299.6635
351.7366
1.0
FldObj_RockBeachWall_A_06_Far
2.506728
-0.404226
3.001934
3830.245
103.6842
712.2823
1.0
Obj_Plant_Korok_A_01
2.143548
-0.742382
1.159685
3471.084
144.0083
547.4003
1.0
FldObj_RockZoraLump_A_02_Far
-2.955916
-1.274031
2.510003
3500.428
258.1681
286.5302
1.0
LinkTagAnd
0
0
0
3491.843
137.5095
559.6868
1.0
FldObj_CliffGrayParts_A_07_Far
-0.6358165
0.4644187
-0.04070922
3286.245
125.8233
525.7537
0.9
FldObj_RockBeachWall_A_01_Far
-0.2749414
0.8320642
0.03260401
3593.101
147.2371
481.1136
1.0
LinkTagOr
0
0
0
3162.253
128.0435
538.8619
1.0
FldObj_RockZoraLump_A_02
-0.6708454
0.2691816
-0.04245944
4020.651
391.6568
37.69467
1.2
Obj_TreeApple_A_M_01
0
1.108999
0
3227.016
234.8211
892.2106
1.0
FldObj_RockBeachWall_A_02_Far
0
1.28
0
3319.689
115.8948
849.0398
1.0
LinkTagAnd
0.1741657
-0.01585977
0.1811687
2953.016
422.704
81.25604
1.0
LinkTagAnd
0
-3.141593
0
3383.532
121.2868
982.8237
1.0
LinkTagAnd
0
1.981592
0
3452.19
146.0695
551.2512
1.0
Area
0
2.452951
0
3959.68
150.3734
393.2721
2
FldObj_CliffWhiteLumpRock_A_01
2.574961
-0.08571749
-2.940237
3025.63
239.6254
750.2476
1.0
FldObj_RockBeach_A_L_01
2.961593
0.05840765
3.141593
3849.137
103.601
506.447
1.0
Enemy_Lizalfos_Middle
0
-0.1346018
0
3264.6
118.8741
385.5
1.0
Obj_TreeConiferous_A_03
0
-1.82
0
3513.217
253.506
335.7938
1.0
Area
0
0
0
3561.943
107.1443
626.3196
3
FldObj_CliffGrayParts_A_08_Far
-0.8799999
-0.06000002
-0.05999999
3436.251
130.2886
547.7581
0.8
FldObj_RockZoraCliff_A_01_Far
-2.990388
-1.101998
3.058133
2904.333
314.3282
164.3488
1.2
Area
0
0
0
3333.88
118.43
401.56
50
PointWindSetTag
0
-0.9599311
0
3484.5
247
150
1.0
LinkTagAnd
0
0
0
3509.756
130.414
518.8751
1.0
FldObj_RockZoraCliff_B_01_Far
3.057709
-0.4598216
-3.117103
3066.575
236.8708
67.90704
1.0
FldObj_RockZoraLump_A_02
-0.5921606
-0.3945775
-0.3696032
3858.33
396.6597
71.19598
1.0
FldObj_RockZoraLump_A_02
1.72873
-1.395501
-2.268439
3490.83
252.7641
353.5712
0.8
FldObj_CliffWhiteLumpRock_A_01
-3.027557
0.9309883
-2.555537
3209.65
210.8087
838.9322
1.0
LinkTagAnd
0
-1.459997
0
3611.444
308.7699
327.2803
1.0
FldObj_CliffGrayParts_A_01
0
-3.04
0
3287.456
112.9099
600.47
1.0
FldObj_RockBeachWall_A_01_Far
-0.3524532
0.9633629
0.03300275
3486.31
129.442
529.1613
0.8
FldObj_RockBeachWall_A_01
2.827182
-0.5287918
-2.883153
3370.972
149.1816
274.6579
1.0
FldObj_RockBeach_A_L_01
3.055442
-0.7997354
-3.079733
3720.088
104.6683
473.484
1.0
FldObj_RockZoraCliffWall_A_02_Far
3.004298
-0.7026382
3.137664
3234.465
302.8812
15.83765
1.0
EventTag
0
0.5600001
0
3759.5
413
49.5
1.0
LinkTagAnd
-2.770893
0.9361604
-2.77066
3721.374
110.7865
617.4922
1.0
FldObj_RockBeachWall_A_01_Far
2.77619
-1.398914
-3.094996
3419.503
175.1678
293.0224
1.0
FldObj_RockBeachWall_A_01_Far
2.772524
0.7107168
3.054808
3147.1
145.9628
661.8466
1.0
BattleBgmRequestFinishTag
0
2.452951
0
3947.063
163.3315
391.1499
1.0
FldObj_RockZoraCliffWall_A_02
-0.1472506
0.8805802
0.2454477
3259.319
294.2865
137.821
1.0
FldObj_RockBeach_A_L_01_Far
2.847767
0.5788331
-3.141303
3753.567
105.7378
450.2996
1.0
FldObj_RockZoraCliff_A_02
1.070179
-1.370741
-1.128868
3543.778
260.5573
292.086
1.0
FldObj_RockZoraLump_A_01
-0.96
-0.12
0
3483.067
118.7479
123.0768
1.0
FldObj_RockBeachWall_A_02_Far
3.051373
0.5543659
2.95344
3246.532
126.8168
491.8118
1.0
FldObj_RockBeachWall_A_02_Far
3.029431
-0.6621292
3.129462
3620.819
114.5781
800.3049
1.0
Area
0
0
0
3380.173
118.3478
981.3005
1.0
FldObj_RockZoraLump_A_02_Far
1.72873
-1.395501
-2.268439
3490.83
252.7641
353.5712
0.8
FldObj_RockBeachWall_A_01_Far
0.1121228
1.185421
0.3091392
3561.637
148.5159
585.9406
1.0
FldObj_RockZoraLump_A_02
3.003796
0.3552482
-2.762315
3003.401
303.1438
113.4496
1.0
LinkTagAnd
-1.133617
-0.3386465
1.416771
3488.422
138.1617
559.3467
1.0
FldObj_RockBeach_A_L_01
-0.663453
0.566338
0.1253834
3660.566
111.4993
750.2466
1.0
FldObj_RockZoraCliff_A_02
0
-2.68
0
3137.563
237.7729
68.89594
1.0
TwnObj_BrownStoneRuinPillar_A_01
-0.4
0.48
0
3353.177
116.4095
506.8741
1.0
Item_Fruit_A
0
-2.08
0
3145.862
132.647
524.2811
1.0
Obj_TreeApple_A_M_01
0
-2.251832
0
3226.995
234.8717
904.9596
1.0
BarrelBomb2
-0.002346226
-0.6884754
0.002342418
3955.104
143.4141
407.2703
1.0
FldObj_RockBeachWall_A_04_Far
-0.2939626
-1.232761
0.41842
3472.682
148.8295
554.5305
1.0
Area
0.9980442
0.742382
-1.981908
3471.408
143.1234
548.1434
2
FldObj_RockBeachWall_A_01_Far
2.961593
0.421593
3.141593
3233.55
120.7047
750.3164
1.0
Obj_LiftRockWhite_A_01
0
1.100001
0
3134.7
117.3439
488.6579
1.0
Rope
0
-0.6886416
0
3955.557
156.5234
408.2907
1.0
FldObj_RockZoraCliffWall_A_05
2.929644
-1.159752
-3.041343
3492.991
232.3567
268.1407
1.2
FldObj_RockZoraCliff_A_03_Far
2.655329
-1.517687
-2.755821
3202.13
335.0313
63.9913
0.8
WallCrack
-0.3514071
-1.028412
-0.008862829
3664.22
351.418
83.11728
1.0
FldObj_RockZoraCliff_A_03
2.655329
-1.517687
-2.755821
3202.13
335.0313
63.9913
0.8
FldObj_RockZoraSet_A_05_Far
0.8157591
-0.2984185
0.03707377
3298.89
368.85
49.32568
1.0
FldObj_RockBeachWall_A_02
2.641593
-1.321593
3.141593
3275.194
118.9535
385.2263
1.0
Item_Fruit_E
0.03490658
0
-0.2181662
3207.921
310.374
36.7262
1.0
LinkTagNOr
0
2.452951
0
3965.324
143.3765
398.27
1.0
Obj_RockBroken_A_02
0
2.356194
0
3105
277
149
1.0
LinkTagAnd
0.1812268
0.007160345
-0.07876402
3303.442
395.8431
23.03796
1.0
FldObj_RockZoraCliff_A_04
-3.081592
-1.041592
-3.141592
3098.709
281.6612
72.27756
1.0
FldObj_RockBeach_A_M_01_Far
3.036195
-0.1638195
3.098837
3755.121
105.1581
497.3564
1.0
LinkTagOr
0
-0.502692
0
3431.153
145.9669
520.7599
1.0
FldObj_RockBeach_A_L_01
0
2.48
0
3791.867
109.2601
480.4545
1.0
FldObj_RockZoraCliff_A_01
3.090738
-0.8817748
3.130301
3175.164
256.5652
28.98413
0.8
EnemyLookTag
0
0
0
3359.9
117.8
430.3
1.0
FldObj_RockZoraCliffWall_A_02_Far
0.09999999
-1.16
0
3221.76
329.2454
88.21637
1.0
AirWallHorse_HiddnKorok
0.05153096
-0.002487567
0.09645036
3431.078
147.0648
523.7814
3
MoveTriggerTag
-0.46
0.5000003
0
3509.835
142.021
504.6281
1.0
FldObj_RockZoraCliffWall_A_01_Far
0
2.363184
0
3122.414
270.5942
88.01398
1.0
Obj_TreeConiferous_A_03
0
0
0
3034.693
254.7542
804.6453
1.0
FldObj_RockBeachWall_A_01
-0.6424007
-0.08016179
0.05984784
3283.75
133.2393
610.1979
1.0
SwitchTimeLag
0
-1.34
0
3659.5
356
81.5
1.0
FldObj_RockBeachWall_A_02_Far
-0.5378124
-0.9361957
-0.1213118
3287.116
116.1051
440.779
1.2
FldObj_RockBeachWall_A_02
-0.2566027
-0.7505548
0.05338914
3336.823
116.5444
631.6243
1.0
Obj_RaftWoodSail_A_S_01
1.023974
1.474412
1.008184
3646.439
106.0197
637.655
1.0
TwnObj_BrownStoneRuinPillar_A_01_Far
0
-1.570796
0
3341
108.85
443.39
1.0
FldObj_RockZoraCliffWall_A_05_Far
-3.124455
0.2778931
-3.079196
3018.753
272.5301
104.8647
1.0
FldObj_RockBeachWall_A_02
-0.1427073
0.5418156
0.02962976
3442.716
121.0779
645.5918
1.0
LinkTagOr
0
-3.141593
0
3382.532
121.2868
982.8243
1.0
FldObj_CliffWhiteBroken_A_05
-3.101593
0.3584088
-3.141592
3049.029
251.6313
748.1038
1.0
FldObj_RockZoraLump_A_02
-0.1716975
-0.7243574
-0.3908904
3161.572
299.2673
120.5327
0.8
FldObj_RockBeachWall_A_01
0
0
0
3912.406
127.5065
456.5817
1.0
FldObj_RockZoraCliffWall_A_05_Far
-0.07643685
0.4585758
0.07538537
3639.047
298.5338
334.1368
1.0
FldObj_CliffGrayParts_A_04
-0.2330724
0.02607722
0.05191468
3121.648
129.8623
563.1951
1.0
Item_Fruit_E
0.03490658
0
-0.2181662
3197.939
259.8732
12.94415
1.0
FldObj_CliffWhiteWall_A_05
2.56489
0.3117372
3.046962
3078.934
209.0945
752.7416
1.0
LinkTagOr
0
-2.251832
0
3224.675
234.8718
902.3077
1.0
Item_Fruit_A
0
-2.08
0
3145.032
132.897
523.818
1.0
LinkTagAnd
0
-1.459997
0
3612.704
308.7805
312.8712
1.0
Area
0.358846
0.02373288
1.473644
3522.681
108.0443
527.1114
1.0
FldObj_CliffWhiteWall_A_05_Far
2.581592
0.5415916
3.141593
3167.668
174.3774
847.1147
1.0
FldObj_RockBeachWall_A_02
-1.26979
1.180931
-0.780795
4123.679
126.8411
830.965
1.0
FldObj_RockBeach_A_M_01
-0.04028942
-0.1199035
0.004821849
3913.972
105.0281
655.8519
1.0
Obj_BreakBoxIron
-0.01873605
-0.6513212
-0.01205865
3121.005
117.2812
484.6276
1.0
TwnObj_BrownStoneRuinWall_A_01_Far
0
1.570796
0
3312.8
127.8
505.7
1.0
Item_Fruit_E
-2.903171
0.739228
-2.844349
3208.483
310.3773
33.04074
1.0
Item_Fruit_A
0
0
0
3356.91
123.0578
515.2297
1.0
FldObj_RockBeachWall_A_02
-0.2647887
-0.08622717
0.0645746
3386.077
118.2782
660.5392
1.0
LinkTagOr
0
-2.08
0
3151.537
127.647
526.8647
1.0
FldObj_RockZoraCliffWall_A_08
0
0
0
2987.989
389.4384
243.2081
1.0
Enemy_Lizalfos_Middle
0
-2.299997
0
3627.255
309.4983
318.068
1.0
DragonDropItemTarget
0
0
0
3201.278
202.3512
794.2533
1.0
FldObj_SkullRock_A_01
0
-0.6886416
0
3955.827
143.3734
400.0946
1.0
LinkTagAnd
0
0
0
3958.021
110.0894
695.6104
1.0
LinkTagAnd
0
0
0
3269.347
110.9264
659.9996
1.0
FldObj_RockBeach_A_L_01_Far
0
2.48
0
3791.867
109.2601
480.4545
1.0
FldObj_MountainLanayruWall_A_01
2.995929
-0.1191552
-3.077942
3857.172
270.2297
875.0543
1.0
FldObj_CliffGrayParts_A_07
0.5066755
-1.093441
-0.5887706
3394.147
133.7541
537.3083
1.0
FldObj_RockZoraCliffWall_A_03
3.061593
-1.561592
3.141593
2921.767
365.0003
246.1698
0.7
FldObj_RockBeachWall_A_01
2.77619
-1.398914
-3.094996
3419.503
175.1678
293.0224
1.0
LinkTagNOr
0
0
0
2955.5
415.5
129.5
1.0
FldObj_MountainLanayruWall_A_01_Far
2.955067
0.2971539
3.117766
3959.277
169.6872
783.1871
1.0
FldObj_RockZoraCliffWall_A_06_Far
2.91669
1.478263
2.973974
3169.564
295.8237
91.30164
0.8
FldObj_RockZoraCliff_A_02
-0.1061937
-1.259894
0.006526421
3222.003
299.1269
115.8047
0.9
Obj_RockSetGray_A_L_01
-0.2231659
-0.3379773
1.580317
3464.156
135.481
549.2759
1.0
SwitchTimeLag
-1.570796
0
0
3269.347
110.9264
659.9996
0.5
FldObj_CliffGrayParts_A_05
-0.24
0
0
3425.098
116.395
532.5928
1.0
AnchorAction1
0
0
0
2958.7
406.2386
134.6
1.0
TwnObj_BrownStoneRuinPillar_A_01
0
-1.570796
0
3341
108.85
443.39
1.0
Obj_TreeConiferous_A_03
0
-0.52
0
3536.182
252.6521
344.8441
1.0
FldObj_CliffWhiteWall_A_01_Far
2.272837
0.1427595
3.125661
3071.01
351.9162
989.5043
1.0
FldObj_RockZoraCliffWall_A_05_Far
-0.04
-0.8800001
0
3492.932
239.6815
381.8571
1.0
Obj_TreeApple_A_M_01
0
1.053661
0
3429.894
147.4128
503.1036
1.0
FldObj_RockZoraCliffWall_A_01
0
3.023186
0
3180.938
260.7437
51.37482
1.0
SwitchTimeLag
-0.5727522
0.742382
-1.981908
3470.06
141.7961
550.0568
0.5
FldObj_RockZoraCliffWall_A_05
-0.3777272
0.6352425
0.0982906
4085.599
238.1717
158.0309
1.0
TwnObj_BrownStoneRuinPillar_A_01
-0.9498734
0.3891922
0.5929303
3353.76
116.2751
468.4094
1.0
FldObj_RockBeachWall_A_02
0
-0.4399999
0
3240.546
120.2505
620.8239
1.0
LinkTagOr
0
0.9600001
0
3223.606
309.505
31.86584
1.0
FldObj_RockBeachWall_A_02_Far
2.937827
1.072731
3.055093
3327.942
131.2273
973.0266
1.0
FldObj_RockZoraLump_A_02
-0.1964679
-0.1619086
-0.01484695
2983.217
380.4351
318.6362
1.0
Npc_HiddenKorokGround
0
1.981592
0
3451.99
143.5695
550.7929
1.0
LinkTagAnd
0
0
0
3110
283
147
1.0
Obj_RockSetGray_A_L_01
0
0
0
3379.896
113.9052
567.9282
1.0
Obj_TreeConiferous_A_03
0
0
0
3422.405
342.0696
53.90536
1.0
FldObj_RockZoraCliffWall_A_05
-3.124455
0.2778931
-3.079196
3018.753
272.5301
104.8647
1.0
Weapon_Spear_004
-1.922308
-1.00017
-0.003578355
3138.431
116.4445
474.6469
0.6666666
FldObj_RockZoraCliffWall_A_02_Far
-0.5363356
-0.2987943
0.485789
3283.969
342.8429
59.71576
1.1
FldObj_CliffGrayParts_A_07_Far
2.149705
-0.5818707
-2.789385
3185.913
125.0006
581.0046
0.8
FldObj_RockZoraLump_A_02
1.301959
-1.419648
-2.098439
3442.624
371.9449
-0.8861694
0.8
FldObj_RockBeachWall_A_01_Far
2.61248
-0.6712498
-3.092645
3920.341
137.7396
385.5218
1.0
FldObj_RockBeachWall_A_01_Far
2.825322
-1.442083
2.957679
3887.058
132.0247
425.9366
0.9
ActorObserverTag
0
0
0
3949.511
108.0896
694.049
1.0
LinkTagAnd
0
-0.3593018
0
3659
357
83
1.0
FldObj_RockZoraSet_A_05
3.041592
0.3584074
-3.141592
3625.51
309.4179
336.0403
1.0
LinkTagOr
0
0
0
2956.5
415.5
129.5
1.0
FldObj_RockZoraCliffWall_A_06
2.580007
1.232245
2.6085
3313.557
370.1917
23.92398
1.0
Npc_HiddenKorokGround
0
-1.581594
0
3271.144
105.9228
656.8208
1.0
FldObj_RockZoraCliff_A_01
-2.990388
-1.101998
3.058133
2904.333
314.3282
164.3488
1.2
FldObj_RockBeachWall_A_07
-2.04
-1.18
0
3502.371
166.4111
574.9059
1.0
FldObj_RockZoraCliffWall_A_02_Far
-0.250181
-0.07732099
0.3979725
3297.365
351.7091
57.16339
1.0
FldObj_RockBeachWall_A_01_Far
-0.9163616
-1.009619
0.1880905
3940.528
138.885
416.7709
0.8
FldObj_RockZoraLump_A_01
-0.973142
0.1143289
-0.042375
3902.044
377.8064
82.74231
1.0
LinkTagOr
0
0
0
3354.501
120.4928
519.1723
1.0
FldObj_RockBeachWall_A_01
-0.52
0
0
3655.385
126.0167
430.9756
1.0
FldObj_RockZoraCliff_A_02_Far
1.070179
-1.370741
-1.128868
3543.778
260.5573
292.086
1.0
FldObj_RockZoraCliffWall_A_07
0.01977243
0.2806728
-0.03524432
3474.523
340.8856
51.34921
1.3
FldObj_RockBeachWall_A_01_Far
0
0
0
3912.406
127.5065
456.5817
1.0
FldObj_CliffGrayParts_A_07_Far
-2.080681
-1.18446
1.499901
3388.181
122.4771
454.6125
0.8
DragonDropItemTarget
0
0
0
3077.562
318.2245
905.158
1.0
FldObj_RockBeachWall_A_02_Far
2.939541
-1.386515
2.818117
3176.342
127.5978
484.4021
0.8
FldObj_RockBeachWall_A_01
2.772524
0.7107168
3.054808
3147.1
145.9628
661.8466
1.0
FldObj_RockZoraCliffWall_A_06
2.941593
-0.1615929
3.141593
3130.222
210.2897
65.17981
1.0
FldObj_RockBeachWall_A_02
3.051373
0.5543659
2.95344
3246.532
126.8168
491.8118
1.0
FldObj_RockBeach_A_L_01
2.9134
-0.4577993
3.017742
3859.071
106.3384
477.5947
1.0
Area
0
-1.459997
0
3605.339
315.7699
319.7404
2
EventTag
0
1.681596
0
3609.713
328.7542
310.3719
1.0
LinkTagNone
0
0
0
3946.602
148.8632
431.6411
1.0
TwnObj_BrownStoneRuinPillar_A_01
0
1.570451
0
3326
117.9
416
1.0
FldObj_RockZoraCliffWall_A_01
0
-2.24
0
3227.53
336.1648
114.5568
0.9
TwnObj_BrownStoneRuinPillar_A_01_Far
-0.9498734
0.3891922
0.5929303
3353.76
116.2751
468.4094
1.0
FldObj_RockZoraCliffWall_A_02
-0.5363356
-0.2987943
0.485789
3283.969
342.8429
59.71576
1.1
LinkTagAnd
0
0
0
3334
173
401.5
3
Npc_HiddenKorokGround
0
2.164872
0
3721.263
108.243
617.6266
1.0
Obj_RockSetGray_A_L_01
0
0
-1.819999
3226.113
128.2665
538.5582
1.0
FldObj_RockBeachWall_A_02
3.001593
0.4015914
3.141593
3287.415
112.0713
755.9861
1.0
FldObj_RockBeach_A_L_01_Far
-0.01999999
0.5799998
0
3415.855
97.54115
934.4291
1.0
FldObj_RockZoraCliffWall_A_02
3.027256
1.258846
3.132636
3015.243
237.539
77.41968
1.0
FldObj_RockBeachWall_A_02
0
0.34
0
3504.927
145.794
500.5823
1.0
PlayerOnScaffoldCheckTag
0
2.452951
0
3963.54
150.3734
396.4496
1.0
DgnObj_EntranceTerminal_A_01
0
-0.5235988
0
3335.5
119.0002
407.5
1.0
FldObj_RockZoraLump_A_02
-0.8568147
0.3619584
0.06337105
3763.845
405.1548
66.04761
1.0
FldObj_RockZoraLump_A_02_Far
-0.7713116
0.9397351
-0.5554019
3093.57
256.4127
291.4012
1.0
TwnObj_BrownStoneRuinPillar_A_01
-1.12
-0.34
0
3277.157
118.8084
415.9297
1.0
FldObj_CliffWhiteMountain_A_02_Far
0
0.05999983
-0.05999998
3093.166
223.9736
777.1248
0.9
DragonDropItemTarget
0
0
0
3836.2
106.0378
677.4
1.0
FldObj_RockBeachWall_A_01
-0.3219323
0.6305234
0.1985465
3964.028
132.8887
437.9982
1.0
FldObj_RockZoraCliffWall_A_03
-0.234787
0.6812099
0.1188811
3959.296
243.1562
180.9427
1.0
FldObj_MountainLanayruWall_A_01_Far
2.756178
0.8670717
3.03164
3999.365
319.8532
921.7731
1.0
SwitchTimeLag
1.570796
-1.261595
3.141593
3507.851
132.2141
518.2665
0.5
FldObj_RockZoraLump_A_01
-2.957909
-0.714516
1.212584
3312.889
334.778
-21.92084
1.0
FldObj_RockBeachWall_A_07
2.606282
0.2841412
3.090012
4020.503
138.2866
372.0312
1.0
FldObj_RockZoraCliffWall_A_03_Far
-0.1660294
-0.1197079
0.1005304
2986.455
262.0201
342.3716
0.95
FldObj_CliffWhiteWall_A_05
2.557176
0.3235458
2.92283
3182.61
297.7553
1016.999
1.0
LinkTagAnd
0
0
0
3755.5
414.5
47
1.0
Area
0
-0.5800005
0
3946.602
150.7757
431.6411
2
FldObj_RockZoraCliff_A_03
0.09497544
-0.9671108
-0.2839219
3649.703
351.8628
199.5483
1.0
FldObj_RockZoraCliffWall_A_05_Far
-0.1263511
0.3176177
-0.03965055
3576.916
240.8026
412.5433
1.0
TwnObj_BrownStoneRuinWall_A_01
0
0
0
3322.266
117.9242
451.2665
1.0
BattleBgmRequestFinishTag
0
-1.459997
0
3612.906
328.728
330.0577
1.0
Obj_LiftRockWhite_A_01
0.1412383
-0.006927516
0.0202395
3303.736
393.2546
22.56555
1.0
FldObj_CliffGrayParts_A_07
-2.080681
-1.18446
1.499901
3388.181
122.4771
454.6125
0.8
Obj_RockSetGray_A_L_01
0
0
2.06
3361.444
121.0128
599.6129
1.0
FldObj_RockZoraLump_A_02_Far
-0.1716975
-0.7243574
-0.3908904
3161.572
299.2673
120.5327
0.8
DgnObj_DungeonEntrance_A_01_Far
0
0
0
3333.5
118
401.5
1.0
Item_RoastFish_01
1.337386
0.1074969
0.07550081
3140.999
117.7637
476.4539
1.2
FldObj_RockBeach_A_L_01_Far
2.881593
0.1784073
3.141593
3883.836
103.2483
501.7138
1.0
FldObj_RockBeachWall_A_01
-0.36
0.9799997
0
3640.372
120.9071
477.441
1.0
WallCrack
-0.4292974
0.1386645
-0.03512613
3816.247
312.9701
262.8274
1.0
FldObj_RockBeachWall_A_01
0
1.94
0
3191.181
129.5511
700.5198
1.0
FldObj_CliffGrayParts_A_07
2.979318
-0.1792394
2.99052
3296.653
129.4725
596.6321
1.0
Npc_HiddenKorokGround
0
0
0
3561.943
106.2442
626.3196
1.0
FldObj_RockZoraCliffWall_A_06_Far
-0.05999965
-0.16
-0.07999986
3428.935
340.9913
60.64566
1.0
FldObj_RockBeach_A_M_01
-0.06166879
-0.7175435
0.1057358
4057.95
103.5563
724.2641
1.0
FldObj_RockZoraCliffWall_A_05_Far
-0.1819327
0.497538
-0.03263915
3674.589
242.1755
377.1349
1.0
EnemyFortressMgrTag
0
-2.299997
0
3622.781
309.5013
314.0703
1.0
Obj_LiftRockWhite_A_01
0
0
0
3347.662
109.3835
954.7551
1.0
LinkTagAnd
-1.695698
0.1926769
-2.123464
3720.098
108.6901
615.8228
1.0
FldObj_RockZoraLump_A_02
-0.7728457
1.043213
-0.1524771
4052.716
404.6453
-9.570374
1.0
FldObj_CliffWhiteWall_A_01_Far
2.214329
0.9673036
3.053074
3241.345
150.4507
846.0728
1.0
Area
0
0
0
3333.5
119
404.5
14
LinkTagAnd
0
-0.6886414
0
3947.278
163.3851
396.6642
1.0
DragonDropItemTarget
0
0
0
3958.7
105.9098
648.2
1.0
LinkTagAnd
0.9275138
-0.8422858
-1.060788
3486.864
133.0276
538.9178
1.0
TwnObj_BrownStoneRuinWall_A_04_Far
0
1.570796
0
3304.3
127.8
510.5
1.0
LinkTagAnd
0
0
0
3383.032
122.0791
979.8239
1.0
FldObj_RockBeach_A_M_01_Far
-0.6810586
0.4613889
-0.1310136
3773.035
102.2513
699.5909
1.0
LinkTagNAnd
0
0
0
3366
391.5
198.5
3
Enemy_Lizalfos_Middle
0
1.540425
0
3948.867
143.3734
400.8422
1.0
LinkTagAnd
0.6043452
0.3085524
-0.7669088
3433.055
147.3972
523.7936
1.0
Obj_LiftRockWhite_A_01
0
0
0
3927.175
108.5121
678.3509
1.0
FldObj_RockZoraCliff_A_02
2.40811
-0.6534978
-3.044576
3289.305
334.1285
1.660736
1.0
FldObj_RockBeach_A_L_01_Far
3.055442
-0.7997354
-3.079733
3720.088
104.6683
473.484
1.0
Npc_HiddenKorokGround
0
0.84
0
3206.764
312.2505
23.68088
1.0
FldObj_RockZoraCliff_A_04_Far
-3.081592
-1.041592
-3.141592
3098.709
281.6612
72.27756
1.0
Area
0
-1.879998
0
3509.756
130.414
518.8751
2
Weapon_Spear_004
1.593531
0.374846
-2.936603
3143.213
116.5268
475.2068
0.66666
FldObj_RockBeachWall_A_02_Far
3.001593
-0.3215936
3.141593
3385.393
114.6856
974.1132
1.0
FldObj_RockBeach_A_M_01_Far
-0.2108604
0.2638711
0.1153956
3548.541
103.1089
801.1506
1.0
Weapon_Spear_004
1.07456
0.9894791
3.004595
3142.649
116.4527
472.4761
0.6666666
LinkTagAnd
0
0
0
3335.5
119.0002
407.5
1.0
FldObj_RockBeach_A_L_01_Far
-0.9683992
-0.7186229
0.02894013
4127.003
120.0903
797.7286
1.0
FldObj_RockBeachWall_A_01_Far
9.443444E-09
-0.7999997
7.485542E-08
3432.957
171.8004
335.4814
1.0
FldObj_RockBeachWall_A_01
-0.8999999
0.2799998
0
3804.146
136.9856
385.5603
1.0
FldObj_RockZoraCliffWall_A_02_Far
2.866422
0.07147268
3.077225
3093.008
224.7105
79.30765
1.0
FldObj_RockZoraCliffWall_A_05
3.070774
-1.401677
2.832265
3238.324
270.0499
33.57504
1.0
FldObj_RockBeachWall_A_07_Far
-2.04
-1.18
0
3502.371
166.4111
574.9059
1.0
FldObj_RockBeachWall_A_06
0
-2.779999
0
3149.13
87.05106
468.7617
1.0
FldObj_RockZoraCliffWall_A_05
-0.1819327
0.497538
-0.03263915
3674.589
242.1755
377.1349
1.0
FldObj_RockBeach_A_M_03
0
2.903186
0
3673.822
96.45834
519.1784
1.0
LinkTagOr
0
0
0
3948.511
109.0896
694.049
1.0
LookTag
0
0
0
3333.5
118
412
1.0
LinkTagOr
0
0
0
2958.7
459.5
134.6
1.0
FldObj_RockBeachWall_A_01
2.596734
-0.3702251
2.964787
3884.804
116.6989
707.1594
1.0
FldObj_RockBeachWall_A_01
-0.2286132
0.2730758
-0.06267066
3514.518
148.0959
618.0406
1.0
Obj_Plant_IvyBurn_A_01
0.5869873
-0.7454766
-0.7067145
3433.917
146.2922
523.5037
1.0
FldObj_RockBeachWall_A_01_Far
0
1.94
0
3191.181
129.5511
700.5198
1.0
Area
0
0
0
3267.583
106.3164
656.6958
1.0
AnchorAction1
0
-0.3395757
0
3955.191
143.3734
400.8667
1.0
TwnObj_BrownStoneRuinWall_A_03
0
1.570796
0
3330.26
118.4251
496.334
1.0
LinkTagOr
0
-2.101592
0
3951.614
108.8174
696.3197
1.0
Obj_RockSetGray_A_L_01
2.24156
-0.06271952
-0.049694
3464.749
139.321
590.9573
1.0
Obj_RockSetGray_A_L_01
0.3118028
0.06518752
-0.3521758
3465.305
135.651
581.093
1.0
FldObj_RockZoraCliffWall_A_05
-0.04
-0.8800001
0
3492.932
239.6815
381.8571
1.0
Enemy_Lizalfos_Middle
0
1.205399
0
3288.2
118.7627
341.4
1.0
FldObj_RockBeachWall_A_02
-0.4200931
1.167456
-0.1518655
3490.376
159.8403
492.4275
0.8
FldObj_RockZoraCliff_A_02_Far
-0.1588542
-0.3807663
0.0008781907
3209.822
234.8891
171.3492
1.0
Enemy_Lizalfos_Junior
0
0.8415956
0
3618.307
309.5018
310.0727
1.0
FldObj_RockZoraCliffWall_A_03
-0.01661883
0.9296715
0.3842002
3774.044
304.6174
240.1887
1.0
FldObj_CliffGrayParts_A_07
-0.6358165
0.4644187
-0.04070922
3286.245
125.8233
525.7537
0.9
FldObj_CliffWhiteWall_A_01_Far
2.775421
-0.001617873
3.043574
2986.711
145.0559
506.9059
1.0
FldObj_RockZoraCliffWall_A_06
-0.05999965
-0.16
-0.07999986
3428.935
340.9913
60.64566
1.0
TwnObj_BrownStoneRuinSet_A_01_Far
0
0
0
3336
117.9
483.2
1.0
FldObj_CliffWhiteWall_A_05
2.581592
0.5415916
3.141593
3167.668
174.3774
847.1147
1.0
FldObj_RockZoraLump_A_02
-0.4320075
0.4237412
0.01868674
3626.295
285.2548
363.2036
1.0
FldObj_RockBeachWall_A_01_Far
3.041593
1.46
3.141593
3323.664
128.298
904.7113
1.0
EnemyLookTag
0
-0.3395757
0
3955.191
143.3734
400.8667
1.0
FldObj_RockBeachWall_A_07
1.744783
0.6748668
2.948298
3614.437
113.3556
555.2079
1.0
FldObj_CliffGrayParts_A_07_Far
1.559895
0.6155384
-2.837787
3359.812
105.6217
571.4981
0.8
FldObj_RockBeach_A_L_01_Far
-0.01803064
-0.7550171
-0.05749043
3760.7
101.8878
474.0618
1.0
FldObj_RockBeachWall_A_01_Far
2.941593
-0.02000007
3.141593
3548.622
150.0533
554.056
0.8
Obj_Plant_IvyBurn_A_01
-0.2939513
-0.64477
0.5029426
3431.469
146.0414
521.0203
1.0
DragonDropItemTarget
0
0
0
3307.7
115.8995
778.1
1.0
FldObj_RockBeachWall_A_01
2.503687
-0.9990029
-2.910027
3982.229
142.8304
366.0277
1.0
MusicianSpotBgmTag
0
0
0
2958.7
407.5
134.6
5
FldObj_RockBeachWall_A_01_Far
2.681692
-0.7906087
3.087098
3297.344
120.7192
505.5791
1.0
FldObj_RockBeachWall_A_01
2.072994
0.5302157
3.089078
4018.42
141.4802
362.9762
1.0
DragonDropItemTarget
0
0
0
3058.238
252.4908
731.0852
1.0
FldObj_RockZoraLump_A_02_Far
0.02872473
-0.8512018
-0.5915088
3602
271.8215
382.0619
0.8
FldObj_RockBeachWall_A_01_Far
2.596734
-0.3702251
2.964787
3884.804
116.6989
707.1594
1.0
Enemy_Lizalfos_Guard_Junior_LongVisibility
0
-1.68
0
3928.051
147.5719
395.7915
1.0
FldObj_CliffGrayParts_A_07
2.149705
-0.5818707
-2.789385
3185.913
125.0006
581.0046
0.8
Obj_RaftWood_A_S_02
1.023974
1.474412
1.008184
3646.465
106.0498
637.1565
1.0
TwnObj_BrownStoneRuinPillar_A_01
0.05970096
0.005986453
-0.3198211
3299.414
120.4278
496.8312
1.0
FldObj_RockZoraCliffWall_A_02
2.978972
-0.2405549
-3.128483
3064.519
226.7661
85.03415
1.0
FldObj_RockBeachWall_A_02_Far
-0.1427073
0.5418156
0.02962976
3442.716
121.0779
645.5918
1.0
FldObj_CliffGrayParts_A_05_Far
-0.24
0
0
3425.098
116.395
532.5928
1.0
FldObj_RockZoraCliffWall_A_02_Far
3.022573
-0.4410936
-3.095156
3152.998
256.1117
78.00507
1.0
Item_Fruit_A
0
-0.8555689
0
3226.911
237.9118
905.8571
1.0
LinkTagAnd
0
0
0
2982.083
277.9078
365.1265
1.0
Item_Fruit_A
0
-2.08
0
3148.171
133.247
527.6321
1.0
FldObj_RockBeachWall_A_01_Far
2.075994
-1.49008
-2.490767
3486.297
150.6081
604.8687
0.8
Obj_Plant_Lotus_A_01
0
0
0
3197.759
259.0132
13.03143
1.0
ForceSetPosDirAutoSaveAnchor
0
-3.141593
0
3333.4
119
408.366
1.0
LinkTagNAnd
-1.133617
-0.3386465
1.416771
3488.133
136.2977
558.6823
1.0
FldObj_CliffGrayParts_A_07_Far
-0.5199999
-1.44
8.641529E-18
3430.339
151.1611
429.9064
1.0
FldObj_MountainLanayruWall_A_01
2.955067
0.2971539
3.117766
3959.277
169.6872
783.1871
1.0
FldObj_RockBeachWall_A_02_Far
3.001593
0.4015914
3.141593
3287.415
112.0713
755.9861
1.0
TwnObj_BrownStoneRuinPillar_A_01_Far
0
1.570451
0
3326
117.9
416
1.0
FldObj_RockBeachWall_A_01_Far
-0.03676918
-0.7340793
-0.1621372
3762.141
122.8142
409.0604
1.0
Item_Fruit_A
0
-0.502692
0
3428.874
148.5093
521.7835
1.0
BarrelBomb2
-0.007642128
-0.6886507
0.001952634
3955.19
143.3904
400.8669
1.0
DragonDropItemTarget
0
0
0
3227.989
116.0085
733.2177
1.0
LinkTagOr
0.9980442
0.742382
-1.981908
3471.894
141.7961
549.2581
1.0
LookTag
0
-1.21224
0
3958.511
150.1734
393.2973
1.0
LinkTagOr
0
1.981592
0
3451.791
146.0695
550.3346
1.0
FldObj_RockZoraCliffWall_A_03
-0.05833447
0.3807785
0.4683575
3307.09
337.9592
49.1709
0.7
Obj_Mineral_B_01
0.01738693
0.07043874
0.1436138
2983.131
277.9475
361.0143
1.0
FldObj_RockZoraCliffWall_A_06_Far
-0.4953477
0.5338181
-0.1044812
3112.582
268.2351
134.0251
1.1
Obj_Plant_IvyBurn_A_01
2.858233
1.227832
3.131015
3428.52
145.9016
524.9344
1.0
Item_Fruit_A
0
-2.08
0
3150.102
132.897
524.0715
1.0
PlayerInAreaAutoEnemyForbidTag
0
0
0
3734
454.5
45
1.0
Item_Fruit_A
0
-2.251832
0
3224.865
240.6718
903.2731
1.0
FireWood
0
-2.723184
0
3140.793
117.0672
474.4648
1.0
LinkTagNOr
-0.1988772
0.1074969
0.07550081
3138.378
117.4551
479.9818
1.0
Area
0.1812268
0.007160345
-0.07876402
3303.815
394.2352
22.7458
3
FldObj_RockBeachWall_A_02_Far
0
-0.4399999
0
3240.546
120.2505
620.8239
1.0
Enemy_Lizalfos_Junior
0
0
0
3135.5
240.5
181
1.0
DragonDropItemTarget
0
0
0
3531.2
151.5004
603.7
1.0
FldObj_RockZoraLump_A_02_Far
-0.14
0.5800002
0
3492.936
203.1916
77.28952
1.0
FldObj_RockBeach_A_M_03
0.5867733
0.1107997
1.534831
3493.189
99.41992
861.4735
1.0
FldObj_RockBeach_A_M_01_Far
-0.04028942
-0.1199035
0.004821849
3913.972
105.0281
655.8519
1.0
FldObj_CliffGrayParts_A_07_Far
0.5066755
-1.093441
-0.5887706
3394.147
133.7541
537.3083
1.0
FldObj_CliffGrayParts_A_07
-0.4666212
-0.3689315
0.05532082
3407.701
137.3974
537.8315
0.8
Obj_Plant_Lotus_A_01
0
0
0
3207.741
309.514
36.81348
1.0
FldObj_CliffGrayParts_A_05_Far
-2.70219
-1.164892
1.043951
3271.29
123.4307
522.5267
1.0
FldObj_RockBeachWall_A_01
-0.3524532
0.9633629
0.03300275
3486.31
129.442
529.1613
0.8
FldObj_RockBeachWall_A_01_Far
0
0.8799998
0
3604.656
161.4519
453.8812
1.1
FldObj_DLC_HeroMapRelief_A_01
0
-0.3141593
0
3739.797
401.5156
53.38281
1.0
Obj_Plant_IvyBurn_A_01
-0.1089724
-0.003063152
-0.2431228
3431.842
146.2017
521.1062
1.0
LinkTagAnd
0.8314761
-1.159731
-0.7751896
4041
116
420
1.0
FldObj_RockZoraCliffWall_A_03
2.906801
-0.7230245
-3.110516
3634.275
298.2579
234.6615
1.2
FldObj_RockZoraCliff_A_11_Far
-3.01445
1.025309
-0.02463318
3199.274
255.6262
26.04739
1.0
FldObj_RockZoraSet_A_05
0.1880906
-0.1094774
-0.399792
3488.058
345.1533
4.506744
1.0
FldObj_RockBeachWall_A_01
-0.8470904
-1.077132
0.566806
3455.827
156.7053
489.5241
1.0
FldObj_MountainLanayruWall_A_01_Far
2.889234
-0.697962
3.066752
3476.602
160.1661
1009.521
1.0
FldObj_CliffGrayParts_A_07_Far
2.979318
-0.1792394
2.99052
3296.653
129.4725
596.6321
1.0
Obj_BreakBoxIron
-3.110346
-0.9128572
3.140365
3123.016
117.2873
485.6333
1.0
FldObj_RockZoraLump_A_02
-0.579084
0.2891388
0.3557082
3505.188
264.9813
304.2713
0.8
LinkTagAnd
0
1.681596
0
3616.595
328.7816
325.9536
1.0
LinkTagAnd
0
-1.459997
0
3611.907
308.7615
323.6885
1.0
DragonDropItemTarget
0
0
0
3453.5
116.7774
652.6999
1.0
FldObj_RockZoraCliffWall_A_03
-0.1660294
-0.1197079
0.1005304
2986.455
262.0201
342.3716
0.95
FldObj_RockBeachWall_A_02_Far
0
0.34
0
3504.927
145.794
500.5823
1.0
LinkTagOr
0
0
0
3267.583
108.9164
656.6958
1.0
FldObj_RockZoraCliffWall_A_06
2.91669
1.478263
2.973974
3169.564
295.8237
91.30164
0.8
FldObj_RockBeach_A_M_01
-0.04875438
-0.7154347
-0.1325453
3940.618
105.4511
677.605
1.0
LinkTagAnd
2.819889
0.9894791
3.004595
3144.099
116.8423
475.1569
1.0
FldObj_RockZoraLump_A_01
-0.3199999
0.54
0
3121.915
245.8842
158.8653
1.0
FldObj_HangedLamp_A
0
-0.6886416
0
3955.557
152.5234
408.2907
1.0
FldObj_RockBeachWall_A_06
3.13411
-0.4615192
-3.119415
3123.146
84.57949
480.5277
1.1
FldObj_RockBeachWall_A_02
2.981593
-1.201592
3.141593
3464.247
114.5781
907.1996
1.0
FldObj_RockZoraCliff_A_12_Far
0
-2.56
0
2978.385
248.009
150.6117
0.98
Obj_LiftRockWhite_A_01
0
-0.5999994
0
3128.818
116.6684
475.511
1.0
TwnObj_BrownStoneRuinWall_A_04
0
1.570796
0
3304.3
127.8
510.5
1.0
FldObj_RockZoraLump_A_02
-0.14
0.5800002
0
3492.936
203.1916
77.28952
1.0
Obj_LiftRockWhite_A_01
0.05153096
-0.002487567
0.09645036
3431.16
146.2106
523.7371
1.0
Obj_LiftRockWhite_A_01
-0.007017001
-0.0004933924
-0.1403961
3215.92
106.1517
704.48
1.0
FldObj_RockZoraSet_A_05
0.8157591
-0.2984185
0.03707377
3298.89
368.85
49.32568
1.0
FldObj_RockBeachWall_A_06_Far
0
-2.779999
0
3149.13
87.05106
468.7617
1.0
FldObj_RockBeachWall_A_01
2.61248
-0.6712498
-3.092645
3920.341
137.7396
385.5218
1.0
TwnObj_BrownStoneRuinArch_A_01_Far
0
0
0
3335.995
118.9615
496.8106
1.0
FldObj_RockBeach_A_L_01_Far
2.961593
0.05840765
3.141593
3849.137
103.601
506.447
1.0
DragonDropItemTarget
0
0
0
3751.1
105.8976
610.5
1.0
FldObj_RockZoraCliff_A_04
0
-1.56
0
3184.912
307.1038
42.80188
1.2
FldObj_RockBeach_A_M_03
3.141593
0.1184076
-3.041593
4047.227
94.27237
742.3156
1.0
FldObj_RockZoraCliff_A_01
0.1383838
0.1248465
0.118274
3619.046
332.8245
286.4229
0.8
FldObj_RockZoraCliffWall_A_01
0
2.363184
0
3122.414
270.5942
88.01398
1.0
FldObj_RockZoraLump_A_02
-2.955916
-1.274031
2.510003
3500.428
258.1681
286.5302
1.0
FldObj_RockZoraCliff_A_01
-0.00843168
-1.260342
-0.03263093
3630.822
351.6604
149.2738
1.1
FldObj_RockBeach_A_L_01
0
-1.82
0
3676.735
107.4844
560.5383
1.0
LinkTagAnd
0
0
0
3958.021
111.0894
695.6104
1.0
FldObj_RockZoraCliff_A_01
-3.056215
-1.501695
-3.106912
3201.44
322.9699
100.1491
1.0
FldObj_RockZoraLump_A_02
-0.438039
-0.3838368
0.268063
3597.35
329.9416
258.2534
1.0
Obj_TreeConiferous_A_03
0
0
0
3148.512
296.7949
83.22296
1.0
FldObj_RockBeachWall_A_01
2.075994
-1.49008
-2.490767
3486.297
150.6081
604.8687
0.8
LinkTagOr
0
0
0
3733
452.5
44.5
1.0
Npc_HiddenKorokGround
0
0.7800001
0
3140.857
220.7948
324.9673
1.0
TwnObj_BrownStoneRuinPillar_A_01
0
0
0
3341
117.9
416
1.0
FldObj_RockZoraCliffWall_A_03_Far
-0.05833447
0.3807785
0.4683575
3307.09
337.9592
49.1709
0.7
FldObj_RockZoraCliffWall_A_06
-0.34
-0.9399999
0
3430.786
365.3926
6.192596
1.0
FldObj_CliffWhiteWall_A_05
2.558041
0.2696707
3.080518
3044.49
305.8055
939.5804
1.0
TwnObj_BrownStoneRuinArch_A_01
0
0
0
3335.995
118.9615
496.8106
1.0
FldObj_RockZoraLump_A_02_Far
-0.22
-0.6200001
0
3206.345
265.1058
178.6045
0.8
FldObj_RockZoraCliff_A_02_Far
-0.1061937
-1.259894
0.006526421
3222.003
299.1269
115.8047
0.9
LinkTagAnd
0
2.452951
0
3952.218
143.365
395.0203
1.0
Obj_Plant_Lotus_A_01
0
2.38
0
3208.673
309.5173
33.10172
1.0
FldObj_RockZoraCliffWall_A_05
2.747915
-0.967181
3.08674
3196.883
206.1755
26.24649
1.0
FldObj_RockZoraCliffWall_A_02
1.102137
-1.540342
-1.234952
3228.315
331.7837
61.07468
1.0
Obj_TreeApple_A_L_01
0
-2.08
0
3148.137
127.647
525.4369
1.0
LinkTagAnd
0.5676367
0.270813
-0.873912
3563.943
107.1442
626.3196
1.0
FldObj_RockBeachWall_A_01
2.681692
-0.7906087
3.087098
3297.344
120.7192
505.5791
1.0
FldObj_CliffGrayParts_A_08
-0.3669904
-1.325822
-0.1762408
3411.945
130.6241
391.2514
1.0
FldObj_RockBeachWall_A_07_Far
2.606282
0.2841412
3.090012
4020.503
138.2866
372.0312
1.0
FldObj_RockZoraCliff_A_03
-0.1492494
0.1760455
0.190905
3248.617
293.9915
165.9387
0.9
Obj_Plant_Korok_A_01
-2.007975
0.3386465
-1.724822
3492.289
137.0747
560.7122
1.0
LinkTagOr
0
-1.581594
0
3271.139
108.4228
657.3208
1.0
FldObj_RockZoraLump_A_02_Far
-1.00222
0.1248935
-0.03728791
3943.994
392.9217
41.17535
1.0
FldObj_CliffGrayParts_A_07
-0.5199999
-1.44
8.641529E-18
3430.339
151.1611
429.9064
1.0
Area
0
0
0
3948.511
106.4896
694.049
1.0
FldObj_RockZoraLump_A_02_Far
1.301959
-1.419648
-2.098439
3442.624
371.9449
-0.8861694
0.8
FldObj_RockZoraCliffWall_A_03
-0.039992
0.0007997333
0.07998399
2991.678
365.0036
303.8005
0.75
FldObj_RockZoraCliffWall_A_03_Far
-0.234787
0.6812099
0.1188811
3959.296
243.1562
180.9427
1.0
FldObj_RockZoraCliffWall_A_02_Far
2.978972
-0.2405549
-3.128483
3064.519
226.7661
85.03415
1.0
FldObj_CliffWhiteWall_A_05_Far
2.557176
0.3235458
2.92283
3182.61
297.7553
1016.999
1.0
FldObj_MountainLanayruWall_A_01
2.921593
1.221592
3.141593
4096.342
185.4178
914.6849
1.1
FldObj_RockZoraCliffWall_A_07_Far
0.01977243
0.2806728
-0.03524432
3474.523
340.8856
51.34921
1.3
FldObj_RockBeach_A_M_03
0.01684304
-0.6998312
-0.0261467
3809.428
94.31726
711.788
1.0
LinkTagNone
0
0
0
3955.191
143.3734
400.8667
1.0
FldObj_RockBeachWall_A_01
-0.4
0.5799998
0
3602.254
120.2975
583.3475
1.0
TwnObj_BrownStoneRuinSet_A_01
0
0
0
3336
117.9
483.2
1.0
FldObj_MountainLanayruWall_A_01_Far
2.921593
1.221592
3.141593
4096.342
185.4178
914.6849
1.1
FldObj_RockZoraCliff_A_01_Far
-3.056215
-1.501695
-3.106912
3201.44
322.9699
100.1491
1.0
FldObj_RockBeach_A_L_01
2.881593
0.1784073
3.141593
3883.836
103.2483
501.7138
1.0
FldObj_CliffGrayParts_A_05
-2.70219
-1.164892
1.043951
3271.29
123.4307
522.5267
1.0
FldObj_RockZoraCliff_A_11
3.101789
-0.02165601
3.138396
3130.782
249.4533
61.23212
1.0
FldObj_RockZoraCliffWall_A_03_Far
-0.6031851
0.8546668
-0.1493963
4028.085
350.2095
38.59958
1.0
FldObj_RockZoraCliffWall_A_06_Far
2.580007
1.232245
2.6085
3313.557
370.1917
23.92398
1.0
FldObj_MountainLanayruWall_A_01
2.756178
0.8670717
3.03164
3999.365
319.8532
921.7731
1.0
FldObj_SkullRock_A_01_Far
0
-0.6886416
0
3955.827
143.3734
400.0946
1.0
FldObj_CliffGrayParts_A_08_Far
-0.5976681
0.05640009
0.08262126
3089.192
138.9923
544.9149
1.0
FldObj_CliffGrayParts_A_07
1.559895
0.6155384
-2.837787
3359.812
105.6217
571.4981
0.8
FldObj_RockZoraCliffWall_A_06_Far
2.941593
-0.1615929
3.141593
3130.222
210.2897
65.17981
1.0
LinkTagNone
0
0
0
3628.541
309.4955
312.4515
1.0
FldObj_RockZoraLump_A_02_Far
-0.8568147
0.3619584
0.06337105
3763.845
405.1548
66.04761
1.0
DgnObj_EntranceShutter_A_01
0
0
0
3333.5
119.0002
405.3
1.0
BarrelBomb2
-0.01525635
-0.6900891
0.02034928
3956.582
143.4309
407.8403
1.0
LinkTagOr
0.05153096
-0.002487567
0.09645036
3427.789
149.8978
523.9357
1.0
FldObj_RockBeach_A_L_01
2.847767
0.5788331
-3.141303
3753.567
105.7378
450.2996
1.0
FldObj_RockZoraCliffWall_A_05_Far
2.747915
-0.967181
3.08674
3196.883
206.1755
26.24649
1.0
Obj_TreeApple_A_M_01
0
0
0
3355.1
120.4928
515.7
1.0
FldObj_RockZoraCliffWall_A_06
0
-0.7
0
3294.712
306.0688
103.7252
1.0
TBox_Field_Enemy
0
-0.6886414
0
3960.171
148.4134
392.6749
1.0
FldObj_RockZoraCliffWall_A_03_Far
-0.02590026
0.6405905
0.1403886
3385.88
287.2517
70.30945
1.0
LinkTagOr
-2.770893
0.9361604
-2.77066
3720.821
110.5716
616.6872
1.0
FldObj_CliffWhiteWall_A_02
2.221592
0.201592
3.141593
3071.765
177.7483
667.1685
1.0
FldObj_RockBeachWall_A_02
0
3.063185
0
3197.877
124.4326
465.8916
1.0
FldObj_RockBeachWall_A_01
2.103204
0.5462319
3.064904
3990.11
126.101
759.1027
1.0
FldObj_RockZoraRelief_A_M_07_ma
0
-1.22
0
3265.495
341.8372
38.70065
1.0
LinkTagNAnd
0
-1.459997
0
3611.775
308.7925
318.223
1.0
LinkTagAnd
0
0
0
3455.123
144.7455
550.5181
1.0
Area
0
0
0
2958.7
407.5
134.6
5
FldObj_RockBeach_A_M_01_Far
0
-3.000001
0
3908.831
102.9542
521.6253
1.0
FldObj_RockBeachWall_A_02
2.741593
-0.6215927
3.141593
3314.767
120.3717
337.1898
1.2
FldObj_RockBeachWall_A_01
-0.36
-0.26
0
3559.798
163.6889
464.3293
1.0
LinkTagNone
0
0
0
3604.57
313.8099
319.8259
1.0
LinkTagAnd
0
0
0
2979.871
278.2181
365.5474
1.0
FldObj_RockZoraLump_A_02_Far
-0.438039
-0.3838368
0.268063
3597.35
329.9416
258.2534
1.0
TwnObj_BrownStoneRuinWall_A_03_Far
0
1.570796
0
3330.26
118.4251
496.334
1.0
FldObj_RockBeach_A_L_01_Far
2.801593
0.578407
3.141593
3830.638
103.9509
484.6111
1.0
PlayerOnScaffoldCheckTag
0
-0.5800005
0
3942.42
150.7757
428.901
1.0
FldObj_RockBeach_A_L_01
2.921593
-1.341593
3.141593
3661.746
110.5716
569.1251
1.0
FldObj_MountainLanayruWall_A_01
2.841593
0.4415923
3.141593
3329.185
161.9944
1054.873
1.0
FldObj_RockZoraLump_A_01
-3.114512
-1.481703
-3.04859
3412.354
333.9576
41.36258
1.0
DragonDropItemTarget
0
0
0
3102.888
285.4077
791.5701
1.0
LinkTagAnd
2.841592
0.04159245
3.141593
3831.867
326.049
268.6169
1.0
LinkTagOr
0
0
0
3380.173
120.9478
981.3005
1.0
SwitchTimeLag
0
-1.459997
0
3618.928
328.7601
319.0178
1.0
FldObj_RockZoraCliff_A_01
-0.07336354
1.093535
-0.08591032
3240.486
330.3877
121.298
0.9
FldObj_CliffGrayParts_A_08_Far
-0.8990282
0.07678279
-0.2874003
3320.287
115.0312
342.0299
0.8
ActorObserverTag
0
0
0
3380.173
119.9478
981.3005
1.0
LinkTagPulse
0.05153096
-0.002487567
0.09645036
3432.059
147.3009
523.7911
0.25
Obj_Plant_Korok_A_01
2.214079
0.8422856
2.080805
3488.918
130.586
536.1218
1.0
FldObj_RockZoraCliffWall_A_03_Far
-0.039992
0.0007997333
0.07998399
2991.678
365.0036
303.8005
0.75
FldObj_RockBeachWall_A_02
3.001593
1.081592
3.141593
3340.499
113.818
964.2822
1.0
FldObj_RockBeach_A_M_03
-1.539999
0
2.1
3752.424
99.7694
722.3583
1.0
EnemyFortressMgrTag
0
0.5600013
0
3140.793
117.0672
474.4649
1.0
FldObj_MountainLanayruWall_A_01_Far
2.841593
0.4415923
3.141593
3329.185
161.9944
1054.873
1.0
FldObj_RockZoraLump_A_01
-0.415995
-0.2567897
0.09499428
3392.607
333.5611
26.03635
1.0
FireWoodDie
0
-2.299997
0
3622.781
309.5013
314.0703
1.0
LinkTagAnd
0
0
0
3659.5
356
81.5
1.0
LinkTagNAnd
0.9275138
-0.8422858
-1.060788
3486.214
134.1897
537.4255
1.0
FldObj_CliffGrayParts_A_07_Far
3.052113
0.7127926
-2.712774
3297.411
129.9274
596.8627
0.8
SwitchTimeLag
-1.570796
0
0
3958.021
111.0894
695.6104
0.5
FldObj_RockZoraLump_A_01
-0.5806488
0.9308398
-0.05165003
3449.877
356.3263
7.37912
1.0
LinkTagOr
0
-1.879998
0
3509.756
132.2141
518.8751
1.0
FldObj_CliffWhiteWall_A_05_Far
2.56489
0.3117372
3.046962
3078.934
209.0945
752.7416
1.0
LinkTagAnd
0
0
0
3269.347
109.9264
659.9996
1.0
Enemy_Lizalfos_Guard_Junior_LongVisibility
0
-2.92
0
3958.524
148.5435
371.8013
1.0
FldObj_RockZoraCliff_A_12
0
-2.56
0
2978.385
248.009
150.6117
0.98
FldObj_RockZoraCliff_A_04
2.880305
0.09822062
3.1158
3105.199
237.0211
49.7608
1.2
Item_Fruit_A
0
0
0
3164.662
130.6085
534.9192
1.0
LinkTagAnd
0
0
0
3333.5
119
404.5
1.0
DragonDropItemTarget
0
0
0
3303.4
136.9768
619
1.0
FldObj_RockBeachWall_A_01
-0.2749414
0.8320642
0.03260401
3593.101
147.2371
481.1136
1.0
FldObj_RockBeachWall_A_02_Far
-0.2566027
-0.7505548
0.05338914
3336.823
116.5444
631.6243
1.0
Npc_HiddenKorokGround
0
-2.101592
0
3951.867
106.3174
695.8884
1.0
LinkTagAnd
-0.1769783
-1.00017
-0.003578355
3137.005
117.073
471.9987
1.0
ActorObserverTag
0
0
0
3268.583
107.9164
656.6958
1.0
FldObj_RockBeachWall_A_02_Far
3.001593
1.081592
3.141593
3340.499
113.818
964.2822
1.0
FldObj_DLC_HeroMap_C_03
0
-0.3141593
0
3739.797
401.5156
53.38281
1.0
Area
0
0
0
2958.7
407
134.6
50
Enemy_Lizalfos_Junior
0
1.863188
0
3616.566
309.5018
315.9276
1.0
FldObj_RockZoraLump_A_01
-0.3999534
0.9030432
0.3076495
3818.213
334.1008
174.1682
1.0
FldObj_RockBeachWall_A_01
0
-2.579999
0
3437.194
169.3617
256.1692
1.1
LinkTagPulse
-2.770893
0.9361604
-2.77066
3720.651
108.905
616.6281
0.25
LinkTagAnd
0
0
0
3561.443
108.7442
626.3199
1.0
Area
0
0
0
3734.998
400.5
43.89529
7
FldObj_MountainLanayruWall_A_01
2.858583
-0.5480092
3.054785
3577.288
160.68
899.1229
1.0
FldObj_MountainLanayruWall_A_01
2.692842
-0.2535025
-3.103335
3758.777
162.8367
823.1558
1.2
FldObj_RockBeachWall_A_01_Far
-0.52
0
0
3655.385
126.0167
430.9756
1.0
TBox_Field_Stone
0
2.094395
0
3104.5
277.4131
148.9999
1.0
FldObj_CliffGrayParts_A_07
3.052113
0.7127926
-2.712774
3297.411
129.9274
596.8627
0.8
LinkTagNAnd
0
2.452951
0
3956.123
143.396
398.8471
1.0
FldObj_RockBeachWall_A_06
2.506728
-0.404226
3.001934
3830.245
103.6842
712.2823
1.0
FldObj_RockBeachWall_A_02_Far
-1.26979
1.180931
-0.780795
4123.679
126.8411
830.965
1.0
Obj_Plant_IvyBurn_A_01
-2.374899
1.225021
-2.161228
3428.399
146.0054
523.3679
1.0
FldObj_CliffGrayParts_A_07_Far
-0.5265285
-1.120401
0.1700973
3427.85
152.1699
388.3317
1.0
FldObj_RockBeachWall_A_01_Far
2.827182
-0.5287918
-2.883153
3370.972
149.1816
274.6579
1.0
FldObj_RockZoraCliff_B_01
3.105535
-0.5405099
-3.071603
3228.152
330.8921
30.39505
0.9
LinkTagOr
0
-1.44
0
3204.747
309.505
32.11816
1.0
Item_Fruit_A
0
1.108999
0
3227.401
237.3861
890.3806
1.0
FldObj_RockBeachWall_A_01_Far
-0.36
-0.26
0
3559.798
163.6889
464.3293
1.0
LinkTagOr
0.05153096
-0.002487567
0.09645036
3426.905
148.6583
523.874
1.0
FldObj_CliffWhiteWall_A_01
2.775421
-0.001617873
3.043574
2986.711
145.0559
506.9059
1.0
FldObj_DLC_HeroMap_C_01
0
-0.3141593
0
3739.797
401.5156
53.38281
1.0
Item_Fruit_A
0
-2.251832
0
3226.221
237.4368
906.6619
1.0
Item_Fruit_A
0
-2.08
0
3146.202
131.947
526.6469
1.0
FldObj_RockBeachWall_A_02
3.001593
-0.3215936
3.141593
3385.393
114.6856
974.1132
1.0
LinkTagOr
0
0
0
3195.45
259.0042
13.66003
1.0
FldObj_RockZoraCliff_A_01_Far
0.1383838
0.1248465
0.118274
3619.046
332.8245
286.4229
0.8
Enemy_Lizalfos_Middle
0
-1.559999
0
3147.279
117.0404
474.4078
1.0
FldObj_RockZoraCliffWall_A_04
0
-1.54
0
3079
229.906
75.73737
1.0
FldObj_RockBeachWall_A_01
3.041593
1.46
3.141593
3323.664
128.298
904.7113
1.0
Item_RoastFish_01
1.359285
-1.00017
-0.003578355
3138.854
117.7752
474.3785
1.2
Obj_LiftRockWhite_A_01
0
0.6600006
0
3146.731
118.1416
486.1935
1.0
LinkTagNAnd
0
0
0
3335
131.5
403.5
0.6
FldObj_RockBeachWall_A_01
2.961593
0.421593
3.141593
3233.55
120.7047
750.3164
1.0
Obj_TreeConiferous_A_03
0
0
0
3170.038
245.7549
184.6968
1.0
FldObj_CliffGrayParts_A_07_Far
-0.09750617
-0.9613547
-0.04845093
3389.801
141.6114
342.2708
1.0
FldObj_RockBeach_A_M_01
3.036195
-0.1638195
3.098837
3755.121
105.1581
497.3564
1.0
FldObj_RockBeachWall_A_01_Far
-0.8470904
-1.077132
0.566806
3455.827
156.7053
489.5241
1.0
FldObj_RockZoraCliffWall_A_02_Far
3.027256
1.258846
3.132636
3015.243
237.539
77.41968
1.0
FldObj_RockBeachWall_A_01
-0.34
-0.48
0
3208.469
123.0911
599.0687
1.0
FldObj_RockBeachWall_A_01_Far
3.075874
-0.6885088
3.057246
3515.769
148.3482
570.3698
1.0
DragonDropItemTarget
0
0
0
3164.9
231.75
851.2001
1.0
FldObj_RockBeachWall_A_01_Far
-0.4
0.5799998
0
3602.254
120.2975
583.3475
1.0
FldObj_RockZoraCliff_A_04_Far
2.880305
0.09822062
3.1158
3105.199
237.0211
49.7608
1.2
LinkTagNone
0
0
0
3151.999
117.1891
477.932
1.0
Item_Fruit_A
0
1.396263
0
3355.85
123.5328
515.2
1.0
Obj_TreeApple_A_M_01
0
-0.502692
0
3427.191
145.9513
521.3149
1.0
FldObj_RockZoraCliff_A_04
0
-0.22
0
3219.551
317.6356
144.8104
1.0
FldObj_RockZoraCliff_B_01
3.057709
-0.4598216
-3.117103
3066.575
236.8708
67.90704
1.0
ActorObserverTag
0
0
0
3948.511
108.0896
694.049
1.0
SwitchTimeLag
0
2.452951
0
3950.44
163.3636
403.2637
1.0
DragonDropItemTarget
0
0
0
3238.407
235.9195
895.6451
1.0
FldObj_RockZoraCliff_A_01_Far
-0.07336354
1.093535
-0.08591032
3240.486
330.3877
121.298
0.9
FldObj_CliffWhiteMountain_A_02
0
0.05999983
-0.05999998
3093.166
223.9736
777.1248
0.9
LinkTagOr
0
0
0
3205.432
309.505
37.44208
1.0
FldObj_CliffWhiteWall_A_02_Far
2.768489
0.02090431
2.950712
3061.98
135.7162
509.4993
1.0
FldObj_RockBeach_A_L_01
-0.7232029
-0.4862254
0.3496554
4091.677
113.3722
769.9692
1.0
FldObj_RockBeachWall_A_02_Far
2.641593
-1.321593
3.141593
3275.194
118.9535
385.2263
1.0
FldObj_RockZoraCliffWall_A_02
-0.250181
-0.07732099
0.3979725
3297.365
351.7091
57.16339
1.0
FldObj_RockBeachWall_A_02_Far
2.981593
-1.201592
3.141593
3464.247
114.5781
907.1996
1.0
Item_Fruit_A
0
-2.08
0
3150.895
132.997
525.8312
1.0
FldObj_CliffGrayParts_A_07
-0.8057166
-0.06889935
-0.3076828
3234.253
131.0275
499.4721
1.0
FldObj_CliffWhiteWall_A_05
1.797423
1.515046
2.230538
3217.234
194.5003
925.3314
1.0
FldObj_FallingRock_B_03
2.363765
1.010101
1.675725
3511.026
141.7752
506.6821
1.0
LinkTagAnd
0
0
0
3522.681
108.0443
527.1114
1.0
Enemy_Lizalfos_Junior
0
3.043189
0
3622.199
309.4898
320.2059
1.0
PosAfterDemoSkip
0
-3.141593
0
3333.4
119
408.366
1.0
FldObj_RockBeach_A_L_01_Far
2.921593
-1.341593
3.141593
3661.746
110.5716
569.1251
1.0
Obj_TreeConiferous_A_03_Trunk
-1.584575
-0.8234866
0.01340428
3133.654
117.7472
484.5403
1.0
FldObj_RockZoraCliff_A_11
-3.01445
1.025309
-0.02463318
3199.274
255.6262
26.04739
1.0
FldObj_CliffGrayParts_A_07_Far
3.067516
0.7280848
-2.920422
3107.392
137.088
513.2791
1.0
FldObj_RockBeachWall_A_01
-0.24
0.7599999
0
3475.896
139.3601
516.3427
1.0
FldObj_CliffWhiteWall_A_05_Far
1.797423
1.515046
2.230538
3217.234
194.5003
925.3314
1.0
LinkTagPulse
0.1812268
0.007160345
-0.07876402
3304.812
394.1564
22.73862
0.25
FldObj_CliffGrayParts_A_07
2.375741
-0.82421
2.570115
3434.192
117.6581
627.9374
1.0
FldObj_RockZoraLump_A_01
-0.671152
-0.3920974
-0.6204206
3832.922
369.6054
102.609
1.0
FldObj_RockZoraSet_A_05_Far
0.09999999
-0.76
0
3497.052
165.3391
431.984
1.0
FldObj_RockBeachWall_A_02
0.3202146
-1.052913
-1.147418
3508.422
152.9622
601.7053
0.8
SwitchTimeLag
-0.6432825
-0.8422858
-1.060788
3487.781
133.0276
538.5186
0.5
FldObj_RockBeach_A_L_01_Far
2.985685
0.7814432
-3.13658
3807.687
106.2288
462.9439
1.0
FldObj_RockZoraCliffWall_A_03_Far
2.906801
-0.7230245
-3.110516
3634.275
298.2579
234.6615
1.2
DragonDropItemTarget
0
0
0
3917.2
105.8976
547.7
1.0
PlayerInAreaAutoEnemyForbidTag
0
0
0
2958.7
461.5
134.6
1.0
FldObj_RockBeach_A_L_01_Far
2.9134
-0.4577993
3.017742
3859.071
106.3384
477.5947
1.0
LinkTagOr
0.1812268
0.007160345
-0.07876402
3304.439
395.7646
23.0303
1.0
FldObj_RockZoraLump_A_01
-2.530766
1.153536
-1.872704
3308.338
368.1934
8.584534
0.8
FldObj_CliffWhiteWall_A_01
2.169848
-0.1927004
3.131983
2997.092
359.9965
992.67
1.0
LinkTagAnd
0
0
0
3489.197
131.5626
536.761
1.0
FldObj_RockBeachWall_A_06_Far
3.13411
-0.4615192
-3.119415
3123.146
84.57949
480.5277
1.1
Area
0.9275138
-0.8422858
-1.060788
3489.197
131.5626
536.761
2
FldObj_RockBeachWall_A_01_Far
-0.8999999
0.2799998
0
3804.146
136.9856
385.5603
1.0
TwnObj_BrownStoneRuinPillar_A_01
0
-3.141593
0
3326
108.86
443.39
1.0
FldObj_RockBeachWall_A_01
3.075874
-0.6885088
3.057246
3515.769
148.3482
570.3698
1.0
FldObj_RockZoraLump_A_02
-1.00222
0.1248935
-0.03728791
3943.994
392.9217
41.17535
1.0
LinkTagAnd
0
-1.879998
0
3506.899
132.2141
517.9622
1.0
FldObj_CliffGrayParts_A_07
-0.5265285
-1.120401
0.1700973
3427.85
152.1699
388.3317
1.0
TwnObj_BrownStoneRuinPillar_A_01_Far
-0.4
0.48
0
3353.177
116.4095
506.8741
1.0
EventTag
0
-0.6886414
0
3963.074
163.3577
403.0384
1.0
FldObj_RockZoraCliffWall_A_03_Far
3.061593
-1.561592
3.141593
2921.767
365.0003
246.1698
0.7
Area
0
-2.019998
0
3455.123
144.7455
550.5181
2
FldObj_RockZoraCliffWall_A_06
2.931251
0.1789302
-2.953906
3238.417
331.429
52.72668
1.0
Area
0
0
0
3734.998
400.3984
43.89529
5
FldObj_RockZoraCliffWall_A_05_Far
2.929644
-1.159752
-3.041343
3492.991
232.3567
268.1407
1.2
FldObj_RockZoraCliffWall_A_01
0
0
0
3218.14
308.0585
37.96057
1.0
TwnObj_BrownStoneRuinArch_A_02
0
-1.570796
0
3351.592
118.1899
477.4702
1.0
TwnObj_BrownStoneRuinPillar_A_01_Far
0.05970096
0.005986453
-0.3198211
3299.414
120.4278
496.8312
1.0
LinkTagNOr
0
0
0
3731.5
409.5
55
1.0
TBox_Field_Enemy
0
1.681596
0
3604.57
313.8099
319.8259
1.0
LinkTagNOr
0
-1.459997
0
3604.776
308.7729
312.2223
1.0
Npc_HiddenKorokGround
0
-3.141593
0
3383.032
118.7868
982.824
1.0
Item_Fruit_E
-0.2649264
0.9269179
-0.3688589
3224.448
310.374
29.41611
1.0
LinkTagAnd
0
0
0
3471.408
143.1234
548.1434
1.0
TwnObj_BrownStoneRuinPillar_A_01
-1.2
0.6999992
3.266055E-07
3336.738
117.511
511.592
1.0
FldObj_CliffWhiteWall_A_05_Far
2.558041
0.2696707
3.080518
3044.49
305.8055
939.5804
1.0
Obj_Plant_IvyBurn_A_01
1.650703
-1.18702
-1.856544
3434.226
145.8199
524.7618
1.0
Obj_HeartUtuwa_A_01
0
-2.743186
0
2952.623
420.8828
80.25455
1.0
FldObj_RockZoraCliffWall_A_05_Far
-0.3388298
0.5951457
0.3023106
3879.759
354.2934
131.2752
1.0
Obj_RockSetGray_A_L_01
-0.9586061
0.6610829
0.4070438
3529.62
153.6502
573.6312
1.0
ActorObserverTag
0
0
0
3381.173
119.9478
981.3005
1.0
LinkTagOr
0
1.053661
0
3429.396
147.4285
499.1347
1.0
Area
0.05153096
-0.002487567
0.09645036
3431.059
147.2544
523.7912
3
Obj_LiftRockWhite_Korok_A_01
0
0
0
3380.173
117.7478
981.3005
1.0
FldObj_RockBeach_A_M_01_Far
-0.06166879
-0.7175435
0.1057358
4057.95
103.5563
724.2641
1.0
FldObj_RockZoraCliff_A_03_Far
2.879174
-1.439703
-3.020046
2899.916
388.3275
227.5808
1.4
FldObj_RockZoraCliffWall_A_06_Far
2.741593
0.9015934
3.141593
3161.542
276.8859
84.9317
0.9
LinkTagAnd
0
0
0
3332
119
407.5
0.3
FldObj_MountainLanayruWall_A_01_Far
2.995929
-0.1191552
-3.077942
3857.172
270.2297
875.0543
1.0
Enemy_Lizalfos_Middle
0
0
0
3961.292
143.3531
422.3303
1.0
LinkTagOr
0.05153096
-0.002487567
0.09645036
3431.403
148.8929
523.8746
1.0
FldObj_RockZoraLump_A_01
-0.8393688
0.1850283
-0.2916781
3648.858
324.7226
255.7263
1.0
FldObj_RockBeach_A_M_03
-2.793016
-0.8505435
0.6116503
3845.679
108.3531
478.1594
1.0
Area
0
0
0
3731.5
398.4593
44.5
283
FldObj_CliffGrayParts_A_08
-0.8799999
-0.06000002
-0.05999999
3436.251
130.2886
547.7581
0.8
LinkTagOr
0.05153096
-0.002487567
0.09645036
3434.865
149.4803
522.8952
1.0
FldObj_RockZoraCliffWall_A_06
0
1.82
0
3165.51
296.2766
108.4531
1.0
LinkTagOr
0
2.38
0
3210.778
309.5083
34.24039
1.0
LinkTagOr
0
0
0
3756.5
416
46
1.0
TwnObj_BrownStoneRuinWall_A_01
0
1.570796
0
3312.8
127.8
505.7
1.0
FldObj_CliffGrayParts_A_08
-1.333074
1.152626
-0.5096459
3317.554
118.0111
608.8405
0.8
FldObj_CliffGrayParts_A_04_Far
-0.2330724
0.02607722
0.05191468
3121.648
129.8623
563.1951
1.0
FldObj_CliffGrayParts_A_07
3.067516
0.7280848
-2.920422
3107.392
137.088
513.2791
1.0
FldObj_RockBeachWall_A_01
-0.9163616
-1.009619
0.1880905
3940.528
138.885
416.7709
0.8
FldObj_RockBeachWall_A_07_Far
1.744783
0.6748668
2.948298
3614.437
113.3556
555.2079
1.0
FldObj_RockBeachWall_A_02
3.061593
1.321593
3.141593
3326.682
109.4976
791.7059
1.0
LinkTagNone
0
0
0
3364.721
117.8795
435.6255
1.0
LinkTagAnd
0
-2.101592
0
3952.12
108.8174
695.4571
1.0
FldObj_RockBeachWall_A_01
-0.14
0.98
0
3904.321
150.1177
308.3217
1.0
FldObj_RockBeach_A_L_01
-0.01999999
0.5799998
0
3415.855
97.54115
934.4291
1.0
ActorObserverTag
0
0
0
3266.583
107.9164
656.6958
1.0
FldObj_RockZoraCliff_A_04
0
-1.040004
0
3392.748
341.998
54.90372
1.0
FldObj_FallingRock_B_02
1.911962
0.1174226
-2.931806
3511.495
142.0303
508.7965
1.0
Enemy_Lizalfos_Junior
0
-0.07999707
0
3623.453
309.5099
307.675
1.0
Area
-1.133617
-0.3386465
1.416771
3491.843
137.5095
559.6868
2
LinkTagOr
0
0
0
3758
412
50.5
1.0
FldObj_RockZoraCliffWall_A_05
-0.2
0.4800001
0
3415.949
178.9143
115.0892
1.2
KorokAnswerResponce
0
0
0
3380.532
121.0791
979.8239
1.0
FldObj_CliffWhiteWall_A_01_Far
2.169848
-0.1927004
3.131983
2997.092
359.9965
992.67
1.0
FldObj_RockBeachWall_A_01
-0.1902527
0.6066994
-0.0782797
3722.387
125.2088
417.3778
1.0
FldObj_RockZoraCliffWall_A_03_Far
-0.01661883
0.9296715
0.3842002
3774.044
304.6174
240.1887
1.0
LinkTagAnd
0.9980442
0.742382
-1.981908
3469.143
141.7961
550.4561
1.0
FldObj_RockBeachWall_A_01
2.941593
-0.02000007
3.141593
3548.622
150.0533
554.056
0.8
PlayerOnScaffoldCheckTag
0
-1.68
0
3928.596
149.4843
390.8213
1.0
DgnObj_DungeonEntrance_A_01
0
0
0
3333.5
118
401.5
1.0
FldObj_MountainLanayruWall_A_01_Far
2.858583
-0.5480092
3.054785
3577.288
160.68
899.1229
1.0
FldObj_RockZoraCliffWall_A_06_Far
0
1.82
0
3165.51
296.2766
108.4531
1.0
PointWindSetTag
0
-0.7853982
0
3248
247
308
1.0
FldObj_RockBeach_A_L_01
-0.9683992
-0.7186229
0.02894013
4127.003
120.0903
797.7286
1.0
LinkTagOr
0
0
0
3562.443
108.7442
626.3193
1.0
DragonDropItemTarget
0
0
0
3593.7
106.4595
634.4
1.0
FldObj_RockZoraCliffWall_A_03_Far
-0.2146729
0.8804701
0.006853651
3109.693
225.0677
265.3995
1.0
TwnObj_BrownStoneRuinPillar_A_01_Far
-1.2
0.6999992
3.266055E-07
3336.738
117.511
511.592
1.0
FldObj_RockBeachWall_A_01_Far
-0.3219323
0.6305234
0.1985465
3964.028
132.8887
437.9982
1.0
Enemy_Lizalfos_Middle
0
2.780001
0
3138.371
117.091
480.4217
1.0
LinkTagNone
0
0
0
3958.524
148.5435
371.8013
1.0
FldObj_CliffWhiteLumpRock_A_01
2.184422
0.5578578
2.831586
3111.46
139.6792
622.7504
1.0
TwnObj_BrownStoneRuinPillar_A_01_Far
-1.12
-0.34
0
3277.157
118.8084
415.9297
1.0
Item_RoastFish_01
-1.927033
0.9894791
3.004595
3142.253
117.7657
472.8516
1.2
TBox_Field_Iron
-0.06132019
0.6389224
-0.04377292
4038.198
112.3515
418.9549
1.0
FldObj_RockZoraLump_A_02_Far
-0.5921606
-0.3945775
-0.3696032
3858.33
396.6597
71.19598
1.0
FldObj_RockZoraLump_A_02
-0.22
-0.6200001
0
3206.345
265.1058
178.6045
0.8
FldObj_CliffGrayParts_A_04
1.580483
1.443119
2.472935
3300.286
127.9118
521.3282
1.0
FldObj_RockZoraCliffWall_A_03
-0.2146729
0.8804701
0.006853651
3109.693
225.0677
265.3995
1.0
FldObj_DLC_HeroMapRelief_Mark_A_01
0
-0.3141593
0
3739.797
401.5156
53.38281
1.0
FldObj_CliffGrayParts_A_05_Far
-3.048726
1.421065
-3.007232
3316.843
103.3236
499.2819
0.8
LinkTagAnd
0
0
0
3332
119
407.5
0.3
Obj_LiftRockWhite_A_01
0
0
0
3561.943
106.1442
626.3196
1.0
Area
0
-2.92
0
3958.524
150.4559
371.8013
2
TBox_Field_Iron
0
-1.260911
0
3665.145
352.0646
82.38699
1.0
Obj_LiftRockWhite_Korok_A_01
0
0
0
3948.511
105.8896
694.049
1.0
LinkTagAnd
0
2.452951
0
3950.046
143.3734
392.1225
1.0
LinkTagNAnd
0.05153096
-0.002487567
0.09645036
3427.9
148.7546
523.8765
1.0
FldObj_RockBeachWall_A_01_Far
-0.24
0.9999999
0
3849.139
147.7392
369.8311
1.0
FldObj_RockBeachWall_A_01_Far
-0.6424007
-0.08016179
0.05984784
3283.75
133.2393
610.1979
1.0
FldObj_RockZoraLump_A_02_Far
-0.579084
0.2891388
0.3557082
3505.188
264.9813
304.2713
0.8
FldObj_RockBeach_A_M_01_Far
-0.04875438
-0.7154347
-0.1325453
3940.618
105.4511
677.605
1.0
LinkTagAnd
0
0
0
3825.892
324.427
269.2253
1.0
TwnObj_BrownStoneRuinWall_A_02
0
-1.570796
0
3329.959
118.3774
488.5521
1.0
FldObj_RockZoraCliffWall_A_02
0.09999999
-1.16
0
3221.76
329.2454
88.21637
1.0
FldObj_RockBeachWall_A_01_Far
2.503687
-0.9990029
-2.910027
3982.229
142.8304
366.0277
1.0
FldObj_CliffGrayParts_A_08_Far
-0.3669904
-1.325822
-0.1762408
3411.945
130.6241
391.2514
1.0
FldObj_CliffGrayParts_A_07_Far
-0.8057166
-0.06889935
-0.3076828
3234.253
131.0275
499.4721
1.0
Obj_RockSetGray_A_L_01
0.1974573
0.6564187
1.363655
3264.549
120.5311
579.9102
1.0
Weapon_Spear_004
-1.944206
0.1074969
0.07550081
3141.155
116.4507
476.9769
0.6666666
WallCrack
-0.3050537
0.7638562
-0.04349943
4039.071
110.8688
417.7101
1.0
FldObj_RockBeach_A_L_01
2.985685
0.7814432
-3.13658
3807.687
106.2288
462.9439
1.0
FldObj_CliffGrayParts_A_01
1.614073
1.043956
-2.772506
3284.786
131.521
604.947
0.9
FldObj_RockBeachWall_A_02_Far
-0.4200931
1.167456
-0.1518655
3490.376
159.8403
492.4275
0.8
FldObj_RockBeach_A_L_01
2.861734
-0.8199056
3.058642
3656.814
108.8539
582.2812
1.0
FldObj_RockBeachWall_A_01_Far
-0.34
-0.48
0
3208.469
123.0911
599.0687
1.0
FldObj_RockZoraCliffWall_A_05
-0.6043624
-0.7378545
0.04256456
3546.941
198.3142
71.74176
1.3
Obj_TreeConiferous_A_03
0
0
0
3562.177
252.8046
391.6224
1.0
FldObj_RockBeach_A_L_01_Far
-0.7232029
-0.4862254
0.3496554
4091.677
113.3722
769.9692
1.0
FldObj_RockZoraCliff_A_04_Far
0
-0.22
0
3219.551
317.6356
144.8104
1.0
FldObj_CliffGrayParts_A_07_Far
-0.4666212
-0.3689315
0.05532082
3407.701
137.3974
537.8315
0.8
FldObj_RockBeachWall_A_02_Far
2.741593
-0.6215927
3.141593
3314.767
120.3717
337.1898
1.2
Enemy_Lizalfos_Middle
0
-2.346991
0
3364.721
117.8795
435.6255
1.0
Item_Fruit_A
0
1.396263
0
3163.602
131.0835
534.8895
1.0
FldObj_RockBeach_A_L_01_Far
2.861734
-0.8199056
3.058642
3656.814
108.8539
582.2812
1.0
FldObj_MountainLanayruWall_A_01
2.874308
-0.3795804
-3.118516
3457.36
163.6548
1044.959
1.0
Item_Fruit_A
0
1.108999
0
3229.462
240.6211
893.3932
1.0
FldObj_RockZoraLump_A_02_Far
3.003796
0.3552482
-2.762315
3003.401
303.1438
113.4496
1.0
FldObj_RockZoraCliffWall_A_01_Far
0
-2.24
0
3227.53
336.1648
114.5568
0.9
FldObj_MountainLanayruWall_A_01_Far
2.874308
-0.3795804
-3.118516
3457.36
163.6548
1044.959
1.0
LinkTagAnd
0
0
0
3740.5
417.5
53
1.0
FldObj_CliffGrayParts_A_07
-0.09750617
-0.9613547
-0.04845093
3389.801
141.6114
342.2708
1.0
FldObj_RockZoraCliffWall_A_05
-0.07643685
0.4585758
0.07538537
3639.047
298.5338
334.1368
1.0
FldObj_RockZoraCliff_A_03_Far
-0.1492494
0.1760455
0.190905
3248.617
293.9915
165.9387
0.9
Enemy_Lizalfos_Middle
0
-0.1507965
0
3293.8
118.0334
387.1
1.0
KorokAnswerResponce
0
0
0
3266.847
108.9264
659.9996
1.0
FldObj_RockBeachWall_A_01_Far
2.103204
0.5462319
3.064904
3990.11
126.101
759.1027
1.0
FldObj_RockBeachWall_A_01_Far
0
-2.579999
0
3437.194
169.3617
256.1692
1.1
Obj_RaftWoodSail_A_S_01
-0.2427252
-0.9545869
0.3217751
3142.988
115.2784
457.6629
1.0
FldObj_CliffGrayParts_A_07_Far
0
-2.179999
0
3402.869
140.1739
484.9099
1.0
DgnObj_WarpPoint_A_01
0
0
0
3333.5
118.963
410.6953
1.0
LinkTagAnd
0
0
0
3383.032
123.0791
979.8239
1.0
FldObj_RockBeach_A_M_01
-2.690798
-1.273389
2.690874
3673.364
105.4324
624.8698
1.0
FldObj_RockZoraCliff_B_01_Far
3.105535
-0.5405099
-3.071603
3228.152
330.8921
30.39505
0.9
FldObj_RockBeachWall_A_01
0
0.8799998
0
3604.656
161.4519
453.8812
1.1
FldObj_RockBeach_A_L_01
-0.01803064
-0.7550171
-0.05749043
3760.7
101.8878
474.0618
1.0
FldObj_RockBeachWall_A_01_Far
2.858893
0.432505
-3.125052
3607.518
118.9732
549.5215
1.0
DragonDropItemTarget
0
0
0
3652.5
108.2655
610.7
1.0
FldObj_CliffWhiteWall_A_02_Far
2.221592
0.201592
3.141593
3071.765
177.7483
667.1685
1.0
Obj_Plant_Lotus_A_01
0
-1.44
0
3205.671
309.514
34.32581
1.0
Item_Fruit_A
0
2.505262
0
3226.902
237.8611
891.3163
1.0
FldObj_DLC_HeroMapRelief_Mark_A_02
0
-0.3141593
0
3739.797
401.5156
53.38281
1.0
FldObj_RockZoraCliffWall_A_03
-0.1898562
-0.08889075
0.05587553
3217.579
250.806
147.5367
1.0
Obj_TreeConiferous_A_03
0
0
0
3478.566
341.7948
24.57001
1.0
DragonDropItemTarget
0
0
0
3224.503
222.0431
847.4799
1.0
LinkTagOr
0
-1.16
0
3511.566
132.3911
523.4989
1.0
Area
-2.770893
0.9361604
-2.77066
3721.203
109.12
617.4333
3
FldObj_RockZoraCliffWall_A_03
2.507407
1.207209
2.627163
3050.709
366.8242
211.1438
0.8
DragonDropItemTarget
0
0
0
3850.8
105.8976
550
1.0
SwitchTimeLag
-2.704414
-0.3386465
1.416771
3489.339
138.1617
558.9474
0.5
FldObj_CliffGrayParts_A_07
0
-2.179999
0
3402.869
140.1739
484.9099
1.0
FldObj_RockBeachWall_A_01
-0.24
0.9999999
0
3849.139
147.7392
369.8311
1.0
LinkTagNone
0
0
0
3510.906
142.2942
507.2222
1.0
LinkTagOr
0
0
0
3561.326
106.1209
622.2882
1.0
Item_Fruit_A
0
0
0
3162.883
133.8435
538.1067
1.0
PlayerOnScaffoldCheckTag
0
-1.459997
0
3604.786
315.7699
314.7711
1.0
FldObj_RockZoraCliffWall_A_05
-0.3388298
0.5951457
0.3023106
3879.759
354.2934
131.2752
1.0
LookTag
0
1.157997
0
3606.195
315.5699
320.5374
1.0
LinkTagAnd
0
0
0
3135.5
240.5
181
1.0
Obj_Mineral_A_01
0.9464269
1.489599
0.970443
3816.527
314.982
261.3987
1.0
