UnitConfigName/__text
Rotate/value/0
Rotate/value/1
Rotate/value/2
Translate/value/0
Translate/value/1
Translate/value/2
_Scale
Obj_Plant_CypressLow_B_01
-2.945742
-0.08452565
2.978337
3718.408
424.2543
1358.608
1.0
Obj_TreeConiferous_A_Snow_01
0
-1.034255
0
3590.008
294.6319
1512.699
1.0
Obj_MineralGrain_A_02
-0.2065472
0.008992328
0.08670932
3448.706
345.1483
1812.331
1.0
Obj_TreeConiferous_A_Snow_01
0
-2.850788
0
3400.264
267.8354
1334.792
1.0
Item_Mushroom_B
0
0.9437255
0
3359.684
278.5901
1409.113
1.0
Obj_TreeConiferous_A_Snow_01
0
6.067489
0
3480.399
274.4059
1317.32
1.0
EnvSeEmitPointBirdTemperate
-0.9298095
0.1228027
0.5909423
3611.578
294.0898
1958.688
1.0
Item_Mushroom_B
3.141479
0.3841552
3.141479
3395.125
268.4337
1407.258
1.0
RockSetWhite_A_01
-0.3366313
-0.03021808
-0.07738049
3068.923
360.8141
1037.058
1.0
Obj_TreeConiferous_A_Snow_01
0
-0.8105023
0
3602.926
295.2455
1469.917
1.0
Item_Mushroom_B
0
0.2388916
0
3387.344
270.7366
1322.238
1.0
Obj_Plant_HopBush_A_02
0.01387654
0.06389769
-0.04318313
3127.605
173.9831
1704.574
0.884766
Obj_TreeConiferous_A_Snow_01
0
0.05709585
0
3564.242
308.7415
1322.888
1.0
Item_Mushroom_D
-2.265503
-0.6594238
3.138061
3812.73
549.4219
1199.441
1.0
Obj_TreeBroadleaf_A_LL_02
0
2.995779
0
3476.141
257.5029
1916.29
1.8
Obj_MineralGrain_A_02
-0.4552028
-0.9005398
0.4230836
3065.914
359.1735
1028.338
1.0
Obj_Plant_HopBush_A_01
-0.1707659
-0.5740952
0.121521
3268.383
184.2149
1980.348
1.0
TwnObj_AncientCandlePoleRoofOff_A_01
0
0
0
3522.066
265.9776
1928.662
1.0
Obj_TreeConiferous_A_Snow_01
0
3.938859
0
3406.822
272.0796
1394.843
1.0
Obj_Plant_HopBush_C_Snow_02
-0.03981864
0.04652796
0.3768774
3397.586
268.3751
1399.137
0.92627
Obj_TreeConiferous_A_Snow_01
0
6.036136
0
3467.039
293.3501
1447.987
1.0
Obj_TreeConiferous_A_Snow_02
0
0
0
3475.639
273.3503
1344.061
1.0
Item_Mushroom_D
-2.481567
0.5944824
2.808594
3219.598
329.918
1361.875
1.0
EnvSeEmitPointBirdTemperate
-1.107544
-1.066406
1.408691
3114.59
184
1680.395
1.0
Item_Mushroom_B
0
-1.246094
0
3399.195
271.3272
1416.43
1.0
Obj_TreeWhiteBirch_A_03
0
0
0
3201.075
264.5625
1176.544
1.0
Obj_MineralBury_A_01
0
0
0
3511.795
373.0696
1606.88
1.0
Obj_Mineral_C_01
0
0
0
3697.686
355.8071
1520.295
1.0
Obj_LiftRockWhite_A_01
0
1.02
0
3042.721
113.2605
1795.376
1.0
Obj_TreeBroadleafLow_Snow_A_01
0
-0.7399999
0
3479.251
265.7917
1409.706
1.0
Obj_Mineral_C_01
0.4104216
-0.4921224
0.5962569
4070.438
504.8962
1391.758
1.0
BoxWater
0
-3.123186
0
3279.831
261.491
1337.533
1.0
Obj_Mineral_A_01
-2.781593
-0.3984072
3.001594
3182.426
311.581
1265.419
1.0
EnvSeEmitPointInsectTemperate
-2.742188
1.056518
-2.932373
3155.379
175.1758
1719.52
1.0
Obj_Plant_HopBush_C_Snow_01
0.2866453
-0.3382437
0.2812828
3563.086
273.3134
1430.754
1.075195
Obj_TreeConiferous_A_Snow_01
0
3.0007
0
3553.314
305.4525
1323.148
1.0
Obj_Mineral_A_01
0
0
0
3229.988
297.9498
1498.159
1.0
Enemy_Golem_Junior
0
0
0
3199.41
173.3784
1904.359
1.0
EnvSeEmitPointBirdTemperate
0
-1.325317
0
3262.816
271.6133
1180.527
1.0
Obj_Plant_CypressLow_A_02
0.1050772
-0.7854225
0.09229372
3119.805
295.0592
1561.953
0.884766
Obj_TreeConiferous_A_Snow_01
0
5.009848
0
3410.116
284.619
1458.461
1.0
FldObj_MountainLanayruStairs_A_01
0
1.08
0
4007.93
528.2121
1267.09
1.0
Obj_TreeConiferous_A_Snow_01
0
3.618181
0
3384.199
285.8153
1454.99
1.0
Obj_TreeConiferous_A_Snow_01
0
0.6214125
0
3401.599
280.4135
1452.268
1.0
Obj_RockSnow_A_01
-2.541593
-1.541596
-3.141592
3677.303
335.6407
1559.709
1.0
Item_Mushroom_D
-2.038086
0.4567871
-2.799072
3297.16
256.8438
1056.434
1.0
Obj_RockSnow_A_01
0.7880589
0.6602273
1.023026
3673.833
363.6644
1474.794
1.0
Obj_Mineral_A_01
0
3.166034
0
3081.972
295.1289
1552.997
1.0
Obj_Mineral_A_01
2.401334
-1.388138
-2.291374
3410.919
335.0325
1743.956
1.0
Obj_Plant_HopBush_C_Snow_02
0.07916224
-0.162048
0.3926022
3800.578
454.6627
1437.375
0.951172
Obj_TreeConiferous_A_Snow_01
0
6.058743
0
3419.771
286.9716
1442
1.0
Obj_TreeConiferous_A_Snow_01
0
0.68
0
4070.811
512.2625
1342.216
1.0
Obj_Plant_CypressLow_A_02
0.3927327
1.0746
0.6347685
3111.258
295.5736
1542.68
0.96582
Item_Mushroom_B
3.141479
1.306763
3.141479
3465.805
271.7687
1296.496
1.0
Obj_TreeBroadleaf_A_L
0
0
0
3084.842
176.9516
1653.784
1.0
Obj_Plant_CypressLow_B_01
-0.9703045
-1.321975
0.6758838
3483.16
268.4214
1425.156
1.081055
Obj_TreeConiferous_A_Snow_01
0
0
0
3487.174
283.3976
1265.651
1.0
Item_Mushroom_B
0
-1.23352
0
3457.203
267.7234
1365.238
1.0
EnvSeEmitPointBirdTemperate
1.819702
-0.8704833
-1.115479
3066.699
187.3789
1644.039
1.0
BoxWater
0
-3.123186
0
3275.874
296.8745
1358.608
1.0
Obj_TreeBroadleaf_A_L
0
1.04
0
3124.486
174.0838
1704.982
1.0
Item_Mushroom_F
0
1.319336
0
3547.805
306.1488
1291.918
1.0
Obj_TreeConiferousDead_A_Snow_01
0
4.241209
0
3495.488
277.1322
1346.815
1.0
FldObj_MountainLanayruStairs_A_01
0
-2.699999
0
3547.883
271.4161
1486.157
1.0
Area
0
0
0
3200
172.4633
1901.5
75
FldObj_MountainLanayruStairs_A_01
-3.099087
-0.8215421
3.138072
3586.019
289.7773
1533.577
1.0
Obj_RockWhite_B_L_01
0
0.44
0
3153.614
172.2794
1692.787
1.0
Obj_Plant_HopBush_A_02
-0.3064352
-1.057363
0.2017317
3281.313
268.2275
1273.246
1.060059
Item_Mushroom_D
0.8430175
-1.199585
0.7628173
3287.375
265.3594
1647.574
1.0
Obj_Mineral_C_01
-0.241141
-0.009531485
0.3922085
3695.797
356.3102
1513.662
1.0
Obj_TreeConiferousDead_A_Snow_01
0
0.8898819
0
3415.674
268.3369
1357.76
1.0
Obj_Plant_HopBush_A_01
-0.09680615
1.198945
-0.008542873
3832.383
288.8467
1992.207
1.093262
Obj_TreeConiferous_A_Snow_01
0
0.6264946
0
3578.293
311.9343
1393.798
1.0
EnvSeEmitPointBirdTemperate
0
-0.1066894
0
3475.23
265.5938
1916.57
1.0
Obj_TreeBroadleaf_A_LL
0
3.142799
0
3610.438
286.2226
1958.682
1.0
Obj_TreeConiferous_A_Snow_01
0
4.741614
0
3430.944
289.8581
1470.407
1.0
Obj_RockSetSnow_A_05
0
0
0
3366.518
272.8047
1304.46
1.0
Item_Mushroom_B
0
-0.1915283
0
3557.059
309.3045
1316.301
1.0
Obj_Plant_CypressLow_A_02
0.3448106
1.024097
0.5704053
3121.559
296.1738
1553.027
0.889648
TBox_Field_Iron
0
0
-0.48
2873.61
114.9666
2242.96
1.0
FldObj_KorokStone_A_01
0
-1.483185
0
3262.743
342.4672
1432.589
1.0
Obj_TreeConiferous_A_Snow_01
0
6.174463
0
3469.555
275.2733
1478.756
1.0
Obj_TreeBroadleaf_A_L
0
0.8999999
0
3096.203
175.5014
1669.325
1.0
Obj_Plant_HopBush_C_Snow_01
0.1074959
0.3275587
0.2238942
3403.48
270.8174
1386.336
0.970215
Obj_TreeConiferous_A_Snow_01
0
-0.4346247
0
3506.162
267.4798
1461.247
1.0
Obj_TreeConiferous_A_Snow_01
0
0
0
3556.99
309.0707
1317.177
1.0
Obj_Plant_HopBush_C_Snow_01
1.060341
1.327589
0.8987442
3896.848
578.9589
1368.387
0.977539
Obj_RockWhite_B_L_01
0
-1.739999
0
3223.447
181.8633
1949.853
1.0
Obj_TreeBroadleafLow_Snow_A_01
0
-1.48
0
3532.185
264.971
1445.62
1.0
Obj_TreeConiferous_A_Snow_02
0
0.8
0
3381.364
268.6265
1355.641
1.0
Obj_RockSetSnow_A_02
3.065726
-0.667383
3.088391
3980.762
537.2338
1256.379
1.0
Obj_RockSetSnow_A_03
0
1.8
0
3482.33
265.7409
1416.547
1.0
Item_Mushroom_D
1.602173
0.175415
-0.1530762
3875.133
516.7656
1442.203
1.0
Obj_TreeConiferous_A_Snow_01
0
-0.68
0
3927.562
451.7134
1506.106
1.0
Obj_RockSetSnow_A_05
0.01983972
-0.008898835
0.8432527
3630.407
355.7903
1341.308
1.0
GrassCutTag
0
0
0
3251
267.8781
1318.5
1.0
Obj_Plant_HopBush_C_Snow_01
0.05622094
-0.3595997
0.06878413
4062.434
423.3626
1120.625
0.941406
Obj_Plant_HopBush_C_Snow_01
0
-0.4815674
0
3373.637
267.0245
1380.738
0.904297
Obj_Plant_CypressLow_B_01
0.3226914
-0.6438004
-0.08279276
3361.68
297.9745
1213.391
0.891602
Obj_TreeConiferous_A_Snow_02
0
0.62
0
4029.407
519.7793
1289.939
1.0
Obj_Plant_HopBush_C_Snow_02
0
-0.5795898
0
3438.43
265.3855
1372.895
1.067383
Obj_Plant_HopBush_A_01
-0.3481294
0.4151062
0.1091281
3121.133
169.9729
1857.609
0.948242
Obj_TreeBroadleafLow_A_01
0
-1.26
0
3112.679
176.3527
1676.07
1.0
Obj_Mineral_B_01
-0.5168936
0.05951779
0.1042616
3534.402
352.0152
1596.257
1.0
Obj_TreeConiferous_A_Snow_01
0
0
0
3439.482
270.8761
1292.901
1.0
FldObj_CliffWhiteRockSet_B_01
0.05970096
-0.005986447
0.09982123
3237.854
175.8988
1873.539
1.0
Obj_RockWhite_B_L_03
-0.2471774
0.7049924
-0.3713289
3174.822
173.5534
1904.9
1.0
FldObj_MountainLanayruStairs_A_01
0
0.12
0
4058.436
512.6981
1331.779
1.0
Obj_Plant_HopBush_C_Snow_02
-0.11476
-0.4247003
-0.3205122
3877.246
618.6651
1279.301
0.959473
FldObj_PlayerChapelPillar_B_01
0
2.70526
0
3941.253
569.2947
1350.216
1.0
Obj_Plant_HopBush_C_Snow_01
0.05205469
-0.5192861
-0.02705391
3388.383
267.6693
1364.863
0.943848
Obj_RockSnow_A_01
-1.347516
-1.345101
1.341904
3495.524
268.5082
1401.88
1.0
Obj_TreeWhiteBirch_A_03
0
1.14
0
3212.865
263.5907
1181.441
1.0
Obj_Mineral_C_01
0.7200001
0
0
3549.752
316.3471
1255.354
1.0
Obj_TreeConiferous_A_Snow_01
0
4.704766
0
3448.356
270.0779
1282.598
1.0
Obj_TreeBroadleaf_A_L
0
0
0
3839.855
289.106
1978.08
1.0
Item_Mushroom_B
0
-0.1706543
0
3478.059
274.6015
1336.449
1.0
Item_Mushroom_B
0
0.6868896
0
3491.762
277.0517
1333.188
1.0
Item_Mushroom_M
3.141479
-0.8881835
3.141479
3258.086
268.8922
1257.012
1.0
Obj_Plant_CypressLow_B_01
-0.327118
0.4293469
0.06427426
3599.469
299.5517
1550.82
0.894531
FldObj_MountainLanayruStairs_A_01
3.053267
-0.7421209
3.125377
3773.09
443.9356
1419.371
1.0
Obj_TreeConiferous_A_Snow_01
0
5.453757
0
3461.955
266.9455
1374.13
1.0
FldObj_MountainLanayruStairs_A_01
0
-1.84
0
3849.791
470.3246
1464.156
1.0
Obj_MineralBury_A_01
1.267785
-1.059876
-1.199201
3034.023
311.4093
1559.056
1.0
Obj_Plant_CypressLow_B_01
-0.06497045
0.005929061
0.1819484
3953.967
492.774
1456.951
1.0
Obj_Plant_CypressLow_A_02
0
-0.05297851
0
3244.758
268.7695
1325.094
1.080566
EnvSeEmitPointInsectTemperate
2.42334
-0.4162597
2.901611
3116.566
177.4844
1686.395
1.0
Obj_TreeBroadleaf_A_L
0
0
0
3125.386
298.5787
1540.361
1.0
Obj_TreeConiferous_A_Snow_01
0
-0.7475868
0
3626.69
313.3208
1494.225
1.0
Obj_Plant_HopBush_C_Snow_02
-0.2330432
0.6211765
-0.1870342
3548.945
315.0148
1362.199
1.066895
FldObj_MountainLanayruStairs_A_01
0
-1.86
0
3839.061
466.824
1463.534
1.0
Obj_TreeConiferousDead_A_Snow_01
0
0.6264946
0
3536.52
265.7385
1440.164
1.0
TBox_Field_Iron
-0.001682196
-0.0004210281
-0.002653295
3172.859
163.2851
1620.896
1.0
Item_Mushroom_B
0
0.5952148
0
3432.621
290.9917
1450.992
1.0
Obj_TreeConiferous_A_Snow_01
0
3.00493
0
3618.674
304.3626
1468.986
1.0
Obj_MineralGrain_A_04
-0.1076923
0.008116947
0.1503148
3410.784
334.7906
1743.316
1.0
EnvSeEmitPointBirdTemperate
-1.052246
1.226807
-0.8558349
3753.836
294.0781
1999.648
1.0
Obj_TreeConiferous_A_Snow_01
0
0.6264946
0
3479.144
273.0923
1357.054
1.0
Obj_MineralGrain_A_04
0.02275654
0.9588382
0.1775437
3392.276
318.8156
1500.932
1.0
Obj_Plant_HopBush_A_01
-0.1061244
-0.04392249
0.3198832
3125.57
168.0599
1847.918
0.996094
Obj_TreeBroadleafLow_Snow_A_01
0
0.38
0
3678.031
399.618
1386.464
1.0
Obj_TreeConiferous_A_Snow_02
0
0.8037379
0
3561.549
272.9528
1428.449
1.0
Obj_Plant_CypressLow_A_02
0.9687464
-1.473021
-1.032044
3125.836
174.2171
1700.891
0.873047
Obj_RockSetSnow_A_05
0.2363756
0.586334
0.2396002
3524.08
265.2948
1419.211
1.0
Obj_TreeConiferous_A_Snow_01
0
1.581862
0
3409.716
272.7336
1374.615
1.0
FldObj_MountainLanayruStairs_A_01
0
-1.640002
0
3881.487
477.9657
1468.843
1.0
FldObj_MountainLanayruStairs_A_01
3.081592
-1.501593
-3.141592
3711.159
421.95
1348.185
1.0
FldObj_HighwayHylia_A_03
0
1.161595
0
4055.25
504.7563
1416.497
1.0
Obj_MineralGrain_A_02
0.1601793
-0.2197271
0.2338952
4127.569
449.3569
1295.365
1.0
Obj_Plant_CypressLow_A_01
0.3081729
-0.8278933
-0.399913
3237.109
180.1695
1986.816
1.069336
Obj_Plant_HopBush_A_01
-0.0981491
0.315245
0.05874515
3826.676
287.7973
1972.52
0.932617
Obj_TreeConiferousDead_A_Snow_01
0
2.634833
0
3594.924
297.5565
1522.854
1.0
Item_Plant_B
3.141479
-0.03674316
3.141479
3327.035
267.6526
1206.758
1.0
FldObj_MountainLanayruStairs_A_01
0
-2.02
0
3814.145
458.681
1453.929
1.0
Animal_Heron_A
0
0
0
3476.172
253.6212
1991.421
1.0
Obj_Plant_HopBush_C_Snow_02
-0.01705933
0.4079899
-0.1361572
3554.473
346.02
1125.162
1.0
FldObj_MountainLanayruStairs_A_01
0
-2.659999
0
3738.231
424.0832
1366.536
1.0
Enemy_Golem_Little_Ice
0.2765759
-0.9426883
0.03280448
3837.855
467.5068
1460.393
1.0
GrassCutTag
0
0
0
3248.5
268.9253
1333.5
1.0
Obj_TreeWhiteBirch_A_03
0
0
0
3259.435
268.5424
1257.118
1.0
FldObj_MountainLanayruStairs_A_01
-3.100089
-0.5815428
3.138723
3578.169
286.065
1525.557
1.0
Obj_RockSetSnow_A_04
0
1.42
0
4040.069
505.3469
1400.404
1.0
Obj_Plant_HopBush_C_Snow_02
1.492948
-1.367576
-1.425651
3914.145
485.8013
1455.672
0.870605
Obj_TreeWhiteBirch_A_03
0
0
0
3237.497
263.4328
1161.193
1.0
Obj_RockSnow_A_01
0.9774618
-0.1888939
0.3245148
3850.872
470.6297
1472.167
1.0
FldObj_CliffWhiteLumpRock_A_03
0
-0.56
0
3253.895
175.2403
1649.452
1.0
Item_Mushroom_D
2.477783
-0.6518554
-0.548706
3642.75
404.4375
1149.887
1.0
Obj_TreeConiferous_A_Snow_01
0
-1.92
0
4019.773
507.4002
1406.341
1.0
Obj_Plant_HopBush_A_01
-0.06471847
0.6608892
0.1759972
3229.445
175.7718
1847.023
1.015137
FldObj_PlayerChapelPillar_B_01
0.1542549
-0.4317747
-0.06497841
3955.81
569.2947
1340.908
1.0
Item_Mushroom_D
-1.86853
0.621704
2.767578
3364.723
310.6914
1456.512
1.0
Obj_Mineral_A_01
-0.5967716
-1.192087
0.6313732
3281.844
281.0823
1351.035
1.0
Item_Mushroom_B
0
-1.160645
0
3525.609
292.2643
1264.172
1.0
Item_Plant_E
3.141479
-0.3874511
3.141479
3841.219
348.6107
1816.813
1.0
Obj_TreeConiferous_A_Snow_01
0
0.8556669
0
3449.765
268.0401
1395.431
1.0
Obj_RockSetSnow_A_03
0
-0.2200003
0
3876.927
571.539
1323.844
1.0
Obj_Plant_CypressLow_A_01
0.2125024
-0.1649595
0.2469221
3122.441
295.7815
1556.469
0.928223
Obj_TreeBroadleafLow_Snow_A_02
0
-0.4400001
0
3689.87
410.4814
1370.166
1.0
FldObj_BirdNest_A_01
-0.4493254
1.134151
-0.4890373
3109.761
306.4633
1523.792
1.0
Obj_Plant_HopBush_A_02
-0.0182857
0.8060497
0.04165903
3244.824
179.5408
1994.387
1.041016
Obj_TreeConiferous_A_Snow_01
0
6.077956
0
3458.388
291.3477
1458.511
1.0
Obj_TreeBroadleafLow_Snow_A_01
0
-0.9799998
0
3487.061
266.9811
1421.379
1.0
Obj_Plant_HopBush_C_Snow_02
0.07078958
-0.4924767
0.1690311
3404.488
267.1253
1315.141
0.865234
Obj_Mineral_A_01
-0.279578
-1.35175
0.2732288
3104.276
260.7501
1158.376
1.0
Obj_TreeBroadleafLow_Snow_A_02
0
0
0
3519.321
269.1178
1470.325
1.0
Obj_TreeConiferous_A_Snow_01
0
2.716265
0
3370.95
269.5876
1393.585
1.0
Obj_Plant_HopBush_A_02
-0.2520433
-0.1104832
0.0008965423
3219.965
183.8618
1975.203
0.859863
Obj_MineralBury_A_01
0.9305141
0.9050759
0.7667587
3226.912
294.3044
1502.207
1.0
Obj_MineralBury_A_01
1.740271
-1.083215
-1.762113
3134.708
329.3132
1421.448
1.0
Obj_TreeWhiteBirch_A_02
0
4.732363
0
3232.933
263.6165
1192.434
1.0
Obj_Plant_HopBush_A_02
-0.1842264
-0.4065521
0.2923109
3289.43
270.6962
1282.355
1.058105
Obj_Plant_CypressLow_B_01
-0.05365207
-0.2605786
0.1145144
3914.734
435.2417
1061.258
1.030273
Obj_TreeConiferous_A_Snow_02
0
0.4226587
0
3578.892
344.0946
1108.442
1.0
Obj_Plant_HopBush_C_Snow_02
0.2575516
-0.2530916
0.2120368
3474.184
281.287
1261.957
0.872559
Obj_RockSetSnow_A_03
-2.689961
-1.353707
2.85527
4064.947
510.2687
1361.023
1.0
Obj_TreeConiferous_A_Snow_01
0
0.5354736
0
3533.008
279.3233
1512.587
1.0
Obj_RockSetSnow_A_02
2.885125
1.441676
2.387487
3954.202
573.3303
1287.365
1.1
Item_Mushroom_D
-2.619629
-1.4104
-2.416382
3684.637
427.7852
1326.316
1.0
FldObj_CliffWhiteWall_B_16
2.721593
0.9815935
3.141593
3180.147
170.6913
1826.522
1.0
Obj_Plant_HopBush_C_Snow_02
0.3361368
-0.1774823
0.1607641
3981.57
434.2972
1039.063
0.995117
Obj_Plant_CypressLow_A_01
-0.3873428
0.3029741
-0.2144614
3137.441
341.227
1336.363
0.866211
Item_Mushroom_B
3.141479
0.8416747
3.141479
3360.652
278.0286
1408.242
1.0
Obj_Plant_HopBush_C_Snow_02
-0.3211316
1.533035
-0.4350114
4053.914
423.7986
1142.797
0.867676
Obj_MineralGrain_A_04
-1.162007
0.5908223
-1.954389
3258.806
273.7703
1349.186
1.0
Obj_Plant_CypressLow_A_02
0.2457013
-0.3341578
0.1586705
3119.207
295.9677
1551.176
1.090332
Obj_Mineral_C_01
-2.209998
1.046391
-1.872519
3814.652
604.5574
1331.028
1.0
Area
0
0
0
3473
162.5
1371
200
Obj_TreeConiferous_A_Snow_01
0
5.391139
0
3476.164
271.6393
1360.989
1.0
Obj_Mineral_C_01
-0.06177625
0.3183471
0.7067312
3770.644
446.3815
1396.938
1.0
Obj_TreeConiferous_A_Snow_01
0
0.68
0
3954.761
493.9124
1440.074
1.0
FldObj_MountainLanayruStairs_A_01
0.06043355
0.119783
0.007230294
3681.391
361.4958
1474.161
1.0
EnvSeEmitPointBirdTemperate
0
0.5795898
0
3236.578
311.2109
1550.871
1.0
Obj_MineralGrain_A_02
1.551366
-1.363569
-2.149963
3183.141
311.7861
1259.715
1.0
Obj_TreeBroadleaf_A_L
0
1.02
0
3147.465
174.0659
1701.529
1.0
TwnObj_AncientCandlePoleRoofOff_A_01
0
-0.8200001
0
3470.746
257.5894
1918.85
1.0
Obj_TreeConiferous_A_Snow_01
0
3.772539
0
3496.313
277.8538
1294.207
1.0
Obj_TreeConiferous_A_Snow_01
0
-1.42
0
3368.507
273.3775
1327.413
1.0
Animal_Fish_A
0
0
0
3485.121
244.1611
1967.258
1.0
Item_Mushroom_D
1.805054
-0.434082
-0.305664
3506.93
302.1328
1399.313
1.0
Obj_Plant_CypressLow_B_01
0.7156799
1.2516
1.058217
3573.32
315.8548
1375.199
0.983398
FldObj_CliffWhiteLumpRock_A_03
0.2999999
1.360003
0
3153.574
173.3109
1585.037
1.0
Obj_RockSetSnow_A_05
1.287747
-0.5148874
-1.046393
3886.21
468.7709
1480.869
1.0
FldObj_MountainLanayruStairs_A_01
0.1601259
-0.03948882
-0.006376042
3679.12
377.3998
1433.165
1.0
Item_Material_04
-0.8855757
-0.3966823
0.7501261
3091.611
180.9144
1699.265
1.0
Animal_Insect_H
0
0
0
3345.219
234.7177
1969.49
1.0
Obj_Mineral_A_01
-3.134113
-0.4749131
-2.984034
3390.293
318.4731
1497.38
1.0
Obj_TreeConiferous_A_Snow_01
0
0.6264946
0
3537.438
310.1219
1387.293
1.0
Obj_MineralBury_A_01
0.3717757
-0.9263753
-0.3021655
3982.198
541.5682
1260.814
1.0
Obj_TreeConiferous_A_Snow_02
0
1.14
0
3604.466
369.0585
1123.88
1.0
Obj_TreeBroadleaf_A_L
0
0
0
3119.723
298.2212
1527.879
1.0
Obj_Mineral_A_01
0
0
0
3459.532
303.0426
1097.061
1.0
Obj_LiftRockWhite_A_01
0
-1.46
0
3044.333
113.4004
1787.128
1.0
SpotBgmTag
0
0
0
3858
600
1316
80
Obj_RockSetWhite_B_M_01
0
1.16
0
3180.139
175.7384
1842.31
1.0
Obj_TreeBroadleafLow_A_01
0
0.9305176
0
3264.411
266.4243
1237.956
1.0
Obj_TreeWhiteBirch_A_02
0
4.263475
0
3231.105
273.9163
1236.655
1.0
Obj_Plant_CypressLow_A_01
-0.05953093
-0.9268963
0.1425349
3829.887
288.5463
1984.406
0.900391
Item_Mushroom_D
-2.242554
-0.3697509
-2.786865
3690.859
376.8555
1596.102
1.0
Obj_MineralGrain_A_04
0.4973606
-0.003342416
0.008915494
3550.542
316.6808
1254.143
1.0
FldObj_MountainLanayruStairs_A_01
0
-1.62
0
3856.51
472.4962
1465.289
1.0
TBox_Field_Iron
-0.003544106
-0.0004719487
0.005570841
2956.296
103.5191
2229.233
1.0
Obj_MineralGrain_A_02
-0.03455213
0.4028369
0.06511033
3454.722
302.2365
1083.497
1.0
Item_Plant_E
0
-0.798706
0
3585.863
342.823
1288.152
1.0
Obj_TreeConiferous_A_Snow_01
0
0.6264946
0
3554.278
271.7818
1423.371
1.0
Obj_MineralBury_A_01
-3.072773
-1.058378
3.024009
3487.857
348.4414
1817.083
1.0
Obj_Plant_CypressLow_A_01
-0.08828403
0.7099756
0.0550505
3818.98
287.6174
1982.125
1.088867
Obj_Plant_HopBush_C_Snow_01
-0.1328804
0.4641809
-0.417968
3486.266
269.2032
1435.996
0.958008
EnvSeEmitPointBirdTemperate
-0.2624512
0.5183105
-0.3322754
3232.324
272.9141
1208.332
1.0
Obj_TreeConiferous_A_Snow_01
0
2.193008
0
3448.321
285.4612
1493.65
1.0
FldObj_BankingFlat_A_01
-0.2163298
0.002805605
0.02583556
3151.016
175.0314
1866.537
1.0
Obj_TreeConiferous_A_Snow_01
0
2.919939
0
3418.722
282.8898
1427.949
1.0
Item_Mushroom_B
0
0.2148437
0
3544.582
277.732
1503.816
1.0
Obj_Plant_HopBush_C_Snow_01
0.2799048
0.147414
0.2753583
3576.992
316.5191
1377.074
0.867676
Enemy_Chuchu_Ice_Junior
0
0.18
0
3668.75
359.1549
1482.887
1.0
EnvSeEmitPointInsectTemperate
-3.137329
0.4068604
-2.814575
3232.063
181.7305
1838.695
1.0
Obj_Plant_HopBush_C_Snow_01
0.4428568
-0.5852866
-0.02105842
3805.211
435.772
1655.68
1.088379
Obj_Plant_CypressLow_A_02
-0.9375145
1.296489
-0.782069
3140.303
175.6468
1874.446
0.9607203
Obj_TreeConiferous_A_Snow_01
0
5.48362
0
3526.427
292.6895
1264.038
1.0
Item_Mushroom_D
0.8543701
-1.109253
0.5659179
3275.453
210.5156
1650.465
1.0
FldObj_MountainLanayruStairs_A_01
0
-1.320001
0
3919.985
485.3987
1458.358
1.0
Obj_TreeConiferous_A_Snow_01
0
3.341886
0
3485.427
268.3633
1428.403
1.0
Item_Mushroom_B
0
0.3518066
0
3501.324
279.8325
1322.652
1.0
FldObj_MountainLanayruStairs_A_01
0
1.02
0
4020.917
523.5945
1273.739
1.0
FldObj_KorokStone_A_01
0
1.570796
0
3273.124
344.4906
1438.722
1.0
FldObj_MountainLanayruStairs_A_01
0.06030053
0.09981945
0.006016396
3680.938
364.2347
1467.558
1.0
Enemy_Lizalfos_Middle
0
-1.7
0
3758.436
436.5087
1392.378
1.0
Obj_RockSetSnow_A_03
0.6867086
-1.194527
-0.7000102
4068.306
507.1654
1382.361
1.0
FldObj_CliffWhiteWall_B_16
2.701592
-0.5615925
3.141593
3228.328
169.9703
1831.297
1.0
Obj_MineralBury_A_01
2.066978
-0.755608
-1.510145
3138.049
333.2933
1419.608
1.0
Obj_TreeBroadleaf_A_LL
0
0.76
0
3109.287
176.2573
1646.41
1.0
Item_Mushroom_B
3.141479
-1.237182
3.141479
3527.402
292.7461
1264.434
1.0
Obj_RockSetSnow_A_03
-2.609935
-0.9005945
2.84922
3757.255
433.2866
1385.932
1.0
Obj_MineralGrain_A_02
0.3184914
0.642978
0.2900636
3102.9
260.793
1158.202
1.0
Obj_Plant_HopBush_C_Snow_01
-0.5022129
0.7835997
-0.5480703
3554.195
408.3774
1648.25
0.887207
Item_Mushroom_B
3.141479
-0.8388671
3.141479
3461.051
266.8969
1374.051
1.0
EnvSeEmitPointInsectTemperate
-0.6585693
1.203979
-0.5858154
3785.816
285.4141
1991.141
1.0
Obj_RockSetSnow_A_02
-0.5199999
-0.6600001
-0.4
4031.385
527.2808
1310.808
1.0
Obj_RockSetWhite_B_M_01
0.4742456
0.1787941
-0.7103484
3634.229
282.617
1979.102
1.0
Obj_TreeConiferousDead_A_Snow_01
0
1.299519
0
3562.096
276.8033
1473.034
1.0
Animal_Fish_A
0
0
0
3499.261
245.937
1957.413
1.0
Item_Mushroom_M
0
-0.2130127
0
3090.316
172.5203
1697.145
1.0
Obj_Plant_HopBush_C_Snow_02
0.2291252
-0.3990645
0.1921592
3757.703
408.7571
1500.965
0.97998
Obj_MineralGrain_A_04
-0.2202088
0.7750701
-0.09844211
3456.216
302.5388
1090.266
1.0
Obj_Plant_HopBush_C_Snow_01
-0.0669823
0.3150985
0.2372785
3516.016
323.9173
1169.723
0.950684
Obj_TreeConiferous_A_Snow_01
0
0.6264946
0
3590.397
315.1155
1379.224
1.0
Obj_RockSetSnow_A_03
-2.153858
-0.6557746
2.131064
3851.542
636.6188
1295.538
1.0
Obj_MineralGrain_A_04
0.6539018
-1.118335
-0.567622
3304.503
287.5801
1670.391
1.0
Obj_TreeConiferous_A_Snow_02
0
3.896719
0
4033.087
507.0518
1397.694
1.0
Obj_Plant_CypressLow_B_01
0.7109835
1.020461
0.1460222
3678.773
362.9311
1474.23
1.084473
Obj_TreeConiferous_A_Snow_01
0
0.6264946
0
3575.574
315.7089
1378.466
1.0
EnvSeEmitPointBirdTemperate
3.141479
-1.289673
3.141479
3397.723
243.6211
1969.523
1.0
Obj_TreeConiferous_A_Snow_01
0
2.42
0
3989.454
547.5819
1311.73
1.0
Item_Mushroom_B
3.141479
1.131348
3.141479
3493.352
275.7637
1356.742
1.0
Obj_TreeConiferous_A_Snow_01
0
2.525655
0
3384.313
273.3409
1417.135
1.0
Animal_Insect_H
0
0
0
3355.439
234.5205
1984.701
1.0
Obj_Plant_HopBush_A_02
-0.2625487
1.053469
-0.2546579
3290.148
267.8172
1251.492
1.072266
Obj_TreeConiferous_A_Snow_01
0
0.6264946
0
3557.001
273.4762
1420.238
1.0
FldObj_PlayerChapelPillar_B_01
0
-2.639999
0
4033.185
504.7713
1430.603
1.0
Obj_RockSetSnow_A_05
0
0.7400004
0
3761.196
430.3164
1361.643
1.0
Obj_TreeConiferous_A_Snow_02
0
0
0
3492.074
276.5762
1315.896
1.0
Obj_TreeConiferous_A_Snow_01
0
0.6324507
0
3500.027
272.743
1387.392
1.0
Item_Mushroom_B
3.141479
-0.8865966
3.141479
3488.102
283.2383
1266.324
1.0
Enemy_Chuchu_Ice_Junior
0
-2.720001
0
3812.891
459.7037
1456.285
1.0
Obj_Plant_HopBush_C_Snow_01
0.3914122
1.368218
0.7334351
3597.09
299.2466
1501.914
1.070313
Obj_LiftRockWhite_A_01
2.527487
-0.314166
-2.927068
3026.721
111.9723
1768.568
1.0
Obj_Plant_HopBush_A_01
0.4405605
-0.2105765
-0.4000106
3267.129
185.6051
1968.78
0.9
Obj_RockSetSnow_A_02
2.981592
-1.041595
-3.141592
4064.953
504.3949
1418.193
1.0
Item_Mushroom_B
0
1.259766
0
3478.84
269.1029
1423.605
1.0
Obj_TreeConiferous_A_Snow_01
0
0.7649215
0
3535.749
277.1985
1500.609
1.0
Obj_Plant_HopBush_C_Snow_02
-0.0661123
-0.1672279
0.4498308
3550.356
307.6992
1306.312
1.0
Obj_Mineral_C_01
0.01156822
-0.002217239
0.3787406
3843.742
470.2201
1456.783
1.0
Item_Mushroom_E
3.141479
1.091431
3.141479
3325.918
268.5043
1250.98
1.0
FldObj_BankingFlat_A_05
-0.9501198
0.774476
-0.8682623
3521.846
372.9913
1607.934
1.0
Obj_RockSetSnow_A_03
-0.04857945
0.2351248
-0.2857386
3984.521
567.787
1351.383
1.0
Area
0
0
0
3896.438
508.9375
1304.5
150
Obj_Plant_CypressLow_A_01
0.174734
-1.17358
-0.1194182
3241.344
179.3949
1992.41
0.974609
Obj_TreeConiferous_A_Snow_01_Trunk
0.3841068
-0.04019838
-1.682095
3403.544
268.4324
1342.475
1.0
Item_Mushroom_D
1.205688
-0.4232177
0.1843262
3866.516
536.1836
1443.133
1.0
EnvSeEmitPointBirdTemperate
3.141479
0.4644775
3.141479
3323.895
276.4688
1213.84
1.0
FldObj_MountainLanayruStairs_A_01
-3.08397
-1.101627
-3.138941
3601.236
297.7736
1546.23
1.0
Obj_TreeBroadleafLow_Snow_A_01
0
-1.06
0
4057.086
519.1351
1305.012
1.0
Obj_TreeConiferous_A_Snow_02
0
0.8471537
0
3522.874
277.3169
1494.928
1.0
Obj_TreeWhiteBirch_A_04
0
1.883185
0
3294.954
265.1026
1208.351
1.0
Obj_TreeConiferous_A_Snow_01
0
0
0
3548.113
306.1428
1292.724
1.0
Item_Mushroom_E
0
1.306274
0
3231.066
264.6102
1200.195
1.0
Obj_TreeConiferous_A_Snow_01
0
-0.8294857
0
3584.648
283.7599
1472.514
1.0
EnvSeEmitPointInsectTemperate
0.3237305
1.385376
0.002685538
3853.508
297.2617
1996.137
1.0
Obj_MineralBury_A_01
2.392126
-0.4987409
-3.025614
3022.087
310.4694
1563.047
1.0
Area
0
0
0
3032.797
112.0446
1779.992
40
Obj_Plant_CypressLow_A_02
0.1896039
0.6714851
0.1153679
3110.168
294.6711
1546.172
1.084961
Obj_Plant_HopBush_C_Snow_02
-0.1887485
0.077721
0.2018512
3818.145
462.4513
1461.512
1.024414
Item_Material_04
0.4507735
0.8022881
1.130571
3109.829
306.5934
1523.828
1.0
Enemy_Bokoblin_Junior
0
-2.74
0
3031.5
140.1729
1970
1.0
Obj_Plant_CypressLow_A_01
-0.07251802
0.2754465
0.06450588
3823.563
287.7312
1974.707
0.947754
Obj_TreeWhiteBirch_A_01
0
0
0
3280.923
268.5663
1274.699
1.0
FldObj_MountainLanayruStairs_A_01
0
-2.2
0
3797.487
452.748
1440.342
1.0
Obj_RockSetSnow_A_05
0.3116869
-0.6139647
-0.8733392
4011.922
552.5226
1356.205
1.0
Item_Mushroom_B
0
-0.9425048
0
3446.863
273.7965
1322.359
1.0
Obj_Plant_HopBush_C_Snow_01
-0.04107522
-0.03529437
0.3982989
3398.984
269.0343
1374.43
0.928711
Obj_Plant_CypressLow_A_01
0.6283156
-1.294694
-0.6478496
3232.945
182.6004
1977.379
1.031738
Item_Mushroom_B
3.141479
1.186157
3.141479
3381.938
270.5154
1405.285
1.0
Animal_Insect_H
0
0
0
3382.059
234.3444
1975.67
1.0
Obj_TreeConiferous_A_Snow_01
0
-1.4
0
3679.888
414.0716
1358.28
1.0
Obj_TreeConiferousDead_A_01
0
0
0
4047.712
505.1338
1394.603
1.0
Obj_Plant_CypressLow_A_02
0.02985202
-0.07128552
0.1452163
3265.831
184.1892
1986.124
0.9607203
Obj_TreeConiferous_A_Snow_01
0
2.542522
0
3500.047
278.5799
1338.258
1.0
RockSetWhite_A_01
-0.003839386
0.1323051
0.04493108
3067.309
150.2811
1969.686
1.0
Obj_TreeConiferous_A_Snow_01
0
0.207534
0
3489.611
274.4154
1365.508
1.0
FldObj_KorokStone_A_01
0
0.0876118
0
3263.747
342.4672
1432.501
1.0
Obj_Plant_CypressLow_B_01
0.2186208
-0.2452039
-0.01179984
3447.246
266.9898
1366.684
0.886719
Obj_MineralGrain_A_04
0.1456652
1.045257
0.4024604
3364.936
298.3596
1777.19
1.0
Obj_MineralGrain_A_04
1.771863
-0.8359704
-1.988562
3312.574
287.4289
1659.553
1.0
Obj_Plant_HopBush_C_Snow_01
0.4019203
-0.2373774
-0.01381749
3918.859
488.0922
1449.223
1.057129
Obj_MineralGrain_A_04
-0.04
0
0.6399999
3225.741
294.227
1505.996
1.0
Obj_Plant_CypressLow_B_01
0.9580488
1.386957
1.163091
3615.129
350.621
1768.625
0.95752
Obj_TreeConiferous_A_Snow_01
0
3.466151
0
3429.727
288.8592
1479.748
1.0
Obj_MineralGrain_A_04
-2.973035
-0.3322139
-2.895828
3772.14
446.9307
1397.814
1.0
Obj_Plant_CypressLow_A_01
-0.2264482
-0.595579
0.0753809
3290.648
266.5734
1244.105
1.089844
EnvSeEmitPointBirdTemperate
-2.426391
-1.091064
2.547729
3890.984
300.8164
1996.211
1.0
EnvSeEmitPointInsectTemperate
-1.560913
1.064819
-0.9675292
3117.195
181.0703
1700.547
1.0
Obj_TreeWhiteBirch_A_04
0
0
0
3337.694
266.7712
1195.349
1.0
Obj_TreeBroadleafLow_A_02
0
1.86
0
3119.504
174.9433
1696.981
1.0
Obj_MineralBury_A_01
0
0
-1.4
3487.438
296.3916
1515.939
1.0
Obj_TreeConiferous_A_Snow_02
0
-0.92
0
3382.541
269.868
1330.712
1.0
Obj_Plant_CypressLow_A_02
-0.2917683
-0.833747
0.5877918
3081.645
154.1978
1846.918
1.054688
Obj_TreeConiferous_A_Snow_01
0
0.6264946
0
3561.32
272.5858
1451.622
1.0
EnvSeEmitPointInsectTemperate
3.141479
-1.312988
3.141479
3224.316
263.2109
1180.578
1.0
Item_Mushroom_D
1.45874
0.743164
0.5355225
3084.148
338.1523
1430.023
1.0
Obj_Plant_HopBush_C_Snow_02
0.7748852
-1.105138
-0.808818
3531.98
370.6577
1762.141
1.00293
Obj_Plant_CypressLow_A_01
0.5637602
0.9156778
0.6239733
3259.269
185.0303
1980.155
1.0
Obj_TreeConiferous_A_Snow_01
0
1.617775
0
3428.266
288.8474
1426.654
1.0
FldObj_BirdNest_A_01
0.1132636
-0.5086237
-0.2294711
3091.654
180.7844
1699.202
1.0
Obj_TreeConiferous_A_Snow_01
0
5.278254
0
3484.69
274.3739
1347.245
1.0
Obj_Plant_CypressLow_A_01
0.1540508
0.005790605
-0.03548394
3117.75
173.9708
1707.875
0.913086
Obj_MineralGrain_A_04
-0.2323179
0.009782437
0.08378844
3069.85
360.4069
1031.568
1.0
Obj_LiftRockWhite_A_01
2.052071
0.9042771
2.157253
3025.839
112.6696
1785.042
1.0
Obj_Plant_HopBush_C_Snow_02
0.3819171
0.997874
0.4935441
3594.07
363.2663
1153.148
0.888672
Obj_RockSetSnow_A_04
0
0
0
3518.9
265.2157
1463.178
1.0
Item_Mushroom_B
0
-0.293457
0
3542.176
267.1598
1427.914
1.0
Obj_TreeConiferous_A_Snow_02
0
2.598413
0
4046.101
506.3374
1389.315
1.0
Obj_MineralBury_A_01
0
0
0
3257.991
273.8605
1348.437
1.0
Obj_Plant_HopBush_C_Snow_02
-0.2956699
0.6482921
-0.1635074
3922.934
438.5728
1068.34
0.896484
Item_Mushroom_B
3.141479
1.442871
3.141479
3617.754
304.006
1469.543
1.0
Item_Mushroom_B
0
0.4105225
0
3408.688
272.2207
1375.309
1.0
Obj_TreeWhiteBirch_A_04
0
0
0
3282.312
267.8322
1263.162
1.0
Obj_TreeConiferousDead_A_Snow_01
0
3.985188
0
3392.896
267.3713
1395.661
1.0
Animal_Fish_A
0
0
0
3500.329
247.9515
1988.378
1.0
Obj_RockSetWhite_B_M_01
0
0
0
3217.947
175.4696
1879.49
1.0
Obj_RockSetSnow_A_02
2.794883
0.1189519
-3.006926
3528.051
276.0752
1395.742
1.0
Obj_MineralBury_A_01
0
-1.060001
0
4127.47
449.1461
1297.671
1.0
Obj_TreeBroadleafLow_Snow_A_01
0
1.12
0
3670.628
338.8906
1533.477
1.0
Obj_TreeWhiteBirch_A_03
0
0
0
3296.752
266.1582
1243.004
1.0
Obj_Plant_HopBush_C_Snow_01
0.1424969
-0.2609186
-0.1019187
3465.77
275.3585
1336.539
0.921387
Item_Mushroom_B
0
-1.494018
0
3467.59
271.5478
1351.523
1.0
Obj_Plant_CypressLow_B_01
0.3324101
-0.7554108
0.02328454
3508.129
286.2493
1272.441
0.937988
Obj_MineralBury_A_01
-0.4786351
0.6399254
-0.387038
3070.241
360.3935
1031.368
1.0
Item_Mushroom_B
0
-0.7358398
0
3409.676
272.4577
1373.563
1.0
Obj_RockSetWhite_B_M_01
0.1931372
-0.0861799
0.8375404
3515.652
250.0507
1961.971
1.0
Obj_TreeBroadleafLow_A_01
0
1.6
0
3220.677
263.0806
1179.543
1.0
Obj_MineralGrain_A_04
-2.09379
-0.7024413
2.053436
3487.933
295.4258
1515.985
1.0
FldObj_PlayerChapelPillar_B_01
0.2761506
-0.01301336
-1.542884
3923.159
571.729
1324.298
1.0
Obj_Plant_CypressLow_B_01
0.2693943
-0.08627091
-0.2229447
3676.48
366.521
1465.07
0.879883
Item_Mushroom_B
3.141479
-0.6003417
3.141479
3466.98
271.793
1350.258
1.0
TwnObj_AncientCandlePoleRoofOff_A_01
0
0
0
3402.022
235.6935
1970.828
1.0
Obj_Plant_CypressLow_A_01
-0.004222599
0.05317087
0.4748618
3006.371
127.1177
1957.557
1.0
Item_Plant_E
3.141479
1.533936
3.141479
3816.875
461.9759
1461.125
1.0
Item_Plant_E
0
1.259155
0
3898.902
414.3178
1567.578
1.0
Obj_TreeConiferous_A_Snow_01
0
3.074137
0
3527.051
277.8779
1498.875
1.0
Item_Mushroom_B
3.141479
-1.159302
3.141479
3400.473
271.711
1416.195
1.0
Obj_MineralGrain_A_04
0.3379369
0.7650192
0.8897672
3697.646
355.5107
1519.464
1.0
Item_Mushroom_D
-1.908813
0.890747
-2.836548
3257.258
308.6953
1044.688
1.0
Item_Mushroom_D
0.9440917
0.04528808
-0.3106689
3734.055
398.7734
1767.688
1.0
Animal_Insect_H
0
0
0
3353.063
244.3843
1930.511
1.0
Obj_TreeConiferous_A_Snow_01
0
6.114891
0
3377.819
276.8274
1421.358
1.0
Item_Mushroom_D
-0.6346436
1.331299
-1.87207
3498.246
316.6523
1540.852
1.0
Obj_Mineral_B_01
0
1.18
0.14
3456.76
302.9692
1090.987
1.0
Obj_Plant_HopBush_C_Snow_01
-0.7842957
-1.018949
0.9891363
3815.879
461.2341
1459.676
1.031738
Obj_TreeConiferous_A_Snow_02
0
4.721908
0
3483.595
270.101
1477.121
1.0
Obj_Mineral_A_01
0.514903
-0.6780269
-0.5191087
3466.903
302.8352
1087.758
1.0
Obj_LiftRockWhite_A_01
0
-0.7799999
0
3033.882
113.6747
1796.092
1.0
Obj_Plant_HopBush_A_02
-0.1443656
1.0603
-0.03453473
3822.18
287.6493
1978.125
0.940918
Obj_Plant_HopBush_C_Snow_01
1.447679
1.423781
1.436348
3461.785
275.3684
1337.504
0.887695
Obj_TreeConiferous_A_Snow_01
0
4.061939
0
3488.92
270.8029
1457.39
1.0
Obj_MineralBury_A_01
-1.699819
0.1500197
-2.29625
3411.955
338.5695
1742.205
1.0
Obj_Plant_HopBush_C_Snow_02
-0.0987537
0.9731732
0.2057634
3397.125
268.0698
1367.816
0.85791
Obj_Plant_CypressLow_A_01
-0.1395238
-0.2886239
0.1468206
3275.391
184.6352
1981.093
1.0
Obj_MineralGrain_A_04
-0.7563736
0.677709
-1.622466
3454.489
304.5272
1089.134
1.0
FldObj_MountainLanayruStairs_A_01
0.04430656
-0.3022494
0.05768192
3675.05
332.6335
1547.428
1.0
Obj_TreeWhiteBirch_A_03
0
-1.56
0
3272.333
266.3757
1237.43
1.0
Item_Plant_E
3.141479
-1.279663
3.141479
3623.336
309.5286
1516.492
1.0
Obj_Plant_CypressLow_A_02
0.1074141
-0.05857106
0.2147651
3014.359
156.7094
1905.602
1.097168
Obj_Plant_CypressLow_A_01
-0.4126099
-0.8786233
0.4568095
3273.931
183.3971
1975.378
0.9
Obj_Mineral_A_01
0.8469532
-0.8738444
-0.6247206
3486.409
348.309
1818.523
1.0
Obj_TreeConiferous_A_Snow_01
0
3.741155
0
3482.68
271.6617
1467.082
1.0
Obj_TreeBroadleafLow_Snow_A_01
0
-0.86
0
3686.293
377.8429
1439.36
1.0
Obj_Mineral_A_01
0
-1.620003
0
3114.571
266.7196
1166.428
1.0
Item_Mushroom_M
0
-0.8679199
0
3852.359
291.1259
1995.395
1.0
Obj_RockSetWhite_B_M_01
-0.1254948
0.8703652
-0.2381579
3717.035
283.0064
1989.989
1.0
Obj_Plant_HopBush_C_Snow_02
0.332256
0.07967671
0.2281899
3978.465
435.2537
1034.648
0.984863
Enemy_Lynel_Junior
0
-2.2
0
3261.148
263.1178
1211.789
1.0
Item_Mushroom_D
2.108765
-1.109009
-0.9206542
3298.215
281.8281
1677.172
1.0
EnvSeEmitPointBirdTemperate
3.141479
0.1148681
3.141479
3126.566
306.4883
1539.023
1.0
Obj_Mineral_C_01
1.78252
1.01705
1.818324
3814.49
584.853
1237.619
1.0
Obj_Plant_CypressLow_B_01
0.4022966
1.030068
0.6893564
3474.332
279.8097
1268.09
0.995605
Obj_TreeWhiteBirch_A_02
0
0
0
3285.969
264.757
1202.871
1.0
Obj_MineralBury_A_01
-1.144935
1.012667
-0.5874168
3448.847
345.7545
1815.622
1.0
Obj_Plant_HopBush_C_Snow_01
-0.008587427
-0.180112
0.4687653
3549.281
307.3105
1309.775
1.0
Obj_RockSetSnow_A_02
3.141593
1.201593
-3.041593
3349.368
268.864
1217.654
1.0
FldObj_KorokStone_A_01
0
-3.141593
0
3273.124
345.4906
1438.722
1.0
Item_Mushroom_B
3.141479
0.1419678
3.141479
3598.078
287.3362
1456.414
1.0
Obj_TreeConiferousDead_A_Snow_01
0
2.249566
0
3487.939
266.3123
1418.252
1.0
Obj_TreeBroadleaf_A_L
0
0.86
0
3121.509
176.1769
1671.728
1.0
Obj_TreeConiferous_A_Snow_01_Trunk
0.6308085
0.2864505
-1.590249
3667.24
340.8273
1527.216
1.0
Obj_TreeConiferousDead_A_Snow_01
0
0.9694021
0
3388.423
270.5865
1322.302
1.0
Obj_TreeConiferous_A_Snow_01
0
0
0
3474.764
283.1238
1256.83
1.0
Obj_MineralGrain_A_04
0
0
0
3458.387
302.9704
1096.621
1.0
Item_Mushroom_M
0
1.355957
0
3862.301
292.0519
1999.031
1.0
Item_Mushroom_D
1.369507
-0.9976806
-0.5231934
3526.195
339.2695
1185.184
1.0
Obj_TreeConiferous_A_Snow_02
0
0
0
4026.642
505.8915
1410.35
1.0
Obj_MineralGrain_A_04
0.3593532
0.002272344
-0.6283695
3081.811
294.8057
1553.184
1.0
Obj_Plant_CypressLow_B_01
-2.785069
-0.04477588
-3.084849
3757.415
435.6731
1388.252
1.0
Obj_Plant_HopBush_C_Snow_01
-0.4855767
1.107516
-0.1871511
3786.181
450.7633
1437.969
1.0
FldObj_MountainLanayruStairs_A_01
0
-3
0
3991.981
543.8503
1302.623
1.0
Obj_TreeConiferous_A_Snow_02
0
0
0
3536.234
264.8378
1453.206
1.0
Item_Plant_E
0
0.9165038
0
3667.094
393.2562
1410.016
1.0
Item_Plant_E
3.141479
-1.472412
3.141479
3489.855
279.1821
1499.488
1.0
Obj_TreeConiferous_A_Snow_01
0
0.668626
0
3492.767
277.3049
1332.476
1.0
Obj_TreeConiferous_A_Snow_01
0
0.6264946
0
3524.615
311.249
1358.821
1.0
Obj_TreeWhiteBirch_A_01
0
0
0
3237.246
269.1022
1325.728
1.0
Obj_TreeBroadleaf_A_L
0
-2.48
0
3105.815
176.0331
1677.134
1.0
Obj_TreeBroadleaf_A_L
0
1.34
0
3135.11
297.8638
1532.931
1.0
Obj_Plant_CypressLow_A_01
-0.2483439
-0.4478993
0.3906987
3123.719
174.8021
1718.836
0.981934
Obj_TreeBroadleafLow_Snow_A_02
0
-1.08
0
3651.676
323.2819
1554.269
1.0
Obj_TreeConiferous_A_Snow_01
0
1.346072
0
3509.731
284.2092
1281.702
1.0
Item_Mushroom_B
3.141479
-1.324341
3.141479
3482.727
270.1509
1476.367
1.0
Obj_RockWhite_B_L_01
0
0
0
3233.095
175.1566
1837.936
1.0
Obj_MineralGrain_A_02
-1.219045
-0.05577736
-0.07986463
3512.968
373.8565
1607.261
1.0
Obj_Plant_CypressLow_A_01
-0.3985783
1.083639
-0.1764064
3301.41
271.2176
1266.836
0.939453
Animal_Insect_H
0
0
0
3360.668
234.2034
1972.58
1.0
Item_Mushroom_B
0
-0.4024658
0
3388.988
270.4803
1321.344
1.0
Obj_MineralGrain_A_04
-0.18
-1.380001
0
3264.285
270.988
1348.628
1.0
Obj_TreeConiferous_A_Snow_01
0
-0.72
0
3644.692
321.0136
1568.672
1.0
Obj_TreeWhiteBirch_A_03
0
-1.14
0
3225.261
263.3226
1180.729
1.0
Obj_TreeConiferous_A_Snow_01
0
4.756457
0
3500.954
279.5356
1323.815
1.0
Obj_Plant_CypressLow_A_02
0.2087022
1.231594
0.4116129
3115.359
297.2934
1538.953
0.856934
Obj_Mineral_C_01
1.380844
-0.03750158
-0.4081433
3546.92
313.8118
1255.402
1.0
FldObj_MountainLanayruStairs_A_01
0
-3.02
0
3990.659
539.1322
1287.94
1.0
Obj_RockSetSnow_A_02
-0.9925724
1.495631
-0.5097954
3705.707
442.225
1677.922
1.0
Obj_TreeConiferous_A_Snow_02
0
1.18
0
3401.329
268.3468
1351.222
1.0
Animal_Fish_L
0
0
0
3495.967
245.053
1991.6
1.0
Obj_Plant_CypressLow_B_01
0.1300021
-0.8948814
0.1634269
3920.836
487.0079
1454.871
1.010254
GrassCutTag
0
0
0
3202.5
174.9312
1886.5
1.0
Obj_Mineral_A_01
2.577327
1.174751
2.540319
3042.816
113.6894
1800.947
1.0
Obj_TreeBroadleafLow_A_01
0
0.8800001
0
3141.689
173.9479
1694.742
1.0
Obj_RockSetSnow_A_03
2.436797
0.9829471
1.862241
3677.137
396.6715
1395.379
1.0
Obj_RockSetSnow_A_02
0
-0.04000004
0
3907.238
572.5477
1358.726
1.0
ObservationPoint
0
1.570796
0
3143.332
263.0951
1148.259
1.0
Obj_TreeConiferousDead_A_Snow_01
0
0
0
3670.469
382.6409
1427.533
1.0
Obj_RockSetSnow_A_03
0
-0.42
0
3884.408
571.4924
1307.088
1.0
Obj_TreeWhiteBirch_A_04
0
0
0
3250.965
271.8055
1275.155
1.0
FldObj_HighwayHylia_A_03
2.802548
-1.36237
-2.835396
3394.281
268.7018
1299.987
1.0
Obj_TreeBroadleaf_A_L
0
1.12
0
3072.991
171.6516
1680.451
1.0
Obj_TreeConiferous_A_Snow_02
0
2.133021
0
3491.397
270.6942
1463.501
1.0
Obj_RockSetSnow_A_05
2.511437
-0.4975421
-2.490685
3927.936
577.6022
1300.671
0.8
Obj_RockSnow_A_01
0
0
0
3886.603
571.4879
1304.608
1.0
Obj_Plant_CypressLow_B_01
0.3884009
-0.02928501
0.1486349
3967.713
494.7403
1441.604
1.0
Obj_MineralBury_A_01
-0.1178037
-0.3578108
-0.4621963
4116.63
453.556
1301.417
1.0
FldObj_MountainLanayruStairs_A_01
0
-0.12
0
4056.416
505.1458
1382.407
1.0
Obj_TreeConiferous_A_Snow_02
0
0
0
3383.209
267.6408
1366.237
1.0
Obj_Plant_CypressLow_A_01
-3.037018
0.2151268
-2.889238
3024.192
137.0246
1963.522
1.0
Item_Mushroom_B
0
0.3291015
0
3556.172
308.5303
1317.539
1.0
Obj_Plant_HopBush_A_02
-0.301797
0.2612326
0.1134865
3126.824
170.9227
1856.527
1.009277
Obj_TreeBroadleaf_A_L
0
-1.18
0
3112.532
173.7671
1712.789
1.0
FldObj_HighwayHylia_A_03
0
2.221596
0
3730.568
423.7491
1350.768
1.0
Animal_Fish_L
0
0
0
3477.604
244.1449
1967.795
1.0
Obj_Plant_CypressLow_A_02
-0.04285003
-0.643863
0.1243761
3832.906
288.7791
1982.156
1.071777
Obj_TreeConiferous_A_Snow_01
0
0.6264946
0
3560.783
271.8906
1433.949
1.0
Item_Mushroom_M
0
-0.4212646
0
3865.449
292.2359
1998.328
1.0
Obj_TreeConiferous_A_Snow_01
0
0.6264946
0
3563.345
313.5362
1367.922
1.0
Obj_TreeBroadleaf_A_LL
0
2.333071
0
3570.284
289.538
1968.888
1.0
Obj_TreeConiferousDead_A_Snow_01
0
0.9826821
0
3366.646
267.8663
1368.557
1.0
Item_Mushroom_B
0
-0.1053467
0
3397.078
268.9324
1408.602
1.0
Item_Mushroom_B
0
-0.6519775
0
3487.27
283.6575
1264.387
1.0
Item_Mushroom_B
3.141479
-0.1864014
3.141479
3710.875
423.8052
1341.352
1.0
Item_Mushroom_B
3.141479
1.313843
3.141479
3543.789
314.5569
1374.063
1.0
Obj_TreeConiferous_A_Snow_01
0
4.039647
0
3608.689
304.5207
1488.321
1.0
Obj_Plant_CypressLow_A_02
-0.4898646
-1.440426
0.5724496
3830.527
288.2157
1973.973
1.092773
Obj_Plant_CypressLow_A_01
-1.941985
-1.403374
2.222952
3022.824
136.8305
1964.932
1.0
Item_Mushroom_J
0
0.7567139
0
3736.828
282.6039
1991.293
1.0
GrassCutTag
0
0
0
3200
173.6429
1901.5
1.0
Obj_TreeConiferous_A_Snow_01
0
5.108513
0
3403.362
281.9081
1251.018
1.0
Obj_RockSetSnow_A_04
0.2
0
0
3974.335
571.2924
1344.46
1.0
FldObj_CliffWhiteLumpRock_A_02
-2.198104
-1.033832
1.528144
3356.155
314.1836
1595.171
1.0
Item_Mushroom_B
3.141479
0.09826659
3.141479
3519.367
311.0059
1367.621
1.0
Obj_TreeConiferous_A_Snow_01
0
0.6264946
0
3542.46
267.3259
1428.999
1.0
Obj_RockSetSnow_A_02
-0.4712605
1.220878
-0.5500214
4009.709
551.4753
1323.049
1.0
Obj_TreeConiferous_A_Snow_01
0
0.7777197
0
3380.214
267.1827
1373.792
1.0
Obj_TreeBroadleaf_A_L
0
1.3
0
3108.467
175.5806
1693.902
1.0
Obj_TreeConiferous_A_Snow_01
0
2.428497
0
3549.615
279.175
1509.48
1.0
Obj_TreeConiferous_A_Snow_02
0
4.804045
0
3473.729
268.3319
1377.867
1.0
Item_Mushroom_E
0
1.536255
0
3112.738
298.3588
1523.547
1.0
Obj_Plant_HopBush_A_02
0
-0.8225096
0
3126.449
174.0052
1707.227
1.083496
Obj_Plant_HopBush_A_02
0.1664798
-0.3166837
0.2281563
3260.283
183.111
1985.922
0.98
Item_Mushroom_B
3.141479
0.5844727
3.141479
3418.223
270.5693
1312.512
1.0
Obj_RockSetSnow_A_04
0
-0.36
0
3854.262
639.4237
1300.094
1.0
Item_Mushroom_D
-2.194092
-1.278808
-3.120727
3714.328
493.7969
1176.762
1.0
Item_Mushroom_A
3.141479
1.045532
3.141479
3068.324
179.3188
1644.945
1.0
Obj_Plant_HopBush_A_01
0
-0.574707
0
3712.617
281.8588
1943.102
0.972656
Obj_TreeConiferous_A_Snow_01
0
1.154634
0
3617.391
306.2986
1512.713
1.0
Obj_TreeBroadleaf_A_L
0
-1.46
0
3099.614
177.0045
1650.445
1.0
Obj_TreeConiferousDead_A_Snow_01
0
1.19194
0
3479.014
270.9184
1372.506
1.0
Obj_TreeConiferous_A_Snow_01
0
3.178178
0
3486.945
274.5945
1352.493
1.0
Obj_Plant_HopBush_C_Snow_02
1.356882
-1.499891
-1.054116
3919.145
486.2361
1457.613
0.98584
Obj_LiftRockWhite_A_01
0.9297458
0.8178725
0.774229
3030.982
112.1607
1766.422
1.0
FldObj_MountainLanayruStairs_A_01
0.193842
-0.1619569
0.02572167
3685.012
404.7166
1374.803
1.0
Item_Mushroom_D
1.255127
-1.543213
-0.1745605
3284.48
208.625
1703.211
1.0
Item_Mushroom_B
0
-0.5950927
0
3469.535
269.4286
1365.313
1.0
Obj_TreeBroadleafLow_Snow_A_01
0
-0.7
0
3657.305
324.7265
1566.99
1.0
Item_Mushroom_M
0
-1.453003
0
3071.875
171.5614
1680.832
1.0
Obj_TreeConiferous_A_Snow_01
0
1.576268
0
3540.869
303.6879
1303.52
1.0
Obj_MineralBury_A_01
0
0
0
3453.287
305.9665
1088.102
1.0
Obj_Mineral_A_01
0.3199997
0.6600001
0
4116.969
453.2141
1299.057
1.0
Obj_RockSetSnow_A_02
0.2221487
-0.5107737
-0.2066915
3947.257
571.6669
1370.786
1.0
Item_Mushroom_A
0
-0.8708495
0
3064.488
179.3148
1642.074
1.0
Obj_Mineral_A_01
0.6496183
0.9231593
0.7381631
3304.399
287.5366
1670.482
1.0
FldObj_HighwayHyliaParts_A_01
-0.2
0.4999999
0
3534.677
265.9008
1466.781
1.2
FldObj_PlayerChapelPillar_B_01
-0.2047665
-0.7358412
0.438259
4054.815
518.7532
1302.316
1.0
Item_Mushroom_D
1.554443
-0.7901611
-0.3675537
3355.434
277.1289
1779.805
1.0
FldObj_MountainLanayruStairs_A_01
-0.005635311
-0.1398872
0.0403948
3677.149
335.0265
1540.519
1.0
Obj_TreeConiferous_A_Snow_01
0
0.05780397
0
3455.616
288.1108
1435.716
1.0
Obj_Mineral_C_01
0.6199999
0
0
3818.448
603.1083
1334.325
1.0
Obj_TreeConiferous_A_Snow_02
0
-0.34
0
3428.107
270.7208
1375.805
1.0
Item_Mushroom_B
3.141479
-1.483765
3.141479
3523.953
269.4619
1470.793
1.0
Obj_TreeConiferous_A_Snow_01
0
0
0
3675.967
348.5343
1509.844
1.0
Item_Mushroom_D
1.690307
-0.5819091
0.4365234
3646.262
440.9531
1220.875
1.0
Obj_Plant_HopBush_C_Snow_01
-2.690624
-1.363225
2.655237
4043.122
518.3748
1303.21
1.0
FldObj_MountainLanayruStairs_A_01
3.061593
-0.9015927
3.141593
3760.207
439.566
1408.364
1.0
Obj_Plant_HopBush_A_01
-0.3371895
0.8537575
-0.2089441
3135.555
174.7358
1872.383
1.0
Obj_Mineral_C_01
-0.194413
0.0472418
0.2353924
3881.646
608.168
1255.771
1.0
Obj_Plant_HopBush_C_Snow_02
-0.5188213
-0.7977247
0.1682823
3558.953
312.7358
1359.824
1.001953
Obj_RockWhite_B_L_01
2.961593
1.421593
3.141593
3254.448
181.9262
1837.016
1.0
Obj_Plant_CypressLow_A_01
-0.03684343
-0.6661996
-0.2471049
3232.813
181.2585
1987.008
0.964355
Obj_Plant_CypressLow_A_01
-0.10268
-1.479857
0.1816943
3826.777
288.0539
1976.512
1.088867
Item_Mushroom_B
3.141479
0.9276122
3.141479
3417.379
270.3709
1311.559
1.0
Enemy_Lizalfos_Middle
0
-2.04
0
3902.541
481.5157
1469.864
1.0
FldObj_MountainLanayruStairs_A_01
0
0.2599999
0
4054.652
517.1636
1317.889
1.0
Item_Plant_E
3.141479
1.519531
3.141479
3369.418
272.6133
1269.93
1.0
Obj_RockSetWhite_B_M_01
0
0
0
3097.007
174.9718
1676.467
1.0
BoxWater
0
1.134464
0
3934.198
571.9828
1339.967
1.0
Obj_TreeConiferous_A_Snow_01
0
4.868593
0
3453.896
274.1589
1344.772
1.0
Obj_TreeWhiteBirch_A_02
0
1.820014
0
3231.851
265.3216
1209.628
1.0
Obj_Plant_HopBush_A_01
0.2045472
0.7478471
0.08070503
3710.789
281.5811
1948.336
0.933594
PointWindSetTag
0
0
0
3175.705
307.0701
1489.016
57.55265
Item_Mushroom_M
3.141479
1.085571
3.141479
3755.563
285.5237
1997.305
1.0
Item_Mushroom_B
3.141479
1.406372
3.141479
3484.969
270.089
1476.77
1.0
Obj_TreeBroadleaf_A_L
0
1.06
0
3131.979
298.124
1547.93
1.0
Item_Mushroom_B
3.141479
-1.295288
3.141479
3376.719
277.2481
1421.977
1.0
Item_Plant_E
0
-0.3404541
0
3952.395
579.0995
1307.184
1.0
Obj_Plant_HopBush_A_01
0.2990896
0.8422185
0.2116922
3022.082
157.5599
1913.836
0.853516
Obj_TreeBroadleafLow_Snow_A_02
0
-0.54
0
4050.276
518.3699
1325.27
1.0
Obj_TreeConiferousDead_A_Snow_01
0
5.799581
0
3464.865
271.6281
1297.008
1.0
FldObj_HighwayHylia_A_03
3.062876
1.100018
3.053314
3422.077
266.169
1339.209
1.0
Obj_RockSetSnow_A_02
1.999884
1.4642
2.034927
3442.362
266.1902
1352.316
1.0
FldObj_MountainLanayruStairs_A_01
3.101593
-0.9215933
3.141593
3785.749
448.5058
1432.386
1.0
Obj_Plant_CypressLow_A_01
0
-0.1083984
0
3344.043
266.7184
1200.391
0.875488
Item_Mushroom_B
0
-0.6623535
0
3455.434
286.018
1476.75
1.0
Obj_TreeBroadleafLow_Snow_A_01
0
1.02
0
3502.209
267.9672
1460.629
1.0
Obj_TreeConiferousDead_A_Snow_01
0
3.083196
0
3684.954
423.7368
1335.628
1.0
Item_Mushroom_A
3.141479
-0.8304443
3.141479
3063.359
179.3098
1643.27
1.0
Obj_TreeConiferous_A_Snow_01
0
1.800711
0
3501.173
276.3004
1366.963
1.0
Obj_TreeBroadleafLow_Snow_A_01
0
-0.84
0
4014.167
502.5278
1427.792
1.0
Area
0
0
0
3248.5
268.7849
1333.5
75
Obj_TreeConiferous_A_Snow_02
0
1.16
0
3520.336
311.2182
1366.775
1.0
Obj_Plant_CypressLow_B_01
-1.070039
1.498258
-0.7633417
3428.328
289.9976
1439.113
0.868164
Item_Mushroom_D
1.556763
-0.04174805
0.5197754
3847.457
511.1133
1441.352
1.0
FldObj_MountainLanayruStairs_A_01
0
0.8000001
0
4031.935
519.1275
1282.834
1.0
Obj_Plant_CypressLow_A_01
-0.3714422
1.368253
-0.2340824
3291.598
271.5525
1288.129
1.063477
Obj_TreeConiferous_A_Snow_02
0
0
0
3419.168
268.5807
1326.935
1.0
Obj_Plant_CypressLow_A_02
0.1214409
0.08305825
0.2220269
3007.602
154.8559
1910.77
0.916504
Obj_TreeWhiteBirch_A_04
0
0
0
3262.488
265.3383
1233.301
1.0
Obj_TreeConiferous_A_Snow_01
0
5.657741
0
3446.161
291.0485
1456.214
1.0
Obj_TreeBroadleafLow_A_01
0
1.224809
0
3293.148
266.8573
1246.478
1.0
FldObj_MountainLanayruStairs_A_01
0.09999999
-0.1800001
0
3685.792
390.6255
1404.716
1.0
Item_Mushroom_D
1.28833
-0.1152344
-0.300415
3715.547
309.5625
1862.789
1.0
Obj_RockSetWhite_B_M_01
-0.344526
-0.1798959
-0.8404657
3645.143
282.2164
1935.649
1.0
Obj_TreeConiferous_A_Snow_02
0
1.671058
0
3412.521
274.0542
1395.8
1.0
Item_Mushroom_B
0
-0.6274413
0
3410.555
272.9856
1375.383
1.0
Obj_RockSetSnow_A_05
-0.2159725
-0.06343013
1.130721
3617.089
377.8806
1229.366
1.0
Obj_RockSetWhite_B_M_02
0
-3.14
0
3154.458
172.6763
1719.071
1.0
Obj_RockSetSnow_A_05
-0.02379181
-0.8810457
0.5219533
3676.262
333.1213
1572.733
1.0
Obj_Plant_CypressLow_B_01
-0.1450701
-0.2575524
-0.06919122
4056.902
423.1067
1150.449
1.092773
Obj_Mineral_C_01
0.3599999
0
-0.1999999
3817.155
585.6558
1232.335
1.0
Obj_RockSetSnow_A_02
1.760426
1.342376
2.276136
3648.73
323.7417
1538.105
1.0
Item_Mushroom_B
3.141479
-1.478271
3.141479
3594.066
297.0716
1522.301
1.0
Obj_Plant_HopBush_C_Snow_02
-0.7499588
-0.9589517
0.4983286
3936.594
438.4786
1070.083
1.0
Obj_Plant_CypressLow_A_01
-0.07189026
0.5506566
0.08345056
3840.793
289.6757
1990.395
0.918457
FldObj_KorokStone_A_01
0
-1.483185
0
3263.723
344.4672
1432.503
1.0
Obj_TreeConiferous_A_Snow_01
0
6.275065
0
3346.778
278.8199
1393.563
1.0
Obj_TreeConiferous_A_Snow_01
0
0.6264946
0
3546.069
315.4127
1364.986
1.0
Obj_MineralGrain_A_04
-0.04697868
0.7393773
0.2161334
3228.988
298.0461
1495.591
1.0
Obj_RockSetSnow_A_05
-0.4594411
-0.7555095
0.6250576
3768.674
407.616
1578.674
1.0
Obj_RockSetWhite_B_M_01
-2.945195
-0.2563242
2.476202
3482.25
249.3244
2019.437
1.0
Obj_TreeWhiteBirch_A_04
0
-1.44
0
3279.485
264.5852
1194.443
1.0
Area
0
0
0
3032.797
112.0446
1779.992
25
Item_Mushroom_J
0
-0.3277588
0
3094.855
175.2709
1670.313
1.0
Animal_Fish_L
0
0
0
3506.063
246.84
1964.394
1.0
Obj_Plant_HopBush_C_Snow_01
0.4132429
-0.8319604
-0.284134
3660.852
361.9698
1472.043
1.021973
FldObj_MountainLanayruStairs_A_01
0
-2.64
0
3551.367
273.6822
1492.765
1.0
Obj_TreeBroadleafLow_Snow_A_02
0
-0.94
0
4063.486
509.9852
1346.086
1.0
Item_Mushroom_B
3.141479
-0.4261475
3.141479
3381.129
267.1904
1373.457
1.0
Obj_TreeConiferous_A_Snow_01
0
1.476838
0
3456.104
285.5624
1477.634
1.0
Obj_Plant_HopBush_A_01
0.2047086
0.9475448
-0.1898862
3236.039
179.0482
1995.207
0.949219
Obj_TreeConiferousDead_A_Snow_01
0
-1.14
0
3434.875
273.2189
1312.657
1.0
Obj_MineralGrain_A_02
0.18
0
0.3399999
3466.5
302.6987
1087.724
1.0
Item_Mushroom_B
0
0.4820556
0
3540.648
301.5815
1313.203
1.0
Obj_TreeConiferous_A_Snow_02
0
2.054102
0
3548.615
271.3787
1420.186
1.0
Item_Mushroom_D
1.028564
-0.05480957
-0.1975098
3122.07
337.6484
1059.023
1.0
Obj_Plant_CypressLow_A_01
0
0.5280762
0
3248.473
268.84
1323.582
1.025391
Obj_RockSetSnow_A_02
-0.1340059
0.2696547
1.073214
3698.489
415.8892
1369.35
1.0
Obj_TreeConiferous_A_Snow_01
0
0
0
3783.127
449.9661
1436.849
1.0
Obj_Plant_CypressLow_B_01
0.00814771
0.6661022
-0.179023
3490.813
270.8789
1464.891
1.043945
Item_Mushroom_B
0
0.3220215
0
3564.395
313.5076
1367.77
1.0
FldObj_MountainLanayruStairs_A_01
3.123522
-0.7416105
3.138885
3767.887
442.0111
1414.735
1.0
FldObj_MountainLanayruStairs_A_01
0
-0.09999994
0
4056.902
507.2063
1375.281
1.0
Obj_RockSetSnow_A_05
-0.06678044
0.02906591
0.8208129
3782.814
543.4917
1247.266
1.0
Obj_Plant_CypressLow_A_02
-0.1343281
-0.4026095
0.1279034
3291.637
268.5714
1257.199
1.062988
Obj_TreeConiferous_A_Snow_01
0
-0.2589789
0
3608.577
296.1907
1440.949
1.0
Obj_RockSnow_A_01
-1.173164
0.4255222
-0.1380652
3622.935
311.9477
1559.511
1.0
Obj_TreeConiferous_A_Snow_01
0
0.8195462
0
3469.037
269.3078
1365.995
1.0
FldObj_MountainLanayruStairs_A_01
0
-3.08
0
4000.043
555.9317
1332.22
1.0
Obj_RockSetSnow_A_04
-1.478941
1.470378
-1.479401
3958.085
492.3323
1457.033
1.0
Obj_TreeBroadleaf_A_L
0
-0.9399999
0
3123.907
297.0337
1551.712
1.0
Obj_Plant_HopBush_A_01
0.292353
-0.7747605
0.1047359
3113.945
296.3293
1543.031
1.081055
Obj_Plant_HopBush_A_02
0.1033356
-0.48706
-0.04543811
3120.328
174.041
1706.969
0.870605
Obj_TreeConiferous_A_Snow_01
0
-1
0
3561.929
344.9311
1124.936
1.0
Obj_MineralGrain_A_04
2.141045
-1.121341
-2.040981
3818.15
603.6213
1333.744
1.0
Animal_Fish_A
0
0
0
3493.176
244.1273
1993.569
1.0
Obj_Plant_HopBush_C_Snow_01
0.146324
0.8221483
0.4860331
3594.668
297.8793
1505.867
0.973145
Obj_MineralGrain_A_02
-0.05509088
-0.4904427
0.3892588
3106.045
261.8613
1158.467
1.0
Obj_Plant_HopBush_A_02
-2.527518
1.161355
-2.536269
3132.36
175.1207
1874.429
0.95
Obj_Mineral_B_01
0
0
0
3263.528
271.2193
1348.298
1.0
Obj_MineralBury_A_01
-2.271012
-0.7032931
2.717304
3554.709
381.8106
1628.641
1.0
Obj_TreeConiferous_A_Snow_01
0
-0.1848468
0
3612.901
304.5157
1533.156
1.0
Obj_TreeConiferous_A_Snow_01
0
5.332995
0
3487.001
269.359
1438.694
1.0
Obj_Plant_CypressLow_B_01
-0.07475639
0.8408049
0.194044
3831.633
465.6075
1462.363
0.865723
Obj_Plant_CypressLow_A_01
0
-0.8615722
0
3117.184
173.241
1717.629
1.092773
Obj_TreeBroadleafLow_A_01
0
1.66
0
3105.445
176.6703
1655.326
1.0
Animal_Insect_H
0
0
0
3403.45
244.4495
1938.116
1.0
Obj_Plant_HopBush_C_Snow_01
0.3403496
1.105997
0.2615172
3481.642
270.7253
1472.198
1.0
Item_Mushroom_D
1.783935
-1.360474
-0.7846679
3549.535
338.8867
1222.395
1.0
Obj_RockSetSnow_A_04
-0.03476072
-0.3969374
0.1905957
3788.114
449.9534
1422.426
1.0
Obj_Mineral_B_01
-0.2121258
-0.6940407
-0.07545995
3392.203
318.8249
1500.782
1.0
Obj_TreeBroadleaf_A_L
0
-0.9599999
0
3147.131
297.6029
1542.406
1.0
Obj_TreeConiferousDead_A_Snow_01
0
-0.7199999
0
3942.376
457.9813
1495.923
1.0
Item_Mushroom_D
3.01416
-1.335693
-1.968872
3782.695
546.8086
1226.016
1.0
Item_Mushroom_M
3.141479
1.100708
3.141479
3271.355
266.3997
1237.57
1.0
Obj_TreeBroadleaf_A_LL
0
-1.7
0
3134.329
173.7424
1698.705
1.0
EnvSeEmitPointBirdTemperate
3.141479
0.5389404
3.141479
3338.742
274.7773
1195.16
1.0
Enemy_Lizalfos_Ice
0
-2.26
0
3964.566
493.1829
1452.225
1.0
Obj_Plant_CypressLow_A_02
-0.01898054
-0.4994975
0.307201
3126.375
168.1173
1844.102
1.001465
Obj_Plant_HopBush_C_Snow_01
0.08380739
-0.3406324
0.2407782
3379.566
323.6168
1631.371
1.087891
Item_Mushroom_M
3.141479
0.1148681
3.141479
3126.828
298.5179
1540.422
1.0
FldObj_MountainLanayruStairs_A_01
0
-1.97999
0
3820.846
460.8842
1455.931
1.0
Obj_TreeConiferous_A_Snow_01
0
0
0
3351.332
273.4495
1380.035
1.0
EnvSeEmitPointInsectTemperate
2.877441
-1.071899
-2.744995
3154.57
179.4063
1692.586
1.0
Item_Plant_E
0
-1.557983
0
3616.805
308.1635
1492.988
1.0
Obj_TreeConiferous_A_Snow_01
0
0
0
3594.064
298.0193
1550.982
1.0
Obj_RockSetWhite_B_M_01
2.612411
-1.216426
2.689635
3647.591
279.9099
1936.595
1.0
Obj_Mineral_C_01
-0.03298555
-0.05079415
0.1877666
3730.66
511.9133
1128.38
1.0
FldObj_MountainLanayruStairs_A_01
0
1.06
0
4014.371
525.9747
1270.103
1.0
FldObj_PlayerChapelPillar_B_01
-1.532476
0.03087011
-2.799408
4040.092
519.1071
1307.442
1.0
Obj_TreeConiferous_A_Snow_01
0
2.54216
0
3369.356
284.9831
1437.658
1.0
Obj_Plant_HopBush_C_Snow_01
-0.1422085
0.8946385
0.07070341
3603.453
301.4455
1553.391
1.041016
Obj_RockSetSnow_A_04
0
0
0
3893.508
570.7073
1309.875
1.0
Obj_Plant_HopBush_C_Snow_02
-0.2410252
-0.1593272
0.1793089
3397.338
277.9856
1445.837
1.0
Obj_TreeConiferous_A_Snow_01
0
5.342577
0
3499.745
287.662
1260.916
1.0
Item_Mushroom_B
3.141479
-0.7990722
3.141479
3435.871
274.9663
1325.418
1.0
Obj_TreeBroadleafLow_Snow_A_01
0
0
0
4045.787
505.0718
1396.861
1.0
Obj_RockWhite_B_L_03
-3.012442
0.7539036
-2.978264
3201.158
178.8797
1949.611
1.0
Obj_MineralGrain_A_04
-0.2134365
-1.255733
0.8700775
3695.987
356.4337
1513.161
1.0
Obj_TreeConiferous_A_Snow_01
0
0.6264946
0
3518.736
310.3308
1374.686
1.0
Obj_Mineral_A_01
0
0
0
3365.381
298.4095
1777.531
1.0
Obj_RockSetWhite_B_M_02
0.5014504
-1.16344
-1.173605
3481.597
251.0663
2016.802
1.0
Obj_TreeConiferous_A_Snow_01
0
0.5242856
0
3389.9
275.1494
1431.267
1.0
Obj_Plant_HopBush_C_Snow_01
0.09133512
-1.305123
0.3261554
3400.125
269.4723
1394.59
1.015625
Obj_MineralGrain_A_04
-0.04220167
0.00322868
0.03269201
3536.924
344.9027
1591.185
1.0
Obj_MineralGrain_A_02
-1.405262
-0.4371945
1.719576
3307.257
291.7442
1671.902
1.0
Obj_MineralGrain_A_04
0.1121879
-0.8754061
-0.1688025
3486.599
348.1372
1816.912
1.0
Obj_TreeBroadleafLow_A_02
0
-0.6799999
0
3074.137
178.3734
1651.443
1.0
Obj_MineralBury_A_01
-2.853508
-1.01775
-2.824102
3536.219
345.1916
1591.346
1.0
Obj_Plant_CypressLow_B_01
-0.4572871
0.4101254
-0.4637468
3742.508
432.4841
1386.137
0.883789
Obj_TreeConiferous_A_Snow_01
0
4.961113
0
3399.987
271.8503
1417.039
1.0
Obj_Plant_CypressLow_B_01
0.3078492
0.6880733
0.110799
3460.461
271.9505
1350.754
1.02002
Obj_TreeConiferous_A_Snow_01
0
0
0
3462.845
271.7896
1280.845
1.0
TwnObj_Village_HatenoWoodLogStair_A_01
0
-1.56
0
3443.185
249.5527
1951.652
1.0
Item_Mushroom_F
0
1.409912
0
3681.227
421.667
1341.797
1.0
Item_Mushroom_B
3.141479
1.534302
3.141479
3427.02
272.2339
1287.305
1.0
FldObj_HighwayHylia_A_03
0
1.940003
0
3508.526
264.33
1420.125
1.0
Obj_TreeConiferous_A_Snow_02
0
0
0
3498.414
278.3688
1329.264
1.0
Obj_RockWhite_B_M_02
0.07234604
0.002547603
-0.07036854
3333.208
242.4111
1942.529
1.0
Obj_Plant_HopBush_C_Snow_01
0.2105713
0.2709781
0.3213888
3476.676
280.2259
1269.941
0.863281
Obj_MineralBury_A_01
0
0
0
4127.517
449.7348
1293.662
1.0
EnvSeEmitPointBirdTemperate
-0.5395507
-0.1556396
0.692749
3261.551
273.4766
1233.742
1.0
Obj_TreeConiferous_A_Snow_01
0
-0.84
0
4032.618
505.6216
1408.996
1.0
Obj_TreeConiferous_A_Snow_01
0
0
0
3560.083
309.8796
1303.013
1.0
EnvSeEmitPointInsectTemperate
3.011108
0.1486816
2.683838
3072.316
177.8477
1680.305
1.0
Obj_Mineral_A_01
-0.7762965
-1.444673
0.6618287
3065.069
359.1101
1027.341
1.0
Item_Mushroom_B
0
1.00647
0
3500.199
279.2087
1323.32
1.0
Obj_RockSetSnow_A_02
0.4306911
0.2451629
0.1249167
3990.276
500.0169
1430.801
1.0
Obj_Plant_CypressLow_B_01
0.3731627
0.7419811
0.3700663
3851.008
412.4352
1567.93
0.863281
Obj_Mineral_A_01
-2.578414
-0.6310302
2.312808
3033.14
111.7526
1782.124
1.0
Obj_Plant_HopBush_C_Snow_01
-0.3147743
-0.4353112
-0.1533612
3877.73
618.6766
1284.594
0.991211
Obj_MineralGrain_A_04
-0.4456145
0.003714876
0.02128202
3282.119
281.4508
1351.851
1.0
Obj_TreeBroadleaf_A_L
0
0
0
3106.124
174.9602
1704.168
1.0
FldObj_MountainLanayruStairs_A_01
0
-1.000001
0
4020.786
501.7664
1430.989
1.0
Obj_TreeConiferous_A_Snow_01
0
2.460281
0
3502.815
270.1201
1398.462
1.0
Obj_Plant_HopBush_C_Snow_01
0.1288841
-0.5034375
0.3344715
3622.98
309.5002
1543.727
1.020996
Obj_RockSetSnow_A_02
2.867451
-1.153537
-2.432071
3683.977
337.8919
1551.576
1.0
Obj_TreeBroadleaf_A_L
0
-1.62
0
3113.6
176.0437
1680.566
1.0
Item_Mushroom_B
0
-0.6151122
0
3488.754
276.3009
1495.348
1.0
Obj_MineralGrain_A_02
0.261276
0.0238799
0.01873586
3033.583
311.3336
1558.108
1.0
Item_Material_04
-0.7437102
-0.03419932
-0.6438038
3091.733
180.922
1699.414
1.0
Obj_TreeConiferous_A_Snow_01
0
2.034161
0
3475.353
281.226
1497.622
1.0
Obj_TreeConiferousDead_A_Snow_01
0
5.543327
0
3458.18
267.8551
1365.255
1.0
Obj_TreeConiferous_A_Snow_01
0
0
0
3390.641
273.4357
1278.206
1.0
EnvSeEmitPointInsectTemperate
3.141479
-0.3797607
3.141479
3254.91
263.5977
1175.254
1.0
FldObj_GerudoHighlandRock_C_06
0
-0.38
0
3892.626
413.745
1564.014
1.0
Obj_TreeConiferous_A_Snow_01
0
3.299245
0
3579.367
291.2708
1497.593
1.0
Obj_Plant_HopBush_C_Snow_02
-0.3030061
1.193402
-0.5142761
3496.984
269.4821
1463.973
0.960938
Obj_Plant_CypressLow_A_02
-0.367545
-1.102942
0.397898
3133.915
173.9002
1868.208
1.040755
Obj_Plant_HopBush_C_Snow_01
-0.1759375
-1.240341
0.266641
3545.094
278.771
1511.063
0.954102
Obj_RockSetSnow_A_03
0
-0.3000001
0.02
4013.855
504.2577
1417.215
1.0
Obj_TreeConiferous_A_Snow_01
0
3.297765
0
3369.241
271.7578
1340.16
1.0
Item_Mushroom_D
-0.5528564
-1.422363
1.523071
3607.5
375.6797
1243.613
1.0
Obj_Plant_HopBush_C_Snow_01
0.3944716
-0.728284
-0.2432862
3955.332
495.6683
1433.626
1.0
Obj_Mineral_A_01
0.3268618
-0.6304918
-0.07248864
3556.172
379.7404
1626.698
1.0
FldObj_MountainLanayruStairs_A_01
0
-1.14
0
4013.846
499.5441
1434.705
1.0
Enemy_Lizalfos_Middle
0
-2.699996
0
3723.251
424.1566
1360.895
1.0
Obj_RockSetSnow_A_04
0
2.483184
0
3714.301
423.7587
1358.865
1.0
GrassCutTag
0
0
0
3247
295.3922
1350
1.0
Obj_Plant_CypressLow_A_01
-0.05121183
0.06820765
-0.2765421
3142.484
341.3759
1343.906
0.943359
FldObj_KorokStone_A_01
0
-3.053981
0
3263.747
343.4672
1432.501
1.0
Obj_TreeConiferous_A_Snow_01
0
0.6264946
0
3526.071
308.4511
1391.921
1.0
Obj_TreeBroadleafLow_Snow_A_01
0
0
0
3960.49
495.7424
1435.696
1.0
Item_Plant_E
0
-1.115845
0
3830.902
469.3425
1453.539
1.0
Obj_TreeConiferous_A_Snow_01
0
1.50622
0
3402.032
277.0226
1433.409
1.0
Obj_TreeConiferous_A_Snow_01
0
2.220221
0
3484.193
274.7792
1309.676
1.0
Obj_MineralBury_A_01
0.7351061
0.09423149
-0.1036932
3311.713
288.1734
1659.823
1.0
Obj_Plant_CypressLow_A_02
1.047109
-1.308538
-0.7970229
3010.75
154.5767
1917.605
0.876953
Obj_TreeConiferous_A_Snow_01
0
1.547468
0
3490.613
271.7738
1380.981
1.0
FldObj_MountainLanayruStairs_A_01
0
0.9199999
0
4026.692
521.2213
1277.802
1.0
Obj_RockSetSnow_A_02
0
-0.14
0.36
3611.373
304.7887
1566.842
1.0
Item_Mushroom_D
1.843384
1.039673
0.4450683
3688.293
293.2773
1884.738
1.0
Item_Mushroom_B
0
-0.2042236
0
3455.039
287.9463
1435.688
1.0
Obj_Plant_CypressLow_A_02
0.05524785
-0.8216977
-0.09507424
3124.027
174.808
1693.598
0.961426
Obj_TreeConiferous_A_Snow_02
0
-1.700001
0
4066.017
513.3758
1337.634
1.0
Obj_TreeConiferous_A_Snow_01
0
1.315794
0
3534.701
281.3165
1525.013
1.0
Obj_RockWhite_B_L_03
0
0
0.16
3212.386
172.971
1924.113
1.0
Obj_TreeBroadleafLow_Snow_A_02
0
-0.5199999
0
3685.62
373.6279
1446.759
1.0
Item_Mushroom_D
1.508301
-0.5407715
-0.2497558
3824.578
556.2148
1404.738
1.0
Obj_TreeConiferousDead_A_Snow_01
0
0.07999999
0
3711.6
423.8172
1341.912
1.0
Obj_Plant_HopBush_A_01
-0.09188934
-0.1487631
0.1376748
3345.383
266.8029
1197.574
1.046875
Obj_Plant_CypressLow_A_01
-3.133023
-0.8626279
-3.066417
3268.634
184.4912
1985.607
1.062152
Obj_RockSetSnow_A_02
0.5854926
-0.07328425
-0.8583895
4032.888
517.9526
1384.894
1.0
EnvSeEmitPointBirdTemperate
3.141479
0.5998535
3.141479
3706.281
289.8242
1942.301
1.0
Obj_Plant_CypressLow_A_01
-0.4509938
1.178055
0.000868673
3085.035
155.3976
1845.797
0.920898
Obj_RockWhite_B_M_02
0
0
0
3115.635
175.6971
1685.904
1.0
Obj_Plant_HopBush_A_01
-0.1501904
0.843617
0.0265352
3820.281
287.1677
1975.348
0.890625
Obj_Plant_CypressLow_A_02
-2.943825
-0.4560784
-2.64369
3008.011
128.1601
1958.937
1.0
Obj_RockSetSnow_A_05
0
0
0.18
3298.159
267.7545
1338.218
1.0
Animal_Insect_H
0
0
0
3377.306
244.2981
1932.412
1.0
Item_Plant_E
0
1.148315
0
3660.246
362.3921
1470.355
1.0
Obj_Plant_CypressLow_A_02
0.4261407
-0.931113
-0.1861127
3120.184
295.2943
1555.516
1.009766
Obj_Plant_HopBush_A_01
-1.117418
1.389231
-0.9979646
3130.645
174.3196
1710.688
0.958984
Item_Mushroom_B
3.141479
0.9860839
3.141479
3491.883
273.5821
1373.18
1.0
Obj_RockSetSnow_A_02
0.166126
0.1066248
-0.1373874
3995.205
566.8733
1371.972
0.9
Obj_TreeConiferousDead_A_Snow_01
0
-0.8105023
0
3538.949
275.7692
1495.942
1.0
Obj_TreeBroadleafLow_Snow_A_02
0
0
0
3601.622
300.6375
1552.512
1.0
Obj_TreeBroadleafLow_Snow_A_01
0
0
0
3392.06
270.5009
1289
1.0
Obj_TreeWhiteBirch_A_04
0
-1.48
0
3324.806
268.4055
1250.518
1.0
Obj_TreeConiferous_A_Snow_02
0
-1.5
0
3966.977
497.1247
1432.28
1.0
FldObj_CliffWhiteRockSet_B_01
-2.788875
1.282722
2.95127
3173.007
174.8246
1927.898
1.0
Obj_TreeConiferous_A_Snow_01
0
3.864913
0
3471.873
278.7763
1268.633
1.0
Obj_TreeConiferousDead_A_Snow_01
0
1.263138
0
3410.907
280.2483
1431.731
1.0
GrassCutTag
0
0
0
3215
175.1205
1906
1.0
Obj_Plant_HopBush_A_01
-0.9052894
1.523303
-0.8157851
3828.641
288.3791
1982.656
0.976074
Obj_RockSetSnow_A_04
0
2.78
0
3902.764
571.0065
1340.196
1.0
Obj_MineralBury_A_01
0
0
0
3308.108
292.7871
1672.088
1.0
FldObj_MountainLanayruStairs_A_01
0
3.023185
0
4000.505
558.4346
1340.162
1.0
FldObj_MountainLanayruStairs_A_01
0
-2.619997
0
3535.751
265.9385
1468.839
1.0
Obj_MineralGrain_A_02
-0.06004223
-0.01573532
-0.2517674
3390.839
318.8052
1497.744
1.0
Item_Mushroom_B
3.141479
0.2216797
3.141479
3493.156
277.2846
1331.633
1.0
FldObj_MountainLanayruStairs_A_01
0.1497043
-1.481229
0.00879097
3657.537
322.7845
1561.461
1.0
Obj_TreeWhiteBirch_A_04
0
3.12
0
3305.147
264.3271
1195.184
1.0
Item_Mushroom_B
3.141479
-0.439209
3.141479
3435.746
285.4256
1408.938
1.0
Obj_Plant_HopBush_A_02
-0.2752984
0.4193676
0.04668474
3129.863
174.8796
1713.766
1.096191
Obj_Mineral_B_01
-2.634415
-0.5792847
2.609898
3070.017
362.7142
1038.458
1.0
FldObj_KorokStone_A_01
0
-3.053981
0
3263.66
343.4672
1431.501
1.0
Obj_Plant_CypressLow_A_01
-0.05005046
-1.219439
0.1467617
3120.234
173.493
1713.594
1.054199
Obj_RockSetWhite_B_M_02
0.2516464
1.378216
0.07397964
3639.213
283.3501
1965.637
1.0
EnvSeEmitPointInsectTemperate
3.141479
-0.9752197
3.141479
3332.859
244.293
1941.125
1.0
FldObj_MountainLanayruStairs_A_01
-3.075035
-1.021859
-3.126302
3595.967
295.0849
1542.243
1.0
TwnObj_Village_HatenoWoodLogStair_A_01
0
-1.4
0
3438.313
247.0449
1951.741
1.0
Obj_TreeConiferous_A_Snow_01
0
5.175159
0
3392.11
278.1879
1445.372
1.0
Obj_Plant_HopBush_C_Snow_01
-1.263619
-1.411553
0.9094937
3485.055
270.0064
1438.461
1.020996
Obj_TreeBroadleafLow_Snow_A_02
0
-1.26
0
3531.712
264.308
1452.536
1.0
Obj_RockSetSnow_A_04
0
0.2
0
3891.533
571.8083
1329.414
1.0
Obj_TreeBroadleafLow_A_02
0
2.221593
0
3095.76
173.4199
1706.345
1.0
Obj_TreeConiferousDead_A_Snow_01
0
-1.719999
0
3692.943
365.8748
1475.195
1.0
Obj_Plant_HopBush_C_Snow_02
-0.07419638
-0.9856303
0.08209663
3391.391
267.368
1396.668
1.077637
Item_Mushroom_B
3.141479
-1.249023
3.141479
3619.418
304.434
1468.727
1.0
Item_Mushroom_F
3.141479
0.7630615
3.141479
3682.102
421.406
1342.664
1.0
Item_Mushroom_B
3.141479
-0.8996581
3.141479
3752.336
431.5529
1380.348
1.0
FldObj_HighwayHylia_A_03
-3.12821
-0.2419262
-3.122991
4033.666
504.7398
1414.99
1.0
FldObj_MountainLanayruStairs_A_01
0.1607896
-0.09871854
-0.01598378
3679.279
380.7189
1426.022
1.0
Obj_RockSetSnow_A_02
-0.7700135
-0.9885353
0.5176605
3735.836
438.3305
1396.128
0.8
Obj_TreeBroadleaf_A_L
0
-1.14
0
3137.125
297.3843
1560.628
1.0
Obj_Plant_HopBush_C_Snow_01
0.1262387
0.1081279
0.4610595
3543.668
267.7816
1430.255
1.0
Obj_Plant_HopBush_C_Snow_01
-0.7399523
-0.9216362
0.6532485
3933.208
439.2584
1071.228
1.0
Obj_Plant_HopBush_C_Snow_02
0.1742564
0.6758574
0.1569209
4065.305
423.3223
1123.215
0.999023
Item_Mushroom_B
0
-1.523926
0
3392.613
268.2202
1348.859
1.0
Obj_TreeBroadleafLow_Snow_A_02
0
0
0
3412.131
267.4702
1351.247
1.0
Obj_Plant_HopBush_C_Snow_01
0.004153278
0.01397279
0.3225928
3517.203
324.3919
1174.953
1.030273
Obj_Plant_CypressLow_A_02
0.2319804
-1.082625
-0.2072761
3123.113
173.9856
1707.582
0.989258
Item_Mushroom_M
0
-0.2786865
0
3295.617
265.0728
1207.586
1.0
Obj_TreeConiferous_A_Snow_01
0
2.88688
0
3488.662
277.1328
1496.362
1.0
Item_Plant_E
0
-1.54602
0
3660.839
378.9784
1440.235
1.0
FldObj_GerudoHighlandRock_C_06
0.16
0
-0.3599999
3460.357
264.4478
1402.365
1.0
Item_Mushroom_D
-2.677368
-0.857666
-2.608398
3636.84
418.1172
1289.664
1.0
Obj_TreeConiferous_A_Snow_01
0
0.5354189
0
3430.004
290.6207
1444.575
1.0
Animal_Fish_A
0
0
0
3508.864
244.9202
1979.608
1.0
Item_Mushroom_D
-2.07605
-0.04772948
-2.87268
3462.777
328.4453
1528.391
1.0
GrassCutTag
0
0
0
3187.5
173.1925
1898
1.0
Obj_Plant_HopBush_C_Snow_02
0.1349973
-0.04352683
0.2384022
3375.492
322.4126
1633.035
1.058594
Obj_Plant_HopBush_A_02
0.02890076
0.08309633
-0.04004408
3124.922
174.124
1703.531
1.048828
Obj_Plant_HopBush_C_Snow_01
-0.7440521
-1.220246
0.5691213
3372.816
267.9616
1388.902
0.993652
FldObj_MountainLanayruStairs_A_01
0.03934807
-0.7944556
0.0923821
3668.921
328.3227
1556.805
1.0
Obj_TreeConiferous_A_Snow_01
0
1.988799
0
3412.236
273.4188
1389.443
1.0
Area
0
-2.2
0
3261.148
263.1178
1211.789
150
Obj_RockSetSnow_A_04
3.101593
0.8784075
3.141593
3420.415
264.8606
1356.664
1.0
Obj_RockSetSnow_A_02
-0.03435252
-0.5789724
0.4314709
3822.74
464.0317
1444.725
1.0
Obj_Plant_HopBush_C_Snow_02
0.401617
0.5828798
0.4543256
3859.258
413.7076
1564.887
1.034668
Obj_RockSetSnow_A_02
0.1593112
0.0382252
0.02224985
3850.701
639.2155
1324.618
0.75
Obj_TreeConiferousDead_A_Snow_01
0
0
0
3972.723
497.1031
1436.874
1.0
Obj_TreeConiferous_A_Snow_02
0
1.64
0
3941.79
460.1997
1490.807
1.0
Obj_RockSnow_A_01
0.1628148
-0.06195737
0.6869643
4064.546
508.8832
1375.884
1.0
Obj_TreeBroadleaf_A_L
0
0.98
0
3050.161
162.112
1703.28
1.0
Item_Mushroom_F
3.141479
-1.275757
3.141479
3497.168
278.02
1294.223
1.0
FldObj_MountainLanayruStairs_A_01
-3.105253
-0.9816366
-3.137277
3590.638
292.314
1538.083
1.0
Obj_Plant_CypressLow_A_02
0.4094864
-0.3149182
0.08307952
3256.224
183.833
1981.363
0.9
Obj_TreeWhiteBirch_A_02
0
0
0
3268.033
267.6414
1244.301
1.0
Obj_MineralBury_A_01
0.1793736
0.7366875
-0.4602303
3183.229
311.6219
1260.541
1.0
Obj_TreeConiferous_A_Snow_01
0
1.1
0
3689.48
424.5653
1336.169
1.0
Obj_Plant_HopBush_C_Snow_01
0
-1.484009
0
3391.617
267.6187
1366.582
0.896973
Obj_Plant_CypressLow_A_01
-0.8874893
0.9742101
-0.7541861
3093.152
300.2755
1204.836
0.95459
Obj_RockSetSnow_A_03
-1.97442
-1.248668
1.370563
3985.344
546.2938
1302.604
1.0
Obj_Plant_CypressLow_A_02
0.5072604
1.081969
0.7125092
3117.301
296.2571
1548.105
0.96582
Obj_Plant_HopBush_C_Snow_02
0.2727341
-0.7977993
0.05534559
3737.633
425.2368
1348.512
1.056152
Obj_TreeConiferous_A_Snow_01
0
0.9237452
0
3396.038
268.7533
1408.11
1.0
FldObj_MountainLanayruStairs_A_01
0
-1.440001
0
3934.204
487.7255
1454.44
1.0
FldObj_KorokStone_A_01
0
1.658408
0
3263.662
342.4672
1431.536
1.0
Item_Mushroom_D
-0.3176269
-1.059814
1.943481
3565.477
324.7461
1284.527
1.0
Item_Mushroom_D
0.2406006
-0.9868163
0.7810058
3706.07
379.0703
1478.395
1.0
Item_Mushroom_D
1.023193
-0.07873534
0.3635254
2828.102
257.5742
1645.746
1.0
Obj_TreeConiferousDead_A_Snow_01
0
4.265749
0
3434.775
288.167
1414.98
1.0
FldObj_CliffWhiteLumpRock_A_02
-2.329296
0.9879441
-1.48425
3161.236
277.7735
1182.314
1.0
Obj_TreeBroadleaf_A_LL_Set_01
0
-0.52
0
3091.533
172.6933
1699.488
1.0
Obj_MineralBury_A_01
3.051258
-0.4841346
-2.651819
3102.42
260.8377
1158.445
1.0
EnvSeEmitPointInsectTemperate
3.141479
-0.1954346
3.141479
3133.578
298.0273
1546.219
1.0
Obj_Plant_CypressLow_A_01
-0.2528452
-0.4517523
0.09333134
3284.168
269.1038
1278.301
0.992676
Item_Mushroom_D
1.720581
-0.8583984
-0.7248535
3537.508
339.9805
1210.344
1.0
EnvSeEmitPointBirdTemperate
-2.900146
-0.6595459
2.780639
3236.996
277.2344
1326.59
1.0
Item_Mushroom_D
-2.226562
0.1314697
-2.937134
3455.363
312.8008
1520
1.0
FldObj_PlayerChapelPillar_B_01
1.48
1.14
0
4025.561
504.7013
1419.994
1.0
Obj_TreeConiferous_A_Snow_01
0
2.797073
0
3390.442
267.4346
1373.623
1.0
Obj_Plant_HopBush_A_01
0.08890414
-0.3094202
0.2567723
3260.345
182.7791
1988.332
0.89
Obj_TreeConiferous_A_Snow_01
0
6.270085
0
3433.812
291.1255
1451.205
1.0
Obj_Mineral_A_01
2.891749
0.9537908
-2.897519
3538.375
344.7662
1592.002
1.0
EnvSeEmitPointBirdTemperate
2.93042
-0.6160888
2.407227
3121.141
184.2344
1672.652
1.0
Obj_LiftRockWhite_A_01
-1.501516
1.10984
-1.508727
3017.389
111.9914
1766.397
1.0
Obj_TreeConiferous_A_Snow_01
0
4.14584
0
3465.732
282.67
1493.905
1.0
Obj_Plant_HopBush_C_Snow_02
0
0.6555175
0
3852.102
413.3926
1561.961
1.050781
Item_Mushroom_A
3.141479
1.357422
3.141479
3788.293
283.5479
1982.02
1.0
Item_Mushroom_B
3.141479
-0.423706
3.141479
3468.09
269.1696
1365.73
1.0
Obj_RockSetSnow_A_02
2.695077
-1.024293
-2.82369
3667.812
388.0017
1409.773
1.0
Obj_TreeConiferous_A_Snow_01
0
1.474684
0
3417.004
270.3561
1312.349
1.0
TBox_Field_Wood
4.424896E-05
0.0572604
0.0001428052
3183.679
172.3654
1668.179
1.0
Obj_TreeWhiteBirch_A_03
0
0
0
3222.93
264.2767
1150.228
1.0
Obj_TreeBroadleaf_A_L
0
0.96
0
3139.715
173.9976
1708.515
1.0
Obj_RockSetSnow_A_03
2.857279
0.8954524
3.076842
3397.635
270.7713
1287.957
1.0
Obj_TreeBroadleaf_A_L
0
1.92
0
3116.355
174.9245
1700.533
1.0
Obj_RockSetWhite_B_M_01
3.050973
0.1532666
-2.098789
3508.75
249.9703
1941.173
1.0
Obj_Plant_CypressLow_B_01
0.01405752
0.4041441
0.1932542
3496.313
277.9536
1336.383
0.939941
Obj_Plant_CypressLow_B_01
-0.01533465
0.1271954
0.1917442
3495.242
277.7615
1332.273
0.913086
Obj_Plant_HopBush_A_01
0.5351671
-1.370187
-0.4921575
3121.984
173.709
1710.203
0.994141
Obj_MineralBury_A_01
-2.377568
1.435739
-2.62518
3979.693
536.1315
1274.531
1.0
Obj_TreeBroadleaf_A_LL
0
-2.18
0
3065.842
179.3669
1644.338
1.0
Obj_TreeConiferous_A_Snow_01
0
4.964252
0
3412.031
277.0781
1409.105
1.0
Obj_Plant_HopBush_C_Snow_02
0
-0.8371581
0
4056.02
422.9272
1126.605
0.901367
Item_Plant_E
0
-0.8588867
0
3439.543
265.7312
1377.527
1.0
BoxWater
2.710496
-0.01840678
3.141593
3276.043
291.8534
1357.298
1.0
Obj_Plant_CypressLow_A_01
-0.08951322
0.7664899
0.1958477
3290.27
269.2587
1270.367
0.880371
Obj_MineralGrain_A_04
0.144739
-0.0008362134
-0.4300989
4117.141
452.8664
1301.035
1.0
Obj_TreeWhiteBirch_A_02
0
0
0
3323.111
268.3212
1216.29
1.0
Obj_TreeBroadleaf_A_L
0
-1.28
0
3080.661
175.7107
1659.913
1.0
Item_Mushroom_D
-1.69165
0.9909667
-2.649048
3932.758
557.6484
1206.184
1.0
EnvSeEmitPointInsectTemperate
0.1995849
-0.1098633
0.01440429
3223.633
264.3906
1148.582
1.0
Obj_Plant_HopBush_A_01
0.1133333
-0.5088969
-0.1013621
3117.211
174.459
1704.289
1.0
Obj_TreeWhiteBirch_A_02
0
5.834271
0
3238.81
272.7947
1254.75
1.0
Item_Mushroom_B
3.141479
0.1256104
3.141479
3494.391
275.9269
1357.938
1.0
Item_Mushroom_B
0
0.2578125
0
3445.594
273.5731
1320.48
1.0
Item_Mushroom_M
0
0.2321777
0
3133.395
298.0681
1547.625
1.0
Obj_RockSetSnow_A_02
0.26
-0.8000003
0
3696.22
368.93
1467.317
1.0
Obj_Plant_HopBush_C_Snow_01
0.4656666
-0.6628302
-0.1125377
3875.824
333.7498
1870
0.927246
Obj_Plant_CypressLow_A_01
0.2688095
0.267792
0.1089287
3243.59
181.2451
1982.523
1.07959
Obj_Plant_CypressLow_B_01
-0.09444799
-0.527788
-0.09739646
3488.668
267.5033
1427.52
0.944336
Obj_TreeBroadleafLow_Snow_A_01
0
0.78
0
3994.051
561.2219
1341.163
1.0
FldObj_MountainLanayruStairs_A_01
0
0.2
0
4057.183
514.9818
1324.692
1.0
Obj_TreeConiferous_A_Snow_01
0
5.805746
0
3425.421
276.6049
1396.459
1.0
Obj_Plant_CypressLow_A_02
-0.3059945
0.857609
-0.1706853
3131.18
173.945
1869.422
0.9236203
Item_Mushroom_M
0
-0.008300786
0
3117.789
174.7528
1701.234
1.0
TBox_Field_Iron
-0.03417497
-0.002559285
-0.03666718
3192.748
165.3069
1799.911
1.0
Enemy_Giant_Junior
0
2.399999
0
3250.938
268.7548
1331.625
1.0
Obj_TreeConiferous_A_Snow_01
0
2.941459
0
3531.61
300.0567
1284.719
1.0
Obj_RockWhite_B_M_02
0.2911471
-0.2618223
1.463477
3508.728
250.4036
1943.982
1.0
Obj_Plant_CypressLow_B_01
-0.1629691
-0.3168589
0.4013895
3401.41
269.4483
1367.84
0.885742
Obj_Plant_CypressLow_A_02
0.4018245
-0.6684451
-0.1927598
3342.621
268.197
1187.129
1.067871
Obj_TreeConiferous_A_Snow_02
0
0
0
3550.999
308.1314
1308.6
1.0
Obj_TreeConiferous_A_Snow_01
0
0.72
0
3753.114
431.948
1381.033
1.0
Obj_Plant_HopBush_C_Snow_02
0.119965
0.1032796
0.560066
3543.575
268.2696
1426.638
1.0
Item_Mushroom_J
0
-1.137939
0
3767.539
286.9784
1999.707
1.0
Obj_TreeBroadleafLow_Snow_A_01
0
0
0
3460.677
266.3821
1377.938
1.0
Obj_TreeConiferousDead_A_Snow_01
0
5.47941
0
3391.847
268.2379
1349.604
1.0
BoxWater
2.940197
0.02078984
3.11065
3277.262
277.6982
1350.898
1.0
TwnObj_AncientCandlePoleRoofOff_A_01
0
0
0
3556.301
288.5775
1967.967
1.0
Obj_TreeConiferous_A_Snow_01
0
2.067864
0
3448.928
289.1385
1417.761
1.0
Obj_RockSetWhite_B_M_02
-0.3189453
0.4855179
-0.1381797
3333.648
242.2547
1929.859
1.0
Obj_Plant_HopBush_C_Snow_01
-0.02777909
0.4077772
-0.1003458
3555.43
345.9567
1128.677
1.0
Obj_Plant_CypressLow_A_02
-0.1302112
1.039096
-0.1285105
3130.316
173.9922
1707.738
1.005859
Item_Mushroom_B
3.141479
0.3569336
3.141479
3611.773
303.9429
1532.711
1.0
Obj_Plant_CypressLow_B_01
0.03637139
0.2722035
0.1815001
3476.832
321.7843
1155.074
1.013672
Obj_TreeConiferous_A_Snow_02
0
0.5608201
0
3447.928
271.2743
1306.828
1.0
Obj_TreeWhiteBirch_A_03
0
0
0
3271.136
264.422
1201.823
1.0
Obj_RockWhite_B_L_01
0
0
0
3155.756
169.678
1780.193
1.0
Obj_Plant_HopBush_C_Snow_02
-0.1611798
0.4108821
-0.01163073
3917.617
435.3212
1059.672
0.94043
FldObj_MountainLanayruStairs_A_01
0.1602012
-0.4377213
-0.004230238
3687.553
412.171
1362.044
1.0
Obj_MineralGrain_A_04
0.06641903
0.001722496
-0.05183689
3448.109
345.6185
1818.098
1.0
Obj_TreeConiferous_A_Snow_02
0
3.409954
0
3592.572
352.4042
1086.448
1.0
FldObj_MountainLanayruStairs_A_01
0
2.52
0
3998.189
562.8951
1351.392
1.0
Obj_RockSetSnow_A_02
-0.0188282
-0.6330833
-0.1440866
3950.85
571.0943
1327.318
1.0
Obj_Plant_HopBush_C_Snow_02
-2.746587
0.3628656
-2.903843
3751.566
432.991
1384.772
1.0
Item_Mushroom_B
3.141479
-1.333374
3.141479
3522.172
276.9832
1493.754
1.0
Obj_Plant_HopBush_C_Snow_02
-0.006164412
-0.30316
0.1042235
3393.734
267.4455
1389.004
0.969238
Obj_Plant_CypressLow_B_01
1.409713
1.224971
1.442925
3974.418
496.6415
1438.727
0.921875
Obj_Plant_HopBush_C_Snow_02
0.05360556
0.8313625
0.3784885
3635.117
358.8292
1769.508
0.878906
Item_Mushroom_B
0
1.349975
0
3518.828
310.4177
1373.52
1.0
Obj_TreeConiferous_A_Snow_01
0
2.5061
0
3381.043
270.7421
1404.768
1.0
GrassCutTag
0
0
0
3263.5
270.0045
1338
1.0
Obj_RockWhite_B_L_02
-0.2650526
0.1823643
0.5410025
3026.949
138.357
1966.724
0.8
EnvSeEmitPointBirdTemperate
-2.52832
-0.7810058
2.705933
3388.363
244.9844
1873.66
1.0
Obj_RockSetSnow_A_03
-0.1077508
0.003708325
0.06873789
3333.837
268.5222
1251.571
1.0
FldObj_MountainLanayruStairs_A_01
0
0
0
4059.25
510.5167
1338.818
1.0
Obj_TreeBroadleaf_A_L
0
0
0
3096.878
177.9972
1639.502
1.0
Obj_RockSetWhite_B_M_02
1.005385
0.9745607
2.47764
3511.079
249.5821
1947.6
1.0
Item_Mushroom_B
3.141479
-0.4138184
3.141479
3536.832
265.5811
1431.172
1.0
Obj_TreeConiferous_A_Snow_01
0
0.5138339
0
3426.256
272.3427
1286.743
1.0
Obj_Plant_CypressLow_B_01
0.2656492
0.2417579
0.110669
3461.484
274.4607
1341.727
0.872559
Item_Plant_B
3.141479
1.047974
3.141479
3305.004
268.2111
1253.559
1.0
Obj_TreeConiferous_A_Snow_02
0
-0.94
0
3680.664
421.1314
1342.992
1.0
EnvSeEmitPointBirdTemperate
-0.7353515
0.1988525
-0.7076416
3821.535
296.2656
1995.129
1.0
FldObj_MountainLanayruStairs_A_01
0
-0.08000005
0
4059.58
508.3445
1345.793
1.0
Obj_Mineral_C_01
3.141592
-0.601611
-2.361591
3723.428
512.4237
1136.244
1.0
Obj_TreeConiferous_A_Snow_01
0
1.979455
0
3609.353
303.3676
1481.214
1.0
Obj_TreeConiferous_A_Snow_01
0
2.990053
0
3539.855
301.2722
1313.415
1.0
Obj_Plant_HopBush_C_Snow_02
0.4980055
1.052261
1.00714
3566.473
345.0284
1233.32
1.000977
Obj_TreeBroadleafLow_Snow_A_01
0
0.44
0
4066.098
511.4231
1341.813
1.0
Obj_TreeWhiteBirch_A_03
0
0
0
3261.731
263.6895
1180.009
1.0
Enemy_Lizalfos_Middle
0
1.317609
0
3672.663
401.5611
1385.554
1.0
Obj_Mineral_A_01
-3.103509
-0.2040815
-3.004304
3064.513
359.3484
1029.783
1.0
Obj_TreeConiferous_A_Snow_01
0
0.8473074
0
3448.323
290.466
1446.546
1.0
Obj_TreeBroadleaf_A_L
0
-0.92
0
3109.782
176.7074
1669.956
1.0
GrassCutTag
0
0
0
3236
270.0002
1330
1.0
FldObj_MountainLanayruStairs_A_01
0
-2.159996
0
3792.321
450.6209
1435.636
1.0
Item_Mushroom_D
-0.02014161
-1.559326
1.158813
3357.566
293.75
1227.234
1.0
Obj_Plant_HopBush_A_02
0.2669084
0.2128914
0.2138016
3023.887
159.6488
1903.645
0.975586
FldObj_MountainLanayruStairs_A_01
0.1218469
-0.2795621
-0.007468441
3682.049
345.7075
1512.55
1.0
Obj_Mineral_A_01
-0.206307
-0.07695258
-0.2120299
3453.197
302.1095
1083.188
1.0
Item_Mushroom_B
0
0.8779296
0
3399.074
271.5249
1417.367
1.0
FldObj_MountainLanayruStairs_A_01
0
-0.94
0
4025.318
502.6907
1428.13
1.0
Obj_TreeConiferous_A_Snow_01
0
1.49304
0
3504.989
278.2367
1496.039
1.0
Item_Mushroom_B
3.141479
-0.1590576
3.141479
3953.777
493.8732
1439.465
1.0
Obj_TreeConiferousDead_A_Snow_01
0
0.8600001
0
3418.419
270.7955
1296.378
1.0
Obj_Plant_CypressLow_A_02
-0.2983808
-1.079888
0.4876327
3121.645
173.9085
1717.156
0.97168
Obj_MineralGrain_A_02
0.03311008
0.0008966619
-0.1141441
3022.892
310.4476
1560.978
1.0
Item_Mushroom_B
3.141479
-0.7753906
3.141479
3563.484
313.4689
1366.828
1.0
Obj_Plant_HopBush_A_01
-0.05765679
0.09243716
0.1156822
3123.008
173.7609
1712.895
1.073242
Item_Mushroom_B
3.141479
-0.5623779
3.141479
3594.488
297.2674
1521.543
1.0
Obj_TreeBroadleafLow_Snow_A_01
0
-1.26
0
3687.091
423.0928
1338.983
1.0
Item_Mushroom_B
0
-1.430786
0
3381.715
270.1888
1404.047
1.0
Obj_Plant_CypressLow_A_02
0.1935315
-0.7374959
0.06535764
3116.043
295.4751
1550.133
1.053223
Obj_TreeConiferous_A_Snow_01
0
3.587763
0
3484.922
297.0678
1232.056
1.0
Obj_TreeBroadleafLow_Snow_A_01
0
1.86
0
3548.29
270.182
1429.038
1.0
Obj_TreeConiferousDead_A_Snow_01
0
0
0
4008.846
501.9809
1429.801
1.0
Item_Mushroom_D
1.052124
-1.019043
0.09948729
3778.238
542.543
1320.426
1.0
Enemy_Golem_Little_Ice
0.4809942
-0.6271481
-0.06500186
3683.636
377.9744
1435.122
1.0
Item_Mushroom_D
1.753174
-1.029907
-0.6356201
3417.238
352.1367
1736.633
1.0
Obj_TreeBroadleaf_A_LL_Set_01
0
1.18
0
3110.06
298.3722
1523.876
1.0
EnvSeEmitPointBirdTemperate
3.141479
-0.2297363
3.141479
3555.309
296.6094
1966.938
1.0
Obj_TreeConiferous_A_Snow_01
0
5.368865
0
3422.624
289.114
1455.235
1.0
Obj_RockSetWhite_B_M_02
0
0
0
3173.066
175.064
1912.732
1.0
FldObj_KorokStone_A_01
0
-1.570796
0
3273.124
344.4906
1439.729
1.0
Obj_TreeConiferous_A_Snow_01
0
-2.620001
0
4064.168
510.5587
1354.067
1.0
Obj_TreeConiferous_A_Snow_01
0
3.612577
0
3468.653
266.0123
1382.927
1.0
EnvSeEmitPointBirdTemperate
2.755615
-0.1933594
-3.077636
3050.902
170.3125
1702.707
1.0
EnvSeEmitPointInsectTemperate
-0.005126957
-0.4003906
-1.601196
3916.41
301.3945
1995.102
1.0
Obj_LiftRockWhite_A_01
0
0
0
3037.844
112.3635
1773.969
1.0
Obj_TreeConiferous_A_Snow_01
0
0.6264946
0
3585.62
282.9162
1433.666
1.0
Obj_TreeBroadleafLow_Snow_A_01
0
1.1
0
3764.051
443.9479
1419.925
1.0
Obj_Mineral_C_01
-2.26219
0.5434199
-2.583196
3875.938
612.1591
1264.605
1.0
Obj_TreeBroadleafLow_Snow_A_01
0
0
0
3415.476
267.3454
1353.923
1.0
Obj_TreeConiferous_A_Snow_01
0
2.738154
0
3496.053
270.1109
1476.027
1.0
Obj_MineralGrain_A_04
-0.2036839
0.8462704
-0.02389175
3068.773
362.3288
1037.682
1.0
Item_Mushroom_D
-1.856201
0.4210205
3.122314
3574.078
359.4727
1616.836
1.0
Obj_Plant_HopBush_C_Snow_02
0.1480069
0.2346744
0.2691031
3615.551
351.1921
1765.551
0.966309
Obj_TreeConiferous_A_Snow_01
0
0
0
3447.445
274.8152
1341.648
1.0
Item_Mushroom_M
3.141479
1.187378
3.141479
3085.48
177.1556
1652.414
1.0
Item_Plant_E
0
1.53833
0
3732.598
399.3817
1501.719
1.0
Obj_Plant_CypressLow_A_02
0.07126848
0.45301
-0.04205259
3120.473
174.8765
1696.914
1.04248
Obj_MineralBury_A_01
0.2669498
-0.9080182
-0.9677929
4118.95
451.7977
1306.233
1.0
Animal_Fish_A
0
0
0
3497.631
244.7718
1942.02
1.0
Obj_Plant_CypressLow_A_02
0.2499908
0.9190212
0.1083882
3116.078
173.7502
1709.973
0.999023
Obj_Mineral_A_01
0
0
0
3979.861
535.7632
1272.416
1.0
Obj_Mineral_A_01
-3.004489
0.2568745
-2.856219
3520.341
372.67
1607.431
1.0
Obj_Mineral_A_01
-2.744765
-0.4788822
2.805269
3022.946
310.4117
1561.336
1.0
Obj_TreeConiferous_A_Snow_02
0
-0.07999999
0
3456.931
275.0287
1327.291
1.0
EnvSeEmitPointInsectTemperate
-2.373291
-1.078125
1.769531
3096.52
184.2266
1640.363
1.0
Obj_Plant_HopBush_A_02
0.1514752
0.280753
-0.429809
3236.352
179.4167
1992.258
1.062012
Obj_TreeConiferousDead_A_Snow_01
0
2.760424
0
3421.245
276.0883
1384.71
1.0
Obj_TreeBroadleaf_A_L
0
1.9
0
3127.663
175.1281
1683.435
1.0
FldObj_CliffWhite_A_S_03
0
2.18
0
3242.429
262.2085
1286.347
1.0
Obj_TreeConiferous_A_Snow_01
0
0.6264946
0
3545.9
303.6304
1330.012
1.0
Obj_TreeBroadleaf_A_L
0
1.14
0
3088.59
172.8893
1686.384
1.0
Obj_Plant_HopBush_A_01
-0.1999228
-0.03255652
-0.01303309
3294.414
266.9585
1247.309
0.859375
FldObj_MountainLanayruStairs_A_01
-3.044537
-1.301456
3.123601
3635.624
313.6451
1553.052
1.0
Item_Mushroom_B
0
0.4324951
0
3480.949
268.3818
1422.094
1.0
FldObj_MountainLanayruStairs_A_01
0.01092619
-0.1610102
0.05753709
3677.694
337.364
1533.714
1.0
FldObj_KorokStone_A_01
0
-3.141593
0
3272.155
344.4906
1438.722
1.0
Obj_Plant_CypressLow_A_01
-0.2756487
-0.7884108
0.319822
3140.692
175.0851
1871.643
1.062152
Obj_TreeConiferous_A_Snow_01
0
3.220722
0
3596.006
298.5059
1504.9
1.0
Animal_Fish_A
0
0
0
3495.681
244.1318
1977.818
1.0
Obj_Plant_HopBush_C_Snow_01
-0.2190537
1.513835
0.06483345
3577.449
317.4534
1371.176
1.036133
Obj_TreeConiferous_A_Snow_01
0
6.25343
0
3517.218
294.1489
1252.779
1.0
Obj_Mineral_C_01
0.2
0
0.5
3832.52
476.0612
1450.324
1.0
Obj_Plant_CypressLow_B_01
0.3491134
-0.7538239
-0.3125531
3317.758
283.4306
1297.07
0.891113
Obj_Mineral_C_01
0.494194
-0.6362858
-0.1244443
3815.478
604.6163
1331.756
1.0
Obj_RockSetSnow_A_05
-3.061593
-0.08159295
-3.141592
3581.909
282.9927
1495.447
1.0
Obj_TreeConiferous_A_Snow_01
0
0
0
3441.374
265.6343
1368.659
1.0
Obj_Plant_HopBush_C_Snow_01
-0.3715571
-0.1650483
0.08495189
3396.173
278.9134
1449.147
1.0
Obj_Mineral_C_01
0.3463799
-0.1884091
-0.06749848
3697.117
373.3466
1471.025
1.0
Obj_MineralGrain_A_04
0
0
0.34
3226.008
293.9542
1501.987
1.0
Item_Mushroom_B
3.141479
1.526977
3.141479
3409.621
279.3312
1431.289
1.0
Obj_TreeConiferousDead_A_Snow_01
0
0.02131111
0
3479.196
274.7286
1335.75
1.0
Obj_TreeConiferous_A_Snow_01
0
0.8817921
0
3477.175
271.2472
1428.237
1.0
Obj_Mineral_C_01
-0.588681
0.1235356
0.1825073
3870.569
611.4869
1264.703
1.0
Obj_TreeConiferous_A_Snow_01
0
0.6264946
0
3529.469
312.7339
1371.266
1.0
Obj_TreeBroadleafLow_Snow_A_02
0
0.42
0
3718.043
423.8757
1356.022
1.0
Obj_Plant_HopBush_C_Snow_01
0
-2.73969
0
3720.916
423.791
1356.426
1.0
FldObj_PlayerChapelPillar_B_01
-2.945533
0.4221554
-3.054998
3923.276
571.2776
1344.484
1.0
Obj_TreeConiferous_A_Snow_01
0
1.036965
0
3435.585
286.2516
1409.993
1.0
Obj_Plant_HopBush_C_Snow_02
0.4473757
1.101961
0.2369457
3478.639
271.3778
1470.241
1.0
Obj_Plant_CypressLow_A_01
-0.1760956
0.4672477
0.0582969
3125.387
171.8377
1861.73
1.055664
Obj_Plant_CypressLow_A_02
0.005278295
0.2897985
0.04682986
3227.594
175.5638
1846.035
0.978027
Obj_MineralGrain_A_04
1.325427
-0.5783911
-0.2748848
3547.521
313.4954
1255.481
1.0
RockSetWhite_A_01
0
0
0
3267.831
263.1043
1192.751
1.0
Item_Mushroom_D
0.887329
-0.6593018
0.5408935
3205.27
319.8633
1458.629
1.0
GrassCutTag
0
0
0
3198.5
173.4164
1918
1.0
Obj_TreeConiferous_A_Snow_01
0
0.8108629
0
3421.525
291.4635
1494.829
1.0
Item_Mushroom_M
3.141479
1.425537
3.141479
3074.434
171.588
1681.164
1.0
FldObj_MountainLanayruStairs_A_01
-3.044758
-1.441863
-3.098179
3628.218
310.1826
1551.837
1.0
Obj_RockSetSnow_A_02
2.881511
0.8233312
-2.809449
3561.407
282.5501
1528.901
1.0
Obj_Mineral_B_01
0
-1.919996
0
3226.019
294.3981
1506.316
1.0
Obj_Plant_CypressLow_A_02
0.06895431
0.438677
0.04441122
3338.563
266.8118
1194.086
1.016602
Obj_TreeWhiteBirch_A_03
0
1.18
0
3245.786
265.4771
1155.7
1.0
EnvSeEmitPointBirdTemperate
0
0.7705078
0
3117.637
306.2109
1516.703
1.0
Obj_TreeConiferous_A_Snow_01
0
0.6264946
0
3598.965
287.9471
1457.105
1.0
FldObj_PlayerChapelPillar_B_01
-2.041118
0.9601399
2.872761
3948.454
569.1169
1354.453
1.0
Obj_Plant_HopBush_A_02
0.05098283
0.4556474
-0.3181112
3266.265
184.4423
1976.02
0.95
EnvSeEmitPointInsectTemperate
3.141479
-0.4875488
3.141479
3201.859
182.2539
1949.82
1.0
Obj_TreeBroadleafLow_A_01
0
-1.52
0
3255.58
263.6545
1175.596
1.0
Obj_TreeWhiteBirch_A_03
0
0
0
3231.617
264.5456
1201.227
1.0
Obj_Mineral_A_01
1.537513
1.359274
1.531729
3070.953
360.6971
1033.41
1.0
Obj_Plant_HopBush_A_01
0.1421855
-0.2404832
-0.02994157
3119.707
173.7414
1709.391
0.99707
FldObj_KorokStone_A_01
0
-1.570796
0
3273.124
346.4906
1438.745
1.0
Item_Mushroom_B
3.141479
1.032837
3.141479
3524.938
269.5335
1470.824
1.0
EnvSeEmitPointBirdTemperate
3.141479
-0.7724609
3.141479
3238.445
271.4922
1161.398
1.0
Obj_TreeConiferous_A_Snow_01
0
0.6264946
0
3559.536
314.9837
1386.422
1.0
Item_Mushroom_B
0
0.08654786
0
3954
493.6049
1440.48
1.0
Obj_TreeConiferousDead_A_Snow_01
0
1.865316
0
3426.818
266.9852
1341.877
1.0
FldObj_MountainLanayruStairs_A_01
0.1601259
-0.03948882
-0.006376042
3679.072
374.1473
1439.476
1.0
Obj_Plant_CypressLow_A_02
-0.6964205
1.208431
-0.943158
3142.324
340.6032
1337.469
1.013672
Obj_TreeBroadleaf_A_L
0
1.8
0
3073.178
175.7465
1660.607
1.0
Obj_RockSetSnow_A_04
1.115353
-1.493632
-0.9394295
3616.705
304.9804
1542.777
1.0
FldObj_HighwayHylia_A_03
2.11474
-1.174522
-2.071297
3681.567
352.4721
1497.875
1.0
Animal_Insect_H
0
0
0
3365.184
244.3003
1917.438
1.0
Item_Mushroom_D
1.13623
0.3546143
0.3553466
3768.863
407.0898
1747.852
1.0
Obj_TreeBroadleafLow_Snow_A_01
0
0.6
0
3588.802
293.1304
1528.392
1.0
FldObj_MountainLanayruStairs_A_01
-3.091578
-1.221683
-3.131081
3607.614
300.5626
1549.022
1.0
FldObj_MountainLanayruStairs_A_01
-3.121593
-0.681592
3.141593
3754.082
437.4568
1401.303
1.0
Item_Mushroom_E
0
0.4327392
0
3231.609
263.7611
1192.27
1.0
Obj_RockWhite_B_L_01
0
1.08
0
3228.339
167.0304
1725.926
1.0
Obj_MineralGrain_A_04
0.03033386
0.349673
-0.6533356
3182.455
311.7826
1264.893
1.0
Item_Mushroom_B
0
-0.1870117
0
3753.988
432.0075
1381.059
1.0
Obj_MineralBury_A_01
-2.921405
0.5827336
-2.755314
3363.545
298.0267
1775.897
1.0
EnvSeEmitPointInsectTemperate
0
-0.7921142
0
3797.469
285.5977
1988.707
1.0
Item_Mushroom_J
3.141479
1.164062
3.141479
3285.035
264.8008
1203.395
1.0
Obj_Plant_HopBush_A_01
0.1925582
0.9351828
0.1795711
3346.789
267.0584
1193.219
0.903809
Item_Mushroom_M
0
0.6851806
0
3850.559
290.0396
1985.102
1.0
Obj_MineralGrain_A_04
-0.3124327
0.07022413
0.4388694
3114.212
266.3611
1165.867
1.0
Obj_TreeConiferous_A_Snow_01
0
3.018921
0
3353.206
272.0503
1359.699
1.0
Obj_Plant_HopBush_A_02
0.3022201
-1.013104
-0.05112769
3125.188
296.8184
1554.66
0.970703
Obj_Mineral_A_01
-0.442798
-0.04580814
-0.1191204
3447.256
345.5691
1818.994
1.0
Obj_TreeConiferous_A_Snow_01
0
0.6264946
0
3541.14
273.7222
1407.741
1.0
Enemy_Chuchu_Ice_Middle
0
0.7600001
0
3668.456
359.6792
1480.256
1.0
Obj_TreeBroadleaf_A_L
0
6.222235
0
3398.456
235.6185
1970.212
1.0
Obj_TreeConiferous_A_Snow_01
0
2.406673
0
3360.81
278.5059
1409.169
1.0
Obj_TreeBroadleafLow_Snow_A_02
0
0.58
0
3454.948
267.0651
1373.533
1.0
Item_Mushroom_B
3.141479
-1.268188
3.141479
3616.426
305.5936
1513.129
1.0
Obj_Plant_CypressLow_B_01
-0.1074181
-0.002004738
-0.03728569
3960.092
492.7914
1452.054
1.0
FldObj_MountainLanayruStairs_A_01
0
-1.540009
0
3994.338
497.6219
1442.231
1.0
Obj_TreeConiferous_A_Snow_01
0
0.06114453
0
3407.701
269.6903
1300.435
1.0
Obj_RockWhite_B_M_02
-0.08908454
0.004857056
0.1088642
3702.627
283.5106
1997.503
1.0
Item_Mushroom_J
3.141479
1.3927
3.141479
3297.117
266.0127
1242.078
1.0
Obj_Mineral_A_01
0.3799998
-0.8112581
0
3018.052
111.435
1775.44
1.0
TBox_Field_Wood
-1.947362E-05
0.6909912
2.060369E-05
3201.995
172.3652
1757.823
1.0
Obj_TreeBroadleafFallenTree_A_M_01
0
0
0
3118.098
175.285
1692.027
1.0
Obj_TreeConiferous_A_Snow_01
0
-2.52
0
3962.437
463.2476
1492.531
1.0
Obj_Plant_HopBush_C_Snow_02
-0.2812075
-0.7152765
0.06122576
3374.129
267.7965
1389.047
0.937988
Obj_TreeConiferous_A_Snow_02
0
-0.9599999
0
3396.274
267.8308
1366.301
1.0
Item_Mushroom_B
0
0.3406982
0
3528.742
312.3191
1371.828
1.0
Obj_TreeConiferous_A_Snow_01
0
0.9466911
0
3491.062
273.4835
1373.405
1.0
Obj_Plant_HopBush_A_01
0
-0.5515136
0
3225.438
175.4898
1842.91
0.973633
Obj_Plant_HopBush_C_Snow_01
-0.1790511
-0.3134972
-0.2188554
3488.285
268.8558
1438.32
1.004395
Obj_TreeConiferous_A_Snow_01
0
0
0
3376.596
267.0904
1386.343
1.0
Obj_Plant_HopBush_C_Snow_02
0.2822117
-0.7374039
-0.256202
3958.207
496.1656
1431.462
1.0
FldObj_MountainLanayruStairs_A_01
0
-3.02
0
3990.631
541.3552
1295.334
1.0
Item_Mushroom_B
3.141479
-0.06774902
3.141479
3449.965
267.6188
1394.594
1.0
Obj_TreeBroadleaf_A_L
0
-1.84
0
3118.511
298.1617
1516.929
1.0
Obj_TreeConiferous_A_Snow_01
0
-0.08488332
0
3498.328
269.5676
1468.1
1.0
Obj_Plant_HopBush_A_01
-1.134199
1.448324
-0.9276336
3122.094
295.3052
1561.406
1.008789
Animal_Fish_A
0
0
0
3482.436
244.1304
1957.592
1.0
BoxWater
0
0
0
3184.371
289.86
1535.382
1.0
Obj_Plant_CypressLow_A_02
-0.5426874
-1.012393
0.3688989
3218.941
184.8153
1978.594
0.974609
Item_Material_04
-2.483645
0.9224665
-1.685452
3109.961
306.601
1523.687
1.0
Obj_TreeConiferousDead_A_Snow_01
0
-0.4800002
0
3563.55
342.9568
1114.203
1.0
Obj_RockSetSnow_A_02
-2.326198
-0.1111812
2.939007
3436.647
276.0768
1403.684
1.0
Obj_MineralGrain_A_02
0.7815622
-0.3956362
0.4435689
3412.29
338.0383
1742.082
1.0
Obj_TreeBroadleaf_A_L
0
1.14
0
3058.751
178.7951
1654.444
1.0
