UnitConfigName/__text
Rotate/value/0
Rotate/value/1
Rotate/value/2
Translate/value/0
Translate/value/1
Translate/value/2
_Scale
FldObj_CliffAkkare_A_05
0.5345577
1.205189
0.5858601
4105.706
204.7615
-2670.186
1.0
LinkTagAnd
0
0
0
4525.458
107.7661
-2133.762
1.0
FldObj_CliffAkkare_A_05
2.974894
-0.4245319
-2.985742
4138.56
182.4633
-2416.724
1.0
FldObj_CliffAkkare_A_02
-0.1609853
1.261212
0.02291711
4331.378
136.1503
-2501.402
0.993
Npc_TamourHatago001
0
1.744984
0
4248.544
231.4366
-2753.289
1.0
LinkTagAnd
0
-2.32905
0
4276.038
262.3021
-2915.57
1.0
Obj_Plant_IvyBurn_A_01
0.5341263
-0.7801479
-0.7666945
4533.696
106.5918
-2098.607
1.0
LinkTagOr
0.1330106
-0.004485358
0.06731886
4012.353
198.9491
-2734.814
1.0
Obj_Plant_KorokColor_A_01
2.89566
0.7833481
3.01492
4096.731
232.6321
-2834.807
1.0
LinkTagAnd
0
2.261593
0
4509.053
108.9035
-2643.22
1.0
FldObj_CliffAkkare_A_05
3.117536
-0.3808707
-3.076955
4201.413
218.7276
-2554.451
1.0
LinkTagAnd
0
-0.4199961
0
4104.998
235.9027
-2836.904
1.0
Area
0
0.7453306
0
4227.582
233.9407
-2749.128
1.0
LinkTagAnd
0
-2.2
0
4342.087
180.052
-2435.612
2
FldObj_CliffAkkare_A_06_Far
-0.3238214
0.9747525
-0.6599857
4178.476
151.8373
-2031.721
1.069834
LinkTagAnd
0.5727702
1.246863
0.5973569
4097.709
233.2319
-2837.956
1.0
AnchorAction1_Rain
0
0.04533304
0
4230.824
232.2211
-2756.376
1.0
PosAfterDemoSkip
0
2.057719
0
4289.67
237.4191
-2727.219
1.0
LinkTagNAnd
0.5727702
1.246863
0.5973569
4094.586
235.4673
-2834.182
1.0
Npc_TamourHatago003
0
2.165329
0
4235.805
231.4366
-2735.274
1.0
Obj_Plant_IvyBurn_A_01
0.3066362
-1.288561
-0.09851456
4531.412
107.1105
-2098.962
1.0
Npc_HiddenKorokFly
0
-2.2
0
4338.091
170.552
-2438.518
1.0
Npc_TripMaster_03
0
-0.6108652
0
4274.911
235.1604
-2768.3
1.0
FldObj_KorokStoneLift_A_01
3.000551
-0.08021324
3.00157
4535.108
103.2942
-2650.683
1.0
SwitchTimeLag
-1.046686
-1.17631
-0.4401093
4103.741
233.7708
-2828.058
0.5
SwitchTimeLag
-1.570796
0
0
4397.834
229.8073
-2727.072
0.5
Npc_HiddenKorokGround
0
0
0
4008.603
195.2031
-2736.307
1.0
Obj_Plant_KorokColor_A_01
0.3306458
-0.9367156
-0.2196997
4103.198
232.5553
-2832.402
1.05
Obj_Plant_KorokColor_A_01
0
-2.3
0
4101.366
233.4241
-2837.743
1.0
LinkTagOr
0.5241103
-1.17631
-0.4401093
4103.144
232.1381
-2830.29
1.0
LinkTagAnd
0.1330106
-0.004485358
0.06731886
4007.939
197.5923
-2735.984
1.0
LinkTagAnd
0
-2.3
0
4098.701
233.4241
-2834.76
1.0
LinkTagAnd
0
2.683462
0
4526.645
107.7659
-2132.018
1.0
LinkTagAnd
0
-2.2
0
4339.662
176.552
-2437.377
2
DgnObj_DungeonEntrance_A_01_Far
0
-1.083874
0
4295.785
236.4191
-2730.343
1.0
Obj_Plant_IvyBurn_A_01
-2.293627
1.18243
-2.181862
4528.176
106.831
-2098.741
1.0
FldObj_CliffAkkare_A_06_Far
2.855706
-0.4055357
-2.659662
4202.04
256.4005
-2841.36
1.0
Npc_HiddenKorokGround
0
2.921592
0
4396.832
224.3599
-2721.584
1.0
AnchorAction2
0
0.5235988
0
4225
232
-2757.5
1.0
LinkTagOr
0
0
0
4503.292
111.7501
-2640.492
1.0
LinkTagAnd
0
-2.24
0
4297.973
183.2777
-2519.24
0.5
Enemy_Lizalfos_Middle
0
-2.243185
0
4736.468
103.0901
-2233.125
1.0
FldObj_RockAkkare_A_01
0
0
0
4275.959
135.465
-2416.76
1.0
Enemy_Moriblin_Middle
0
0.4399999
0
4648.001
105.6584
-2177.978
1.0
DgnObj_WarpPointSP
0
2.683462
0
4528.665
107.7289
-2135.743
1.0
LinkTagOr
0.1330106
-0.004485358
0.06731886
4012.42
197.9602
-2734.947
1.0
FldObj_CliffAkkare_A_06
2.855706
-0.4055357
-2.659662
4202.04
256.4005
-2841.36
1.0
DgnObj_RemainsLithogragh_A_02
0
2.603461
0
4541.159
106.7424
-2157.871
1.0
Obj_Plant_IvyBurn_A_01
-2.890345
-0.662217
2.81814
4010.83
195.345
-2736.189
1.0
FldObj_CliffAkkareEnd_A_02
2.842033
-0.8499693
-2.794787
4415.019
260.9806
-2814.73
1.0
Enemy_Guardian_A_Sand
0
0
0
4663.688
105.9681
-2829.536
1.0
ActorObserverTag
0
0
0
4508.369
108.0676
-2646.864
1.0
FldObj_RuinGuardian_A_Dynamic
-0.002566978
0.0001730817
-0.001839914
4087.979
179.1124
-2476.938
1.0
DestinationAnchor
0
-0.9817299
0
4526.289
107.7659
-2134.317
1.0
FldObj_CliffAkkare_A_06_Far
2.984086
-0.4676166
-2.961239
4238.722
265.9997
-2857.841
1.0
LinkTagOr
0
2.179999
0
4182.473
218.8049
-2538.356
1.0
FldObj_KorokTarget_A_01
0
-2.2
0
4353.963
175
-2430.21
1.0
LinkTagOr
0
2.179999
0
4178.753
220.8049
-2543.687
1.0
Area
0
0
0
4508.918
106.3176
-2646.914
0.1
FldObj_CliffAkkare_A_06_Far
2.627671
-0.8191663
-2.737467
4478.403
295.2196
-2898.694
1.0
LinkTagAnd
0
0
0
4250.963
231.5077
-2758.816
1.0
LinkTagPulse
0
0
0
4531.945
107.7881
-2098.376
0.25
AnchorAction1
0
0.6101319
0
4245.233
231.001
-2720.383
1.0
FldObj_CliffAkkareEnd_A_02_Far
2.842033
-0.8499693
-2.794787
4415.019
260.9806
-2814.73
1.0
AnchorAction1
0
-2.24
0
4296.732
183.2777
-2517.671
1.0
LinkTagOr
2.914773
-0.09722769
-3.10308
4095.581
230.355
-2822.865
1.0
AnchorAction2
0
0
0
4223.559
231.4303
-2731.587
1.0
LinkTagAnd
0
0
0
4253.222
232.5601
-2757.515
1.0
LinkTagAnd
0
0
0
4508.619
110.0676
-2646.614
1.0
Animal_Dog_C
0
0.82
0
4227.171
231.4366
-2733.194
1.0
Obj_Plant_KorokColor_A_01
2.912969
0.157887
3.121135
4098.096
230.4969
-2823.306
1.05
LinkTagOr
3.022807
-0.8311622
-2.993809
4105.836
232.5719
-2831.153
1.0
FldObj_CliffAkkare_A_05
3.04185
-0.2872623
-2.84975
4149.563
209.823
-2532.616
1.0
LinkTagNAnd
3.022807
-0.8311622
-2.993809
4108.477
235.7371
-2831.052
1.0
Enemy_Chuchu_Junior
0
2.383339
0
4272.753
257.5201
-2906.285
1.0
FldObj_RockAkkare_A_01
2.637248
0.7521901
1.964652
4372.711
170.646
-2624.526
1.0
Obj_Plant_IvyBurn_A_01
2.62495
1.212178
2.882967
4005.972
194.6758
-2735.15
1.0
LinkTagAnd
0
0
0
4553.832
126.83
-2154.826
1.0
LinkTagAnd
0
-3.141593
0
4223.042
235.4806
-2733.594
1.0
Obj_Plant_IvyBurn_A_01
-0.3509596
-0.6213262
0.4401627
4531.229
106.4502
-2101.08
1.0
Area
0
2.583184
0
4522.729
108.5914
-2127.276
30
LinkTagAnd
0
-0.6431854
0
4215.143
231.427
-2722.702
1.0
AnchorWander_Rain
0
2.22
0
4221.835
232.2458
-2741.183
1.0
Npc_HiddenKorokGround
0
0
0
4530.945
106.988
-2098.376
1.0
FldObj_CliffAkkare_A_06
2.780706
1.040034
2.94374
4083.6
225.0113
-2794.777
1.0
AnchorAction2_Rain
0
0
0
4224.942
231.4482
-2736.349
1.0
KorokAnswerResponce
0
0
0
4395.334
227.8073
-2727.072
1.0
FldObj_CliffAkkare_A_06
0.7460974
1.304331
0.8450403
4076.249
230.4566
-2825.193
1.0
TwnObj_StableHostel_A_01_Far
0
0.7453306
0
4227.582
231.4407
-2749.128
1.0
Area
0
0
0
4397.834
225.6072
-2727.072
1.0
LinkTagAnd
0
2.921592
0
4397.319
226.8599
-2721.475
1.0
AnchorAction3
0
-2.414668
0
4231.156
231.9407
-2745.252
1.0
LinkTagAnd
0
0
0
4227.582
231.4407
-2749.128
1.0
ChangeWeatherTag
0
0
0
4162.005
232.7122
-2231.788
10
TreasureSpot_00
0
0
0
4062.558
256.7755
-2979.441
1.0
EventTag
0
2.683461
0
4524.598
106.7659
-2127.496
1.0
FldObj_MacuseIsekiBall_01
-0.02490139
-0.0005280619
-0.04487919
4626.562
135.9426
-1828.301
1.0
Obj_SweepCollision
0
2.683462
0
4524.156
121.7659
-2126.599
1.0
Npc_TamourHatago005
0
0.7615932
0
4232.77
232.2211
-2743.502
1.0
LinkTagAnd
0.06067799
6.632302E-05
-0.002185393
4150.593
127.8035
-2210.781
1.0
LinkTagOr
3.022807
-0.8311622
-2.993809
4105.81
235.3401
-2828.097
1.0
LinkTagAnd
0
-2.2
0
4346.13
178.552
-2432.669
2
ForceSetPosDirAutoSaveAnchor
0
2.057719
0
4289.67
237.4191
-2727.219
1.0
LinkTagOr
3.022807
-0.8311622
-2.993809
4104.351
232.5903
-2832.491
1.0
Npc_HiddenKorokFly
0
-0.9615937
0
4181.042
220.8049
-2540.406
1.0
LinkTagOr
0.05122166
6.901399E-05
-0.002694128
4152.593
127.9074
-2212.781
1.0
LinkTagNAnd
0
0
0
4527.945
109.6381
-2098.376
1.0
LocationTag
0
0
0
4227.582
231.4407
-2749.128
1.0
FldObj_CliffAkkare_A_06
3.073327
-0.9741598
-2.962961
4224.181
222.3604
-2585.771
1.0
Enemy_Lizalfos_Middle
0
-3.139999
0
4433.425
102.7404
-2135.301
1.0
FldObj_CliffAkkare_A_06
-3.001727
0.7919785
-2.96177
4312.896
216.5412
-2616.818
1.0
FldObj_CliffAkkare_A_05_Far
2.720014
-1.516199
-2.664876
4233.906
223.9517
-2624.603
1.0
FldObj_CliffAkkare_A_06_Far
-3.001727
0.7919785
-2.96177
4312.896
216.5412
-2616.818
1.0
AirWallHorse_HiddnKorok
0.1330106
-0.004485358
0.06731886
4008.558
195.8553
-2736.22
3
Obj_LiftRockWhite_Korok_A_01
0
0
0
4397.834
225.0072
-2727.072
1.0
FldObj_CliffAkkare_A_05
0.3849836
0.864556
0.4302366
4082.82
191.9959
-2627.257
1.0
LinkTagNAnd
0
-1.083874
0
4294.72
249.9191
-2728.082
0.6
FldObj_KorokGoal_A_01
0
2.179999
0
4181.042
218.8049
-2540.406
1.0
LinkTagAnd
0
-2.32905
0
4268.777
262.3021
-2922.447
1.0
TwnObj_AncientCandlePoleRoofOff_A_01
0
0
0
4250.963
231.5077
-2758.816
1.0
Enemy_Bokoblin_Bone_Junior
0
-0.5999998
0
4016.5
159.8835
-2355.5
1.0
Area
0
2.683462
0
4524.598
106.7659
-2127.496
40
FldObj_CliffAkkare_A_05
3.087945
0.5223785
-3.128699
4257.536
179.8658
-2444.378
1.0
Area
0
0
0
4508.319
106.3176
-2646.314
0.1
ActorObserverTag
0
0
0
4508.869
108.0676
-2646.864
1.0
FldObj_SignboardWood_A_01
0
-1.16
0
4264.56
127.7433
-2353.536
1.0
ActorObserverTag
0
0
0
4508.869
108.0676
-2646.364
1.0
EventTag
0
-1.607473
0
4291.418
237.4191
-2725.768
0.6
LinkTagOr
2.914773
-0.09722769
-3.10308
4093.751
232.7597
-2820.06
1.0
LinkTagNAnd
0
-2.2
0
4343.264
177.052
-2437.229
2
LinkTagOr
2.914773
-0.09722769
-3.10308
4095.374
230.7971
-2824.804
1.0
LinkTagAnd
0
0
0
4397.834
229.8073
-2727.072
1.0
LinkTagAnd
0
0
0
4162.797
129.3984
-2233.822
1.0
FldObj_CliffAkkare_A_05_Far
2.579749
-1.389341
-2.535693
4239.227
226.7486
-2675.056
1.0
FldObj_CliffAkkare_A_05_Far
1.518083
-1.33107
-1.533843
4355.571
225.9466
-2652.843
1.0
FldObj_CliffAkkare_A_06_Far
2.941237
0.4481433
3.092498
4069.232
253.1916
-2913.668
1.0
LinkTagAnd
0
0
0
4294.48
234.7464
-2730.945
1.0
FldObj_CliffAkkare_A_06_Far
-3.034093
-0.4209523
-3.105708
4340.505
216.8614
-2617.981
1.0
LinkTagOr
0.5241103
-1.17631
-0.4401093
4101.271
231.9136
-2829.624
1.0
LinkTagOr
0
-2.3
0
4100.034
233.4241
-2836.251
1.0
FldObj_CliffAkkare_A_06_Far
2.765218
1.384149
2.954775
4038.817
254.4448
-2938.485
1.0
FldObj_KorokStartingBlock_A_01
0
2.179999
0
4068.997
180.0415
-2462.256
1.0
Obj_Plant_IvyBurn_A_01
1.586601
-1.109832
-1.826877
4011.673
194.4451
-2735.362
1.0
Obj_Plant_KorokColor_A_01
0.5241103
-1.17631
-0.4401093
4101.9
232.5025
-2832.464
0.9200001
AnchorAction2
0
0.06318507
0
4232.846
231.4366
-2735.739
1.0
LinkTagOr
0
0
0
4527.945
110.7881
-2098.376
1.0
Enemy_Bokoblin_Bone_Junior
0
-0.5999998
0
4012.5
123.5907
-2163.5
1.0
LinkTagAnd
0
0
0
4531.103
126.8292
-2167.145
1.0
KorokAnswerResponce
0
0
0
4504.292
105.7501
-2640.492
1.0
LinkTagOr
0
2.179999
0
4071.457
182.1822
-2463.973
1.0
FldObj_SignboardWood_A_01
0
-1.459999
0
4255.704
231.0328
-2717.333
1.0
Enemy_Bokoblin_Middle
0
0
0
4488.228
105.942
-2284.093
1.0
ActorObserverTag
0
0
0
4397.834
227.2072
-2727.072
1.0
Enemy_Bokoblin_Guard_Junior
0
-0.5999998
0
4498.228
105.9445
-2290.093
1.0
LinkTagNOr
0
-0.6431854
0
4216.866
231.429
-2724.912
1.0
LinkTagNAnd
0
-2.2
0
4340.91
177.052
-2433.995
2
Area
0
0
0
4530.945
107.8382
-2098.376
3
ForceSetPosDirAutoSaveAnchor
0
-0.4581309
0
4527.724
107.7659
-2133.61
1.0
LookTag
0
-1.083874
0
4286.505
236.4191
-2725.43
1.0
AnchorAction1
0
1.465329
0
4246.437
231.4366
-2749.331
1.0
LinkTagNone
0
0
0
4012.5
123.5907
-2163.5
1.0
SwitchTimeLag
1.570796
-0.9415929
3.141593
4337.503
176.552
-2437.709
0.5
ActorObserverTag
0
0.7453306
0
4239.112
236.4407
-2736.636
1.0
FldObj_CliffAkkare_A_06
2.627671
-0.8191663
-2.737467
4478.403
295.2196
-2898.694
1.0
AnchorAction1_Rain
0
0.5235988
0
4225
232
-2757.5
1.0
LinkTagAnd
0
0
0
4397.834
228.8073
-2727.072
1.0
LinkTagAnd
0
0
0
4531.103
126.8292
-2167.145
1.0
LinkTagOr
0
0
0
4526.945
109.6381
-2098.376
1.0
FldObj_CliffAkkare_A_06
2.941237
0.4481433
3.092498
4069.232
253.1916
-2913.668
1.0
FldObj_CliffAkkare_A_05
1.518083
-1.33107
-1.533843
4355.571
225.9466
-2652.843
1.0
LinkTagAnd
0
-2.2
0
4347.455
175.552
-2437.889
2
Enemy_Moriblin_Middle
0
-2.2
0
4465.364
105.6201
-2038.245
1.0
LinkTagAnd
0.6627162
0.3686602
-0.7763532
4010.544
196.1289
-2736.192
1.0
LinkTagNone
0
0
0
4756.506
105.6502
-2253.064
1.0
DgnObj_DungeonEntranceSP_Far
0
2.683462
0
4524.598
106.7659
-2127.496
1.0
LinkTagAnd
0
0.7453306
0
4239.112
241.4407
-2736.636
1.0
Npc_TamourHatago002
0
0.8453289
0
4245.962
231.451
-2747.835
1.0
DestinationAnchor
0
1.534119
0
4290.419
237.4191
-2725.805
1.0
Obj_Plant_IvyBurn_A_01
0.6620141
-0.6867964
-0.7848494
4011.373
195.0269
-2736.576
1.0
LinkTagOr
0.5727702
1.246863
0.5973569
4097.183
232.8738
-2836.06
1.0
PosAfterDemoSkip
0
-0.4581309
0
4527.724
107.7659
-2133.61
1.0
LinkTagAnd
0.03160455
0.0007135649
-0.0451444
4152
130.5
-2219.5
1.0
LinkTagOr
0
-0.4199961
0
4105.911
235.9027
-2836.497
1.0
FldObj_CliffAkkare_A_06
2.634425
-0.7536364
-2.693395
4387.552
256.4802
-2784.802
1.0
Enemy_Lizalfos_Middle
0
0.07999978
0
4760.933
103.8362
-2142.096
1.0
FldObj_CliffAkkare_A_06
0.282957
0.02498335
-0.271896
4134.871
166.5834
-2002.301
1.069834
LinkTagOr
0
2.261593
0
4508.416
108.9035
-2643.991
1.0
Obj_Plant_KorokColor_A_01
0.5727702
1.246863
0.5973569
4096.74
232.4084
-2833.528
0.96
Area
0
-2.2
0
4335.662
169.926
-2440.652
2.561675
Item_CookSet
0
0.4000001
0
4248.032
231.4366
-2749.168
1.0
AnchorAction1_Rain
0
0
0
4224.536
231.445
-2736.349
1.0
AirWallHorse_HiddnKorok
0
0
0
4530.945
107.6474
-2098.376
3
LinkTagNAnd
0
0
0
4252.129
232.493
-2757.248
1.0
TreasureSpot_00
0
0
0
4087.969
180.322
-2476.947
1.0
LookTag
0
2.683462
0
4529.021
106.7659
-2136.465
1.0
LinkTagOr
0
-2.2
0
4337.797
173.052
-2438.113
1.0
LinkTagAnd
0
0
0
4097.551
231.601
-2822.79
1.0
Obj_Plant_IvyBurn_A_01
-0.03146654
0.02216654
-0.2712294
4009.288
195.1911
-2738.96
1.0
LinkTagAnd
0
0
0
4522.729
108.5914
-2127.276
1.0
Obj_Plant_IvyBurn_A_01
0.3192241
0.4293804
0.2288107
4529.243
107.3096
-2098.748
1.0
NPC_artist_008
0
1.241593
0
4223.193
231.434
-2733.427
1.0
Area
0.5241103
-1.17631
-0.4401093
4102.39
233.6417
-2831.905
2
LinkTagOr
0
2.179999
0
4071.457
181.1822
-2463.973
1.0
Npc_Assassin_008
0
-2.24
0
4296.732
183.2777
-2517.671
1.0
FldObj_CliffAkkare_A_05_Far
0.3849836
0.864556
0.4302366
4082.82
191.9959
-2627.257
1.0
LinkTagOr
0
-2.3
0
4098.542
233.4241
-2837.584
1.0
LinkTagAnd
0.5241103
-1.17631
-0.4401093
4103.839
231.8106
-2828.443
1.0
FldObj_CliffAkkare_A_06_Far
3.00217
-1.416697
-2.88032
4152.282
186.239
-2455.58
1.0
DgnObj_EntranceTerminalSP
0
2.159863
0
4525.458
107.7661
-2133.762
1.0
Obj_Plant_KorokColor_A_01
0.2353508
-0.6008965
-0.08467016
4102.09
232.3302
-2831.537
1.0
LinkTagOr
0
0
0
4503.292
109.8126
-2640.492
1.0
LinkTagAnd
0
0
0
4253.32
237.1932
-2750.93
1.0
LinkTagAnd
0
-1.083874
0
4293.316
249.9191
-2730.733
0.6
LinkTagOr
0.5727702
1.246863
0.5973569
4095.639
236.1834
-2837.974
1.0
Obj_LiftRockWhite_A_01
0.1330106
-0.004485358
0.06731886
4008.616
195.0054
-2736.333
1.0
Enemy_Moriblin_Middle
0
1.56
0
4544.954
105.7075
-2029.897
1.0
HorsePlacmentAnchor
0
1.268929
0
4240.814
231.4366
-2739.249
1.0
LinkTagAnd
0
-0.9615937
0
4180.756
223.3049
-2540.816
1.0
Enemy_Guardian_A_Sand
0
0
0
4698.072
106.9582
-2996.483
1.0
Obj_Plant_KorokColor_A_01
2.522961
1.268762
2.593312
4097.384
232.5516
-2834.167
0.9299999
Obj_Plant_IvyBurn_A_01
0.742544
-1.251807
-0.4478992
4009.057
195.4332
-2736.869
1.0
Obj_TreeMaple_A_02
0
-2.570778
0
4269.161
257.3021
-2908.31
1.117206
Enemy_Giant_Bone
0
1.235343
0
4146.692
130.3514
-2225.243
1.0
Area
0.5727702
1.246863
0.5973569
4096.6
233.6964
-2833.957
2
FldObj_CliffAkkare_A_05_Far
3.087945
0.5223785
-3.128699
4257.536
179.8658
-2444.378
1.0
FldObj_CliffAkkare_A_05
2.539056
-1.170272
-2.548044
4167.36
194.6595
-2499.149
1.0
DgnObj_EntranceShutterSP
0
2.683462
0
4526.279
107.7661
-2130.904
1.0
FldObj_CliffAkkare_A_12_Far
2.505284
-1.09353
-2.518451
4371.644
293.5664
-2964.255
1.0
FldObj_CliffAkkare_A_06
2.984086
-0.4676166
-2.961239
4238.722
265.9997
-2857.841
1.0
TwnObj_StableHostel_A_01
0
0.7453306
0
4227.582
231.4407
-2749.128
1.0
LinkTagOr
0.04934049
0.0006910554
-0.02800418
4149.593
128.3739
-2219.781
1.0
LinkTagAnd
0
-1.083874
0
4289.781
237.4191
-2728.861
0.3
LinkTagAnd
0.06319164
0.0005004146
-0.0158324
4150.5
129.5
-2214.5
1.0
FldObj_RockAkkare_A_01
0
0.1599998
0
4338.741
248.7815
-2987.888
1.0
FldObj_SignboardStone_Macuse
0
0.28
0
4625.085
135.7442
-1833.147
1.0
Obj_Plant_IvyBurn_A_01
-0.1583948
-0.01787413
-0.3391198
4531.616
106.5781
-2101.001
1.0
LinkTagAnd
0
-0.6431854
0
4213.655
231.4241
-2724.295
1.0
FldObj_CliffAkkare_A_02
0.7959999
1.431555
1.040254
4368.563
191.587
-2754.878
1.0
DgnObj_EntranceElevatorSP
0
2.683462
0
4524.598
107.7661
-2127.496
1.0
LinkTagOr
0.1330106
-0.004485358
0.06731886
4005.354
198.7592
-2735.817
1.0
FldObj_CliffAkkare_A_06
2.765218
1.384149
2.954775
4038.817
254.4448
-2938.485
1.0
LinkTagAnd
0
0
0
4335.662
169.926
-2440.652
1.0
FldObj_CliffAkkare_A_02_Far
-0.1609853
1.261212
0.02291711
4331.378
136.1503
-2501.402
0.993
FldObj_CliffAkkare_A_12_Far
2.40288
1.201904
2.359852
4197.387
274.9756
-2962.503
1.0
FldObj_KorokPinwheel_A_01
0.486448
-0.1720319
0.6689011
4335.064
169.5939
-2437.887
1.0
DgnObj_WarpPoint_A_01
0
-1.083874
0
4287.659
237.3821
-2726.041
1.0
Area
0
-2.32905
0
4269.161
257.3021
-2908.31
15
Obj_Plant_IvyBurn_A_01
0.458288
0.3912072
0.3519834
4006.881
195.4559
-2736.641
1.0
FldObj_CliffAkkare_A_06
3.119903
0.1817885
-3.022034
4285.536
182.346
-2446.182
1.0
TBox_Field_Iron_NoReaction
0
2.68
0
4199.772
230.5995
-2747.944
1.0
FldObj_CliffAkkare_A_05
2.579749
-1.389341
-2.535693
4239.227
226.7486
-2675.056
1.0
ActorObserverTag
0
0
0
4396.834
227.2072
-2727.072
1.0
LinkTagAnd
0
0
0
4337.503
176.552
-2437.709
1.0
LocationTag
0
0
0
4294.48
234.7464
-2730.945
1.0
Area
3.022807
-0.8311622
-2.993809
4107.098
233.9644
-2832.534
2
FldObj_CliffAkkare_A_05
2.720014
-1.516199
-2.664876
4233.906
223.9517
-2624.603
1.0
Obj_Plant_KorokColor_A_01
3.009753
-0.917747
-2.97681
4107.08
232.793
-2832.979
0.95
LinkTagPulse
0.1330106
-0.004485358
0.06731886
4009.547
196.0616
-2736.197
0.25
AnchorAction1
0
0.7453306
0
4234.5
231.9407
-2741.633
1.0
LinkTagNAnd
0
-2.2
0
4342.087
178.552
-2435.612
2
FldObj_CliffAkkare_A_06
-3.034093
-0.4209523
-3.105708
4340.505
216.8614
-2617.981
1.0
FldObj_CliffAkkare_A_05_Far
3.04185
-0.2872623
-2.84975
4149.563
209.823
-2532.616
1.0
Area
0
0
0
4541.157
106.7988
-2157.863
0.7
LinkTagOr
0
0
0
4534.945
110.6381
-2097.376
1.0
LinkTagAnd
0
-0.6431854
0
4218.705
231.4305
-2727.041
1.0
FldObj_KorokTarget_A_01
0
-2.2
0
4357.35
175
-2434.577
1.0
FldObj_CliffAkkare_A_05
3.063344
-0.4401238
-3.111205
4331.187
270.5304
-2868.202
1.0
FldObj_CliffAkkare_A_05_Far
2.974894
-0.4245319
-2.985742
4138.56
182.4633
-2416.724
1.0
LinkTagOr
0
-2.2
0
4339.662
180.552
-2437.377
2
LinkTagAnd
0
0
0
4068.997
181.4915
-2462.256
1.0
LinkTagAnd
0.5676367
0.270813
-0.873912
4532.945
107.7881
-2098.376
1.0
LinkTagNAnd
2.914773
-0.09722769
-3.10308
4097.729
232.913
-2820.448
1.0
LinkTagAnd
0
0
0
4227.582
231.4407
-2749.128
1.0
AnchorSleep
0
-0.9784068
0
4226.446
232.2211
-2748.224
1.0
DgnObj_DungeonEntranceSP
0
2.683462
0
4524.598
106.7659
-2127.496
1.0
Obj_Plant_KorokColor_A_01
2.823835
-0.7722223
-2.899901
4097.031
230.5009
-2823.398
0.95
FldObj_Giant_Bone
0.09999999
0
-0.16
4177
121.207
-2227
1.0
ActorObserverTag
0
0
0
4508.369
108.0676
-2646.364
1.0
SwitchTimeLag
-1.570796
0
0
4508.619
110.0676
-2646.614
0.5
Obj_Plant_IvyBurn_A_01
-2.55344
1.285046
-2.359909
4005.849
194.9101
-2736.702
1.0
LinkTagOr
0
0
0
4534.945
109.6381
-2097.376
1.0
Area
0
0
0
4508.918
106.9176
-2646.314
0.1
LinkTagOr
0.1330106
-0.004485358
0.06731886
4004.434
197.5547
-2735.974
1.0
LinkTagAnd
0
0
0
4508.619
109.0676
-2646.614
1.0
LinkTagOr
0
-2.24
0
4294.379
183.2777
-2519.532
0.5
LinkTagOr
0
0
0
4531.445
109.4381
-2098.376
1.0
AnchorAction1
0
0
0
4223.184
231.4303
-2731.587
1.0
KorokAnswerResponce
0
2.179999
0
4185.219
218.8049
-2539.663
1.0
AnchorAction1
0
0.82
0
4226.641
231.4366
-2732.759
1.0
ActorObserverTag
0
0
0
4552.806
129.9139
-2162.589
1.0
LinkTagOr
-1.570796
0
0
4502.292
109.8126
-2640.492
1.0
LinkTagAnd
2.914773
-0.09722769
-3.10308
4093.592
230.2784
-2822.67
1.0
LinkTagOr
0
-0.9615937
0
4181.329
223.3049
-2539.996
1.0
LinkTagOr
0
-0.6431854
0
4220.594
231.4427
-2730.184
1.0
Enemy_Bokoblin_Bone_Junior
0
0
0
4002.5
123.5907
-2157.5
1.0
Obj_LiftRockWhite_A_01
0
0
0
4530.945
106.7881
-2098.376
1.0
Obj_Plant_KorokColor_A_01
2.392036
-1.236072
-2.404325
4097.621
230.3211
-2822.574
1.0
FldObj_CliffAkkare_A_06_Far
3.073327
-0.9741598
-2.962961
4224.181
222.3604
-2585.771
1.0
Obj_Plant_IvyBurn_A_01
-0.1989414
-0.6766848
0.4157538
4008.91
195.049
-2739.057
1.0
Obj_Plant_IvyBurn_A_01
3.011621
1.227139
-3.104217
4528.291
106.7969
-2097.171
1.0
Enemy_Bokoblin_Guard_Junior
0
-1.46
0
4749.438
105.6704
-2262.34
1.0
FldObj_CliffAkkare_A_06
-0.3238214
0.9747525
-0.6599857
4178.476
151.8373
-2031.721
1.069834
Area
2.914773
-0.09722769
-3.10308
4097.551
231.601
-2822.79
2
DgnObj_EntranceTerminal_A_01
0
-1.607473
0
4291.418
237.4193
-2725.768
1.0
Npc_TamourHatago004
0
2.64533
0
4243.71
231.4378
-2746.649
1.0
FldObj_CliffAkkare_A_05_Far
0.5345577
1.205189
0.5858601
4105.706
204.7615
-2670.186
1.0
Area
0
2.179999
0
4181.042
220.7549
-2540.406
1.7
LinkTagAnd
0
0
0
4552.806
129.9139
-2162.589
1.0
Obj_RaftWoodSail_A_S_01
0
-3.14
0
4362.481
105.8976
-2364.945
1.0
Area
0
0.7453306
0
4227.582
231.4407
-2749.128
40
LinkTagAnd
0
0
0
4540.339
126.8426
-2160.467
1.0
LinkTagOr
0
0
0
4534.945
109.6381
-2099.376
1.0
Area
0
0
0
4508.319
106.9176
-2646.914
0.1
LinkTagAnd
0
-2.2
0
4340.91
178.552
-2433.995
2
FldObj_KorokStone_A_01
0
0
0
4508.619
106.0676
-2646.614
1.0
FldObj_RockAkkare_A_01
0
-1.06
0
4315.788
248.7815
-2905.851
1.0
EventTag
0
2.159863
0
4525.458
107.7659
-2133.762
1.0
FldObj_CliffAkkare_A_06_Far
0.7460974
1.304331
0.8450403
4076.249
230.4566
-2825.193
1.0
DgnObj_EntranceShutter_A_01
0
-1.083874
0
4292.427
237.4193
-2728.565
1.0
FldObj_CliffAkkare_A_06
3.00217
-1.416697
-2.88032
4152.282
186.239
-2455.58
1.0
LinkTagAnd
0
-2.2
0
4341.57
175.552
-2429.804
2
Obj_LiftRockWhite_A_01
-0.1863524
-0.00505081
-0.05403706
4403.181
229.7935
-2748.734
1.0
Obj_Plant_IvyBurn_A_01
-2.738094
-0.6099591
2.659933
4533.177
106.9941
-2098.268
1.0
AnchorSleep
0
1.34533
0
4219
233.1127
-2751.876
1.0
FldObj_CliffAkkare_A_06_Far
2.634425
-0.7536364
-2.693395
4387.552
256.4802
-2784.802
1.0
FldObj_CliffAkkare_A_12
2.505284
-1.09353
-2.518451
4371.644
293.5664
-2964.255
1.0
LinkTagOr
0
0
0
4397.834
228.2072
-2727.072
1.0
LinkTagAnd
0
2.683462
0
4526.645
107.7659
-2132.018
1.0
FldObj_CliffAkkare_A_06
3.088523
0.1400569
-3.125963
4282.957
269.2584
-2856.662
1.0
LinkTagAnd
0
0
0
4553.565
126.8053
-2158.924
1.0
LinkTagOr
0
2.921592
0
4396.344
226.8599
-2721.693
1.0
LinkTagOr
0.1330106
-0.004485358
0.06731886
4012.411
198.2254
-2736.929
1.0
LinkTagAnd
0
0
0
4522.729
108.5914
-2127.276
1.0
LinkTagAnd
0
-2.2
0
4338.385
173.052
-2438.922
1.0
Obj_RaftWood_A_S_02
0
-3.14
0
4361.981
105.8869
-2364.944
1.0
Area
0
0
0
4162.797
129.3984
-2233.822
70
LinkTagOr
-1.147627
0.2521612
0.3872893
4502.292
107.2501
-2640.492
1.0
LinkTagAnd
3.022807
-0.8311622
-2.993809
4104.503
232.3734
-2829.675
1.0
FldObj_CliffAkkare_A_06_Far
3.088523
0.1400569
-3.125963
4282.957
269.2584
-2856.662
1.0
Obj_Plant_KorokColor_A_01
1.019573
-1.476895
-0.9577541
4107.092
232.723
-2832.097
1.05
FldObj_CliffAkkare_A_02_Far
0.7959999
1.431555
1.040254
4368.563
191.587
-2754.878
1.0
LinkTagAnd
0
-2.24
0
4295.492
183.2777
-2516.103
0.5
AnchorWander_Rain
0
0.5235988
0
4225
232
-2757.5
1.0
Enemy_Bokoblin_Middle
0
-2.06
0
4756.506
105.6502
-2253.064
1.0
LinkTagAnd
0
2.683462
0
4526.419
120.6273
-2128.285
1.0
FldObj_CliffAkkare_A_05_Far
3.063344
-0.4401238
-3.111205
4331.187
270.5304
-2868.202
1.0
FldObj_KorokTarget_A_01
0
-2.2
0
4348.807
175
-2423.571
1.0
FldObj_CliffAkkare_A_06_Far
3.119903
0.1817885
-3.022034
4285.536
182.346
-2446.182
1.0
Npc_HiddenKorokGround
0
2.261593
0
4508.734
106.4035
-2643.605
1.0
Obj_Plant_KorokColor_A_01
1.970461
1.382421
2.025536
4096.026
232.48
-2834.135
0.98
FldObj_RuinGuardian_A_Dynamic
-0.02192626
0.0001628442
0.0148544
4062.563
255.2533
-2979.44
1.0
Npc_HiddenKorokGround
0
-0.4199961
0
4105.454
233.4027
-2836.7
1.0
Area
0
-2.103874
0
4294.48
234.7464
-2730.945
25
LinkTagAnd
0
0
0
4248.032
231.4366
-2749.168
1.0
LinkTagOr
0.5727702
1.246863
0.5973569
4099.11
232.8738
-2835.525
1.0
DgnObj_EntranceElevator_A_01
0
-1.083874
0
4295.785
237.4193
-2730.343
1.0
FldObj_CliffAkkare_A_12
2.40288
1.201904
2.359852
4197.387
274.9756
-2962.503
1.0
LinkTagNAnd
0.1330106
-0.004485358
0.06731886
4005.431
197.622
-2735.969
1.0
Enemy_Lizalfos_Middle
0
1.518407
0
4546.242
103.216
-2280.199
1.0
LinkTagAnd
0
0
0
4227.171
231.4366
-2733.194
1.0
FldObj_CliffAkkare_A_06_Far
2.780706
1.040034
2.94374
4083.6
225.0113
-2794.777
1.0
LinkTagAnd
0
0
0
4530.445
109.4381
-2098.376
1.0
AnchorWander_Rain
0
1.365329
0
4237.631
232.2211
-2747.92
1.0
LinkTagAnd
0
-0.6431854
0
4213.572
231.4218
-2727.656
1.0
LinkTagAnd
0
0
0
4291.418
237.4193
-2725.768
1.0
AnchorAction1
0
0.7849843
0
4248.353
231.4366
-2758.243
1.0
DestinationAnchor
0
-2.317852
0
4236.075
231.9838
-2739.931
1.0
LinkTagAnd
0
0
0
4294.48
234.7464
-2730.945
1.0
FldObj_CliffAkkare_A_05_Far
2.539056
-1.170272
-2.548044
4167.36
194.6595
-2499.149
1.0
Enemy_Bokoblin_Bone_Junior
0
0
0
4006.5
155.7575
-2349.5
1.0
LinkTagAnd
0
-0.6431854
0
4216.992
231.4305
-2729.669
1.0
LinkTagNAnd
0
2.683462
0
4524.268
120.1318
-2129.375
1.0
KorokAnswerResponce
0
-2.2
0
4336.326
174.552
-2436.092
0.5
FldObj_CliffAkkare_A_06_Far
0.282957
0.02498335
-0.271896
4134.871
166.5834
-2002.301
1.069834
Area
0.1330106
-0.004485358
0.06731886
4008.545
196.0439
-2736.194
3
Obj_Plant_KorokColor_A_01
1.586775
-1.377228
-1.536996
4102.486
232.6138
-2832.882
1.02
Area
0
2.179999
0
4068.997
181.4915
-2462.256
0.7
LocationTag
0
0
0
4522.729
108.5914
-2127.276
1.0
LinkTagAnd
0
0
0
4096.6
233.6964
-2833.957
1.0
Area
0
-2.3
0
4101.366
234.6241
-2837.743
2
Obj_Plant_KorokColor_A_01
0.1965599
-0.1743135
0.01556184
4102.879
232.3734
-2831.556
0.95
LinkTagAnd
0
-1.083874
0
4289.781
237.4191
-2728.861
0.3
LinkTagAnd
0
0
0
4102.39
233.6417
-2831.905
1.0
LinkTagOr
0.1330106
-0.004485358
0.06731886
4008.937
197.6597
-2735.98
1.0
Obj_Plant_IvyBurn_A_01
1.702081
-1.235354
-2.001166
4533.962
106.1572
-2097.325
1.0
ActorObserverTag
0
0
0
4398.834
227.2072
-2727.072
1.0
FldObj_CliffAkkare_A_05_Far
3.117536
-0.3808707
-3.076955
4201.413
218.7276
-2554.451
1.0
LinkTagAnd
0
-2.2
0
4343.264
178.552
-2437.229
2
LinkTagNone
0
0
0
4016.5
159.8835
-2355.5
1.0
DgnObj_DungeonEntrance_A_01
0
-1.083874
0
4295.785
236.4191
-2730.343
1.0
