UnitConfigName/__text
Rotate/value/0
Rotate/value/1
Rotate/value/2
Translate/value/0
Translate/value/1
Translate/value/2
_Scale
Area
-2.865045
0.2905598
-2.360877
4666.316
277.5949
-1331.024
2
SwitchTimeLag
-1.570796
0
0
4108.237
283.278
-1348.689
0.5
LinkTagAnd
0
0
0
4553.624
163.8902
-1725.529
1.0
Obj_LiftRockWhite_A_01
0
0
0
4147.175
234.3659
-1760.87
1.0
FldObj_CliffDeathMt_D_10
-0.7195705
0.9362323
-0.7212666
4539.129
150.0966
-1652.743
1.073683
LinkTagAnd
0
2.203187
0
4686.297
288.6213
-1342.14
1.0
LinkTagAnd
-2.913613
-0.3245272
2.984189
4090.368
276.425
-1338.71
1.0
LinkTagOr
0
0
0
4106.237
281.278
-1348.689
1.0
AnchorAction5
0
2.96235
0
4152.869
194.6275
-1597.239
1.0
Obj_Plant_KorokColor_A_01
-2.913613
-0.3245272
2.984189
4094.112
275.8307
-1339.986
1.0
Obj_Plant_KorokColor_A_01
0.09999996
0.2617994
0
4104.305
281.1127
-1349.386
1.05
TwnObj_FairySpring_C_01_Far
0
-0.682003
0
4110.766
271.6879
-1377.551
1.0
LinkTagAnd
0
0
0
4152.869
194.6275
-1597.239
1.0
ActorObserverTag
0
0
0
4029.411
333.0155
-1254.079
1.5
LinkTagNOr
-0.1875288
1.319819
-0.007782921
4752.798
106.7958
-2001.405
1.0
BoxWater
0
-0.682003
0
4111.773
274.1276
-1376.269
6.4
LinkTagAnd
0
0
0
4502.388
202.5528
-1655.079
1.0
LocationTag
0
0
0
4700.403
247.7081
-1301.189
1.0
ActorObserverTag
0
0
0
4037.411
333.3694
-1254.079
1.5
FldObj_RockAkkare_A_01
-0.06208146
-0.2595214
0.01595036
4706.912
113.0404
-1776.579
1.0
Npc_HiddenKorokGround
0
0
0
4634.409
139.7075
-1840.946
1.0
LinkTagAnd
0
2.617649
0
4100.968
276.1558
-1346.879
1.0
Obj_Plant_Korok_A_01
-0.4141993
-0.2858458
-0.1197469
4502.122
201.4785
-1654.616
1.0
Obj_Plant_Korok_A_01
-0.01287523
-0.6393524
-0.1823229
4601.989
136.3198
-1791.67
1.0
FireWood
0
3.023185
0
4692.242
259.9108
-1410.58
1.0
ActorObserverTag
0
-2.68
0
4686.837
137.2028
-1784.257
1.0
PosAfterDemoSkip
0
2.455781
0
4704.771
242.4984
-1305.035
1.0
ActorObserverTag
0
-2.68
0
4687.06
137.2028
-1783.809
1.0
Obj_TreeApple_A_M_01
0
0
0
4220.411
267.3954
-1530.705
1.0
Obj_Plant_Korok_A_01
0.06234303
-0.6406613
-0.03729501
4617.248
135.8312
-1812.527
1.0
LinkTagAnd
-2.757616
0.4241233
3.127316
4528.034
181.9557
-1698.708
1.0
LinkTagNAnd
-2.757616
0.4241233
3.127316
4529.856
181.9297
-1697.885
1.0
LinkTagOr
0
0
0
4700.611
138.6633
-1773.742
1.0
Obj_TreeConiferous_A_03
0
2.598413
0
4066.083
293.7342
-1285.55
1.0
LinkTagAnd
0
0
0
4700.403
247.7081
-1301.189
1.0
LinkTagAnd
0
0
0
4030.1
338.8561
-1259.45
1.0
FldObj_CliffZora_A_05_Far
-0.12
0
-0.18
4250.545
373.8992
-1013.245
1.0
SwitchTimeLag
2.014376
0.883315
-3.012601
4387.73
267.4457
-1549.985
0.5
FldObj_CliffAkkare_A_06
-0.2665049
0.6586044
-0.07589533
4128.799
273.5242
-1492.51
1.0
LinkTagAnd
-0.1351846
0.006633944
0.05373335
4104.552
274.4872
-1346.733
1.0
FldObj_CliffZoraWall_A_01_Far
0
0.9799998
0
4714.576
258.7644
-1297.957
1.0
Obj_TreeApple_A_M_01
0
0
0
4038.101
329.21
-1259.45
1.0
FldObj_CliffZoraWall_A_05
3.121593
-0.701593
3.141593
4694.874
253.6932
-1433.879
1.0
Npc_HiddenKorokFly
0
-0.2415839
0
4356.779
284.9696
-1528.1
1.0
FldObj_SignboardWood_Mamono
0
-0.820004
0
4155.511
194.6214
-1594.235
1.0
LinkTagAnd
0
0
0
4104.058
284.5802
-1350.665
1.0
SignaledSpotBgmTag
0
0
0
4154.603
199
-1599.705
40
Obj_Plant_KorokColor_A_01
-0.2685706
1.038064
-0.178147
4101.207
274.2938
-1346.81
1.0
FldObj_CliffDeathMt_D_10
-2.916084
-0.7604127
2.857204
4085.116
190.4381
-1498.856
1.073683
FldObj_CliffAkkare_A_05
-2.905004
1.130804
-2.926817
4176.141
231.2674
-1672.987
1.0
FldObj_CliffAkkare_A_06_Far
-2.215956
-1.347119
2.224313
4255.439
225.9449
-1749.397
1.0
Obj_LiftRockWhite_A_01
0
2.98
0
4753.708
106.2725
-2018.926
1.0
LinkTagAnd
0
0
0
4105
263.9659
-1370
1.0
FldObj_CliffAkkare_A_05
-1.637154
-1.427802
1.775107
4266.095
343.5313
-1222.791
1.0
LinkTagNAnd
-0.1351846
0.006633944
0.05373335
4100.397
276.9707
-1349.092
1.0
Enemy_Moriblin_Middle
0
1.2
0
4742.256
106.297
-2009.886
1.0
FldObj_CliffZoraWall_A_05_Far
3.121593
-0.701593
3.141593
4694.874
253.6932
-1433.879
1.0
SwitchTimeLag
1.847344
0.2905598
-2.360877
4665.974
278.9242
-1333.338
0.5
FldObj_CliffAkkare_A_06
-0.4484985
-1.173459
0.4809826
4237.276
313.1907
-1395.15
1.0
FldObj_SignboardWood_A_01
0
0.8199999
0
4239.64
251.7208
-1603.733
1.0
Area
-0.03700213
0.03910672
-0.04830515
4698.947
346.3598
-1003.058
3
LinkTagNAnd
-0.2060705
0.6232016
-0.2006114
4093.145
277.5012
-1348.074
1.0
LinkTagNOr
-3.056695
-1.315169
2.840472
4744.582
106.7015
-2010.238
1.0
Npc_HiddenKorokGround
0
0.8200002
0
4702.884
297.2508
-1039.331
1.0
FldObj_CliffZoraWall_A_01_Far
0
1.681592
0
4724.35
255.481
-1403.803
1.0
LinkTagOr
-0.2060705
0.6232016
-0.2006114
4095.704
274.4019
-1347.153
1.0
DgnObj_EntranceShutter_A_01
0
-0.6858123
0
4706.791
242.4986
-1307.344
1.0
LinkTagOr
-1.570796
0
0
4699.611
138.6633
-1773.742
1.0
ShelterFromRainTag
-0.4748745
-1.129727
0.4882376
4271.661
258.3062
-1593.633
1.0
LinkTagOr
0
-2.561592
0
4691.292
139.2105
-1777.056
1.0
LinkTagAnd
0
0
0
4700.403
247.7081
-1301.189
1.0
LinkTagOr
0
0
0
4477.136
244.5368
-1606.819
1.0
FldObj_CliffAkkare_A_06_Far
-0.4842354
-1.330734
0.5182462
4283.041
258.658
-1618.511
1.0
ActorObserverTag
0
-2.68
0
4687.507
137.2028
-1784.032
1.0
LinkTagAnd
0
0
0
4101.258
304.4719
-1388.212
1.0
FldObj_CliffZora_A_04_Far
2.801592
-0.0615944
-3.141592
4230.666
359.0139
-1022.179
1.0
FldObj_SignboardWood_A_01
0
0.9799998
0
4159.852
184.0641
-1916.391
1.0
FireWood
0
-0.4031852
0
4749.165
106.2824
-2006.59
1.0
SwitchTimeLag
1.993877
0.6455485
-2.948225
4579.407
148.2026
-1759.202
0.5
SwitchTimeLag
2.328597
0.9816101
-2.561814
4495.918
225.1243
-1611.865
0.5
FldObj_CliffDeathMt_D_15
-0.7796557
-0.4129522
0.7500399
4129.615
275.2373
-1425.427
1.0
Obj_TreeConiferous_A_03
0
2.054102
0
4048.125
293.0124
-1284.638
1.0
LinkTagAnd
0
0
0
4702.895
247.7081
-1303.955
1.0
ActorObserverTag
0
0
0
4034.263
331.1015
-1254.079
1.5
SwitchTimeLag
1.570796
0.1584062
3.141593
4661.937
271.5843
-1315.456
0.5
Obj_TreeConiferous_A_03
0
0
0
4125.241
273.2427
-1480.174
1.0
Item_Fruit_A
0
0
0
4235.832
277.7437
-1517.383
1.0
FldObj_CliffAkkare_A_06_Far
-0.2665049
0.6586044
-0.07589533
4128.799
273.5242
-1492.51
1.0
LinkTagOr
0
0
0
4037.501
329.21
-1255.978
1.0
Obj_Plant_Korok_A_01
-0.6200443
-1.030237
0.3226806
4433.261
244.7734
-1577.732
1.0
TwnObj_FairySpringClose_A_01
0
-0.682003
0
4110.766
271.6879
-1377.551
1.0
DestinationAnchor
0
2.459518
0
4105.415
274.138
-1370.956
1.0
Obj_TreeConiferous_A_03
0
0
0
4097.404
275.1089
-1342.603
1.0
Area
0
2.983186
0
4661.621
269.7843
-1313.481
2
TwnObj_MamonoShop_A_01
0
-0.2000001
0
4153.425
194.6275
-1599.983
1.0
Area
3.041546
0.9896078
3.141468
4704.666
293.6427
-1352.805
2
FldObj_RockAkkare_A_01
-1.181452
-0.205826
-0.3056116
3937.627
270.3615
-1320.981
1.078815
LinkTagAnd
0
-2.66
0
4667.376
270.1807
-1293.306
1.0
Area
-2.506923
0.7184185
-2.964063
4553.624
163.8902
-1725.529
2
LinkTagOr
-2.506923
0.7184185
-2.964063
4554.059
165.441
-1726.333
1.0
Obj_Plant_Korok_A_01
0.0113093
-0.3823345
0.1411513
4635.918
136.0468
-1836.444
1.0
Enemy_Moriblin_Middle
0
-1.623185
0
4756.591
106.1264
-2006.424
1.0
FldObj_CliffDeathMt_D_14
-0.412802
0.9852663
-0.4838428
4481.395
195.471
-1566.856
1.0
LinkTagAnd
0.5119259
0.2671595
-0.9363024
4700.942
346.2632
-1003.136
1.0
Area
0
0
0
4101.417
233.1673
-1756.683
1.0
BoxWater
0
-0.682003
0
4109.353
274.1276
-1378.234
6.4
Npc_HiddenKorokGround
0
0
0
4038.21
329.6245
-1254.872
1.0
DgnObj_DungeonEntrance_A_01_Far
0
-0.6858123
0
4709.197
241.4984
-1310.285
1.0
LinkTagOr
0
1.761592
0
4098.222
235.3195
-1756.955
1.0
LinkTagAnd
2.869735
0.7113557
3.042426
4752.892
106.0438
-2006.39
1.0
LinkTagOr
0
2.900009
0
4359.207
282.9696
-1527.502
1.0
Obj_Plant_KorokColor_A_01
-2.508865
-1.215101
2.538709
4101.288
275.2898
-1341.076
1.05
Area
0
0
0
4030.85
332.1514
-1260.3
0.3
FldObj_CliffZoraWall_A_01
0
0.9400002
0
4693.949
259.3326
-1238.024
1.0
LinkTagOr
0
2.900009
0
4352.896
284.9696
-1529.057
1.0
LinkTagOr
-1.708994
-1.361354
1.711377
4101.413
275.8158
-1338.576
1.0
ActorObserverTag
0
0
0
4100.417
234.7673
-1756.683
1.0
Item_Fruit_A
0
0
0
4037.304
333.6662
-1257.6
1.0
LinkTagOr
-1.147627
0.2521612
0.3872893
4699.611
136.1008
-1773.742
1.0
Area
0
0
0
4100.92
272.3051
-1366.278
25
Obj_Plant_Korok_A_01
-0.6346699
-0.7184184
0.1775299
4553.333
162.8564
-1724.994
1.0
Item_RoastFish_01
-1.877186
0.7113557
3.042426
4750.48
106.9672
-2008.096
1.2
GreatFairyBeforeRevival
0
0
0
4112.655
277.5117
-1372.764
1.0
Obj_TreeConiferous_A_03
0
3.896719
0
4040.479
290.278
-1297.438
1.0
Area
-2.521548
1.030237
-2.818912
4433.519
245.8892
-1578.09
2
LinkTagOr
-2.521548
1.030237
-2.818912
4433.905
247.5629
-1578.629
1.0
FldObj_CliffDeathMt_D_10_Far
-2.764584
-0.8975304
2.39773
4429.143
180.3612
-1639.735
1.073683
EventTag
0
-1.209411
0
4706.945
242.4984
-1304.375
0.6
LinkTagNAnd
0
0
0
4034.263
332.4889
-1254.079
1.0
Obj_SweepCollision
0
0
0
4110.766
271.6879
-1377.551
1.0
Npc_MamonoShop
0
2.868011
0
4152.869
194.6275
-1597.239
1.0
FldObj_KorokGoal_A_01
0
2.900009
0
4356.779
282.9696
-1528.1
1.0
LinkTagOr
-1.708994
-1.361354
1.711377
4099.414
275.8051
-1338.633
1.0
FldObj_CliffDeathMt_D_15
2.117469
0.8519332
2.365221
4080.928
284.5107
-1322.802
1.0
FldObj_CliffZora_A_06
0
0
0
4707.428
264.787
-1353.2
1.0
LinkTagNAnd
0
0
0
4027.669
334.1451
-1254.079
1.0
LinkTagAnd
0
0
0
4433.519
245.8892
-1578.09
1.0
FldObj_KorokStoneLift_A_01
-0.03754986
0.3801456
-0.04019216
4676.943
145.2312
-1776.537
1.0
Obj_TreeConiferous_A_03
0
0
0
4717.898
257.4763
-1417.674
1.0
LinkTagOr
-1.708994
-1.361354
1.711377
4103.356
279.174
-1337.18
1.0
Obj_LiftRockWhite_A_01
0
1.72
0
4758.086
106.037
-1998.534
1.0
DestinationAnchor
0
1.932182
0
4706.01
242.4984
-1304.022
1.0
FldObj_CliffZoraWall_A_01
0
-1.92
0
4669.904
255.6376
-1377.952
1.0
FldObj_CliffAkkare_A_10
-0.8041027
1.437102
-1.024779
4676.923
128.762
-1761.459
1.0
Item_Fruit_A
0
0
0
4029.303
333.3123
-1257.6
1.0
LinkTagAnd
0
1.761592
0
4098.412
235.3195
-1755.973
1.0
Obj_Plant_Korok_A_01
0
-0.1584061
0
4661.621
268.5843
-1313.481
1.0
LinkTagAnd
0
0
0
4578.051
147.1014
-1757.155
1.0
Area
0
-2.68
0
4687.307
135.4528
-1784.546
0.1
Obj_BreakBoxIron
-0.001064445
0.1039093
-0.001419371
4769.113
106.0428
-2000.838
1.0
Enemy_Bokoblin_Middle
0
-2.46
0
4157.631
387.5635
-1006.045
1.0
FldObj_CliffZora_A_04_Far
0
-1.2
0
4685.203
255.2642
-1341.21
1.0
FldObj_CliffAkkare_A_02_Far
-0.5202952
-0.9344198
-0.009809168
4133.896
187.4368
-1740.032
1.0
LinkTagAnd
0
-2.561592
0
4692.128
139.2105
-1777.604
1.0
FldObj_CliffAkkare_A_06
-0.1266123
0.8236888
-0.1977536
4099.782
341.4866
-1247.207
1.0
LinkTagNAnd
0
2.983186
0
4664.069
271.5843
-1316.128
1.0
LinkTagOr
0
0
0
4235.201
271.9437
-1516.628
1.0
FldObj_CliffAkkare_A_05_Far
-0.1796275
0.7756275
-0.1306538
4130.342
337.7963
-1288.815
1.0
FldObj_EnemyBaseRiverside_A_01
0
-0.07999978
0
4401.99
105.9239
-1829.441
1.0
LinkTagOr
0
-2.66
0
4668.766
270.1807
-1290.647
1.0
ActorObserverTag
0
0
0
4031.177
334.3593
-1254.079
1.5
LinkTagOr
-0.2060705
0.6232016
-0.2006114
4096.905
274.5752
-1345.563
1.0
FldObj_CliffAkkare_A_06
-2.215956
-1.347119
2.224313
4255.439
225.9449
-1749.397
1.0
LinkTagOr
-0.2060705
0.6232016
-0.2006114
4096.328
276.8539
-1350.408
1.0
LinkTagNAnd
-2.383792
0.9816101
-2.561814
4497.729
225.489
-1610.605
1.0
KorokAnswerResponce
0
0
0
4046.101
330.4301
-1253.95
0.5
FldObj_CliffZoraWall_A_05_Far
3.081593
1.221593
3.141593
4735.823
262.3737
-1346.781
1.0
LinkTagAnd
0
0
0
4040.101
336.71
-1251.45
1.0
Weapon_Spear_004
1.481161
-1.315169
2.840472
4746.444
105.6971
-2006.595
0.6666666
LinkTagAnd
-2.383792
0.9816101
-2.561814
4496.799
224.8801
-1612.268
1.0
FldObj_CliffAkkare_A_05_Far
-0.8913194
-1.17058
0.8559443
4265.935
245.33
-1666.182
1.0
FldObj_CliffZora_A_05_Far
0
-0.5199999
0
4700.888
259.5331
-1257.935
1.0
LinkTagAnd
-2.718512
0.6455485
-2.948225
4580.024
147.9051
-1759.93
1.0
Obj_LiftRockWhite_A_01
-0.1370021
0.03910673
-0.04830515
4698.899
345.3615
-1003.021
1.0
LinkTagAnd
0
0
0
4101.417
236.4529
-1756.683
1.0
ForceSetPosDirAutoSaveAnchor
0
2.455781
0
4704.771
242.4984
-1305.035
1.0
FldObj_CliffAkkare_A_05
-1.327042
-1.211685
1.306333
4211.285
163.8369
-1978.482
1.0
ActorObserverTag
0
0
0
4027.669
332.3593
-1254.079
1.5
FldObj_CliffZoraWall_A_01_Far
0
-1.42
0
4664.894
257.0826
-1296.402
1.0
LinkTagNAnd
-2.718512
0.6455485
-2.948225
4581.592
148.2121
-1758.727
1.0
LinkTagAnd
-2.698013
0.883315
-3.012601
4388.478
267.1099
-1550.559
1.0
LinkTagAnd
0
0
0
4037.71
332.1245
-1254.872
1.0
FldObj_CliffAkkare_A_05_Far
-0.562373
-1.128624
0.4814961
4250.335
216.71
-1795.366
1.0
LinkTagNAnd
-2.698013
0.883315
-3.012601
4389.736
267.2731
-1549.013
1.0
Item_Fruit_A
0
0
0
4237.61
274.5087
-1520.571
1.0
LinkTagNAnd
-2.865045
0.2905598
-2.360877
4667.723
280.2728
-1333.687
1.0
FldObj_CliffZoraWall_A_01_Far
0
-1.94
0
4669.095
259.3528
-1229.003
1.0
LinkTagOr
0
2.203187
0
4683.877
288.6213
-1340.367
1.0
LinkTagAnd
0
0
0
4687.172
139.2028
-1784.144
1.0
FldObj_CliffAkkare_A_02
3.079234
-0.7402562
2.987043
4184.971
283.2664
-1329.939
1.0
Item_Fruit_A
0
0
0
4028.327
332.6561
-1259.28
1.0
Area
3.07925
0.6406614
3.104298
4617.248
137.0297
-1812.467
2
LinkTagPulse
-0.06660188
0.8183534
-0.07236508
4703.587
298.1002
-1040.102
0.25
Obj_RaftWood_A_S_02
0
-1.62
0
4403.428
105.8747
-1848.891
1.0
FldObj_CliffZoraWall_A_01_Far
0
-1.92
0
4669.904
255.6376
-1377.952
1.0
LinkTagOr
3.07925
0.6406614
3.104298
4617.248
138.8275
-1812.377
1.0
SwitchTimeLag
1.954773
0.4241233
3.127316
4527.657
182.3357
-1697.863
0.5
FldObj_CliffAkkare_A_05_Far
-1.637154
-1.427802
1.775107
4266.095
343.5313
-1222.791
1.0
LinkTagOr
0
-0.8599991
0
4707.384
295.1219
-1354.641
1.0
FldObj_CliffAkkare_A_02_Far
3.079234
-0.7402562
2.987043
4184.971
283.2664
-1329.939
1.0
LinkTagAnd
0
0
0
4105
263.9659
-1370
1.0
LinkTagAnd
0
-0.6858123
0
4704.236
242.4984
-1306.592
0.3
FldObj_CliffAkkare_A_10_Far
-0.8041027
1.437102
-1.024779
4676.923
128.762
-1761.459
1.0
BoxWater
0
-0.682003
0
4109.704
274.1276
-1376.138
6
FldObj_CliffDeathMt_D_11
-2.789716
-0.8008176
2.535327
4519.574
122.367
-1761.71
1.0
FldObj_CliffZora_A_05
0
1.481593
0
4727.482
259.4781
-1317.839
1.0
Obj_RaftWoodSail_A_S_01
0
0.8399999
0
4034.292
194.5586
-1796.287
1.0
Obj_Plant_KorokColor_A_01
-0.1351846
0.006633944
0.05373335
4099.958
274.2739
-1346.455
0.96
Item_Fruit_A
0
1.396263
0
4221.161
270.4354
-1531.205
1.0
LinkTagOr
0
0
0
4105.058
284.5802
-1350.666
1.0
LinkTagAnd
0
-0.682003
0
4130.966
275.8278
-1375.222
1.0
Area
0
0
0
4154.603
199
-1599.705
40
FldObj_CliffAkkare_A_06_Far
-0.5051706
0.9552732
-0.3341593
4187.007
258.5678
-1562.854
1.0
FldObj_CliffAkkare_A_05_Far
-2.870409
1.18889
-2.889096
4198.23
240.2134
-1632.985
1.0
ShelterFromRainTag
-0.4644587
-1.119915
0.4766928
4270.776
257.9946
-1595.232
1.0
DgnObj_DungeonEntrance_A_01
0
-0.6858123
0
4709.197
241.4984
-1310.285
1.0
FldObj_CliffZora_A_06_Far
0
0
0
4707.428
264.787
-1353.2
1.0
LinkTagOr
-0.1351846
0.006633944
0.05373335
4102.555
274.3798
-1346.719
1.0
EnemyFortressMgrTag
0
2.88
0
4749.165
106.2824
-2006.59
1.0
LinkTagAnd
0
0
0
4635.744
137.234
-1836.431
1.0
Obj_Plant_KorokColor_A_01
0
0
0
4103.737
281.3822
-1348.289
0.92
LinkTagOr
-2.913613
-0.3245272
2.984189
4092.24
276.1279
-1339.348
1.0
LinkTagOr
0
0
0
4106.237
281.278
-1346.689
1.0
Obj_RaftWoodSail_A_S_01
0
-1.62
0
4403.453
105.8854
-1849.39
1.0
Weapon_Spear_004
-1.932858
1.319819
-0.007782921
4750.907
105.6302
-2004.984
0.6666666
LinkTagAnd
0
-0.6858123
0
4704.236
242.4984
-1306.592
0.3
FldObj_CliffDeathMt_D_10_Far
-2.186187
1.353308
-1.885
4322.293
325.3541
-1069.264
1.0
LinkTagAnd
0
0
0
4706.945
242.4986
-1304.375
1.0
Enemy_Guardian_C
0
-3.043187
0
4640.558
285.125
-1258.014
1.0
LinkTagAnd
0
-0.682003
0
4130.612
275.2321
-1383.548
1.0
ActorObserverTag
0
0
0
4032.263
331.8515
-1254.079
1.5
LinkTagOr
0
2.900009
0
4349.979
275.6103
-1500.498
1.0
FldObj_CliffAkkare_A_05_Far
-0.4541807
0.8829675
-0.1978261
4091.039
277.866
-1464.434
1.0
EnemyFortressMgrTag
0
3.023185
0
4692.242
259.9108
-1410.58
1.0
Area
-3.128717
0.6393526
2.95927
4602.216
137.4981
-1791.682
2
LinkTagAnd
0
0
0
4668.766
268.3807
-1290.647
1.0
AnchorAction3
0
-0.2198733
0
4152.869
194.6275
-1597.239
1.0
LinkTagOr
-0.03700213
0.03910672
-0.04830515
4699.521
347.9327
-1003.137
1.0
LinkTagAnd
-0.06660188
0.8183534
-0.07236508
4702.603
299.7722
-1039.08
1.0
FldObj_CliffDeathMt_D_10_Far
-0.7195705
0.9362323
-0.7212666
4539.129
150.0966
-1652.743
1.073683
FldObj_CliffAkkare_A_05
-2.727299
0.5791287
-2.73227
4079.17
218.3909
-1821.709
1.0
LinkTagAnd
0.4238574
-0.2107315
0.05093615
4156.259
226.3493
-1590.217
1.0
FldObj_KorokStartingBlock_A_01
-2.821593
0.241584
-3.141592
4349.082
274.7099
-1496.863
1.0
FldObj_CliffAkkare_A_05
-0.1796275
0.7756275
-0.1306538
4130.342
337.7963
-1288.815
1.0
LinkTagOr
-3.128717
0.6393526
2.95927
4602.556
139.2656
-1791.701
1.0
Area
0
0
0
4037.303
333.6694
-1257.6
0.3
LinkTagOr
-2.727393
0.2858459
3.021846
4502.788
204.1644
-1655.774
1.0
FldObj_CliffAkkare_A_06
-0.5051706
0.9552732
-0.3341593
4187.007
258.5678
-1562.854
1.0
Obj_RaftWood_A_S_02
0
0.8399999
0
4034.625
194.548
-1796.659
1.0
Area
0
-2.68
0
4687.037
135.4528
-1783.742
0.1
FldObj_BridgeWoodLarge_A_05_Far
0
-0.06000021
0
4399.439
106.7539
-1799.298
1.0
LinkTagAnd
0
0
0
4666.316
277.5949
-1331.024
1.0
LinkTagAnd
0
-0.6858123
0
4706.77
254.9984
-1309.687
0.6
ArmorProcessingEventTag
0
-0.682003
0
4107.046
275.6032
-1373.389
1.0
Obj_Plant_Korok_A_01
-0.2765478
-0.2905597
0.7807159
4667.062
276.7088
-1330.71
1.0
Enemy_Lizalfos_Middle
0
0
0
4398.956
106.2192
-1792.833
1.0
Area
-2.727393
0.2858459
3.021846
4502.388
202.5528
-1655.079
2
FldObj_CliffDeathMt_C_08
-3.048146
-0.9987979
3.030589
4016.928
214.7733
-1362.652
1.0
Obj_Plant_KorokColor_A_01
-0.1563778
0.5249532
-0.02421788
4100.757
274.3776
-1346.014
0.93
FldObj_CliffDeathMt_D_11_Far
-2.789716
-0.8008176
2.535327
4519.574
122.367
-1761.71
1.0
FldObj_CliffZoraWall_A_01
0
-1.94
0
4669.095
259.3528
-1229.003
1.0
LinkTagOr
-0.1351846
0.006633944
0.05373335
4104.391
277.1855
-1349.119
1.0
FldObj_CliffZora_A_04
0
-1.2
0
4685.203
255.2642
-1341.21
1.0
LinkTagAnd
0
0
0
4526.604
181.431
-1695.558
1.0
LinkTagOr
0
0
0
4700.611
140.6008
-1773.742
1.0
Area
-0.1351846
0.006633944
0.05373335
4100.493
275.4597
-1346.868
2
LinkTagNone
0
0
0
4692.242
259.9108
-1410.58
1.0
LinkTagNAnd
0
0
0
4032.263
333.0748
-1254.079
1.0
LinkTagOr
0
-2.66
0
4664.567
270.4764
-1297.969
1.0
SwitchTimeLag
1.570796
-0.481593
3.141593
4667.84
270.1807
-1292.419
0.5
Area
0
-0.6858123
0
4708.631
238.4301
-1309.59
20
FldObj_CliffDeathMt_D_10
-2.186187
1.353308
-1.885
4322.293
325.3541
-1069.264
1.0
LinkTagNAnd
3.07925
0.6406614
3.104298
4620.646
138.8877
-1813.582
1.0
Obj_Plant_Korok_A_01
-0.3839763
-0.4241232
-0.01427621
4526.403
180.3211
-1695.148
1.0
LinkTagNAnd
0
0
0
4031.177
335.403
-1254.079
1.0
LinkTagAnd
3.07925
0.6406614
3.104298
4619.043
138.9475
-1814.778
1.0
Item_Fruit_A
0
0
0
4045.304
332.3864
-1257.6
1.0
LinkTagNAnd
0
-0.6858123
0
4709.091
254.9984
-1307.787
0.6
SwitchTimeLag
-1.570796
0
0
4040.101
334.71
-1251.45
0.5
FldObj_CliffAkkare_A_06
-0.4842354
-1.330734
0.5182462
4283.041
258.658
-1618.511
1.0
FldObj_CliffAkkare_A_06_Far
-0.4484985
-1.173459
0.4809826
4237.276
313.1907
-1395.15
1.0
Item_Fruit_A
0
0
0
4030.1
334.6561
-1256.85
1.0
LinkTagAnd
0
0
0
4349.191
276.0862
-1497.306
1.0
LinkTagOr
-2.698013
0.883315
-3.012601
4386.235
268.1173
-1548.839
1.0
LinkTagNAnd
0.4138127
-0.213015
0.06332665
4156.105
227.4506
-1585.511
1.0
FldObj_CliffAkkare_A_05
-0.8913194
-1.17058
0.8559443
4265.935
245.33
-1666.182
1.0
LinkTagAnd
0
0
0
4494.01
223.9554
-1610.37
1.0
Area
-2.698013
0.883315
-3.012601
4385.852
266.4282
-1548.349
2
LinkTagOr
0
0
0
4634.909
142.2075
-1840.946
1.0
LinkTagAnd
-2.727393
0.2858459
3.021846
4503.412
202.8732
-1658.409
1.0
Obj_BreakBoxIron
2.949903
1.463706
2.880069
4769.635
106.0234
-1998.872
1.0
FldObj_CliffDeathMt_D_10
-0.7035782
1.234465
-0.3603617
4313.41
296.7994
-1290.666
1.0
LinkTagAnd
0
0
0
4700.403
247.7081
-1301.189
1.0
FldObj_CliffAkkare_A_05
-0.2
-0.05999991
0
4204.841
312.9927
-1412.733
1.0
LinkTagAnd
0
0
0
4683.877
286.8213
-1340.367
1.0
KorokAnswerResponce
0
0
0
4038.101
331.71
-1253.95
0.5
LinkTagNAnd
-2.727393
0.2858459
3.021846
4505.317
202.644
-1657.845
1.0
LinkTagAnd
0
2.983186
0
4662.094
271.5843
-1316.443
1.0
SwitchTimeLag
-1.570796
0
0
4101.417
237.4529
-1756.683
0.5
Enemy_Moriblin_Middle
0
2.023185
0
4685.871
259.9065
-1407.813
1.0
Area
0
0
0
4030.1
334.6592
-1256.85
0.3
LinkTagNAnd
-3.128717
0.6393526
2.95927
4605.888
138.6121
-1792.915
1.0
FldObj_CliffAkkare_A_05_Far
-1.327042
-1.211685
1.306333
4211.285
163.8369
-1978.482
1.0
FldObj_CliffAkkare_A_05_Far
-2.905004
1.130804
-2.926817
4176.141
231.2674
-1672.987
1.0
FldObj_KorokStone_A_01
0
-2.68
0
4687.172
135.2028
-1784.144
1.0
Area
0
-2.66
0
4668.766
268.3807
-1290.647
2
Obj_TreeApple_A_M_01
0
0
0
4235.8
271.9437
-1520.101
1.0
Obj_TreeConiferous_A_03
0
0
0
4682.219
260.5247
-1397.574
1.0
LinkTagAnd
0
0
0
4661.621
269.7843
-1313.481
1.0
LinkTagAnd
-0.1875288
1.319819
-0.007782921
4749.938
106.2587
-2002.137
1.0
LinkTagAnd
-3.128717
0.6393526
2.95927
4604.309
138.9031
-1794.108
1.0
FldObj_CliffZora_A_04
2.801592
-0.0615944
-3.141592
4230.666
359.0139
-1022.179
1.0
Area
0
0
0
4104.237
282.4781
-1348.689
2
FldObj_CliffAkkare_A_02
2.975335
0.4229095
3.004647
3937.887
302.3413
-1256.647
1.0
Obj_LiftRockWhite_A_01
0
-2.863186
0
4763.707
106.045
-2011.794
1.0
Enemy_Bokoblin_Senior
0
-1.86
0
4154.732
386.8618
-1017.341
1.0
LinkTagAnd
0
0
0
4697.112
276.2072
-1303.31
1.0
FldObj_CliffDeathMt_D_15_Far
-0.7796557
-0.4129522
0.7500399
4129.615
275.2373
-1425.427
1.0
Obj_Plant_KorokColor_A_01
0.07937486
0.6063994
0.1368692
4104.687
281.2441
-1348.139
1.0
Area
0
0
0
4029.303
333.3155
-1257.6
0.3
LinkTagAnd
0
0
0
4108.237
281.278
-1348.689
1.0
LinkTagOr
-2.913613
-0.3245272
2.984189
4091.556
275.7788
-1341.194
1.0
TwnObj_FairySpring_C_01
0
-0.682003
0
4110.766
271.6879
-1377.551
1.0
LinkTagOr
0
-0.2415839
0
4357.265
287.4696
-1527.981
1.0
FldObj_CliffDeathMt_C_08_Far
-3.048146
-0.9987979
3.030589
4016.928
214.7733
-1362.652
1.0
PointWindSetTag
1.570796
0
0
4701.672
219.6284
-1244.262
200
Npc_HiddenKorokGround
0
1.761592
0
4098.317
232.8195
-1756.464
1.0
LinkTagAnd
-2.865045
0.2905598
-2.360877
4666.361
278.9242
-1334.26
1.0
LinkTagAnd
0
-0.682003
0
4130.966
275.8278
-1375.222
1.0
SpotBgmTag
0
0
0
4105
263.9659
-1370
35
FldObj_CliffZora_A_05
0
-0.8400001
0
4665.847
254.6548
-1302.244
1.0
Area
0
2.203187
0
4683.877
286.8213
-1340.367
2
Obj_Plant_KorokColor_A_01
-0.3271772
-0.8752672
0.2542118
4101.057
275.5049
-1340.055
0.95
Item_Fruit_A
0
0
0
4031.801
331.4061
-1259.85
1.0
DgnObj_EntranceElevator_A_01
0
-0.6858123
0
4709.197
242.4986
-1310.285
1.0
Area
-0.4644587
-1.119915
0.4766928
4270.055
257.946
-1595.207
50
LinkTagNOr
2.869735
0.7113557
3.042426
4754.849
106.6586
-2008.579
1.0
FldObj_CliffDeathMt_D_10_Far
-2.825147
-1.074445
2.748142
3989.192
214.9651
-1381.105
1.073683
LinkTagNAnd
-1.708994
-1.361354
1.711377
4103.473
278.3505
-1341.093
1.0
KorokAnswerResponce
0
2.900009
0
4360.41
282.9696
-1530.295
1.0
FldObj_CliffZora_A_05
-0.12
0
-0.18
4250.545
373.8992
-1013.245
1.0
FldObj_CliffAkkare_A_05_Far
-2.727299
0.5791287
-2.73227
4079.17
218.3909
-1821.709
1.0
Item_Fruit_A
0
0
0
4220.442
273.1953
-1527.988
1.0
LinkTagNAnd
-2.521548
1.030237
-2.818912
4437.419
246.8999
-1578.17
1.0
FldObj_CliffAkkare_A_05_Far
-1.318142
-1.250363
1.275687
4215.838
180.5029
-1932.367
1.0
LinkTagAnd
-2.521548
1.030237
-2.818912
4436.443
246.5735
-1579.885
1.0
LinkTagAnd
0
0
0
4040.101
334.71
-1251.45
1.0
Enemy_Lizalfos_Middle
0
0
0
4393.554
106.5616
-1828.924
1.0
FldObj_CliffZora_A_05
0
-0.5199999
0
4700.888
259.5331
-1257.935
1.0
FldObj_CliffZoraWall_A_01
0
1.681592
0
4724.35
255.481
-1403.803
1.0
ActorObserverTag
0
0
0
4102.417
234.7673
-1756.683
1.0
DestinationAnchor
0
2.459518
0
4106.36
274.6698
-1372.12
1.0
FldObj_CliffAkkare_A_05_Far
-3.030408
1.18889
-2.889096
4207.094
250.7415
-1580.196
1.0
FldObj_CliffAkkare_A_06
-1.609316
-1.317196
1.634632
4215.014
194.6372
-1883.77
1.0
Area
3.130283
0.3823346
-3.000441
4635.744
137.234
-1836.431
2
LinkTagAnd
0
0
0
4101.472
276.5784
-1340.78
1.0
SwitchTimeLag
2.205466
0.7184185
-2.964063
4555.312
164.461
-1727.545
0.5
LinkTagAnd
-0.2601805
0.6438599
-1.307165
4704.269
298.0508
-1040.832
1.0
BoxWater
0
-0.682003
0
4112.159
274.1276
-1378.814
6
Obj_LiftRockWhite_Korok_A_01
0
0
0
4101.417
232.5673
-1756.683
1.0
LinkTagOr
-2.718512
0.6455485
-2.948225
4578.172
148.7976
-1757.745
1.0
Area
0
0
0
4045.303
332.3895
-1257.6
0.3
FldObj_CliffDeathMt_D_10
-2.764584
-0.8975304
2.39773
4429.143
180.3612
-1639.735
1.073683
Area
-2.718512
0.6455485
-2.948225
4578.051
147.1014
-1757.155
2
Area
-2.383792
0.9816101
-2.561814
4494.01
223.9554
-1610.37
2
FldObj_CliffAkkare_A_05
-2.870409
1.18889
-2.889096
4198.23
240.2134
-1632.985
1.0
LinkTagNone
0
0
0
4753.708
106.2725
-2018.926
1.0
FldObj_CliffDeathMt_D_10
-2.825147
-1.074445
2.748142
3989.192
214.9651
-1381.105
1.073683
Area
0
0
0
4105
263.9659
-1370
35
LinkTagOr
-2.383792
0.9816101
-2.561814
4494.154
225.6127
-1611.057
1.0
Area
0
0
0
4031.801
331.4014
-1259.85
0.3
Obj_TreeConiferous_A_03
0
1.224809
0
4076.674
291.7884
-1300.722
1.0
LinkTagNone
0
0
0
4157.631
387.5635
-1006.045
1.0
Area
-0.06660188
0.8183534
-0.07236508
4702.906
298.1497
-1039.372
3
Npc_HiddenKorokGround
0
0.03999999
0
4698.904
345.4613
-1003.025
1.0
LinkTagOr
0
2.900009
0
4349.979
276.6103
-1500.498
1.0
SwitchTimeLag
1.570796
0.9384054
3.141593
4685.49
288.6213
-1341.549
0.5
Obj_Plant_KorokColor_A_01
-0.2205929
0.7084945
-0.2240989
4094.133
274.7838
-1345.63
0.95
Npc_HiddenKorokGround
0
-0.8599991
0
4707.057
292.6219
-1355.02
1.0
FldObj_EnemyBaseRiverside_A_01_Far
0
-0.07999978
0
4401.99
105.9239
-1829.441
1.0
Area
-0.2060705
0.6232016
-0.2006114
4094.206
275.9051
-1346.185
2
FldObj_CliffZoraWall_A_01
0
0.9799998
0
4714.576
258.7644
-1297.957
1.0
FldObj_CliffDeathMt_D_14_Far
-0.412802
0.9852663
-0.4838428
4481.395
195.471
-1566.856
1.0
LinkTagAnd
0.1870444
-0.1970577
-0.03199511
4159.691
195.9232
-1593.434
1.0
Obj_TreeConiferous_A_03
0
0
0
4069.252
276.73
-1386.722
1.0
ActorObserverTag
0
-2.68
0
4687.285
137.2028
-1784.479
1.0
FldObj_CliffAkkare_A_06
-0.3496679
1.094633
-0.3422922
4179.384
318.4681
-1386.026
1.0
DgnObj_WarpPoint_A_01
0
-0.6858123
0
4703.374
242.4614
-1303.169
1.0
LinkTagAnd
-3.056695
-1.315169
2.840472
4747.419
106.0867
-2009.482
1.0
Npc_HiddenKorokGround
0
-2.561592
0
4691.71
136.7105
-1777.33
1.0
Obj_Plant_Korok_A_01
-0.7578006
-0.9816099
0.5797787
4493.914
222.8505
-1609.912
1.0
Obj_RockCover
-3.139338
0.9638966
-3.138075
4697.446
259.5573
-1292.295
0.7
ActorObserverTag
0
0
0
4045.411
332.0895
-1254.079
1.5
LinkTagOr
-2.865045
0.2905598
-2.360877
4665.198
278.9242
-1331.495
1.0
FldObj_CliffAkkare_A_02
-0.5202952
-0.9344198
-0.009809168
4133.896
187.4368
-1740.032
1.0
Obj_LiftRockWhite_A_01
-0.08393237
0.8237554
-0.01411968
4702.882
297.1276
-1039.324
1.0
LinkTagNAnd
0
2.203187
0
4687.479
288.6213
-1340.527
1.0
FldObj_BridgeWoodLarge_A_05
0
-0.06000021
0
4399.439
106.7539
-1799.298
1.0
Item_RoastFish_01
-1.520431
-1.315169
2.840472
4746.989
107.0101
-2006.561
1.2
FldObj_CliffDeathMt_D_10_Far
-2.916084
-0.7604127
2.857204
4085.116
190.4381
-1498.856
1.073683
LinkTagAnd
0
0
0
4101.417
237.4529
-1756.683
1.0
Npc_DressFairy_01
0
-0.682003
0
4110.766
271.6879
-1377.551
1.0
Area
0
0
0
4028.327
332.6592
-1259.28
0.3
FldObj_CliffDeathMt_D_10_Far
-0.7035782
1.234465
-0.3603617
4313.41
296.7994
-1290.666
1.0
Obj_Plant_Korok_A_01
-0.4230806
-0.6455484
0.1933671
4577.971
145.9707
-1756.761
1.0
Area
0
-0.6108652
0
4703
247
-1304
1.0
KorokAnswerResponce
0
0
0
4098.917
235.4529
-1756.683
1.0
Obj_TreeConiferous_A_03
0
0.8037379
0
4052.572
288.2193
-1317.707
1.0
Area
0
-2.68
0
4687.575
136.0528
-1784.009
0.1
LinkTagOr
0
0
0
4219.812
267.3954
-1527.233
1.0
LinkTagAnd
0
0
0
4385.852
266.4282
-1548.349
1.0
Obj_TreeConiferous_A_03
0
0.4226587
0
4058.739
290.0058
-1301.331
1.0
Obj_Plant_KorokColor_A_01
-0.8386374
1.345494
-0.9051039
4094.29
274.6266
-1346.487
1.05
LinkTagAnd
0
-0.2415839
0
4356.294
287.4696
-1528.219
1.0
LinkTagAnd
-0.2060705
0.6232016
-0.2006114
4097.295
274.0782
-1348.32
1.0
LookTag
0
-0.6858123
0
4702.547
241.4984
-1302.159
1.0
LocationTag
0
0
0
4105
263.9659
-1370
1.0
Obj_Plant_KorokColor_A_01
-0.2227016
-0.3698339
0.08100923
4101.971
275.4068
-1340.518
1.0
FldObj_CliffAkkare_A_06_Far
-0.3496679
1.094633
-0.3422922
4179.384
318.4681
-1386.026
1.0
FldObj_CliffAkkare_A_06
-0.6468336
-1.141757
0.6258364
4226.019
206.2363
-1840.391
1.0
KorokAnswerResponce
0
0
0
4030.1
331.3561
-1254.45
0.5
FldObj_CliffAkkare_A_06_Far
-0.6468336
-1.141757
0.6258364
4226.019
206.2363
-1840.391
1.0
FldObj_CliffZora_A_05_Far
0
-0.8400001
0
4665.847
254.6548
-1302.244
1.0
LinkTagAnd
-1.708994
-1.361354
1.711377
4101.355
276.2276
-1336.62
1.0
Area
0
2.900009
0
4356.779
284.9196
-1528.1
1.7
Obj_TreeApple_A_M_01
0
0
0
4046.101
327.9301
-1259.45
1.0
Obj_TreeApple_A_M_01
0
0
0
4030.1
328.8561
-1259.45
1.0
FldObj_CliffZoraWall_A_01_Far
0
0.9400002
0
4693.949
259.3326
-1238.024
1.0
Area
-1.708994
-1.361354
1.711377
4101.472
276.5784
-1340.78
2
FldObj_CliffAkkare_A_06_Far
-0.1266123
0.8236888
-0.1977536
4099.782
341.4866
-1247.207
1.0
Weapon_Spear_004
-1.166311
-1.159184
-0.4932073
4748.06
105.742
-2008.867
0.66666
LinkTagAnd
0
0
0
4602.216
137.4981
-1791.682
1.0
LinkTagOr
0
0
0
4101.417
235.7673
-1756.683
1.0
LinkTagAnd
0
0
0
4104.237
282.4781
-1348.689
1.0
LinkTagNAnd
-2.506923
0.7184185
-2.964063
4557.42
164.2369
-1726.835
1.0
Obj_Plant_Korok_A_01
0
-0.9384053
0
4683.877
285.6213
-1340.367
1.0
FldObj_CliffAkkare_A_05
-2.727299
0.5791287
-2.73227
4042.287
202.387
-1848.002
1.0
LinkTagAnd
0
-0.8599991
0
4706.731
295.1219
-1355.399
1.0
LinkTagAnd
-2.506923
0.7184185
-2.964063
4555.938
163.971
-1728.151
1.0
FldObj_CliffDeathMt_D_15_Far
2.117469
0.8519332
2.365221
4080.928
284.5107
-1322.802
1.0
FldObj_CliffDeathMt_D_11
-0.6403764
0.9497352
-0.466697
4365.067
269.0697
-1409.968
1.0
ActorObserverTag
0
0
0
4101.417
234.7673
-1756.683
1.0
FldObj_CliffAkkare_A_02_Far
2.983521
-0.2884309
3.118718
4011.921
295.5457
-1216.987
1.0
FldObj_CliffAkkare_A_05
-0.4541807
0.8829675
-0.1978261
4091.039
277.866
-1464.434
1.0
KorokAnswerResponce
0
0
0
4701.611
134.6008
-1773.742
1.0
Weapon_Spear_004
1.124406
0.7113557
3.042426
4750.757
105.6542
-2008.566
0.6666666
AnchorAction4
0
-0.21988
0
4152.869
194.6275
-1597.239
1.0
SwitchTimeLag
2.190841
1.030237
-2.818912
4435.597
246.9033
-1579.466
0.5
AnchorAction2
0
2.918534
0
4152.869
194.6275
-1597.239
1.0
FldObj_CliffZoraWall_A_01
0
-1.42
0
4664.894
257.0826
-1296.402
1.0
LinkTagAnd
0
0
0
4100.493
275.4597
-1346.868
1.0
SwitchTimeLag
1.583672
0.6393526
2.95927
4603.725
139.024
-1793.306
0.5
LinkTagOr
-0.06660188
0.8183534
-0.07236508
4703.284
299.7228
-1039.81
1.0
Obj_TreeConiferous_A_03
0
0
0
4117.901
275.5488
-1415.795
1.0
Area
-2.821593
0.241584
-3.141592
4349.191
276.0862
-1497.306
0.7
LinkTagAnd
-0.03700213
0.03910672
-0.04830515
4698.522
347.981
-1003.097
1.0
Area
0
-2.68
0
4686.77
136.0528
-1784.279
0.1
FldObj_CliffAkkare_A_02_Far
2.975335
0.4229095
3.004647
3937.887
302.3413
-1256.647
1.0
FldObj_CliffAkkare_A_05
-0.562373
-1.128624
0.4814961
4250.335
216.71
-1795.366
1.0
SwitchTimeLag
1.570796
-0.4615923
3.141593
4687.172
139.2028
-1784.144
0.5
LinkTagAnd
0
0
0
4704.666
293.6427
-1352.805
1.0
Enemy_Bokoblin_Senior
0
-2.08
0
4697.846
260.0155
-1406.892
1.0
FldObj_CliffZoraWall_A_05
3.081593
1.221593
3.141593
4735.823
262.3737
-1346.781
1.0
LinkTagAnd
0
-2.68
0
4687.172
138.2028
-1784.144
1.0
LinkTagAnd
0
0
0
4633.909
142.2075
-1840.945
1.0
SwitchTimeLag
1.984996
0.2858459
3.021846
4503.204
203.3036
-1657.531
0.5
Area
-0.4748745
-1.129727
0.4882376
4271.571
258.6621
-1592.12
50
DgnObj_EntranceTerminal_A_01
0
-1.209411
0
4706.945
242.4986
-1304.375
1.0
Obj_Plant_Korok_A_01
0
0.4815931
0
4668.766
267.1807
-1290.647
1.0
FldObj_CliffZoraWall_A_02_Far
0
-0.16
0
4660.372
259.3527
-1189.444
1.0
Obj_Plant_KorokColor_A_01
0
1.047198
0
4104.937
281.3064
-1348.889
0.95
Obj_Plant_Korok_A_01
0.1000468
-0.9896077
-0.0001243512
4704.766
292.4487
-1352.871
1.0
Area
-2.913613
-0.3245272
2.984189
4094.21
276.9988
-1340.243
2
Obj_Plant_KorokColor_A_01
0
-0.3490658
0
4103.834
281.2088
-1348.879
1.02
FldObj_CliffAkkare_A_05_Far
-0.2
-0.05999991
0
4204.841
312.9927
-1412.733
1.0
Item_RoastFish_01
1.348735
1.319819
-0.007782921
4750.422
106.9609
-2005.111
1.2
Enemy_Guardian_C
0
-0.5200001
0
4649.348
285.125
-1402.469
1.0
FldObj_CliffAkkare_A_06_Far
-1.609316
-1.317196
1.634632
4215.014
194.6372
-1883.77
1.0
FldObj_CliffZora_A_05_Far
0
1.481593
0
4727.482
259.4781
-1317.839
1.0
AnchorAction1
0
-0.2246509
0
4152.869
194.6275
-1597.239
1.0
LinkTagOr
0
0
0
4029.501
328.8561
-1255.978
1.0
FldObj_CliffAkkare_A_05_Far
-2.727299
0.5791287
-2.73227
4042.287
202.387
-1848.002
1.0
FldObj_CliffAkkare_A_05
-3.030408
1.18889
-2.889096
4207.094
250.7415
-1580.196
1.0
Dm_Locator
0
-0.2000001
0
4153.608
194.6275
-1599.862
1.0
LinkTagOr
0
2.983186
0
4661.621
271.5843
-1313.481
1.0
LinkTagOr
-0.1351846
0.006633944
0.05373335
4102.554
274.6497
-1344.738
1.0
LinkTagNAnd
0
-2.66
0
4669.149
270.1807
-1294.232
1.0
FldObj_CliffAkkare_A_02
2.983521
-0.2884309
3.118718
4011.921
295.5457
-1216.987
1.0
Item_Fruit_A
0
1.396263
0
4236.55
274.9837
-1520.601
1.0
Enemy_Moriblin_Middle
0
-0.2615924
0
4750.846
106.2859
-2012.869
1.0
Npc_HiddenKorokFly
0
0
0
4104.558
282.0802
-1350.665
1.0
Obj_Plant_KorokColor_A_01
-0.1440912
0.3523731
0.004600766
4100.358
274.1807
-1347.299
0.9800001
LinkTagAnd
0
0
0
4617.248
137.0297
-1812.467
1.0
FldObj_CliffAkkare_A_06_Far
-0.5294964
0.9453813
-0.3640573
4162.604
268.5737
-1529.024
1.0
LinkTagOr
0
0
0
4038.71
332.1245
-1254.872
1.0
FldObj_CliffZoraWall_A_02
0
-0.16
0
4660.372
259.3527
-1189.444
1.0
Obj_Plant_Korok_A_01
-0.4435798
-0.883315
0.1289915
4385.597
265.3022
-1548.022
1.0
LinkTagOr
0
0
0
4045.501
327.9301
-1255.978
1.0
FldObj_CliffAkkare_A_06
-0.5294964
0.9453813
-0.3640573
4162.604
268.5737
-1529.024
1.0
Item_Fruit_A
0
0
0
4222.221
269.9604
-1531.175
1.0
FldObj_CliffDeathMt_D_11_Far
-0.6403764
0.9497352
-0.466697
4365.067
269.0697
-1409.968
1.0
LinkTagPulse
-0.03700213
0.03910672
-0.04830515
4699.944
346.3115
-1003.097
0.25
LinkTagOr
-2.757616
0.4241233
3.127316
4526.905
183.0958
-1696.172
1.0
SwitchTimeLag
1.508453
0.6406614
3.104298
4618.445
138.9075
-1813.978
0.5
Item_Fruit_A
0
1.396263
0
4030.85
332.1561
-1260.3
1.0
FldObj_CliffAkkare_A_05
-1.318142
-1.250363
1.275687
4215.838
180.5029
-1932.367
1.0
Area
-2.757616
0.4241233
3.127316
4526.604
181.431
-1695.558
2
