UnitConfigName/__text
Rotate/value/0
Rotate/value/1
Rotate/value/2
Translate/value/0
Translate/value/1
Translate/value/2
_Scale
FldObj_CliffZora_A_04_Far
0
0
0
4334.85
375.8676
-689.0621
1.0
Obj_TreeConiferous_A_03
0
1.06
0
4374.802
389.6292
-914.3965
1.0
FldObj_CliffZoraScaffold_A_01
0.0218428
-0.4995632
-0.04557251
4282.93
324.936
-784.9727
1.0
FldObj_CliffZoraWall_A_02_Far
0
3.060001
0
4660.052
279.116
-1067.406
1.0
PlayerOnScaffoldCheckTag
0
-1.80706
0
4177.466
463.0711
-532.6818
1.0
FldObj_CliffZoraWall_A_03_Far
0.1520248
1.437284
0.2689944
4221.786
429.7506
-264.3225
1.0
SwitchTimeLag
-2.269578
1.084485
-0.3408457
4083.994
500.0243
-424.9923
0.5
Item_Fruit_A
0
-1.308997
0
4244.134
413.523
-993.8309
1.0
FldObj_CliffZoraWall_A_03_Far
3.081593
0.3417033
3.141593
4177.048
479.6715
-458.5636
1.0
FldObj_CliffZora_A_04_Far
0
2.983185
0
4323.62
381.0027
-942.9523
1.0
FldObj_CliffZora_A_04_Far
0
0.2815928
0
4194.884
355.7751
-854.954
0.8
Obj_RockSetWhite_A_L_01
0.1583026
-0.2451057
-0.3108179
4308.242
350.8153
-782.7356
1.0
Obj_RockSetWhite_A_L_01
-3.140724
-0.5976912
-3.077545
4144.203
238.2086
-766.6821
1.0
FldObj_CliffZoraWall_A_01
-0.111361
0.7525932
-0.138632
4418.758
365.6884
-568.764
1.0
LinkTagOr
0
0
0
4877.876
113.4
-998.0828
3
Area
0
1.480012
0
4145.225
400.2835
-594.1948
10
FldObj_CliffZoraWall_A_05
0
1.801592
0
4691.929
326.6371
-1012.545
1.0
FldObj_RockZoraLump_A_02
-0.3424211
-0.8754601
0.1271537
4086.905
476.6165
-365.8829
1.0
LinkTagAnd
0
0.2600018
0
4927.2
111.6
-998.9
1.0
DgnObj_EntranceTerminalSP
0
-1.738423
0
4930.244
106.8002
-998.4335
1.0
FldObj_CliffZoraWall_A_03_Far
-0.05856562
0.6856296
0.08914556
4184.324
426.7226
-197.2315
1.0
FldObj_CliffZoraHole_A_02
0
0
0
4193.049
323.983
-847.9733
1.0
FldObj_CliffZoraWall_A_01_Far
3.101593
1.141593
3.141593
4007.162
516.4567
-560.9868
1.0
FldObj_CliffZoraWall_A_05
0
0.3
0
4619.793
317.1813
-581.2258
1.143685
Enemy_Moriblin_Senior
0
-3.08
0
4343.558
397.6997
-864.9425
1.0
GrassCutTag
0
1.509066
0
4184.831
456.0899
-525.5873
1.0
FldObj_CliffZoraWall_A_02_Far
3.080921
1.02201
-3.120535
4290.635
371.9333
-710.0155
0.8
FldObj_CliffZora_A_04
0
-1.143185
0
4368.359
362.1281
-564.324
1.0
Obj_BoardWood_Triangle_01
0
3.141593
0
4104
438
-496.5
1.0
FldObj_CliffZoraWall_A_01
0
-0.05999995
0
4111.51
350.6797
-851.916
1.0
TBox_Field_Enemy
0
0.5184069
0
4344.442
382.0907
-644.6505
1.0
LinkTagAnd
0
0.7999996
0
4073.611
425.7656
-215.1093
1.0
FldObj_CliffZoraWall_A_02_Far
3.07788
-0.7665744
3.059334
4164.225
452.8473
-547.5621
1.0
LinkTagPulse
0
-1.570796
0
4697.84
336.6005
-546.03
0.25
ActorObserverTag
0
1.659978
0
4041.947
351.2153
-664.945
1.0
FldObj_PushRock_A_M_01
-0.02375078
-0.002666472
-0.02704633
4306.511
372.8652
-749.0006
1.2
AnchorAction1
0
-3.08
0
4343.097
397.6997
-872.4282
1.0
Area
0
0.7999996
0
4074.035
423.6156
-215.1155
0.1
FldObj_CliffZoraWall_A_05
0
-0.28
0
4582.944
243.9838
-940.4381
1.0
FldObj_CliffZoraWall_A_01_Far
-2.765092
1.03797
-2.728562
4065.508
351.9147
-662.1606
1.0
Area
0
-1.308997
0
4241.71
412.3674
-998.0957
0.3
Enemy_AirOctarock
0
2.356194
0
4051.186
382.0547
-308.4484
1.0
FldObj_CliffZoraWall_A_03_Far
-0.02020718
-0.9402532
0.0187328
4349.512
384.5301
-861.8004
1.0
SwitchTimeLag
-1.570796
0.7999996
0
4073.611
426.7656
-215.1093
0.5
FldObj_SoilRockZoraVent_A_01_Far
0
-0.8200001
0
4095.094
255.502
-808.0034
1.5
FldObj_CliffZora_A_05
0
0
0
4585.864
348.5186
-951.9083
0.6
ActorObserverTag
0
-1.308997
0
4235.518
413.9814
-998.9099
1.5
FldObj_CliffZoraWall_A_02_Far
0
2.981592
0
4205.453
371.6953
-654.2422
1.1
FldObj_CliffZoraScaffold_A_01
0
-2.279999
0
4259.795
267.2975
-733.4434
1.0
FldObj_CliffZoraWall_A_01
2.862679
0.465618
3.119696
4325.113
383.1604
-964.6514
1.0
FldObj_CliffZoraWall_A_01
3.121906
-1.221663
3.120662
4159.205
453.1852
-497.8718
1.0
FldObj_CliffZoraWall_A_02_Far
-3.121593
0.09840646
3.141593
4630.376
334.2433
-671.9814
1.0
FldObj_CliffZoraWall_A_02_Far
0
1.82
0
4455.852
384.9437
-824.1994
1.0
LinkTagNAnd
0
-1.308997
0
4236.256
414.0408
-996.1555
1.0
FldObj_CliffZoraScaffold_A_01
-3.036232
-0.1199984
3.103322
4172.108
341.1504
-705.0924
1.0
LinkTagNone
0
0
0
4198.771
461.3055
-505.8807
1.0
FldObj_CliffZoraWall_A_05_Far
0
0
0
4650.665
358.3853
-607.1564
1.0
FldObj_CliffZoraWall_A_01_Far
-0.04
1.32
0
4264.01
201.9181
-182.9451
1.4
Enemy_AirOctarock
0
-2.283461
0
4088.485
387.1266
-516.1851
1.0
FldObj_CliffZoraWall_A_01
-0.04876187
0.8988622
-0.03911312
4447.859
360.685
-612.2706
1.0
LinkTagAnd
0
0
0
4221.106
423.7673
-189.0041
1.0
Area
0
0.9599314
0
4232.734
386.8994
-212.3339
3
Enemy_Bokoblin_Guard_Junior_TreeHouseTop
0
-2.356194
0
4108.5
410
-500
1.0
FldObj_CliffZoraWall_A_01_Far
0
1.661601
0
4493.781
201.5264
-728.9965
1.1
FldObj_CliffZora_A_04_Far
0
-1.823185
0
4058.914
351.2814
-580.1503
1.0
FldObj_CliffZoraWall_A_03_Far
0.09973381
0.1003973
-0.03184988
4135.404
332.4044
-735.9272
0.9
FldObj_CliffZora_A_05_Far
-0.04
0
0
4634.303
350.4215
-1037.302
1.0
FldObj_CliffZoraWall_A_05_Far
0
-1.861592
0
4627.939
355.002
-784.164
1.0
LinkTagNAnd
0
0.2271978
0
4196.401
335.6144
-855.2716
0.6
Enemy_Bokoblin_Guard_Junior_TreeHouseTop
0
-3.141593
0
4093
386
-510
1.0
AirOcta_Tag
0
-1.770797
0
4109.632
412.5
-500.2751
1.0
Item_Fruit_A
0
-1.308997
0
4238.372
415.622
-998.9613
1.0
LocationTag
0
0
0
4193.58
329.6719
-856.5688
1.0
Obj_RockSetWhite_A_L_01_Far
1.26
-0.2200001
0
4330.183
371.9388
-622.4796
1.0
LinkTagNone
0
0
0
4360.715
377.6955
-625.5671
1.0
Obj_RockBroken_A_02
0
1.219932
0
4233.023
384.8875
-213.0531
1.0
ActorObserverTag
0
0.7999996
0
4073.616
424.7656
-214.7558
1.0
Area
0
-1.308997
0
4241.898
413.1174
-999.1298
0.3
FldObj_CliffZoraWall_A_01
0
1.96
0
4457.839
200.3727
-933.5353
1.2
PlayerOnScaffoldCheckTag
0
-2.623186
0
4349.168
384.0507
-646.4562
1.0
LinkTagAnd
0
0
0
4074.65
485.7155
-459.9667
1.0
FldObj_CliffZoraWall_A_01
3.101593
1.141593
3.141593
4007.162
516.4567
-560.9868
1.0
FldObj_CliffZoraWall_A_04_Far
-3.117498
-0.441282
3.126012
4104.206
472.4491
-459.4571
0.9
Enemy_Lizalfos_Middle
0
1.88
0
4351.082
377.7139
-628.3153
1.0
LinkTagPulse
0
0.9599314
0
4233.308
386.8994
-213.153
0.25
SwitchTimeLag
0
0
0
4699.347
329.0246
-780.4579
1.0
BasinTag
0
-2.73616
0
4100.574
366.6981
-478.9924
1.0
LinkTagAnd
0
1.841587
0
4117.776
504.6216
-438.9494
1.0
FldObj_CliffZoraWall_A_01
0
1.36
0
4294.038
204.7123
-297.6418
1.4
LinkTagOr
0
-0.8599998
0
4239.679
412.3841
-997.8794
1.0
LocationTag
0
0
0
4923.5
190.2
-950.5
1.0
SpotBgmTag
0
0.09999805
0
4910
110.8
-1003.5
100
LinkTagNone
0
0
0
4180.264
461.4516
-500.8856
1.0
Enemy_Lizalfos_Middle
0
0.4618682
0
4182.603
456.0596
-530.0633
1.0
Area
0
-1.308997
0
4244.134
413.5262
-993.8309
0.3
LinkTagAnd
0
0
0
4047.5
427
-304.5
1.0
Enemy_AirOctarock
0
-2.556195
0
4106.999
411.1265
-506.1464
1.0
TBox_Field_Enemy
0
1.334533
0
4175.544
461.1111
-528.0018
1.0
Enemy_AirOctarock
0
0.7853982
0
4016.825
429.1328
-327.7219
1.0
LinkTagNone
0
0
0
4344.442
382.0907
-644.6505
1.0
FldObj_CliffZoraWall_A_05
0
0.04
0
4650.479
348.9659
-768.2102
1.0
FldObj_CliffZoraWall_A_05_Far
0
0
0
4651.754
349.4436
-1019.516
1.0
FldObj_CliffZoraWall_A_03_Far
-0.09999781
1.544779
2.25561E-06
4037.614
342.9292
-749.9088
1.0
Enemy_AirOctarock
0
0.07273341
0
4093.894
387.1578
-503.0509
1.0
FldObj_CliffZoraWall_A_04
0
-1.2
0
4313.271
369.3456
-758.1879
1.0
Area
-0.6987819
1.084485
-0.3408457
4082.792
497.6233
-425.1668
2
FldObj_CliffZoraWall_A_05_Far
0
1.801592
0
4691.929
326.6371
-1012.545
1.0
LinkTagNOr
0
-1.80706
0
4178.324
456.0741
-535.082
1.0
Area
-1.570796
-0.3599999
3.090361E-08
4237.842
372.7301
-194.0686
1.0
Enemy_AirOctarock
0
-2.356194
0
4043.875
428.1094
-308.2406
1.0
FldObj_CliffZoraWall_A_01
-3.101593
0.2415935
3.141593
4203.13
332.1006
-728.3992
1.0
LinkTagAnd
0
-2.360001
0
4985
123.1
-1051.8
5
FldObj_CliffZora_A_02_Far
0
-0.6800004
0
4163.612
478.6393
-363.7973
1.0
FldObj_FallingRock_B_03
0
0.3490658
0
4217.913
431.8177
-196.7893
0.8
FldObj_CliffZoraWall_A_01
0
0.9600001
0
4458.752
203.0675
-563.5729
1.0
FldObj_CliffZoraWall_A_02_Far
3.081593
1.041593
3.141593
4262.983
440.1736
-508.8112
1.0
PlayerOnScaffoldCheckTag
0
1.051003
0
4177.78
463.364
-496.5459
1.0
FldObj_CliffZoraWall_A_02_Far
-0.6545935
1.400499
-0.6592136
4068.914
342.0955
-794.4313
1.0
FldObj_PushRockIron_A_M_01
3.078351
1.256707
3.045111
4118.088
480.7837
-474.3561
0.8
LookTag
0
-0.005191804
0
4344.433
383.8506
-642.8771
1.0
FldObj_CliffZoraWall_A_01_Far
0.9826517
1.550792
1.018935
4459.09
370.8116
-691.1195
1.0
ActorObserverTag
0
-1.308997
0
4230.312
413.0214
-1004.956
1.5
FldObj_CliffZoraScaffold_A_01
0
-0.5399998
0
4685.965
313.1563
-976.4872
1.0
FldObj_PushRockIron_A_M_01
0.04754518
0.776477
0.1801972
4280.041
373.282
-705.6676
0.8
FldObj_CliffZoraWall_A_05
0
-1.861592
0
4590.065
264.5007
-1056.336
1.0
FldObj_CliffZora_A_04
0
0.4168148
0
4424.759
369.8458
-771.5913
1.0
DgnObj_WarpPoint_A_01
0
0.2271978
0
4196.56
323.0775
-847.9233
1.0
FldObj_CliffZoraWall_A_02
0
-0.8631859
0
4300.049
394.4438
-881.9873
1.0
FldObj_PushRock_A_M_01
-0.1037346
0.7845917
0.003831489
4317.878
372.5655
-755.442
0.9
FldObj_CliffZoraWall_A_02
0
3.041593
0
4328.5
357.1406
-793
1.0
FldObj_PushRockIron_A_M_01
-0.1067561
0.7739731
-0.04395227
4305.69
339.1658
-810.2454
1.0
FldObj_CliffZora_A_04
0
0.2815928
0
4194.884
355.7751
-854.954
0.8
FldObj_CliffZora_A_02
0
-0.9600002
0
4115.435
481.5374
-382.8995
1.0
FldObj_CliffZoraWall_A_01
0
-1.42
0
4288
336
-828
1.0
LinkTagAnd
0
0
0
4923.5
190.2
-950.5
1.0
FldObj_CliffZoraWall_A_05
0
-0.6799999
0
4622.279
206.0502
-748.374
1.0
FldObj_CliffZora_A_04
0
0.24
0
4650.197
358.8564
-622.7261
0.8
PosAfterDemoSkip
0
1.926768
0
4928.7
106.8
-1000.1
1.0
LinkTagAnd
-0.7089946
1.0731
-0.7733612
4156.449
510.2085
-436.3699
1.0
FldObj_CliffZoraWall_A_05_Far
0
1.18
0
4666.286
349.6208
-1033.411
1.0
LinkTagAnd
-2.342894
1.445637
-2.383203
4042.354
354.0998
-661.6934
1.0
FldObj_CliffZora_A_04
0
-0.6631858
0
4386.043
365.004
-669.6026
1.0
LinkTagNone
0
0
0
4071.793
484.7702
-459.0538
1.0
Obj_BoardWood_Square_01
0
0
0
4013
381.5
-331.5
1.0
FldObj_CliffZoraWall_A_02_Far
0
2.341592
0
4677.945
304.5498
-856.2545
1.1
FldObj_CliffZoraScaffold_A_01
-0.1526084
1.019282
-0.01421987
4068.981
374.0161
-825.9855
1.1
FldObj_PushRockIron_A_M_01
-0.04000779
0.771099
0.02323484
4269.646
373.1815
-704.8454
1.0
Obj_TreeConiferous_A_03
0
-0.9
0
4380.824
383.3223
-712.4222
1.0
LinkTagNone
0
0
0
4347.219
397.7722
-878.6938
1.0
FldObj_CliffZora_A_02_Far
0
0.4599996
0
4153.219
430.1108
-211.3548
1.0
FldObj_CliffZoraWall_A_02_Far
3.118582
0.9215649
3.137633
4175.899
424.6953
-148.7333
1.2
FldObj_CliffZoraWall_A_02
0
1.88
0
4683.429
237.9577
-1054.393
1.0
FldObj_CliffZoraWall_A_04_Far
0
-2.16
0
4605.358
359.9209
-640.3384
1.295217
Obj_RockBroken_A_02
0
-1.570796
0
4697.84
334.47
-547.03
1.0
FldObj_CliffZora_A_04
0
0.5215931
0
4326.03
361.353
-539.4801
1.0
FldObj_CliffZoraWall_A_01_Far
2.960159
0.6817836
-3.118725
4388.792
384.6287
-928.1844
1.0
FldObj_CliffZora_A_06
0
0.2999998
0
4136.51
491.1995
-408.0205
1.1
Area
-0.7861227
-0.1971121
-0.4681848
4152.125
515.3293
-416.0849
2
LinkTagAnd
0
0
0
4448.5
388.5
-844
1.0
FldObj_CliffZora_A_04_Far
0
-1.603185
0
4145.613
361.2342
-528.6655
1.0
FldObj_CliffZoraWall_A_03_Far
-0.2123787
-0.7952313
0.2875901
4195.375
339.5023
-699.8809
1.0
EventTag
0
0.2600018
0
4921.4
110.1
-995.9
1.0
FldObj_CliffZora_A_02_Far
0
1.701602
0
4165.351
414.2592
-77.50198
1.0
FldObj_CliffZoraWall_A_01_Far
0
1.441599
0
4490.428
198.9631
-640.7316
1.0
Npc_HiddenKorokGround
0
2.039997
0
4136.606
521.7107
-408.5667
1.0
FldObj_CliffZoraWall_A_04_Far
0
-2.82
0
4189.415
348.1889
-675.5815
0.65
LinkTagAnd
0
0
0
4106.647
411.1266
-493.9881
1.0
FldObj_CliffZora_A_04
0
0
0
4334.85
375.8676
-689.0621
1.0
FldObj_RockZoraSet_A_05_Far
-0.02589706
-1.283722
-0.1398834
3999.277
355.3111
-318.1955
1.0
LinkTagAnd
0
0
0
4115.44
411.1578
-505.1432
1.0
FldObj_CliffZoraWall_A_03_Far
0.5008084
1.470563
0.4894865
4054.24
376.4089
-867.8229
1.1
LinkTagNAnd
0
-1.308997
0
4235.975
416.3689
-997.2043
1.0
Area
0
0
0
4456.375
390.0301
-843.7813
50
FldObj_RockZoraCliffWall_A_06_Far
-0.313528
-0.6359788
-0.1247647
4110.022
455.1893
-251.1811
1.2
FldObj_CliffZora_A_04
0
0
0
4169.617
365.3353
-566.7188
1.0
LinkTagNone
0
0
0
4450.875
390.0301
-838.2813
1.0
DgnObj_EntranceElevator_A_01
0
0.2271978
0
4194.489
323.1146
-856.8823
1.0
LinkTagAnd
0
0
0
4092.5
385.5
-510.5
1.0
SwitchTimeLag
-2.356919
-0.1971121
-0.4681848
4153.313
517.7396
-415.9481
0.5
Obj_RockSetWhite_A_L_01_Far
0.1583026
-0.2451057
-0.3108179
4308.242
350.8153
-782.7356
1.0
Area
0
1.88
0
4071.793
484.7702
-459.0538
2
FldObj_CliffZoraWall_A_03_Far
-0.01485619
-0.6402974
0.01128655
4273.43
382.814
-920.9608
1.0
Npc_Zora001
0
2.356194
0
4450.375
386.4602
-837.7813
1.0
FldObj_CliffZoraWall_A_01_Far
0
-2.82
0
4152.916
368.8865
-636.7206
1.15
LinkTagNone
0
0
0
4051.325
382.1328
-300.7219
1.0
LinkTagNone
0
0
0
4088.629
461.6266
-484.5416
1.0
FldObj_CliffZoraWall_A_04_Far
-0.0388856
0.7394921
-0.02144284
4706.841
317.9101
-980.8987
1.0
FldObj_RockZoraCliffWall_A_03
0.2540082
-1.126715
-0.6960949
4135.398
401.5939
-173.3543
1.0
FldObj_CliffZoraWall_A_03_Far
0
-1.28
0
4325.634
350.5723
-854.0762
1.0
Area
0
1.343599
0
4208.755
462.674
-528.8008
2
LinkTagAnd
0
0
0
4091.531
461.6578
-498.446
1.0
LinkTagAnd
0
0
0
4088.629
461.6266
-484.5416
1.0
FldObj_CliffZoraScaffold_A_01
0
-0.7399999
0
4623.613
348.4951
-1010.691
1.0
FldObj_CliffZoraWall_A_01_Far
-0.02
1.22
0
4236.841
376.7631
-204.2982
1.0
DgnObj_DLC_ChampionsDungeonEntrance_A_01
0
-1.214824
0
4935.17
105.8
-1002.399
1.0
FldObj_CliffZoraWall_A_02_Far
3.0563
-0.4205785
-3.127586
4176.246
452.0408
-560.7604
1.0
FldObj_CliffZoraWall_A_02
-0.02246515
-0.9599788
0.003106335
4278.286
370.97
-691.3766
0.8
Enemy_AirOctarock
0
-0.7853982
0
4009.514
383.1094
-327.5141
1.0
FldObj_WaterFallBottom_A_01
0
-2.74
0
4100.44
368.537
-479.1879
1.1
LinkTagAnd
0
0
0
4104
438
-496.5
1.0
FldObj_CliffZoraWall_A_03_Far
-3.031084
-0.05450204
-2.862075
4230.864
349.9304
-687.0029
1.0
LinkTagAnd
0
0
0
4108.5
410
-500
1.0
FldObj_CliffZora_A_04
0
1.481593
0
4090.146
344.4518
-899.0017
1.0
FldObj_CliffZoraWall_A_03
0
-2.579998
0
4261.984
384
-655.0625
1.0
FldObj_PushRockIron_A_M_01
-0.1039365
0.7827914
-0.1196284
4276.049
387.2342
-684.6993
0.8
FldObj_CliffZora_A_04_Far
0
0.5215931
0
4326.03
361.353
-539.4801
1.0
LinkTagAnd
0
0
0
4312.286
435.4079
-402.3713
1.0
FldObj_RockZoraLump_A_01
2.521593
-0.5015923
3.141593
4059.508
360.7728
-277.1624
1.0
Enemy_Lizalfos_Middle
0
2.556263
0
4182.068
456.1341
-521.4198
1.0
Enemy_Bokoblin_Senior
0
0.1599907
0
4218.075
380.6949
-160.0693
1.0
LookTag
0
0.8109344
0
4176.83
462.8711
-526.7802
1.0
AirOcta_Tag
0
0
0
4047.5
429.5
-304.5
1.0
FldObj_CliffZoraWall_A_01_Far
-0.07558167
0.8813876
0.07236298
4249.876
448.5141
-376.0155
1.0
LinkTagOr
0
-1.308997
0
4232.168
408.862
-1005.361
1.0
FldObj_CliffZoraWall_A_02_Far
-0.2310069
1.086061
-0.2598209
4245.859
344.9365
-865.6367
1.0
FldObj_CliffZoraWall_A_05_Far
0
-0.84
0
4614.341
333.824
-752.5521
0.6
FldObj_CliffZoraWall_A_03_Far
0
-1.98
0
4359.978
384.8357
-776.8085
1.0
FldObj_CliffZoraWall_A_02
0
1.82
0
4455.852
384.9437
-824.1994
1.0
Obj_TreeConiferous_A_03
0
0
0
4022.942
358.2034
-91.21686
1.0
LinkTagOr
0
0.4000001
0
4616.902
368.9656
-638.2237
1.0
FldObj_CliffZoraHole_A_02_Far
0
0
0
4193.049
323.983
-847.9733
1.0
Enemy_Lizalfos_Middle
0
-1.243186
0
4363.083
377.5742
-632.1317
1.0
FldObj_CliffZoraWall_A_03_Far
0
-0.8799999
0
4321.094
396.0464
-896.9823
1.0
LinkTagAnd
-1.283873
0.5517984
-1.993125
4042.069
352.2926
-664.0307
1.0
FldObj_CliffZoraWall_A_05
0
1.18
0
4666.286
349.6208
-1033.411
1.0
Enemy_Bokoblin_Guard_Junior_TreeHouseTop
0
-1.570796
0
4047.5
380.8589
-304.5
1.0
LinkTagNOr
0
-2.623186
0
4351.504
377.0537
-647.4757
1.0
PlayerOnScaffoldCheckTag
0
0.6364011
0
4194.75
463.2179
-502.9091
1.0
SwitchTimeLag
1.570796
1.261593
3.141593
4074.65
485.7155
-459.9667
0.5
Enemy_AirOctarock
0
-0.7853982
0
4044.014
382.1094
-300.5141
1.0
Obj_Mineral_A_01
-3.117754
0.05332604
-2.860957
4610.309
325.542
-804.8904
1.0
FldObj_CliffZora_A_04_Far
0
0.8999999
0
4350.523
368.2619
-569.8115
1.0
LinkTagAnd
0
0
0
4073.611
426.7656
-215.1093
1.0
FldObj_PushRockIron_A_M_01
-0.02357375
0.7850817
0.02794047
4317.491
372.7525
-751.9848
1.0
LinkTagAnd
0
0
0
4104
441
-496.5
1.0
Npc_HiddenKorokGround
0
0.9599314
0
4232.734
385.9994
-212.3339
1.0
LinkTagAnd
0
0
0
4109.231
439.6265
-500.2469
1.0
FldObj_RockZoraCliffWall_A_03
-0.1956625
1.028259
0.07530328
4204.652
259.9844
-7.873596
1.2
KorokAnswerResponce
0
1.88
0
4075.259
483.7155
-458.0615
1.0
LinkTagAnd
0
0
0
4009.514
429.1094
-327.5141
1.0
FldObj_CliffZoraWall_A_04
-0.0388856
0.7394921
-0.02144284
4706.841
317.9101
-980.8987
1.0
FldObj_CliffZoraWall_A_02_Far
0
3.041593
0
4328.5
357.1406
-793
1.0
Npc_HiddenKorokGround
0
0
0
4332.92
406.9635
-696.6332
1.0
FldObj_CliffZoraScaffold_A_01
0
0.32
0
4630.442
318.982
-745.511
1.0
FldObj_CliffZora_A_04_Far
0
0.9399999
0
4427.855
361.4023
-629.2153
1.0
LinkTagAnd
0
0
0
4098.908
387.1265
-509.9145
1.0
LinkTagAnd
0
0
0
4092.5
388.5
-510.5
1.0
SwitchTimeLag
0
0
0
4879.4
108.4
-995.3
1.0
Obj_RockSetWhite_A_L_01_Far
-1.529627
-0.7496404
-0.4810948
4618.84
361.9655
-620.7355
1.0
FldObj_CliffZoraWall_A_05
0
-0.12
0
4601.832
322.1659
-585.8492
1.0
Npc_HiddenKorokFly
0
1.88
0
4071.793
483.7702
-459.0538
1.0
LinkTagNone
0
0
0
4016.825
383.1328
-327.7219
1.0
FldObj_CliffZoraWall_A_03_Far
0
1.560993
0
4209.501
481.0442
-394.5101
1.0
FldObj_CliffZoraWall_A_05
0
-0.84
0
4614.341
333.824
-752.5521
0.6
FldObj_PushRockIron_A_M_01
0.06555586
0.7929837
-0.02579372
4314.361
372.3999
-748.2735
1.0
FldObj_PushRock_A_M_01
0.1210423
0.7776716
0.08869345
4099.026
337.6578
-772.3088
0.6
FldObj_CliffZoraWall_A_01_Far
-0.01479061
0.9005478
0.03217439
4287.156
378.4778
-360.5146
1.0
FldObj_CliffZoraWall_A_04
0
-2.82
0
4189.415
348.1889
-675.5815
0.65
LinkTagAnd
0
0
0
4927.2
105.6
-998.9
1.0
Obj_RockSetWhite_A_L_01_Far
0
-1.26
0
4221.628
340.7559
-663.7466
1.0
Weapon_Lsword_031
-0.09867799
-0.01647733
0.1574178
4582.921
333.8819
-637.3934
1.0
Obj_BoardWood_Triangle_01
0
2.428928
0
4092.5
385.5
-510.5
1.0
LinkTagAnd
0
0
0
4016.686
429.0547
-335.4484
1.0
Obj_TreeApple_A_M_01
0
-1.308997
0
4235.677
408.862
-1005.681
1.0
Enemy_Bokoblin_Guard_Junior_TreeHouseTop
0
-1.570796
0
4047.5
427
-304.5
1.0
LinkTagOr
-0.7089946
1.0731
-0.7733612
4153.653
510.2085
-437.457
1.0
LinkTagAnd
0
0
0
4013
430.5
-331.5
1.0
FldObj_CliffZoraWall_A_02_Far
0
-0.8631859
0
4300.049
394.4438
-881.9873
1.0
FldObj_CliffZoraWall_A_02
-0.6545935
1.400499
-0.6592136
4068.914
342.0955
-794.4313
1.0
AnchorAction1
0
1.509066
0
4184.831
456.0899
-525.5873
1.0
FldObj_CliffZoraWall_A_02_Far
-0.1203993
-0.1028975
0.004812685
4047.12
362.4222
-811.3593
1.0
FldObj_PushRockIron_A_M_01
0.2746173
0.8093832
-0.3147196
4275.688
373.0095
-699.1842
0.9
LinkTagAnd
0
0
0
4104.5
438.5
-496.5
1.0
AirOcta_Tag
0
0
0
4013
430.5
-331.5
1.0
FldObj_PushRock_A_M_01
0.1320961
0.783834
0.0687866
4097.401
338.5221
-767.1604
1.3
FldObj_CliffZoraWall_A_02
0
2.341592
0
4677.945
304.5498
-856.2545
1.1
LinkTagNAnd
0
-1.214824
0
4934.121
119.1659
-1000.806
1.0
Enemy_Moriblin_Senior
0
2.601583
0
4215.934
380.6873
-152.6082
1.0
Obj_TreeConiferous_A_03
0
1.22
0
4093.013
353.1157
-854.2971
1.0
WallCrack
0
-1.9
0
4609.611
325.504
-805.7216
1.0
FldObj_FallingRock_B_02
3.131581
-0.06056754
-2.93618
4327.456
383.8301
-403.8223
1.0
FldObj_CliffZoraWall_A_03
-0.01485619
-0.6402974
0.01128655
4273.43
382.814
-920.9608
1.0
FldObj_CliffZoraWall_A_01_Far
3.129925
0.6800474
-3.131104
4216.881
454.4969
-535.287
1.0
FldObj_CliffZoraWall_A_03
-0.01215471
0.1996353
0
4184.738
381.039
-935.5471
1.0
Obj_TreeConiferous_A_03
0
-1.24
0
4375.624
386.4598
-858.9327
1.0
Area
-1.570796
-0.07999999
3.501933E-09
4318.606
370.5661
-408.5983
1.0
LinkTagOr
0
0
0
4448.5
389.5
-844.5
1.0
FldObj_CliffZoraWall_A_05_Far
0
-0.221591
0
4669.977
297.3737
-980.2037
1.0
Obj_MineralBury_A_01
0
-2.740001
0
4676.661
362.1703
-632.1227
1.0
FldObj_CliffZoraWall_A_03
-0.05856562
0.6856296
0.08914556
4184.324
426.7226
-197.2315
1.0
LinkTagNAnd
-0.7861227
-0.1971121
-0.4681848
4151.759
519.3186
-415.6469
1.0
LinkTagNAnd
0
-2.623186
0
4348.77
377.0732
-638.6708
1.0
Obj_LiftRockWhite_A_01
-2.342894
1.445637
-2.383203
4042.214
351.469
-661.9569
1.0
FldObj_RockZoraCliffWall_A_05_Far
0.9476029
-1.364167
-1.79219
4099.825
384.0039
-106.8314
1.0
TBox_Field_Wood
0
-3.141593
0
4088
460.3461
-490
1.0
LinkTagAnd
-3.136621
1.101459
-3.019859
4136.539
524.221
-408.1265
1.0
LinkTagAnd
0
-1.570796
0
4697.839
338.2005
-547.53
1.0
FldObj_CliffZora_A_04_Far
0
2.183186
0
4012.547
361.481
-856.4692
1.0
Enemy_AirOctarock
0
0.7853981
0
4109.925
439.6578
-491.775
1.0
LinkTagAnd
0
0
0
4009.375
383.1094
-335.2406
1.0
FldObj_CliffZoraWall_A_03
-0.09999781
1.544779
2.25561E-06
4037.614
342.9292
-749.9088
1.0
FldObj_CliffZoraScaffold_A_01
0
-2.419999
0
4613.459
333.1238
-665.5404
1.2
LinkTagAnd
0
0.5184069
0
4343.583
397.0623
-631.1816
1.0
LinkTagNone
0
0
0
4199.489
460.6028
-545.5419
1.0
FldObj_CliffZoraWall_A_05_Far
0
-3.061592
0
4641.584
347.8242
-812.4937
1.0
FldObj_CliffZoraWall_A_03_Far
0.1227905
0.6179728
0.07230444
3986.114
512.2961
-493.9796
1.0
Npc_HiddenKorokGround
0
-1.341592
0
4080.406
421.4792
-216.7825
1.0
FldObj_CliffZoraScaffold_A_01
0
-1.22
0
4269.289
300.5
-796.3359
1.0
Area
0
-1.80706
0
4176.296
463.0711
-527.8207
2
Obj_Plant_Korok_A_01
-2.35547
0.197112
2.673408
4151.594
514.6477
-415.2522
1.0
KorokAnswerResponce
0
-1.308997
0
4230.365
411.362
-1004.257
0.5
FldObj_CliffZoraWall_A_05_Far
0
-0.28
0
4582.944
243.9838
-940.4381
1.0
EnemyLookTag
0
-1.761662
0
4687.046
306.4406
-851.2694
1.0
FldObj_CliffZoraWall_A_05
0
-1.861592
0
4631.487
349.425
-1033.249
1.0
FldObj_PushRockIron_A_M_01
-0.05324431
0.78748
0.01110705
4271.972
373.2682
-700.0215
0.9
LinkTagOr
0
0
0
4076.449
427.3968
-206.0707
1.0
FldObj_CliffZoraWall_A_01_Far
0
1.740001
0
4483.626
198.7355
-827.099
1.2
DestinationAnchor
0
1.40317
0
4929.258
106.8
-998.6003
1.0
Enemy_AirOctarock
0
-2.356194
0
4009.375
429.1094
-335.2406
1.0
Enemy_AirOctarock
0
-2.094395
0
4083.527
461.6265
-495.5833
1.0
FldObj_PushRockIron_A_M_01
0.0076907
0.783793
-0.00889553
4276.303
373.2381
-706.9269
0.9
FldObj_CliffZora_A_04_Far
0
0.4168148
0
4424.759
369.8458
-771.5913
1.0
FldObj_RockZoraCliffWall_A_05
-0.2637123
1.029233
0.74343
4103.579
391.7913
-72.33133
1.0
FldObj_CliffZoraWall_A_03
0.1227905
0.6179728
0.07230444
3986.114
512.2961
-493.9796
1.0
LinkTagAnd
0
0
0
4016.825
383.1328
-327.7219
1.0
FldObj_CliffZoraScaffold_A_01
0
-2.34
0
4583.983
333.7857
-635.6663
1.1
FldObj_CliffZoraWall_A_01
-0.1081524
0.5522987
0.08840489
4203.786
447.7637
-316.4022
1.0
LinkTagAnd
0
0
0
4880.666
113.4
-999.45
3
FldObj_PushRock_A_M_01
-0.1817559
0.7752565
-0.1767269
4207.339
334.4128
-742.5162
1.0
AirOcta_Tag
0
-1.308997
0
4088.5
463
-491.5
1.0
LookTag
0
0.2271978
0
4196.854
322.1144
-846.6522
1.0
FldObj_FallingRock_B_03
0
0.3490658
0
4302.575
453.8802
-416.2053
0.9
FldObj_RockZoraLump_A_02
1.472346
1.430939
1.645318
4179.186
336.317
-11.129
1.0
FldObj_CliffZoraWall_A_01_Far
-0.05764786
0.9592367
-0.02233913
4067.906
350.3172
-849.7731
1.0
LinkTagAnd
0
0
0
4013
381.5
-331.5
1.0
LinkTagAnd
0
0
0
4452.536
392.8883
-841.3925
1.0
FldObj_CliffZoraWall_A_04_Far
0
0
0
4639.088
299.0878
-742.8048
1.0
FldObj_CliffZoraWall_A_05
0
1.781593
0
4599.157
244.1804
-948.1643
1.0
FldObj_CliffZoraWall_A_02
0
3.060001
0
4660.052
279.116
-1067.406
1.0
FldObj_CliffZoraWall_A_03
3.081593
0.3417033
3.141593
4177.048
479.6715
-458.5636
1.0
FldObj_CliffZoraWall_A_03
0.5008084
1.470563
0.4894865
4054.24
376.4089
-867.8229
1.1
SignalFireWood
0
0
0
4448.875
386.5493
-843.7813
1.0
FldObj_CliffZoraWall_A_03
-0.01608104
0.159357
0.0006560352
4106.676
380.1254
-923.0402
1.0
LinkTagAnd
0
0
0
4193.58
329.6719
-856.5688
1.0
Enemy_AirOctarock
0
-1.570796
0
4097.245
439.6266
-498.1766
1.0
LinkTagAnd
-0.003838984
-0.2410934
-0.5702943
4803.7
6.2
-1103.7
1.0
FldObj_CliffZoraWall_A_02_Far
-1.496132
1.49027
-1.4565
4321.357
380.4614
-481.8101
1.0
FldObj_CliffZora_A_05_Far
0
-1.78
0
4360.11
382.6026
-753.2709
1.0
FldObj_CliffZoraWall_A_02
0
1.899999
0
4077.94
333.9119
-700.7534
1.1
Obj_BoardWood_Square_01
0
0
0
4047.5
380.5
-304.5
1.0
FldObj_CliffZoraWall_A_05_Far
0
2.281593
0
4648.842
358.5093
-642.831
1.0
FldObj_PushRock_A_M_01
0.07163551
0.7841697
0.04958489
4094.777
337.8676
-769.8823
0.6
Area
0
1.659978
0
4042.214
352.3111
-661.9569
0.8567281
FldObj_CliffZoraWall_A_05
0
2.38
0
4665.058
311.5128
-832.8016
1.0
FldObj_CliffZoraWall_A_05
0
0
0
4651.754
349.4436
-1019.516
1.0
EnemyLookTag
0
-0.5400091
0
4218.505
380.7061
-156.8967
1.0
FldObj_CliffZoraWall_A_01
0
1.661601
0
4493.781
201.5264
-728.9965
1.1
LinkTagAnd
0
0
0
4051.186
382.0547
-308.4484
1.0
Obj_RockSetWhite_A_L_01_Far
0
0
0
4074.157
338.6552
-654.822
1.0
FldObj_CliffZoraWall_A_05_Far
0
1.06
0
4665.196
359.6641
-621.0512
1.0
FldObj_CliffZoraWall_A_01
-0.04
1.48
0
4247.701
376.6927
-280.0588
1.0
Item_Fruit_A
0
-1.308997
0
4241.71
412.372
-998.0957
1.0
LinkTagAnd
0
-2.56
0
4739.056
300.9495
-991.7672
1.0
Area
0
0.7999996
0
4073.187
423.6156
-215.1031
0.1
LinkTagAnd
0
-1.308997
0
4240.883
419.8221
-999.6343
1.0
EnemyChatFortMgrTag
0
-0.5400091
0
4218.505
380.6873
-156.8967
1.0
Obj_Plant_Korok_A_01
-2.442811
-1.084485
2.800747
4083.128
496.5292
-424.806
1.0
Obj_Plant_Korok_A_01
-2.427122
1.350646
-2.760801
4139.2
521.1926
-409.9063
1.0
FldObj_CliffZoraWall_A_04
0
2.359999
0
4591.52
348.2564
-954.3873
1.0
FldObj_CliffZoraWall_A_02
0
-1.643186
0
4329.695
382.8281
-741.7588
1.0
FldObj_CliffZoraWall_A_02
3.118582
0.9215649
3.137633
4175.899
424.6953
-148.7333
1.2
FldObj_PushRockIron_A_M_01
-0.01926824
0.7830833
0.06380208
4283.407
374.0851
-702.5952
1.0
Area
0
0.09999805
0
4910
110.8
-1003.5
100
FldObj_PushRockIron_A_M_01
-0.0334564
0.003698848
-0.09425053
4305.135
372.518
-757.9749
0.9
FldObj_RockZoraLump_A_02_Far
-0.3424211
-0.8754601
0.1271537
4086.905
476.6165
-365.8829
1.0
LinkTagAnd
0
0
0
4044.014
382.1094
-300.5141
1.0
TBox_Field_Wood
0
-1.570796
0
4111
409.9401
-502
1.0
Area
0
0.34
0
4686.574
287.5068
-919.5881
1.0
LinkTagOr
0
0
0
4452.659
441.5301
-834.0291
1.0
LinkTagAnd
0
0
0
4049
426.942
-305
1.0
FldObj_CliffZoraWall_A_04
0
-0.5799999
0
4591.132
348.7166
-950.2949
1.0
Enemy_Lizalfos_Middle
0
0.6999993
0
4352.776
377.8406
-635.1824
1.0
FldObj_CliffZoraWall_A_02
-0.2310069
1.086061
-0.2598209
4245.859
344.9365
-865.6367
1.0
FldObj_CliffZoraWall_A_02
0
2.981592
0
4205.453
371.6953
-654.2422
1.1
LinkTagAnd
0
-2.623186
0
4343.805
377.0422
-636.3834
1.0
FldObj_CliffZoraWall_A_01_Far
0
1.96
0
4457.839
200.3727
-933.5353
1.2
FldObj_CliffZora_A_02_Far
0
-0.6800004
0
4183.986
422.1186
-73.85452
1.0
EventTag
0
1.334533
0
4183.596
476.0554
-535.1426
1.0
LinkTagAnd
0
0
0
4082.792
497.6233
-425.1668
1.0
Enemy_Lizalfos_Junior
0
-2.679724
0
4187.059
456.1321
-521.1112
1.0
FldObj_CliffZoraWall_A_01
3.114611
1.199962
3.133892
4037.944
481.3662
-484.5869
1.0
FldObj_CliffZora_A_04_Far
0
-2.183185
0
4426.356
368.3527
-807.1542
1.0
LinkTagAnd
0
0
0
4699.347
329.0246
-780.4579
1.0
FldObj_CliffZoraWall_A_05_Far
0
0.3
0
4619.793
317.1813
-581.2258
1.143685
ChangeWeatherTag
0
0.44
0
4756.715
397.0151
-943.3212
10
FldObj_CliffZoraScaffold_A_01
0
-2.26
0
4312.373
364.6859
-778.7928
1.0
FireWoodDie
0
2.819999
0
4356.945
377.6535
-630.2129
1.0
Enemy_AirOctarock
0
0.7853982
0
4051.325
428.1328
-300.7219
1.0
FldObj_CliffZoraWall_A_05
3.101593
0.5415925
-3.141592
4207.367
422.8692
-116.7443
1.1
FldObj_PushRock_A_M_01
-2.975668
-0.4258303
-2.96451
4582.225
335.2279
-637.4845
1.0
LinkTagAnd
0
0
0
4153.436
508.5115
-436.8975
1.0
FldObj_CliffZoraWall_A_01
3.129925
0.6800474
-3.131104
4216.881
454.4969
-535.287
1.0
Enemy_Lizalfos_Guard_Junior_LongVisibility
0
1.343599
0
4208.755
460.7616
-528.8008
1.0
FldObj_CliffZoraWall_A_04
0
-1.060001
0
4574.627
280.1275
-943.2512
1.0
FldObj_CliffZoraWall_A_04_Far
0
0
0
4692.006
318.0709
-542.8691
1.0
LinkTagAnd
0
-0.8599998
0
4239.026
412.3841
-998.6369
1.0
FldObj_CliffZoraWall_A_05
0
2.281593
0
4648.842
358.5093
-642.831
1.0
FldObj_CliffZoraWall_A_05_Far
0
1.06
0
4667.128
352.3618
-783.0112
1.0
FldObj_CliffZoraWall_A_05_Far
0
1.781593
0
4599.157
244.1804
-948.1643
1.0
AnchorAction1
0
1.885325
0
4456.375
387.3791
-843.7813
1.0
LinkTagAnd
0
0
0
4047.5
383.5
-304.5
1.0
LinkTagAnd
0
0.44
0
4655.257
534.4504
-913.5406
5
FldObj_PushRock_A_M_01
-3.055683
-0.4710354
2.90362
4042.2
353.3909
-662.2535
1.0
FldObj_CliffZoraWall_A_02_Far
3.0411
-0.6939587
-2.985227
4272.563
370.8398
-707.0485
0.8
LinkTagAnd
0
0
0
4051.325
428.1328
-300.7219
1.0
FldObj_CliffZoraWall_A_01_Far
3.121906
-1.221663
3.120662
4159.205
453.1852
-497.8718
1.0
FldObj_CliffZoraWall_A_03
0
1.560993
0
4209.501
481.0442
-394.5101
1.0
SwitchTimeLag
0
-2.623186
0
4350.876
397.0408
-631.7888
1.0
FldObj_CliffZoraScaffold_A_01
0
-2.240002
0
4267.348
271.9122
-742.2009
1.0
PlayerOnScaffoldCheckTag
0
1.108997
0
4197.261
462.5152
-541.0656
1.0
FldObj_CliffZoraWall_A_01
3.042902
1.401085
3.080688
4450.107
382.4998
-774.1365
1.0
FldObj_RockZoraCliffWall_A_05_Far
-0.4287837
1.113889
0.3018484
4073.768
374.784
-10.30457
0.9
FldObj_CliffZoraWall_A_02
3.080921
1.02201
-3.120535
4290.635
371.9333
-710.0155
0.8
FldObj_CliffZoraWall_A_04
0
0.34
0
4670.626
322.0114
-756.4921
1.1
FldObj_SoilRockZoraVent_A_01_Far
0
-1.010798
0
4099.479
293.9766
-674.4059
1.4
FldObj_CliffZoraWall_A_04_Far
0
-0.5799999
0
4591.132
348.7166
-950.2949
1.0
LinkTagAnd
0
-1.80706
0
4185.559
456.0816
-531.775
1.0
FldObj_CliffZoraScaffold_A_01
-0.05692335
0.5010908
-0.04418077
4075.382
378.2269
-883.8424
1.0
LinkTagAnd
0
2.121591
0
4863.1
110.1
-980.6
1.0
LinkTagAnd
0
0
0
4043.875
428.1094
-308.2406
1.0
FldObj_CliffZoraWall_A_02
3.0411
-0.6939587
-2.985227
4272.563
370.8398
-707.0485
0.8
LinkTagOr
0
1.200001
0
4048.887
485.7181
-433.168
1.0
Obj_RockSetWhite_A_L_01
1.26
-0.2200001
0
4330.183
371.9388
-622.4796
1.0
FldObj_CliffZoraWall_A_03_Far
0.0405093
-0.252757
0.2344011
4002.071
363.3484
-847.6437
1.0
FldObj_CliffZora_A_01
0
2.22
0
4100.382
472.2574
-415.2092
0.9
Enemy_Bokoblin_Senior
0
-0.3656056
0
4348.876
397.6876
-884.3065
1.0
Enemy_Bokoblin_Senior
0
-0.5856041
0
4347.219
397.7722
-878.6938
1.0
FldObj_CliffZoraWall_A_03_Far
-0.02448395
0.5212276
0.04023506
4174.757
478.5854
-336.8192
1.0
FldObj_CliffZoraWall_A_01_Far
-3.101593
0.02159397
3.141593
4146.964
332.3701
-731.6978
1.0
FldObj_CliffZoraWall_A_05
0
1.06
0
4665.196
359.6641
-621.0512
1.0
LinkTagOr
0
1.841587
0
4114.886
504.6216
-438.1469
1.0
Area
0
-1.308997
0
4238.89
414.2815
-999.9252
0.3
FldObj_CliffZoraWall_A_03
0.0405093
-0.252757
0.2344011
4002.071
363.3484
-847.6437
1.0
FldObj_KorokStone_A_01
0
0.7999996
0
4073.611
422.7656
-215.1093
1.0
FldObj_CliffZoraWall_A_06
0
-2.860001
0
4109.096
478.4496
-455.1193
0.9
LinkTagOr
0
-1.570796
0
4697.84
338.2005
-546.53
1.0
SwitchTimeLag
0
-1.80706
0
4189.321
476.0612
-523.8779
1.0
ActorObserverTag
0
-1.308997
0
4236.773
412.0674
-994.2236
1.5
LinkTagOr
-2.342894
1.445637
-2.383203
4042.263
354.0139
-662.6855
1.0
FldObj_CliffZoraWall_A_01
-0.05619777
0.5218132
0.02513934
4204.322
376.9895
-144.6117
1.0
EventTag
0
-1.738423
0
4930.244
106.8
-998.4335
1.0
Enemy_AirOctarock
0
2.356194
0
4016.686
383.0547
-335.4484
1.0
Enemy_Bokoblin_Senior
0
0.06878979
0
4342.542
397.7844
-881.4112
1.0
LinkTagAnd
0
0
0
4013
428
-331.5
1.0
FldObj_CliffZoraWall_A_01_Far
-0.1081524
0.5522987
0.08840489
4203.786
447.7637
-316.4022
1.0
FldObj_CliffZoraWall_A_01
-0.05764786
0.9592367
-0.02233913
4067.906
350.3172
-849.7731
1.0
Area
0
-1.308997
0
4238.372
415.6252
-998.9613
0.3
SignalFlowchart
0
0.2600018
0
4923.2
110.1
-996.9
1.0
FldObj_CliffZora_A_04
0
0.9399999
0
4427.855
361.4023
-629.2153
1.0
FldObj_CliffZora_A_04
0
-2.183185
0
4426.356
368.3527
-807.1542
1.0
FldObj_CliffZora_A_04_Far
0
-0.6631858
0
4386.043
365.004
-669.6026
1.0
FldObj_PushRockIron_A_M_01
-0.06086888
0.7796287
-0.07693136
4273.508
373.3336
-703.5013
1.0
FldObj_CliffZoraWall_A_04_Far
0
0
0
4662.809
297.4448
-860.5178
1.0
FldObj_CliffZoraWall_A_02_Far
0
-0.96
0
4301.99
335.1169
-778.6416
1.0
Obj_TreeConiferous_A_03
0
0.8400002
0
4228.298
351.1406
-911.772
1.0
LinkTagAnd
0
0
0
4047.5
426.5
-304.5
1.0
FldObj_CliffZoraWall_A_01
3.060175
1.061584
3.139951
4262.823
452.2265
-450.4017
1.1
Obj_RockSetWhite_A_L_01
-3.066688
-0.4646031
-2.912158
4087.097
249.7272
-802.8323
1.0
LinkTagAnd
0
0
0
4686.574
287.5068
-919.5881
1.0
LinkTagNAnd
-0.6987819
1.084485
-0.3408457
4083.966
500.7168
-422.8664
1.0
DgnObj_EntranceTerminal_A_01
0
-0.296401
0
4197.789
323.1146
-851.487
1.0
LinkTagNone
0
0
0
4237.842
372.7301
-194.0686
1.0
MoveTriggerTag
0
1.570796
-0.8599998
4298.928
457.1768
-416.1652
1.0
FldObj_SoilRockZoraVent_A_01
0
-1.010798
0
4099.479
293.9766
-674.4059
1.4
FldObj_CliffZoraWall_A_03_Far
-0.01215471
0.1996353
0
4184.738
381.039
-935.5471
1.0
Obj_Mineral_B_01
0
0.4800003
-0.16
4675.341
362.3841
-633.826
1.0
ActorObserverTag
0
-1.308997
0
4240.761
413.2262
-992.8157
1.5
Npc_HiddenKorokGround
0
-0.8599998
0
4239.353
409.8841
-998.2581
1.0
FldObj_CliffZoraWall_A_07_Far
0
-2.38
0
3963.236
367.9947
-830.8019
1.0
LinkTagAnd
0
0
0
4681.445
371.2945
-631.3077
1.0
LinkTagAnd
0
0
0
4152.125
515.3293
-416.0849
1.0
FldObj_CliffZoraWall_A_02
3.061197
0.2826856
-3.072099
4260.902
318.8989
-725.0039
0.8
FldObj_CliffZoraWall_A_04
0
2.903186
0
4692.049
317.8079
-549.5204
1.0
LinkTagAnd
-0.4226356
0.7208667
-1.389317
4233.881
386.8994
-213.9722
1.0
LinkTagAnd
0
0.4000001
0
4615.981
368.9656
-637.8339
1.0
FldObj_CliffZoraScaffold_A_01
0
0
0
4619.703
348.3365
-592.0529
1.0
DgnObj_DungeonEntrance_A_01_Far
0
0.2271978
0
4194.489
322.1144
-856.8823
1.0
LinkTagAnd
0
0
0
4600.228
333.9509
-808.6016
1.0
LinkTagAnd
0
0
0
4047.5
380.5
-304.5
1.0
FldObj_CliffZoraWall_A_02
0
1.721593
0
4483.639
360.2654
-635.8411
1.0
FldObj_CliffZoraWall_A_05_Far
0
-3.1
0
4629.419
247.186
-671.4796
1.0
Area
0
-2.73616
0
4099.552
368.3428
-481.3813
1.0
FldObj_CliffZora_A_04_Far
0
2.999811
0
4401.163
354.3611
-590.7549
1.0
EnemyFortressMgrTag
0
1.509066
0
4184.831
456.0899
-525.5873
1.0
FldObj_CliffZoraWall_A_02_Far
0
-0.9031863
0
4275.328
366.5469
-880.7188
1.0
LinkTagAnd
0
-0.8599998
0
4236.15
417.183
-992.8676
1.0
LinkTagAnd
0
2.121591
0
4864
115.1
-983.3
1.0
FldObj_SoilRockZoraVent_A_01
-0.2358939
-0.8472559
0.3839779
4175.478
301.0718
-681.8445
1.0
Obj_TreeConiferous_A_03
0
2.801594
0
4145.313
375.0181
-594.2236
1.0
LinkTagAnd
0
-1.80706
0
4179.473
456.0711
-518.6536
1.0
Area
0
0.2600004
0
4927.2
105.6
-998.9
5
PlayerInAreaAutoEnemyForbidTag
0
0
0
4448.159
443.0301
-843.0291
1.0
LinkTagAnd
0
0
0
4114.886
502.8216
-438.1469
1.0
FldObj_CliffZoraWall_A_02_Far
3.061197
0.2826856
-3.072099
4260.902
318.8989
-725.0039
0.8
Area
-0.7089946
1.0731
-0.7733612
4153.436
508.5115
-436.8975
2
FldObj_PushRockIron_A_M_01
-0.08431042
0.7833915
-0.057026
4271.472
387.7563
-680.2169
1.2
WallCrack
3.001593
1.338408
-3.141592
4724.421
297.5355
-989.0172
1.0
LinkTagAnd
0
-0.08000004
0
4923.5
190.2
-950.5
5
LinkTagNone
0
0
0
4927.2
105.6
-998.9
1.0
FldObj_CliffZoraWall_A_05
0
-0.7615924
0
4596.769
351.3524
-608.68
1.0
Obj_RockSetWhite_A_L_01
0
0
0
4074.157
338.6552
-654.822
1.0
FldObj_CliffZoraWall_A_02
0
-0.9031863
0
4275.328
366.5469
-880.7188
1.0
FldObj_CliffZoraScaffold_A_01
0
1.52
0
4689.473
322.7052
-785.1917
1.0
LinkTagAnd
0
0
0
4051.325
382.1328
-300.7219
1.0
FldObj_CliffZoraWall_A_01_Far
3.114611
1.199962
3.133892
4037.944
481.3662
-484.5869
1.0
FldObj_CliffZoraWall_A_01_Far
-0.05619777
0.5218132
0.02513934
4204.322
376.9895
-144.6117
1.0
LinkTagNAnd
0
-1.308997
0
4236.773
413.4549
-994.2236
1.0
FldObj_CliffZoraWall_A_02
3.07788
-0.7665744
3.059334
4164.225
452.8473
-547.5621
1.0
Enemy_AirOctarock
0
0.7853982
0
4051.325
382.1328
-300.7219
1.0
Enemy_Bokoblin_Guard_Junior_TreeHouseTop
0
-1.047198
0
4104.5
438.5
-496.5
1.0
FldObj_CliffZoraWall_A_04
3.104596
-1.241287
-3.09056
4125.076
477.9849
-474.5688
1.0
FldObj_CliffZoraScaffold_A_01
3.141593
-1.301593
-3.141592
4579.231
336.4701
-962.1553
1.0
Obj_BoardWood_Triangle_01
0
-1.770797
0
4109.632
409.5
-500.2751
1.0
Item_Fruit_A
0
0.08726633
0
4241.898
413.122
-999.1298
1.0
FldObj_CliffZora_A_04
0
2.999811
0
4401.163
354.3611
-590.7549
1.0
FldObj_RockZoraLump_A_02_Far
0.2159989
-1.32272
-0.4906064
4042.494
373.0742
-219.7108
0.8
ActorObserverTag
0
0.7999996
0
4073.258
424.7656
-215.1042
1.0
FldObj_CliffZoraScaffold_A_01
0
3.063186
0
4146.539
309.9531
-751.125
0.9
Item_Fruit_A
0
-1.308997
0
4238.89
414.2783
-999.9252
1.0
Enemy_Lizalfos_Senior
0
2.819999
0
4355.049
377.4998
-624.5205
1.0
LinkTagAnd
-0.7861227
-0.1971121
-0.4681848
4153.509
518.4335
-415.2552
1.0
Obj_SweepCollision
0
-1.214824
0
4936.108
120.8
-1002.748
1.0
Area
0
-2.623186
0
4344.825
384.0507
-643.9787
2
FldObj_CliffZora_A_02
0
1.701602
0
4165.351
414.2592
-77.50198
1.0
FldObj_CliffZoraWall_A_05_Far
0
2.38
0
4665.058
311.5128
-832.8016
1.0
LinkTagNone
0
0
0
4317.578
373.1362
-751.9438
1.0
LinkTagAnd
0
0
0
4043.875
382.1094
-308.2406
1.0
LinkTagAnd
0
0
0
4923.5
190.2
-950.5
1.0
DgnObj_EntranceElevatorSP
0
-1.214824
0
4935.17
106.8002
-1002.399
1.0
Area
0
0.7999996
0
4073.605
423.0156
-215.5335
0.1
FldObj_CliffZora_A_02_Far
0
-0.9600002
0
4115.435
481.5374
-382.8995
1.0
LinkTagOr
-1.147627
0.2521612
0.3872893
4075.449
422.8968
-206.0707
1.0
LinkTagOr
0
1.480012
0
4145.175
407.8148
-593.647
1.0
FldObj_CliffZoraWall_A_04_Far
0
0.34
0
4670.626
322.0114
-756.4921
1.1
FldObj_CliffZoraWall_A_02_Far
0
1.899999
0
4077.94
333.9119
-700.7534
1.1
FldObj_CliffZoraWall_A_05_Far
0
2.541593
0
4608.095
265.4792
-1068.504
1.0
LookTagAoC
0
-1.214824
0
4925.797
105.8
-998.9141
1.0
FldObj_CliffZoraWall_A_01_Far
0.0142484
0.9799091
-0.007166251
4209.549
423.6317
-72.67664
1.0
LinkTagAnd
0
-2.360001
0
4965.2
112
-1032.1
5
LinkTagAnd
0
0
0
4099.552
368.3428
-481.3813
1.0
AirOcta_Tag
0
3.141593
0
4104
441
-496.5
1.0
FldObj_CliffZoraScaffold_A_01
0
0.8584067
0
4071.016
337.8672
-824.5781
1.0
FldObj_CliffZoraScaffold_A_01
-1.774769
-1.384266
1.839211
4333.93
356.5739
-811.7214
1.0
LinkTagNone
0
0
0
4218.075
380.6949
-160.0693
1.0
LinkTagAnd
0
0
0
4047.5
429.5
-304.5
1.0
FldObj_CliffZoraWall_A_02_Far
0
-2.259999
0
4634.128
267.4663
-839.2272
1.0
FldObj_CliffZoraWall_A_03
0
-1.68
0
4292.561
291.2274
-751.0148
1.0
Obj_RockSetWhite_A_L_01
-1.529627
-0.7496404
-0.4810948
4618.84
361.9655
-620.7355
1.0
FldObj_RockZoraCliffWall_A_05
-0.4287837
1.113889
0.3018484
4073.768
374.784
-10.30457
0.9
WallCrack
0
1.56
0
4691.66
322.5798
-783.6584
1.0
SwitchTimeLag
-2.279791
1.0731
-0.7733612
4155.517
510.2085
-436.7322
0.5
FldObj_CliffZora_A_04_Far
0
-1.92
0
4642.949
346.5399
-784.9551
0.8
Area
0
-1.308997
0
4240.26
413.6252
-1001.303
0.3
PosAfterDemoSkip
0
-2.914395
0
4195.938
323.1144
-850.1703
1.0
WallCrack
2.841592
1.278408
-3.141592
4676.58
361.5174
-633.666
1.0
LinkTagAnd
0
0.9599314
0
4232.447
388.4994
-211.9242
1.0
FldObj_RockZoraLump_A_02
-0.1292021
0.4786139
-0.02414745
4145.074
331.8098
30.20215
1.0
FldObj_SoilRockZoraVent_A_01
0
-1.1
0
4300.292
300.1797
-732.4352
1.3
ActorObserverTag
0
-1.308997
0
4236.256
412.8174
-996.1555
1.5
FldObj_CliffZoraWall_A_05_Far
0
-1.861592
0
4631.487
349.425
-1033.249
1.0
Enemy_Bokoblin_Senior
0
0.7887905
0
4337.238
397.782
-878.0784
1.0
LinkTagAnd
0
0
0
4088.5
460.5
-493
1.0
Enemy_Lizalfos_Middle
0
-2.079999
0
4347.773
397.6204
-869.7109
1.0
FldObj_RockZoraLump_A_01
2.661593
-1.361593
3.141593
4027.988
357.1153
-128.1445
0.8
Enemy_AirOctarock
0
0.2617995
0
4088.629
461.6266
-484.5416
1.0
FldObj_CliffZoraWall_A_03
0.1520248
1.437284
0.2689944
4221.786
429.7506
-264.3225
1.0
FldObj_CliffZoraWall_A_05
0
-0.221591
0
4669.977
297.3737
-980.2037
1.0
LinkTagOr
0
0.2600018
0
4927.6
112.6
-999.2
1.0
FldObj_CliffZoraWall_A_05
0
0.08000007
0
4677.397
324.5927
-998.6505
1.0
FldObj_CliffZora_A_04_Far
0
-2.38
0
4230.224
378.6864
-997.4528
1.0
FldObj_CliffZoraWall_A_04_Far
0
2.903186
0
4692.049
317.8079
-549.5204
1.0
Enemy_AirOctarock
0
2.617994
0
4091.531
461.6578
-498.446
1.0
FldObj_CliffZoraWall_A_03
0
-0.8799999
0
4321.094
396.0464
-896.9823
1.0
FldObj_CliffZoraScaffold_A_01
0
-2.039998
0
4272.76
279.8719
-748.7141
1.0
LinkTagOr
0
-1.308997
0
4242.618
409.0668
-993.2202
1.0
LinkTagAnd
0
0
0
4051.186
428.0547
-308.4484
1.0
FldObj_CliffZoraWall_A_02
-3.121593
0.09840646
3.141593
4630.376
334.2433
-671.9814
1.0
FldObj_CliffZoraWall_A_01_Far
0
1.36
0
4294.038
204.7123
-297.6418
1.4
FldObj_CliffZoraWall_A_01_Far
3.090111
1.24149
3.129247
4431.121
384.3898
-866.244
1.0
FldObj_CliffZora_A_04_Far
0
0
0
4169.617
365.3353
-566.7188
1.0
FldObj_CliffZoraWall_A_05_Far
0
-0.12
0
4601.832
322.1659
-585.8492
1.0
FldObj_CliffZoraWall_A_02_Far
-0.02246515
-0.9599788
0.003106335
4278.286
370.97
-691.3766
0.8
FldObj_CliffZoraWall_A_05
0
0
0
4650.665
358.3853
-607.1564
1.0
Enemy_AirOctarock
0
2.356194
0
4109.231
439.6265
-500.2469
1.0
Enemy_AirOctarock
0
2.356194
0
4016.686
429.0547
-335.4484
1.0
SwitchTimeLag
0
3.083185
0
4600.228
333.9509
-808.6016
1.0
FldObj_CliffZoraWall_A_01
0
1.12
0
4343.589
206.7378
-396.9332
1.4
FldObj_CliffZoraWall_A_04
0
0
0
4662.809
297.4448
-860.5178
1.0
FldObj_CliffZora_A_02
0
-0.6800004
0
4163.612
478.6393
-363.7973
1.0
LinkTagAnd
0
0
0
4044.014
428.1094
-300.5141
1.0
LinkTagAnd
0
0
0
4676.808
370.2368
-634.343
1.0
FldObj_CliffZora_A_05_Far
0
0
0
4585.864
348.5186
-951.9083
0.6
LinkTagOr
0
1.480012
0
4145.274
407.8148
-594.7425
1.0
LinkTagNone
0
0
0
4688.444
305.8244
-850.9784
1.0
DgnObj_EntranceShutterSP
0
-1.214824
0
4931.608
106.8002
-1001.075
1.0
TBox_Field_Iron
0
0
0
4013
427.929
-333
1.0
FldObj_PushRockIron_A_M_01
-0.01073633
0.7926252
0.187443
4279.339
372.9707
-700.405
0.8
FldObj_CliffZoraWall_A_02
-0.1203993
-0.1028975
0.004812685
4047.12
362.4222
-811.3593
1.0
FldObj_CliffZora_A_04
0
-1.823185
0
4058.914
351.2814
-580.1503
1.0
LinkTagAnd
0
0
0
4013
427.5
-331.5
1.0
Obj_RockSetWhite_A_L_01_Far
-3.140724
-0.5976912
-3.077545
4144.203
238.2086
-766.6821
1.0
FldObj_CliffZoraScaffold_A_01
0
-0.5
0
4622.152
297
-1004.281
1.0
FldObj_CliffZoraScaffold_A_01
0
-2.319999
0
4272.986
287.8013
-737.5966
1.0
FldObj_CliffZoraWall_A_01_Far
-0.04876187
0.8988622
-0.03911312
4447.859
360.685
-612.2706
1.0
FldObj_CliffZoraWall_A_07
0
-2.38
0
3963.236
367.9947
-830.8019
1.0
LinkTagPulse
-2.342894
1.445637
-2.383203
4042.16
352.3784
-663.0386
0.25
Item_Fruit_A
0
-1.308997
0
4233.684
413.3182
-1005.972
1.0
SwitchTimeLag
1.570796
1.300006
3.141593
4116.813
504.6216
-438.6819
0.5
FldObj_CliffZora_A_04
0
-1.92
0
4642.949
346.5399
-784.9551
0.8
Area
0
-1.214812
0
4928.7
103.8
-1000.1
25
FldObj_CliffZoraWall_A_04_Far
-0.01325125
-0.3197346
0.04213671
4618.571
358.1378
-625.8939
1.295217
Area
0
0.4000001
0
4617.999
358.8893
-634.3445
1.0
FldObj_CliffZoraWall_A_01
0
1.441599
0
4490.428
198.9631
-640.7316
1.0
Enemy_Lizalfos_Guard_Junior_LongVisibility
0
0.6364011
0
4198.771
461.3055
-505.8807
1.0
LinkTagAnd
0
-2.623186
0
4354.052
377.0612
-639.9395
1.0
FldObj_CliffZoraWall_A_01_Far
3.042902
1.401085
3.080688
4450.107
382.4998
-774.1365
1.0
FldObj_CliffZoraScaffold_A_01
3.101593
0.898407
3.141593
4065.886
434.3975
-482.4766
1.0
LinkTagAnd
0
0
0
4013
382
-331.5
1.0
Enemy_Bokoblin_Guard_Junior_TreeHouseTop
0
0
0
4013
428
-331.5
1.0
FldObj_CliffZora_A_05
-0.04
0
0
4634.303
350.4215
-1037.302
1.0
FldObj_CliffZora_A_02
2.87771
-0.9126524
-3.010564
4139.576
459.476
-304.3665
1.0
Enemy_Lizalfos_Middle
0
-0.3215933
0
4358.842
377.6228
-635.9053
1.0
FldObj_CliffZoraWall_A_05
0
-3.061592
0
4641.584
347.8242
-812.4937
1.0
FldObj_KorokStoneLift_A_01
7.498104E-07
-0.8001499
-4.462457E-05
4073.319
422.7657
-218.2856
1.0
GrassCutTag
0
-3.08
0
4343.097
397.7627
-872.4282
1.0
Enemy_AirOctarock
0
-0.7853982
0
4044.014
428.1094
-300.5141
1.0
FldObj_CliffZoraWall_A_01_Far
0
1.12
0
4343.589
206.7378
-396.9332
1.4
LinkTagAnd
0
0
0
4009.375
429.1094
-335.2406
1.0
LinkTagAnd
0
1.88
0
4071.945
486.2702
-458.5776
1.0
FldObj_CliffZoraWall_A_02_Far
0
1.88
0
4683.429
237.9577
-1054.393
1.0
LinkTagAnd
0
2.121591
0
4863.7
114.9
-978.7
1.0
LinkTagNOr
0
0
0
4448.5
389.5
-843.5
1.0
LinkTagAnd
0
0
0
4109.632
412.5
-500.2751
1.0
LinkTagNAnd
0
-1.308997
0
4235.067
415.1111
-1000.593
1.0
LinkTagAnd
0
0
0
4106.999
411.1265
-506.1464
1.0
FldObj_CliffZoraWall_A_05_Far
-3.120721
0.339965
-3.138214
4649.518
347.3332
-1045.417
1.0
Obj_RockSetWhite_A_L_01_Far
0.05894748
0.2070582
-1.248618
4104.019
364.256
-606.3483
1.0
Obj_Mineral_B_01
0
0
-0.14
4691.312
322.6928
-783.5123
1.0
FldObj_CliffZoraWall_A_04
-3.117498
-0.441282
3.126012
4104.206
472.4491
-459.4571
0.9
AirOcta_Tag
0
0
0
4013
384.5
-331.5
1.0
Enemy_Guardian_C
0
1.281599
0
4623.64
303.912
-954.3866
1.0
FldObj_CliffZora_A_04_Far
0
0.24
0
4650.197
358.8564
-622.7261
0.8
FldObj_CliffZoraWall_A_01_Far
0
1.544779
0
4082.914
335.5
-748.73
1.0
FldObj_CliffZoraWall_A_01
-2.765092
1.03797
-2.728562
4065.508
351.9147
-662.1606
1.0
EnemyFortressMgrTag
0
2.819999
0
4356.945
377.6535
-630.2129
1.0
LinkTagAnd
0
0
0
4016.825
429.1328
-327.7219
1.0
LinkTagNone
0
0
0
4016.825
429.1328
-327.7219
1.0
FldObj_SoilRockZoraVent_A_01
0
-0.8200001
0
4095.094
255.502
-808.0034
1.5
FldObj_CliffZoraWall_A_04
0
2.460001
0
4077.875
480.2646
-465.7883
1.0
FldObj_CliffZoraWall_A_02_Far
0
1.721593
0
4483.639
360.2654
-635.8411
1.0
TBox_Field_Stone
3.106783
1.360705
-2.947849
4724.604
298.3118
-990.0262
1.0
FldObj_CliffZoraWall_A_02
3.081593
1.041593
3.141593
4262.983
440.1736
-508.8112
1.0
FldObj_CliffZoraWall_A_05_Far
0
-0.82
0
4159.261
421.8264
-51.0708
1.0
Area
-2.342894
1.445637
-2.383203
4042.25
352.4644
-662.0464
3
FldObj_CliffZora_A_05
0
-1.78
0
4360.11
382.6026
-753.2709
1.0
LinkTagAnd
0
0
0
4083.527
461.6265
-495.5833
1.0
LinkTagAnd
0
0
0
4088.5
463
-491.5
1.0
FldObj_CliffZoraWall_A_05_Far
0
0
0
4610.332
264.988
-1042.603
1.0
BattleBgmRequestFinishTag
0
-2.623186
0
4338.353
397.0087
-632.9419
1.0
FldObj_CliffZora_A_04
0
2.983185
0
4323.62
381.0027
-942.9523
1.0
FldObj_SoilRockZoraVent_A_01_Far
0
-1.1
0
4300.292
300.1797
-732.4352
1.3
Enemy_AirOctarock
0
-2.356194
0
4009.375
383.1094
-335.2406
1.0
FldObj_CliffZoraWall_A_01
0
-2.379998
0
4312.422
384
-691.6094
1.0
FldObj_CliffZoraWall_A_02
0
-0.96
0
4301.99
335.1169
-778.6416
1.0
LinkTagAnd
0
0
0
4074.65
483.7155
-459.9667
1.0
FldObj_CliffZoraWall_A_01_Far
0
-1.42
0
4288
336
-828
1.0
PlayerInAreaAutoEnemyForbidTag
0
0
0
4452.659
443.0301
-834.0291
1.0
FldObj_CliffZoraWall_A_01
-3.101593
0.02159397
3.141593
4146.964
332.3701
-731.6978
1.0
FldObj_CliffZoraWall_A_04
0
-2.16
0
4605.358
359.9209
-640.3384
1.295217
FldObj_CliffZora_A_02
0
-0.6800004
0
4183.986
422.1186
-73.85452
1.0
FldObj_RockZoraCliffWall_A_03_Far
-0.1956625
1.028259
0.07530328
4204.652
259.9844
-7.873596
1.2
FldObj_CliffZora_A_04
0
2.183186
0
4012.547
361.481
-856.4692
1.0
LinkTagAnd
0
0
0
4013
384.5
-331.5
1.0
Area
0
1.108997
0
4199.489
462.5152
-545.5419
2
Area
0
0
0
4450.875
390.0301
-838.2813
50
DgnObj_EntranceShutter_A_01
0
0.2271978
0
4195.345
323.1146
-853.18
1.0
FldObj_CliffZoraWall_A_03_Far
0
-1.68
0
4292.561
291.2274
-751.0148
1.0
FldObj_PushRockIron_A_M_01
0.3637907
0.7945207
-0.2340152
4306.243
372.5184
-753.9998
0.9
FldObj_CliffZoraScaffold_A_01
0
1.861592
0
4720.076
297.8896
-989.1569
1.2
LinkTagOr
0
-1.570796
0
4701.84
334.21
-547.03
1.0
FldObj_CliffZoraWall_A_01_Far
-0.04
1.48
0
4247.701
376.6927
-280.0588
1.0
FldObj_CliffZoraWall_A_03
-0.02448395
0.5212276
0.04023506
4174.757
478.5854
-336.8192
1.0
LinkTagAnd
0
0
0
4009.514
383.1094
-327.5141
1.0
FldObj_CliffZoraWall_A_05_Far
0
-0.6799999
0
4622.279
206.0502
-748.374
1.0
Area
0
1.841587
0
4114.886
502.8216
-438.1469
2
FldObj_CliffZoraWall_A_01
0
1.740001
0
4483.626
198.7355
-827.099
1.2
EventTag
0
0.5184069
0
4355.16
397.0349
-643.6765
1.0
FldObj_PushRock_A_M_01
-0.2443172
0.7655305
-0.2350969
4187.259
340.0171
-708.6628
1.3
FldObj_CliffZoraWall_A_04
0
0
0
4692.006
318.0709
-542.8691
1.0
Obj_BoardWood_Square_01
0
0
0
4047.5
426.5
-304.5
1.0
FldObj_CliffZoraWall_A_03
-0.02020718
-0.9402532
0.0187328
4349.512
384.5301
-861.8004
1.0
Enemy_Lizalfos_Guard_Junior_LongVisibility
0
1.051003
0
4180.264
461.4516
-500.8856
1.0
FldObj_CliffZora_A_04_Far
0
-1.143185
0
4368.359
362.1281
-564.324
1.0
FldObj_CliffZoraWall_A_02_Far
0
-1.643186
0
4329.695
382.8281
-741.7588
1.0
LinkTagAnd
0
0
0
4013
427.929
-333
1.0
FldObj_CliffZoraWall_A_01
-0.01479061
0.9005478
0.03217439
4287.156
378.4778
-360.5146
1.0
FldObj_CliffZoraWall_A_03_Far
-0.01608104
0.159357
0.0006560352
4106.676
380.1254
-923.0402
1.0
FldObj_CliffZoraWall_A_01
-0.07558167
0.8813876
0.07236298
4249.876
448.5141
-376.0155
1.0
Area
0
-1.308997
0
4233.684
413.3214
-1005.972
0.3
FldObj_CliffZoraWall_A_03_Far
0
-2.579998
0
4261.984
384
-655.0625
1.0
LinkTagAnd
0
0
0
4016.686
383.0547
-335.4484
1.0
FldObj_CliffZoraWall_A_03
-3.031084
-0.05450204
-2.862075
4230.864
349.9304
-687.0029
1.0
Area
-0.7144706
-1.350646
0.3807922
4139.575
522.3194
-410.078
2
LinkTagAnd
-0.6987819
1.084485
-0.3408457
4084.847
500.4044
-424.6345
1.0
Area
0
-1.214824
0
4935.17
105.8
-1002.399
40
LinkTagAnd
0
-1.341592
0
4080.292
423.9792
-217.2694
1.0
FldObj_CliffZoraWall_A_03
-0.2123787
-0.7952313
0.2875901
4195.375
339.5023
-699.8809
1.0
FldObj_CliffZoraWall_A_02
0
0.08159254
0
4253.809
319.3594
-820.9751
1.1
FldObj_RockZoraCliffWall_A_05_Far
-0.2637123
1.029233
0.74343
4103.579
391.7913
-72.33133
1.0
FldObj_RockZoraSet_A_05
-0.02589706
-1.283722
-0.1398834
3999.277
355.3111
-318.1955
1.0
FldObj_CliffZoraWall_A_01
0.9826517
1.550792
1.018935
4459.09
370.8116
-691.1195
1.0
Obj_BoardWood_Triangle_01
0
-1.308997
0
4088.5
460
-491.5
1.0
FldObj_CliffZoraWall_A_04_Far
0
-1.060001
0
4574.627
280.1275
-943.2512
1.0
FldObj_CliffZoraWall_A_04_Far
0
-1.2
0
4313.271
369.3456
-758.1879
1.0
FldObj_FallingRock_B_03
0.09901683
0.5052158
-1.59408
4311.33
382.7182
-416.0766
1.0
FldObj_CliffZora_A_05_Far
0
1.02
0
4586.011
265.7429
-1060.749
0.85
FldObj_RockZoraLump_A_02
0.2159989
-1.32272
-0.4906064
4042.494
373.0742
-219.7108
0.8
FldObj_CliffZoraScaffold_A_01
3.101593
-0.5615933
-3.141592
4111.68
473.1225
-467.189
1.0
LinkTagOr
0
0
0
4076.449
425.4593
-206.0707
1.0
FldObj_CliffZoraScaffold_A_01
0
0.5199999
0
4661.131
348.8466
-587.1833
1.0
FldObj_CliffZoraWall_A_01
0
1.544779
0
4082.914
335.5
-748.73
1.0
Obj_Plant_Korok_A_01
0
-1.300006
0
4114.886
501.6216
-438.1469
1.0
ForceSetPosDirAutoSaveAnchor
0
-2.914395
0
4195.938
323.1144
-850.1703
1.0
LinkTagOr
0
0.9599314
0
4233.021
388.4994
-212.7436
1.0
Enemy_AirOctarock
0
-2.356194
0
4043.875
382.1094
-308.2406
1.0
FldObj_RockZoraCliffWall_A_06
-0.313528
-0.6359788
-0.1247647
4110.022
455.1893
-251.1811
1.2
LinkTagAnd
0
0
0
4047.5
380.8589
-304.5
1.0
FldObj_CliffZora_A_06_Far
0
0.2999998
0
4136.51
491.1995
-408.0205
1.1
FldObj_CliffZoraWall_A_02
0
-2.259999
0
4634.128
267.4663
-839.2272
1.0
FldObj_CliffZoraWall_A_05
0
0
0
4610.332
264.988
-1042.603
1.0
FldObj_CliffZora_A_01
0
0.9831847
0
4164.812
477.7318
-421.2017
1.0
Obj_RockSetWhite_A_L_01_Far
-3.066688
-0.4646031
-2.912158
4087.097
249.7272
-802.8323
1.0
LinkTagAnd
0
2.121591
0
4860
115.1
-983.3
1.0
FldObj_CliffZoraWall_A_02_Far
0
0.08159254
0
4253.809
319.3594
-820.9751
1.1
LinkTagOr
0
-1.341592
0
4080.52
423.9792
-216.2957
1.0
LinkTagOr
0
-1.570796
0
4887.9
112.7
-989.1
5
FldObj_CliffZoraWall_A_01_Far
3.060175
1.061584
3.139951
4262.823
452.2265
-450.4017
1.1
LinkTagAnd
0
1.659978
0
4041.947
353.2153
-664.945
1.0
LinkTagAnd
1.918163
-0.6667549
-1.22343
4697.84
336.6005
-545.03
1.0
FldObj_CliffZoraWall_A_01_Far
-3.101593
0.2415935
3.141593
4203.13
332.1006
-728.3992
1.0
FldObj_CliffZoraWall_A_03
0.09973381
0.1003973
-0.03184988
4135.404
332.4044
-735.9272
0.9
FldObj_CliffZoraWall_A_01
3.090111
1.24149
3.129247
4431.121
384.3898
-866.244
1.0
FldObj_CliffZoraWall_A_01
-0.02
1.22
0
4236.841
376.7631
-204.2982
1.0
LinkTagAnd
0
3.083185
0
4600.16
334.4531
-802.1824
1.0
LinkTagNOr
0
0.2600018
0
4926.7
112.6
-998.7
1.0
Obj_BoardWood_Square_01
0
0
0
4013
427.5
-331.5
1.0
Enemy_Lizalfos_Junior
0
-0.5853295
0
4187.593
456.0332
-529.755
1.0
LinkTagAnd
0
0
0
4876.72
113.4
-1000.091
3
EnemyLookTag
0
1.509066
0
4184.831
456.0899
-525.5873
1.0
LinkTagAnd
0
1.334533
0
4184.768
476.0827
-518.1492
1.0
Enemy_AirOctarock
0
-0.7853982
0
4009.514
429.1094
-327.5141
1.0
FldObj_PushRockIron_A_M_01
0.1181977
0.7773977
0.1694995
4309.535
372.3971
-758.8417
0.9
Enemy_AirOctarock
0
1.64353
0
4098.908
387.1265
-509.9145
1.0
Enemy_Bokoblin_Guard_Junior_TreeHouseTop
0
0
0
4013
382
-331.5
1.0
FldObj_CliffZoraWall_A_05
0
1.06
0
4667.128
352.3618
-783.0112
1.0
LinkTagOr
0
0
0
4452.536
393.8883
-841.8925
1.0
FldObj_CliffZoraWall_A_01
2.960159
0.6817836
-3.118725
4388.792
384.6287
-928.1844
1.0
TimeControlTag
0
2.121591
0
4862.5
116.3
-984.5
1.0
DestinationAnchor
0
2.845192
0
4197.497
323.1144
-850.5306
1.0
Enemy_AirOctarock
0
2.156194
0
4115.44
411.1578
-505.1432
1.0
FldObj_CliffZoraWall_A_01_Far
0
0.7200003
0
4395.285
202.1907
-497.2528
1.1
FldObj_CliffZoraWall_A_05_Far
3.101593
0.5415925
-3.141592
4207.367
422.8692
-116.7443
1.1
LinkTagNAnd
0
-1.80706
0
4182.865
456.0937
-527.0582
1.0
LinkTagOr
0
0
0
4448.159
441.5301
-843.0291
1.0
FldObj_CliffZoraWall_A_05_Far
0
-1.861592
0
4590.065
264.5007
-1056.336
1.0
EnemyLookTag
0
-3.08
0
4343.097
397.7627
-872.4282
1.0
Enemy_Lizalfos_Middle
0
-2.477788
0
4360.715
377.6955
-625.5671
1.0
LinkTagNone
0
0
0
4182.068
456.1341
-521.4198
1.0
Area
0
1.508996
0
4193.58
329.6719
-856.5688
20
TBox_Field_Wood
0
-1.308997
0
4049
426.942
-305
1.0
FldObj_CliffZoraWall_A_04_Far
0
2.460001
0
4077.875
480.2646
-465.7883
1.0
FldObj_CliffZoraWall_A_06_Far
0
-2.860001
0
4109.096
478.4496
-455.1193
0.9
FldObj_CliffZoraScaffold_A_01
0
-2.04
0
4611.853
325.5308
-807.1309
1.0
LinkTagAnd
0
-2.623186
0
4340.323
377.0507
-635.3843
1.0
FldObj_CliffZoraWall_A_05
0
-3.1
0
4629.419
247.186
-671.4796
1.0
Area
0
1.88
0
4074.65
479.5046
-459.9667
2
Npc_HiddenKorokGround
0
-1.570796
0
4697.84
335.7005
-547.03
1.0
LinkTagOr
0
0.2600018
0
4922.3
110.1
-996.4
1.0
LinkTagAnd
0
0
0
4088.5
460
-491.5
1.0
AnchorAction1
0
1.976194
0
4450.875
386.4681
-838.2813
1.0
FldObj_CliffZora_A_04
0
-2.38
0
4230.224
378.6864
-997.4528
1.0
FldObj_CliffZora_A_05
0
1.02
0
4586.011
265.7429
-1060.749
0.85
LinkTagNAnd
0
1.841587
0
4118.312
504.6216
-437.0222
1.0
Obj_TreeConiferous_A_03
0
-0.74
0
4390.762
388.0677
-844.7856
1.0
Enemy_AirOctarock
0
-0.2000004
0
4106.647
411.1266
-493.9881
1.0
FldObj_CliffZora_A_02_Far
2.87771
-0.9126524
-3.010564
4139.576
459.476
-304.3665
1.0
FldObj_WaterFallAkkare_A_01_Far
0
-2.73616
0
4104.285
476.2606
-470.3542
1.0
Obj_RockSetWhite_A_L_01
0
-1.26
0
4221.628
340.7559
-663.7466
1.0
LinkTagNone
0
0
0
4051.325
428.1328
-300.7219
1.0
LinkTagAnd
0
0
0
4097.245
439.6266
-498.1766
1.0
FldObj_CliffZoraWall_A_01
0
0.7200003
0
4395.285
202.1907
-497.2528
1.1
LinkTagAnd
0
0
0
4109.925
439.6578
-491.775
1.0
AirOcta_Tag
0
0
0
4047.5
383.5
-304.5
1.0
LinkTagAnd
0
0
0
4088
460.3461
-490
1.0
LinkTagNone
0
0
0
4208.755
460.7616
-528.8008
1.0
FldObj_CliffZoraWall_A_05_Far
0
0.04
0
4650.479
348.9659
-768.2102
1.0
FldObj_CliffZoraWall_A_03
0
-1.98
0
4359.978
384.8357
-776.8085
1.0
FldObj_CliffZoraWall_A_05_Far
0
-2.840001
0
4578.999
243.1583
-955.8435
1.0
Enemy_Lizalfos_Middle
0
1.509066
0
4179.84
456.0738
-525.8958
1.0
LinkTagAnd
0
-1.214824
0
4930.578
106.8
-1000.516
1.0
KorokAnswerResponce
0
-1.308997
0
4236.054
412.3221
-998.3401
0.5
FldObj_CliffZoraWall_A_04
0
0
0
4639.088
299.0878
-742.8048
1.0
FldObj_RockZoraLump_A_02_Far
-0.1292021
0.4786139
-0.02414745
4145.074
331.8098
30.20215
1.0
LinkTagAnd
0
0
0
4109.632
409.5
-500.2751
1.0
Enemy_Bokoblin_Middle
0
-1.77999
0
4688.444
305.8244
-850.9784
1.0
FldObj_CliffZoraScaffold_A_01
0
-0.2399999
0
4612.2
340.1342
-585.4794
1.0
FldObj_CliffZoraWall_A_05
0
2.541593
0
4608.095
265.4792
-1068.504
1.0
LinkTagAnd
0
0
0
4197.789
323.1146
-851.487
1.0
AirOcta_Tag
0
2.428928
0
4092.5
388.5
-510.5
1.0
FldObj_CliffZoraWall_A_01_Far
-0.111361
0.7525932
-0.138632
4418.758
365.6884
-568.764
1.0
ForceSetPosDirAutoSaveAnchor
0
1.926768
0
4928.7
106.8
-1000.1
1.0
LinkTagAnd
0
0
0
4093.894
387.1578
-503.0509
1.0
LinkTagAnd
0
0
0
4088.485
387.1266
-516.1851
1.0
LinkTagOr
-0.6987819
1.084485
-0.3408457
4082.288
499.2643
-425.708
1.0
LinkTagOr
0
1.88
0
4071.64
486.2702
-459.53
1.0
EventTag
0
-0.296401
0
4197.789
323.1144
-851.487
0.6
FldObj_CliffZoraWall_A_04_Far
0
2.359999
0
4591.52
348.2564
-954.3873
1.0
FldObj_RockZoraLump_A_02_Far
1.472346
1.430939
1.645318
4179.186
336.317
-11.129
1.0
FldObj_CliffZoraWall_A_04
-0.01325125
-0.3197346
0.04213671
4618.571
358.1378
-625.8939
1.295217
EnemyChatFortMgrTag
0
-3.08
0
4343.097
397.6997
-872.4282
1.0
ActorObserverTag
0
0.7999996
0
4073.965
424.7656
-215.1145
1.0
FldObj_CliffZoraWall_A_05_Far
0
-0.7615924
0
4596.769
351.3524
-608.68
1.0
FldObj_CliffZora_A_04
0
-1.603185
0
4145.613
361.2342
-528.6655
1.0
EventTag
0
-1.214825
0
4928.7
106.8
-1000.1
5
LinkTagAnd
0
0
0
4930.244
106.8002
-998.4335
1.0
FldObj_RockZoraCliffWall_A_05
0.9476029
-1.364167
-1.79219
4099.825
384.0039
-106.8314
1.0
LinkTagOr
0
-1.308997
0
4237.374
409.8221
-999.3145
1.0
LinkTagOr
0
0
0
4233.97
385.77
-216.57
1.0
ActorObserverTag
0
0.7999996
0
4073.606
424.7656
-215.4628
1.0
LinkTagNOr
0
0
0
4452.536
393.8883
-840.8925
1.0
FldObj_CliffZoraWall_A_04_Far
0
2.88
0
4663.885
297.5799
-872.6322
1.0
ActorObserverTag
0
-1.308997
0
4235.067
413.3253
-1000.593
1.5
LinkTagNone
0
0
0
4318.606
370.5661
-408.5983
1.0
Npc_HiddenKorokFly
0
0.4000001
0
4616.441
366.4656
-638.0287
1.0
FldObj_CliffZoraWall_A_01
-0.1205704
0.4502317
-0.1448735
4358.861
373.1381
-525.2278
1.0
Area
0
1.051003
0
4180.264
463.364
-500.8855
2
Enemy_Bokoblin_Senior
0
-0.5656054
0
4352.524
397.7375
-882.0267
1.0
FldObj_CliffZoraWall_A_01_Far
-0.1205704
0.4502317
-0.1448735
4358.861
373.1381
-525.2278
1.0
LinkTagAnd
0
0.2271978
0
4194.379
323.1144
-850.6986
0.3
FldObj_CliffZoraWall_A_01_Far
2.862679
0.465618
3.119696
4325.113
383.1604
-964.6514
1.0
SwitchTimeLag
-1.570796
-0.8599998
0
4236.15
415.183
-992.8676
0.5
FldObj_CliffZoraScaffold_A_01
0
2.099998
0
4246.17
333.1158
-707.4154
1.0
LinkTagAnd
0
0.2271978
0
4193.478
335.6144
-854.5958
0.6
FldObj_WaterFallBottom_A_01_Far
0
-2.74
0
4100.44
368.537
-479.1879
1.1
ActorObserverTag
0
1.88
0
4074.65
483.7155
-459.9667
2
EnemyLookTag_Happy
0
-3.08
0
4341.562
397.6997
-864.8193
1.0
LinkTagAnd
0
0
0
4236.15
415.183
-992.8676
1.0
FldObj_SkullRock_A_01_Far
0
1.16
0
4183.914
456.0948
-525.9867
1.0
FldObj_CliffZoraWall_A_04
0
2.88
0
4663.885
297.5799
-872.6322
1.0
ActorObserverTag
0
-1.308997
0
4235.975
415.3253
-997.2044
1.5
LinkTagNAnd
-0.7089946
1.0731
-0.7733612
4155.766
510.8755
-434.6125
1.0
FldObj_CliffZoraWall_A_05_Far
0
0.08000007
0
4677.397
324.5927
-998.6505
1.0
Obj_LiftRockWhite_A_01
0
-1.570796
0
4697.84
335.6005
-547.03
1.0
FldObj_CliffZoraWall_A_01_Far
0
0.9600001
0
4458.752
203.0675
-563.5729
1.0
Enemy_AirOctarock
0
2.356194
0
4051.186
428.0547
-308.4484
1.0
LinkTagAnd
0
-2.360001
0
4994
126.1
-1077.4
5
LinkTagAnd
0
0
0
4111
409.9401
-502
1.0
FldObj_CliffZora_A_01_Far
0
2.22
0
4100.382
472.2574
-415.2092
0.9
FldObj_CliffZoraWall_A_01
-0.04
1.32
0
4264.01
201.9181
-182.9451
1.4
FldObj_CliffZoraWall_A_03
0
-1.28
0
4325.634
350.5723
-854.0762
1.0
FldObj_CliffZoraWall_A_01_Far
0
-0.05999995
0
4111.51
350.6797
-851.916
1.0
FldObj_CliffZoraWall_A_04_Far
3.104596
-1.241287
-3.09056
4125.076
477.9849
-474.5688
1.0
DLC_ChallengeChainRing_Last
1.764682E-16
-1.250795
1.339835E-07
4903.4
107.2
-991.4
1.0
Obj_RockSetWhite_A_L_01
0.05894748
0.2070582
-1.248618
4104.019
364.256
-606.3483
1.0
Enemy_Lizalfos_Guard_Junior_LongVisibility
0
1.108997
0
4199.489
460.6028
-545.5419
1.0
FldObj_CliffZoraWall_A_01
0.0142484
0.9799091
-0.007166251
4209.549
423.6317
-72.67664
1.0
LinkTagAnd
0
0
0
4699.18
329.5407
-786.8741
1.0
FldObj_CliffZoraWall_A_01
3.039023
1.519836
3.078815
4315.632
380.181
-424.4234
1.0
LinkTagAnd
0
-1.214824
0
4933.304
119.6614
-1003.076
1.0
FldObj_DLC_WaterShrineGround_A_01
0
-1.214824
0
4934.5
105.7
-1003.7
1.0
LinkTagOr
-3.136621
1.101459
-3.019859
4136.089
524.166
-409.0181
1.0
LinkTagOr
-0.7861227
-0.1971121
-0.4681848
4152.921
516.3517
-417.3339
1.0
FldObj_CliffZoraWall_A_02
3.0563
-0.4205785
-3.127586
4176.246
452.0408
-560.7604
1.0
Obj_TreeApple_A_M_01
0
-1.308997
0
4246.127
409.0668
-993.54
1.0
FldObj_CliffZoraWall_A_05
0
-0.82
0
4159.261
421.8264
-51.0708
1.0
Enemy_Lizalfos_Junior
0
-1.632527
0
4189.821
456.0622
-525.2789
1.0
SwitchTimeLag
0
0
0
4678.575
370.9363
-633.1593
1.0
FldObj_CliffZoraWall_A_05
-3.120721
0.339965
-3.138214
4649.518
347.3332
-1045.417
1.0
FldObj_CliffZora_A_04
0
0.8999999
0
4350.523
368.2619
-569.8115
1.0
FldObj_CliffZora_A_02
0
0.4599996
0
4153.219
430.1108
-211.3548
1.0
LinkTagAnd
0
0
0
4139.575
522.3194
-410.078
1.0
Obj_LiftRockWhite_A_01
0.16
0.9599314
0
4232.734
385.8994
-212.3339
1.0
LinkTagAnd
0
0.2271978
0
4194.379
323.1144
-850.6986
0.3
Npc_HiddenKorokFly
0
1.480012
0
4144.261
406.6976
-595.9681
1.0
FldObj_CliffZoraWall_A_04
-0.09015292
-0.4992076
0.02001233
4173.211
340.4558
-701.3122
0.7
LinkTagOr
-1.570796
0
0
4075.449
425.4593
-206.0707
1.0
FldObj_SkullRock_A_01
0
1.16
0
4183.914
456.0948
-525.9867
1.0
KorokAnswerResponce
0
0
0
4077.449
421.3968
-206.0707
1.0
DgnObj_WarpPointSP
0
-1.214824
0
4926.552
106.763
-999.1946
1.0
LinkTagAnd
0
0
0
4193.58
329.6719
-856.5688
1.0
LinkTagAnd
0
-1.80706
0
4181.13
456.0627
-521.8739
1.0
PlayerOnScaffoldCheckTag
0
1.343599
0
4207.629
462.674
-523.9293
1.0
Npc_Zora004
0
1.745329
0
4455.375
387.4061
-843.7813
1.0
FldObj_CliffZoraWall_A_01_Far
3.039023
1.519836
3.078815
4315.632
380.181
-424.4234
1.0
Obj_Plant_Korok_A_01
-2.432598
-1.0731
2.368232
4153.291
507.3802
-436.5245
1.0
KorokAnswerResponce
0
-1.308997
0
4240.814
411.5668
-992.1165
0.5
FldObj_CliffZora_A_04_Far
0
1.481593
0
4090.146
344.4518
-899.0017
1.0
FldObj_CliffZoraWall_A_05
0
-2.840001
0
4578.999
243.1583
-955.8435
1.0
LinkTagAnd
0
0
0
4093
386
-510
1.0
LinkTagNone
0
0
0
4327.462
383.8472
-403.8159
1.0
FldObj_CliffZoraScaffold_A_01
0
-1.779999
0
4579.132
309.1395
-959.5746
1.2
FldObj_PushRockIron_A_M_01
0.02428966
0.7864949
0.1189529
4298.333
338.1764
-805.8012
0.5
FldObj_WaterFallAkkare_A_01
0
-2.73616
0
4104.285
476.2606
-470.3542
1.0
FldObj_CliffZoraWall_A_01
0
-2.82
0
4152.916
368.8865
-636.7206
1.15
FldObj_CliffZoraWall_A_04_Far
-0.09015292
-0.4992076
0.02001233
4173.211
340.4558
-701.3122
0.7
FldObj_CliffZoraWall_A_05
0
-1.861592
0
4627.939
355.002
-784.164
1.0
DgnObj_DungeonEntrance_A_01
0
0.2271978
0
4194.489
322.1144
-856.8823
1.0
Obj_TreeApple_A_M_01
0
-1.308997
0
4240.883
409.8222
-999.6343
1.0
FldObj_CliffZoraWall_A_02
-1.496132
1.49027
-1.4565
4321.357
380.4614
-481.8101
1.0
LinkTagAnd
0
2.121591
0
4777
256.7
-966.3
1.0
Area
0
0.7999996
0
4073.617
423.0156
-214.6851
0.1
FldObj_CliffZora_A_01_Far
0
0.9831847
0
4164.812
477.7318
-421.2017
1.0
Item_Fruit_A
0
-1.308997
0
4240.26
413.622
-1001.303
1.0
Enemy_Bokoblin_Guard_Junior_TreeHouseTop
0
2.356194
0
4088.5
460.5
-493
1.0
Enemy_Bokoblin_Senior
0
-1.283195
0
4221.935
380.6912
-157.7556
1.0
FldObj_CliffZoraWall_A_01_Far
0
-2.379998
0
4312.422
384
-691.6094
1.0
Enemy_AirOctarock
0
0.7853982
0
4016.825
383.1328
-327.7219
1.0
EnemyLookTag
0
-3.08
0
4343.374
397.6776
-867.9368
1.0
FldObj_RockZoraCliffWall_A_03_Far
0.2540082
-1.126715
-0.6960949
4135.398
401.5939
-173.3543
1.0
FldObj_ShrineIceDisabling
0
-1.214824
0
4934.5
103.1063
-1003.7
1.0
BattleBgmRequestFinishTag
0
-1.80706
0
4179.902
476.0291
-515.5448
1.0
Npc_HiddenKorokGround
0
1.659978
0
4042.218
351.5685
-661.9659
1.0
Area
0
-1.570796
0
4697.84
336.6006
-547.03
3
LinkTagNone
0
0
0
4985
123.1
-1051.8
1.0
Area
0
0.6364011
0
4198.771
463.2179
-505.8807
2
LinkTagAnd
0
0.44
0
4639.429
534.4504
-913.5406
5
FldObj_SoilRockZoraVent_A_01_Far
-0.2358939
-0.8472559
0.3839779
4175.478
301.0718
-681.8445
1.0
AnchorAction1
0
2.819999
0
4356.945
377.6535
-630.2129
1.0
