UnitConfigName/__text
Rotate/value/0
Rotate/value/1
Rotate/value/2
Translate/value/0
Translate/value/1
Translate/value/2
_Scale
FldObj_RockBeachLump_A_L_01
0.12
0.7
0
4134.061
111.6088
240.8191
1.0
FldObj_EnemyTrace_Garbage_A_01
-0.2479986
-1.008417
0.1291766
4319.679
159.3555
614.3347
1.0
Item_Plant_C
0
0.01403809
0
4082.906
136.3058
234.2734
1.0
Obj_TreeConiferous_C_01
0
-0.6599999
0
4484.985
192.1237
459.2228
1.0
Obj_Plant_HopBush_A_02
0.3570592
0.7941809
0.4485445
4406.684
169.5868
248.8203
1.055176
Obj_TreeConiferous_C_01
0
-0.03546328
0
4527.882
170.9008
579.2662
1.15
Item_Plant_A
0.06812893
-0.04018303
0.1521334
4407.805
119.6491
840.2733
1.0
Obj_Plant_CypressLow_A_01
0.4864128
0.651711
0.246004
4335.25
152.2387
98.33984
1.07666
FldObj_EnemyLookout_B_01
0
-1.800002
0
4314.5
157.435
597
1.0
Obj_Plant_HopBush_A_01
0.09928925
-0.3091681
0.09195963
4489.324
169.9732
561.832
0.905273
Item_Plant_I
0.1059712
1.225209
0.02644174
4571.657
139.55
362.0878
1.0
Obj_Plant_CypressLow_A_01
-0.1616517
0.244359
-0.0220757
4404.613
173.3
676.3828
1.049316
GrassCutTag
0
0
0
4440.5
161.9038
369.5
1.0
Obj_MineralBury_A_01
-2.43276
1.239899
-2.405095
4063.014
180.2804
802.0742
1.0
Obj_Mineral_C_01
0
5.26689
0
4017.415
264.1462
830.959
1.0
Obj_TreeConiferous_C_02
0
0
0
4463.689
161.6064
339.8171
1.0
Obj_TreeConiferous_C_03
0
0.72
0
4491.643
169.5047
557.7505
1.0
Animal_Fish_G
0
2.138407
0
4207.457
105.407
475.8871
1.0
FldObj_KorokStone_A_01
0
-0.8307961
0
4138.906
141.2131
197.1297
1.0
FldObj_RockBeachLump_A_M_01
0
0
0
4145.303
106.7408
269.8065
1.0
Animal_LittleBird_C
0
2.999999
0
3859.669
106.1596
673.7804
1.0
FldObj_RockBeach_A_S_02
0
0.18
0
4138.836
106.9012
494.2407
1.0
Obj_TreeConiferous_C_02
0
4.440269
0
4429.299
169.8723
648.7111
1.15
Obj_TreeConiferous_C_02
0
-1.422917
0
4488.149
180.153
656.7417
1.15
FldObj_RockBeachLump_A_M_01
-0.3420314
0.3604935
-0.06086752
4447.057
154.2843
799.1607
1.0
EnvSeEmitPointInsectTemperate
3.026611
1.128662
-2.710693
4275.652
128.2695
508.3008
1.0
Obj_TreeConiferous_C_01
0
-1.180001
0
4220.702
120.1531
177.329
1.0
Obj_TreeConiferous_C_01
0
4.440269
0
4446.274
167.7806
611.2323
1.15
EnvSeEmitPointBirdWet
3.122314
-0.1173096
-2.766479
4389.543
173.4805
208.8242
1.0
Enemy_Octarock
0
-2.94
0
4113.534
103.1976
548.5433
1.0
Obj_TreeConiferous_C_02
0
-0.48
0
4310.515
157.464
589.2616
1.0
FldObj_CliffWhite_A_S_03
-2.742856
-0.61778
3.098201
4313.638
142.2024
151.804
1.0
Obj_TreeConiferous_C_01
0
0.78
0
4314.849
157.8693
586.8672
1.0
KibakoZora_Contain_01
-0.0005030049
-0.1276368
0.006530365
4517.714
156.484
226.2681
1.0
Obj_Plant_CypressLow_A_01
0.04850961
0.5725782
-0.08103194
4390.855
168.1439
249.2617
1.019043
EnvSeEmitPointBirdTemperate
0.1186523
-0.4024658
0.1671142
4281.707
118.9023
442.5273
1.0
Enemy_Octarock_Desert
0
0
0
4230.079
107.3111
596.0569
1.0
FldObj_RockBeach_A_S_02
0
2.96
0
4213.653
104.8638
430.2119
1.0
Obj_MineralBury_A_01
0
1.24
0
4295.456
116.1575
457.3946
1.0
Animal_Fish_F
0
-2.359998
0
4186.32
105.3507
473.3612
1.0
FldObj_RockBeachLump_A_L_01
0
-2.36
0
4296.35
113.966
464.8431
1.0
TBox_Field_Iron
-0.1476959
-0.09330737
-0.147195
4324.315
163.718
194.9173
1.0
Obj_MineralBury_A_01
0
0
0
4256.106
256.9289
52.44971
1.0
Obj_Plant_CypressLow_A_01
0.2093275
-0.9135379
0.1162057
4272.49
129.6684
616.4355
1.0
Obj_MineralGrain_A_04
0
0
0
4312.123
111.3887
358.67
1.0
Obj_Plant_CypressLow_A_01
0.3142892
1.370711
0.3275748
4402.785
167.3121
629.9297
1.020508
Obj_TreeConiferous_C_02
0
0
0
4483.714
169.1038
566.2847
1.0
BarrelBomb2
-0.0448429
-0.006401516
0.01310318
4323.501
158.6664
597.4915
1.0
Animal_Fish_F
0
-2.359998
0
4190.4
105.3507
461.0423
1.0
FldObj_KorokStone_A_01
0
-2.401592
0
4137.401
142.2131
198.4996
1.0
FldObj_RockBeach_A_M_04
0.08143479
-1.334131
-0.2380431
4161.044
101.9866
533.4043
1.0
Obj_Plant_Shrub_A_02
0.8217717
-1.358445
-1.250036
4047.203
393.719
43.79688
0.935547
Obj_MineralGrain_A_04
0.3870827
0.0206521
-0.1052771
4560.454
142.2702
742.7018
1.0
EnvSeEmitPointBirdWet
3.141479
-0.1668701
3.141479
4011.262
159.6797
350.2773
1.0
Obj_Plant_HopBush_A_02
0.001063145
0.7008219
0.2588231
4489.645
170.7908
584.0469
0.90918
Obj_LiftRockWhite_A_01
0
1.396263
0
4188.71
127.8903
451.9128
1.0
Animal_Fox_A
0
0.48
0
4340.037
155.4661
85.68344
1.0
Obj_Plant_CypressLow_A_01
0.006203299
0.9186239
-0.2173063
4569.758
155.5874
537.3789
1.092773
EnvSeEmitPointBirdWet
-2.001831
1.432251
-2.284912
4051.238
146.4336
332.0898
1.0
Obj_Mineral_B_01
-0.03291749
0.02065208
-0.1052771
4560.06
141.8717
744.0498
1.0
FldObj_RockBeachLump_A_L_01
0
-1.48
0
4318.106
105.101
282.8629
1.0
Obj_Plant_CypressLow_A_02
-0.01427628
0.7116356
0.1064295
4373.504
165.351
625.0469
1.045898
Obj_LiftRockWhite_A_01
0
0
0
4446.543
162.8241
468.6396
1.0
Enemy_Lynel_Middle
0
-2.859999
0
4479.354
154.645
788.9332
1.0
Obj_LiftRockWhite_A_01
-0.1623514
0.6037568
-0.2427069
4176.46
298.7684
51.32816
1.0
EnvSeEmitPointBirdWet
3.141479
0.03198243
3.141479
4401.703
176.332
648.6797
1.0
Obj_TreeConiferous_C_02
0
1.04
0
4354.312
162.5886
622.0661
1.0
FldObj_RockBeachLump_A_M_01
-0.003068678
-0.7582914
-0.08268785
4428.731
170.7844
427.4329
1.0
Obj_MineralBury_A_01
-1.270961
-1.45248
1.344928
4312.601
111.8476
358.6706
1.0
Obj_TreeConiferous_C_02
0
-0.9000004
0
4350.547
153.6028
306.5313
1.0
Obj_Plant_CypressLow_A_02
0.02544008
0.409174
0.1258761
4372.172
165.205
626.7539
0.898926
FldObj_KorokStone_A_01
0
-0.8307961
0
4137.463
141.2131
197.0699
1.0
FldObj_KorokStake_A_01
0
0.9559285
0
4199.359
97.04468
464.7778
0.9649661
FldObj_RockBeachLump_A_L_01
0
0.24
-0.14
4219.656
123.9785
140.6429
1.0
Obj_MineralGrain_A_04
0.7486338
-0.7291287
-0.5058978
4073.664
249.8896
176.4795
1.0
Obj_Plant_Shrub_A_02
-1.496257
1.368633
-1.338249
4038.164
394.3358
50.88281
1.023926
Obj_TreeConiferous_C_02
0
0
0
4395.259
168.0464
599.3474
1.0
Obj_TreeConiferous_C_03
0
4.440269
0
4507.566
180.7362
657.2056
1.15
Obj_Plant_HopBush_A_02
-0.2140767
-0.1083518
-0.1420564
4102.445
135.3628
251.1211
0.993164
FldObj_RockBeach_A_M_02
3.076628
-0.5169187
2.860381
4130.443
96.74717
385.717
1.0
EnvSeEmitPointBirdWet
-2.928711
0.361206
2.936523
4521.043
183.1836
643.6484
1.0
Obj_Plant_CypressLow_A_01
0.09926119
0.9497897
0.1535911
4440.246
160.5015
722.4609
0.899902
FldObj_AncientPillar_A_04
0
0
0.05999999
4449.083
157.3573
743.5124
1.0
Obj_Plant_HopBush_A_01
-0.4276019
-1.006968
0.4287374
4483.961
168.1302
553.793
0.851563
FldObj_RockBeach_A_S_02
0
1.56
0
4051.659
105.4032
526.8766
1.0
FldObj_HyrulePrairieRock_A_02
0.2396467
0.7285214
0.3517462
4383.925
169.5868
276.1776
1.0
Obj_Plant_CypressLow_A_01
-0.3911758
-0.5841901
0.3892541
4440.281
141.7969
136.9297
0.990723
FldObj_RockBeachLump_A_M_01
-0.2611685
-0.7875065
0.1365056
4304.876
143.1132
145.744
1.0
Obj_Mineral_B_01
0
3.946252
0
4057.301
185.5179
811.4059
1.0
FldObj_RockBeachLump_A_L_01
0
-1.82
0
4265.508
111.4444
491.2845
1.0
Obj_Plant_CypressLow_A_01
0.905461
1.461787
0.6806865
4572.371
155.9807
526.5391
1.063477
Obj_Plant_CypressLow_A_02
0.2718212
-0.02798278
-0.03283003
4340.316
151.3598
100.6719
1.021973
Obj_TreeConiferous_C_02
0
4.440269
0
4412.938
171.8174
667.2423
1.15
Animal_Doe_A
0
-0.48
0
4328.455
164.6184
453.6671
1.0
Obj_TreeConiferous_C_01
0
-2.942917
0
4506.2
178.5944
630.1
1.15
Obj_TreeConiferous_C_02
0
-1.92
0
4462.177
164.017
526.4785
1.0
FldObj_RockBeach_A_M_02
0
2.223598
0
4174.955
101.3838
534.2394
1.0
Animal_Insect_K
0
1.803641
0
4168.353
106.4527
450.3161
1.0
FldObj_RockBeachLump_A_L_01
0
0
0
4254.878
104.667
187.1822
1.0
Obj_Plant_HopBush_A_02
-0.307318
-1.272306
0.5207783
4495.34
169.5877
553.0156
1.060059
Obj_Plant_HopBush_A_02
-0.07777677
0.4946142
0.2016922
4489.324
170.5008
580.8984
0.950195
Obj_Plant_CypressLow_A_01
0.03106702
-0.3574027
0.3062993
4496.754
169.6066
547.8086
0.970215
Obj_MineralGrain_A_04
-0.23398
0.2238071
0.1719743
4079.852
251.4249
171.1324
1.0
Obj_LiftRockWhite_A_01
-0.159331
0.3064627
-0.008721984
4177.757
299.0814
53.83295
1.0
Obj_TreeConiferous_C_01
0
-0.982917
0
4498.788
172.7664
595.8247
1.15
Obj_Mineral_A_01
0
-2.965002
0
4065.489
179.4682
808.8583
1.0
FldObj_KorokStake_A_01
0
-0.7799998
0
4197.396
96.08374
461.3066
1.071362
Obj_TreeConiferous_C_03
0
4.440269
0
4406.795
170.2183
662.2156
1.15
Obj_TreeConiferous_C_02
0
0
0
4382.375
167.9139
610.1201
1.0
Obj_TreeConiferous_C_03
0
0
0
4373.775
184.3109
498.3881
1.0
Obj_Mineral_C_01
0
1.16001
0
4178.095
105.5883
443.9059
1.0
TBox_Field_Iron
-0.6788516
-1.043716
0.6014082
4149.318
341.6938
-1.04425
1.0
EnvSeEmitPointBirdWet
0.1252441
0.3797607
-0.2039795
4520.148
180.6758
588.0156
1.0
Obj_Plant_HopBush_A_01
-0.5622101
1.431116
-0.3449467
4491.613
168.7169
552.1523
1.053223
FldObj_RockBeach_A_S_02
0
-0.44
0
4141.857
105.1007
455.0235
1.0
FldObj_KorokStone_A_01
3.141593
-1.510796
2.981592
4143.993
136.392
195.8619
1.0
Obj_TreeConiferous_C_01
0
1.08
0
4468.621
171.6427
400.4191
1.1
FldObj_RockBeachLump_A_L_01
2.987964
-0.7912726
-2.878172
4264.308
125.7959
151.6258
0.8
Obj_TreeConiferous_C_02
0
-1.18
0
4462.436
166.167
573.2003
1.0
Obj_TreeConiferous_C_03
0
1.38
0
4278.76
111.3643
427.1819
1.0
Obj_TreeConiferous_C_01
0
2.440269
0
4516.803
176.7082
633.6539
1.15
Obj_TreeConiferous_C_02
0
-0.4599999
0
4491.725
168.2798
542.8388
1.0
FldObj_KorokStone_A_01
0
-2.401592
0
4139.644
141.2131
196.4554
1.0
Obj_Plant_HopBush_A_01
-0.001698818
0.1975722
0.0750086
4487.477
167.7409
540.3633
0.879395
Obj_TreeConiferous_C_01
0
4.440269
0
4424.331
169.9052
641.005
1.15
EnvSeEmitPointBirdWet
-3.067627
0.1777344
-2.869751
4424.266
173.0391
537.8164
1.0
Area
0
0
0
4322.445
158.8813
609.5684
100
Item_Mushroom_D
-0.6204834
1.147583
-1.591308
4148.219
187.9922
930.2891
1.0
EnvSeEmitPointBirdWet
0.3161621
-0.8796386
-0.4510498
4413.059
181.0742
301.9961
1.0
Obj_Plant_HopBush_A_02
-0.1126956
-0.1712065
0.2893263
4314.379
157.2665
575.5
1.046387
Animal_LittleBird_C
0
-2.339995
0
3841.982
106.4284
683.4508
1.0
FldObj_RockBeach_A_M_04
0.1280619
-0.7640071
-0.3106872
4136.384
100.8242
379.4751
1.0
Obj_TreeConiferous_C_02
0
4.440269
0
4469.4
162.7245
681.3876
1.15
Animal_LittleBird_A
0
0
0
4570.563
139.2197
295.8097
1.0
EnvSeEmitPointBirdWet
-2.614136
-1.084229
2.506836
4356.305
164.3125
186.6523
1.0
Obj_LiftRockWhite_A_01
0
-2.094396
0
4170.854
120.899
484.3251
1.0
Animal_Fish_K
0.8621491
0.06466836
-0.140425
4459.64
105.5648
905.5475
1.0
Obj_Plant_CypressLow_A_02
0.5982547
1.383867
0.7504941
4404.527
167.6937
626.2148
0.953125
Obj_MineralBury_A_01
-2.840422
-1.435576
-2.500174
4561.046
143.152
740.6541
1.0
Obj_TreeConiferous_C_03
0
4.440269
0
4478.088
184.6751
635.1978
1.15
Obj_Mineral_C_01
-1.083035
0.4495816
-0.6863284
4079.809
251.7899
171.6246
1.0
Obj_Plant_HopBush_A_01
0.2932869
-1.044088
-0.4753459
4084.914
122.3339
273.7734
1.09375
Animal_Fish_F
0
-2.159998
0
4185.884
105.3004
462.8742
1.0
Item_Mushroom_D
-2.11084
0.2276611
2.953613
4055.02
228.793
831.8438
1.0
Obj_Plant_HopBush_A_01
0.2008977
-0.5137009
-0.08741379
4434.676
158.4113
736.0039
0.926758
Obj_TreeConiferous_C_01
0
4.440269
0
4402.389
171.7428
673.0159
1.15
Obj_LiftRockWhite_Korok_A_01
0
-0.7800003
0
4529.656
110.865
1020.534
1.0
FldObj_AncientPillar_A_03
1.42
0.84
0
4462.878
156.7808
811.4104
1.0
Obj_MineralBury_A_01
0
-1.079999
0
4251.545
107.1817
371.5722
1.0
Item_Mushroom_D
-1.962891
0.9608154
-2.818725
4041.18
422.9297
997.1172
1.0
Item_Mushroom_E
0
-0.8599853
0
4463.984
158.585
184.5586
1.0
TBox_Field_Iron
-3.02925
-1.15721
3.021118
4515.493
156.5036
233.0074
1.0
Obj_TreeConiferous_C_03
0
-0.9200001
0
4353.768
145.9392
153.0975
1.0
Obj_Mineral_C_01
2.939288
-0.7278243
-3.108856
4048.578
238.1984
186.1406
1.0
Obj_TreeConiferous_C_01
0
0
0
4050.962
138.39
331.4519
1.1
Obj_MineralGrain_A_04
0
-0.6200001
0
4063.402
179.9018
801.4271
1.0
FldObj_KorokStone_A_01
0
0.7400002
0
4138.226
141.2131
196.3797
1.0
FldObj_KorokStone_A_01
0
0.7400002
0
4137.404
141.2131
198.4941
1.0
Obj_Plant_HopBush_A_02
0.1905679
-0.3561162
0.008590359
4439.738
159.5948
731.1992
1.071777
EnvSeEmitPointInsectTemperate
0
0.1201172
0
4517.59
173.5781
616.8867
1.0
BarrelBomb2
-0.2564929
-1.391877
0.2645654
4325.502
158.6895
597.5052
1.0
FldObj_RockBeachLump_A_L_01
0.04129564
-0.2575273
-0.123714
4330.322
141.3921
119.5971
0.8
FldObj_KorokStone_A_01
0
2.310797
0
4138.964
141.2131
195.7054
1.0
EnvSeEmitPointBirdWet
2.647583
1.385132
3.056396
4360.594
165.2695
304.8086
1.0
Obj_TreeConiferous_C_03
0
0
0
4425.496
178.7182
246.1075
1.0
Obj_Plant_HopBush_A_01
-0.4404196
1.131469
-0.6856263
4079.742
127.543
310.6211
1.00293
FldObj_AncientPillar_A_04
-0.07960203
0.007978231
0.09968215
4478.919
147.7698
807.7556
1.0
FldObj_KorokStake_A_01
0
1.350444
0
4199.391
96.42749
461.3174
1.015986
Obj_Plant_CypressLow_A_02
-0.1454158
-0.7511164
0.2658366
4491.422
168.9191
554.2188
1.09668
Obj_TreeConiferous_C_03
0
-0.16
0
4464.904
166.4431
561.5279
1.0
Item_Plant_A
0
-0.388816
0
4358.114
159.0519
208.2655
1.0
FldObj_KorokStone_A_01
0
-0.05999979
-0.16
4142.149
137.7014
195.7355
1.0
Obj_Plant_HopBush_A_01
0.01504878
-0.06158251
-0.3146119
4517.742
172.6688
605.0078
1.095215
Obj_Plant_CypressLow_A_01
-0.1013808
-0.4911194
0.1358049
4458.484
163.7018
370.4297
1.075684
Animal_Insect_O
0
0
0
4184.613
108.2906
427.5342
1.0
FldObj_RockBeach_A_M_02
-0.135574
-1.165138
-0.189185
4190.185
96.48642
499.8623
1.2
Animal_LittleBird_C
0
2.743188
0
3841.377
106.3561
682.6574
1.0
FldObj_RockBeach_A_M_04
-0.4670101
0.4624485
-0.07459936
4117.273
95.53027
434.2322
1.0
Obj_Plant_HopBush_A_01
1.393736
-1.5081
-1.253725
4492.281
168.2359
540.3203
0.984863
FldObj_RockBeachLump_A_M_01
-0.3382068
-0.03888682
-0.09215254
4364.427
162.2683
216.9942
1.0
FldObj_RockBeachLump_A_L_01
0
-1.4
0
4248.711
111.9273
612.5805
1.0
Obj_TreeConiferous_C_01
0
2.079999
0
4246.916
121.7996
156.6271
1.0
Obj_Plant_Shrub_A_01
-0.2934305
-0.8574314
0.3681247
4035.348
394.0772
51.70313
0.896484
Obj_TreeConiferous_C_01
0
-0.5629171
0
4500.743
181.2298
652.0648
1.15
FldObj_WeaponStand_A_01
0
-1.04
0
4333.555
159.1889
599.8867
1.0
Barrel
-0.0630411
0.007500439
0.0874936
4230.778
105.8801
572.4111
1.0
Animal_Fish_K
0.2308676
1.133266E-10
2.663841E-11
4296.036
105.7311
691.649
1.0
Obj_TreeConiferous_C_03
0
-1.28
0
4390.492
167.7882
602.5258
1.0
Obj_TreeConiferous_C_02
0
-1.28
0
4450.418
163.5508
538.8508
1.0
GrassCutTag
0
0
0
4429.5
160.1923
349.5
1.0
Obj_Mineral_A_01
-0.1385487
-0.2320842
-0.134443
4254.311
257.2211
51.42743
1.0
Animal_LittleBird_A
0
0.6400001
0
4568.374
139.0788
298.4296
1.0
Obj_TreeConiferous_C_03
0
1.3
0
4354.777
177.9972
469.7209
1.0
Animal_LittleBird_C
0
-0.2094395
0
4249.753
106.152
299.9109
1.0
Obj_LiftRockWhite_Korok_A_01
0.1505145
1.319856
0.007725079
4530.334
110.8743
1018.907
1.0
Enemy_Keese_AllDay
0
-2.080001
0
4518.495
160.535
236.5719
1.0
Obj_Plant_HopBush_A_02
1.647809
1.274398
1.359383
4440.887
162.1252
715.8125
0.868652
Obj_TreeConiferous_C_02
0
-1.242916
0
4487.017
177.7922
612.2683
1.15
FldObj_RockBeach_A_M_02
-0.4010095
0.5775014
0.03241576
4259.537
92.3693
274.2294
1.5
EnvSeEmitPointInsectTemperate
0
-0.4592285
0
4482.082
162.4141
371.6289
1.0
Obj_TreeConiferous_C_01
0
1.180001
0
4403.025
166.889
587.6085
1.0
Obj_TreeConiferous_C_03
0
0
0
4422.161
161.7897
336.4346
1.0
Animal_LittleBird_C
0
2.359998
0
3860.478
106.304
675.7115
1.0
FldObj_RockBeach_A_S_02
0
-1.96
0
4264.852
104.7853
703.8641
1.0
Obj_TreeConiferous_C_01
0
2.74
0
4403.34
171.2674
300.0475
1.1
FldObj_TravelerTrace_Tent_A_01
0
0
0
4243.515
106.7051
572.3615
1.0
FldObj_KorokStone_A_01
0
1.510796
-0.1599999
4144.151
137.3704
195.8482
1.0
Animal_LittleBird_C
0
-2.48
0
3844.918
106.4823
683.4315
1.0
FldObj_RockBeachLump_A_L_01
1.067984
1.210051
1.056826
4087.294
110.3676
341.9276
1.0
Obj_Plant_HopBush_A_02
-0.1089051
0.2458521
0.3176244
4308.914
154.9399
572.043
0.90625
Item_Plant_A
-0.1678646
0.5204083
0.005594097
4362.927
159.9374
209.6279
1.0
Obj_TreeConiferous_C_02
0
0.9999999
0
4355.78
156.1411
185.7096
1.0
Obj_Plant_HopBush_A_02
0.4897331
-0.7201312
-0.1886683
4447.188
166.0151
449.9492
0.986328
GrassCutTag
0
0
0
4457
161.8577
357.5
1.0
EnvSeEmitPointBirdWet
-0.2503662
0.4980468
0.1156006
4451.086
171.2422
536.6328
1.0
Obj_Plant_HopBush_A_01
-0.1646729
1.084958
-0.330489
4510.113
174.2642
608.6172
0.894531
Obj_Plant_CypressLow_A_01
-0.3235013
1.432387
-0.1151368
4493.672
171.5854
592.8477
0.877441
Obj_TreeConiferous_C_01
0
0
0
4360.394
170.1807
365.14
1.0
FldObj_RockBeachLump_A_M_01
0
0
0
4226.398
106.9689
603.2437
1.0
FldObj_HyrulePrairieRock_A_02
0.3529776
-1.093487
-0.3291447
4366.332
161.566
603.6901
1.0
FldObj_RockBeach_A_S_02
0
2.62
0
4272.493
106.3376
270.2945
1.0
Obj_TreeConiferous_C_03
0
0.9000002
0
4069.668
127.4635
267.7955
1.0
Obj_LiftRockWhite_Korok_A_01
1.236605
-1.459514
-1.345636
4527.845
110.9869
1021.396
1.0
Obj_TreeConiferous_C_01
0
0
0
4493.866
169.0813
551.4144
1.0
FldObj_HyrulePrairieRock_A_01
-3.108342
0.4601659
-2.977504
4417.88
169.0469
615.4396
1.0
Obj_MineralGrain_A_02
-0.1819259
-0.008602234
-0.1059183
4066.254
365.2346
103.1177
1.0
Animal_Fish_G
0
0.9400001
0
4436.589
104.8976
908.6815
1.0
FldObj_KorokStone_A_01
3.141593
0.0599997
2.981593
4142.98
136.5556
195.7958
1.0
FldObj_RockBeachLump_A_L_01
1.708317
1.271391
1.421083
4420.871
164.8882
479.1278
1.0
FldObj_KorokStake_A_01
0
1.713634
0
4196.384
97.38062
463.0314
0.9062946
Obj_MineralBury_A_01
0
-2.58
0
4285.279
106.846
361.515
1.0
EnvSeEmitPointBirdWet
-0.6370849
-1.139526
0.2720947
4426.156
176.0391
400.1875
1.0
Obj_Plant_CypressLow_A_01
-0.5432926
1.41552
-0.4624953
4488.719
167.8971
542.8203
0.937012
Obj_TreeConiferous_C_03
0
0
0
4459.681
165.4332
546.2992
1.0
Obj_TreeConiferous_C_03
0
2.340268
0
4393.813
170.3087
660.9764
1.15
Obj_Plant_Shrub_A_01
0.2682081
-0.2307572
-0.5023767
4048.473
393.493
42.0625
0.983887
FldObj_RockBeachLump_A_L_01
0
-1.7
0
4303.81
113.8136
390.3436
1.0
Animal_LittleBird_C
0
0
0
4227.894
106.9748
296.3362
1.0
FldObj_RockBeach_A_S_02
0
1.801592
0
4280.509
105.6114
347.2988
1.0
Obj_Mineral_C_01
0
3.241122
0
4015.164
264.7511
830.0327
1.0
Animal_LittleBird_C
0
-1.943186
0
3858.697
106.4309
676.5931
1.0
Item_Plant_B
0
0.4786501
0
4273.571
129.4874
621.2161
1.0
EnvSeEmitPointBirdWet
0.2290039
1.120483
0.4803466
4444.961
180.4297
286.4375
1.0
Item_Mushroom_E
3.141479
-1.562134
3.141479
4382.73
162.2436
558.1133
1.0
FldObj_AncientFloor_A_01
0
0
0
4471.955
154.2029
799.2523
1.0
TBox_Field_Iron
-0.2419773
-0.2789806
-0.280644
4123.28
137.508
220.4452
1.0
Enemy_Octarock
0
-2.063184
0
4147.341
103.1976
566.3959
1.0
Animal_Fish_G
0
-2.743185
0
4477.789
104.8976
915.4989
1.0
FldObj_RockBeachLump_A_L_01
1.544675
1.210684
1.54635
4175.723
120.5768
179.9551
1.0
Obj_TreeConiferous_C_01
0
-1.14
0
4427.104
162.2325
363.217
1.1
FldObj_AncientPillar_A_03
0.09968226
0.007978241
-0.07960202
4456.127
153.1087
782.3517
1.0
Enemy_Octarock
0
0.2399999
0
4163.116
103.1976
507.4201
1.0
Obj_TreeConiferous_C_03
0
0
0
4415.933
162.2472
515.051
1.0
Animal_LittleBird_C
0
2.283184
0
3840.782
106.5505
684.6146
1.0
Obj_LiftRockWhite_A_01
0
-0.6981331
0
4177.017
123.426
465.2537
1.0
Animal_LittleBird_A
0
0.86
0
4579.935
135.6252
314.3289
1.0
Obj_LiftRockWhite_A_01
1.274725
-1.007006
-1.253133
4182.423
128.0886
453.0862
1.0
Obj_Plant_HopBush_A_01
-0.2820557
-0.9458462
0.4620532
4489.293
170.8107
594.3789
0.858887
TBox_Field_Iron
0.2195049
-0.2896494
0.1728856
4507.117
113.7711
993.1038
1.0
Obj_TreeConiferous_C_02
0
1.84
0
4371.701
165.5734
620.1991
1.0
Animal_Insect_O
0
0
0
4178.448
108.0043
436.3082
1.0
FldObj_RockBeach_A_M_02
-0.5000002
0.4067838
2.131686E-18
4145.104
99.60564
576.5885
1.0
AscendingCurrent_Side
1.574974
1.143144
-3.105414
4118.449
109.062
420.852
1.0
Obj_TreeConiferous_C_03
0
1.460002
0
4307.914
155.1136
575.2148
1.0
EnvSeEmitPointBirdWet
-2.565307
-0.3585205
-3.092651
4018.152
148.4453
317.3203
1.0
FldObj_TorchStandBone_A_01
0
-2.278465
0
4499.012
156.6695
228.5501
1.0
EnvSeEmitPointBirdWet
3.141479
0.9100341
3.141479
4069.848
135.4922
267.1914
1.0
Item_Mushroom_E
0
0.2740478
0
4428.898
165.8644
544.2344
1.0
Obj_TreeConiferous_C_01
0
1.260001
0
4427.908
165.9024
544.9379
1.0
EnvSeEmitPointInsectTemperate
3.141479
-0.6804199
3.141479
4353.195
160.1758
585.2031
1.0
Obj_LiftRockWhite_A_01
0.5365273
0.006776321
-0.02464991
4181.663
127.0966
454.7522
1.0
PointWindSetTag
0
-0.48
0
4145.295
131.4224
485.272
1.0
KibakoZora_Contain_01
-0.0112025
-0.7399098
0.009781821
4346.542
160.2691
595.6337
1.0
Obj_MineralGrain_A_04
-0.2170495
0.7066968
-0.6530958
4065.477
179.2053
807.6565
1.0
Obj_LiftRockWhite_A_01
0
0
0
4432.106
160.6228
480.7152
1.0
Obj_Mineral_A_01
0.2935009
-0.6000916
-0.491399
4288.876
113.1487
460.0442
1.0
FldObj_RockBeachLump_A_M_01
-0.3169572
0.5575436
0.06522048
4452.199
171.7047
428.5099
1.0
AscendingCurrent_Side
-1.558881
-0.6558146
0.02375235
4046.861
109.4925
519.3178
1.0
EnvSeEmitPointBirdTemperate
-3.035156
0.894287
-2.79602
4279.457
119.5469
425.2344
1.0
Animal_Insect_O
0
3.398176
0
4160.196
108.8438
457.4492
1.0
Obj_Plant_HopBush_A_02
0.3426464
-1.034081
-0.3021649
4067.363
133.2595
242.4844
1.010742
Obj_MineralBury_A_01
0
-0.8200001
-0.22
4247.792
255.7661
61.13367
1.0
Obj_TreeConiferous_C_02
0
-0.6600001
0
4346.465
149.0066
111.2905
1.1
Obj_LiftRockWhite_Korok_A_01
0.1110403
-0.3494646
-0.2014637
4525.146
111.7705
1018.719
1.0
Obj_Plant_Shrub_A_02
0.3178612
0.6506306
-0.01431307
4039.004
394.5948
45.36719
1.096191
EnvSeEmitPointInsectTemperate
-0.01513672
-1.010986
0.3522949
4284.441
112.9258
422.5039
1.0
AscendingCurrent_Side
1.60313
0.5175608
-3.109406
4160.012
107.0051
358.0272
1.0
Animal_Fish_F
0
-2.159998
0
4188.008
105.3078
471.2998
1.0
FldObj_RockBeach_A_S_02
0
0.44
0
4215.104
105.3884
274.3018
1.0
Obj_TreeConiferous_C_01
0
0
0
4455.294
161.8047
526.9931
1.0
Obj_TreeConiferous_C_01
0
-0.6200001
0
4303.899
151.2896
159.8744
1.0
EnvSeEmitPointInsectTemperate
-2.614136
-1.084229
2.506836
4356.305
156.2539
186.6523
1.0
Obj_MineralGrain_A_04
-2.739268
0.1589598
2.690767
4550.288
142.1536
723.7236
1.0
Obj_TreeConiferous_C_02
0
0.74
0
4407.158
168.5936
603.6553
1.0
FldObj_HyrulePrairieRock_A_01
0
-0.18
0
4512.928
154.513
212.9648
1.0
Obj_TreeConiferous_C_01
0
0
0
4421.804
163.3153
377.2861
1.0
Obj_MineralBury_A_01
0
0.4800004
0
4246.605
107.0514
374.4542
1.0
FldObj_EnemyTrace_Garbage_A_01
0.03996806
-0.001599149
0.03996804
4513.165
156.779
217.8799
1.0
Obj_TreeConiferous_C_03
0
4.440269
0
4386.172
167.0872
624.4396
1.15
EnvSeEmitPointInsectTemperate
0.6439208
0.4123535
0.4058838
4419.336
165.2813
498.75
1.0
Obj_TreeConiferous_C_02
0
-1.100001
0
4055.225
135.1772
321.8026
1.0
Obj_Plant_Shrub_A_01
0.3095466
0.8449546
0.2578925
4136.855
336.9875
19.59164
1.028155
Obj_LiftRockWhite_A_01
0
2.792526
0
4188.136
129.464
442.0054
1.0
FldObj_RockBeach_A_M_02
2.502048
-1.344935
-2.803813
4144.443
95.46588
368.4934
1.0
Obj_TreeConiferous_C_03
0
-1.680007
0
4444.524
172.4819
285.8324
1.0
Obj_TreeConiferous_C_03
0
1.06
0
4358.244
156.264
304.6035
1.0
FldObj_RockBeachLump_A_M_01
0.05999999
0
0.09999999
4455.821
163.8359
482.8548
1.0
Obj_LiftRockWhite_A_01
0
0.6981317
0
4168.093
120.9533
481.7544
1.0
Obj_TreeConiferous_C_03
0
0.94
0
4291.31
138.5446
121.7675
1.0
FldObj_RockBeach_A_M_02
-0.28
-1.392662
-0.42
4200.222
99.14494
269.0293
1.0
EnvSeEmitPointBirdWet
3.141479
0.6278076
3.141479
4385.875
175.043
623.3281
1.0
Obj_MineralGrain_A_04
0
0
-0.28
4014.802
264.4832
829.0855
1.0
Obj_TreeConiferous_C_01
0
0.44
0
4340.89
151.8107
99.1127
1.0
Obj_TreeConiferous_C_02
0
0
0
4423.21
164.7802
536.7766
1.0
Animal_Insect_O
0
4.956326
0
4174.068
106.7862
443.9973
1.0
Obj_Plant_HopBush_A_02
0.02723783
-0.4424598
0.164481
4491.418
168.5098
545.8125
0.910156
Obj_Mineral_A_01
0
0
0
4314.57
113.3424
362.9986
1.0
Obj_Plant_CypressLow_A_02
0.04270789
-0.6099554
0.158189
4492.836
168.6864
547.2695
1.009277
Obj_MineralGrain_A_02
-2.601593
1.299992
-3.141592
4058.011
185.5915
811.313
1.0
Obj_Plant_CypressLow_A_02
-0.03356131
0.2363878
0.1455039
4440.613
139.0032
124.5469
0.963867
Obj_TreeConiferous_C_01
0
-1.48
0
4340.909
164.5753
558.7231
1.0
Item_Mushroom_E
3.141479
1.069092
3.141479
4430.523
169.5768
649.1914
1.0
Obj_TreeConiferous_C_01_Trunk
0.002926302
-0.005956989
-1.513083
4230.537
105.9992
569.8098
1.0
Obj_TreeConiferous_C_02
0
0
0
4474.037
171.3791
403.731
1.0
Obj_Plant_CypressLow_A_02
-0.1831288
-0.1205241
-0.0873934
4399.129
170.1581
664.5
0.865723
EnvSeEmitPointBirdWet
0
0.720581
0
4513.789
166.4609
213.5078
1.0
FldObj_RockBeach_A_S_02
0
2.723184
0
4231.969
104.5756
360.6234
1.0
Obj_MineralGrain_A_04
-1.106408
0.8438397
-0.2023759
4249.617
106.5332
373.8019
1.0
Obj_Plant_CypressLow_A_01
0.05238883
0.1680077
0.158912
4376.621
161.0599
568.0117
0.94873
Obj_TreeConiferous_C_02
0
-1.12
0
4445.907
163.5871
388.884
1.0
Animal_Insect_Z
0
0
0
4168.33
106.239
464.3203
1.0
Obj_TreeConiferous_C_01
0
1.357083
0
4382.213
168.6129
639.364
1.15
Animal_Fish_F
0
-2.159998
0
4186.252
105.3039
467.5572
1.0
FldObj_AncientDebris_A_01
0
0
0
4479.69
154.1319
805.8199
1.0
Obj_Mineral_A_01
0
1.56001
0.05999797
4587.29
129.427
428.5033
1.0
Obj_TreeConiferous_C_02
0
-0.78
0
4354.443
161.3396
609.1502
1.0
Item_Mushroom_D
-1.817505
0.8211669
-3.084961
4016.777
253.2891
808.3633
1.0
Obj_Plant_CypressLow_A_02
0.3945298
-0.1922933
-0.06834308
4335.422
150.1283
104.3477
0.997559
Obj_MineralBury_A_01
-2.819425
0.33925
2.987469
4590.252
129.1946
431.9978
1.0
GrassCutTag
0
0
0
4444.5
160.5437
338
1.0
Obj_LiftRockWhite_A_01
0
0
0
4423.25
168.5822
604.3448
1.0
Obj_TreeConiferous_C_02
0
-0.8199999
0
4500.295
170.5657
553.8769
1.0
Item_Mushroom_D
-2.093384
-0.2202148
2.748291
4207.563
203.6094
950.7031
1.0
Obj_TreeConiferous_C_02
0
-1.18
0
4069.566
134.1799
238.8733
1.1
Obj_TreeConiferous_C_03
0
0.9800001
0
4082.239
134.6026
239.1321
1.0
Obj_MineralGrain_A_02
-0.6967492
0.9738674
-1.229079
4018.596
263.4962
831.4902
1.0
Obj_TreeConiferous_C_03
0
-0.82
0
4387.584
164.8483
209.5221
1.0
Obj_TreeConiferous_C_02
0
0
0
4433.784
160.5333
518.2464
1.0
FldObj_RockBeachLump_A_L_01
0.2637304
0.3163606
-0.05472678
4175.848
130.9124
158.6621
1.0
Animal_Insect_K
0
0.09385479
0
4164.642
106.1291
454.1508
1.0
Obj_TreeConiferous_C_02
0
0
0
4470.427
167.0421
557.9757
1.0
Obj_TreeConiferous_C_01
0
1.100001
0
4283.116
112.527
423.5907
1.1
Area
0
0
0
4442
161.5
353
75
Obj_Plant_CypressLow_A_02
0.2983838
-0.04011926
-0.1382941
4436.773
160.6077
721.8477
0.990723
Item_Mushroom_D
-2.067139
0.1367187
3.088257
4084.355
404.7266
1006
1.0
Obj_TreeConiferous_C_02
0
-2.16
0
4372.951
164.1675
594.1318
1.0
Obj_TreeConiferous_C_01
0
0
0
4411.025
162.7667
513.2757
1.0
Obj_TreeConiferous_C_02
0
0.6799996
0
4405.531
169.7154
274.5106
1.0
Obj_MineralGrain_A_04
0
0
0
4314.988
113.0675
362.7062
1.0
FldObj_RockBeach_A_M_02
3.105951
-0.6005733
2.844823
4108.638
97.97886
417.0619
1.0
AscendingCurrent
0
-0.2599999
0
4144.859
102.6987
413.9655
1.0
EnvSeEmitPointBirdWet
3.026611
1.128662
-2.710693
4275.652
136.3047
508.3008
1.0
Obj_TreeConiferous_C_02
0
2.119998
0
4115.71
113.3569
295.3696
1.0
EnvSeEmitPointBirdWet
-0.6427001
1.343994
-2.185058
4174.375
118.2148
210.9883
1.0
FldObj_KorokStone_A_01
0
-2.401592
0
4136.725
141.2131
197.7441
1.0
FldObj_RockBeachLump_A_L_01
3.021022
-0.8755528
-2.985104
4442.538
152.6528
804.1129
0.8
Obj_TreeConiferous_C_02
0
4.440269
0
4400.354
172.4114
679.8305
1.15
AscendingCurrent
0
0.2635988
0
4207.302
86.03953
609.1611
1.0
Obj_TreeConiferous_C_01
0
-1.182917
0
4516.239
173.8776
616.829
1.15
Obj_Plant_CypressLow_A_01
0.004405587
0.7755669
0.197753
4392.355
170.3789
663.9063
0.907715
Obj_TreeConiferous_C_03
0
-0.6229167
0
4512.941
177.8401
640.3584
1.15
Obj_TreeConiferous_C_02
0
-2.542917
0
4493.099
181.4944
629.5779
1.15
EnvSeEmitPointBirdTemperate
3.141479
-1.296631
3.141479
4163.121
114.0234
363.0273
1.0
FldObj_RockBeachLump_A_M_01
-0.01368097
-0.5998631
0.02423105
4261.404
107.031
410.7242
1.0
FldObj_RockBeach_A_M_02
-0.3690114
0.3838142
-0.008568374
4089.048
99.87112
477.9682
1.0
Animal_Fish_G
0
2.138407
0
4210.512
105.2159
471.7141
1.0
Obj_LiftRockWhite_A_01
-0.04626935
-0.002912029
-0.1256848
4191.126
129.1516
445.1377
1.0
EnvSeEmitPointBirdWet
3.107666
0.3278808
2.750366
4468.145
179.9297
399.3008
1.0
AscendingCurrent
0
-0.2599999
0
4212.77
102.6987
430.5495
1.0
EnvSeEmitPointInsectTemperate
-0.1861572
-0.8948974
0.3928222
4415.668
165.8984
559.6094
1.0
Animal_LittleBird_C
0
2.599996
0
3858.817
106.1178
672.9561
1.0
Item_Mushroom_D
-1.76123
0.899292
-2.693115
4268.137
222.0547
1022.297
1.0
KibakoZora_Contain_01
0.001039264
1.443066
0.005847314
4517.777
156.4841
228.308
1.0
Item_Mushroom_D
-1.771973
0.8394775
-2.661377
4113.176
184.7188
840.5938
1.0
Obj_TreeConiferous_C_02
0
2.720269
0
4446.819
161.9577
685.6466
1.15
FldObj_RockBeach_A_M_02
2.641593
-0.08519119
3.141593
4129.393
97.34783
558.4088
1.0
Obj_LiftRockWhite_A_01
-2.985252
-0.03252371
3.11746
4180.724
298.5448
49.71713
1.0
Obj_TreeConiferous_C_03
0
1.440001
0
4018.708
141.4198
319.23
1.0
Obj_LiftRockWhite_A_01
-0.4209315
-1.252613
0.4212694
4178.672
298.6588
50.45483
1.0
Obj_TreeConiferous_C_02
0
0.7
0
4414.678
165.7914
559.954
1.0
FldObj_RockBeach_A_S_02
0.2703624
-0.9077062
-0.3624059
4148.229
105.1999
533.0939
1.0
Item_Mushroom_F
3.141479
-0.5576172
3.141479
4461.645
166.1232
573.0156
1.0
EnvSeEmitPointBirdWet
3.141479
-1.125244
3.141479
4353.238
169.1484
608.2539
1.0
Enemy_Octarock
0
1.08
0
4159.289
103.1976
548.78
1.0
Obj_TreeConiferous_C_01
0
-0.4539481
0
4422.791
167.4999
585.7817
1.016298
Obj_Plant_CypressLow_A_02
-0.7453056
1.138342
-0.4605547
4450.621
162.1471
531.8633
1.076172
Obj_TreeConiferous_C_02
0
1.4
0
4327.466
162.7077
560.6469
1.0
Item_Plant_A
-0.06428397
0.02561593
0.03817559
4366.852
146.9241
145.1688
1.0
FldObj_AncientFloor_A_01
0
-1.570796
0
4476.569
158.8196
830.868
1.0
FldObj_RockBeach_A_M_02
-0.05084711
0.6950141
0.2993991
4147.127
95.76971
558.8776
1.0
Item_Mushroom_D
-1.612549
0.03869629
3.136596
4150.336
392.7031
1040.945
1.0
Obj_TreeConiferous_C_02
0
0.86
0
4402.537
168.2816
648.3036
1.0
Obj_Plant_CypressLow_A_02
-0.19834
0.7001293
-0.01691871
4398.906
170.8538
671.8438
1.064453
Animal_Fish_K
0.9605759
0.02299616
-0.04413525
4457.914
105.3386
905.9289
1.0
TBox_Field_Iron
0.003435794
0.9400582
-0.02426794
4528.251
97.72218
942.9709
1.0
Obj_TreeConiferous_C_03
0
1.4
0
4354.41
148.7692
111.3239
1.0
PointWindSetTag
0
-0.3199996
0
4167.233
113.0552
456.1313
1.0
Obj_Mineral_A_01
0
2.58
0
4249.731
106.6625
373.3107
1.0
Obj_TreeConiferous_C_01
0
-3.123185
0
4425.308
168.1981
399.866
1.0
Obj_TreeConiferous_C_02
0
-2.162917
0
4520.311
172.8843
585.9402
1.15
Obj_TreeConiferous_C_02
0
1.160001
0
4417.752
158.697
178.5001
1.0
Obj_TreeConiferous_C_02
0
-0.5800001
0
4483.775
157.3357
211.4931
1.1
Obj_Plant_CypressLow_A_02
0.4112232
-0.9253556
-0.235541
4064.637
132.9716
243.4102
1.024902
Obj_Mineral_A_01
0
0.4800001
-0.18
4286.059
106.4398
359.8093
1.0
Item_Mushroom_E
3.141479
0.6953125
3.141479
4382.84
167.662
609.457
1.0
GrassCutTag
0
0
0
4442
160.8031
353
1.0
Obj_TreeConiferous_C_01
0
-2.06
0
4485.686
168.6053
573.8284
1.0
Obj_Plant_HopBush_A_01
-0.2850925
-0.9021229
0.3736769
4379.109
161.8343
573.0781
1.09082
Obj_TreeConiferous_C_02
0
1.08
0
4174.167
110.2393
211.0237
1.0
Barrel
0.9695886
-0.2174385
-1.696311
4228.358
106.2264
573.4013
1.0
Obj_Plant_HopBush_A_02
-0.09314622
0.2534509
0.05210895
4364.613
163.7983
623.918
0.850586
Obj_TreeConiferous_C_03
0
-0.9800001
0
4452.445
160.8374
345.9584
1.0
FldObj_RockBeach_A_S_02
0
-3.101593
0
4086.17
106.4498
435.5146
1.0
Enemy_Moriblin_Bone_Junior
-2.73499
-1.349503
2.412038
4599.315
125.9311
420.3605
1.0
Obj_TreeConiferous_C_03
0
-2.682917
0
4474.314
162.2825
690.1984
1.15
Animal_Fox_A
0
2.76
0
4302.137
168.9188
92.34778
1.0
Obj_TreeConiferous_C_03
0
1.469649
0
4416.214
166.9998
590.9983
1.045303
FldObj_KorokStone_A_01
0
-0.05999979
-0.16
4141.994
136.7146
195.7358
1.0
Obj_MineralGrain_A_04
0.9814703
-0.9921575
-0.740117
4048.214
238.4137
186.248
1.0
FldObj_RockBeachLump_A_L_01
0
0.9399999
0
4080.811
110.6329
387.5565
1.0
Obj_TreeConiferous_C_01
0
-0.72
0
4052.821
131.8049
263.6011
1.0
EnvSeEmitPointBirdWet
0
0.2971191
0
4480.055
159.3008
158.3203
1.0
Obj_Plant_CypressLow_A_01
-0.1065803
-0.5439218
0.08347152
4402.094
169.4815
660.082
0.927246
Obj_TreeConiferous_C_01
0
-2.962917
0
4473.954
173.1609
606.67
1.15
Obj_Mineral_C_01
-3.141592
0.3215925
-2.881593
4065.705
247.68
180.2299
1.0
Obj_LiftRockWhite_A_01
0
-2.792528
0
4187.347
129.7
442.9367
1.0
FldObj_RockBeachLump_A_M_01
-2.949379
0.389257
-3.038886
4329.291
144.2423
145.0533
1.0
Obj_TreeConiferous_C_01
0
-1.422915
0
4449.689
161.5791
677.6904
1.15
Obj_TreeConiferous_C_01
0
2.700269
0
4484.016
184.1072
638.9951
1.15
Obj_TreeConiferous_C_03
0
0
0
4480.03
162.3849
373.095
1.0
FldObj_RockBeach_A_S_02
0
2.723599
0
4207.897
105.939
608.4272
1.0
Area
0
0
0
4322.445
158.8813
609.5684
25
Obj_TreeConiferous_C_03
0
-2.08
0
4356.458
163.8338
627.3708
1.0
Item_Plant_C
0.03786656
0.001383266
-0.07301889
4466.605
162.5747
371.3448
1.0
FldObj_RockYellowOcher_A_L_01
-2.804054
-1.392671
2.677317
4399.426
166.6392
352.7066
1.0
FldObj_RockBeach_A_S_02
0
3.140001
0
4224.112
105.1763
492.1904
1.0
Obj_Plant_HopBush_A_02
-1.400901
1.419444
-1.262308
4494.688
169.8937
557.7344
0.951172
Obj_TreeConiferous_C_01
0
-1.02
0
4478.536
162.6864
355.0401
1.1
Obj_TreeConiferous_C_01
0
-0.38
0
4360.066
161.8412
257.3697
1.0
Obj_LiftRockWhite_A_01
-2.938498
0.5745391
-3.05898
4174.72
298.7618
50.20944
1.0
Obj_TreeConiferous_C_03
0
0
0
4458.078
170.301
421.4221
1.0
Item_Mushroom_F
3.141479
-0.8186035
3.141479
4505.047
178.915
630.1992
1.0
Obj_TreeConiferous_C_03
0
-2.16
0
4381.417
161.6597
569.9813
1.0
Obj_Plant_HopBush_A_01
-0.1941266
-1.172418
0.5915594
4307.652
153.7162
567.3008
0.896484
EnvSeEmitPointBirdWet
2.940063
-0.1430664
-2.881836
4469.066
170.6328
681.418
1.0
FldObj_TorchStandBone_A_01
0
-2.318769
0
4506.843
156.3616
215.9359
1.0
Obj_TreeConiferous_C_02
0
1.899999
0
4383.594
162.2449
557.5499
1.0
EnvSeEmitPointBirdWet
0.151123
-0.4012451
0.151001
4331.156
182.543
513.2813
1.0
Area
0
-2.859999
0
4479.354
154.645
788.9332
150
FldObj_RockBeachLump_A_L_01
0
0
0
4071.811
106.0471
410.4828
1.0
Obj_LiftRockWhite_A_01
0
-1.396265
0
4171.416
120.8876
483.5104
1.0
TBox_Field_Iron
3.062933
1.335868
-3.121152
4117.862
104.4061
551.7404
1.0
Obj_Plant_CypressLow_A_01
0.5376931
0.02166544
-0.005975164
4362.375
169.4733
553.0703
0.880371
Animal_LittleBird_C
0
-0.2094395
0
4226.016
106.7135
291.4829
1.0
FldObj_RockBeachLump_A_M_01
-0.6917213
0.02383741
0.1509759
4405.693
163.2975
190.5782
1.0
EnvSeEmitPointBirdWet
-1.022461
-0.2056885
1.706909
4462.383
174.1367
573.0703
1.0
Obj_TreeConiferous_C_01
0
1.560008
0
4468.994
166.9139
565.7949
1.0
FldObj_RockBeachLump_A_L_01
0
1.100001
0
4417.485
160.7435
499.023
1.0
Obj_TreeConiferous_C_01
0
1.003187
0
4458.635
161.4941
335.1669
1.1
Obj_TreeConiferous_C_01
0
0.05999924
0
4504.721
155.3149
210.2507
1.0
Obj_TreeConiferous_C_02
0
-1.062916
0
4478.152
162.8522
691.8526
1.15
FldObj_RockBeach_A_M_02
2.688754
-0.3491114
3.092611
4045.004
98.29551
507.4811
1.0
EnvSeEmitPointInsectTemperate
-2.9281
1.447632
-2.418579
4432.566
183.7539
222.9688
1.0
Obj_Plant_HopBush_A_01
0.754071
1.315492
0.7462288
4445.574
159.6632
732.2461
1.014648
EnvSeEmitPointBirdWet
3.141479
-0.6014404
3.141479
4068.059
141.5352
240.7461
1.0
Obj_MineralGrain_A_02
0.3799999
0.6399999
0
4261.897
254.7649
57.73495
1.0
FldObj_RockBeachLump_A_L_01
3.096257
-1.041525
-3.135263
4458.457
167.6092
619.5128
1.0
Obj_TreeConiferous_C_02
0
-1.479999
0
4280.124
110.6429
442.0147
1.0
Obj_Plant_CypressLow_A_02
-0.1738758
1.158193
-0.08815233
4505.055
173.3432
597.7891
0.977539
Obj_TreeConiferous_C_02
0
0.7800001
0
4352.651
161.4128
579.1584
1.1
Animal_LittleBird_A
0
0.98
0
4583.373
134.658
314.7335
1.0
FldObj_RockBeach_A_S_02
0
-1.943187
0
4144.375
104.8638
414.4794
1.0
Item_Mushroom_D
-2.549682
0.7940673
2.509155
4096.512
247.3867
868.9023
1.0
Obj_TreeConiferous_C_02
0
4.440269
0
4478.692
183.1364
641.8196
1.15
Obj_LiftRockWhite_A_01
0
2.094395
0
4188.831
128.9998
443.0201
1.0
Animal_Fish_F
0
-1.383186
0
4527.201
105.382
907.7079
1.0
Item_Mushroom_D
-1.374023
1.189819
-2.576782
4110.555
235.1289
885.4453
1.0
Obj_LiftRockWhite_A_01
0
-1.420001
0
4175.765
299.0262
53.0054
1.0
Obj_TreeConiferous_C_02
0
-1.3
0
4402.652
165.8694
578.6691
1.0
FldObj_RockBeach_A_S_02
0
-1.26
0
4224.234
106.4416
227.3477
1.0
Obj_TreeConiferous_C_02
0
0.7399999
0
4474.724
162.2798
368.232
1.0
Obj_TreeConiferous_C_02
0
4.440269
0
4394.001
170.4429
673.338
1.15
Item_Mushroom_D
-2.104004
0.5798339
3.09729
4190.281
187.1406
930.7305
1.0
Obj_Plant_CypressLow_A_01
0.8455544
0.9671352
0.780327
4066.336
137.8937
231.0039
1.046387
PointWindSetTag
0
-0.32
0
3950.477
134.6592
467.2396
50
Animal_Fish_G
0
0.3
0
4468.699
104.8976
917.8206
1.0
EnvSeEmitPointBirdWet
3.141479
-1.325195
3.141479
4464.719
169.6211
338.918
1.0
Obj_Plant_CypressLow_A_02
-0.08352908
0.2417058
0.2512355
4412.867
169.9181
621.9453
0.939941
Obj_LiftRockWhite_A_01
-0.3035036
-0.4183935
0.1550681
4176.085
298.3676
48.65826
1.0
FldObj_RockBeach_A_S_02
0
-2.520001
0
4204.098
105.7695
449.335
1.0
Obj_Mineral_C_01
-0.2238279
-0.4763974
0.3304113
4014.242
264.2314
827.1689
1.0
PointWindSetTag
0
-0.32
0
3996.477
134.6592
408.9427
50
EnvSeEmitPointInsectTemperate
0
-0.5054932
0
4384.695
162.1641
557.7227
1.0
Enemy_Keese_AllDay
0
-2.080001
0
4516.081
160.535
238.5602
1.0
Item_Mushroom_D
-2.288452
0.8123779
2.604004
4027.844
240.0156
818.0469
1.0
Obj_Plant_HopBush_A_01
-0.151186
0.3137532
0.07658368
4383.34
162.0214
570.8633
1.049805
Obj_LiftRockWhite_A_01
0.2511583
-1.005478
-0.2163897
4173.879
298.9212
52.14523
1.0
FldObj_RockBeachLump_A_L_01
0
-0.9600001
0
4494.139
165.17
695.1343
1.0
FldObj_RockYellowOcher_A_M_02
1.098119
1.109902
1.432465
4456.369
164.8676
319.3765
1.0
Obj_TreeConiferous_C_02
0
0
0
4432.329
183.5558
223.7636
1.0
Obj_MineralGrain_A_04
-0.03378624
0.5759099
-0.2870568
4065.157
364.6489
97.8418
1.2
TBox_Field_Iron
3.141533
0.6200505
3.141487
4465.808
158.9021
839.4858
1.0
Obj_TreeConiferous_C_02
0
-0.78
0
4375.609
165.336
323.6303
1.0
EnvSeEmitPointInsectTemperate
0.151123
-0.4012451
0.151001
4331.156
174.4805
513.2813
1.0
Obj_TreeConiferous_C_03
0
0.98
0
4465.049
166.3017
539.442
1.0
FldObj_RockBeach_A_S_02
0
-1.499584
0
4213.807
106.6109
543.9858
1.0
Obj_TreeConiferous_C_01
0
0
0
4407.553
170.709
212.5706
1.1
FldObj_RockBeach_A_M_02
2.847495
1.144551
-2.83672
4217.324
96.46973
457.6197
1.0
FldObj_RockBeach_A_S_02
0
2.261593
0
4234.428
105.4619
385.7734
1.0
Obj_Plant_CypressLow_A_01
0
-0.1993408
0
4440.457
162.9146
562.3125
0.909668
Obj_TreeConiferous_C_02
0
4.440269
0
4491.205
171.073
588.3455
1.15
Item_Plant_A
0
-1.492676
0
4008.105
134.7094
302.3555
1.0
FldObj_AncientPillar_A_04
0
-1.699998
0
4486.604
154.6642
782.2681
1.0
Obj_MineralGrain_A_04
-3.088296
0.8550329
2.911286
4285.899
106.4562
361.5702
1.0
Item_Mushroom_E
0
1.167847
0
4328.465
142.3782
139.3477
1.0
Animal_LittleBird_C
0
1.879999
0
3861.41
106.0808
672.4874
1.0
Animal_Deer_A
0
0.7599999
0
4358.358
168.4234
359.8541
1.0
AscendingCurrent
0
-0.2599999
0
4223.229
102.6987
492.528
1.0
FldObj_RockBeach_A_S_02
0
0
0
4168.409
104.8104
446.6017
1.0
Obj_TreeConiferous_C_02
0
-1.800002
0
4457.993
169.1929
215.2411
1.0
Animal_Fish_G
0
2.138407
0
4205.811
105.5155
472.0889
1.0
Obj_Plant_Shrub_A_02
0.647945
1.041073
0.715653
4140.411
337.5464
18.48053
1.015998
Obj_TreeConiferous_C_01
0
4.440269
0
4435.655
165.5347
691.5321
1.15
Obj_Mineral_A_01
0
0
0
4244.949
255.9005
57.5401
1.0
FldObj_RockBeachLump_A_L_01
-3.071072
-0.4525099
2.919033
4418.479
153.3631
174.8253
0.8
EnvSeEmitPointInsectTemperate
0
1.370239
0
4457.395
165.6445
593.9023
1.0
KibakoZora_Contain_01
0.02370528
0.000272686
0.04096787
4347.311
160.4137
605.9988
1.0
Item_Plant_J
0
1.047198
0
4347.803
150.1979
103.5331
1.0
Obj_TreeConiferous_C_03
0
-1.08
0
4463.171
158.9341
183.941
1.0
Area
0
0
0
4509.155
156.5038
225.8727
25
Obj_TreeConiferous_C_02
0
0
0
4408.045
163.8183
515.6384
1.0
Obj_Plant_CypressLow_A_01
0.5644788
0.8632766
0.4177574
4342.551
150.1602
104.1172
0.910645
FldObj_RockBeach_A_S_02
0
-2.700002
0
4324.691
106.0925
741.851
1.0
Obj_MineralGrain_A_04
1.066603
-0.8865502
-1.034433
4246.418
106.3836
375.3261
1.0
Animal_LittleBird_C
0
-3.119999
0
3842.595
106.278
680.7519
1.0
Obj_LiftRockWhite_Korok_A_01
0.1781099
0.7094511
-0.1387201
4529.578
111.2484
1016.959
1.0
FldObj_RockBeach_A_S_02
0.1721629
1.133093
0.1896752
4111.899
106.4745
576.7256
1.0
Obj_LiftRockWhite_Korok_A_01
0.2045188
0.828108
-0.1161935
4525.979
111.2836
1020.461
1.0
FldObj_AncientDebris_A_01
0
0
0
4478.459
158.8898
841.0687
1.0
Area
0
0
0
4509.155
156.5038
225.8727
60
FldObj_RockBeach_A_M_04
2.808067
0.7619234
-2.969203
4210.659
96.43179
489.6257
1.2
Obj_TreeConiferous_C_01
0
-0.9400005
0
4438.318
162.8132
559.6262
1.0
Item_Plant_B
0.09008496
-0.01070057
0.06176895
4270.175
128.8967
617.8588
1.0
FldObj_RockBeach_A_M_02
2.641593
1.194809
3.141593
4147.768
99.60564
544.2838
1.0
Animal_Insect_O
0
6.134471
0
4170.042
106.5058
433.728
1.0
Obj_TreeConiferous_C_03
0
0
0
4412.267
166.1419
584.3057
1.0
Obj_Mineral_C_01
-0.2867521
-0.7701589
0.06714485
4074.568
250.1517
175.9376
1.0
Obj_TreeConiferous_C_01
0
-0.8800002
0
4433.599
165.7512
313.2759
1.0
Animal_Doe_A
0
1.2
0
4360.761
168.2485
351.9523
1.0
Item_Plant_J
0
0.3490658
0
4137.711
336.7432
20.97504
1.0
FldObj_RockBeach_A_M_04
-0.8386616
1.249693
-0.4041379
4058.963
97.15161
520.3329
1.0
Animal_Fish_K
-1.761607
-0.6372901
2.519416
4268.08
105.6442
699.2932
1.0
Obj_Mineral_C_01
0
0
0
4072.443
249.5187
176.7552
1.0
Obj_Plant_HopBush_A_02
0.3194085
1.070543
0.4252621
4109.66
135.2292
251.6875
0.858398
Obj_TreeConiferous_C_02
0
1.540004
0
4380.416
185.9727
491.5864
1.1
Item_Mushroom_D
-1.717285
0.5418701
-2.989013
4355.617
172.9648
1099.969
1.0
Obj_TreeConiferous_C_01
0
3.520157
0
4385.648
166.6478
598.0162
1.142435
Obj_Plant_HopBush_A_01
0.1442535
0.3923106
0.1357005
4433.836
159.1025
731.3516
1.017578
Obj_MineralGrain_A_04
0.05945197
0.5807483
-0.03007257
4254.437
256.8648
51.05042
1.0
Obj_TreeConiferous_C_02
0
-1.102917
0
4503.562
179.4916
669.2016
1.15
Obj_TreeConiferous_C_02
0
0
0
4423.975
162.8882
373.6207
1.0
Obj_TreeConiferous_C_03
0
-1.400001
0
4469.329
166.4462
585.8315
1.0
EnvSeEmitPointInsectTemperate
0.06018066
0.09069823
0.4899902
4297.387
119.0625
465.1211
1.0
FldObj_RockBeach_A_M_04
2.582225
0.9590837
3.065972
4273.148
100.0564
235.3749
1.2
Animal_Insect_K
0
0
0
4160.201
108.843
455.9565
1.0
FldObj_HyrulePrairieRock_A_01
0.1545535
0.6028962
0.2681409
4427.137
170.4221
293.4523
1.0
Obj_TreeConiferous_C_01
0
-1.44
0
4361.05
162.5306
617.9309
1.0
Obj_MineralGrain_A_04
-0.1005232
-0.003430756
-0.06817383
4251.583
106.6735
370.2264
1.0
Obj_TreeConiferous_C_01
0
0
0
4331.074
174.2454
514.7133
1.0
Obj_TreeConiferous_C_02
0
0.9400001
0
4458.563
165.7189
592.9186
1.0
Obj_TreeConiferous_C_01
0
2.9
0
4372.44
161.1505
573.9267
1.0
Obj_TreeConiferous_C_03
0
1.2
0
4426.609
163.481
380.3158
1.0
FldObj_RockBeach_A_M_02
0.07555553
0.9769961
0.3980647
4152.24
99.82052
388.4967
1.0
FldObj_RockBeach_A_S_02
0
0.46
0
4061.08
106.3473
480.2738
1.0
Obj_TreeConiferous_C_02
0
0.8999999
0
4480.049
151.3776
159.1576
1.0
Item_Mushroom_D
-1.73999
0.7542724
-2.902466
4037.516
214.293
810.2422
1.0
Area
0
0
0
4322.445
158.8813
609.5684
50
Enemy_Giant_Middle
0
0
0
4442
160.7935
350.9375
1.0
Obj_TreeConiferous_C_02
0
0.7400001
0
4275.64
128.3568
510.2338
1.0
EnvSeEmitPointInsectTemperate
0
1.144287
0
4411
166.0898
584.3281
1.0
FldObj_RockBeach_A_S_02
0
-0.32
0
4180.976
105.7198
556.0161
1.0
GrassCutTag
0
-1.04
0
4336.142
159.1889
598.368
1.0
Obj_TreeConiferous_C_02
0
-1.382917
0
4520.718
175.2178
643.4565
1.15
FldObj_KorokStone_A_01
0
1.510796
-0.1599999
4144.979
136.233
195.9219
1.0
EnvSeEmitPointBirdWet
-2.936767
-0.2452392
-3.117798
4301.793
158.9727
159.4688
1.0
Item_Mushroom_E
0
0.6273193
0
4237.828
116.9903
171.8125
1.0
TBox_Field_Iron
3.115446
-0.6592267
-3.099894
4536.119
97.15395
1067.438
1.0
FldObj_KorokStone_A_01
0
-0.8307961
0
4138.143
141.2131
197.8199
1.0
Item_Mushroom_D
-2.140625
0.4659424
-3.016479
4014.344
164.0625
758.0313
1.0
EnvSeEmitPointInsectTemperate
0
-0.04357909
0
4002.664
151.3008
358.5781
1.0
Obj_TreeConiferous_C_01
0
-1.06
0
4360.226
173.7841
540.4753
1.0
Obj_Plant_HopBush_A_01
0.04979152
-0.06477267
-0.04609408
4462.941
162.7471
375.5234
1.072266
Obj_TreeConiferous_C_03
0
0
0
4414.354
162.8465
369.3384
1.0
FldObj_RockBeach_A_M_04
-0.5000002
0.4067838
2.131686E-18
4127.697
97.82439
576.8463
1.2
Obj_TreeConiferous_C_02
0
-2.14
0
4391.03
168.5947
620.0608
1.0
Obj_TreeConiferous_C_01
0
-1.220001
0
4162.831
106.0023
362.1209
1.0
Obj_MineralGrain_A_04
1.772933
1.077904
2.05228
4065.081
247.1653
180.1943
1.0
Obj_Plant_CypressLow_A_01
-0.1145732
-1.07104
0.09361652
4388.395
168.504
257.043
1.01123
Obj_TreeConiferous_C_01
0
1.28
0
4074.542
132.4479
246.0662
1.0
Item_Mushroom_D
-2.719604
1.00769
2.505371
4283.348
203.082
1032.582
1.0
FldObj_RockBeach_A_M_04
0.4594904
-0.09733372
0.004733957
4086.966
102.4189
460.2902
1.0
FldObj_RockBeach_A_M_04
2.623556
0.3111112
-3.120657
4313.014
100.087
708.6207
1.0
Obj_MineralGrain_A_02
-0.1469667
0.7694228
-0.2719919
4247.292
255.96
59.7699
1.0
PointWindSetTag
0
-0.32
0
4033.35
153.3467
360.9916
50
Obj_Plant_CypressLow_A_01
-0.1147607
0.1982314
-0.09337402
4391.773
168.1898
254.5898
0.881348
TBox_Field_Iron
3.141544
0.159894
-3.141565
4468.145
158.9021
840.1823
1.0
Obj_TreeConiferous_C_02
0
-0.8000003
0
4414.687
173.5323
297.6783
1.0
Obj_MineralGrain_A_04
-0.8431754
1.397187
-0.8429946
4012.432
264.5092
827.1892
1.0
Obj_TreeConiferous_C_02
0
1.760268
0
4388.507
168.6344
642.0308
1.15
Obj_Plant_CypressLow_A_02
-0.3276377
1.322571
-0.3102179
4443.656
169.0622
414.0859
1.071777
Animal_Fish_F
0
2.58
0
4521.719
105.4835
911.1786
1.0
AscendingCurrent
0
0.2635988
0
4213.211
99.71922
544.7197
1.0
FldObj_RockBeach_A_M_02
0
0
0
4472.776
100.4944
1009.471
1.0
Item_Mushroom_D
-1.806518
0.3778076
-2.734619
4064.852
290.9336
872.2734
1.0
Obj_TreeConiferous_C_02
0
-1.12
0
4459.762
174.3329
291.5729
1.1
FldObj_RockBeachLump_A_M_01
-0.2921686
-0.1019168
-0.2189507
4507.023
158.9607
239.4715
1.0
FldObj_RockBeach_A_S_02
0
-1.759999
0
4113.742
105.2467
403.6872
1.0
FldObj_RockBeachLump_A_L_01
3.072905
0.5174658
3.003407
4536.194
152.2687
215.9758
1.0
Obj_Plant_CypressLow_A_01
0.8378937
1.403825
0.8365797
4382.277
161.9501
564.7539
1.085938
Obj_MineralBury_A_01
2.732317
0.2133779
2.591489
4262.441
254.6321
57.25879
1.0
FldObj_HyrulePrairieRock_A_01
-1.501707
1.216656
-1.530676
4375.88
152.7253
174.2828
1.0
Animal_Fish_G
0
2.138407
0
4209.548
105.149
474.3228
1.0
FldObj_KorokStake_A_01
0
-0.6231856
0
4200.372
96.23999
463.053
1.04327
Enemy_Keese_AllDay
0
-2.080001
0
4519.069
160.535
232.8766
1.0
Animal_Fox_A
0
3
0
4299.656
170.1857
74.84082
1.0
Obj_TreeConiferous_C_03
0
-1.96
0
4460.248
163.6158
369.348
1.0
Enemy_Octarock
0
2.340001
0
4118.544
103.1976
558.2416
1.0
Animal_LittleBird_A
0
-0.86
0
4581.926
134.5281
318.5438
1.0
FldObj_RockBeach_A_S_02
0
2.7
0
4478.51
105.1256
996.6299
1.0
Obj_Plant_CypressLow_A_01
-0.6339473
1.395094
-0.4878075
4388.078
168.2155
251.5195
1.055664
EnvSeEmitPointBirdWet
1.799805
1.322876
1.743286
4237.711
125
171.9609
1.0
Obj_TreeConiferous_C_03
0
1.22
0
4238.711
117.0417
172.0394
1.0
FldObj_RockBeach_A_S_02
0
0.26
0
4206.056
105.7952
351.2285
1.0
FldObj_RockBeachLump_A_L_01
2.917202
-1.239729
-3.0956
4278.904
105.4049
450.7208
1.0
Obj_Plant_CypressLow_A_01
-0.1573887
-1.114075
0.5631355
4313.168
156.6794
571.8203
0.966309
Item_Mushroom_D
-2.109253
0.8009033
-2.952636
4329.957
188.0391
1088.738
1.0
FldObj_AncientDebris_A_02
0
0
0
4464.272
158.8897
822.1923
1.0
Item_Mushroom_E
3.141479
-0.4611816
3.141479
4011.852
151.7975
350.8516
1.0
EnvSeEmitPointInsectTemperate
1.799805
1.322876
1.743286
4237.711
116.9766
171.9609
1.0
FldObj_RockBeachLump_A_L_01
0
0.32
0
4034.753
106.9273
420.0764
1.0
Obj_Mineral_A_01
0
0.3651369
0
4059.913
184.2748
812.3313
1.0
Obj_TreeConiferous_C_03
0
0.5600002
0
4513.694
158.3784
212.5721
1.1
Obj_TreeConiferous_C_02
0
-0.72
0
4402.32
165.4737
371.6499
1.0
Animal_LittleBird_C
0
-3.023186
0
3856.578
106.2135
674.4198
1.0
Obj_Plant_CypressLow_A_02
0.08793429
0.2731926
0.04900097
4483.809
167.7432
547.75
1.086426
Item_Mushroom_D
-0.149292
1.324951
-1.620361
4136.688
181.2031
890.9219
1.0
EnvSeEmitPointInsectTemperate
-0.2419433
0.2442627
0.06237793
4505.402
155.4609
211.5156
1.0
Barrel
-1.638271
0.002121815
-0.1713994
4229.427
106.2473
572.1957
1.0
Obj_TreeConiferous_C_03
0
0.4999999
0
4413.025
172.7704
303.0897
1.0
Obj_LiftRockWhite_A_01
0
0
0
4402.888
163.2892
566.6119
1.0
Obj_MineralBury_A_01
0
-1.360002
-0.2799999
4586.098
129.4101
425.9552
1.0
PointWindSetTag
0
0
0
4271.607
126.5138
624.8
20
FldObj_RockBeach_A_M_04
2.828127
-1.254589
3.011728
4220.669
99.11137
246.3428
1.5
FldObj_AncientSteps_A_01
0
3.141593
0
4471.748
155.1165
815.2565
1.0
Obj_TreeConiferous_C_01
0
3.140269
0
4405.531
168.0688
624.2479
1.15
FldObj_RockBeachLump_A_M_01
0.1931754
0.08508713
-0.1822692
4217.977
106.7439
202.2465
1.0
Obj_TreeConiferous_C_03
0
-1.8
0
4352.938
160.4813
583.6688
1.0
Obj_LiftRockWhite_Korok_A_01
0.2023053
0.016271
-0.1599685
4525.908
111.8849
1016.852
1.0
Obj_TreeConiferous_C_02
0
1.08
0
4247.012
132.74
132.078
1.0
KibakoZora_Contain_01
-3.133843
-0.831508
3.140138
4348.249
160.2997
596.7585
1.0
EnvSeEmitPointBirdWet
-2.203247
-0.951416
0.692871
4247.332
140.8008
131.8711
1.0
Obj_Plant_CypressLow_A_02
-0.2384767
1.421553
0.02300664
4398.801
171.918
679.4922
0.885742
Animal_Deer_A
0
0
0
4374.504
189.3389
452.247
1.0
FldObj_AncientPillarStage_A_02
0
-3.141593
0
4473.843
154.1542
817.0657
1.0
Obj_Plant_HopBush_A_01
-0.1469768
0.2422407
-0.3569603
4079.473
128.0329
313.0508
1.026855
FldObj_KorokStake_A_01
0
2.607997
0
4197.366
96.13062
464.767
1.089468
FldObj_EnemyLookout_B_01
0
3.063184
0
4340.5
160.0999
616.5
1.0
Obj_TreeConiferous_C_02
0
-1.480001
0
4409.901
167.564
594.3188
1.0
Obj_Plant_HopBush_A_01
-0.5599745
1.358753
-0.5106714
4400.402
170.6479
669.2383
1.097656
Obj_TreeConiferous_C_01
0
-1.58
0
4468.548
167.0915
545.6004
1.0
Obj_Mineral_C_01
0
0
0
4180.237
107.0808
439.2189
1.0
