UnitConfigName/__text
Rotate/value/0
Rotate/value/1
Rotate/value/2
Translate/value/0
Translate/value/1
Translate/value/2
_Scale
FldObj_RockBeachWall_A_07
0
1.72
0
4466.875
98.99618
1585.774
1.2
DgnObj_EntranceShutter_A_01
0
1.745329
0
4185.522
288.1496
1686.072
1.0
FldObj_RockBeachWall_A_02
-0.4943631
0.9977912
-0.03982211
4366.537
177.5627
1672.301
1.0
FldObj_MountainLanayru_A_01_Far
2.571423
1.096411
2.934646
4058.635
395.2615
1018.148
1.0
SwitchTimeLag
1.570796
0.4815936
3.141593
4152.391
375.0121
1990.715
0.5
FldObj_RockBeachWall_A_01
2.5876
1.196797
2.064825
4447.748
137.1215
1556.931
1.0
Area
0
0
0
4023
503.1366
1433
12
FldObj_GerudoHighlandRock_C_01
-1.436789
-1.353385
1.05834
4091.37
419.3911
1180.272
1.0
FldObj_CliffSnowLargeWall_D_02_Far
-0.8442492
-0.1212729
0.08840542
4002.313
423.5823
1705.175
1.0
FldObj_RockBeachWall_A_01_Far
1.215418
1.377247
2.01356
4420.375
150.2603
1654.104
1.0
FldObj_RockBeachWall_A_01_Far
1.921593
0.9215928
3.141593
4499.382
113.3773
1771.707
1.0
Obj_RockSetSnow_A_01_Far
0.1036483
-0.3453811
-0.2980948
4216.39
293.9697
1620.144
1.2
Item_Fruit_B
4.373538E-08
-0.4638672
3.141593
4223.133
289.5728
1705.856
1.0
LinkTagAnd
0
0
0
4181.78
285.5513
1686.732
1.0
Obj_Plant_Korok_A_01
-1.4524
-1.440536
1.969347
4213.938
404.5382
1979.815
1.0
FldObj_CliffSnowLargeWall_D_03
-0.7433243
0.648621
-0.09215961
4077.957
429.5063
1460.288
1.2
SwitchTimeLag
-2.050796
1.54
0
4246.814
425.4136
1983.641
0.5
FldObj_CliffSnowWall_D_19
3.005375
0.5819753
-3.134913
4176.359
346.2504
1730.86
1.0
LinkTagNAnd
-1.689192
1.440536
-1.172245
4214.974
408.8423
1981.365
1.0
FldObj_RockBeach_A_M_01
-0.18
-0.7800001
0
4193.66
105.3231
871.0702
1.0
FldObj_RockBeachWall_A_01
2.081593
1.02
3.141593
4410.881
112.3578
1380.04
1.0
Area
-0.4799999
1.54
0
4245.872
422.8935
1983.612
2
FldObj_MountainLanayruWall_A_01_Far
2.694845
0.4551938
3.115515
3957.78
444.6398
1162.372
1.0
LinkTagOr
-0.6199999
1.520001
0
4227.751
415.6381
1983.031
1.0
FldObj_MountainLanayru_A_03
-0.4456853
1.257591
-0.04268218
4088.687
482.8627
1388.613
1.0
LinkTagOr
0
-0.9399999
0
4285.044
289.0398
1658.896
1.0
Area
0
2.659999
0
4151.465
373.2122
1992.487
2
LinkTagAnd
0
0
0
4228.795
414.1731
1983.084
1.0
FldObj_RockBeachWall_A_01_Far
2.570851
1.067376
-2.593138
4414.507
148.7916
1491.993
1.0
FldObj_MountainLanayruWall_A_01_Far
2.967235
1.391005
-2.932399
4308.885
159.7733
1653.89
1.0
LinkTagAnd
0
1.745329
0
4187.949
288.1494
1687.167
0.3
LinkTagOr
0
-0.9399999
0
4281.211
287.0398
1653.647
1.0
KorokAnswerResponce
0
-1.480003
0
4435.737
140.3786
1431.196
1.0
LinkTagPulse
0
1.599999
0
4615.114
107.1173
1914.475
0.25
LinkTagAnd
0
0
0
4199.58
397.2864
1980.003
1.0
FldObj_MountainLanayruWall_A_01_Far
-3.016103
0.6547143
-2.727082
4208.243
299.1086
1766.136
0.8
ActorObserverTag
0
-1.480003
0
4435.918
140.3786
1433.188
2
LinkTagAnd
-3.122671
0.9341817
-2.546028
4173.801
384.5536
1978.529
1.0
LinkTagAnd
0
1.599999
0
4615.158
108.7173
1915.974
1.0
FldObj_MountainLanayru_A_01
-3.135005
-1.467809
-2.766119
4087.022
491.6599
1364.52
1.0
LinkTagAnd
0
0
0
4099.404
426.8472
1151.75
1.0
LinkTagNAnd
3.050186
1.03098
-2.777588
4202.068
400.4455
1980.267
1.0
FldObj_CliffSnowLargeWall_D_02
-0.8442492
-0.1212729
0.08840542
4002.313
423.5823
1705.175
1.0
FldObj_MountainLanayruWall_A_01
-3.016103
0.6547143
-2.727082
4208.243
299.1086
1766.136
0.8
LinkTagOr
0
0.4638672
0
4224.785
288.5834
1704.831
1.0
DragonDropItemTarget
0
0
0
4093.6
419.6614
1086.2
1.0
FldObj_MountainLanayruWall_A_01
-0.2720985
-0.6824098
-0.9264774
4052.115
349.0749
1802.749
0.8
LinkTagAnd
0
0
0
4079.844
438.7253
1716.654
1.0
FldObj_MountainLanayruWall_A_01_Far
2.932043
0.8321751
-2.987387
4339.224
189.1819
1807.261
1.2
LinkTagOr
-0.3099022
1.195278
0.1641559
4189.072
392.6661
1984.341
1.0
FldObj_RockBeachWall_A_01_Far
2.381593
1.441593
3.141593
4469.118
127.0981
1486.004
1.0
Obj_RockSetSnow_A_01
0
-0.84
0
4165.007
324.7219
1669.714
1.0
FldObj_RockBeachWall_A_04
0.2493171
1.100998
0.01050085
4476.937
129.0188
1549.843
1.0
LinkTagNAnd
0
1.60159
0
4134.173
395.4014
2003.902
1.0
FldObj_MountainLanayruWall_A_01_Far
9.711331E-09
1.301593
0.2999876
4117.458
390.7788
1393.198
1.0
FldObj_RockBeach_A_M_01_Far
0
-1.679994
0
4366.74
103.6168
1014.436
1.0
LinkTagAnd
0
0
0
4131.113
393.6014
2001.995
1.0
FldObj_MountainLanayru_A_03
-2.624342
-0.5252544
3.008433
4028.177
444.6208
1548.745
1.0
FldObj_MountainLanayruWall_A_01
2.800595
0.5747109
3.099738
4336.797
291.475
1943.627
1.0
Obj_RockSetSnow_A_01
0.1036483
-0.3453811
-0.2980948
4216.39
293.9697
1620.144
1.2
LinkTagOr
-0.700392
0.9205266
-0.9596015
4143.23
385.6139
2007.131
1.0
DragonDropItemTarget
0
0
0
4148.315
421.2955
1170.255
1.0
Obj_TreeConiferous_A_Snow_03
0
3.922153
0
4129.511
418.2106
1221.004
1.030341
Area
0
-1.480003
0
4434.897
134.6615
1432.699
2.4
FldObj_CliffSnowTopHalf_D_01
0
1.521596
1.960071E-08
4202.697
324.3591
1375.435
0.8
FldObj_CliffWhiteCave_A_01
0
1.644796
0
4180.726
286.9874
1689.773
1.0
LinkTagAnd
0
0
0
4151.465
373.2122
1992.487
1.0
FldObj_RockBeachWall_A_01_Far
-0.296731
0.9761727
-0.04583069
4474.056
148.6387
1743.874
1.0
FldObj_RockBeachWall_A_01
2.283061
0.4437395
3.00962
4441.805
132.169
1441.387
1.0
Obj_Plant_Korok_A_01
0
-1.540002
0
4131.113
392.4014
2001.995
1.0
FldObj_GerudoHighlandRock_C_01
-0.2720607
0.3594185
-0.1977692
4100.188
419.7727
1091.723
1.0
DragonDropItemTarget
0
0
0
4047.8
518.1528
1299.2
1.0
LinkTagAnd
0
0
0
4023
503.1366
1436
1.0
FldObj_RockBeachWall_A_01_Far
2.641593
1.181592
3.141593
4572.149
132.184
1913.786
1.0
LinkTagOr
0
-1.480003
0
4438.951
144.2224
1433.414
1.0
FldObj_MountainLanayru_A_01_Far
0.3182837
-0.4801145
0.03646066
4014.936
424.4453
1004.919
1.0
ActorObserverTag
0
0
0
4084.97
425.9286
1147.377
1.0
FldObj_RockBeachWall_A_01_Far
0
1.56
1.099936
4363.876
166.478
1616.581
1.0
FldObj_GerudoHighlandRock_C_04_Far
-0.1622796
1.153614
-0.1945223
4101.488
423.3415
1184.306
1.0
FldObj_RockBeachWall_A_01
0.3414432
0.9895764
1.362962
4408.084
146.4147
1591.003
1.0
LinkTagOr
0
2.201593
0
4282.39
291.5398
1655.262
1.0
Obj_RockCover
-3.052149
-0.2939579
3.026882
4615.007
106.738
1914.586
0.6
Obj_Plant_Korok_A_01
0.09140672
-1.03098
0.3640048
4200.094
396.2032
1979.946
1.0
FldObj_CliffSnowWall_D_07
2.981592
0.3015934
-3.141592
4080.723
355.0665
1044.019
1.0
FldObj_RockBeach_A_M_01_Far
-0.18
-0.7800001
0
4193.66
105.3231
871.0702
1.0
FldObj_CliffSnowWall_D_01
2.683424
0.04169262
-2.993284
3937.623
413.0893
1045.794
1.0
FldObj_GerudoHighlandRock_C_01_Far
-0.2720607
0.3594185
-0.1977692
4100.188
419.7727
1091.723
1.0
Area
3.050186
1.03098
-2.777588
4199.58
397.2864
1980.003
2
FldObj_CliffSnowTopHalf_D_01
0
1.561616
0.05999747
4129.492
340.3455
1714.147
0.8
Obj_RockSetSnow_A_01_Far
0
-0.1600001
0
4188.6
287.36
1703.358
1.0
FldObj_MountainLanayru_A_01
2.571423
1.096411
2.934646
4058.635
395.2615
1018.148
1.0
LinkTagOr
0
0.1015936
0
4088.268
425.9124
1142.064
1.0
LinkTagAnd
-0.3099022
1.195278
0.1641559
4191.545
394.003
1985.389
1.0
FldObj_CliffSnowWall_D_11_Far
2.901592
0.9815933
-3.141592
4161.226
318.8235
1695.133
1.2
LinkTagOr
0
0
0
4085.97
426.9286
1147.377
1.0
Area
0
1.60159
0
4131.113
393.6014
2001.995
2
FldObj_RockBeachWall_A_01
0.6479343
1.287408
1.368684
4466.959
120.1039
1637.933
1.0
FldObj_MountainLanayruWall_A_01
-0.5439225
1.457599
-0.1048143
4337.029
169.3849
1362.122
1.0
FldObj_PushRock_A_M_01
-0.03504295
-0.1808162
-0.05961652
4391.185
170.9346
1463.297
0.8
DgnObj_DungeonEntrance_A_01
0
1.745329
0
4181.78
287.1494
1686.732
1.0
Obj_LiftRockWhite_A_01
0
0
0
4144.452
422.4393
1151.242
1.0
Obj_TreeSnowberry_A
3.141479
0.550415
3.141479
4216.723
288.6813
1699.68
1.0
LinkTagOr
0
1.599999
0
4615.128
108.7173
1914.975
1.0
FldObj_CliffSnowWall_D_19_Far
1.97895
1.122934
2.33144
4065.338
455.2522
1675.931
1.0
LinkTagAnd
-0.700392
0.9205266
-0.9596015
4145.861
385.2283
2008.52
1.0
LinkTagAnd
0
-1.480003
0
4438.86
144.2224
1432.418
1.0
FldObj_RockBeachWall_A_01
2.381593
1.441593
3.141593
4469.118
127.0981
1486.004
1.0
DragonDropItemTarget
0
0
0
4130.6
418.5306
1217.7
1.0
LinkTagAnd
0
1.745329
0
4187.949
288.1494
1687.167
0.3
FldObj_MountainLanayru_A_03_Far
-0.4456853
1.257591
-0.04268218
4088.687
482.8627
1388.613
1.0
FldObj_MountainLanayruWall_A_01
9.711331E-09
1.301593
0.2999876
4117.458
390.7788
1393.198
1.0
Enemy_Chuchu_Ice_Middle
0
0
0
4027.5
503.8546
1433
1.0
FldObj_MountainLanayruWall_A_01
-2.452459
1.183129
-2.172905
4194.075
320.1929
1137.48
1.0
SwitchTimeLag
1.570796
1.540002
3.141593
4133.112
395.4014
2001.933
0.5
FldObj_MountainLanayruWall_A_01_Far
-0.5931074
-1.321484
-0.1560433
4135.157
347.4147
1887.705
0.8
FldObj_MountainLanayru_A_02_Far
-0.4395338
1.235666
-0.2122764
4195.346
376.3796
1377.919
1.0
FldObj_MountainLanayruWall_A_01_Far
-1.421967
1.110515
-1.191198
4139.474
310.1839
1591.599
0.7420517
FldObj_MountainLanayru_A_01
3.076551
1.356022
-2.941616
4181.451
389.8406
1248.9
1.0
FldObj_RockBeachWall_A_01
-2.670165
1.174588
-2.319198
4478.217
141.0966
1683.065
1.0
FldObj_RockBeachWall_A_01_Far
2.248501
0.9769765
2.544552
4269.882
120.3304
950.9591
1.0
SwitchTimeLag
1.47939
1.03098
-2.777588
4200.342
399.6901
1979.063
0.5
LinkTagNAnd
0
1.745329
0
4183.489
300.6494
1684.908
0.6
FldObj_KorokStartingBlock_A_01
0
1.859995
0
4079.844
437.2753
1716.654
1.0
FldObj_MountainLanayru_A_02
-0.09002187
0.5759236
0.1105888
4201.894
291.6538
1618.776
1.0
FldObj_RockBeachWall_A_01
2.641593
1.181592
3.141593
4572.149
132.184
1913.786
1.0
FldObj_RockBeachWall_A_01_Far
2.283061
0.4437395
3.00962
4441.805
132.169
1441.387
1.0
ActorObserverTag
0
0
0
4086.97
425.9286
1147.377
1.0
FldObj_RockBeachWall_A_01_Far
2.722817
0.563927
-2.913984
4223
124.7382
908.895
1.0
FldObj_RockBeachWall_A_01
-0.296731
0.9761727
-0.04583069
4474.056
148.6387
1743.874
1.0
LinkTagAnd
0
0
0
4435.918
142.3786
1433.188
1.0
LinkTagOr
1.813375
-1.463086
-1.876579
4274.501
433.2235
1981.779
1.0
FldObj_MountainLanayru_A_02_Far
2.659372
1.328377
2.913619
4183.849
389.2073
1220.877
1.0
Item_Fruit_B
-3.141479
-0.550415
-0.0001135024
4216.49
289.5013
1700.17
1.0
Obj_Plant_Korok_A_01
0
-0.4815934
0
4151.465
372.0121
1992.487
1.0
FldObj_MountainLanayruWall_A_01_Far
-0.9902133
1.020658
-0.9914194
4185.533
306.4896
1467.633
0.7420517
LinkTagAnd
0
2.201593
0
4282.98
291.5398
1656.07
1.0
FldObj_CliffSnowWall_D_10
0
1.300002
0
4083.393
416.4819
1737.8
1.0
LinkTagAnd
0
0
0
4187.341
288.1496
1683.721
1.0
FldObj_MountainLanayruWall_A_01_Far
-0.2720985
-0.6824098
-0.9264774
4052.115
349.0749
1802.749
0.8
SwitchTimeLag
3.023196
1.440536
-1.172245
4214.205
408.1095
1979.398
0.5
DgnObj_WarpPoint_A_01
0
1.745329
0
4190.835
288.1125
1685.135
1.0
FldObj_MountainLanayru_A_01_Far
-3.135005
-1.467809
-2.766119
4087.022
491.6599
1364.52
1.0
Area
0
0
0
4615.143
106.6706
1915.474
0.557
Obj_Plant_Korok_A_01
-2.661592
-1.54
3.141591
4246.426
421.8291
1983.63
1.0
FldObj_KorokGoal_A_01
0
-0.9399999
0
4282.686
287.0398
1655.666
1.0
Area
-1.689192
1.440536
-1.172245
4213.349
405.5721
1979.661
2
ConstraintDummy
-1.060066
0.3377381
-0.2325701
4224.683
289.0313
1703.984
1.0
FldObj_RockBeach_A_M_03
0
-2.960002
0
4497.349
100.6493
1526.225
1.0
DragonDropItemTarget
0
0
0
3996.4
549.9611
1316.2
1.0
FldObj_MountainLanayru_A_02
2.659372
1.328377
2.913619
4183.849
389.2073
1220.877
1.0
FldObj_CliffSnowLargeWall_D_02_Far
2.610951
1.057963
3.106099
4033.605
440.8066
1636.554
1.1
LinkTagNAnd
-0.4799999
1.54
0
4247.639
425.8754
1985.668
1.0
FldObj_MountainLanayru_A_02
-0.4395338
1.235666
-0.2122764
4195.346
376.3796
1377.919
1.0
FldObj_MountainLanayru_A_03_Far
-0.3933551
0.8420137
0.01573378
4161.343
315.9129
1658.9
1.0
Area
2.861593
1.461593
3.141592
4271.133
431.8489
1980.557
2
LinkTagAnd
-0.6199999
1.520001
0
4230.189
417.3812
1983.155
1.0
DragonDropItemTarget
0
0
0
4116
421.989
1189.1
1.0
FldObj_CliffSnowWall_D_02_Far
0
3.023181
0
4180.168
293.468
1658.275
0.8
LinkTagNAnd
0
2.659999
0
4154.626
375.0121
1990.755
1.0
FldObj_MountainLanayruWall_A_01
3.029026
0.5203079
-3.079552
4059.608
316.2974
986.8184
0.9668432
FldObj_MountainLanayruWall_A_01
-0.5931074
-1.321484
-0.1560433
4135.157
347.4147
1887.705
0.8
FldObj_GerudoHighlandRock_C_02_Far
-3.133265
0.5237629
-2.848647
4063.77
418.9563
1083.134
1.0
FldObj_MountainLanayru_A_02
2.909189
0.7431874
-3.046433
4076.836
401.4534
1027.844
1.0
LinkTagOr
-3.122671
0.9341817
-2.546028
4171.773
383.2475
1980.312
1.0
LinkTagAnd
0
0
0
4271.133
431.8489
1980.557
1.0
FldObj_MountainLanayruWall_A_01
0.6572977
1.523556
0.9743741
4320.055
184.4847
1210.447
1.2
KorokAnswerResponce
0
-0.9399999
0
4278.493
287.0398
1655.013
1.0
LinkTagAnd
0
0
0
4099.404
425.8472
1151.75
1.0
FldObj_CliffSnowWall_D_19
1.97895
1.122934
2.33144
4065.338
455.2522
1675.931
1.0
LinkTagOr
3.050186
1.03098
-2.777588
4198.811
398.9113
1980.087
1.0
FldObj_CliffSnowWall_D_06
3.081593
1.101593
-3.141592
4271.083
241.7527
1657.828
1.0
FldObj_GerudoHighlandRock_C_01_Far
-1.436789
-1.353385
1.05834
4091.37
419.3911
1180.272
1.0
FldObj_RockBeachWall_A_01_Far
2.718499
1.472301
-2.3293
4386.632
164.9427
1531.437
1.0
FldObj_CliffSnowWall_D_19
-0.1093507
1.23594
0.3943109
4255.865
280.3758
1725.121
1.2
FldObj_RockBeachWall_A_02_Far
-0.4943631
0.9977912
-0.03982211
4366.537
177.5627
1672.301
1.0
LinkTagNone
0
0
0
4438.906
142.7224
1432.916
1.0
FldObj_CliffSnowTopHalf_D_01_Far
0
1.561616
0.05999747
4129.492
340.3455
1714.147
0.8
FldObj_CliffSnowWall_D_07_Far
2.981592
0.3015934
-3.141592
4080.723
355.0665
1044.019
1.0
Npc_HiddenKorokGround
0
0.661594
0
4087.936
423.3066
1142.371
1.0
LinkTagAnd
-1.258096
0.6565208
-1.939463
4615.084
107.1173
1913.475
1.0
LinkTagNAnd
-0.3099022
1.195278
0.1641559
4190.821
393.8832
1987.25
1.0
DgnObj_EntranceElevator_A_01
0
1.745329
0
4181.78
288.1496
1686.732
1.0
LinkTagOr
0
1.60159
0
4131.113
395.4014
2001.995
1.0
SwitchTimeLag
-1.570796
0
0
4099.404
426.8472
1151.75
0.5
FldObj_CliffSnowLargeWall_D_02
2.610951
1.057963
3.106099
4033.605
440.8066
1636.554
1.1
DragonDropItemTarget
0
0
0
3998
531.1174
1264.9
1.0
LinkTagOr
0
0
0
4257.521
287.3419
1693.564
1.0
FldObj_CliffWhiteCave_A_01_Far
0
1.644796
0
4180.726
286.9874
1689.773
1.0
DragonDropItemTarget
0
0
0
4111.5
422.913
1162.8
1.0
ForceSetPosDirAutoSaveAnchor
0
-1.396263
0
4188.559
288.1494
1685.638
1.0
Obj_TreeSnowberry_A
0
0.4638672
0
4222.883
288.5728
1705.512
1.0
FldObj_MountainLanayru_A_03
-0.3933551
0.8420137
0.01573378
4161.343
315.9129
1658.9
1.0
LinkTagNAnd
-0.700392
0.9205266
-0.9596015
4145.167
386.2199
2010.112
1.0
LocationTag
0
0
0
4181.78
285.5513
1686.732
1.0
FldObj_MountainLanayruWall_A_01
-1.00015
0.8888137
-0.7475986
4055.982
380.3107
1565.931
0.8
FldObj_RockBeachWall_A_01_Far
2.5876
1.196797
2.064825
4447.748
137.1215
1556.931
1.0
Enemy_Chuchu_Ice_Junior
0
0
0
4018.5
501.9394
1433
1.0
FldObj_RockBeachWall_A_01
2.722817
0.563927
-2.913984
4223
124.7382
908.895
1.0
FldObj_CliffSnowWall_D_07
2.810748
0.5158803
3.040995
3991.9
378.921
1015.183
1.0
FldObj_MountainLanayru_A_01
-2.213519
-1.384313
2.443187
4188.139
391.4019
1276.527
1.0
FldObj_MountainLanayru_A_01_Far
3.076551
1.356022
-2.941616
4181.451
389.8406
1248.9
1.0
FldObj_RockBeachWall_A_01
-0.3255915
1.263871
0.07736564
4321.4
122.1729
1012.317
1.0
FldObj_MountainLanayruWall_A_01_Far
1.95738
1.255191
2.017339
4274.204
325.0866
1880.186
0.8
FldObj_MountainLanayruWall_A_01
-0.44
1.3
8.74228E-08
4244.693
237.2855
1504.816
1.0
Obj_Plant_Korok_A_01
-2.4412
-0.9205267
2.181991
4142.235
383.0373
2008.302
1.0
Area
0
1.745329
0
4181.78
285.5513
1686.732
23.49881
FldObj_RockBeachWall_A_01_Far
2.620358
0.8856077
-2.887095
4312.295
114.8354
963.3093
1.0
FldObj_GerudoHighlandRock_C_02
-0.3913876
-1.498413
0.1117914
4146.885
416.6362
1209.765
1.0
EventTag
0
1.22173
0
4187.341
288.1494
1683.721
0.6
FldObj_MountainLanayruWall_A_01_Far
-0.1609305
1.403107
0.1403675
4228.525
291.1756
1323.824
1.0
FldObj_RockBeachWall_A_04_Far
0.2493171
1.100998
0.01050085
4476.937
129.0188
1549.843
1.0
Area
0
1.599999
0
4615.143
107.1174
1915.474
3
Obj_Plant_Korok_A_01
-2.83169
-1.195278
-2.977437
4190.379
389.9865
1984.677
1.0
FldObj_MountainLanayruWall_A_01_Far
2.800595
0.5747109
3.099738
4336.797
291.475
1943.627
1.0
DestinationAnchor
0
-1.919862
0
4188.281
288.1494
1684.063
1.0
FldObj_MountainLanayruWall_A_01
1.95738
1.255191
2.017339
4274.204
325.0866
1880.186
0.8
FldObj_MountainLanayruWall_A_01
2.321639
1.059357
3.050994
4479.577
125.9651
1852.797
1.0
DragonDropItemTarget
0
0
0
4237.688
309.3204
1089.148
1.0
Area
0
0
0
4090.661
423.7145
1144.888
1.0
FldObj_CliffSnowScaffold_D_01
3.121593
1.041593
3.141593
4079.941
436.9321
1717.289
1.0
Npc_HiddenKorokFly
0
-1.480003
0
4438.906
141.7224
1432.916
1.0
SwitchTimeLag
1.589718
0.9341817
-2.546028
4173.125
384.1182
1979.124
0.5
Item_Fruit_B
4.373538E-08
-0.4638672
-3.141593
4222.589
289.3928
1705.055
1.0
FldObj_RockBeachWall_A_01_Far
0
0.14
0
4451.429
129.9187
1521.34
1.0
FldObj_MountainLanayruWall_A_01_Far
-0.44
1.3
8.74228E-08
4244.693
237.2855
1504.816
1.0
FldObj_GerudoHighlandRock_C_02
-3.133265
0.5237629
-2.848647
4063.77
418.9563
1083.134
1.0
FldObj_MountainLanayruWall_A_01_Far
2.946496
0.7896784
-2.956063
4049.668
421.8492
1226.933
1.0
DgnObj_DungeonEntrance_A_01_Far
0
1.745329
0
4181.78
287.1494
1686.732
1.0
Obj_Plant_Korok_A_01
0.2799997
-1.461593
1.677378E-07
4271.463
430.6956
1980.521
1.0
DragonDropItemTarget
0
0
0
4430.27
122.2847
1158.454
1.0
Obj_Plant_Korok_A_01
-2.521592
-1.520001
3.141592
4229.492
413.1965
1983.119
1.0
FldObj_RockBeachWall_A_01
1.95757
1.113508
2.818364
4401.052
128.6923
1196.161
1.0
FldObj_RockBeachWall_A_01
-0.04527581
1.366023
0.8828458
4398.62
118.7729
1248.832
1.0
FldObj_RockBeachWall_A_01
2.570851
1.067376
-2.593138
4414.507
148.7916
1491.993
1.0
LinkTagAnd
0
1.745329
0
4184.01
300.6494
1687.862
0.6
FldObj_MountainLanayru_A_03_Far
-2.624342
-0.5252544
3.008433
4028.177
444.6208
1548.745
1.0
LinkTagAnd
0
0
0
4181.78
285.5513
1686.732
1.0
LinkTagOr
-1.689192
1.440536
-1.172245
4212.465
407.1229
1979.428
1.0
FldObj_RockBeachWall_A_01
1.215418
1.377247
2.01356
4420.375
150.2603
1654.104
1.0
ConstraintDummy
2.329627
0.6492063
-2.865217
4214.475
289.14
1698.958
1.0
FldObj_MountainLanayru_A_01
0.3182837
-0.4801145
0.03646066
4014.936
424.4453
1004.919
1.0
FldObj_CliffSnowWall_D_19_Far
3.005375
0.5819753
-3.134913
4176.359
346.2504
1730.86
1.0
FldObj_RockBeachWall_A_01_Far
0.6479343
1.287408
1.368684
4466.959
120.1039
1637.933
1.0
FldObj_CliffSnowWall_D_19_Far
-0.1093507
1.23594
0.3943109
4255.865
280.3758
1725.121
1.2
FldObj_MountainLanayruWall_A_01
-1.421967
1.110515
-1.191198
4139.474
310.1839
1591.599
0.7420517
LinkTagAnd
-0.4799999
1.54
0
4247.701
425.8754
1983.669
1.0
FldObj_RockBeachWall_A_01
2.620358
0.8856077
-2.887095
4312.295
114.8354
963.3093
1.0
FldObj_CliffSnowWall_D_06
2.801592
1.001593
-3.141592
4025.776
406.4381
1093.995
1.0
LinkTagNAnd
-0.6199999
1.520001
0
4230.088
417.3812
1985.152
1.0
FldObj_MountainLanayruWall_A_01
2.946496
0.7896784
-2.956063
4049.668
421.8492
1226.933
1.0
LinkTagAnd
0
2.659999
0
4152.854
375.0121
1989.829
1.0
FldObj_MountainLanayruWall_A_01_Far
2.321639
1.059357
3.050994
4479.577
125.9651
1852.797
1.0
FldObj_RockBeachWall_A_01
0
0.14
0
4451.429
129.9187
1521.34
1.0
FldObj_RockBeach_A_M_03
3.141593
0.3415911
-3.081593
4609.334
99.51308
1943.254
1.0
Npc_HiddenKorokGround
0
-1.541594
0
4274.364
430.7932
1981.021
1.0
FldObj_RockBeachWall_A_01
0
1.56
1.099936
4363.876
166.478
1616.581
1.0
FldObj_CliffSnowWall_D_07_Far
2.810748
0.5158803
3.040995
3991.9
378.921
1015.183
1.0
FldObj_GerudoHighlandRock_C_04
-0.1622796
1.153614
-0.1945223
4101.488
423.3415
1184.306
1.0
FldObj_CliffSnowWall_D_10_Far
0
1.300002
0
4083.393
416.4819
1737.8
1.0
Npc_HiddenKorokFly
0
2.201593
0
4282.686
289.0398
1655.666
1.0
FldObj_MountainLanayruWall_A_01
2.967235
1.391005
-2.932399
4308.885
159.7733
1653.89
1.0
FldObj_RockBeachWall_A_01
1.921593
0.9215928
3.141593
4499.382
113.3773
1771.707
1.0
Area
-3.122671
0.9341817
-2.546028
4172.76
381.7423
1980.333
2
FldObj_RockBeachWall_A_01_Far
-2.670165
1.174588
-2.319198
4478.217
141.0966
1683.065
1.0
FldObj_CliffSnowLargeWall_D_03_Far
-0.7433243
0.648621
-0.09215961
4077.957
429.5063
1460.288
1.2
Obj_TreeConiferous_A_Snow_03
0
0.3719673
0
4092.629
424.0699
1163.254
1.015167
FldObj_CliffSnowWall_D_06_Far
2.801592
1.001593
-3.141592
4025.776
406.4381
1093.995
1.0
FldObj_CliffSnowWall_D_05
3.007569
0.4980464
3.089308
4133.483
335.0677
1041.582
1.3
FldObj_MountainLanayru_A_02_Far
2.909189
0.7431874
-3.046433
4076.836
401.4534
1027.844
1.0
Obj_Plant_Korok_A_01
-0.01892176
-0.9341816
0.5955642
4173.418
380.7389
1980.346
1.0
DragonDropItemTarget
0
0
0
4076.3
418.5667
1078.1
1.0
FldObj_GerudoHighlandRock_C_02_Far
-0.3913876
-1.498413
0.1117914
4146.885
416.6362
1209.765
1.0
LinkTagAnd
0
0
0
4142.633
384.0679
2007.833
1.0
Area
0
1.859995
0
4079.844
438.7253
1716.654
0.7
FldObj_CliffSnowWall_D_02
0
3.023181
0
4180.168
293.468
1658.275
0.8
ActorObserverTag
0
0
0
4617.307
109.1136
1918.474
1.0
FldObj_RockBeachWall_A_01_Far
0.3414432
0.9895764
1.362962
4408.084
146.4147
1591.003
1.0
FldObj_CliffSnowWall_D_11_Far
2.761592
0.3615934
-3.141592
4238.859
259.0974
1602.331
1.2
FldObj_MountainLanayruWall_A_01
2.949364
0.7706808
-2.89484
4451.017
163.0131
1907.214
1.2
DgnObj_EntranceTerminal_A_01
0
1.22173
0
4187.341
288.1496
1683.721
1.0
Npc_HiddenKorokGround
0
1.599999
0
4615.143
106.2173
1915.474
1.0
Item_Fruit_B
-3.141479
-0.550415
-0.0001132973
4216.883
289.6814
1699.285
1.0
SwitchTimeLag
-2.190796
1.520001
0
4229.377
416.8002
1983.113
0.5
FldObj_CliffSnowScaffold_D_01_Far
3.121593
1.041593
3.141593
4079.941
436.9321
1717.289
1.0
LinkTagAnd
0
0
0
4435.918
140.3786
1433.188
1.0
KorokAnswerResponce
0
0
0
4096.904
424.8472
1151.75
1.0
FldObj_CliffSnowWall_D_02
-0.14
0
0.36
4183.012
289.7166
1593.978
1.0
LinkTagAnd
-1.689192
1.440536
-1.172245
4215.075
408.6028
1979.382
1.0
FldObj_MountainLanayruWall_A_01_Far
-2.452459
1.183129
-2.172905
4194.075
320.1929
1137.48
1.0
FldObj_RockBeachWall_A_01
2.718499
1.472301
-2.3293
4386.632
164.9427
1531.437
1.0
Obj_LiftRockWhite_Korok_A_01
0
0
0
4090.717
423.2605
1144.915
1.0
FldObj_MountainLanayruWall_A_01
-0.1609305
1.403107
0.1403675
4228.525
291.1756
1323.824
1.0
FldObj_RockBeachWall_A_01_Far
-0.3255915
1.263871
0.07736564
4321.4
122.1729
1012.317
1.0
LinkTagOr
-0.4799999
1.54
0
4245.041
424.4901
1983.587
1.0
Area
0
-1.480003
0
4438.906
142.7224
1432.916
2
FldObj_CliffSnowWall_D_11
2.761592
0.3615934
-3.141592
4238.859
259.0974
1602.331
1.2
FldObj_MountainLanayruWall_A_01_Far
-1.00015
0.8888137
-0.7475986
4055.982
380.3107
1565.931
0.8
FldObj_MountainLanayru_A_01_Far
-2.213519
-1.384313
2.443187
4188.139
391.4019
1276.527
1.0
Area
-0.6199999
1.520001
0
4228.795
414.1731
1983.084
2
LinkTagOr
0
2.659999
0
4151.465
375.0121
1992.487
1.0
LinkTagAnd
1.813375
-1.463086
-1.876579
4274.533
433.326
1980.785
1.0
FldObj_PushRock_A_M_01
0.03165361
-0.9596379
-0.04732017
4389.015
170.9007
1457.131
0.8
FldObj_MountainLanayruWall_A_01_Far
2.949364
0.7706808
-2.89484
4451.017
163.0131
1907.214
1.2
LinkTagAnd
0
0
0
4172.76
381.7423
1980.333
1.0
PosAfterDemoSkip
0
-1.396263
0
4188.559
288.1494
1685.638
1.0
LinkTagNAnd
-3.122671
0.9341817
-2.546028
4174.786
385.2205
1980.137
1.0
FldObj_MountainLanayruWall_A_01_Far
0.6572977
1.523556
0.9743741
4320.055
184.4847
1210.447
1.2
FldObj_RockBeachWall_A_01_Far
1.95757
1.113508
2.818364
4401.052
128.6923
1196.161
1.0
LinkTagAnd
0
0.1015936
0
4087.273
425.9124
1142.166
1.0
Obj_RockSetSnow_A_01
0
-0.1600001
0
4188.6
287.36
1703.358
1.0
LinkTagAnd
3.050186
1.03098
-2.777588
4201.108
400.0795
1978.552
1.0
FldObj_MountainLanayruWall_A_01_Far
2.850658
0.8120304
3.096382
4228.096
184.7125
1022.911
1.2
FldObj_MountainLanayruWall_A_01
-0.9902133
1.020658
-0.9914194
4185.533
306.4896
1467.633
0.7420517
LinkTagOr
3.141479
0.550415
3.141479
4215.141
288.6922
1698.424
1.0
FldObj_RockBeachWall_A_01_Far
-0.04527581
1.366023
0.8828458
4398.62
118.7729
1248.832
1.0
FldObj_MountainLanayruWall_A_01_Far
-0.5439225
1.457599
-0.1048143
4337.029
169.3849
1362.122
1.0
Area
-0.3099022
1.195278
0.1641559
4189.856
391.0583
1984.543
2
LinkTagAnd
0
1.60159
0
4134.112
395.4014
2001.903
1.0
DragonDropItemTarget
0
0
0
4008.6
447.4827
1105.9
1.0
FldObj_MountainLanayru_A_03_Far
-0.6461598
0.5443326
-0.1518263
4028.626
441.8232
1577.028
1.0
FldObj_PushRock_A_M_01
0.1326188
-1.419353
-0.1166205
4392.02
170.9309
1459.251
0.8
FldObj_MountainLanayruWall_A_01_Far
3.029026
0.5203079
-3.079552
4059.608
316.2974
986.8184
0.9668432
LookTag
0
1.745329
0
4192.12
287.1494
1684.909
1.0
FldObj_RockBeachWall_A_01
2.248501
0.9769765
2.544552
4269.882
120.3304
950.9591
1.0
FldObj_CliffSnowWall_D_11
2.901592
0.9815933
-3.141592
4161.226
318.8235
1695.133
1.2
Area
-0.700392
0.9205266
-0.9596015
4142.633
384.0679
2007.833
2
FldObj_GerudoHighlandRock_C_02
-3.069863
1.018343
2.919313
4150.268
411.8965
1168.831
1.0
FldObj_MountainLanayruWall_A_01
2.850658
0.8120304
3.096382
4228.096
184.7125
1022.911
1.2
LinkTagAnd
0
0
0
4189.856
391.0583
1984.543
1.0
SwitchTimeLag
-1.570796
-1.480003
0
4435.918
142.3786
1433.188
0.5
SwitchTimeLag
-2.271188
0.9205266
-0.9596015
4144.984
385.3568
2008.057
0.5
Area
0
-0.9399999
0
4282.686
288.9898
1655.666
1.7
LinkTagOr
0
0
0
4257.521
288.3419
1693.564
1.0
FldObj_MountainLanayru_A_03
-0.6461598
0.5443326
-0.1518263
4028.626
441.8232
1577.028
1.0
FldObj_RockBeach_A_M_01
0
-1.679994
0
4366.74
103.6168
1014.436
1.0
Obj_TreeConiferous_A_Snow_03
0
2.972543
0
4220.054
290.3646
1665.505
1.0
FldObj_CliffSnowWall_D_06_Far
3.081593
1.101593
-3.141592
4271.083
241.7527
1657.828
1.0
FldObj_RockBeachWall_A_07_Far
0
1.72
0
4466.875
98.99618
1585.774
1.2
Obj_LiftRockWhite_A_01
0
1.599999
0
4615.143
106.1173
1915.474
1.0
FldObj_MountainLanayru_A_02_Far
-0.09002187
0.5759236
0.1105888
4201.894
291.6538
1618.776
1.0
FldObj_CliffSnowWall_D_02_Far
-0.14
0
0.36
4183.012
289.7166
1593.978
1.0
LinkTagAnd
0
0
0
4213.349
405.5721
1979.661
1.0
FldObj_MountainLanayruWall_A_01
2.694845
0.4551938
3.115515
3957.78
444.6398
1162.372
1.0
FldObj_MountainLanayruWall_A_01
2.932043
0.8321751
-2.987387
4339.224
189.1819
1807.261
1.2
FldObj_CliffSnowTopHalf_D_01_Far
0
1.521596
1.960071E-08
4202.697
324.3591
1375.435
0.8
LinkTagAnd
0
0
0
4245.872
422.8935
1983.612
1.0
ActorObserverTag
0
0
0
4085.97
425.9286
1147.377
1.0
LinkTagAnd
0
0
0
4617.307
109.1136
1916.974
1.0
LinkTagOr
0
0
0
4122.777
392.7551
1995.987
1.0
SwitchTimeLag
-1.880699
1.195278
0.1641559
4190.721
393.5574
1985.04
0.5
Obj_RockSetSnow_A_01_Far
0
-0.84
0
4165.007
324.7219
1669.714
1.0
FldObj_GerudoHighlandRock_C_02_Far
-3.069863
1.018343
2.919313
4150.268
411.8965
1168.831
1.0
Obj_TreeConiferous_A_Snow_03
0
1.227214
0
4216.308
288.1743
1692.108
1.0
FldObj_CliffSnowWall_D_05_Far
3.007569
0.4980464
3.089308
4133.483
335.0677
1041.582
1.3
FldObj_CliffSnowWall_D_01_Far
2.683424
0.04169262
-2.993284
3937.623
413.0893
1045.794
1.0
FldObj_RockBeachWall_A_01_Far
2.081593
1.02
3.141593
4410.881
112.3578
1380.04
1.0
