UnitConfigName/__text
Rotate/value/0
Rotate/value/1
Rotate/value/2
Translate/value/0
Translate/value/1
Translate/value/2
_Scale
Obj_Mineral_C_01
2.973662
-0.2275288
2.791214
4527.208
189.0602
2330.167
1.0
Item_Mushroom_D
-1.247437
0.9924316
-2.510864
4597.449
158.8438
2280.48
1.0
EnvSeEmitPointBirdTropical
-2.948974
0.4852295
2.239258
4004.141
114.707
2999.973
1.0
FldObj_RockBeach_A_M_04
0
1.460001
0
4673.629
95.03069
2252.401
1.0
GrassCutTag
0
0
0
4558.5
105.4058
2465
1.0
Item_Mushroom_D
-0.3557129
1.175171
-1.201782
4455.766
220.9727
2199.383
1.0
Item_Mushroom_D
-1.514648
0.9281005
-2.711548
4596.641
125.5273
2249.469
1.0
Item_Mushroom_D
2.549927
1.207519
1.51831
4551.203
212.3555
2061.883
1.0
TwnObj_BridgeWoodSmall_A_01
0
1.43117
0
4211.719
105.1275
2436.937
1.0
Obj_LiftRockWhite_Korok_A_01
0
1.32
0
4528.947
106.8375
2519.167
1.0
Obj_TreePalmBeach_A_01
0
0
0
4440.159
106.0629
2536.126
1.0
Obj_LiftRockWhite_Korok_A_01
0.46
-1.540002
0
4543.26
106.2493
2523.506
1.0
Obj_TreePalmBeach_A_01
0
0
0
4142.314
110.5803
2397.739
1.0
Obj_LiftRockWhite_Korok_A_01
0
-1.540002
0
4536.246
106.4955
2512.616
1.0
Item_Mushroom_D
0.619873
0.755249
-0.5703125
4559.289
163.0391
2094.902
1.0
Barrel
-1.019144E-05
0.3599999
4.087551E-07
4087
111.5092
2377
1.0
TravelersGuardianDeity_A_01
0
0
0
4213.891
106.3695
2270.475
1.0
Obj_TreePalmBeach_A_02
0
0.6200001
0
4188.518
107.8583
2462.384
1.0
Obj_MineralBury_A_01
-1.564859
-0.7748243
1.808342
4051.319
306.4752
2048.152
1.0
Obj_LiftRockWhite_Korok_A_01
0.14
-0.36
0
4528.663
106.68
2520.65
1.0
Obj_Mineral_C_01
0.3358835
0.303223
0.1038689
4515.82
184.814
2337.755
1.0
FldObj_Coral_A_03
0
1.561604
0
4099.926
101.0674
2563.356
1.0
Item_Mushroom_D
1.741821
1.397217
0.6207275
4466.105
207.7813
2184.281
1.0
Item_Mushroom_D
0.970703
-0.12854
-0.2147217
4499.813
176.4258
2172.66
1.0
EnvSeEmitPointBirdWet
-0.3551025
0.7910156
0.1983642
4119.594
114.9336
2414.375
1.0
Obj_LiftRockWhite_Korok_A_01
0.58
-0.7800003
0
4539.208
106.0536
2513.568
1.0
SmallFishes1
0
0
0
4540.359
105.7476
2562.798
1.0
Obj_LiftRockWhite_Korok_A_01
0
-1.540002
0
4539.154
106.1785
2527.374
1.0
Obj_MineralBury_A_01
0
-0.42
-0.3
4185.014
347.4898
2030.807
1.0
GrassCutTag
0
0
0
4561
105.1471
2450
1.0
Obj_MineralBury_A_01
0
-1.979996
0
4676.112
119.6716
2454.815
1.0
TBox_Field_Iron
-0.0007993419
-0.0001626645
0.001672282
3943.29
98.61874
2955.163
1.0
FldObj_RockBeach_A_M_02
0
0
0
4648.03
93.56947
2237.681
1.0
Obj_MineralBury_A_01
0
-1.04
0
4244.522
266.4359
2121.416
1.0
FldObj_CliffWhite_A_S_03
0
1.54
0
4117.641
98.12149
2552.794
0.8
EnvSeEmitPointInsectTemperate
-1.55957
-1.344604
1.487305
4413.727
111.2578
2470.484
1.0
Item_Mushroom_D
1.720703
1.071045
0.7993163
4517.828
261.6133
2064.543
1.0
Obj_MineralBury_A_01
0.5547893
-0.3229553
-0.5816077
4465.408
111.3549
2523.636
1.0
TBox_Field_Iron
0.04480679
-0.6946806
-0.1178649
4256.383
102.6634
2412.08
1.0
Obj_LiftRockWhite_Korok_A_01
0.6799994
1.32
0
4540.592
106.1896
2526.662
1.0
Obj_LiftRockWhite_A_01
0
0
0
4122.416
108.5843
2500.434
1.0
EnvSeEmitPointInsectTemperate
3.053711
-0.1993408
-2.602539
4462.477
113.5352
2519.66
1.0
Item_Fruit_G
0
0.54
1.5
4209.884
106.3841
2271.92
1.0
FldObj_CliffWhite_A_S_02
0
-2.44
0
4033.571
105.6711
2305.083
1.0
FldObj_RockBeachLump_A_L_01
0
0
0
4573.065
102.0675
2380.009
1.0
Obj_TreePalmBeach_A_01
0
0
0
4115.347
109.4289
2351.909
1.0
Item_Mushroom_D
1.418945
-0.8220214
-0.5994873
4054.594
321.1172
2039.383
1.0
Obj_LiftRockWhite_A_01
0
0
0
4194.92
108.1501
2346.282
1.0
Obj_MineralBury_A_01
0
0
0
4459.423
107.3472
2527.549
1.0
Obj_TreePalmBeach_A_01
0
0
0
4044.353
111.3674
2277.29
1.0
FldObj_RockBeachLump_A_L_01
0
-1.26
0
4412.536
106.2981
2470.673
1.0
Obj_LiftRockWhite_A_01
0
0
0
4109.232
106.1873
2415.373
1.0
Obj_LiftRockWhite_Korok_A_01
0.8799995
-1.540002
0
4530.077
107.0363
2516.478
1.0
FldObj_EnemyTrace_Garbage_A_01
3.128559
0.9224151
3.083882
4099.517
108.3918
2340.858
1.0
FldObj_RockBeachLump_A_L_01
0
-1.78
0
4601.331
105.4976
2466.553
1.0
Item_Mushroom_D
1.414184
1.197388
0.3309326
4568.422
179.7188
2052.098
1.0
Obj_Plant_CypressLow_B_01
-0.0341121
-0.9437361
-0.3148271
4318.543
413.0506
2004.98
1.053711
FldObj_Coral_A_02
0
-2.76
0
4124.032
101.6815
2566.867
1.0
Obj_Mineral_A_01
0
-1.52
0.34
4405.332
106.6304
2453.73
1.0
Obj_LiftRockWhite_A_01
0
0
0
4186.819
110.0467
2346.076
1.0
Obj_MineralBury_A_01
0
-1.24
0
4606.744
108.1585
2413.251
1.0
FldObj_RockBeachLump_A_L_01
-2.419342
-1.504366
2.558682
4405.064
106.8826
2391.212
1.0
Obj_LiftRockWhite_Korok_A_01
0
1.040001
0
4531.283
106.173
2525.582
1.0
Obj_LiftRockWhite_Korok_A_01
-0.1620368
0.7253454
-0.2416014
4534.784
106.7277
2512.897
1.0
Obj_Mineral_A_01
-0.172879
0.4066721
-0.4157302
4668.906
158.1447
2359.207
1.0
Obj_TreePalmBeach_A_01
0
-0.09999993
0
4026.426
110.4721
2275.269
1.0
Obj_MineralBury_A_01
0
0.6600001
0
4609.375
108.6458
2423.586
1.0
Obj_LiftRockWhite_A_01
0
0
0
4124.135
108.8842
2503.978
1.0
FldObj_RockBeachLump_A_M_01
0
0
0
4530.89
101.5518
2391.172
1.0
Obj_MineralGrain_A_02
0.3427535
0.02483834
-0.05228953
4675.374
119.7402
2454.592
1.0
Obj_TreePalmBeach_A_02
0
-1.3
0
4115.31
109.3144
2353.842
1.0
Weapon_Lsword_056
0.0850343
1.41822
0.07408655
4005.024
106.3158
2998.393
1.0
Obj_LiftRockWhite_Korok_A_01
0
1.32
0
4543.9
106.1914
2520.808
1.0
Obj_Mineral_C_01
0
-0.8400002
0
4526.056
188.3542
2331.035
1.0
FldObj_RockBeachLump_A_L_01
0.01999998
0
0
4462.273
109.4002
2518.448
1.0
Obj_LiftRockWhite_Korok_A_01
0
0.7
0
4531.832
107.0576
2514.419
1.0
Obj_MineralBury_A_01
2.421592
-0.9215935
3.141592
4248.921
266.6954
2122.659
1.0
FldObj_Coral_A_02
0
0
0
4141.584
101.4025
2566.205
1.0
SoundProxyWatefallS
0
0.6
0
4509.445
131.3895
2410.956
1.0
Item_Mushroom_D
2.224243
1.29895
1.38269
4554.188
162.0938
2113.156
1.0
FldObj_RockBeach_A_S_02
0
0
0
4521.118
104.5746
2446.957
1.0
AddAutoPlacementCreator
0
0
0
4583.538
99.08595
2576.989
5.744658
Obj_TreePalmBeach_A_01
0
0.9600004
0
4039.004
108.6456
2288.398
1.0
Obj_LiftRockWhite_A_01
0
0
0
4119.516
107.3712
2403.529
1.0
FldObj_RockBeachLump_A_M_01
0
0.22
0
4502.877
104.7557
2438.58
1.0
Obj_LiftRockWhite_Korok_A_01
0
-0.7800003
0
4532.4
106.1818
2526.524
1.0
EnvSeEmitPointBirdWet
2.609009
0.7666015
2.609253
4131.563
116.8594
2526.508
1.0
Barrel
0.09037335
-0.009046243
0.1637407
4111.738
107.1266
2388.206
1.0
Obj_LiftRockWhite_Korok_A_01
0
-0.7800003
0
4534.908
106.2411
2527.948
1.0
TBox_Field_Iron
-0.0009116657
1.259981
-0.00142033
3914.837
98.5909
2844.44
1.0
Obj_LiftRockWhite_Korok_A_01
1.133693
1.112999
0.3687716
4529.104
106.4976
2522.009
1.0
TBox_Field_Iron
-0.009716892
-0.6196464
-0.02375918
4050.194
98.63522
2934.547
1.0
Obj_TreePalmBeach_A_01
0
0.02701163
0
4131.056
108.6003
2526.042
1.0
Obj_LiftRockWhite_Korok_A_01
-1.16
-1.540002
0
4530.192
106.2187
2524.593
1.0
TravelersGuardianDeity_A_01
0
0
0
4209.903
106.4792
2270.377
1.0
FldObj_EnemyTrace_Garbage_A_01
0.06349476
0.07060517
0.1442714
4101.273
106.8739
2359.822
1.0
EnvSeEmitPointBirdWet
2.689697
1.459717
2.987793
4043.48
119.4922
2277.004
1.0
Obj_MineralGrain_A_02
-0.1074968
0.00212038
0.03940703
4608.381
108.4995
2417.278
1.0
EnvSeEmitPointBirdWet
-1.973511
0.4282226
-1.345337
4172.805
120.3359
2328.715
1.0
Obj_Mineral_C_01
1.15396
0.8358722
1.032706
4533.501
190.1415
2325.577
1.0
Obj_MineralBury_A_01
0
-1.020001
0
4674.221
156.3246
2368.001
1.0
EnvSeEmitPointBirdWet
0.4593506
1.160156
0.8381348
4038.531
117.043
2288.742
1.0
Item_Mushroom_D
-0.7832031
1.122192
-1.906616
4698.316
137.7344
2310.781
1.0
Item_Mushroom_D
-3.000732
1.094604
2.070801
4532.777
240.6055
2015.738
1.0
Obj_TreePalmBeach_A_01
0
0
0
4121.789
108.4737
2472.579
1.0
FldObj_Coral_A_02
0
0
0
4157.308
100.3127
2563.571
1.0
Obj_MineralBury_A_01
2.0056
0.9219751
2.098542
4404.171
107.1744
2447.782
1.0
EnvSeEmitPointInsectTropical
-0.3300781
-0.01574708
0.2520752
4017.066
106.9648
2981.117
1.0
FldObj_EnemyTrace_Garbage_A_01
0.1956028
-0.9803202
-0.04172054
4098.389
105.856
2366.13
1.0
Obj_TreePalmMini_B_01
-0.07720302
-0.9324244
0.3279025
4112.829
109.1163
2347.947
1.0
Obj_MineralBury_A_01
0.3760801
-0.643198
-1.178349
4176.164
350.1856
2029.979
1.0
FldObj_RockBeachLump_A_L_01
0.2443342
-0.8017203
-0.2028649
4087.534
122.7502
2242.487
1.0
Obj_MineralGrain_A_04
0.4866593
-0.02039801
0.08212433
4515.225
184.9894
2338.467
1.0
Animal_Gull_Swarm
0
0
0
4541.915
141.6086
2546.459
1.0
AddAutoPlacementCreator
0
0
0
4524.601
99.78908
2581.981
5.685997
TBox_Field_Iron
-0.0002299829
-0.9810647
-9.043724E-05
4112.557
98.59776
2944.318
1.0
FldObj_Coral_A_03
0
0
0
4127.488
101.0468
2586.87
1.0
Obj_LiftRockWhite_Korok_A_01
0.8
-1.540002
0
4542.457
106.0072
2516.731
1.0
Obj_Mineral_A_01
-0.2276177
0.7869362
-0.1625922
4176.818
348.1426
2035.198
1.0
Obj_LiftRockWhite_Korok_A_01
0
-1.540002
0
4529.599
106.3411
2523.283
1.0
AnchorAction1
0
3
0
4098.309
113.837
2382.562
1.0
FldObj_RockBeach_A_S_02
0
1.28
0
4584.496
104.7184
2468.974
1.0
AnchorAction1
0
3
0
4090.567
111.5652
2373.038
1.0
Obj_TreePalmBeach_A_01
0
0
0
4186.96
109.1429
2458.8
1.0
Area
0
0
0
4110.445
107.2774
2382.077
10
Item_Mushroom_D
1.592407
0.91333
0.574829
4518.711
153.832
2174.813
1.0
Obj_LiftRockWhite_Korok_A_01
0
0.8199999
0
4540.484
105.9631
2514.527
1.0
FldObj_RockBeach_A_S_02
0
2.343186
0
4534.523
103.7369
2464.24
1.0
GrassCutTag
0
0
0
4557
105.273
2481.5
1.0
FldObj_RockBeachLump_A_M_01
0.05998802
-0.0011992
0.01996402
4017.206
105.4709
2982.692
1.0
Item_Mushroom_D
0.9337158
-0.07714844
0.2589111
4350.566
219.5391
2223.238
1.0
FldObj_RockBeach_A_S_02
0
0
0
4579.306
103.712
2429.272
1.0
Obj_MineralGrain_A_04
0.5127316
-0.05962005
0.2265348
4457.045
111.7637
2521.183
1.0
Obj_LiftRockWhite_Korok_A_01
0.54
-1.540002
0
4543.737
106.2365
2522.258
1.0
Obj_LiftRockWhite_Korok_A_01
0
1.040001
0
4533.677
106.208
2527.292
1.0
Obj_LiftRockWhite_Korok_A_01
0.6799994
1.32
0
4537.856
106.1981
2528.03
1.0
Obj_LiftRockWhite_Korok_A_01
0.14
-0.36
0
4543.147
106.0647
2518.039
1.0
SoundProxyWatefallS
0
0.4400002
0
4533.639
127.2856
2394.177
1.0
Obj_LiftRockWhite_A_01
0
0
0
4203.302
106.4427
2350.744
1.0
Obj_TreePalmBeach_A_02
0
-1.2
0
4030.262
108.4239
2290.038
1.0
FldObj_RockBeachLump_A_L_01
-0.12
0
0
4546.154
103.8683
2379.703
1.0
Obj_Mineral_B_01
0
0.58
0
4056.542
307.5595
2052.496
1.0
FldObj_RockBeach_A_M_02
0
-1.38
0
4580.048
93.63157
2158.135
1.0
Obj_LiftRockWhite_A_01
0
0
0
4194.469
105.9284
2474.416
1.0
Obj_MineralBury_A_01
0.3864778
0.2860726
-0.4455234
4670.421
124.2782
2446.757
1.0
Obj_Mineral_A_01
0
0
0
4051.862
307.0669
2053.261
1.0
Area
0
0
0
4106.787
107.6286
2356.896
50
Obj_LiftRockWhite_Korok_A_01
0
0.7
0
4537.746
106.2524
2512.883
1.0
Obj_LiftRockWhite_Korok_A_01
0.58
-1.540002
0
4533.233
106.9481
2513.478
1.0
TBox_Field_Iron
-0.005756949
-1.520139
0.007962385
3846.106
98.5696
2852.758
1.0
Obj_LiftRockWhite_A_01
0
0
0
4041.353
107.6339
2295.73
1.0
FldObj_RockBeachLump_A_M_01
3.089543
0.562086
-3.10515
4443.472
108.306
2513.362
1.0
Obj_MineralBury_A_01
0.8485578
0.6245003
0.678548
4603.342
106.565
2425.922
1.0
Obj_TreePalmBeach_A_01
0
-0.6599999
0
4038.62
111.1157
2275.774
1.0
SpotBgmTag
0
0
0
3998
107
2990
25
FldObj_CliffWhiteBroken_A_01
2.846262
0.108494
-2.999429
4138.964
98.8757
2583.599
1.0
Obj_LiftRockWhite_Korok_A_01
0
-1.540002
0
4530.802
107.0823
2515.361
1.0
FldObj_RockBeach_A_S_02
0
2.983184
0
4384.853
105.6058
2391.382
1.0
Obj_TreePalmMini_B_01
0
-0.9999999
0
4126.473
109.3027
2476.778
1.0
Obj_LiftRockWhite_Korok_A_01
0
0.8199999
0
4543.779
106.121
2519.382
1.0
Obj_Plant_CypressLow_B_01
0.1847882
-0.6487844
-0.0002746373
4342.039
406.9143
2018.617
0.993652
FldObj_RockBeach_A_M_02
0
1.46
0
4568.953
99.56557
2157.149
1.0
Obj_Mineral_B_01
-3.141592
0.1784071
-3.121592
4403.895
107.4029
2445.583
1.0
Kibako_Contain_01
0.04333399
-0.06904935
0.1059506
4113.233
107.3975
2385.732
1.0
Obj_MineralBury_A_01
-0.7641633
0.00679697
-0.1818035
4664.312
158.6149
2353.59
1.0
EnvSeEmitPointBirdWet
0
0.3046875
0
4440.465
114.0703
2537.25
1.0
Obj_MineralBury_A_01
0
-1.42
0
4402.577
107.178
2434.997
1.0
TBox_Field_Iron
3.140336
-0.751049
-3.141322
4120.91
102.3941
2594.754
1.0
SmallFishes1
0
0
0
4550.947
105.7476
2558.508
1.0
FldObj_RockBeach_A_M_04
0
-1.679997
0
4560.287
93.34186
2174.241
1.0
Obj_Mineral_A_01
0.7913885
0.8791318
0.5455137
4457.542
112.3546
2521.237
1.0
Item_Mushroom_D
-2.148193
0.7546387
2.840332
4534.363
134.0313
2189.375
1.0
Obj_MineralGrain_A_04
2.270873
0.08366869
2.21319
4526.245
189.0436
2330.844
1.0
Item_Mushroom_D
1.610351
0.8569335
0.126709
4534.957
197.8984
2321.512
1.0
GrassCutTag
0
0
0
4573.5
105.2277
2469.5
1.0
Item_Mushroom_D
1.120727
0.3928222
-0.4151611
4524.793
214.168
2105.078
1.0
Obj_TreePalmBeach_A_01
0
2.78
0
4125.676
109.0066
2469.312
1.0
Obj_MineralGrain_A_04
0.5659508
0.1155467
-0.3926876
4464.766
110.6665
2524.26
1.0
FldObj_RockBeach_A_S_02
0
0
0
4515.397
105.1798
2549.245
1.0
Item_Mushroom_D
2.66394
0.9975585
1.136108
4581.328
122.5664
2112.328
1.0
Area
0
0
0
4106.787
107.6286
2356.896
25
Obj_LiftRockWhite_Korok_A_01
0
-1.540002
0
4541.491
106.2217
2525.665
1.0
Barrel
-0.01113079
0.8212028
0.006501483
4081.038
105.5798
2372.483
1.0
Obj_TreePalmMini_B_01
0
0
0
4030.831
109.7245
2281.116
1.0
Area
0
0
0
4106.787
107.6286
2356.896
100
Obj_LiftRockWhite_A_01
0
0
0
4175.126
112.2395
2308.632
1.0
Barrel
5.015779E-05
-0.4399999
-5.364664E-05
4088.5
111.5091
2376.016
1.0
Enemy_Golem_Middle
0
0
0
4558.5
105.4058
2465
1.0
GrassCutTag
0
0
0
4110.445
107.2774
2382.077
1.0
GrassCutTag
0
0
0
4546
105.2512
2461.5
1.0
EnvSeEmitPointBirdTropical
-1.711792
-0.4840088
0.982788
4087.789
113.7734
2371.844
1.0
Obj_Mineral_A_01
0
1.08
0
4673.471
121.1138
2447.205
1.0
Item_Mushroom_D
1.567627
1.328613
0.5759277
4465.676
211.3359
2179.074
1.0
Obj_LiftRockWhite_A_01
0
0
0
4199.768
105.9488
2462.978
1.0
Barrel
-1.00089
-0.514115
-0.921465
4080.894
106.0573
2370.385
1.0
SmallFishes1
0
0
0
4560.417
105.7476
2559.377
1.0
FldObj_Coral_A_03
0
-2.439999
0
4151.601
100.1264
2582.033
1.0
Obj_Mineral_A_01
-0.1617385
1.213655
0.1826383
4242.939
266.0478
2122.576
1.0
AddAutoPlacementCreator
0
0
0
4552.069
100.3985
2583.239
5.024703
Obj_MineralGrain_A_04
0.8957808
-0.3332777
-1.026892
4534.497
190.619
2325.149
1.0
Item_Mushroom_D
0.9323729
-0.2385254
-0.1920166
4276.16
225.1289
2161.813
1.0
FldObj_Coral_A_01
0
-2.819999
0
4116.415
101.944
2573.576
1.0
Obj_LiftRockWhite_Korok_A_01
-0.2103206
1.353753
-0.1940001
4542.583
106.2394
2524.756
1.0
Item_Mushroom_D
-2.107544
1.272095
2.543945
4596.176
112.7773
2012.328
1.0
SoundProxyWatefallS
0
0.5200001
0
4543.52
136.0964
2387.311
1.0
Item_Mushroom_D
1.448974
0.6834717
0.2263183
4558.836
162.0078
2095.781
1.0
Item_Mushroom_D
0.6790771
0.953247
-0.3295898
4553.586
156.8398
2122.594
1.0
Obj_TreePalmMini_B_01
0
-1.1
0
4045.504
108.7311
2288.955
1.0
Obj_TreePalmBeach_A_01
0
0.5999998
0
4123.843
107.6613
2414.688
1.0
EnvSeEmitPointInsectTemperate
2.609009
0.7666015
2.609253
4131.563
108.7539
2526.508
1.0
Obj_Mineral_A_01
0.2896909
0.6669037
0.4646868
4608.987
108.3259
2416.312
1.0
Item_Mushroom_D
1.222412
0.09472656
-0.1618652
4428.004
227.8906
2234.609
1.0
AnchorAction1
0
-2.959999
0
4107.148
107.6286
2358.864
1.0
Barrel
0.0406208
0.4798633
-0.003219857
4082.492
111.6019
2381.987
1.0
Area
0
0
0
4558.5
105.1872
2465
75
Obj_MineralBury_A_01
0
-0.8400001
0
4668.014
158.2551
2357.649
1.0
EnvSeEmitPointBirdWet
0
-0.777832
0
4435.879
114.0938
2533.5
1.0
Obj_TreePalmBeach_A_01
0
3.996305
0
4125.308
107.6158
2530.458
1.0
FldObj_RockBeachLump_A_L_01
0
1.48
0
4498.109
105.016
2465.518
1.0
FldObj_RockBeach_A_S_02
0
0.3000001
0
4560.103
105.2892
2502.818
1.0
FldObj_RockBeachLump_A_L_01
0
-1.54
0
4606.438
103.7369
2416.068
1.0
FldObj_RockBeach_A_M_04
0
0
0
4565.586
99.4622
2182.422
1.0
Obj_Mineral_B_01
-2.291945
-1.08855
2.264337
4613.512
109.431
2424.065
1.0
