UnitConfigName/__text
Rotate/value/0
Rotate/value/1
Rotate/value/2
Translate/value/0
Translate/value/1
Translate/value/2
_Scale
DynamicCuttingForKokko
0
1.699997
0
4110.31
108.7259
2329.295
1.0
LinkTagAnd
0
0
0
4651.157
158.2912
2412.941
1.0
EnemyDanceFortMgrTag
0
0
0
4108.555
110.5703
2336.289
1.0
LinkTagAnd
0
0
0
4110.331
109.4055
2384.805
1.0
LinkTagOr
0
-1.5
0
4115.574
107.0883
2413.51
1.0
EventTag
0
-2.061592
0
4112.386
127.6129
2374.508
1.0
LinkTagAnd
0
0
0
4110.406
111.9389
2323.254
1.0
LinkTagAnd
0
-2.879999
0
4517.841
227.2047
2313.979
2
FldObj_MountainLanayruWall_A_01_Far
-0.2861827
-0.5099767
-0.06186217
4017.016
196.5021
2092.411
1.0
LinkTagAnd
0
0
0
4517.53
225.7798
2316.775
1.0
FldObj_CliffWhiteLumpRock_A_01
-1.496598
1.13895
0.04777655
4135.914
95.51892
2489.96
1.0
Area
0
-2.98015
0
4541.29
102.2237
2401.692
1.0
LinkTagOr
0
-0.74
0
4430.419
106.063
2537.47
1.0
SwitchTimeLag
-1.570796
-0.6199999
0
4114.89
110.1325
2563.21
0.5
Item_Fruit_G
-0.6799999
0.5335895
0
4137.012
119.607
2534.309
1.0
FldObj_RockBeachWall_A_02
2.784675
0.281101
3.082718
4529.767
102.8071
2437.845
1.0
Enemy_Bokoblin_Guard_Junior
0
-2.959996
0
4082.348
111.5101
2372.661
1.0
LinkTagAnd
-2.808974
1.053026
-2.667053
4596.984
119.5837
2518.556
1.0
FldObj_RockBeachWall_A_01_Far
0
1.4
0
4699.827
139.0315
2394.29
1.0
FireWood
0
-2.959999
0
4106.787
107.6286
2356.896
1.0
FldObj_RockBeachWall_A_02_Far
-0.853651
0.01512396
0.04800658
4466.401
107.8454
2502.827
0.8
LinkTagNAnd
-2.808974
1.053026
-2.667053
4597.865
120.036
2520.294
1.0
Item_Fruit_G
-0.5599999
0.18
0
4040.771
120.0772
2297.517
1.0
FldObj_RockBeachWall_A_01
0.8411474
1.19482
2.472243
4622.056
138.6699
2407.268
1.0
Obj_Plant_Korok_A_01
0.411477
-0.5932993
-0.0996481
4651.314
157.1701
2412.543
1.0
LinkTagAnd
0
0
0
4126.201
109.2486
2545.352
1.0
Area
-1.233866
-1.137675
1.188568
4111.509
111.8909
2586.267
2
DgnObj_EntranceTerminal_A_01
0
-2.879793
0
4006.534
107.1831
2987.709
1.0
Obj_TreePalmBeach_A_02
0
-0.74
0
4435.021
106.063
2534.69
1.0
FldObj_RockBeach_A_M_03
0
0
0
4522.857
89.51015
2464.927
1.0
Area
0
-0.6199999
0
4116.052
108.3325
2561.582
2
ActorObserverTag
0
0
0
4537.432
108.5042
2528.233
1.0
LinkTagAnd
0
0
0
4009.844
106.4648
2988.664
1.0
Area
0
2.960002
0
4084.688
106.8281
2360.313
0.5
Obj_LiftRockWhite_Korok_A_01
0
0
0
4536.432
106.3042
2528.233
1.0
FldObj_RockBeachWall_A_02_Far
2.784675
0.281101
3.082718
4529.767
102.8071
2437.845
1.0
FldObj_MountainLanayruWall_A_01
-0.4357477
-0.2878042
0.1315193
4098.508
262.0974
2059.618
1.0
Item_Fruit_G
-0.5599999
-0.84
0
4118.235
120.9201
2493.109
1.0
FldObj_RockBeachWall_A_02_Far
3.051466
-0.9534537
3.056369
4606.879
114.3544
2491.396
0.8
SwitchTimeLag
-1.570796
0
0
4536.525
111.4408
2521.124
0.5
FldObj_RockBeachWall_A_01_Far
0.3392449
-1.138087
-0.3100322
4626.6
149.8269
2412.472
1.0
Npc_HiddenKorokGround
0
-3.141593
0
4536.525
106.4408
2520.272
1.0
FldObj_RockBeachWall_A_02
-0.1565153
-1.303056
-0.1462106
4430.979
129.244
2456.169
1.0
FldObj_CliffWhiteLumpRock_A_01
-1.977962
-1.40705
1.297021
4137.448
106.235
2325.556
1.0
FldObj_EnemyLookout_B_01
0
1.080001
0
4121.294
108.0739
2369.26
1.0
FldObj_SheepFence_A_01
-0.008617418
-0.1402561
0.01539742
4107.806
107.2437
2335.995
1.0
FldObj_MountainLanayruWall_A_01
-0.03008355
1.392199
0.2050269
4478.547
127.9632
2158.192
1.0
LinkTagAnd
0
-2.879999
0
4515.909
225.7047
2314.496
2
ActorObserverTag
0
0
0
4541.574
108.2414
2515.589
1.0
FldObj_RockBeachWall_A_04
0.2853942
-0.3761761
-0.4739486
4218.411
117.707
2279.148
1.0
FldObj_RockBeachWall_A_01
-0.4946554
-0.7215316
-0.1337702
4421.901
139.9435
2336.523
1.2
LinkTagAnd
0.1299039
0.4232575
0.3079467
4138.367
110.4722
2578.811
1.0
FldObj_RockBeach_A_M_03
0.2596795
-0.01305357
-1.521704
4221.66
100.7633
2301.624
1.0
PlayerOnScaffoldCheckTag
0
1.080001
0
4118.938
114.6286
2373.67
1.0
Npc_HiddenKorokFly
0
-2.879999
0
4518.497
219.7798
2316.516
1.0
Area
-1.003243
1.211847
-0.6344975
4131.944
107.3292
2562.736
2
LinkTagNone
0
0
0
4110.172
107.9781
2374
1.0
LinkTagAnd
0
0
0
4009.844
106.4648
2988.664
1.0
FldObj_RockBeachWall_A_01_Far
0
-0.76
0
4591.64
155.7325
2373.594
1.0
Obj_RaftWood_A_S_02
0
-2.961592
0
4033.375
105.8899
2982.501
1.0
PosAfterDemoSkip
0
0.7853982
0
4007.406
107.1829
2985.612
1.0
Area
0
2.699999
0
4622.892
127.679
2470.213
2
LinkTagAnd
0
0
0
4515.772
217.4812
2306.251
1.0
BoarMeat_Frame
0
-2.959999
0
4106.787
107.6286
2356.896
1.0
FldObj_KorokTarget_A_01
0
-2.879999
0
4524.421
221.4546
2319.219
1.0
LinkTagNone
0
0
0
4121.977
113.1689
2369.624
1.0
LinkTagOr
0
2.699999
0
4622.892
129.479
2470.213
1.0
FldObj_RockBeachWall_A_01
2.112065
1.17101
2.3931
4470.009
135.1368
2442.237
1.0
KorokAnswerResponce
0
-1.54
0
4080.504
107.3641
2970.355
1.0
Obj_LiftRockWhite_A_01
0
0
0
4516.943
105.8395
2549.581
1.0
FldObj_RockBeachWall_A_01_Far
2.960143
1.152718
2.943467
4692.937
145.1973
2342.755
1.0
SwitchTimeLag
1.570796
-0.261594
3.141593
4517.53
225.7798
2316.775
0.5
FldObj_RockBeachWall_A_02_Far
-0.1565153
-1.303056
-0.1462106
4430.979
129.244
2456.169
1.0
FldObj_RockBeachWall_A_02
2.824773
-0.6615217
3.07041
4579.796
102.97
2427.181
1.0
FldObj_RockBeachWall_A_01_Far
-1.24
0
0
4252.062
108.7602
2226.452
1.0
Enemy_Bokoblin_Middle
0
-2.314601
0
4112.209
107.6286
2361.478
1.0
Obj_TreePalmBeach_A_02
0
-2.198411
0
4003.694
106.1178
2999.976
1.0
LookTag
0
-2.356194
0
4004.766
106.1829
2983.113
1.0
ActorObserverTag
0
0
0
4530.403
109.2241
2517.758
1.0
Obj_KorokPlate_A_01
0.18
0
0
4209.905
106.0721
2271.857
1.0
SwitchTimeLag
1.346279
0.4042884
-2.721871
4631.503
148.3336
2434.951
0.5
FldObj_CliffWhiteLumpRock_A_01
2.899278
-1.028404
2.636089
4147.592
98.0803
2389.519
1.0
LinkTagAnd
0
-2.879999
0
4523.446
222.7047
2315.583
2
FldObj_RockBeachWall_A_01
2.960143
1.152718
2.943467
4692.937
145.1973
2342.755
1.0
FldObj_RockBeachWall_A_07
-0.219578
0.7185212
-0.2598301
4214.67
103.5655
2244.424
1.2
FldObj_RockBeachWall_A_01
-0.4885042
-0.787356
0.07231556
4366.257
151.6463
2293.813
1.0
SwitchTimeLag
-2.574039
1.211847
-0.6344975
4133.184
109.7124
2562.581
0.5
FldObj_RockBeach_A_L_01_Far
-0.02
-0.9400002
0
4567.158
97.72058
2170.338
1.0
LinkTagAnd
0
1.080001
0
4118.114
107.6202
2362.287
1.0
LinkTagAnd
0
2.6
0
4098.852
120
2319.313
1.0
FldObj_MountainLanayruWall_A_01_Far
-0.4744269
-0.2871738
-0.001430319
4118.632
179.7646
2138.744
1.2
LinkTagAnd
0
2.6
0
4100
119.5
2320
1.0
LinkTagOr
0
2.844774
0
4110.499
113.6552
2588.022
1.0
LinkTagOr
0
-2.879999
0
4517.065
227.7047
2311.081
2
KorokAnswerResponce
0.18
0
0
4210.905
110.0075
2272.573
0.5
LinkTagAnd
0
0
0
4658.839
170.0062
2380.314
1.0
LinkTagAnd
2.917075
0.4042884
-2.721871
4631.763
148.6932
2434.055
1.0
ActorObserverTag
0.18
0
0
4209.905
109.0236
2272.395
1.0
LinkTagNAnd
2.917075
0.4042884
-2.721871
4633.442
149.4425
2434.842
1.0
LinkTagOr
0.1299039
0.4232575
0.3079467
4137.085
110.4722
2576.098
1.0
KorokAnswerResponce
0
-2.879999
0
4515.599
223.7798
2317.292
0.5
Item_Fruit_G
-0.6237068
-0.1541371
-0.2102222
4430.808
117.7082
2539.651
1.0
LinkTagNAnd
0
1.080001
0
4115.129
107.6512
2366.868
1.0
FldObj_CliffWhiteBroken_A_03_Far
0
0.8000002
0
4110.773
98.76996
2587.361
1.0
FldObj_CliffWhiteLumpRock_A_01
-0.7970067
-0.9097969
0.02370813
4069.94
107.6971
2277.2
0.8
LinkTagNAnd
-1.003243
1.211847
-0.6344975
4133.523
110.5096
2564.642
1.0
SwitchTimeLag
0
1.080001
0
4109.682
127.6188
2362.164
1.0
FldObj_RockBeachWall_A_01_Far
2.617282
-1.323493
-3.109042
4454.32
153.0029
2363.103
0.8
LinkTagAnd
0
0
0
4536.525
110.4408
2521.124
1.0
LinkTagOr
0
0
0
4529.403
110.2241
2517.758
1.0
FldObj_MountainLanayruWall_A_01_Far
-0.3052923
-0.1405815
-0.1130943
4276.013
158.0279
2164.76
1.0
FldObj_RockBeachWall_A_01
2.961593
0.4415921
3.141593
4651.165
149.0051
2304.514
1.0
FldObj_RockBeachWall_A_01_Far
-0.2533587
-0.9595101
-0.05100002
4470.986
168.0684
2313.205
1.0
FldObj_CliffWhiteBroken_A_03
0
0.8000002
0
4110.773
98.76996
2587.361
1.0
FldObj_RockBeachWall_A_01_Far
2.148263
0.8295484
3.110845
4471.79
171.9288
2264.946
1.2
Item_Fruit_G
2.323843
-0.6364496
-1.764734
4136.946
119.5738
2533.301
1.0
EnemyLookTag
0
0
0
4110.445
107.6533
2380.677
1.0
LinkTagAnd
0
0
0
4006.534
107.1831
2987.709
1.0
Obj_LiftRockWhite_A_01
0
0
0
4561.12
105.4683
2502.603
1.0
FldObj_RockBeachWall_A_01_Far
-0.5870151
-0.140689
-0.07926778
4168.932
136.1177
2249.698
1.0
DynamicCuttingForKokko
0
-1.940002
0
4108.728
108.1712
2342.535
1.0
FldObj_RockBeachWall_A_01
0
0.3399998
0
4662.191
142.0813
2431.062
1.0
Enemy_Bokoblin_Senior
0
3.021607
0
4093.702
111.5175
2371.401
1.0
LinkTagAnd
0
0
0
4594.668
117.5825
2520.25
1.0
LinkTagNAnd
0
-2.879999
0
4519.772
224.2047
2313.461
2
ActorObserverTag
0
0
0
4528.403
109.2241
2517.758
1.0
Npc_HiddenKorokFly
0
1.601592
0
4083.595
109.3641
2973.261
1.0
FldObj_CliffWhiteLumpRock_A_01
-0.3142796
0.5565279
0.4826627
4163.687
107.0636
2396.473
1.0
Item_Fruit_G
-0.3935235
0.5203328
-1.142089
3998.317
117.7376
2996.911
1.0
LinkTagAnd
0
-2.356194
0
4011.837
119.6829
2988.063
0.6
FldObj_CliffWhiteLumpRock_A_01
-1.2
1.48
0
4171.511
99.80228
2431.392
1.0
Area
0
-1.54
0
4083.595
109.3141
2973.261
1.7
Obj_Plant_Korok_A_01
-2.138349
-1.211847
2.507095
4132.325
106.2481
2563.091
1.0
LinkTagNOr
0
1.080001
0
4117.504
107.6317
2375.777
1.0
Animal_Sheep_A
0
-1.149066
0
4109.414
107.5051
2333.495
1.0
Item_Fruit_G
-0.5599999
1.28
0
4055.756
121.7689
2286.54
1.0
DynamicCuttingForKokko
0
0.1999992
0
4115.603
108.2494
2335.516
1.0
Npc_HiddenKorokFly
0
-2.98015
0
4541.932
109.8
2405.64
1.0
Area
2.808725
-0.03151119
-3.062004
4658.839
170.0062
2380.314
2
Obj_Plant_Korok_A_01
0
-0.4415932
0
4622.892
126.1196
2470.213
1.0
FldObj_RockBeachWall_A_01_Far
0
0.3399998
0
4662.191
142.0813
2431.062
1.0
LinkTagAnd
0
-2.98015
0
4542.426
112.3
2405.559
1.0
DgnObj_EntranceElevator_A_01
0
-2.356194
0
4012.191
107.1831
2990.538
1.0
LinkTagAnd
0
0
0
4016.932
107.4285
2971.357
1.0
FldObj_RockBeachWall_A_07_Far
0
-0.8199999
0
4593.58
93.29246
2523.024
1.0
FldObj_RockBeach_A_M_03
0
0
0
4085.002
94.33649
2972.979
0.7
FldObj_RockBeachWall_A_01_Far
0.1866282
0.7412207
0.2726965
4484.845
147.3964
2382.349
1.0
LinkTagAnd
0
0
0
4131.944
107.3292
2562.736
1.0
Enemy_Bokoblin_Guard_Junior
0
2.438405
0
4099.591
107.6146
2346.816
1.0
LinkTagOr
0
0
0
4536.432
109.5042
2528.233
1.0
Obj_LiftRockWhite_Korok_A_01
0
0
0
4541.574
106.0414
2515.589
1.0
FldObj_CliffWhiteMountain_A_02
0
-0.9400001
0
4522.534
156.0178
2289.532
0.9
ActorObserverTag
0
0
0
4536.432
108.5042
2528.233
1.0
LinkTagAnd
0
0
0
4211.834
113.3895
2273.373
1.0
LinkTagAnd
0
0
0
4126.201
107.4486
2542.352
1.0
Area
2.730116
0.5932993
3.041945
4651.157
158.2912
2412.941
2
LinkTagOr
2.730116
0.5932993
3.041945
4650.92
159.9728
2413.538
1.0
DestinationAnchor
0
0.2617996
0
4006.275
107.1829
2986.743
1.0
FldObj_MountainLanayruWall_A_01
3.073293
0.8566906
3.134471
4458.551
92.76787
2239.593
1.0
Item_Fruit_G
1.130111
-1.358319
-1.781857
3998.292
117.763
2996.345
1.0
LinkTagAnd
0
0
0
4106.787
107.6286
2356.896
1.0
FldObj_MountainLanayruWall_A_01
-0.4744269
-0.2871738
-0.001430319
4118.632
179.7646
2138.744
1.2
FldObj_KorokTarget_A_01
0
-2.879999
0
4514.55
225.0874
2321.016
1.0
FldObj_RockBeachWall_A_01
0.1866282
0.7412207
0.2726965
4484.845
147.3964
2382.349
1.0
Obj_Plant_Korok_A_01
0
2.521593
0
4116.052
107.1325
2561.582
1.0
FldObj_MountainLanayruWall_A_01
-0.2861827
-0.5099767
-0.06186217
4017.016
196.5021
2092.411
1.0
Area
0
1.521596
0
4016.932
107.4285
2971.357
0.7
LinkTagNone
0
0
0
4107.806
107.2437
2335.995
1.0
EventTag
0
-2.879793
0
4006.534
107.1829
2987.709
0.6
Npc_HiddenKorokGround
0
-0.3384072
0
4662.712
169.5986
2376.256
1.0
DgnObj_DungeonEntrance_A_01_Far
0
-2.356194
0
4012.191
106.1829
2990.538
1.0
FldObj_RockBeachWall_A_02_Far
2.824773
-0.6615217
3.07041
4579.796
102.97
2427.181
1.0
LinkTagAnd
0
0
0
4109.739
112.3749
2322.884
1.0
LinkTagOr
0
0
0
4126.201
109.2486
2542.352
1.0
FldObj_RockBeachWall_A_07_Far
-0.219578
0.7185212
-0.2598301
4214.67
103.5655
2244.424
1.2
SwitchTimeLag
-1.570796
0
0
4211.834
113.3895
2273.373
0.5
LinkTagNAnd
0
-0.6199999
0
4112.682
110.1325
2562.862
1.0
FldObj_RockBeachWall_A_01
-0.1167343
0.7396377
0.07160725
4649.521
121.8756
2462.015
1.0
FldObj_MountainLanayruWall_A_01_Far
-0.2603296
-0.5419086
-0.03329329
4250.08
208.4592
2107.84
1.0
FldObj_CliffWhiteMountain_A_02_Far
0
-0.9400001
0
4522.534
156.0178
2289.532
0.9
FldObj_StairWood_A_M_Dummy_01
-0.9934362
0.180673
3.123263
4083.164
111.3438
2367.047
1.0
FldObj_MountainLanayruWall_A_01_Far
-0.03008355
1.392199
0.2050269
4478.547
127.9632
2158.192
1.0
ForceSetPosDirAutoSaveAnchor
0
0.7853982
0
4007.406
107.1829
2985.612
1.0
FldObj_RockBeachWall_A_01_Far
-0.4946554
-0.7215316
-0.1337702
4421.901
139.9435
2336.523
1.2
Item_Fruit_G
-0.5599999
1.281592
0
4179.132
124.2993
2331.027
1.0
FldObj_MountainLanayruWall_A_01_Far
-0.4357477
-0.2878042
0.1315193
4098.508
262.0974
2059.618
1.0
FldObj_KorokTarget_A_01
0
-2.879999
0
4519.698
228.8687
2320.912
1.0
SwitchTimeLag
1.903415
1.053026
-2.667053
4596.104
119.4988
2519.024
0.5
Npc_HiddenKorokGround
0
0
0
4211.834
106.3895
2270.373
1.0
Area
0
0
0
4541.574
106.6414
2515.589
1.0
Area
6.159893E-09
-0.14
1.570796
4213.796
106.3505
2271.892
0.2109886
LinkTagAnd
0
-2.356194
0
4009.009
107.1829
2985.234
0.3
DynamicCuttingForKokko
0
0
0
4102.72
108.8431
2337.539
1.0
LinkTagOr
0
-3.141593
0
4536.025
108.9408
2520.272
1.0
LinkTagAnd
0
-0.3384072
0
4662.24
172.0986
2376.09
1.0
Obj_RaftWoodSail_A_S_01
0
-2.961592
0
4033.866
105.9006
2982.411
1.0
FldObj_RockBeachWall_A_01_Far
2.961593
0.4415921
3.141593
4651.165
149.0051
2304.514
1.0
FldObj_CliffWhiteLumpRock_A_01
-2.210592
1.226088
-1.549316
4176.33
106.7611
2369.108
1.0
FldObj_RockBeachWall_A_01
0
-0.76
0
4591.64
155.7325
2373.594
1.0
LinkTagAnd
0
1.601592
0
4083.611
111.8641
2973.761
1.0
Area
0.1299039
0.4232575
0.3079467
4137.535
108.7423
2575.886
2
FldObj_RockBeachWall_A_02
3.051466
-0.9534537
3.056369
4606.879
114.3544
2491.396
0.8
LinkTagAnd
-1.003243
1.211847
-0.6344975
4134.089
110.0931
2562.769
1.0
FldObj_RockBeachWall_A_06_Far
-1.410147
-1.224669
1.305337
4327.015
109.2353
2280.35
1.0
FldObj_MountainLanayruWall_A_01
-0.3052923
-0.1405815
-0.1130943
4276.013
158.0279
2164.76
1.0
LinkTagOr
0
1.315701
0
4135.427
107.954
2535.179
1.0
LinkTagAnd
0
0
0
4631.843
146.0762
2436.375
1.0
FldObj_RockBeachWall_A_02_Far
2.822811
1.118895
-2.713941
4501.193
103.4551
2497.195
0.8
LinkTagAnd
0
-2.356194
0
4009.009
107.1829
2985.234
0.3
ActorObserverTag
0
0
0
4529.403
109.2241
2517.758
1.0
LinkTagNAnd
2.730116
0.5932993
3.041945
4654.22
160.8489
2412.376
1.0
LinkTagAnd
2.730116
0.5932993
3.041945
4652.57
161.0138
2411.258
1.0
LinkTagOr
0
-2.879999
0
4518.014
222.2798
2316.646
1.0
LinkTagAnd
0
0
0
4116.052
108.3325
2561.582
1.0
FldObj_KorokPinwheel_A_01
0.1104075
-0.01489273
0.2678947
4519.005
218.2255
2311.664
1.0
FldObj_RockBeachWall_A_01
2.148263
0.8295484
3.110845
4471.79
171.9288
2264.946
1.2
FldObj_RockBeachWall_A_01
0
1.4
0
4699.827
139.0315
2394.29
1.0
KorokAnswerResponce
0
0
0
4534.025
113.9408
2521.124
1.0
Obj_TreePalmBeach_A_02
0
1.315701
0
4130.822
107.954
2532.403
1.0
LinkTagAnd
0
0
0
4137.535
108.7423
2575.886
1.0
FldObj_MountainLanayruWall_A_01
-0.2603296
-0.5419086
-0.03329329
4250.08
208.4592
2107.84
1.0
Area
0
0
0
4536.432
106.9042
2528.233
1.0
Item_Fruit_G
-0.6799998
-1.522111
0
4430.45
117.716
2539.278
1.0
SignalFireWood
0
0
0
4110.445
107.2774
2382.077
1.0
Obj_KorokPlate_A_01
0.14
0
0
4213.804
106.0643
2271.852
1.0
Enemy_Bokoblin_Senior
0
2.677788
0
4103.628
107.6408
2362.851
1.0
DgnObj_DungeonEntrance_A_01
0
-2.356194
0
4012.191
106.1829
2990.538
1.0
FldObj_RockBeachWall_A_02_Far
-0.03561158
0.2171448
-0.1638821
4537.235
165.3168
2355.231
0.8
Obj_TreePalmBeach_A_02
0
-1.5
0
4120.824
107.0883
2414.665
1.0
Obj_Plant_Korok_A_01
-0.332619
-1.053026
0.4745396
4594.884
116.418
2520.445
1.0
DgnObj_WarpPoint_A_01
0
-2.356194
0
4005.688
107.1459
2984.036
1.0
LinkTagOr
0
1.28
0
4053.854
109.9148
2287.654
1.0
FldObj_RockBeachWall_A_01
-0.2533587
-0.9595101
-0.05100002
4470.986
168.0684
2313.205
1.0
Obj_TreePalmBeach_A_02
0
-0.84
0
4123.134
109.0659
2488.599
1.0
LinkTagAnd
0
-2.879999
0
4519.772
225.7047
2313.461
2
FldObj_RockBeach_A_M_03
-2.276016
0.1794864
2.193288
4244.033
98.29179
2297.96
1.0
LinkTagAnd
0
0
0
4082.664
105.2734
2364.516
1.0
FldObj_RockBeach_A_M_03
0.9556159
-0.3590593
-1.327404
4589.455
97.39212
2176.243
1.0
Area
0
1.080001
0
4121.294
115.0739
2369.26
2
LinkTagOr
0
0
0
4637.126
122.3405
2488.897
1.0
FldObj_CliffWhiteLumpRock_A_01
-0.6317229
-0.6386295
0.08286158
4071.666
105.2821
2292.217
0.8
BattleBgmRequestFinishTag
0
1.080001
0
4120.896
127.5867
2356.471
1.0
FldObj_RockBeachWall_A_01
0.3392449
-1.138087
-0.3100322
4626.6
149.8269
2412.472
1.0
Npc_HiddenKorokGround
0
2.844774
0
4110.978
111.1552
2588.168
1.0
DynamicCuttingForKokko
0
-1.180001
0
4112.583
108.1322
2341.355
1.0
Obj_TreePalmBeach_A_02
0
0.18
0
4039.492
108.223
2290.982
1.0
LinkTagOr
0
0
0
4016.932
107.9625
2974.357
1.0
FldObj_RockBeachWall_A_01
2.661593
0.9400001
3.141593
4521.997
151.5851
2229.144
1.2
SwitchTimeLag
-1.440892
0.4232575
0.3079467
4137.94
110.4722
2577.906
0.5
LinkTagAnd
0
2.6
0
4096.75
120.5
2318.047
1.0
LinkTagAnd
0
-2.061592
0
4115.531
127.6403
2357.767
1.0
FldObj_ScaffoldWood_B_02_Far
0
-0.1415934
0
4087.559
105.737
2372.609
1.0
ActorObserverTag
0
0
0
4542.574
108.2414
2515.589
1.0
LinkTagAnd
0
-2.879999
0
4518.979
222.2798
2316.387
1.0
Obj_RaftWood_A_S_02
0
-3.063451
0
4217.164
105.8991
2430.246
1.0
LinkTagNAnd
0
-2.356194
0
4009.716
119.6829
2990.184
0.6
Item_Fruit_G
-0.5599999
-1.5
0
4114.189
118.9425
2415.225
1.0
LocationTag
0
0
0
4009.844
106.4648
2988.664
1.0
LinkTagAnd
0
0
0
4211.334
108.8895
2270.373
1.0
LinkTagOr
0
0
0
4122.061
110.1122
2524.398
1.0
FldObj_RockBeachWall_A_01_Far
2.226515
0.2473192
2.864297
4603.951
170.4839
2333.847
1.0
ActorObserverTag
0
2.960002
0
4082.664
105.2734
2364.516
1.0
FldObj_RockBeachWall_A_01_Far
0
0.09999999
0
4541.09
155.7729
2359.088
1.0
Area
0
-2.879999
0
4515.772
217.4812
2306.251
6.979766
LinkTagOr
2.917075
0.4042884
-2.721871
4630.984
147.6144
2436.744
1.0
Area
2.917075
0.4042884
-2.721871
4631.843
146.0762
2436.375
2
SwitchTimeLag
-1.570796
0
0
4126.201
109.2486
2544.352
0.5
SwitchTimeLag
1.570796
0.4415933
3.141593
4623.747
129.479
2468.405
0.5
FldObj_RockBeachWall_A_01_Far
-0.07193125
-1.542479
-0.4647102
4445.621
137.264
2396.946
1.1
LinkTagAnd
0
-2.879999
0
4519.134
225.7047
2318.809
2
Area
0
0
0
4126.201
107.4486
2542.352
2
Obj_RaftWoodSail_A_S_01
0
-3.063451
0
4217.662
105.9098
2430.207
1.0
FldObj_MountainLanayruWall_A_01
-0.3464965
-0.7674074
0.07090726
4322.89
153.2204
2191.453
1.0
LinkTagOr
0
1.281592
0
4177.231
112.4451
2332.144
1.0
FldObj_RockBeachWall_A_01
0
0.09999999
0
4541.09
155.7729
2359.088
1.0
LinkTagOr
0
-2.98015
0
4541.439
112.3
2405.72
1.0
LinkTagAnd
0
-0.6199999
0
4114.309
110.1325
2564.023
1.0
LinkTagOr
0
-1.54
0
4083.719
109.3641
2977.26
1.0
FldObj_RockBeachWall_A_01
2.903869
0.7228507
3.003448
4591.529
152.2384
2278.086
1.1
FldObj_RockBeachWall_A_02_Far
0
-0.4599998
0
4452.079
128.0624
2501.232
0.8
FldObj_RockBeachWall_A_02
-0.853651
0.01512396
0.04800658
4466.401
107.8454
2502.827
0.8
LinkTagOr
0
-1.54
0
4083.519
107.3641
2970.763
1.0
FldObj_RockBeach_A_M_03
1.502417
-0.2477526
2.041862
4221.266
104.4467
2283.132
1.0
Enemy_Moriblin_Middle
0
0.03999764
0
4110.172
107.9781
2374
1.0
LookTag
0
-2.585191
0
4121.04
114.8739
2368.118
1.0
Enemy_Bokoblin_Middle
0
1.920002
0
4098.795
108.8398
2339.775
1.0
Obj_LiftRockWhite_A_01
0
0
0
4523.531
107.9297
2515.599
1.0
LinkTagAnd
0
0
0
4111.161
109.4074
2385.261
1.0
FldObj_RockBeachWall_A_01_Far
2.903869
0.7228507
3.003448
4591.529
152.2384
2278.086
1.1
FldObj_CliffWhiteParts_A_03_Far
1.062908
-0.6360364
-2.617742
4075.241
107.2158
2319.21
1.0
FldObj_RockBeachWall_A_01
-0.5870151
-0.140689
-0.07926778
4168.932
136.1177
2249.698
1.0
Item_Fruit_G
2.461593
-0.1610701
3.141593
3998.623
117.7708
2995.948
1.0
LinkTagAnd
0
2.6
0
4099.5
121.5
2319.5
1.0
TBox_Field_Enemy
0
-2.061592
0
4121.977
113.1689
2369.624
1.0
Animal_Sheep_A
0
2.234117
0
4111.199
107.4866
2337.91
1.0
Item_Fruit_G
-2.083322
0.4270214
-2.092469
4431.373
117.6828
2539.689
1.0
FldObj_RockBeachWall_A_01_Far
0.8411474
1.19482
2.472243
4622.056
138.6699
2407.268
1.0
ActorObserverTag
0
0
0
4540.574
108.2414
2515.589
1.0
LinkTagOr
0
0
0
4016.932
106.9625
2974.357
1.0
FldObj_KorokGoal_A_01
0
-1.54
0
4083.595
107.3641
2973.261
1.0
FldObj_RockBeach_A_M_03
1.760213
0.8102226
1.017408
4559.093
92.9659
2402.694
1.0
LinkTagNAnd
0
2.699999
0
4625.982
129.479
2468.356
1.0
FldObj_RockBeachWall_A_01
2.617282
-1.323493
-3.109042
4454.32
153.0029
2363.103
0.8
FldObj_RockBeachWall_A_01
-0.07193125
-1.542479
-0.4647102
4445.621
137.264
2396.946
1.1
Item_Fruit_G
3.030869
1.185127
-2.561441
4137.175
119.5992
2533.819
1.0
FldObj_RockBeachWall_A_01_Far
-0.4885042
-0.787356
0.07231556
4366.257
151.6463
2293.813
1.0
FldObj_MountainLanayruWall_A_01_Far
-0.24
1.061593
0
4508.428
177.9382
2087.872
1.0
KorokAnswerResponce
0
0
0
4529.025
113.9408
2521.124
1.0
Obj_Plant_Korok_A_01
0.3328673
0.03151127
0.07958835
4658.917
168.8747
2379.923
1.0
LinkTagAnd
0
2.699999
0
4624.174
129.479
2467.501
1.0
FldObj_CliffWhiteLumpRock_A_01
0.3760751
-1.16686
-1.092399
4155.369
109.187
2364.927
1.0
ActorObserverTag
0
2.12
0
4090.58
103.1859
2395.82
1.0
LinkTagNAnd
0
-2.879999
0
4517.841
225.7047
2313.979
2
Area
0
2.12
0
4093.565
103.6859
2393.993
0.5
FldObj_StairWood_A_M_01
-0.9934362
0.1806736
3.123264
4083.164
111.3438
2367.047
1.0
BoarMeat_Frame
0
-2.959999
0
4106.787
107.6286
2356.896
1.0
FldObj_MountainLanayruWall_A_01
-0.24
1.061593
0
4508.428
177.9382
2087.872
1.0
FldObj_RockBeachWall_A_06
-1.410147
-1.224669
1.305337
4327.015
109.2353
2280.35
1.0
LinkTagNone
0
0
0
4112.209
107.6286
2361.478
1.0
Obj_Plant_Korok_A_01
-1.907727
1.137675
-1.953025
4111.493
110.7892
2586.742
1.0
Obj_Plant_Korok_A_01
0
-3.141593
0
4126.201
106.2486
2542.352
1.0
FldObj_RockBeachWall_A_01_Far
0
1.28
0
4481.891
127.249
2486.607
0.8
LinkTagOr
0
1.601592
0
4083.58
111.8641
2972.762
1.0
FldObj_RockBeachWall_A_01_Far
-0.1167343
0.7396377
0.07160725
4649.521
121.8756
2462.015
1.0
LinkTagNAnd
0
0
0
4124.201
109.2486
2545.352
1.0
FldObj_RockBeachWall_A_01_Far
2.112065
1.17101
2.3931
4470.009
135.1368
2442.237
1.0
FldObj_RockBeachWall_A_01
-1.24
0
0
4252.062
108.7602
2226.452
1.0
EnemyFortressMgrTag
0
-2.959999
0
4106.787
107.6286
2356.896
1.0
FldObj_RockBeachWall_A_03
0
0.54
0
4523.479
147.7287
2387.075
1.0
LinkTagAnd
0
0
0
4622.892
127.679
2470.213
1.0
LinkTagOr
0
-0.6199999
0
4116.052
110.1325
2561.582
1.0
LinkTagNAnd
0
-2.879999
0
4515.909
224.2047
2314.496
2
Obj_TreePalmBeach_A_02
0
1.28
0
4049.351
109.9148
2284.716
1.0
LinkTagOr
0
-0.84
0
4118.277
109.0659
2490.905
1.0
ConstraintDummy
0
2.960002
0
4083.164
116.7734
2369.016
1.0
DgnObj_EntranceShutter_A_01
0
-2.356194
0
4009.504
107.1831
2987.851
1.0
FldObj_RockBeachWall_A_02
-0.03561158
0.2171448
-0.1638821
4537.235
165.3168
2355.231
0.8
Area
7.954142E-09
-0.18
1.570796
4209.897
106.3565
2271.909
0.2109886
Obj_Plant_Korok_A_01
0.2245172
-0.4042883
0.4197215
4632.416
145.0507
2436.13
1.0
SwitchTimeLag
0
0
0
4100
121.5
2320
1.0
FldObj_RockBeachWall_A_02_Far
-0.7079745
0.6950467
-0.0169057
4615.802
113.5307
2494.423
1.0
LinkTagOr
0
0.18
0
4038.915
108.223
2296.327
1.0
EnemyLookTag_Happy
0
0
0
4108.555
110.5703
2336.289
1.0
Area
0
0
0
4009.844
106.4648
2988.664
23
KorokAnswerResponce
0
0
0
4531.525
113.9408
2521.124
1.0
FldObj_RockBeachWall_A_01
2.226515
0.2473192
2.864297
4603.951
170.4839
2333.847
1.0
LinkTagOr
0
0
0
4541.574
109.2414
2515.589
1.0
DynamicCuttingForKokko
0
-1.06
0
4106.533
108.6634
2330.695
1.0
LinkTagOr
-2.808974
1.053026
-2.667053
4594.345
119.3292
2519.96
1.0
FldObj_RockBeachWall_A_07
0
-0.8199999
0
4593.58
93.29246
2523.024
1.0
LinkTagAnd
0
0
0
4536.525
111.4408
2521.124
1.0
LinkTagAnd
0
-2.879999
0
4517.065
223.7047
2311.081
2
FldObj_RockBeachWall_A_04_Far
0.2853942
-0.3761761
-0.4739486
4218.411
117.707
2279.148
1.0
FldObj_RockBeachWall_A_02
2.822811
1.118895
-2.713941
4501.193
103.4551
2497.195
0.8
Area
-2.808974
1.053026
-2.667053
4594.668
117.5825
2520.25
2
LinkTagNAnd
0.1299039
0.4232575
0.3079467
4136.63
109.9195
2579.632
1.0
LinkTagAnd
0
1.080001
0
4111.334
107.6392
2370.754
1.0
ActorObserverTag
0.14
0
0
4213.804
109.0349
2272.27
1.0
LinkTagOr
-1.003243
1.211847
-0.6344975
4131.373
108.9509
2562.203
1.0
FldObj_RockBeach_A_L_01
-0.02
-0.9400002
0
4567.158
97.72058
2170.338
1.0
KorokAnswerResponce
0.14
0
0
4214.804
110.0251
2272.41
0.5
LinkTagAnd
0
0
0
4211.834
111.3895
2273.373
1.0
Area
0
0
0
4529.403
107.6241
2517.758
1.0
FldObj_RockBeachWall_A_02
-0.7079745
0.6950467
-0.0169057
4615.802
113.5307
2494.423
1.0
BoarMeat
0
-2.959999
0
4106.787
107.6286
2356.896
1.0
FldObj_RockBeachWall_A_01
0
1.28
0
4481.891
127.249
2486.607
0.8
DynamicCuttingForKokko
0
-1.940002
0
4107.416
108.1712
2342.027
1.0
FldObj_RockBeachWall_A_01_Far
-0.3667153
-1.297138
0.0240349
4621.163
125.3169
2454.019
0.8
DynamicCuttingForKokko
0
0.6599991
0
4113.72
108.7259
2331.326
1.0
FldObj_ScaffoldWood_B_02
0
-0.1415934
0
4087.559
105.737
2372.609
1.0
FldObj_RockBeach_A_M_01
0
-0.5799999
0
4535.986
102.1955
2497.593
1.0
FldObj_KorokStartingBlock_A_01
0
1.521596
0
4016.932
105.9785
2971.357
1.0
LinkTagOr
0
-2.198411
0
4000.416
106.1178
2995.714
1.0
FldObj_RockBeach_A_M_01_Far
0
-0.5799999
0
4535.986
102.1955
2497.593
1.0
FldObj_CliffWhiteParts_A_03
1.062908
-0.6360364
-2.617742
4075.241
107.2158
2319.21
1.0
Obj_LiftRockWhite_Korok_A_01
0
0
0
4529.403
107.0241
2517.758
1.0
LinkTagAnd
0
0
0
4098.852
120.6055
2319.313
1.0
LinkTagOr
0
-0.3384072
0
4663.184
172.0986
2376.422
1.0
LinkTagAnd
0
-3.141593
0
4537.025
108.9408
2520.272
1.0
FldObj_RockBeachWall_A_06
-0.6207044
-0.7186363
0.07604118
4113.838
119.8915
2256.938
1.0
FldObj_RockBeachWall_A_01_Far
2.661593
0.9400001
3.141593
4521.997
151.5851
2229.144
1.2
ActorObserverTag
0
0
0
4535.432
108.5042
2528.233
1.0
LinkTagAnd
0
1.080001
0
4120.528
107.6286
2359.588
1.0
FldObj_MountainLanayruWall_A_01_Far
3.073293
0.8566906
3.134471
4458.551
92.76787
2239.593
1.0
FldObj_MountainLanayruWall_A_01_Far
-0.3464965
-0.7674074
0.07090726
4322.89
153.2204
2191.453
1.0
LinkTagOr
0
0
0
4212.334
108.8895
2270.373
1.0
FldObj_RockBeachWall_A_02
0
-0.4599998
0
4452.079
128.0624
2501.232
0.8
LinkTagAnd
0
-2.879999
0
4513.787
222.7047
2318.17
2
FldObj_RockBeachWall_A_06_Far
-0.6207044
-0.7186363
0.07604118
4113.838
119.8915
2256.938
1.0
LinkTagAnd
0
2.844774
0
4111.456
113.6552
2588.314
1.0
SwitchTimeLag
1.159319
0.5932993
3.041945
4652.02
160.6668
2412.018
0.5
LinkTagAnd
0
0
0
4111.509
111.8909
2586.267
1.0
Obj_Plant_Korok_A_01
3.011689
-0.4232576
-2.833646
4137.835
107.5891
2575.744
1.0
Obj_TreePalmBeach_A_02
0
1.281592
0
4172.725
112.4451
2329.213
1.0
FldObj_RockBeachWall_A_01
-0.3667153
-1.297138
0.0240349
4621.163
125.3169
2454.019
0.8
