UnitConfigName/__text
Rotate/value/0
Rotate/value/1
Rotate/value/2
Translate/value/0
Translate/value/1
Translate/value/2
_Scale
FldObj_Coral_A_01
0
0
0
4325.804
100
3738.984
1.0
Obj_TreePalmBeach_A_01
0
-2.345833
0
4459.778
106.539
3671.267
1.0
Item_Plant_O
-1.48892
0.8563221
-2.927675
4630.783
138.9543
3658.492
1.0
EnvSeEmitPointBirdTropical
0
-0.1363525
0
4446.246
147.8828
3763.004
1.0
Obj_LiftRockWhite_A_01
0
0
0
4615.766
125.3677
3562.383
1.0
Obj_LiftRockWhite_A_01
0
0
0
4576.01
127.5649
3489.683
1.0
FldObj_RockBeach_A_M_04
0
-1.58
0
4623.292
95.7655
3470.494
1.0
FldObj_CliffWhiteLumpRock_C_M_01
0.6843526
-1.467085
-0.410648
4584.4
139.2486
3739.438
1.0
Obj_TreePalmMini_B_01
0
1.533977
0
4577.235
114.8976
3649.479
1.0
FldObj_RockBeachLump_A_L_01
-0.4103451
1.029345
-0.04407373
4889.182
103.179
3697.869
1.0
FldObj_RockBeachLump_A_M_01
0.22141
0.632027
-0.1499241
4645.762
115.4352
3581.386
1.0
Obj_TreePalmMini_A_01
0
0
0
4579.452
121.7106
3619.777
1.0
FldObj_CliffWhiteRock_C_02
-2.874092
-1.111016
2.765478
4591.462
135.4498
3698.878
1.0
Obj_TreePalmBeach_A_01
0
2.6
0
4646.924
162.6753
3773.579
1.0
Obj_LiftRockWhite_A_01
0
0
0
4473.271
107.9798
3669.167
1.0
Obj_TreePalmBeach_A_02
0
-1.181093
0
4494.194
106.0638
3472.14
1.0
FldObj_RockBeachLump_A_L_01
-2.949907
0.860569
-3.080822
4592.068
122.2457
3491.924
1.0
Animal_Fish_G
0
0.28
0
4908.394
105.2561
3701.646
1.0
Obj_RockLayerMoss_B_LL_02
0.07999998
-0.7599999
0
4577.978
119.0552
3588.36
0.8
FldObj_EnemyLookout_B_01
0
0.8164014
0
4652.682
163.2067
3746.835
1.0
FldObj_BirdNest_A_01
0
0
0
4570.769
138.2774
3544.671
1.0
FldObj_Coral_A_01
0
0
0
4764.681
100.7904
3824.835
1.0
FldObj_CliffWhiteRock_C_02
0.1600285
-0.009507817
0.1184351
4639.383
160.7162
3771.68
1.0
Obj_TreePalmBeach_A_01
0
0
0
4535.106
113.3635
3474.49
1.0
FldObj_CliffWhiteRock_C_01
-0.02543
-0.7575415
0.01751525
4599.865
134.4131
3757.746
1.2
FldObj_RockBeachLump_A_M_01
0.1321473
0.6534764
-0.2538253
4512.393
120.2173
3742.683
1.0
Obj_TreePalmMini_B_01
0
0
0
4541.951
114.4944
3740.919
1.0
FldObj_CliffWhiteRock_C_03
-0.7260168
-0.1036528
-0.2714497
4504.072
111.1756
3658.875
1.0
Obj_RockCover
0.0001213405
-0.5598919
-0.0003243115
4675.85
167.7987
3745.038
0.7
Obj_TreePalmMini_B_01
0
2.598413
0
4530.354
111.8007
3465.828
1.0
BarrelBomb
-0.3131462
1.330547
-0.2708817
4660.379
163.1994
3712.218
1.0
Obj_TreePalmBeach_A_01
0
2.142357
0
4563.939
113.4548
3680.881
1.0
Obj_LiftRockWhite_A_01
0
0
0
4630.414
110.5933
3636.949
1.0
Obj_LiftRockWhite_A_01
0
0
0
4544.895
111.2351
3682.773
1.0
Obj_TreePalmMini_B_01
0
6.090624
0
4581.85
126.1788
3600.182
1.0
Obj_TreePalmBeach_A_01
0
0
0
4638.89
162.2216
3694.218
1.0
EnvSeEmitPointBirdTropical
-1.343017
-0.08459471
1.736938
4495.492
114.3125
3599.18
1.0
FldObj_Coral_A_01
0
0
0
4659.132
100
3451.868
1.0
FldObj_Coral_A_01
0
0
0
4897.152
101.6855
3666.673
1.0
Obj_LiftRockWhite_A_01
0
0
0
4617.828
124.9136
3568.076
1.0
Obj_TreePalmMini_A_01
0
5.95075
0
4539.904
117.698
3594.01
1.0
FldObj_WeaponStand_A_01
0
2.589206
0
4635.601
162.6922
3742.034
1.0
Obj_TreeBanana_A_01
0
2.390825
0
4564.704
123.7883
3510.903
1.0
Weapon_Sword_044
-0.09115788
0.05396116
0.7157701
4515.755
114.2661
3671.481
1.0
Animal_Fish_F
0
0
0
4479.184
105.231
3559.147
1.0
FldObj_RockBeachLump_A_M_01
-0.2397293
-0.5660055
-0.1895516
4493.883
126.4223
3717.03
1.0
FldObj_Coral_A_01
0
0
0
4348.688
100
3669.282
1.0
Animal_Fish_F
0
0
0
4480.749
105.2943
3570.194
1.0
FldObj_Coral_A_01
0
0
0
4504.416
100.0926
3845.436
1.0
FldObj_Coral_A_01
0
0
0
4788.97
101.5885
3800.671
1.0
Obj_TreePalmBeach_A_01
0
0
0
4638.511
114.4115
3655.056
1.0
Area
0
0
0
4537.111
110.7597
3701.952
75
EnvSeEmitPointInsectTropical
0
-1.209839
0
4654.215
110.4375
3607.332
1.0
Weapon_Shield_040
0.7897857
-1.243991
2.759629
4475.474
139.7691
3740.135
1.0
Item_Material_04
-0.5399998
0
0.8800001
4586.94
139.5576
3601.605
1.0
TBox_Field_Wood
1.528846E-05
-0.5366126
-3.729943E-05
4355.672
105.25
3124.112
1.0
Obj_TreePalmMini_B_01
0
0.9305176
0
4556.766
123.8813
3489.727
1.0
FldObj_Coral_A_01
0
0
0
4818.048
100.6436
3743.03
1.0
FldObj_Coral_A_01
0
0
0
4742.432
100
3523.048
1.0
FldObj_Coral_A_01
0
0
0
4695.848
100
3495.351
1.0
Obj_TreePalmBeach_A_01
0
0
0
4600.055
124.8566
3582.699
1.0
Obj_TreePalmMini_B_01
0
0.001227675
0
4531.375
116.6509
3621.327
1.0
FldObj_Coral_A_01
0
0
0
4412.556
100.2285
3835.257
1.0
Obj_LiftRockWhite_A_01
0
0
0
4636.193
110.6774
3634.451
1.0
GrassCutTag
0
1.34
0
4641.429
162.5343
3723.743
1.0
BarrelBomb
0.4940001
0.9175276
0.3837316
4470.593
140.7323
3726.329
1.0
FldObj_Coral_A_01
0
0
0
4421.47
100
3559.276
1.0
Animal_Fish_F
0
0
0
4586.689
105.3854
3441.504
1.0
FldObj_RockBeach_A_S_02
0
-0.2399997
0
4796.672
105.1883
3689.342
0.8
EnvSeEmitPointBirdTropical
3.141479
-0.1513672
3.141479
4531.813
114.2969
3430.309
1.0
Obj_TreeBroadleafHoleStump_B_L_01
0
0
0
4598
120.5795
3562
1.1
Obj_TreePalmBeach_A_01
0
0.9558365
0
4536.599
119.0996
3636.265
1.0
FldObj_CliffWhiteRock_C_01
0.476633
-1.068724
-0.5163409
4532.507
111.0532
3601.958
1.0
Item_Mushroom_F
3.141479
-1.137085
3.141479
4553.359
118.0613
3524.406
1.0
Item_Mushroom_D
1.722224
-0.236775
0.2036341
4627.652
136.5199
3791.555
1.0
Area
0
-1.68
0
4499.404
106.5783
3542.754
25
Item_Mushroom_E
0
0.1601563
0
4549.5
110.733
3452.059
1.0
Obj_TreePalmMini_B_01
0
2.511344
0
4552.82
117.3776
3468.121
1.0
FldObj_BirdNest_A_01
0
0.26
0
4561.32
134.5422
3475.222
1.0
TBox_Field_Wood
3.141526
-0.3206414
-3.14137
4049.458
105.2621
3018.792
1.0
FldObj_CliffWhiteRock_C_03
0
-2.12
0
4687.911
163.7489
3782.412
1.0
Obj_LiftRockWhite_A_01
0
0
0
4528.643
109.5935
3490.275
1.0
Obj_TreePalmMini_B_01
0
0.3799998
0
4722.358
215.4685
3767.627
1.0
Obj_TreePalmMini_A_01
0
2.590165
0
4544.876
116.7155
3503.239
1.0
Obj_LiftRockWhite_A_01
0
0
0
4471.651
109.4115
3676.333
1.0
FldObj_Coral_A_01
0
0
0
4656.079
100
3427.874
1.0
Obj_TreeBanana_A_01
0
0
0
4636.571
126.3648
3575.684
1.0
Animal_Fish_G
0
0
0
4717.796
105.132
3580.06
1.0
FldObj_Coral_A_03
0
0
0
4913.666
101.1483
3657.042
1.0
Obj_RockLayerMoss_B_L_02
-2.863651
-0.8142797
3.030462
4562.827
115.2162
3470.648
1.1
FldObj_Coral_A_01
0
0
0
4413.777
100
3575.649
1.0
FldObj_CliffWhiteRock_C_03
-0.2866054
0.04638615
0.3188044
4621.815
144.7358
3681.984
1.0
Obj_LiftRockWhite_A_01
0
0
0
4560.498
123.7108
3615.589
1.0
EnvSeEmitPointBirdTropical
1.788086
0.8081054
2.788208
4609.816
132.1133
3502.195
1.0
Weapon_Sword_044
-0.1952374
0.2578001
0.84678
4582.362
126.685
3485.876
1.0
GrassCutTag
0
0
0
4524.611
111.0496
3698.452
1.0
Animal_Fish_G
0
0
0
4473.569
105.2142
3501.327
1.0
Obj_TreePalmBeach_A_02
0
1.498407
0
4609.235
124.1794
3502.262
1.0
Animal_Gull_Swarm
0
0
0
4427.271
150.5386
3625.402
1.0
Obj_TreePalmBeach_A_01
0
1.466595
0
4500.104
105.9641
3420.339
1.0
Obj_LiftRockWhite_A_01
0
0
0
4508.622
106.0155
3421.482
1.0
FldObj_CliffWhiteRock_C_02
0
0.32
0
4505.133
111.7965
3675.619
1.0
TBox_Field_Wood
3.141532
-1.101999
-3.141066
4195.908
105.2623
3476.062
1.0
Obj_LiftRockWhite_A_01
0
0
0
4513.978
114.0488
3702.408
1.0
Obj_TreeBanana_A_01
0
5.006655
0
4522.522
112.9818
3683.704
1.0
GrassCutTag
0
0
0
4552.111
112.3208
3706.452
1.0
FldObj_Coral_A_01
0
0
0
4539.2
100.8072
3361.803
1.0
EnvSeEmitPointInsectTropical
0.158081
-0.1156006
1.169556
4593.051
140.0508
3527.117
1.0
FldObj_CliffWhiteRock_C_02
-0.1340234
-0.08953202
0.1984431
4602.62
119.1533
3672.618
1.2
Obj_LiftRockWhite_A_01
0
0
0
4522.605
114.7573
3712.47
1.0
Obj_TreeBanana_A_01
0
4.406064
0
4599.421
125.4443
3505.25
1.0
FireWood
0
1.2
0
4624.114
115.4908
3658.729
1.0
FldObj_Coral_A_01
0
0
0
4816.509
100.3347
3715.186
1.0
Obj_LiftRockWhite_A_01
0
0
0
4569.495
121.9923
3624.742
1.0
FldObj_CliffWhiteRock_C_02
-0.01554174
0.9252215
-0.5501713
4632.398
122.5385
3675.565
1.0
Obj_TreePalmMini_A_01
0
0.58
0
4446.517
139.7375
3763.921
1.0
BarrelBomb
0.6797824
0.6535116
0.4705801
4470.511
140.3215
3727.861
1.0
Item_Mushroom_E
0
-0.3171386
0
4663.305
109.6309
3584.191
1.0
Obj_TreePalmMini_A_01
0
1.909183
0
4559.825
123.5819
3516.403
1.0
FldObj_RockBeach_A_S_02
0
0.3799998
0
4708.034
105.7259
3573.843
1.0
FldObj_CliffWhiteLumpRock_C_L_01
3.061593
0.1815926
-3.141592
4675.473
115.2565
3677.123
1.0
EnvSeEmitPointInsectTropical
-0.517456
-0.09655762
-0.00561523
4603.027
126.4141
3517.367
1.0
Obj_TreePalmBeach_A_02
0
1.220011
0
4574.525
122.0616
3622.291
1.0
Animal_Gull_A
-2.836515
0.2806214
-2.678851
4493.058
130.4625
3661.101
1.0
Obj_TreePalmBeach_A_01
0
0
0
4505.583
112.5039
3662.591
1.0
EnvSeEmitPointInsectTropical
-2.059448
-1.255737
2.348267
4539.641
116.7734
3591.215
1.0
Obj_TreeBroadleafMossStump_B_L_01
0
0
0
4574.83
126.8573
3524.274
1.0
FldObj_CliffWhiteRock_C_03
-0.128812
-0.757199
0.4821983
4513.058
109.9999
3637.808
1.0
FldObj_Coral_A_01
0
0
0
4552.658
100.1943
3869.952
1.0
Obj_TreePalmBeach_A_01
0
1.387383
0
4501.857
106.1197
3504.238
1.0
FldObj_CliffWhiteRock_C_01
0
-0.92
0
4477.038
104.2139
3662.577
1.0
Obj_RockLayerMoss_B_LL_02
0.07858636
-0.9176404
-0.09883522
4560.302
115.8617
3606.33
1.0
FldObj_Coral_A_01
0
0
0
4584.236
99.97124
3877.975
1.0
FldObj_Coral_A_01
0
0
0
4365.118
100
3650.003
1.0
Obj_TreePalmBeach_A_01
0
2.601408
0
4530.758
117.1148
3612.069
1.0
Obj_TreePalmMini_A_01
0
2.59747
0
4557.07
115.1627
3662.068
1.0
FldObj_Coral_A_01
0
0
0
4642.919
100
3399.794
1.0
Animal_Fish_G
0
0
0
4720.125
105.132
3583.431
1.0
Obj_TreePalmBeach_A_01
0
0
0
4537.611
112.2298
3721.183
1.0
Obj_TreePalmMini_B_01
0
0
0
4493.834
113.9712
3687.061
1.0
KibakoSeaside_Contain_01
-0.0417601
-0.2406642
-0.01983414
4644.608
162.9138
3699.351
1.0
FldObj_Coral_A_01
0
0
0
4517.247
100.8072
3366.327
1.0
FldObj_Coral_A_01
0
0
0
4440.416
100.2285
3843.358
1.0
Obj_TreeBroadleafDead_B_L_01
0
-1.48
0
4591.77
124.2067
3589.426
1.0
FldObj_RockBeachLump_A_M_01
0
0.94
0
4936.054
105.5428
3696.073
1.0
Item_Material_04
-0.5399998
0
0.8800001
4570.736
138.4035
3544.747
1.0
Item_Mushroom_F
3.141479
-0.7132568
3.141479
4635.816
126.5648
3574.66
1.0
Obj_LiftRockWhite_A_01
0
0
0
4570.99
123.6068
3613.259
1.0
Item_Mushroom_D
1.031302
-0.3389106
0.5863293
4619.258
124.1993
3789.287
1.0
FldObj_Coral_A_01
0
0
0
4812.072
99.7336
3640.436
1.0
Animal_Gull_A
0
0
0
4435.724
117.3745
3465.581
1.0
Obj_BreakBoxIron
-0.01118717
0.9956053
-0.0008715744
4480.737
141.5464
3749.392
1.0
Obj_TreePalmMini_B_01
0
3.202823
0
4583.677
124.8207
3573.179
1.0
FldObj_Coral_A_01
0
0
0
4334.46
100
3761.375
1.0
Animal_Fish_G
0
1.14
0
4918.494
104.9244
3695.246
1.0
Obj_TreeBroadleafFallenTree_A_M_01
0.2089414
0.9316258
0.134439
4585.511
124.416
3561.852
1.0
Obj_TreeBanana_A_01
0
0
0
4531.159
110.7184
3448.065
1.0
EnvSeEmitPointBirdTropical
0
-0.4233398
0
4639.285
170.2344
3694.926
1.0
EnvSeEmitPointInsectTropical
3.141479
1.277588
3.141479
4541.695
114.457
3740.395
1.0
FldObj_Coral_A_01
0
0
0
4406.68
100
3591.181
1.0
FldObj_Coral_A_01
0
0
0
4448.325
100.8072
3446.647
1.0
Animal_Fish_G
0
0
0
4457.897
105.0605
3621.261
1.0
Obj_TreePalmMini_A_01
0
4.358487
0
4556.722
118.3119
3569.714
1.0
Area
0
1.34
0
4635.286
162.5281
3733.35
60
Obj_LiftRockWhite_A_01
0
0
0
4524.883
114.5227
3717.462
1.0
EnvSeEmitPointBirdTropical
0
0.463623
0
4496.914
121.6055
3685.684
1.0
EnvSeEmitPointBirdTropical
3.141479
0.9265136
3.141479
4492.582
114.3359
3466
1.0
FldObj_CliffWhiteLumpRock_C_M_01
-2.318393
-0.9642285
2.893215
4578.665
117.9472
3682.937
1.0
Area
0
1.34
0
4635.286
162.5281
3733.35
25
Obj_MineralGrain_A_04
0
0
0
4496.868
110.7419
3781.985
1.0
GrassCutTag
0
2.589206
0
4634.027
162.6922
3744.588
1.0
FldObj_BirdNest_A_01
0
0
0
4586.973
139.4315
3601.529
1.0
Obj_LiftRockWhite_A_01
0
0
0
4526.274
110.439
3462.756
1.0
FldObj_Coral_A_01
0
0
0
4442.047
100
3517.604
1.0
Animal_Fish_F
0
0
0
4613.66
105.3976
3452.78
1.0
FldObj_RockBeach_A_M_02
0.4372707
0.273223
0.1254725
4936.513
96.94103
3734.389
1.2
Obj_BreakBoxIron
3.106072
-0.6827985
-3.074447
4510.216
106.4661
3552.177
1.0
Item_Plant_B
3.141479
-0.6586913
3.141479
4548.77
119.3987
3494.816
1.0
FldObj_EnemyTrace_Garbage_A_01
0.01706387
-0.5182056
0.1464435
4479.949
141.0699
3753.044
1.0
Animal_Gull_A
0
0
0
4441.172
118.7531
3469.335
1.0
FldObj_RockBeach_A_S_03
0.2124403
-1.409096
-0.2092705
4498.878
108
3394.221
1.0
Obj_TreePalmBeach_A_02
0
2.583185
0
4593.748
113.9268
3472.755
1.0
Animal_Fish_F
0
0
0
4730.097
105.3742
3608.198
1.0
FldObj_Coral_A_01
0
0
0
4807.166
100.1104
3607.936
1.0
Animal_Fish_G
0
0
0
4466.317
105.2472
3615.637
1.0
FldObj_EnemyLookout_B_01
0
-0.9615911
0
4620.402
161.1714
3744.926
1.0
Obj_TreePalmBeach_A_01
0
0
0
4598.99
115.0397
3621.549
1.0
Obj_TreePalmMini_A_01
0
3.731034
0
4488.746
116.4765
3696.982
1.0
Obj_LiftRockWhite_A_01
0
0
0
4435
133.4402
3743
1.0
Obj_TreePalmMini_A_01
0
5.959855
0
4553.064
122.3595
3483.973
1.0
Obj_RockLayerMoss_B_S_01
0.09999996
-0.4199999
0
4615.151
125.1883
3541.727
1.1
Item_Material_04
-0.3377694
0.1645406
0.896732
4561.309
134.6684
3475.304
1.0
Obj_TreePalmBeach_A_01
0
0
0
4553.379
118.8718
3538.159
1.0
Animal_Gull_A
-0.0314153
0.002440121
0.1550222
4452.99
122.8153
3416.379
1.0
Item_Plant_C
3.141479
0.9007568
3.141479
4550.902
116.9987
3524.371
1.0
BarrelBomb
2.792254
-1.44938
-2.603548
4508.792
106.5526
3535.98
1.0
FldObj_CliffWhiteLumpRock_C_M_01
-0.2330228
-0.003886305
-0.03320151
4700.021
163.5923
3722.199
1.0
Obj_TreePalmBeach_A_01
0
1.904831
0
4573.789
114.0067
3662.279
1.0
Obj_RockLayerMoss_B_L_02
3.101943
0.03767749
-3.098018
4566.681
119.6084
3542.56
1.2
FldObj_RockBeach_A_S_02
0
-0.3800002
0
4439.783
105.3207
3421.289
1.0
EnvSeEmitPointBirdTropical
0.06127929
0.2463379
0.2581787
4537.461
127.3672
3635.59
1.0
FldObj_CliffWhiteRock_C_02
0
0
0
4505.131
106.109
3624.608
1.0
FldObj_Coral_A_01
0
0
0
4347.806
100.2285
3780.053
1.0
FldObj_Coral_A_01
0
0
0
4595.69
100.6293
3369.812
1.0
Obj_TreeBanana_A_01
0
0
0
4619.394
126.106
3557.678
1.0
FldObj_TorchStandBone_A_01
0
0
0
4494.115
105.9872
3504.934
1.0
FldObj_Coral_A_01
0
0
0
4630.119
98.61182
3885.35
1.0
GrassCutTag
0
0
0
4535.611
111.9076
3718.452
1.0
KibakoSeaside_Contain_01
-0.01618016
1.358737
-0.01890859
4640.197
162.8835
3735.994
1.0
Obj_TreeBroadleafMossStump_B_L_01
0
-1.08
0
4561.746
119.2707
3578.984
1.0
FldObj_PushRock_A_M_01
0.06255935
-0.004720391
-0.2033765
4490.187
143.8216
3733.466
1.0
FldObj_Coral_A_01
0
0
0
4607.126
98.83486
3885.35
1.0
EnvSeEmitPointInsectTropical
3.141479
-1.070557
3.141479
4584.898
124.7656
3573.98
1.0
Obj_TreePalmMini_B_01
0
0.8037379
0
4537.677
113.526
3670.833
1.0
FldObj_Coral_A_01
0
0
0
4778.192
100
3561.214
1.0
Obj_TreePalmMini_A_01
0
0.1211407
0
4487.898
113.7094
3683.522
1.0
Obj_TreeBroadleafDead_B_L_01
0
0
0
4609.889
125.1715
3584.957
1.0
FldObj_RockBeachLump_A_L_01
-0.2234945
0.1756158
-0.03969029
4524.718
113.5643
3757.847
1.0
Area
0
-0.6800005
0
4641.827
111.1021
3631.986
40
Area
0
1.376813
0
4463.823
139.1456
3743.329
25
Obj_LiftRockWhite_A_01
0
0
0
4554.743
118.4055
3527.846
1.0
Obj_RockLayerMoss_B_LL_02
-0.03213337
0.538084
0.09320048
4552.461
115.5702
3484.123
0.8
Item_Plant_O
-1.570796
1.290794
-3.04735
4632.642
137.4597
3660.464
1.0
Animal_Fish_F
0
0
0
4726.7
105.3429
3612.387
1.0
Weapon_Sword_044
0.2576468
0.3386537
1.303641
4554.195
119.7493
3541.104
1.0
FldObj_Coral_A_01
0
0
0
4472.041
100.0264
3839.757
1.0
TBox_Field_Iron
-0.1931254
1.437917
-0.2665918
4239.131
98.82255
3339.349
1.0
Obj_LiftRockWhite_A_01
0
0
0
4468.189
107.8247
3672.462
1.0
EnvSeEmitPointBirdTropical
2.588012
-0.4506836
2.099487
4479.02
114.707
3648.652
1.0
EnvSeEmitPointBirdTropical
3.141479
-1.303223
3.141479
4651.105
119.3359
3594.344
1.0
Obj_TreeBanana_A_01
0
0
0
4653.716
110.519
3606.401
1.0
Obj_TreePalmBeach_A_02
0
-2.02
0
4479.472
106.1295
3643.719
1.0
Obj_LiftRockWhite_A_01
0
0
0
4595.747
100.3799
3849.02
1.0
FldObj_Coral_A_01
0
0
0
4762.377
100
3540.569
1.0
EnvSeEmitPointInsectTropical
-0.05615234
-0.0883789
0.2470703
4442.102
139.3828
3762.508
1.0
Obj_LiftRockWhite_A_01
0
0
0
4512.503
113.921
3701.215
1.0
Obj_RockLayerMoss_B_M_01
0
-2.24
0
4628.974
124.6712
3575.788
1.0
Obj_TreePalmBeach_A_01
0
-0.285833
0
4447.302
107.6911
3683.601
1.0
EnvSeEmitPointBirdTropical
-0.2828369
0.118042
0.2700195
4551.051
125.4492
3584.711
1.0
Obj_LiftRockWhite_A_01
0
0
0
4535.796
116.9571
3602.761
1.0
Obj_TreePalmMini_B_01
0
0
0
4722.647
215.7673
3770.094
1.0
Obj_TreePalmMini_A_01
0
2.827142
0
4559.229
118.8457
3649.063
1.0
Obj_LiftRockWhite_A_01
0
0
0
4503.715
106.7155
3616.684
1.0
Obj_TreePalmMini_B_01
0
2.856709
0
4550.463
117.1027
3532.57
1.0
Obj_TreePalmMini_A_01
0
3.409954
0
4526.052
109.9657
3448.08
1.0
FldObj_CliffWhiteLumpRock_C_M_01
-0.8699661
-0.5958511
0.1539169
4638.988
118.8328
3667.187
1.0
FldObj_Coral_A_01
0
0
0
4447.265
100.1887
3493.967
1.0
Animal_Fish_G
0
0
0
4715.8
105.132
3586.142
1.0
FldObj_Coral_A_01
0
0
0
4444.247
100.8072
3470.163
1.0
FldObj_Coral_A_01
0
0
0
4670.562
100
3481.204
1.0
FldObj_Coral_A_01
0
0
0
4656.001
99.67921
3885.35
1.0
Animal_Fish_G
0
0
0
4541.145
105.1821
3791.06
1.0
KibakoSeaside_Contain_01
-3.009675
-1.328094
2.995794
4646.664
162.8671
3699.513
1.0
FldObj_Coral_A_01
0
0
0
4456.653
100.8072
3422.116
1.0
Obj_TreePalmBeach_A_02
0
0.9260558
0
4550.168
113.8748
3664.912
1.0
EnvSeEmitPointBirdTropical
3.077026
-1.254028
-2.328857
4671.383
116.9922
3620.746
1.0
Item_Mushroom_D
-1.650897
0.6861913
-3.062224
4730.363
149.6158
3709.328
1.0
Item_Material_04
-1.070168
0.3763285
-0.5010629
4587.116
139.6009
3601.673
1.0
Obj_RockLayerMoss_B_LL_02
0
0.12
0
4568.665
116.3741
3516.444
1.0
Animal_Fish_F
0
0
0
4725.542
105.0617
3607.101
1.0
Obj_LiftRockWhite_A_01
0
0
0
4497.36
106.1368
3486.631
1.0
FldObj_RockBeach_A_S_02
0
2.52
0
4878.292
105.1886
3670.167
1.0
Obj_MineralGrain_A_04
0.08000004
1.220001
0
4700.631
115.5177
3684.846
1.0
FldObj_Coral_A_01
0
0
0
4548.396
100.8072
3380.975
1.0
Obj_RockLayerMoss_B_LL_01
0
0.22
0
4590.892
125.2666
3533.636
1.0
Animal_Fish_F
0
0
0
4584.438
105.3854
3443.664
1.0
EnvSeEmitPointBirdTropical
2.894897
0.2860107
2.972656
4647.301
170.7461
3772.953
1.0
Item_Mushroom_E
0
-0.1162109
0
4496.895
106.0812
3442.199
1.0
Item_Mushroom_E
0
0.7823486
0
4603.055
114.2694
3655.813
1.0
TBox_Field_Wood
-4.497912E-05
-0.2979296
-0.0002247689
4365.456
105.2501
3119.623
1.0
Area
0
-1.68
0
4499.404
106.5783
3542.754
40
Obj_TreeBanana_A_01
0
0
0
4651.058
111.4021
3593.853
1.0
Obj_TreePalmMini_A_01
0
5.253152
0
4574.697
114.9457
3652.802
1.0
FldObj_RockBeach_A_S_02
0
0.6
0
4741.913
106.1635
3674.325
1.0
TBox_Field_Iron
3.031934
-0.8653581
-3.134968
4109.555
97.34307
3127.271
1.0
FldObj_CliffWhiteRock_C_02
0.2195843
0.2747562
0.2376599
4547.147
112.937
3512.409
1.0
Animal_Fish_G
0
0
0
4548.98
105.2602
3784.529
1.0
FldObj_CliffWhiteLumpRock_C_M_01
-2.764716
-0.8093792
2.966944
4601.916
135.4451
3687.779
1.0
BarrelBomb
2.233626
-1.369872
-2.066805
4509.528
106.5729
3537.545
1.0
EnvSeEmitPointInsectTropical
-0.8585204
-1.464844
1.286743
4552.063
118.3398
3539.223
1.0
Obj_TreePalmMini_A_01
0
1.8
0
4442.06
139.3606
3761.414
1.0
Obj_TreePalmBeach_A_01
0
0
0
4418.778
116.5152
3770.644
1.0
FldObj_Coral_A_01
0
0
0
4820.166
99.78178
3680.116
1.0
Obj_TreePalmMini_A_01
0
0
0
4605.365
126.2063
3538.545
1.0
Obj_TreeBanana_A_01
0
0
0
4571.531
121.8078
3571.24
1.0
TBox_Field_Iron
-0.3037064
-1.497447
0.3464356
4149.22
98.87995
3727.952
1.0
FldObj_Coral_A_01
0
0
0
4473.388
100.8072
3396.881
1.0
FldObj_EnemyLookout_B_01
0
1.958407
0
4659.9
162.9684
3707.765
1.0
FldObj_RockBeachLump_A_M_01
-0.3363872
0.3686193
0.04563584
4481.162
110.978
3675.974
1.0
Obj_LiftRockWhite_A_01
0
0
0
4545.525
112.1359
3453.628
1.0
TBox_Field_Stone
0
-2.099999
0
4440.607
107.2368
3405.982
1.0
Animal_Fish_G
0
0
0
4536.395
105.1821
3791.06
1.0
Obj_TreeBanana_A_01
0
2.222734
0
4563.499
125.6019
3486.704
1.0
TBox_Field_Wood
-0.0001896085
-0.3171527
-0.0005447572
4523.067
105.2501
3141.729
1.0
Obj_TreeBroadleafDead_B_L_01
0
0
0
4586.485
131.7262
3523.752
1.0
Obj_LiftRockWhite_A_01
0
0
0
4494.778
106.4728
3516.884
1.0
Obj_LiftRockWhite_A_01
0
0
0
4427.773
129.3269
3731.039
1.0
FldObj_CliffWhiteRock_C_02
-0.02895653
0.001283909
0.08861414
4510.727
104.185
3513.291
1.0
FldObj_Coral_A_01
0
0
0
4794.32
100
3582.626
1.0
FldObj_Coral_A_01
0
0
0
4430.332
100
3538.217
1.0
EnvSeEmitPointInsectTropical
3.141479
-0.1031494
3.141479
4604.898
128.4258
3595.492
1.0
FldObj_CliffWhiteRock_C_02
-0.4203872
-1.496012
0.2556191
4669.558
109.9139
3649.34
1.0
Item_Mushroom_D
1.722224
-0.236775
0.2036341
4629.76
137.1489
3792.114
1.0
FldObj_TorchStandBone_A_01
0
0
0
4508.802
106.4834
3587.101
1.0
Obj_TreePalmMini_B_01
0
0.9873103
0
4567.466
120.057
3638.603
1.0
EnvSeEmitPointInsectTropical
0.4272461
0.9155273
-0.4136963
4542.496
125.418
3494.336
1.0
FldObj_Coral_A_01
0
0
0
4801.986
100.7634
3766.803
1.0
Obj_TreeBanana_A_01
0
0.08995654
0
4545.265
114.2298
3519.64
1.0
FldObj_RockBeachLump_A_L_01
-3.076245
0.3992398
-3.076464
4561.713
108.7635
3458.772
1.0
Obj_LiftRockWhite_A_01
0
0
0
4518.42
118.8769
3731.226
1.0
Obj_TreeBroadleafDead_B_L_01
0
2.1
0
4566.529
125.1825
3504.574
1.0
FldObj_Coral_A_01
0
0
0
4332.789
100
3691.228
1.0
GrassCutTag
0
-0.9631876
0
4474.712
139.6274
3731.208
1.0
FldObj_Coral_A_01
0
0
0
4567.122
100.8072
3361.803
1.0
Obj_TreeBroadleafDead_B_L_01
0
0.9400001
0
4580.2
126.8389
3486.462
1.0
Obj_TreePalmBeach_A_02
0
1.121392
0
4559.603
119.5871
3644.513
1.0
EnvSeEmitPointInsectTropical
0.1304931
0.1195068
-0.1379394
4578.273
114.4883
3650.184
1.0
Obj_TreePalmMini_A_01
0
0.4226587
0
4531.316
112.2109
3469.073
1.0
Obj_RockLayerMoss_B_LL_01
0
-0.8400001
0
4567.863
119.9307
3553.375
1.0
FldObj_Coral_A_01
0
0
0
4621.858
100
3384.309
1.0
FldObj_CliffWhiteRock_C_01
0
0
-0.4199999
4503
104.2578
3518.375
1.0
EnvSeEmitPointBirdTropical
-2.735229
1.322266
-2.418945
4414.84
123.0352
3768.93
1.0
FldObj_RockBeachLump_A_L_01
3.037783
0.4467116
-3.032591
4902.107
101.9484
3712.773
1.0
FldObj_Coral_A_01
0
0
0
4681.33
100.2309
3879.124
1.0
Obj_TreeBanana_A_01
0
0
0
4474.872
115.628
3695.448
1.0
Obj_TreePalmMini_B_01
0
1.224809
0
4542.454
113.4082
3457.117
1.0
Animal_Fish_F
0
0
0
4475
105.4296
3567.124
1.0
EnvSeEmitPointInsectTropical
-2.784057
-0.6370849
2.992798
4488.34
115.9766
3695.637
1.0
Item_Mushroom_E
3.141479
0.7764892
3.141479
4565.461
124.5949
3505.016
1.0
FldObj_Coral_A_01
0
0
0
4723.164
100
3506.568
1.0
FldObj_CliffWhiteLumpRock_C_M_01
-0.3159414
0.07913872
0.4871858
4531.343
112.2731
3592.069
1.0
Obj_TreePalmMini_A_01
0
1.816112
0
4516.51
112.5098
3640.624
1.0
TBox_Field_Wood
-3.140094
-1.421366
3.140153
4205.541
105.2503
3858.983
1.0
KibakoSeaside_Contain_01
0.009482863
-0.210747
-0.002450596
4640.306
162.8956
3733.95
1.0
FldObj_CliffWhiteLumpRock_C_L_01
-2.98342
-0.1930137
-2.991379
4616.448
118.0306
3672.699
1.0
Obj_TreePalmBeach_A_01
0
3.059924
0
4518.386
107.0958
3569.172
1.0
EnvSeEmitPointBirdTropical
0.4272461
0.9155273
-0.4136963
4542.496
124.3867
3494.336
1.0
Item_Mushroom_D
-1.521554
0.3994836
-2.737202
4728.725
148.7008
3708.536
1.0
EnvSeEmitPointInsectTropical
0.2633057
-0.5382079
-0.2722168
4567.527
119.6523
3639.918
1.0
Obj_LiftRockWhite_A_01
0
0
0
4518.827
105.9887
3425.098
1.0
Animal_Fish_F
0
0
0
4583.736
105.3854
3440.706
1.0
TBox_Field_Iron
0.06291564
-0.4796591
-0.02747888
4694.836
98.81045
3096.738
1.0
FldObj_CliffWhiteLumpRock_C_M_01
0.119771
-0.2868056
-0.1494116
4693.525
162.6761
3785.048
1.0
FldObj_Coral_A_01
0
0
0
4383.638
100
3632.403
1.0
FldObj_RockBeachLump_A_M_01
2.884113
1.130067
3.14107
4439.142
138.0267
3765.316
1.0
Obj_TreePalmMini_B_01
0
0
0
4605.598
125.927
3542.967
1.0
Obj_TreePalmBeach_A_01
0
0
0
4649.641
162.9711
3772.2
1.0
FldObj_WeaponStand_A_01
0
-0.9631876
0
4472.25
139.6274
3732.921
1.0
Obj_TreePalmBeach_A_01
0
2.841899
0
4550.392
117.795
3586.558
1.0
Obj_TreePalmMini_A_01
0
3.614267
0
4510.457
112.0754
3660.167
1.0
Obj_TreePalmBeach_A_02
0
-1.82
0
4556.017
112.8715
3685.968
1.0
Obj_TreePalmMini_B_01
0
6.061981
0
4545.089
115.8485
3508.95
1.0
Item_Material_04
-1.070168
0.3763285
-0.5010629
4570.911
138.4468
3544.816
1.0
Weapon_Sword_044
-0.1214161
0.02166359
1.014185
4528.815
110.7617
3449.304
1.0
Obj_TreeBanana_A_01
0
3.037688
0
4578.486
128.0238
3517.463
1.0
Animal_Fish_G
0
0
0
4461.688
105.1687
3622.873
1.0
Obj_TreePalmBeach_A_01
0
1.493214
0
4569.579
121.5733
3580.33
1.0
Obj_LiftRockWhite_A_01
0
0
0
4520.183
114.1904
3643.223
1.0
Animal_Fish_G
0
0
0
4538.98
105.1821
3788.786
1.0
SpotBgmTag
0
0.08173028
0
4738.802
214.5078
3769.609
25
FldObj_TorchStandBone_A_01
0
0
0
4497.883
106.2825
3622.336
1.0
FldObj_Coral_A_01
0
0
0
4523.533
100.1602
3861.296
1.0
Obj_LiftRockWhite_A_01
0
0
0
4581.242
128.9818
3527.988
1.0
FldObj_CliffWhiteLumpRock_C_M_01
-0.01690085
0.4626056
0.3409878
4555.537
117.2888
3732.846
1.0
Obj_TreePalmBeach_A_01
0
1.295087
0
4508.166
106.2722
3583.263
1.0
Obj_LiftRockWhite_A_01
0
0
0
4494.696
106.0707
3462.756
1.0
EnvSeEmitPointBirdTropical
-2.8656
0.5285645
-3.053344
4704.813
169.0625
3714.52
1.0
Animal_Fish_F
0
0
0
4613.948
105.4207
3451.024
1.0
Animal_Fish_G
0
0
0
4544.23
105.2602
3784.529
1.0
FldObj_PushRock_A_M_01
-0.3787332
0.9265193
-0.3314943
4487.751
143.4065
3729.487
1.0
Area
0
1.376813
0
4463.823
139.1456
3743.329
40
Obj_TreePalmMini_B_01
0
3.259243
0
4545.231
119.3634
3599.097
1.0
Obj_TreePalmBeach_A_01
0
0.8415827
0
4550.107
118.0915
3649.291
1.0
Area
0
-0.6800005
0
4641.827
111.1021
3631.986
25
Obj_LiftRockWhite_A_01
0
0
0
4553.788
113.0185
3765.781
1.0
EnvSeEmitPointInsectTropical
-2.841553
-0.1022949
-2.100219
4542.961
129.3711
3614.012
1.0
Item_Mushroom_E
0
-0.7700195
0
4624.375
126.2366
3565.055
1.0
Animal_Fish_F
0
0.48
0
4914.752
105.1056
3697.104
1.0
Obj_BreakBoxIron
0.0002074928
-0.5735912
-0.0008790952
4481.56
141.5374
3747.523
1.0
FldObj_RockBeach_A_S_02
0
0.72
0
4574.509
105.0593
3446.566
1.0
FldObj_RockBeachLump_A_M_01
-0.2
0
0
4479.729
117.3927
3699.752
1.0
FldObj_RockBeach_A_M_04
0
-1.700001
0
4843.494
97.50777
3677.6
0.8
Obj_LiftRockWhite_A_01
0
0
0
4558.602
121.8249
3624.026
1.0
BarrelBomb
0.03840075
0.00482723
0.008377449
4623.797
161.5107
3738.877
1.0
FldObj_CliffWhiteRock_C_02
0
0
0
4592.883
114.784
3661.624
1.0
Animal_Gull_A
0
0
0
4433.691
118.7431
3468.755
1.0
Obj_TreePalmBeach_A_01
0
3.240768
0
4600.781
125.6164
3541.489
1.0
Obj_TreePalmBeach_A_01
0
0
0
4666.952
109.7411
3621.295
1.0
Animal_Fish_G
0
0
0
4534.23
105.1821
3788.786
1.0
Item_Mushroom_E
0
-0.2792968
0
4550.605
113.3892
3458.969
1.0
Item_CookSet
0
2.116812
0
4476.276
139.8454
3738.473
1.0
FldObj_Coral_A_01
0
0
0
4361.919
100.1869
3798.312
1.0
FldObj_Coral_A_01
0
0
0
4387.806
100.2285
3825.819
1.0
FldObj_Coral_A_01
0
0
0
4743.197
100.3831
3847.108
1.0
Obj_LiftRockWhite_A_01
0
0
0
4447.758
107.0786
3680.852
1.0
Obj_TreePalmBeach_A_01
0
0
0
4664.152
109.6619
3589.688
1.0
Obj_TreePalmBeach_A_01
0
0.1525725
0
4604.364
121.3909
3491.502
1.0
EnvSeEmitPointBirdTropical
-0.2751465
0.8378906
-0.3803711
4533.996
122.9258
3731.355
1.0
Obj_LiftRockWhite_A_01
0
0
0
4543.786
113.3544
3573.751
1.0
EnvSeEmitPointBirdTropical
-0.62854
-1.002685
0.5106201
4500.664
114.0859
3418.684
1.0
FldObj_EnemyTrace_Garbage_A_01
0.1169412
0.9059641
0.2654765
4482.94
141.7743
3755.71
1.0
TBox_Field_Wood
0.0008206228
-1.280787
-0.0008936108
4084.143
105.25
3558.219
1.0
Obj_TreePalmBeach_A_02
0
1.923185
0
4597.653
106.4769
3458.157
1.0
Animal_Gull_A
-0.2859562
-0.3097965
0.3955855
4496.156
131.4629
3660.204
1.0
Obj_TreeBroadleafDead_B_L_01
0
0
0
4575.904
126.1821
3546.813
1.0
Animal_Gull_A
-0.05298724
0.005921773
0.2225423
4450.697
122.2126
3412.899
1.0
Obj_TreePalmBeach_A_01
0
-0.285833
0
4495.714
105.9586
3599.541
1.0
FldObj_CliffWhiteRock_C_02
0.3052568
-0.07958828
0.5065522
4591.317
136.9997
3755.564
1.0
Item_Mushroom_E
0
1.302612
0
4498.93
106.114
3443.98
1.0
Animal_Fish_F
0
0
0
4480.806
105.1731
3564.647
1.0
Obj_TreePalmMini_A_01
0
5.881756
0
4536.821
114.6519
3481.072
1.0
Obj_TreeBanana_A_01
0
3.182368
0
4520.684
113.7237
3671.646
1.0
FldObj_RockBeachLump_A_M_01
0
0
0
4895.813
106.6752
3719.037
1.0
Obj_TreeBanana_A_01
0
-0.84
0
4548.217
111.4703
3452.696
1.0
FldObj_RockBeachLump_A_M_01
0.1078209
-0.009860321
0.1822201
4470.785
138.9722
3768.802
1.0
Obj_TreePalmMini_B_01
0
2.054102
0
4524.079
114.1952
3655.681
1.0
Item_Material_04
-1.220384
0.6002585
-0.5720798
4561.496
134.7116
3475.325
1.0
FldObj_CliffWhiteLumpRock_C_M_01
-0.4585454
0.369087
-0.07194179
4607.594
116.993
3663.151
1.0
Weapon_Sword_044
0.04447175
-0.0265615
0.6465809
4559.801
124.3055
3610.612
1.0
Barrel
-0.000165103
-0.6799996
-7.960344E-06
4642.163
122.118
3628.402
1.0
FldObj_RockBeachLump_A_M_01
-0.2923
0.3780934
0.1625955
4454.688
107.3211
3679.823
1.0
FldObj_RockBeach_A_M_02
0
0
0
4456.891
96.50784
3402.836
1.0
FldObj_Coral_A_01
0
0
0
4490.411
100.8072
3376.678
1.0
BarrelBomb
0.6091555
1.014379
0.4337853
4472.262
140.7726
3726.197
1.0
Obj_TreeBanana_A_01
0
0
0
4532.886
115.4859
3733.443
1.0
Animal_Gull_A
0.01851981
0.0006756499
-0.0729307
4438.75
117.3926
3466.699
1.0
FldObj_EnemyTrace_Garbage_A_01
-0.0655425
-0.001389661
-0.04238335
4676.165
109.2104
3628.106
1.0
Obj_LiftRockWhite_A_01
0.2542209
0.006454143
-0.05049156
4461.487
114.3854
3687.604
1.0
Obj_TreeBanana_A_01
0
-1.58
0
4608.216
125.7961
3531.949
1.0
Obj_TreeBroadleafMossStump_B_L_01
0
1.76
0
4530.048
116.9991
3637.554
1.0
Obj_TreeBroadleafDead_B_L_01
0
-1.12
0
4602.369
126.3784
3516.6
1.0
Weapon_Sword_044
-0.0726461
-0.198346
1.209663
4545.054
117.4045
3497.663
1.0
Obj_LiftRockWhite_A_01
0
0
0
4429.766
130.6219
3735.086
1.0
Obj_TreePalmBeach_A_01
0
0.4944091
0
4582.723
125.2654
3556.812
1.0
FldObj_Coral_A_01
0
0
0
4326.221
100
3711.96
1.0
Obj_TreeBroadleafHoleStump_B_L_01
0
0
0
4605.3
124.1092
3594.688
1.0
FldObj_RockBeach_A_S_02
0
1.24
0
4926.201
105.9335
3657.696
1.0
FldObj_Coral_A_03
0
2
0
4882.038
100.3678
3724.206
1.0
Animal_Fish_G
0
0
0
4476.714
105.3166
3504.477
1.0
FldObj_CliffWhiteRock_C_01
-3.087341
-0.9073861
-2.873518
4707.614
159.398
3722.385
1.0
Obj_TreePalmBeach_A_02
0
-1.419998
0
4499.251
105.9612
3424.384
1.0
EnvSeEmitPointInsectTropical
0
0.8181152
0
4606.324
125.9922
3541.91
1.0
Obj_HideBarrel
-0.1023518
1.339738
-0.0460086
4614.457
160.6166
3729.253
1.0
Obj_TreePalmBeach_A_02
0
0
0
4587.5
124.8506
3576.841
1.0
Barrel
-0.001432098
1.376811
-0.001459272
4480.293
141.5528
3746.142
1.0
BarrelBomb
0.8012617
1.292879
0.7942889
4472.015
140.2095
3728.132
1.0
FldObj_RockBeach_A_S_02
0
-0.8799999
0
4528.535
104.9002
3811.11
1.0
Weapon_Sword_044
-0.06162769
0.02687343
0.951246
4548.912
121.2103
3479.828
1.0
FldObj_Coral_A_01
0
0
0
4713.908
97.90192
3872.608
1.0
GrassCutTag
0
0
0
4537.111
110.7439
3701.952
1.0
FldObj_CliffWhiteLumpRock_C_L_01
-2.934917
-1.381512
2.901886
4567.964
116.5212
3712.624
1.1
FldObj_Coral_A_01
0
0
0
4909.01
101.8429
3738.802
1.0
Obj_BreakBoxIron
3.102994
0.8867365
-3.137177
4508.846
106.3802
3553.698
1.0
FldObj_RockBeachLump_A_M_01
1.541617
-1.300513
-1.844531
4504.593
124.8413
3739.398
1.0
Obj_LiftRockWhite_A_01
0
0
0
4441.707
135.0225
3746.926
1.0
Obj_TreeBroadleafDead_B_L_01
0
1.06
0
4577.293
123.2485
3611.185
1.0
Animal_Fish_F
0
-1
0
4913.319
105.4382
3691.254
1.0
Obj_TreePalmBeach_A_01
0
5.84528
0
4609.534
125.7536
3511.328
1.0
Obj_TreePalmBeach_A_01
0
1.22
0
4669.971
109.4721
3616.695
1.0
FldObj_Coral_A_01
0
0
0
4396.572
100
3610.967
1.0
Obj_TreePalmMini_B_01
0
3.896719
0
4524.844
109.1401
3441.989
1.0
Obj_LiftRockWhite_A_01
0
0
0
4492.434
106.2559
3628.708
1.0
Obj_TreeBroadleafFallenTree_A_M_01
2.616001
1.074046
2.429873
4578.917
118.4623
3630.746
1.0
GrassCutTag
0
0
0
4539.611
111.5291
3686.952
1.0
FldObj_CliffWhiteLumpRock_C_L_01
-2.936329
-1.428935
3.064265
4593.666
140.2339
3715.122
1.0
