UnitConfigName/__text
Rotate/value/0
Rotate/value/1
Rotate/value/2
Translate/value/0
Translate/value/1
Translate/value/2
_Scale
TBox_Field_Stone
0
0
0
4730
107
3572
1.0
LinkTagAnd
0
0
0
4530.703
111.3267
3705.109
1.0
TBox_Field_Iron
-0.1239133
0.00347696
0.04748491
4539.373
100.4937
3803.148
1.0
LinkTagNAnd
0
0
0
4496.299
106.1252
3547.239
1.0
Area
1.570796
-0.38
-1.570796
4536.837
121.8578
3580.33
1.0
Weapon_Spear_004
-2.161199
-1.123496
-0.4641267
4469.849
139.8547
3731.73
1.0
LinkTagAnd
0
0
0
4614.467
108.4568
3473.49
1.0
Obj_TreePalmBeach_A_02
0
0
0
4550.821
115.2413
3745.167
1.0
LinkTagNAnd
0
0
0
4468.007
140.2018
3732.658
1.0
FldObj_RockBeach_A_S_01_Far
0
-2.10001
0
4441.331
104.757
3403.075
1.0
LinkTagAnd
-0.28
0.89029
0
4695.265
204.6823
3713.269
1.0
LinkTagNAnd
0
0
0
4644.772
163.8921
3719.298
1.0
Obj_TreeDorian_A_01
0
3.141593
0
4665.172
112.3889
3647.939
1.0
LinkTagAnd
-0.3399999
-0.4800001
0
4646.212
157.3434
3647.628
1.0
LinkTagAnd
0
0
0
4523.473
116.4972
3703.04
1.0
FldObj_NakedIslandBall_02
0
-0.7799999
0
4536.23
111.2365
3701.374
1.0
FldObj_RockBeachWall_A_05
2.942557
0.1780831
-3.13078
4915.717
104.9641
3697.473
1.0
LinkTagNAnd
0
0
0
4643.792
123.6165
3628.878
1.0
LinkTagAnd
0
0
0
4610.077
125.3946
3565.139
1.0
LinkTagOr
0
-1.550821
0
4589.974
129.9128
3508.431
1.0
LinkTagAnd
-0.32
-0.09999999
0
4621.074
183.2608
3723.705
1.0
Obj_TreePalmBeach_A_02
0
-1.436919
0
4502.474
106.548
3619.607
1.0
LinkTagOr
0
-2.88
0
4503.045
112.4306
3610.832
1.0
LinkTagNAnd
0
0
0
4642.689
163.7365
3737.836
1.0
LinkTagAnd
2.861593
0.6375799
-3.141593
4634.389
182.4245
3724.757
1.0
Obj_TreePalmBeach_A_02
0
-1.702714
0
4491.571
105.9866
3465.655
1.0
LinkTagOr
0
0
0
4483.058
141.9741
3750.434
1.0
Area
-0.9090693
0.531099
-1.195052
4626.435
128.304
3614.416
1.0
LinkTagNAnd
0
0
0
4492.71
106.707
3482.581
1.0
AscendingCurrent
0
0.5399998
0
4574.874
115.507
3769.201
1.0
Obj_TreeBroadleaf_B_L_01
0
2.9
0
4531.467
116.1507
3651.39
1.0
Item_Fruit_G
2.581593
-1.141593
3.141593
4489.645
117.8128
3590.998
1.0
BeeHome
0
0
0
4595.04
126.0813
3656.533
1.0
FldObj_CliffWhiteHill_C_03
-3.127596
-0.9946786
-2.906933
4536.549
119.2568
3625.376
1.0
FldObj_RockBeachWall_A_02_Far
-0.2341802
-0.5737271
0.009934273
4583.116
115.0655
3767.639
0.9
Obj_RingParachute_A_01
-0.28
0.89029
0
4701.582
201.4102
3718.383
1.0
LinkTagAnd
0
0
0
4674.846
167.7372
3745.086
1.0
LinkTagAnd
2.801593
0.2606779
-3.141593
4554.774
198.4883
3628.461
1.0
Area
-1.539794
0.2998649
-1.561636
4655.821
181.923
3794.851
1.0
FldObj_RockBeach_A_S_01
0
-2.46
0
4542.165
103.8405
3815.076
1.0
Enemy_Bokoblin_Bone_Junior
3.093365
-0.2578575
-2.98168
4501.945
106.5608
3604.802
1.0
TwnObj_BrownStoneRuinWall_A_01_Far
0.04000003
1.34
0
4630.259
160.771
3713.377
1.0
LinkTagNAnd
0
0
0
4912.928
103.3255
3696.625
1.0
FldObj_RockBeachWall_A_06_Far
0.01084621
1.027297
0.2621181
4490.178
118.8268
3756.942
0.8
LinkTagNAnd
0
0
0
4466.242
140.5027
3750.844
1.0
LinkTagOr
0
-0.6400001
0
4562.148
122.1402
3566.729
1.0
LinkTagNAnd
0
0
0
4444.585
118.6602
3705.751
1.0
LinkTagNAnd
0
0
0
4702.302
121.7623
3676.277
1.0
Area
1.188885
-0.2983362
-1.453289
4546.23
119.558
3728.74
1.0
LinkTagAnd
0
0
0
4393.133
107.1547
3545.302
1.0
TwnObj_BrownStoneRuinWall_A_01
-0.12
1.34
0
4635.435
162.1216
3724.208
1.0
Obj_SweepCollision
0
-2.094395
0
4738.35
232.0002
3772.592
1.0
FldObj_RockBeach_A_L_01
0
0
0
4465.078
108.5055
3699.279
0.8
Area
-0.0485312
0.0150054
-1.271161
4672.294
199.8859
3750.902
1.0
Obj_RingParachute_A_01
2.861593
0.6375799
-3.141593
4639.226
179.1523
3718.227
1.0
Area
1.115298
-0.2527149
-1.448923
4607.781
164.5354
3590.534
1.0
Item_Fruit_G
-0.5599999
-0.7200001
0
4411.221
127.1727
3774.551
1.0
LinkTagAnd
-1.570796
0
0
4599.298
132.461
3568.618
0.51
Area
0.9369809
-0.1946886
-1.429554
4583.501
122.2995
3779.881
1.0
EventTag
0
-2.617994
0
4731.288
218.0002
3770.824
1.0
FldObj_RockBeach_A_S_01_Far
0
-0.4800001
0
4693.463
96.30386
3095.14
1.0
Weapon_Spear_004
-1.925674
0.1814175
-0.001965128
4498.676
105.6815
3545.008
0.6666667
Weapon_Sword_004
1.237723
0.5493102
-3.02427
4634.796
162.8971
3740.831
1.0
AreaCulling_InnerHide
0.495638
0.849817
0.5548714
4525.204
176.8203
3688.783
1.0
Obj_RingParachute_A_01
-0.32
-0.09999999
0
4620.902
178.0696
3725.417
1.0
LinkTagOr
0
0
0
4500.274
109.4375
3396.441
1.0
LinkTagAnd
-1.570796
0
0
4599.298
128.9388
3568.658
0.51
FldObj_CliffWhiteHill_C_03
-3.101593
-0.9415928
3.141593
4625.992
160.3935
3703.683
0.7
DgnObj_DungeonEntranceSP
0
-2.094395
0
4737.484
217.0002
3772.092
1.0
Enemy_Chuchu_Fire_Junior
0
-2.1
0
4534.142
112.3934
3464.29
1.0
LinkTagAnd
0
0
0
4644.819
163.5357
3733.837
1.0
LinkTagNAnd
0
0
0
4639.751
120.7615
3641.18
1.0
TBox_Field_Wood
-3.136457
-1.536729
3.136588
4615.516
105.2622
3468.401
1.0
Area
0
0.08173028
0
4738.236
215.1484
3769.02
30
LinkTagOr
0
-0.4569667
0
4596.005
129.2999
3514.314
1.0
LinkTagAnd
0
0
0
4742.616
216.6097
3761.553
1.0
Item_Fruit_H
0.1599999
-0.1079004
0
4589.338
130.0362
3497.801
1.0
LinkTagNAnd
0
0
0
4590.238
129.2077
3513.175
1.0
TBox_Field_Iron
-0.04722901
0.7612715
0.01018531
4913.277
102.941
3693.64
1.0
Weapon_Lsword_038
-0.02071573
0.0004944984
0.06864611
4473.017
106.2103
3651.296
1.0
LinkTagAnd
0
0
0
4388.359
110.1016
3528.5
1.0
AscendingCurrent
0
-0.24
0
4619.264
162.9296
3735.974
1.0
LinkTagAnd
0
0
0
4640.757
162.5355
3728.54
1.0
Enemy_Chuchu_Fire_Junior
0
2.083186
0
4448.812
118.1387
3706.712
1.0
Item_Fruit_G
2.461593
-0.2919507
3.141593
4505.447
118.5233
3532.668
1.0
LinkTagNAnd
0
0
0
4472.877
140.6373
3735.986
1.0
Enemy_Bokoblin_Bone_Junior
1.14249
-1.420979
-0.7306827
4582.335
129.1532
3529.922
1.0
LinkTagNAnd
0
0
0
4572.952
117.6934
3769.79
1.0
Obj_RingParachute_A_01
-0.3399999
-0.4800001
0
4645.37
152.1877
3649.246
1.0
Area
1.526338
-0.09990184
-1.566359
4536.594
136.3532
3619.165
1.0
LinkTagNAnd
0
0
0
4497.738
106.5255
3542.363
1.0
LinkTagAnd
2.801593
0.2606779
-3.141593
4553.103
196.1116
3634.727
1.0
TBox_Field_Iron
-0.1252448
-0.3900517
-0.2818857
4494.587
105.4633
3614.158
1.0
Area
3.021173
-0.03714318
-1.868557
4632.126
145.1906
3807.181
1.0
Obj_TreePalmBeach_A_02
0
1.5
0
4632.331
123.6096
3548.551
1.0
AscendingCurrent
0
0.5000001
0
4626.274
118.6066
3630.643
1.0
Obj_TreeBananaMini_A_01
0
-0.1079004
0
4589.449
128.2868
3497.577
1.0
LinkTagNAnd
0
0
0
4457.932
110.3266
3622.042
1.0
Area
-0.04840973
0.008805391
-1.391009
4634.518
135.8486
3608.579
1.0
AreaCulling_InnerHide
0
0.34
0
4656.465
122.3539
3630.917
1.0
Enemy_Bokoblin_Junior
0
0.3400001
0
4649.942
162.8139
3734.66
1.0
TwnObj_BrownStoneRuinWall_A_02_Far
-2.981593
0.230796
3.141593
4643.439
161.6037
3713
1.0
Obj_RaftWood_A_S_02
-0.1557919
-0.7891149
0.1983906
4443.289
106.1647
3676.156
1.0
Obj_RingParachute_A_01
-1.570796
0
0
4599.298
132.461
3571.407
0.51
LinkTagAnd
0
0
0
4462.634
139.7553
3736.589
1.0
LinkTagOr
0
-1.48
0
4565.607
128.5765
3531.444
1.0
LinkTagNAnd
0
0
0
4552.397
119.2499
3568.128
1.0
LinkTagOr
0
0
0
4410.844
118.1563
3534.023
1.0
LinkTagAnd
-0.32
-0.09999999
0
4621.726
181.0141
3717.207
1.0
LinkTagAnd
0
0
0
4615.212
126.4286
3554.504
1.0
LinkTagAnd
2.861593
0.6375799
-3.141593
4638.327
184.4081
3719.441
1.0
LinkTagAnd
0
0
0
4496.357
106.0051
3533.627
1.0
LinkTagNAnd
0
0
0
4443.736
111.5733
3688.345
1.0
LinkTagAnd
0
0
0
4461.826
140.0346
3747.348
1.0
Obj_RingParachute_A_01
2.801593
0.2606779
-3.141593
4555.245
193.3327
3626.699
1.0
LinkTagAnd
-0.28
0.89029
0
4700.407
206.6659
3717.432
1.0
LinkTagNAnd
0
0
0
4511.339
106.5205
3547.421
1.0
FldObj_RockBeach_A_L_01_Far
-0.3191482
-1.156806
0.1602196
4664.375
107.8805
3601.271
0.8
LinkTagAnd
-0.3399999
-0.4800001
0
4649.207
154.9666
3641.876
1.0
Area
0.04882158
-0.01403239
-1.291139
4682.798
203.7312
3750.1
1.0
LinkTagAnd
0
0
0
4410.844
118.1563
3534.023
1.0
TBox_Field_Iron
-0.01210623
0.7817836
0.04920532
4400.155
100.4263
3654.462
1.0
Area
1.188885
-0.2983362
-1.453289
4545.058
120.9955
3676.418
1.0
LinkTagNAnd
0
0
0
4502.413
108.9452
3646.647
1.0
Obj_Mineral_A_01
0.02520646
0.2218747
-0.1521542
4497.823
110.711
3781.337
1.0
ActorObserverTag
0
0
0
4498.237
109.625
3392.263
1.0
Area
-0.5662721
0.1759485
-1.30211
4480.669
147.4596
3736.645
1.0
LinkTagNAnd
0
0
0
4517.618
109.3517
3461.936
1.0
LinkTagNAnd
0
0
0
4536.873
107.8733
3804.475
1.0
Item_Fruit_G
2.581593
0.821593
3.141593
4710.879
172.718
3709.488
1.0
LinkTagAnd
-0.36
1.547199
0
4608.396
165.4456
3813.968
1.0
LinkTagAnd
2.801593
0.341593
-3.141593
4652.045
195.568
3772.019
1.0
Item_RoastFish_01
1.583101
1.27981
0.2644676
4501.322
107.1016
3543.317
1.2
Obj_RingParachute_A_01
2.801593
1.374395
-3.141593
4645.517
172.7422
3811.861
1.0
FldObj_RockBeach_A_M_01_Far
0
1.081593
0
4887.577
103.2743
3691.582
1.0
LinkTagOr
0
2.461594
0
4611.737
123.9622
3496.742
1.0
LinkTagAnd
0
0
0
4594.471
211.8057
3685.456
1.0
LinkTagNAnd
0
0
0
4493.573
106.2647
3540.311
1.0
LinkTagAnd
0
0
0
4543.036
121.6804
3629.7
1.0
Obj_RingParachute_A_01
-0.24
0.6199932
0
4529.624
118.2889
3568.009
0.75
LinkTagAnd
0
0
0
4731.288
218.0003
3770.824
1.0
LinkTagAnd
1.570796
0
0
4541.09
124.1833
3719.576
0.75
Obj_RingParachute_A_01
1.570796
0
0
4626.308
158.6875
3630.635
0.75
TwnObj_BrownStoneRuinWall_A_01
-0.14
1.34
0
4649.633
162.8855
3725.771
1.0
FldObj_Bokoblin_Bone
0
-1.48
0
4582.335
129.1532
3529.922
1.0
LinkTagOr
0
-2.06753
0
4507.194
106.8704
3532.203
1.0
LinkTagAnd
-0.3
1.343923
0
4611.62
137.9702
3799.069
1.0
FldObj_CliffWhiteWall_C_01
-0.24
-0.1831847
0
4675.617
163.876
3760.479
0.75
FldObj_RockBeach_A_M_03
-0.2601543
-1.103075
1.860616
4489.377
116.8938
3706.946
1.0
FldObj_RockBeachWall_A_01
-0.4173828
0.04809403
0.1127214
4457.023
138.101
3759.776
0.85
LinkTagNAnd
0
0
0
4633.398
120.7615
3629.699
1.0
LinkTagAnd
0
0
0
4593.998
114.1315
3655.351
1.0
LinkTagNAnd
0
0
0
4606.369
124.2678
3565.252
1.0
FldObj_CliffWhiteHill_C_03
0
-0.36
0
4601.321
137.488
3749.731
1.0
LinkTagAnd
0
0
0
4482.847
141.5366
3748.955
1.0
LinkTagAnd
2.801593
1.374395
-3.141593
4637.368
175.5211
3813.482
1.0
DestinationAnchor
0
0.5235985
0
4730.788
218.0002
3769.958
1.0
LinkTagAnd
0
0
0
4742.616
216.6097
3761.553
1.0
Obj_RingParachute_A_01
1.570796
0
0
4541.09
119.0036
3715.533
0.75
LinkTagAnd
0
0
0
4701.349
106.7649
3624.595
1.0
BoarMeat_Frame
0
-1.223187
0
4463.823
139.1456
3743.329
1.0
LinkTagNAnd
0
0
0
4341.769
106.1727
3709.525
1.0
LinkTagNAnd
0
0
0
4510.86
106.592
3540.851
1.0
LinkTagAnd
-0.24
0.6199932
0
4526.143
120.9848
3563.132
0.75
LinkTagAnd
1.570796
0
0
4539.918
128.4318
3668.68
1.0
TwnObj_BrownStoneRuinArch_A_02_Far
0
1.34
0
4635.31
162.529
3733.315
1.0
Area
0
0
0
4615.212
126.4286
3551.504
12
EventTag
0
0
0
4498.167
108.5
3394.221
1.0
Obj_TreePalmBeach_A_02
0
-3.121111
0
4532.934
106.0987
3430.655
1.0
LinkTagNAnd
0
0
0
4498.749
109.2707
3648.582
1.0
LinkTagOr
0
-1.48
0
4565.607
126.0765
3531.444
1.0
DgnObj_DungeonEntranceSP_Far
0
-2.094395
0
4737.484
217.0002
3772.092
1.0
Obj_RingParachute_A_01
2.801593
0.341593
-3.141593
4654.828
192.7891
3764.191
1.0
LinkTagAnd
0
0
0
4738.236
215.1484
3769.02
1.0
Enemy_Octarock
0
0
0
4703.945
103.1976
3622.125
1.0
Area
0.1325855
-0.04378083
-1.253703
4667.61
189.1969
3707.562
1.0
FldObj_RockBeach_A_M_03
1.08
0
1.56
4938.668
100.1408
3706.008
1.0
LinkTagNAnd
0
0
0
4490.528
106.145
3615.076
1.0
EnemyLookTag
0
1.34
0
4655.281
163.2291
3728.991
1.0
LinkTagAnd
0
0
0
4647.184
116.6465
3618.863
1.0
LinkTagNAnd
0
0
0
4555.675
122.4803
3592.507
1.0
ForceSetPosDirAutoSaveAnchor
0
0
0
4503.144
106.1536
3430.363
1.0
LinkTagAnd
1.570796
0
0
4574.896
130.2556
3776.09
1.25
LinkTagAnd
1.570796
0
0
4626.308
163.8672
3634.678
0.75
LinkTagAnd
-0.2599999
0.5400001
7.003594E-09
4553.153
132.6007
3739.617
1.0
LinkTagAnd
0
0
0
4498.267
111.7595
3785.878
1.0
Item_Fruit_H
-2.356194
-0.9392971
3.141593
4605.17
127.8192
3524.309
1.0
LinkTagNAnd
0
0
0
4650.275
110.5142
3627.386
1.0
LinkTagAnd
1.570796
0
0
4574.896
138.8884
3775.992
1.25
LinkTagAnd
1.570796
0
0
4626.308
158.6875
3634.737
0.75
LinkTagNAnd
0
0
0
4645.944
163.6362
3750.361
1.0
Enemy_Octarock
0
1.22
0
4459.023
103.1976
3617.926
1.0
PlayerOnScaffoldCheckTag
0
-0.9615911
0
4617.542
168.1714
3740.825
1.0
Item_Fruit_G
-0.5110385
-0.6023685
-0.2529362
4473.378
117.9081
3650.296
1.0
LinkTagAnd
-0.2599999
0.5400001
7.003594E-09
4549.732
130.7498
3733.91
1.0
AreaCulling_InnerHide
0
0.9400002
0
4461.223
149.5589
3746.428
1.0
Item_Fruit_G
-0.6987544
0.1980403
-0.2118961
4600.514
136.4378
3553.923
1.0
Obj_RingParachute_A_01
-0.3
1.343923
0
4613.195
132.7457
3799.432
1.0
LinkTagOr
0
0
0
4668.62
112.3889
3647.989
1.0
EventTag
0
0
0
4673.716
167.2372
3744.344
1.0
LinkTagNAnd
0
0
0
4494.968
105.9636
3585.925
1.0
FldObj_RockBeach_A_L_01_Far
-0.0991482
-1.156806
0.1602196
4685.632
108.1388
3677.185
1.1
Obj_TreeBroadleaf_B_L_01
0
-0.4730958
0
4593.3
132.2138
3526.2
1.0
Area
0
1.570796
3.141593
4619.271
171.0239
3735.953
1.0
LinkTagOr
0
-2.88
0
4503.045
109.9306
3610.832
1.0
Item_Fruit_G
-0.5599999
-1.436919
0
4495.887
118.4022
3620.584
1.0
Area
1.789727
-0.3199337
-1.564169
4628.873
164.5526
3681.617
1.0
LinkTagNAnd
0
0
0
4494.348
106.3827
3548.424
1.0
Obj_RingParachute_A_01
-0.36
1.547199
0
4610.321
160.3274
3814.013
1.0
Obj_TreePalmBeach_A_02
0
-2.76
0
4638.045
162.0808
3691.752
1.0
FldObj_RockBeachWall_A_06_Far
2.772073
-0.05381672
-3.127239
4465.398
114.6979
3721.001
0.9
LinkTagAnd
2.801593
1.374395
-3.141593
4643.728
177.8979
3812.217
1.0
FarModelCullingArea
0
0.42
0
4551.379
172.4517
3639.1
1.0
LinkTagAnd
0
0
0
4398.576
106.8772
3659.408
1.0
LinkTagNAnd
0
0
0
4471.827
140.2955
3736.289
1.0
Area
-1.361004
0.293798
-1.509213
4541.848
173.8679
3685.955
1.0
LinkTagNAnd
0
0
0
4654.405
163.6694
3733.209
1.0
ActorObserverTag
0
0
0
4481.021
142.1616
3746.256
1.0
LinkTagAnd
-0.24
0.6199932
0
4529.058
122.2729
3567.216
0.75
LinkTagAnd
1.570796
0
0
4539.918
135.338
3668.602
1.0
LinkTagAnd
-0.3
1.343923
0
4605.214
135.8546
3797.59
1.0
TwnObj_BrownStoneRuinWall_A_01_Far
-0.12
1.34
0
4635.435
162.1216
3724.208
1.0
Weapon_Spear_004
1.203521
-0.1872645
3.06519
4498.268
105.6029
3540.281
0.6666666
Area
-2.356194
-1.570796
2.356194
4599.298
147.073
3571.407
1.0
LinkTagNAnd
0
0
0
4414.915
124.4009
3750.899
1.0
LinkTagNAnd
0
0
0
4690.162
106.0878
3583.083
1.0
LinkTagAnd
0
0
0
4468.02
105.9922
3655.479
1.0
Obj_RingParachute_A_01
1.570796
0
0
4574.896
130.2556
3769.254
1.25
Obj_TreeDorian_A_01
0
1.701593
0
4444.38
139.9365
3761.655
1.0
FldObj_Bokoblin_Bone
0
-2.88
0
4501.945
106.5608
3604.802
1.0
Obj_RingParachute_A_01
-0.2599999
0.5400001
7.003594E-09
4553.876
127.3158
3740.823
1.0
Area
0
1.958407
0
4659.9
169.9684
3707.765
2
Obj_TreePalmJungle_A_LL_01
0
1.59924
0
4613.359
126.3956
3547.356
1.0
Area
0.846707
-0.3228261
-1.297276
4646.713
138.2791
3613.235
1.0
Item_Fruit_G
2.581593
0.561593
3.141593
4666.487
121.0865
3580.072
1.0
Obj_RingParachute_A_01
1.570796
0
0
4539.918
128.4318
3663.211
1.0
LinkTagAnd
0
0
0
4496.674
106.0375
3538.136
1.0
EventTag
0
0
0
4480.951
141.0366
3748.214
1.0
Obj_TreePalmBeach_A_02
0
-2.129019
0
4459.169
106.0818
3667.825
1.0
LinkTagAnd
0
1.128928
0
4722.208
264.1797
3769.33
1.0
LinkTagAnd
1.570796
0
0
4541.09
119.0036
3719.635
0.75
LinkTagAnd
0
0
0
4504.583
106.3978
3535.793
1.0
FldObj_RockBeachWall_A_06
2.902347
1.265469
3.124531
4486.273
118.0231
3729.398
0.8
LinkTagNAnd
0
0
0
4623.111
165.7954
3698.825
1.0
LinkTagNAnd
0
0
0
4461.611
139.3602
3741.378
1.0
Area
-0.8635873
0.24678
-1.364968
4588.72
211.5728
3584.479
1.0
FldObj_RockBeach_A_M_01_Far
0
2.42
0
4562.312
104.5681
3801.081
0.9
LinkTagAnd
0
0
0
4500.063
109
3394.962
1.0
LinkTagOr
0
-2.321112
0
4494.972
105.9953
3438.56
1.0
LinkTagAnd
-0.36
1.547199
0
4601.961
162.9396
3813.816
1.0
LinkTagAnd
2.801593
0.341593
-3.141593
4654.217
197.9447
3765.909
1.0
FldObj_RockBeach_A_S_01
0
-0.5799999
0
4728
104.6094
3572
1.0
Obj_TreeBroadleaf_B_L_01
0
4.336309
0
4587.11
127.3272
3598.613
1.0
Weapon_Lsword_004
1.15467
0.5955098
-3.034119
4637.804
163.1481
3742.729
1.0
AreaCulling_OuterNPCMementary
0
0
0
4609.315
146.8203
3642.954
400
LinkTagNone
0
0
0
4501.813
106.2803
3536.731
1.0
LinkTagAnd
0
0
0
4577.003
117.5077
3773.865
1.0
LinkTagNAnd
0
0
0
4469.688
140.2018
3734.209
1.0
Area
-1.424498
0.2771604
-1.530499
4551.01
184.5259
3654.73
1.0
LinkTagNAnd
0
0
0
4646.454
163.8921
3720.85
1.0
ActorObserverTag
0
0
0
4673.786
168.3622
3742.387
1.0
LinkTagAnd
-0.24
0.6199932
0
4527.383
120.2168
3564.876
0.51
LinkTagAnd
-0.2922716
0.2895451
-0.07419952
4540.067
135.0882
3633.841
1.0
Area
0
0
3.827196E-08
4731.146
219.3469
3767.38
51.33913
Enemy_Bokoblin_Junior
0
-2.6
0
4636.627
119.7185
3628.715
1.0
LinkTagAnd
2.801593
1.531288
-3.141593
4625.987
171.1166
3813.809
1.0
FldObj_RockBeach_A_L_01
-0.0991482
-1.156806
0.1602196
4685.632
108.1388
3677.185
1.1
LinkTagNOr
2.94885
-0.1872645
3.06519
4500.796
106.6074
3537.064
1.0
Enemy_Octarock_Stone
0
-3.103185
0
4413.065
122.2093
3746.937
1.0
LocationTag
0
0
0
4738.236
215.1484
3769.02
1.0
Enemy_Bokoblin_Junior
0
1.34
0
4646.963
162.9756
3739.106
1.0
Obj_RingParachute_A_01
2.921593
-1.535986
-3.141593
4611.971
151.4844
3808.583
1.0
EnemyFortressMgrTag
0
1.34
0
4651.109
162.5281
3740.154
1.0
LinkTagAnd
0
0
0
4410.844
118.1563
3534.023
1.0
Area
2.230165
-0.3225006
-1.811684
4635.145
158.9857
3667.868
1.0
LinkTagNAnd
0
0
0
4494.617
106.1252
3545.688
1.0
Item_Fruit_G
-0.68
0.4778887
0
4677.855
120.6041
3623.08
1.0
EventTag
0
0
0
4480.951
141.0366
3748.214
1.0
LinkTagNAnd
0
0
0
4491.029
106.707
3481.03
1.0
LinkTagNone
0
0
0
4634.074
162.9413
3740.384
1.0
Area
0
1.570796
3.141593
4619.271
177.5753
3735.952
1.0
Obj_TreeBroadleaf_B_L_01
0
2.897957
0
4575.097
128.6342
3502.941
1.0
Obj_RingParachute_A_01
-0.3
1.08
0
4596.671
127.3875
3793.051
1.0
FldObj_RockBeach_A_M_01
0
2.42
0
4562.312
104.5681
3801.081
0.9
LinkTagNone
0
0
0
4471.125
139.8567
3733.272
1.0
LinkTagAnd
1.570796
0
0
4574.873
128.6255
3774.621
1.0
LinkTagAnd
0
0
0
4500.136
111.3191
3784.264
1.0
Item_Fruit_H
0.7853982
-1.550821
0
4586.942
131.3754
3507.049
1.0
LinkTagNAnd
0
0
0
4642.11
123.6165
3627.327
1.0
LinkTagAnd
0
-1.48
0
4585.097
134.6532
3532.683
1.0
LinkTagAnd
-0.4
0.32
0
4548.714
130.9848
3689.318
1.0
LinkTagAnd
-0.28
0.4400001
0
4616.63
177.0829
3609.178
1.0
LinkTagNAnd
0
0
0
4644.37
163.7365
3739.387
1.0
LinkTagOr
0
-1.702714
0
4486.661
105.9866
3463.466
1.0
LinkTagAnd
2.921593
-1.535986
-3.141593
4619.882
155.2379
3808.858
1.0
FldObj_RockBeach_A_M_03
-0.1362373
0.5655652
1.280358
4516.388
113.1492
3757.765
1.2
LinkTagAnd
2.801593
-0.2384078
-3.141593
4654.556
193.0151
3778.732
1.0
LinkTagAnd
0
0
0
4499.42
106.0823
3555.965
1.0
Area
0
0
0
4621.609
180
3685.43
1.0
LinkTagNAnd
0
0
0
4911.247
103.3255
3695.074
1.0
LinkTagNAnd
0
0
0
4467.923
140.5027
3752.395
1.0
Area
0
1.570796
3.141593
4599.298
190.5437
3571.407
1.0
Item_Fruit_G
-0.5599999
-1.4
0
4490.266
125.3714
3685.773
1.0
Obj_RingParachute_A_01
-0.2922716
0.2895451
-0.07419952
4542.158
131.752
3641.668
1.0
LinkTagAnd
0
0
0
4494.435
105.9864
3539.167
1.0
EventTag
0
0
0
4673.716
167.2372
3744.344
1.0
LinkTagAnd
1.570796
0
0
4541.09
126.9943
3721.002
1.0
Area
0
0
0
4557.867
179.375
3465.453
1.0
FldObj_RockBeachWall_A_02_Far
-3.111441
-0.4515111
2.943055
4430.891
115.916
3702.465
0.8
Obj_RingParachute_A_01
1.570796
0
0
4574.873
121.7193
3769.23
1.0
AreaCulling_InnerHide
0
0.05999985
0
4518.39
123.0063
3542.034
1.0
FldObj_RockBeachWall_A_06_Far
-1.96211
-1.196603
1.703567
4426.825
103.6612
3747.885
1.0
AreaCulling_InnerHide
0
-0.3799999
0
4664.566
181.7374
3738.584
1.0
LinkTagAnd
0
0
0
4738.236
215.1484
3769.02
1.0
Enemy_Chuchu_Electric_Junior
0
-1.94
0
4589.31
137.4174
3696.517
1.0
LinkTagAnd
0
0
0
4471.006
106.0152
3648.699
1.0
Obj_RingParachute_A_01
-0.4
0.32
0
4551.375
128.7091
3697.349
1.0
Item_Fruit_G
2.581593
0.1384076
3.141593
4593.717
118.0742
3452.462
1.0
FldObj_EnemyLookoutBanana_A_01
0
-0.6800005
0
4643.698
111.3191
3609.897
1.0
LinkTagAnd
-0.4355293
0.5029285
-0.08841427
4560.485
137.8711
3750.573
1.0
FldObj_RockBeach_A_S_01
0
1.44
0
4239.112
96.30386
3342.349
1.0
Obj_TreeBroadleaf_B_L_01
0
1.486326
0
4595.213
118.7528
3666.453
1.0
LinkTagNAnd
0
0
0
4446.267
118.6602
3707.303
1.0
LinkTagNAnd
0
0
0
4700.62
121.7623
3674.725
1.0
FldObj_RockBeachWall_A_02
-3.122526
0.761402
-3.113962
4595.455
120.7623
3489.922
1.0
ForceSetPosDirAutoSaveAnchor
0
1.047197
0
4731.588
218.0002
3768.572
1.0
FldObj_CliffWhiteHill_C_03_Far
3.005476
-0.6478093
-3.016696
4527.804
108.6882
3451.461
0.9
LinkTagAnd
-0.3
1.08
0
4589.447
130.4964
3789.19
1.0
FldObj_RockBeach_A_L_01_Far
0
-3.059999
0
4504.023
102.1756
3765.632
1.0
Item_Fruit_G
-0.7914488
0.5683592
-0.247178
4551.054
126.8865
3751.671
1.0
DgnObj_EntranceShutterSP
0
-2.094395
0
4734.193
218.0003
3770.192
1.0
Item_Fruit_H
0.7853982
-0.4569667
0
4593.386
130.7625
3516.373
1.0
LinkTagNAnd
0
0
0
4638.07
120.7615
3639.629
1.0
LinkTagNAnd
0
0
0
4591.919
129.2077
3514.727
1.0
Item_Fruit_H
1.570796
-0.1079004
0
4589.376
129.6055
3497.813
1.0
LinkTagAnd
-0.3
1.08
0
4595.246
132.612
3792.289
1.0
FldObj_CliffWhiteHill_C_03
-0.3574343
-1.345541
0.365902
4542.722
113.1563
3473.521
1.0
LinkTagNone
0
0
0
4493.457
111.3107
3429.962
1.0
LinkTagAnd
0
-2.094395
0
4736.816
230.8616
3770.223
1.0
LinkTagAnd
0
0
0
4674.186
167.2784
3748.792
1.0
Area
0.1902256
-0.1286425
-0.983086
4625.79
168.9894
3738.24
1.0
Obj_RingParachute_A_01
-0.28
0.4400001
0
4617.274
171.8271
3610.546
1.0
LinkTagAnd
-0.4355293
0.5029285
-0.08841427
4557.231
135.1634
3745.116
1.0
EventTag
0
0
0
4498.167
108.5
3394.221
1.0
Obj_TreePalmBeach_A_02
0
-2.18
0
4548.988
118.8772
3473.739
1.0
LinkTagNAnd
0
0
0
4496.057
106.5255
3540.812
1.0
Obj_RingParachute_A_01
-0.24
0.6199932
0
4527.769
117.5077
3565.416
0.51
LinkTagAnd
1.570796
0
0
4541.09
133.9005
3720.924
1.0
Obj_RingParachute_A_01
2.801593
1.531288
-3.141593
4627.81
165.9609
3813.736
1.0
Item_CookSet
0
1.34
0
4651.109
163.0286
3740.154
1.0
LinkTagOr
0
1.5
0
4637.366
123.6096
3550.437
1.0
LinkTagAnd
2.921593
-1.535986
-3.141593
4613.164
156.8213
3808.624
1.0
LinkTagAnd
2.801593
-0.2384078
-3.141593
4656.087
190.6383
3785.034
1.0
AscendingCurrent
0
0.4199999
0
4599.285
124.7743
3571.443
1.0
Obj_RockLayerMoss_B_Cliff_01_Far
0
0.7799999
0
4585.859
122.1725
3612.308
1.0
Area
-0.7930334
0.1873145
-1.389413
4517.417
162.5565
3714.275
1.0
LinkTagNAnd
0
0
0
4474.558
140.6373
3737.537
1.0
LinkTagNAnd
0
0
0
4571.271
117.6934
3768.238
1.0
Enemy_Bokoblin_Junior
0
-0.4377891
0
4466.528
139.0876
3736.767
1.0
LookTag
0
-2.094395
0
4728.824
217.0002
3767.092
1.0
LinkTagAnd
1.570796
0
0
4574.873
121.7193
3774.699
1.0
LinkTagAnd
0
-2.88
0
4499.694
112.0608
3607.993
1.0
Obj_Mineral_A_01
-0.08734808
-0.2278349
-0.1833495
4702.44
115.3038
3685.027
1.0
LinkTagAnd
0
0
0
4693.625
117.8288
3679.168
1.0
Obj_RingParachute_A_01
-0.4355293
0.5029285
-0.08841427
4561.155
132.8341
3752.595
1.0
LinkTagNAnd
0
0
0
4554.079
119.2499
3569.679
1.0
LinkTagAnd
-0.4
0.32
0
4550.705
133.7461
3695.327
1.0
LinkTagAnd
-0.28
0.4400001
0
4613.813
175.0993
3603.193
1.0
LinkTagAnd
0.04683778
1.27981
0.2644676
4500.784
106.1782
3546.221
1.0
Area
-0.2938309
0.09568404
-1.264967
4649.192
182.7154
3710.88
1.0
LinkTagNAnd
0
0
0
4456.25
110.3266
3620.491
1.0
Obj_RockLayerMoss_B_Cliff_02_Far
3.041592
1.181593
3.141593
4610.579
123.1797
3550.018
1.0
FldObj_RockBeachWall_A_02
-0.18
-1.04
0
4416.064
119.2217
3749.348
0.95
LinkTagNone
0
0
0
4466.528
139.0876
3736.767
1.0
LinkTagAnd
0
0
0
4705.7
207.2148
3745.947
1.0
PointWindSetTag
0
-0.3799999
0
4618.377
145.5757
3723.195
1.0
Obj_RingParachute_A_01
2.801593
-0.2384078
-3.141593
4654.125
187.8594
3776.96
1.0
Area
0
0
0
4548.495
121.3661
3629.6
12
LinkTagNAnd
0
0
0
4500.732
108.9452
3645.095
1.0
Area
1.420018
-0.2175824
-1.538011
4708.397
205.592
3728.941
1.0
Item_Fruit_D
0
1.04
0
4554.911
122.2924
3524.088
1.0
Obj_RingParachute_A_01
1.570796
0
0
4541.09
126.9943
3715.533
1.0
LinkTagAnd
0
0
0
4729.174
108.2652
3577.089
1.0
LinkTagNAnd
0
0
0
4442.055
111.5733
3686.794
1.0
LinkTagAnd
-0.24
0.6199932
0
4525.401
119.3409
3562.099
0.51
LinkTagNAnd
0
0
0
4509.658
106.5205
3545.869
1.0
LinkTagAnd
-0.2922716
0.2895451
-0.07419952
4542.097
137.0077
3640.158
1.0
Obj_TreePalmJungle_A_LL_01
0
0
0
4554.708
121.0284
3635.493
1.0
TwnObj_BrownStoneRuinPillar_A_01_Far
0.05057516
1.320198
0.03213836
4631.793
162.2612
3697.21
1.0
LinkTagAnd
0
0
0
4675.612
167.7372
3745.086
1.0
LinkTagAnd
2.801593
1.531288
-3.141593
4619.508
168.7398
3814.065
1.0
Area
0.03925637
-0.00960396
-1.330985
4628.509
138.0667
3801.674
1.0
Enemy_Bokoblin_Junior
0
-1.400001
0
4505.809
106.3755
3541.649
1.0
Obj_TreePalmBeach_A_02
0
2.461594
0
4607.31
123.9622
3499.792
1.0
Obj_RingParachute_A_01
-0.28
-0.06000007
0
4651.634
144.9824
3626.829
1.0
Area
1.549727
-0.3199336
-1.564169
4537.024
130.134
3604.206
1.0
LinkTagNAnd
0
0
0
4495.255
106.2647
3541.863
1.0
LinkTagAnd
2.861593
1.060679
-3.141593
4555.576
207.1465
3602.732
1.1
LinkTagAnd
2.821593
0.9806791
-3.141593
4480.029
150.0807
3737.114
0.51
Item_Fruit_G
-2.707707
0
-2.232194
4551.497
126.8611
3751.318
1.0
Item_Fruit_G
2.581593
-0.9615926
3.141593
4543.477
130.7313
3470.001
1.0
Enemy_Chuchu_Fire_Junior
0
3.063185
0
4484.21
107.6841
3655.514
1.0
LinkTagNAnd
0
0
0
4515.936
109.3517
3460.384
1.0
LinkTagNAnd
0
0
0
4538.554
107.8733
3806.026
1.0
LinkTagAnd
0
0
0
4399.884
103.9733
3555.755
1.0
Enemy_Bokoblin_Guard_Junior
0
1.958407
0
4659.9
168.056
3707.765
1.0
FldObj_RockBeachWall_A_06
0.01084621
1.027297
0.2621181
4490.178
118.8268
3756.942
0.8
FldObj_RockBeach_A_L_01
0
-3.059999
0
4504.023
102.1756
3765.632
1.0
Enemy_Chuchu_Fire_Junior
0
0
0
4556.275
119.7485
3555.819
1.0
LinkTagAnd
0
0
0
4655.608
165.1078
3712.154
1.0
LinkTagNAnd
0
0
0
4635.08
120.7615
3631.25
1.0
Obj_Mineral_A_01
0.2097485
-0.8186025
-0.2987367
4496.494
110.8426
3782.676
1.0
LinkTagNAnd
0
0
0
4604.687
124.2678
3563.701
1.0
LinkTagAnd
0
-2.88
0
4503.692
109.9306
3613.247
1.0
Obj_RingParachute_A_01
-0.3
-0.05999999
0
4625.457
171.997
3705.903
1.0
FldObj_RockBeach_A_M_01
0
-0.32
0
4604.33
104.7467
3452.843
1.0
LinkTagAnd
-1.570796
0
0
4599.298
135.1373
3567.364
0.75
Obj_TreeBroadleaf_B_L_01
0
-2.817901
0
4618.323
124.8469
3581.574
1.0
Obj_TreePalmJungle_A_LL_01
0
0
0
4549.33
114.4054
3460.82
1.0
LinkTagNOr
0
0
0
4528.872
115.3681
3704.714
1.0
LinkTagOr
0
-3.121111
0
4534.353
106.0987
3425.469
1.0
Area
0
1.570796
3.141593
4539.918
121.2661
3663.211
1.0
LinkTagNAnd
0
0
0
4500.431
109.2707
3650.133
1.0
LinkTagAnd
0
0
0
4499.297
109
3394.962
1.0
LinkTagAnd
0
-2.88
0
4499.047
114.5608
3605.578
1.0
Enemy_Bokoblin_Middle
0
-0.3600006
0
4641.765
119.6335
3637.126
1.0
Obj_RockLayerMoss_B_Cliff_02_Far
0
0.04
0
4614.922
124.6441
3576.971
1.0
FldObj_RockBeachWall_A_02
0
2.2
0
4632.339
121.1451
3546.963
0.95
FldObj_RockBeach_A_S_01_Far
0
-1.5
0
4147.839
96.30386
3726.355
1.0
LinkTagNAnd
0
0
0
4343.451
106.1727
3711.076
1.0
LinkTagAnd
0
0
0
4460.496
139.6375
3744.64
1.0
Obj_RingParachute_A_01
2.861593
1.060679
-3.141593
4563.377
203.5471
3598.367
1.1
LinkTagAnd
-0.3199999
1.285157
0
4685.287
200.9372
3710.836
1.0
FldObj_CliffWhiteWall_C_01
3.001593
0.361592
3.141593
4681.19
163.1163
3723.097
0.75
LinkTagNAnd
0
0
0
4512.542
106.592
3542.402
1.0
LinkTagNOr
-0.1803443
0.1814175
-0.001965128
4496.218
106.8471
3548.225
1.0
LinkTagAnd
-0.28
-0.06000007
0
4652.122
148.2545
3618.717
1.0
Enemy_Chuchu_Electric_Middle
0
1.676803
0
4460.873
139.4752
3731.682
1.0
Obj_RingParachute_A_01
-1.570796
0
0
4599.298
140.317
3571.407
0.75
LinkTagAnd
0
0
0
4460.047
139.4966
3735.204
1.0
LinkTagNAnd
0
0
0
4553.994
122.4803
3590.955
1.0
MoveTriggerTag
0
-0.16
0
4611.672
159.8471
3751.222
1.0
LinkTagAnd
-0.3
-0.05999999
0
4625.948
175.1059
3697.727
1.0
LinkTagAnd
0
0
0
4548.495
121.3661
3632.6
1.0
LinkTagAnd
2.851996
0.5040483
3.060367
4633.183
179.0838
3731.509
1.0
LinkTagAnd
0
0
0
4622.414
164.2977
3749.503
1.0
FldObj_RockBeach_A_M_03
0.54
0
1.56
4927.747
100.2587
3720.656
1.0
LinkTagNAnd
0
0
0
4492.209
106.145
3616.627
1.0
LinkTagOr
0
-0.3800001
0
4599.381
124.7926
3552.019
1.0
FldObj_RockBeach_A_M_01
0.18
-0.52
0
4662.796
106.4223
3583.312
1.0
Item_Fruit_G
-0.5599999
-0.8199999
0
4493.605
117.9767
3505.026
1.0
LinkTagAnd
0
-2.094395
0
4733.106
218.0002
3769.753
1.0
Enemy_Bokoblin_Middle
0
-1.223187
0
4471.85
139.4187
3740.423
1.0
LinkTagOr
0
0
0
4675.823
168.1747
3746.565
1.0
Area
0
1.570796
3.141593
4626.309
138.1441
3630.635
1.0
LinkTagNAnd
0
0
0
4496.649
105.9636
3587.476
1.0
Area
0
0.01999954
0
4647.507
111.049
3626.719
12
LinkTagNAnd
0
0
0
4651.957
110.5142
3628.937
1.0
FldObj_CliffWhiteHill_C_03_Far
-0.3574343
-1.345541
0.365902
4542.722
113.1563
3473.521
1.0
LinkTagOr
0
-2.202296
0
4606.743
126.3566
3527.246
1.0
LinkTagAnd
0
0
0
4603.508
124.2663
3569.225
1.0
LinkTagAnd
-0.3
-0.05999999
0
4625.553
177.2215
3704.29
1.0
Enemy_Giant_Middle
0
-2.001593
0
4537.111
110.7597
3701.952
1.0
LinkTagAnd
2.851996
0.5040483
3.060367
4629.841
177.302
3737.285
1.0
LinkTagNAnd
0
0
0
4644.263
163.6362
3748.809
1.0
Obj_TreePalmBeach_A_02
0
-2.321112
0
4497.704
105.9953
3443.191
1.0
FldObj_CliffWhiteHill_C_02_Far
0
-1.68
0
4614.846
160.3276
3729.733
0.7
FldObj_RockBeachWall_A_06
3.030411
-0.6914379
-3.113796
4918.977
77.16061
3717.573
1.0
Weapon_Sword_043
-2.303894
-0.9305413
0.2687176
4472.768
139.8
3734.965
1.0
LinkTagOr
0
-1.2
0
4473.998
106.2629
3648.169
1.0
LinkTagOr
0
-2.76
0
4637.54
162.0808
3686.399
1.0
Npc_FarthestIsland002
0
1.047198
0
4710.168
206.8904
3740.867
1.0
Obj_RingParachute_A_01
2.821593
0.9806791
-3.141593
4480.758
147.4332
3736.626
0.51
LinkTagAnd
0
0
0
4535.964
113.6572
3466.549
1.0
LinkTagNAnd
0
0
0
4470.146
140.2955
3734.738
1.0
LinkTagNAnd
0
0
0
4652.724
163.6694
3731.658
1.0
LinkTagAnd
-0.3199999
1.285157
0
4679.02
198.6906
3708.995
1.0
LinkTagOr
0
1.26
0
4676.224
108.9511
3623.861
1.0
LinkTagAnd
-0.28
-0.06000007
0
4651.725
150.2382
3625.32
1.0
LinkTagAnd
0
-1.48
0
4582.607
137.1532
3532.909
1.0
TwnObj_BrownStoneRuinWall_A_01_Far
3.021593
-1.34
3.141593
4616.892
160.5007
3728.221
1.0
LinkTagNAnd
0
0
0
4496.029
106.3827
3549.975
1.0
Area
0.9369811
-0.1946886
-1.429554
4530.933
118.8403
3569.843
1.0
Item_Fruit_G
2.581593
1.301593
3.141593
4626.462
131.0442
3521.736
1.0
Obj_TreePalmBeach_A_02
0
-1.4
0
4496.813
113.5172
3684.554
1.0
Obj_RingParachute_A_01
2.851996
0.5040483
3.060367
4633.509
173.7988
3730.142
1.0
Area
-2.356194
-1.570796
2.356194
4599.298
154.6539
3571.407
1.0
Item_Fruit_D
0
-1.44
0
4444.487
144.1865
3763.301
1.0
Weapon_Spear_004
1.325132
-0.7810321
-2.871602
4501.009
106.0379
3540.796
0.66666
LocationTag
0
0
0
4410.844
118.1563
3534.023
1.0
LinkTagAnd
-1.570796
0
0
4599.298
140.317
3567.305
0.75
LinkTagAnd
0
-1.48
0
4568.097
126.0765
3531.218
1.0
Obj_TreePalmBeach_A_02
0
-1.2
0
4479.356
106.2629
3647.722
1.0
Area
-0.4704946
0.1393219
-1.304241
4661.846
196.2687
3755.183
1.0
Enemy_Octarock_Desert
0
-1.64
0
4588.36
128.8799
3512.973
1.0
Obj_TreePalmBeach_A_02
0
-0.3800001
0
4602.709
124.7926
3547.796
1.0
Area
0
0.8164014
0
4652.682
170.2067
3746.835
2
EnemyFortressMgrTag
0
-1.223187
0
4463.823
139.1456
3743.329
1.0
Weapon_Shield_021
-3.011259
0.00825985
-0.02205398
4497.401
106.0421
3531.18
1.0
LinkTagNAnd
0
0
0
4413.233
124.4009
3749.348
1.0
LinkTagNAnd
0
0
0
4691.844
106.0878
3584.635
1.0
LinkTagOr
0
-1.64
0
4560.849
124.6572
3518.551
1.0
EventTag
0
-2.094395
0
4737.484
217
3772.091
1.0
TwnObj_BrownStoneRuinWall_A_01
0.04000003
1.34
0
4630.259
160.771
3713.377
1.0
LinkTagNAnd
0
0
0
4624.793
165.7954
3700.376
1.0
LinkTagNAnd
0
0
0
4459.93
139.3602
3739.827
1.0
Area
-1.174164
0.2966437
-1.448974
4653.575
177.8024
3807.007
1.0
Obj_TreeBroadleaf_B_L_01
0
-0.1809457
0
4573.914
126.9351
3487.417
1.0
LinkTagOr
0
2.74
0
4605.4
114.2977
3651.3
1.0
Obj_RingParachute_A_01
-0.3199999
1.285157
0
4686.937
195.7461
3711.32
1.0
LinkTagOr
0
-2.129019
0
4455.604
106.0818
3663.802
1.0
LinkTagAnd
0
0
0
4482.081
141.5366
3748.955
1.0
LinkTagAnd
2.861593
1.060679
-3.141593
4561.926
209.3285
3599.178
1.1
LinkTagAnd
2.821593
0.9806791
-3.141593
4477.262
148.9349
3738.968
0.51
FldObj_RockBeach_A_S_01_Far
0
-2.46
0
4542.165
103.8405
3815.076
1.0
Enemy_Chuchu_Junior
0
-2.26
0
4515.715
121.6993
3650.936
1.0
Area
0
1.570796
3.141593
4574.873
122.8193
3769.23
1.0
Obj_TreeBananaMini_A_01
0
-1.550821
0
4587.229
129.8553
3507.147
1.0
TwnObj_BrownStoneRuinWall_A_01_Far
6.012911E-08
-0.2199995
0
4636.64
162.5744
3729.055
1.0
Obj_TreePalmBeach_A_02
0
-0.7200001
0
4415.544
115.3186
3769.487
1.0
FldObj_RockBeach_A_S_01_Far
0
-0.5799999
0
4728
104.6094
3572
1.0
LinkTagOr
0
3.003185
0
4595.107
106.22
3454.173
1.0
LinkTagNAnd
0
0
0
4472.783
106.0152
3648.589
1.0
Area
1.225426
-0.378632
-1.438576
4551.057
128.2807
3696.387
1.0
LinkTagAnd
0
0
0
4444.49
118.6602
3707.413
1.0
LinkTagOr
0
-1.48
0
4582.607
134.6532
3532.909
1.0
LinkTagAnd
1.570796
0
0
4619.271
182.2203
3740.265
0.8
LinkTagAnd
0
2.083186
0
4451.427
118.1387
3705.242
1.0
Item_Fruit_G
-0.5350201
0.5704229
-1.215602
4505.27
118.4901
3533.663
1.0
LinkTagAnd
2.821593
1.262208
-3.141593
4648.548
188.2526
3711.085
1.0
Item_Fruit_G
2.581593
-1.438878
3.141593
4484.959
117.8408
3464.867
1.0
PosAfterDemoSkip
0
1.047197
0
4731.588
218.0002
3768.572
1.0
Enemy_Moriblin_Middle
0
-1.801592
0
4648.208
162.6567
3717.993
1.0
TBox_Field_Wood
3.123443
-0.3032424
3.138405
4501.338
106.0889
3552.966
1.0
FldObj_RockBeach_A_M_01
0
-1.18
0
4713.615
101.171
3624.514
1.0
FldObj_CliffWhiteHill_C_03
3.005476
-0.6478093
-3.016696
4527.804
108.6882
3451.461
0.9
LinkTagAnd
0
0
0
4466.146
140.5027
3752.505
1.0
Obj_RingParachute_A_01
1.570796
0
0
4599.298
189.7188
3571.407
0.75
LinkTagAnd
-0.22
0.1471973
0
4708.379
211.169
3728.822
1.0
LinkTagNAnd
0
0
0
4501.197
106.0823
3555.855
1.0
LinkTagAnd
0
-2.1
0
4531.553
112.3934
3462.776
1.0
FireWood
0
-1.541594
0
4499.404
106.5783
3542.754
1.0
LinkTagAnd
-0.4
-0.6199998
0
4639.472
161.6897
3661.807
1.0
EventTag
0
0
0
4384.359
117.1016
3523.5
1.0
LinkTagAnd
2.861593
0.1406775
-3.141593
4550.118
187.7444
3661.031
0.9
TBox_Field_Wood
-0.0008468142
1.216668
-0.0008605115
4643.078
122.1019
3625.617
1.0
FldObj_CliffWhiteHill_C_03_Far
0
-0.36
0
4601.321
137.488
3749.731
1.0
Area
1.269177
-0.27977
-1.559298
4541.834
131.4582
3640.658
1.0
LinkTagNAnd
0
0
0
4496.212
105.9864
3539.057
1.0
ActorObserverTag
0
0
0
4676.012
168.2997
3742.551
1.0
FldObj_RockBeachWall_A_01_Far
-0.4173828
0.04809403
0.1127214
4457.023
138.101
3759.776
0.85
FldObj_RockBeach_A_L_01
-0.3191482
-1.156806
0.1602196
4664.375
107.8805
3601.271
0.8
LinkTagNone
0
0
0
4648.223
162.9916
3743.996
1.0
LinkTagAnd
0
0
0
4651.783
169.5423
3748.303
1.0
Obj_RingParachute_A_01
1.570796
0
0
4619.271
176.6953
3735.952
0.8
Enemy_Chuchu_Electric_Middle
0
-1.94
0
4587.145
138.7445
3702.113
1.0
FldObj_NakedIslandBall_03
1.649522E-07
1.873329E-07
-0.22622
4652.256
168.6655
3746.625
1.0
EventTag
0
0
0
4480.951
141.0366
3748.214
1.0
Enemy_Bokoblin_Junior
0
-0.3784079
0
4501.813
106.2803
3536.731
1.0
Weapon_Shield_004
1.254318
0.5278929
2.83419
4634.074
162.9413
3740.384
1.0
Area
0.4720463
-0.1397415
-1.304457
4595.745
127.0624
3792.555
1.0
Enemy_Bokoblin_Middle
0
1.34
0
4652.44
162.9791
3728.37
1.0
Obj_TreePalmBeach_A_02
0
-2
0
4495.736
105.9586
3593.688
1.0
FldObj_EnemyBaseBanana_S_A_01
0
-0.6800005
0
4641.827
111.1021
3631.986
1.0
FldObj_CliffWhiteHill_C_02
-0.1222006
-1.480623
0.365105
4557.973
119.3326
3529.989
1.0
LinkTagAnd
0
0
0
4773.559
219.8281
3775.539
1.0
LinkTagAnd
0
0
0
4642.593
163.7365
3739.497
1.0
LinkTagAnd
-0.5999998
1.341593
8.742281E-08
4624.198
172.8404
3737.869
0.75
LinkTagNAnd
0
0
0
4501.913
111.3191
3784.154
1.0
Item_Fruit_H
0.1599999
-1.550821
0
4586.994
131.6047
3507.066
1.0
LinkTagNAnd
0
0
0
4610.172
125.3946
3563.478
1.0
LinkTagAnd
0
0
0
4644.676
163.8921
3720.959
1.0
Area
0
0
0
4673.557
166.5582
3744.233
1.0
Enemy_Chuchu_Fire_Junior
0
0
0
4615.212
126.4286
3551.504
1.0
LinkTagNAnd
0
0
0
4614.563
108.4568
3471.829
1.0
Enemy_Bokoblin_Bone_Junior
0.6902156
-1.467988
-0.3423245
4565.335
123.0765
3528.457
1.0
LinkTagAnd
0
0
0
4467.911
140.2018
3734.319
1.0
Obj_RingParachute_A_01
2.861593
0.1406775
-3.141593
4551.144
184.7995
3653.789
0.9
LinkTagNAnd
0
0
0
4578.781
117.5077
3773.755
1.0
Area
-3.10762
0.007595315
-1.790667
4613.043
151.2443
3808.62
1.0
FldObj_FarthestIsland_A_01_Far
0
-2.094395
0
4734.023
214.3281
3772.5
1.0
Item_RoastFish_01
1.355919
0.1814175
-0.001965128
4498.588
107.0123
3544.515
1.2
Obj_RingParachute_A_01
-0.4
-0.6199998
0
4634.556
159.4141
3668.693
1.0
FldObj_CliffWhiteHill_C_03
3.037198
-0.8232656
-3.110062
4604.097
132.3974
3691.461
0.7
LinkTagNAnd
0
0
0
4397.472
100
3555.612
1.0
LinkTagAnd
1.570796
0
0
4599.298
194.8984
3575.45
0.75
LinkTagAnd
2.881593
0.7606787
-3.141593
4517.251
166.4539
3714.449
0.7
Area
-1.82309
0.3300117
-1.65414
4654.371
187.4925
3777.968
1.0
Area
0
0
0
4516.463
114.4277
3653.301
12
LinkTagAnd
0
0
0
4484.881
143.2874
3751.955
1.0
Obj_RingParachute_A_01
-0.22
0.1471973
0
4708.554
205.832
3730.003
1.0
LinkTagAnd
1.570796
0
0
4599.298
189.7188
3575.509
0.75
LinkTagAnd
2.881593
0.7606787
-3.141593
4514.041
165.1583
3717.823
0.7
LinkTagOr
0
-1.436919
0
4497.161
106.548
3618.785
1.0
Enemy_Bokoblin_Bone_Junior
-3.138426
-0.2618344
-2.984123
4505.943
106.9306
3610.056
1.0
Area
0
1.570796
3.141593
4541.09
128.0943
3715.533
1.0
LinkTagNAnd
0
0
0
4730.951
108.2652
3576.979
1.0
LinkTagOr
0
1.04
0
4555.775
118.0346
3522.532
1.0
LinkTagNAnd
0
0
0
4461.922
140.0346
3745.687
1.0
Obj_RockLayerMoss_B_Cliff_02
0
0.04
0
4614.922
124.6441
3576.971
1.0
LinkTagAnd
0
0
0
4676.479
167.7372
3745.086
1.0
FldObj_RockBeach_A_S_01_Far
0
-1.24
0
4788.657
104.0107
3694.233
0.8
TwnObj_BrownStoneRuinWall_A_01_Far
0.04
1.34
0
4618.695
160.5961
3720.547
1.0
FldObj_RockBeach_A_S_01_Far
0
0.8
0
4902.636
103.4487
3682.924
1.0
FldObj_RockBeachWall_A_06
2.772073
-0.05381672
-3.127239
4465.398
114.6979
3721.001
0.9
TwnObj_BrownStoneRuinArch_A_02
0
1.34
0
4635.31
162.529
3733.315
1.0
Item_Fruit_D
0
0
0
4666.817
116.6389
3648.047
1.0
LinkTagAnd
-0.5999998
1.341593
8.742281E-08
4620.067
169.8674
3736.905
0.75
LinkTagNAnd
0
0
0
4496.453
106.0051
3531.966
1.0
LinkTagNAnd
0
0
0
4462.729
139.7553
3734.928
1.0
Enemy_Octarock
0
0
0
4689.023
103.1976
3580.656
1.0
LinkTagAnd
0
0
0
4552.302
119.2499
3569.789
1.0
LinkTagNAnd
0
0
0
4695.401
117.8288
3679.058
1.0
Area
1.025426
-0.378632
-1.438576
4560.636
132.4142
3751.721
1.0
Obj_RingParachute_A_01
2.821593
1.262208
-3.141593
4650.187
183.0614
3710.563
1.0
LinkTagAnd
0
0
0
4503.297
105.8976
3405.383
1.0
Obj_TreeBananaMini_A_01
0
-0.4569667
0
4593.605
129.2425
3516.163
1.0
FldObj_RockBeach_A_M_01
0
-0.3599999
0
4736.859
102.4171
3596.809
1.0
LinkTagAnd
2.861593
0.1406775
-3.141593
4550.953
189.5296
3655.135
0.9
Area
0.9369877
-0.1946896
-1.429555
4527.452
117.3743
3564.972
1.0
Item_Fruit_G
-0.5599999
1.5
0
4638.979
135.4638
3548.934
1.0
Area
-0.03724852
0.01317233
-1.231042
4626.774
165.5941
3813.777
1.0
BoarMeat
0
-1.223187
0
4463.823
139.1456
3743.329
1.0
LinkTagAnd
0
0
0
4393.947
103.9733
3552.646
1.0
AreaCulling_InnerHide
0
0.2
0
4607.435
122.3536
3656.305
1.0
Obj_RingParachute_A_01
2.881593
0.7606787
-3.141593
4517.93
162.7545
3713.736
0.7
LinkTagAnd
0
0
0
4472.781
140.6373
3737.647
1.0
Area
0
-0.46
0
4481.867
201.7422
3594.145
1.0
LinkTagAnd
-0.22
0.1471973
0
4707.393
209.5856
3722.172
1.0
LinkTagNAnd
0
0
0
4640.853
162.5355
3726.878
1.0
LinkTagAnd
0
0
0
4529.992
113.7525
3699.922
1.0
LinkTagAnd
-0.4
-0.6199998
0
4635.793
164.4511
3666.96
1.0
Obj_TreePalmBeach_A_02
0
-0.6400001
0
4566.449
122.1401
3563.504
1.0
Item_Fruit_H
0.1599999
-0.4569667
0
4593.424
130.9919
3516.335
1.0
FldObj_RockBeachWall_A_02_Far
-3.122526
0.761402
-3.113962
4595.455
120.7623
3489.922
1.0
LinkTagAnd
0
0
0
4590.142
129.2077
3514.837
1.0
LinkTagOr
0
-0.1079004
0
4591.072
128.3442
3495.019
1.0
LinkTagAnd
1.570796
0
0
4619.271
176.6953
3740.327
0.8
DgnObj_EntranceTerminalSP
0
-2.617994
0
4731.288
218.0003
3770.824
1.0
LinkTagOr
0
-2.88
0
4499.047
112.0608
3605.578
1.0
LinkTagNAnd
0
0
0
4644.915
163.5357
3732.176
1.0
LinkTagAnd
2.821593
1.262208
-3.141593
4642.325
186.0059
3713.069
1.0
FldObj_RockBeach_A_M_03
0.734754
0.07363636
-1.122177
4621.913
120.9464
3548.587
1.0
LinkTagNAnd
0
-2.094395
0
4735.588
230.3661
3772.298
1.0
EventTag
0
0
0
4498.167
108.5
3394.221
1.0
Area
1.115295
-0.2527146
-1.448923
4616.824
171.5232
3609.589
1.0
Obj_RingParachute_A_01
-0.5999998
1.341593
8.742281E-08
4626.453
169.4552
3738.395
0.75
LinkTagNAnd
0
0
0
4624.191
164.2977
3749.394
1.0
LinkTagAnd
-1.570796
0
0
4599.298
156.0289
3564.571
1.25
Enemy_Chuchu_Electric_Middle
0
1.836813
0
4463.811
139.3819
3733.016
1.0
Area
-2.356194
-1.570796
2.356194
4599.298
139.492
3571.407
1.0
LinkTagNAnd
0
0
0
4461.824
139.4966
3735.094
1.0
LinkTagNAnd
0
0
0
4647.28
116.6465
3617.202
1.0
LinkTagAnd
2.841593
1.081593
-3.141593
4661.347
201.8183
3755.448
1.0
Enemy_Bokoblin_Junior
0
-2.321593
0
4503.996
106.2663
3547.255
1.0
LinkTagAnd
0
0
0
4535.624
113.9807
3705.838
1.0
LinkTagAnd
0
0
0
4490.433
106.145
3616.737
1.0
TwnObj_BrownStoneRuinWall_A_01_Far
-0.14
1.34
0
4649.633
162.8855
3725.771
1.0
FldObj_Bokoblin_Bone
0
-2.88
0
4505.943
106.9306
3610.056
1.0
DgnObj_RemainsLithogragh_A_02
0
0
0
4498.167
108
3394.221
1.0
Obj_RingParachute_A_01
1.570796
0
0
4539.918
120.4411
3663.211
0.75
LinkTagAnd
0
0
0
4498.653
109.2707
3650.243
1.0
Item_Fruit_G
2.581593
-0.02048126
3.141593
4532.709
117.9529
3424
1.0
Obj_TreePalmJungle_A_LL_01
0
-0.74
0
4543.875
120.2319
3614.352
1.0
Item_Fruit_D
0.1786265
0.1123219
-0.07273591
4663.759
117.1917
3648.402
1.0
Weapon_Lsword_038
-0.001670633
-4.676002E-06
0.02164842
4490.482
106.1106
3478.747
1.0
LinkTagAnd
-0.24
1.530383
0
4621.594
141.9226
3801.395
1.0
Weapon_Sword_044
-0.06955516
0.02578548
0.956246
4517.197
107.6782
3458.24
1.0
Enemy_Chuchu_Junior
0
-2.26
0
4517.676
121.6624
3655.725
1.0
LinkTagAnd
2.821593
0.3784075
-3.141593
4653.325
183.3395
3807.635
1.0
Item_RoastFish_01
-1.798072
-0.1872645
3.06519
4498.465
106.916
3540.79
1.2
LinkTagAnd
0
0
0
4510.765
106.592
3542.512
1.0
LinkTagAnd
-0.3199999
0.02
0
4536.88
133.4245
3597
1.0
DgnObj_WarpPointSP
0
-2.094395
0
4729.521
217.9632
3767.494
1.0
LinkTagNAnd
0
0
0
4701.444
106.7649
3622.934
1.0
LinkTagNAnd
0
0
0
4462.273
139.6375
3744.53
1.0
Area
-0.4933683
0.1353516
-1.324928
4562.362
203.2128
3598.935
1.0
LinkTagAnd
0
0
0
4341.674
106.1727
3711.186
1.0
Enemy_Bokoblin_Guard_Junior
0
-0.9615911
0
4620.402
166.2589
3744.926
1.0
AscendingCurrent
0
0.5399998
0
4536.464
124.4092
3624.413
4
LinkTagAnd
0
0
0
4633.302
120.7615
3631.36
1.0
Area
0
0
0
4449.914
179.375
3721.602
1.0
Obj_TreePalmJungle_A_LL_01
0
3.605118
0
4625.744
125.6245
3566.512
1.0
LinkTagAnd
1.570796
0
0
4626.309
137.0441
3636.103
1.0
LinkTagNAnd
0
0
0
4657.385
165.1078
3712.044
1.0
Npc_NakedIslandPriest
0
0
0
4493.457
111.3107
3429.962
1.0
Item_Fruit_G
-0.5599999
-0.6400001
0
4562.544
133.9943
3568.898
1.0
Area
1.633594
-0.2994434
-1.589343
4625.519
171.672
3704.854
1.0
FldObj_RockBeach_A_S_01
0
-2.10001
0
4441.331
104.757
3403.075
1.0
FldObj_RockBeach_A_S_01_Far
0
1.44
0
4239.112
96.30386
3342.349
1.0
Obj_RingParachute_A_01
-0.24
1.530383
0
4629.577
138.3281
3801.717
1.0
LinkTagOr
0
-2.88
0
4499.047
109.5608
3605.578
1.0
Obj_RingParachute_A_01
-0.3199999
0.02
0
4537.045
130.48
3605.25
1.0
LinkTagAnd
0
0
0
4493.478
106.2647
3541.973
1.0
Area
1.633222
-0.2794826
-1.588038
4651.698
144.6784
3625.774
1.0
LinkTagNAnd
0
0
0
4543.131
121.6804
3628.039
1.0
LinkTagAnd
0
0
0
4536.777
107.8733
3806.136
1.0
TBox_Field_Iron
-0.005338993
0.002340222
0.07324035
4599.377
120.5135
3566.987
1.0
LinkTagAnd
-0.24
0.6199998
0
4530.798
124.4138
3569.655
1.0
ActorObserverTag
0
0
0
4499.37
109.5625
3392.318
1.0
LinkTagAnd
1.570796
0
0
4539.918
125.6208
3667.254
0.75
Obj_TreePalmBeach_A_02
0
2.32
0
4706.064
160.8638
3714.087
1.0
Obj_TreePalmBeach_A_02
0
1.26
0
4671.782
108.9511
3620.833
1.0
LinkTagAnd
0
0
0
4623.016
165.7954
3700.487
1.0
FldObj_RockBeachWall_A_02
-0.2999999
0
0
4521.475
114.0401
3759.132
1.0
Enemy_Chuchu_Fire_Junior
0
0.01999954
0
4647.507
111.049
3626.719
1.0
LinkTagNAnd
0
0
0
4504.679
106.3978
3534.132
1.0
LinkTagAnd
-0.24
0.6199998
0
4526.912
122.6962
3564.21
1.0
Enemy_Bokoblin_Junior
0
-2.008585
0
4469.797
139.6134
3746.36
1.0
LinkTagAnd
0
0
0
4523.913
114.522
3698.611
1.0
LinkTagAnd
1.570796
0
0
4539.918
120.4411
3667.312
0.75
Obj_RingParachute_A_01
2.821593
0.3784075
-3.141593
4653.961
178.1484
3806.037
1.0
FldObj_RockBeach_A_S_01
0
0.8
0
4902.636
103.4487
3682.924
1.0
FldObj_EnemyBaseBanana_S_A_01_Far
0
-0.6800005
0
4641.827
111.1021
3631.986
1.0
TwnObj_BrownStoneRuinWall_A_01_Far
3.021593
-1.34
3.141593
4628.456
161.1153
3721.051
1.0
Item_Fruit_G
0.5195174
-1.346347
-1.18491
4505.171
118.5155
3533.105
1.0
Area
0
2.083186
0
4448.812
118.1387
3706.712
12
FldObj_RockBeach_A_L_01_Far
-0.0991482
-1.156806
0.1602196
4680
104.4606
3654.168
0.9
LinkTagNAnd
0
0
0
4496.77
106.0375
3536.475
1.0
Obj_TreePalmBeach_A_02
0
2.58
0
4663.016
109.2323
3585.755
1.0
LinkTagOr
0
-1.48
0
4582.607
132.1532
3532.909
1.0
Area
0.27186
-0.08875211
-1.262943
4685.936
195.4001
3711.026
1.0
Item_Fruit_G
2.581593
-1.012574
3.141593
4453.474
117.936
3664.374
1.0
DgnObj_RemainsLithogragh_A_02
0
0
0
4480.951
140.5366
3748.214
1.0
LinkTagAnd
0
0
0
4698.591
175.5629
3717.197
1.0
Area
0
-2.1
0
4534.142
112.3934
3464.29
12
Obj_RingParachute_A_01
-1.570796
0
0
4599.298
156.0289
3571.407
1.25
Area
-1.048559
0.252733
-1.50909
4632.976
173.5271
3731.065
1.0
LinkTagNAnd
0
0
0
4468.115
105.9922
3653.818
1.0
LinkTagOr
0
-1.44
0
4444.78
139.9365
3765.08
1.0
Area
0
0
0
4895.664
179.375
3695.93
1.0
Obj_RingParachute_A_01
2.841593
1.081593
-3.141593
4662.773
196.5938
3754.689
1.0
Enemy_Chuchu_Electric_Senior
0
0.6168126
0
4471.371
140.0552
3750.91
1.0
LinkTagAnd
0
0
0
4690.067
106.0878
3584.744
1.0
LinkTagAnd
1.570796
0
0
4626.309
143.9503
3636.025
1.0
Item_Fruit_G
2.581593
-0.3815922
3.141593
4635.483
173.9349
3685.605
1.0
LinkTagAnd
-0.24
1.530383
0
4628.278
143.6401
3801.665
1.0
LinkTagAnd
2.821593
0.3784075
-3.141593
4650.913
181.0929
3813.704
1.0
Weapon_Sword_021
0.0007642077
-3.331503E-05
-0.002015556
4495.741
106.069
3585.37
1.0
LinkTagAnd
0
0
0
4773.559
215.8281
3775.539
1.0
ActorObserverTag
0
0
0
4482.153
142.0991
3746.311
1.0
LinkTagAnd
-0.3199999
0.02
0
4537.011
135.6711
3603.53
1.0
Area
-0.566276
0.1759495
-1.302111
4480.315
147.2568
3736.922
1.0
LinkTagNAnd
0
0
0
4537.741
113.6572
3466.439
1.0
LinkTagNAnd
0
0
0
4398.671
106.8772
3657.747
1.0
FldObj_RockBeachWall_A_02_Far
-0.2999999
0
0
4521.475
114.0401
3759.132
1.0
LinkTagAnd
0
0
0
4494.252
106.3827
3550.085
1.0
Obj_RingParachute_A_01
-0.24
0.6199998
0
4531.554
119.1018
3570.712
1.0
FireWood
0
-1.223187
0
4463.823
139.1456
3743.329
1.0
TBox_Field_Stone
0
-1.780126
0
4576.131
118.0775
3764.194
1.0
LinkTagOr
0
1.84
0
4625.442
119.19
3523.691
1.0
FldObj_CliffWhite_C_06_Far
0
1.98
0
4620.326
115.3272
3679.188
0.9
Item_Fruit_G
-2.402373
0.2298454
-2.196676
4601.056
136.4124
3553.76
1.0
LinkTagOr
0
-0.8199999
0
4493.604
106.1226
3502.821
1.0
Obj_RingParachute_A_01
1.570796
0
0
4626.309
137.0441
3630.635
1.0
LinkTagAnd
0
0
0
4494.872
105.9636
3587.586
1.0
FldObj_Bokoblin_Bone
0
-1.48
0
4565.335
123.0765
3528.457
1.0
FldObj_RockBeachWall_A_02
-3.111441
-0.4515111
2.943055
4430.891
115.916
3702.465
0.8
FldObj_CliffWhiteHill_C_02
0
-1.68
0
4597.833
136.7339
3728.585
1.0
TwnObj_BrownStoneRuinWall_A_01
3.021593
-1.34
3.141593
4628.456
161.1153
3721.051
1.0
LinkTagAnd
0
0
0
4671.859
169.0029
3745.834
1.0
LinkTagAnd
-1.570796
0
0
4599.298
147.3961
3564.669
1.25
LinkTagNAnd
0
0
0
4498.362
111.7595
3784.217
1.0
Weapon_Spear_004
-1.698491
1.27981
0.2644676
4501.865
105.7886
3543.372
0.6666667
Item_Fruit_H
-1.570796
-0.9392971
3.141593
4605.171
127.6179
3524.38
1.0
LinkTagNAnd
0
0
0
4605.285
124.2663
3569.115
1.0
LinkTagAnd
0
0
0
4650.179
110.5142
3629.047
1.0
LinkTagAnd
2.841593
1.081593
-3.141593
4655.543
199.7027
3758.538
1.0
Item_Fruit_G
-1.594674
0.6095244
-1.845696
4473.867
117.8827
3650.582
1.0
Enemy_Octarock_Forest
0
-1.64
0
4556.907
120.2932
3588.796
1.0
LinkTagAnd
0
-2.88
0
4503.692
112.4306
3613.247
1.0
LinkTagAnd
0
0
0
4700.525
121.7623
3676.387
1.0
Obj_RingParachute_A_01
-0.3199999
0.3642315
0
4546.602
119.904
3729.716
1.0
FldObj_CliffWhiteHill_C_02_Far
-0.1222006
-1.480623
0.365105
4557.973
119.3326
3529.989
1.0
LinkTagAnd
2.961593
1.521592
-3.141593
4634.621
141.4259
3608.574
1.0
Area
0
0
0
4599.771
139.1869
3757.514
10
LinkTagAnd
2.501593
0.5584074
-3.141593
4622.262
129.1604
3621.096
1.0
FldObj_CliffWhiteHill_C_03_Far
-3.101593
-0.9415928
3.141593
4625.992
160.3935
3703.683
0.7
Area
0
-2.094395
0
4737.484
217.0002
3772.092
40
FldObj_RockBeach_A_M_03
1.363465
-0.5619028
-2.584887
4404.426
115.4446
3740.068
1.0
LinkTagNone
0
0
0
4463.823
139.1456
3743.329
1.0
Obj_RingParachute_A_01
2.841593
1.52
-3.141593
4673.344
200.2109
3750.848
1.0
Area
0
0
0
4556.275
119.7485
3555.819
12
Weapon_Spear_004
-2.290028
-1.071164
-0.2757388
4471.125
139.8567
3733.272
1.0
Obj_RingParachute_A_01
-0.28
0.4399975
0
4608.231
164.8394
3591.491
1.0
Area
-0.9141107
0.2239291
-1.401272
4638.597
178.8484
3719.076
1.0
Obj_TreePalmBeach_A_02
0
3.003185
0
4592.886
106.22
3459.069
1.0
LinkTagNAnd
0
0
0
4471.102
106.0152
3647.038
1.0
LinkTagOr
0
-0.7200001
0
4410.999
115.3186
3772.357
1.0
Area
0
3.063185
0
4484.21
107.6841
3655.514
12
LinkTagOr
0
-2.18
0
4545.632
118.8772
3469.539
1.0
LinkTagNAnd
0
0
0
4494.531
105.9864
3537.506
1.0
Area
0.6611652
-0.1747676
-1.350907
4700.76
201.1062
3717.718
1.0
DgnObj_RemainsLithogragh_A_02
0
0
0
4673.716
166.7372
3744.344
1.0
Obj_RingParachute_A_01
2.841592
0.02961808
-3.141593
4655.852
182.248
3793.801
1.0
LinkTagNOr
0.04683778
1.27981
0.2644676
4503.592
106.793
3547.081
1.0
LinkTagNone
0
0
0
4642.387
121.2191
3611.519
1.0
LinkTagAnd
0.1314884
-0.01337054
0.2023883
4382.836
106.8889
3537.244
1.0
Obj_TreeBroadleaf_B_L_01
0
2.875224
0
4559.96
123.4456
3502.843
1.0
FldObj_RockBeach_A_M_01_Far
0
-0.3599999
0
4736.859
102.4171
3596.809
1.0
LinkTagAnd
-0.28
1.52
0
4682.344
209.2909
3750.077
1.0
LinkTagAnd
0
0
0
4911.151
103.3255
3696.735
1.0
LinkTagAnd
-0.38
1.403838E-07
0
4536.837
124.7102
3572.938
1.0
LinkTagNAnd
0
0
0
4499.516
106.0823
3554.304
1.0
LinkTagOr
0
0
0
4549.296
115.2413
3750.323
1.0
LinkTagAnd
-0.3199999
0.3642315
0
4544.817
126.5326
3675.786
1.0
TwnObj_BrownStoneRuinWall_A_01
3.021593
-1.34
3.141593
4616.892
160.5007
3728.221
1.0
FldObj_CliffWhiteHill_C_02
0
-1.68
0
4614.846
160.3276
3729.733
0.7
LinkTagAnd
2.841593
1.52
-3.141593
4665.164
203.3199
3751.264
1.0
LinkTagAnd
-0.24
0.6199999
0
4583.366
127.8729
3779.692
1.0
FldObj_RockBeachWall_A_02_Far
-0.18
-1.04
0
4416.064
119.2217
3749.348
0.95
LinkTagAnd
-0.28
0.4399975
0
4604.77
168.1115
3584.138
1.0
LinkTagNAnd
0
0
0
4500.231
111.3191
3782.603
1.0
LinkTagNAnd
0
0
0
4611.854
125.3946
3565.029
1.0
Item_Fruit_H
1.570796
-1.550821
0
4586.986
131.1741
3507.105
1.0
LinkTagAnd
0
0
0
4642.015
123.6165
3628.988
1.0
Obj_RingParachute_A_01
2.501593
0.5584074
-3.141593
4626.902
128.9609
3613.668
1.0
LinkTagAnd
0
0
0
4490.934
106.707
3482.691
1.0
TBox_Field_Iron
-0.001280538
1.420063
-0.001755834
4343.405
100.333
3706.634
1.0
LinkTagAnd
-0.3199999
0.3642315
0
4543.663
122.8485
3722.006
1.0
LinkTagAnd
0
0
0
4479.094
142.8022
3749.704
1.0
ChangeWeatherTag
0
0
0
4389.625
126.0949
3564.406
1.0
LinkTagOr
0
-2
0
4491.682
105.9586
3590.157
1.0
TwnObj_BrownStoneRuinWall_A_01
6.012911E-08
-0.2199995
0
4636.64
162.5744
3729.055
1.0
LinkTagAnd
0
0
0
4494.521
106.1252
3547.349
1.0
Obj_RingParachute_A_01
-0.38
1.403838E-07
0
4536.837
122.2658
3581.351
1.0
Obj_RockLayerMoss_B_Cliff_01
0
0.7799999
0
4585.859
122.1725
3612.308
1.0
LinkTagAnd
0
0
0
4516.085
111.9313
3656.228
1.0
FldObj_RockBeach_A_S_01
0
-1.5
0
4147.839
96.30386
3726.355
1.0
ActorObserverTag
0
0
0
4674.918
168.2997
3742.441
1.0
FldObj_RockBeach_A_M_03
-1.49182
0.4587593
0.4950322
4708.047
104.3612
3670.644
1.0
LinkTagAnd
-0.09999999
0.04423657
0
4536.619
141.9044
3619.713
1.0
LinkTagNAnd
0
0
0
4616.244
108.4568
3473.38
1.0
LinkTagNAnd
0
0
0
4577.099
117.5077
3772.204
1.0
LinkTagAnd
-0.3
-1.444805
0
4632.687
150.7401
3807.11
1.0
LinkTagAnd
0
0
0
4640.734
122.0484
3625.318
1.0
LinkTagAnd
2.841592
0.02961808
-3.141593
4655.61
185.357
3801.988
1.0
FldObj_CliffWhiteWall_C_01_Far
3.001593
0.361592
3.141593
4681.19
163.1163
3723.097
0.75
FldObj_PushRock_A_M_01
2.962605
-1.084571
-2.945208
4610.851
160.6174
3751.064
1.0
LinkTagAnd
0
0
0
4509.562
106.5205
3547.531
1.0
LinkTagAnd
-0.09999999
0.04423657
0
4536.315
141.1372
3612.856
1.0
LinkTagNAnd
0
0
0
4729.27
108.2652
3575.427
1.0
Obj_TreeDorian_A_01
0
-2.101593
0
4553.987
118.0345
3525.48
1.0
LinkTagNAnd
0
0
0
4463.603
140.0346
3747.238
1.0
Area
-1.295059
0.3280739
-1.479877
4554.977
192.9658
3627.701
1.0
LinkTagAnd
0
0
0
4441.959
111.5733
3688.455
1.0
LinkTagAnd
-0.3
-1.444805
0
4639.21
148.6245
3806.283
1.0
Weapon_Sword_004
1.214804
0.5493102
3.02427
4636.424
162.8981
3741.887
1.0
LinkTagAnd
2.841592
0.02961808
-3.141593
4655.804
187.4725
3795.417
1.0
FldObj_RockBeach_A_M_03
0.4199999
0
-1.26
4514.354
101.4101
3792.639
1.0
FldObj_CliffWhite_C_06
0
1.98
0
4620.326
115.3272
3679.188
0.9
Obj_RingParachute_A_01
-0.28
1.52
0
4683.854
204.0352
3750.154
1.0
Obj_RingParachute_A_01
-0.3199999
0.3642315
0
4545.43
121.3415
3677.394
1.0
LinkTagAnd
0
0
0
4500.636
108.9452
3646.757
1.0
Item_Fruit_G
2.391238
-0.6246255
-1.804479
4677.846
120.5709
3622.07
1.0
LinkTagAnd
0
0
0
4406.78
108.1986
3561.396
1.0
FldObj_RockBeachWall_A_06_Far
3.030411
-0.6914379
-3.113796
4918.977
77.16061
3717.573
1.0
LinkTagAnd
0
0
0
4456.154
110.3266
3622.152
1.0
Obj_RingParachute_A_01
2.961593
1.521592
-3.141593
4635.599
136.0455
3608.526
1.0
LinkTagAnd
-0.3199999
0.3642315
0
4545.989
125.0951
3728.109
1.0
Obj_TreeBroadleaf_B_L_01
0
2.557455
0
4562.515
123.63
3603.355
1.0
LinkTagAnd
2.841593
1.52
-3.141593
4671.729
205.4354
3750.93
1.0
Obj_RaftWoodSail_A_S_01
-0.1557919
-0.7891149
0.1983906
4442.943
106.1059
3675.799
1.0
LinkTagAnd
-0.24
0.6199999
0
4579.479
126.1554
3774.248
1.0
FldObj_FarthestIsland_A_01
0
-2.094395
0
4734.023
214.3281
3772.5
1.0
LinkTagNAnd
0
0
0
4498.134
106.0051
3533.517
1.0
LinkTagAnd
-0.28
0.4399975
0
4607.587
170.0952
3590.124
1.0
Area
-2.356194
-1.570796
2.356194
4599.298
131.9
3571.407
1.0
LinkTagNAnd
0
0
0
4464.411
139.7553
3736.479
1.0
LinkTagNAnd
0
0
0
4693.72
117.8288
3677.507
1.0
LinkTagAnd
-0.28
1.52
0
4675.737
207.3073
3749.741
1.0
FldObj_RockBeach_A_S_01
0
-0.4800001
0
4693.463
96.30386
3095.14
1.0
LinkTagAnd
0
0
0
4571.175
117.6934
3769.9
1.0
Item_Fruit_G
2.581593
0.4015924
3.141593
4604.502
126.1518
3649.286
1.0
LinkTagNAnd
0
0
0
4642.534
162.5355
3728.43
1.0
LinkTagAnd
-0.38
1.403838E-07
0
4536.837
127.3445
3579.323
1.0
LinkTagAnd
-0.3199999
0.3642315
0
4542.491
124.286
3669.684
1.0
Item_Fruit_G
2.581593
-1.501593
3.141593
4559.238
136.5113
3520.057
1.0
Obj_RingParachute_A_01
-0.09999999
0.04423657
0
4536.643
136.463
3620.259
1.0
LinkTagAnd
0
0
0
4495.961
106.5255
3542.473
1.0
Area
0
-1.94
0
4588.227
139.3925
3699.315
12
Area
2.075345
-0.3002942
-1.732715
4645.849
151.8209
3648.326
1.0
TwnObj_BrownStoneRuinWall_A_01
0.04
1.34
0
4618.695
160.5961
3720.547
1.0
FldObj_RockBeachWall_A_02_Far
0
2.2
0
4632.339
121.1451
3546.963
0.95
Obj_RingParachute_A_01
-0.3
-1.444805
0
4631.084
145.5156
3807.313
1.0
LinkTagAnd
0
-2.094395
0
4733.106
218.0002
3769.753
1.0
Obj_RingParachute_A_01
-0.24
0.6199999
0
4584.122
122.5609
3780.75
1.0
LinkTagAnd
0
0
0
4496.31
110.2656
3395.711
1.0
LinkTagAnd
2.94885
-0.1872645
3.06519
4501.299
105.9925
3539.957
1.0
Area
1.676106
-0.3183449
-1.603868
4621.007
177.7236
3724.378
1.0
Item_Fruit_H
1.570796
-0.4569667
0
4593.456
130.5612
3516.36
1.0
LinkTagAnd
0
0
0
4637.974
120.7615
3641.29
1.0
FldObj_CliffWhiteHill_C_03_Far
3.037198
-0.8232656
-3.110062
4604.097
132.3974
3691.461
0.7
Item_Fruit_H
0.7853982
-0.1079004
0
4589.314
129.8068
3497.849
1.0
LinkTagAnd
0
-1.48
0
4568.097
128.5765
3531.218
1.0
LinkTagAnd
2.961593
1.521592
-3.141593
4627.849
140.1126
3608.907
1.0
DgnObj_EntranceElevatorSP
0
-2.094395
0
4737.484
218.0003
3772.092
1.0
LinkTagAnd
2.501593
0.5584074
-3.141593
4625.172
133.3474
3616.438
1.0
LinkTagNAnd
0
0
0
4646.596
163.5357
3733.727
1.0
AnchorAction1
0
-2.315988
0
4708.594
206.7889
3740.508
1.0
Obj_Mineral_A_01
0
-0.4199999
0
4700.584
114.7836
3684.156
1.0
PlayerOnScaffoldCheckTag
0
0.8164014
0
4649.257
170.2067
3750.479
1.0
Obj_RingParachute_A_01
-0.32
1.43121
0
4668.644
189.543
3707.707
1.0
TimeControlTag
0
0
0
4403.728
108.2293
3552.712
1.0
LinkTagAnd
0
0
0
4463.823
139.1456
3743.329
1.0
Obj_TreePalmBeach_A_02
0
-2.06753
0
4511
106.8704
3536
1.0
LinkTagAnd
-1.570796
0
0
4599.298
148.173
3565.938
1.0
LinkTagAnd
0
-1.48
0
4585.097
132.1532
3532.683
1.0
Item_Fruit_G
3.122404
1.23041
-2.475842
4678.046
120.5963
3622.6
1.0
LinkTagNAnd
0
0
0
4622.51
164.2977
3747.842
1.0
LinkTagNAnd
0
0
0
4460.143
139.4966
3733.543
1.0
LinkTagAnd
0
0
0
4553.898
122.4803
3592.616
1.0
LinkTagNAnd
0
0
0
4648.961
116.6465
3618.753
1.0
LinkTagNone
0
0
0
4610.833
160.4327
3750.993
1.0
LinkTagCount
0
1.047198
0
4663
243
3707
1.0
SignalFlowchart
0
0
0
4384.359
109.5157
3526.5
1.0
LinkTagAnd
0
0
0
4483.714
141.5366
3748.955
1.0
AscendingCurrent
0
0.3999998
0
4541.013
111.3025
3715.429
1.0
LinkTagAnd
-0.4199999
0.6792799
0
4645.943
143.7211
3612.281
1.0
Area
0
1.570796
3.141593
4541.09
119.8286
3715.533
1.0
LinkTagNAnd
0
0
0
4703.125
106.7649
3624.485
1.0
TwnObj_BrownStoneRuinWall_A_02
-2.981593
0.230796
3.141593
4643.439
161.6037
3713
1.0
LinkTagNAnd
0
0
0
4460.592
139.6375
3742.978
1.0
TBox_Field_Stone
0
1.480001
0
4636.5
162.5879
3727
1.0
FldObj_RockBeachWall_A_02
-0.2341802
-0.5737271
0.009934273
4583.116
115.0655
3767.639
0.9
ActorObserverTag
0
0
0
4500.463
109.5625
3392.427
1.0
LinkTagAnd
2.821593
0.6815929
-3.141593
4588.209
218.2174
3585.11
1.2
LinkTagAnd
2.821593
0.9806831
-3.141593
4477.076
149.4339
3739.051
0.6
FldObj_RockBeach_A_S_01
0
-1.24
0
4788.657
104.0107
3694.233
0.8
Area
-1.21017
0.3196337
-1.452849
4654.48
192.4222
3765.168
1.0
LinkTagAnd
0
0.01999954
0
4647.567
111.049
3629.719
1.0
Area
0
1.570796
3.141593
4626.308
159.5125
3630.635
1.0
Obj_TreePalmBeach_A_02
0
2.74
0
4601.981
114.2977
3655.449
1.0
FldObj_RockBeachWall_A_05_Far
2.942557
0.1780831
-3.13078
4915.717
104.9641
3697.473
1.0
LinkTagAnd
0
-1.94
0
4585.429
139.3925
3698.232
1.0
LinkTagAnd
0
0
0
4604.591
124.2678
3565.362
1.0
LinkTagAnd
1.570796
0
0
4619.271
169.9239
3741.421
1.0
Obj_TreePalmBeach_A_02
0
-1.64
0
4565.887
124.6572
3520.428
1.0
LinkTagAnd
-0.32
1.43121
0
4660.473
192.4875
3706.559
1.0
LinkTagNAnd
0
0
0
4655.704
165.1078
3710.493
1.0
Obj_RingParachute_A_01
2.821593
0.9806831
-3.141593
4481.19
147.6672
3736.296
0.6
LinkTagAnd
0
0
0
4515.841
109.3517
3462.045
1.0
LinkTagAnd
-0.3272164
-0.2076543
0.07648945
4628.597
170.0798
3680.916
1.0
Area
0
0
0
4498.008
107.821
3394.109
1.0
LinkTagOr
0
2.32
0
4710.877
160.8638
3711.692
1.0
Item_Fruit_G
2.581593
0.6799991
3.141593
4611.427
135.8163
3494.559
1.0
FldObj_RockBeach_A_M_01
0
1.081593
0
4887.577
103.2743
3691.582
1.0
Area
-0.1854217
0.06512289
-1.236854
4644.5
172.3754
3812.063
1.0
LinkTagAnd
2.841593
0.2006769
-3.141593
4541.758
178.3075
3686.398
0.8
LinkTagAnd
0
-1.48
0
4565.607
131.0765
3531.444
1.0
LinkTagOr
0
-1.4
0
4491.473
113.5172
3683.928
1.0
TwnObj_BrownStoneRuinPillar_A_01
0.05057516
1.320198
0.03213836
4631.793
162.2612
3697.21
1.0
Obj_TreeBroadleaf_B_L_01
0
5.17809
0
4568.575
126.1411
3542.711
1.0
LinkTagNAnd
0
0
0
4544.813
121.6804
3629.59
1.0
Area
0.9369877
-0.1946896
-1.429555
4529.158
118.0928
3567.357
1.0
Obj_TreeBroadleaf_B_L_01
0
1.75362
0
4561.531
121.8461
3475.081
1.0
TBox_Field_Stone
0
-1.639998
0
4628.345
161.478
3696.697
1.0
FldObj_RockBeachWall_A_06_Far
2.902347
1.265469
3.124531
4486.273
118.0231
3729.398
0.8
Area
0
-0.9615911
0
4620.402
168.1714
3744.926
2
LinkTagAnd
2.841593
0.2006769
-3.141593
4540.709
176.6151
3691.552
0.8
Area
0
1.570796
3.141593
4539.918
129.5318
3663.211
1.0
LinkTagNAnd
0
0
0
4498.451
106.0375
3538.026
1.0
LinkTagOr
0
2.58
0
4667.052
109.2323
3582.203
1.0
Obj_RingParachute_A_01
-0.4199999
0.6792799
0
4647.344
138.7277
3614.017
1.0
LinkTagAnd
0
-2.88
0
4503.045
114.9306
3610.832
1.0
ActorObserverTag
0
0
0
4483.247
142.0991
3746.42
1.0
LinkTagAnd
0
0
0
4459.834
139.3602
3741.488
1.0
Obj_RingParachute_A_01
2.821593
0.6815929
-3.141593
4589.51
211.988
3583.506
1.2
Enemy_Bokoblin_Junior
0
2.52
0
4648.223
162.9916
3743.996
1.0
LinkTagAnd
0
0
0
4556.275
119.7485
3558.819
1.0
LinkTagNAnd
0
0
0
4506.36
106.3978
3535.683
1.0
LinkTagAnd
-0.3272164
-0.2076543
0.07648945
4630.112
167.8954
3674.542
1.0
FldObj_CliffWhiteWall_C_01_Far
-0.24
-0.1831847
0
4675.617
163.876
3760.479
0.75
LinkTagAnd
0
0
0
4500.93
109
3394.962
1.0
LinkTagAnd
-0.1803443
0.1814175
-0.001965128
4495.685
106.3101
3545.322
1.0
FldObj_RockBeach_A_M_01_Far
0.18
-0.52
0
4662.796
106.4223
3583.312
1.0
Obj_TreePalmJungle_A_LL_01
0
0
0
4541.541
115.9716
3494.088
1.0
Item_Fruit_G
2.581593
-0.8204807
3.141593
4492.773
117.8494
3438.716
1.0
Obj_RockBroken_A_02
-0.07235273
-0.9942607
-0.09764755
4575.673
116.7307
3764.058
1.0
FldObj_RockBeach_A_M_01_Far
0
-0.32
0
4604.33
104.7467
3452.843
1.0
Obj_RingParachute_A_01
-1.570796
0
0
4599.298
148.173
3571.407
1.0
LinkTagAnd
0
0
0
4413.138
124.4009
3751.01
1.0
LinkTagAnd
0
0
0
4599.771
139.1869
3757.514
1.0
LinkTagAnd
1.570796
0
0
4619.271
176.8302
3741.343
1.0
LinkTagAnd
0
3.063185
0
4484.445
107.6841
3652.523
1.0
LinkTagAnd
-0.32
1.43121
0
4666.94
194.7341
3707.468
1.0
Obj_TreeBananaMini_A_01
0
-2.202296
0
4605.339
126.2992
3524.561
1.0
FldObj_NakedIslandBall_01
8.015645E-07
7.792278E-07
-0.2243121
4642.036
122.5612
3626.925
1.0
Item_Fruit_G
-0.6799999
-0.7821115
0
4550.538
126.8943
3751.637
1.0
Item_Fruit_D
0.4697783
-1.317083
-0.291829
4443.737
144.7392
3760.314
1.0
LinkTagNAnd
0
0
0
4469.797
105.9922
3655.369
1.0
Area
0
1.570796
3.141593
4574.896
131.6306
3769.254
1.0
Weapon_Lsword_032
1.570796
0
0.6799999
4599.009
126.8738
3561.327
1.0
Area
1.0156
-0.2223272
-1.434869
4553.33
127.033
3739.912
1.0
Obj_RingParachute_A_01
-0.3272164
-0.2076543
0.07648945
4628.632
164.8887
3682.636
1.0
Weapon_Lsword_020
-0.2748896
0.5003125
0.02065986
4444.301
107.2474
3682.575
1.0
LinkTagAnd
2.821593
0.6815929
-3.141593
4583.271
215.5214
3591.196
1.2
LinkTagAnd
2.821593
0.9806831
-3.141593
4480.333
150.7819
3736.87
0.6
Area
0.02208643
-0.008312556
-1.210888
4609.292
159.9399
3813.989
1.0
FldObj_RockBeachWall_A_06
-1.96211
-1.196603
1.703567
4426.825
103.6612
3747.885
1.0
EnemyFortressMgrTag
0
1.741592
0
4499.404
106.5783
3542.753
1.0
Obj_TreePalmBeach_A_02
0
1.84
0
4620.067
119.19
3523.593
1.0
PlayerOnScaffoldCheckTag
0
1.958407
0
4661.79
169.9684
3712.394
1.0
FldObj_RockBeach_A_L_01
-0.0991482
-1.156806
0.1602196
4680
104.4606
3654.168
0.9
AreaCulling_InnerHide
0
-0.4799999
0
4505.936
123.0064
3612.264
1.0
LinkTagAnd
0
0
0
4399.736
103.9733
3552.646
1.0
FldObj_RockBeach_A_M_01_Far
0
-1.18
0
4713.615
101.171
3624.514
1.0
LinkTagAnd
0
0
0
4652.628
163.6694
3733.319
1.0
Area
0
0
0
4480.792
140.3576
3748.102
1.0
Enemy_Chuchu_Fire_Junior
0
0
0
4548.495
121.3661
3629.6
1.0
LinkTagAnd
-0.4199999
0.6792799
0
4642.002
140.8337
3607.4
1.0
LinkTagNAnd
0
0
0
4536.059
113.6572
3464.888
1.0
LinkTagNAnd
0
0
0
4416.628
100.2493
3584.831
1.0
LinkTagAnd
0
0
0
4470.05
140.2955
3736.399
1.0
Obj_RingParachute_A_01
2.841593
0.2006769
-3.141593
4542.016
174.1279
3685.131
0.8
LinkTagNAnd
0
0
0
4400.353
106.8772
3659.298
1.0
LinkTagAnd
0
0
0
4644.167
163.6362
3750.471
1.0
FldObj_CliffWhiteHill_C_02_Far
0
-1.68
0
4597.833
136.7339
3728.585
1.0
LinkTagNAnd
0
0
0
4500.043
111.7595
3785.768
1.0
LinkTagNAnd
0
0
0
4603.604
124.2663
3567.564
1.0
Item_Fruit_H
-2.981593
-0.9392971
3.141593
4605.201
128.0486
3524.354
1.0
FldObj_CliffWhiteHill_C_03_Far
-3.127596
-0.9946786
-2.906933
4536.549
119.2568
3625.376
1.0
Obj_RockLayerMoss_B_Cliff_02
3.041592
1.181593
3.141593
4610.579
123.1797
3550.018
1.0
Item_Fruit_G
2.461593
-1.159481
3.141593
4473.223
117.9159
3649.803
1.0
ChangeWeatherTag
0
0
0
4386.704
126.0949
3564.406
1.0
Enemy_Bokoblin_Guard_Junior_TreeHouseTop
0
-0.6800005
0
4642.387
121.2191
3611.519
1.0
FldObj_RockBeach_A_L_01_Far
0
0
0
4465.078
108.5055
3699.279
0.8
AscendingCurrent
0
0.3999998
0
4539.841
112.74
3663.107
1.0
Area
0.2170624
-0.06652097
-1.278047
4612.171
132.4206
3799.196
1.0
Item_Fruit_G
-0.6799999
-1.162112
0
4600.047
136.4456
3553.7
1.0
Obj_TreePalmBeach_A_02
0
-0.8199999
0
4498.413
106.1226
3500.418
1.0
LinkTagAnd
0
-2.88
0
4499.694
109.5608
3607.993
1.0
Obj_RingParachute_A_01
1.570796
0
0
4619.271
169.9239
3735.953
1.0
EventTag
0
0
0
4673.716
167.2372
3744.344
1.0
LinkTagAnd
-1.570796
0
0
4599.298
141.2668
3566.016
1.0
