UnitConfigName/__text
Rotate/value/0
Rotate/value/1
Rotate/value/2
Translate/value/0
Translate/value/1
Translate/value/2
_Scale
LinkTagAnd
0
0
0
-3999.686
638.9622
-3619.177
1.0
Obj_TreeSnowberry_A
0.06224304
0.4762601
0.1351132
-4407.306
487.3959
-3566.378
1.0
FldObj_CliffSnowWall_D_18
1.512031
0.5698106
-3.135083
-3828.133
392.795
-3581.781
1.0
FldObj_CliffSnowLargeWall_D_01_Far
-3.000357
1.423417
-2.703913
-4425.381
371.2949
-3060.002
1.0
LinkTagNAnd
0
1.628555
0
-4021.215
300.5912
-3713.252
0.6
Obj_RockSetSnow_A_01
1.026198
1.457951
-3.010451
-4376.354
323.1316
-3778.156
1.0
Obj_RockSetSnow_A_01_Far
0.1577928
-0.08671813
-0.1683346
-4445.701
389.7704
-2958.935
1.0
SwitchTimeLag
-2.610371
1.057548
-0.3961778
-4084.925
294.5588
-3718.423
0.5
FldObj_CliffSnowLargeWall_D_02
1.273026
-1.311361
-1.615163
-4494.188
358.1089
-3548.152
1.0
LinkTagOr
3.141479
0.2772217
3.141479
-4596.632
334.1255
-3237.786
1.0
FldObj_CliffSnowLargeWall_D_01_Far.001
2.601592
-1.401592
3.141593
-4462.07
396.3044
-3082.273
1.0
LinkTagAnd
0
0
0
-4322
473.5
-3486.1
1.0
FldObj_CliffSnowScaffold_D_01_Far
1.855651
-1.371742
-1.950961
-4137.023
235.8921
-3198.865
1.5
FldObj_CliffSnowWall_D_27
0
3.021593
0
-4399.32
248.3373
-3838.728
1.0
FldObj_CliffSnowWall_D_10
-2.874431
-0.2655454
3.034433
-4434.529
381.9462
-3429.464
1.0
FldObj_CliffSnowTopHalf_D_01
-0.07446659
0.4306409
0.2602887
-4262.113
195.1385
-3078.2
1.0
LinkTagNAnd
1.601383
-1.085123
-2.658031
-4227.195
273.2341
-3133.083
1.0
FldObj_Giant_Bone
-0.05964608
0.0004566602
0.01530749
-4274.5
326.8059
-3781
1.0
LinkTagAnd
1.601383
-1.085123
-2.658031
-4228.021
272.8001
-3131.314
1.0
FldObj_CliffSnowWall_D_10.001
0.7346793
0.06825968
-0.4453414
-4412.099
477.2798
-3481.78
1.0
FldObj_CliffSnowWall_D_14_Far
-0.01336048
-0.7893105
-0.1560652
-4029.741
261.0907
-3135.815
1.0
FldObj_CliffSnowWall_D_03_Far
-0.3410084
0.07541141
-0.02672966
-3854.955
398.9192
-3544.718
1.0
ConstraintDummy
-1.080986
0.551882
-0.3910744
-4168.934
222.0753
-3158.908
1.0
LinkTagOr
0
1.550797
0
-3956.148
370.343
-3872.171
3
PosAfterDemoSkip
0
-1.513038
0
-4016.265
288.0912
-3711.935
1.0
LinkTagAnd
0
0
0
-4004.141
331.7827
-3693.588
1.0
FldObj_CliffSnowLargeWall_D_02.001
-2.997733
0.2601734
-3.121212
-4333.026
309.0322
-3814.932
1.0
FldObj_CliffSnowWall_D_20
0.7597344
-1.308695
-0.7569427
-4113.096
285.9057
-3330.742
1.0
Area
0
2
0
-4450.35
331.752
-3803.516
25
IceWall
-0.001359378
0.4803066
-0.02059173
-4214.659
346.1625
-3748.465
1.2
LinkTagAnd
0
0
0
-4450.35
331.752
-3803.516
1.0
FldObj_CliffSnowWall_D_27.001
-1.011077
0.9101079
-0.4357965
-4309.398
289.0087
-3171.976
1.0
LinkTagAnd
0
0
0
-4057.268
313.963
-3726.255
1.0
FldObj_CliffSnowWall_D_10_Far
-2.874431
-0.2655454
3.034433
-4434.529
381.9462
-3429.464
1.0
PosAfterDemoSkip
0
-2.24
0
-4441.479
329.8536
-3798.701
1.0
LinkTagNAnd
0
2.576126
0
-4429.147
391.981
-3387.646
1.0
LinkTagAnd
0
1.661593
0
-4230.847
287.3569
-3134.313
1.0
LinkTagAnd
0
0.1761267
0
-4037.486
298.076
-3199.996
1.0
LinkTagAnd
0
0.1761267
0
-4041.101
298.0675
-3200.223
1.0
ConstraintDummy
-0.8772726
-0.07990079
-0.2425437
-4429.188
408.362
-3034.014
1.0
IceWall
0.6763589
-1.378364
-0.6472831
-4029.341
464.8531
-3760.167
1.1
FldObj_CliffSnowLargeWall_D_01
2.932074
-0.4576799
-2.797897
-4528.628
311.4037
-3293.463
1.0
Obj_TreeConiferous_A_Snow_03
0
0
0
-4241.446
271.7646
-3110.565
1.0
LinkTagAnd
0
0
0
-4157.27
355.1182
-3399.927
1.0
FldObj_CliffSnowWall_D_20.001
-0.1339875
-0.9741834
0.2233704
-4283.924
467.2496
-3510.58
1.0
FldObj_CliffSnowScaffold_D_01
2.970434
0.8997314
3.062407
-4125.678
191.7653
-3064.173
1.5
FldObj_CliffSnowEdgeWall_END_B_02_Far
3.123482
0.1397206
3.043899
-4296.958
265.1087
-3785.302
1.2
LinkTagAnd
0
0
0
-4263
330
-3770
1.0
FldObj_CliffSnowWall_D_27_Far
-1.011077
0.9101079
-0.4357965
-4309.398
289.0087
-3171.976
1.0
Obj_RockSetSnow_A_01_Far.001
0
0
0
-4293.928
329.9511
-3754.974
1.0
ValleyEffectLocater
0
0
0
-4278.882
0
-4545.177
1.0
FldObj_CliffSnowWall_D_03
-0.3410084
0.07541141
-0.02672966
-3854.955
398.9192
-3544.718
1.0
LinkTagAnd
0
1.628555
0
-4017.049
288.0912
-3710.488
0.3
Area
0
0
0
-4161.333
351.0385
-3399.963
1.0
LinkTagAnd
0
0
0
-4005.313
630.7044
-3622.801
1.0
WallCrack
3.023813
0.856694
-2.881861
-4137.902
466.8301
-3734.458
1.0
FldObj_CliffSnowWall_D_09_Far
0
0
0
-4316.871
475.4393
-3513.054
0.5
Obj_TreeConiferous_A_Snow_03.001
0
0
0
-4143.99
196.5307
-3081.594
1.0
FldObj_CliffSnowEdgeWall_END_B_02_Far.001
2.747321
-1.27896
-2.750832
-4503
268.3349
-3618.165
1.2
FldObj_CliffSnowTopHalf_D_01.001
-3.019614
-1.058718
2.397532
-4573.559
322.4487
-3115.851
1.0
FldObj_CliffSnowLargeWall_D_02_Far
2.367234
-0.09209363
-2.997342
-4345.335
366.4283
-3682.057
1.0
FldObj_KorokTarget_A_01
0
-2.059996
0
-3990.389
638.4232
-3615.361
1.0
Obj_Mineral_C_01
0.5460296
0.001795035
0.01405948
-4221.038
473.7381
-3650.801
1.0
LinkTagAnd
2.585238
1.336095
-3.10656
-4055.825
317.1283
-3726.627
1.0
FldObj_CliffSnowLargeWall_D_02_Far.001
2.633879
-0.2289533
-3.074531
-4040.784
412.1635
-3748.177
1.0
FldObj_CliffSnowLargeWall_D_01.001
-0.2729513
1.236147
0.2736966
-4381.131
381.998
-3373.362
1.0
FldObj_CliffSnowWall_D_10.002
-0.2786438
0.1841107
-0.1836123
-4272.506
297.0026
-3171.416
1.0
LinkTagAnd
0
0
0
-4399.998
334.0603
-3779.205
1.0
Obj_RockSetSnow_A_01_Far.002
0
0.24
0
-4472.905
419.2088
-3082.672
1.0
Obj_Plant_Korok_A_01
1.342368
1.115816
0.9426907
-4201.369
221.0817
-3117.924
1.0
LinkTagOr
0
-3.141593
0
-4156.437
352.9482
-3404.128
1.0
FldObj_CliffSnowLargeWall_D_02_Far.002
3.137687
0.3684824
3.120217
-4195.759
308.0079
-3791.339
1.0
FldObj_CliffSnowWall_D_20.002
2.237465
1.092082
2.219824
-4105.507
270.0795
-3295.059
1.0
FldObj_SnowBallGate_A_01_Far
0
1.019997
0
-3816.285
357.7402
-3596.379
1.0
Area
0
0
0
-4399.698
331.9103
-3778.905
0.1
FldObj_CliffSnowLargeWall_D_02_Far.003
2.873359
-0.2966117
3.124095
-4094.358
319.9772
-3779.23
1.0
Item_Fruit_B
-0.1631663
0.02902368
3.06563
-4247.326
278.8192
-3118.483
1.0
Enemy_Lizalfos_Senior
0
0.2978551
0
-4047.453
297.3989
-3206.905
1.0
FldObj_CliffSnowScaffold_D_01_Far.001
0.2328938
-1.43822
-0.1956509
-4140.822
189.9739
-3056.561
1.5
Area
-1.039575
1.057548
-0.3961778
-4085.509
291.9457
-3718.159
2
DgnObj_DungeonEntrance_A_01
0
1.628555
0
-4023.125
287.0912
-3711.639
1.0
SwitchTimeLag
-1.570796
0
0
-4399.998
335.0603
-3779.205
0.5
FldObj_CliffSnowWall_D_07_Far
-0.3163945
-0.8043693
0.3007707
-4456.936
270.5186
-3770.942
1.0
Obj_Mineral_B_01
0
0
0
-4214.708
346.0831
-3748.635
1.0
TBox_Field_Enemy
0
-2.965466
0
-4044.476
303.116
-3192.649
1.0
LinkTagOr
2.721592
-1.301593
3.141592
-4229.139
256.5124
-3126.184
1.0
LookTag
0
-1.089066
0
-4427.459
398.7584
-3393.447
1.0
EventTag
0
-2.965466
0
-4054.246
318.0602
-3197.164
1.0
Area
2.721592
-1.301593
3.141592
-4229.846
254.8688
-3126.38
2
FldObj_CliffSnowWall_D_22
0.5988122
0.4984317
0.03858396
-3790.727
486.0166
-3572.878
1.0
FldObj_CliffSnowWall_D_27_Far.001
-1.12245
1.053878
-0.3525144
-4271.189
293.6715
-3232.252
1.0
FldObj_CliffSnowWall_D_19
0.07115324
0.2799827
-0.08241551
-3805.048
504.604
-3594.613
1.0
FldObj_CliffSnowLargeWall_D_01_Far.002
3.024122
0.3665408
3.113199
-3943.92
507.1797
-3701.589
1.0
Obj_TreeConiferous_A_Snow_03.002
0
2.59747
0
-4180.875
242.5216
-3223.915
1.0
FldObj_CliffSnowLargeWall_D_02_Far.004
2.584102
-1.112078
-2.922986
-4485.962
370.8013
-3635.981
1.0
FldObj_CliffSnowLargeWall_D_02.002
2.869246
-0.5107496
-2.993863
-4583.953
333.6973
-3344.276
1.0
Obj_LiftRockWhite_A_01
0
-1.660001
0
-4199.822
347.98
-3369.269
1.0
BattleBgmRequestFinishTag
0
0.1761267
0
-4034.81
318.034
-3201.635
1.0
WallCrack
2.606136
-0.331271
3.111648
-4405.467
422.1175
-3678.214
1.0
LinkTagAnd
0
0
0
-4225.186
476.9688
-3662.241
1.0
FldObj_CliffSnowWall_D_11
0.6375608
-1.051263
-0.5714504
-4479.892
283.7589
-3783.685
1.0
FldObj_CliffSnowWall_D_27_Far.002
1.301958
1.34653
1.780786
-4359.262
367.7239
-3100.862
1.0
LinkTagAnd
-1.375639
0.8514534
-0.8869091
-4019.222
338.5697
-3713.704
1.0
FldObj_CliffSnowEdgeWall_END_B_02_Far.002
0.08660726
-1.500832
-0.06600319
-4642.273
214.9652
-3152.42
1.0
FldObj_CliffSnowScaffold_D_01.001
0.8343338
-1.267676
-0.7154493
-4171.432
258.9197
-3264.313
1.5
Area
0
-2.059996
0
-4005.313
630.7044
-3622.801
3
LinkTagAnd
-0.06812564
0.0008549297
0.02508759
-4261.356
329.7236
-3778.941
1.0
Item_Fruit_B
-3.141479
-0.2772217
-0.0001133089
-4594.722
335.1147
-3237.427
1.0
FldObj_CliffSnowWall_D_17_Far
3.041593
-1.421596
-3.141592
-4505.94
280.9845
-3730.902
1.0
DungeonBird_test
0
-0.78
0
-4022.719
319.2926
-3710.898
1.0
ConstraintDummy
-0.8969953
0.02125527
-0.3294298
-4403.448
490.4626
-3580.925
1.0
FldObj_CliffSnowWall_D_10_Far.001
2.60747
-1.026721
2.614458
-4331.95
465.3443
-3461.053
1.2
FldObj_CliffSnowWall_D_10.003
1.393596
1.277499
0.7186341
-4420.691
392.0265
-3034.502
1.0
ActorObserverTag
0
0
0
-4400.248
333.0603
-3779.455
1.0
LinkTagAnd
0
0
0
-4205.132
231.954
-3121.324
1.0
Area
0.190718
-0.01382698
0.1443096
-4004.141
331.7827
-3693.588
2
Area
-2.970192
0.3145139
-3.054896
-4424.185
498.0525
-3216.088
3
FldObj_CliffSnowLargeWall_D_02_Far.005
1.273026
-1.311361
-1.615163
-4494.188
358.1089
-3548.152
1.0
Npc_HiddenKorokGround
0
-0.4799999
0
-3960.376
350.6725
-3723.258
1.0
FldObj_CliffSnowWall_D_16
0.04613363
-0.09732959
-0.06424915
-4049.108
294.2637
-3192.154
1.0
Item_Fruit_B
-0.06224308
-0.4762601
-3.006479
-4407.694
488.203
-3566.785
1.0
Obj_RockSetSnow_A_01_Far.003
0
0
0.3399999
-4205.896
317.4968
-3812.194
1.0
FldObj_CliffSnowLargeWall_D_01.002
2.315577
-0.9540746
-2.701908
-4393.74
468.1876
-3525.519
1.0
FldObj_CliffSnowLargeWall_D_02.003
2.496275
-0.3129637
-3.021012
-4428.25
396.8685
-3656.14
1.0
LinkTagAnd
0
0
0
-4450.35
331.752
-3803.516
1.0
SwitchTimeLag
-1.380078
-0.01382698
0.1443096
-4004.372
333.1519
-3691.284
0.5
LinkTagAnd
0
-2.059996
0
-3998.981
635.4622
-3620.502
1.0
Area
0
2.280001
0
-4023.125
287.4194
-3711.639
25
Obj_TreeSnowberry_A.001
0.1631663
-0.02902367
-0.07596284
-4247.348
277.9214
-3118.082
1.0
LinkTagOr
0
1.879996
0
-4166.401
514.8201
-3613.556
1.0
LinkTagOr
0
1.879996
0
-4168.379
516.8201
-3619.747
1.0
FldObj_CliffSnowWall_D_27.002
-0.03999998
1.544852
0.5960442
-4281.477
248.9505
-2988.528
1.0
FldObj_CliffSnowWall_D_18_Far
0
-0.5800001
0
-4140.41
351.6482
-3449
1.0
WallCrack
2.996858
-0.531754
-3.091679
-4221.134
471.9951
-3652.221
1.0
TBox_Field_Iron
0
-2.936713
0
-4406.068
423.9962
-3677.348
1.0
Obj_TreeConiferous_A_Snow_03.003
0
0
0
-4062.111
175.6093
-3006.78
1.0
FldObj_CliffSnowLargeWall_D_01.003
2.87174
0.09567363
-2.886991
-4306.506
454.711
-3621.433
1.0
Area
0
-0.01999994
0
-4233.921
358.9288
-3781.713
1.0
FldObj_CliffSnowWall_D_03.001
3.073532
0.06522193
-2.756313
-4446.686
324.9546
-3230.675
1.1
DgnObj_WarpPoint_A_01
0
1.628555
0
-4013.946
288.0543
-3712.17
1.0
FldObj_CliffSnowScaffold_D_01_Far.002
0.2387441
-0.2591493
-0.1572302
-4127.325
234.4439
-3194.33
1.5
FldObj_CliffSnowEdgeWall_B_02
-0.4602389
1.206809
0.0618634
-4313.552
306.198
-3148.866
0.9
DgnObj_DungeonEntrance_A_01_Far
0
0.9015927
0
-4446.803
328.8536
-3803.039
1.0
Area
0
0
-1.570796
-4309.5
460.5
-3495
1.0
FldObj_CliffSnowLargeWall_D_02.004
2.584102
-1.112078
-2.922986
-4470.007
222.3814
-3459.667
1.0
FldObj_CliffSnowWall_D_14_Far.001
-0.3800001
-0.4600001
0
-4043.239
244.3134
-3157.816
1.0
FldObj_CliffSnowWall_D_03.002
-3.104059
-0.7406489
-2.961842
-4483.871
324.9085
-3193.945
1.1
LocationTag
0
0
0
-4023.125
287.4194
-3711.639
1.0
FldObj_CliffSnowLargeWall_D_01_Far.003
-0.2478562
-0.2958695
0.03468345
-3974.438
494.6901
-3581.613
1.0
FldObj_CliffSnowWall_D_10.004
-0.6615343
-0.09597546
-0.02098938
-4271.497
307.3151
-3228.912
1.0
LinkTagOr
0
0
0
-4397.98
335.9583
-3785.268
1.0
LinkTagAnd
0
-1.261597
0
-4167.314
519.3201
-3616.413
1.0
FldObj_CliffSnowWall_D_10.005
0.8399997
0.42
0
-4244.103
471.022
-3471.172
1.0
SwitchTimeLag
1.170796
-1.221593
3.141592
-4206.205
234.3907
-3121.715
0.5
LinkTagAnd
0
0
0
-4157.27
354.1182
-3399.927
1.0
FldObj_CliffSnowWall_D_27.003
-0.5880638
0.1149867
0.1444052
-4213.946
317.3664
-3341.205
1.0
SwitchTimeLag
1.570796
-1.081597
3.141593
-3999.686
638.9622
-3619.177
0.5
FldObj_CliffSnowWall_D_27_Far.003
-0.5880638
0.1149867
0.1444052
-4213.946
317.3664
-3341.205
1.0
FldObj_CliffSnowLargeWall_D_01_Far.004
-0.1279017
0.4897798
0.1115624
-4092.654
459.2265
-3560.084
1.0
FldObj_KorokGoal_A_01
0
1.879996
0
-4167.162
514.8201
-3615.937
1.0
ForceSetPosDirAutoSaveAnchor
0
-1.513038
0
-4016.265
288.0912
-3711.935
1.0
FldObj_MountainSnow_A_M_04
0
0.03999992
0
-3951.504
493.1329
-3632.195
1.2
Npc_HiddenKorokGround
0
-3.121592
0
-4397.606
332.4454
-3773.917
1.0
FldObj_CliffSnowWall_D_10_Far.002
1.393596
1.277499
0.7186341
-4420.691
392.0265
-3034.502
1.0
Obj_RockSetSnow_A_01.001
0
1.400001
0
-4171.44
334.2503
-3774.545
1.0
Obj_RockSetSnow_A_01.002
0.3199999
0
1.52
-3816.131
439.0697
-3575.636
1.0
Item_Fruit_B
-3.141479
0.0616455
-0.0001134874
-4123.983
510.1017
-3579.086
1.0
FldObj_CliffSnowTopHalf_D_01_Far
2.915763
-0.7420868
2.674547
-4563.059
322.4487
-3172.64
1.0
Obj_RockSetSnow_A_01_Far.004
0
0
0
-4229.821
327.801
-3790.468
1.0
ForceSetPosDirAutoSaveAnchor
0
-2.24
0
-4441.479
329.8536
-3798.701
1.0
FldObj_CliffSnowLargeWall_D_03_Far
2.63448
1.442608
3.109741
-4391.117
381.6998
-2931.951
1.0
FldObj_CliffSnowWall_D_19.001
3.033419
1.103908
2.957498
-3834.822
438.9152
-3565.484
1.0
FldObj_CliffSnowLargeWall_D_01.004
2.601592
-1.401592
3.141593
-4462.07
396.3044
-3082.273
1.0
LinkTagNAnd
2.741592
-1.221593
3.141592
-4206.386
234.7801
-3123.909
1.0
LookTag
0
0.9015927
0
-4438.567
328.8536
-3796.525
1.0
LinkTagOr
0.08796273
0.1193977
-0.1007195
-4403.694
489.9682
-3580.135
1.0
LinkTagOr
-1.375639
0.8514534
-0.8869091
-4021.78
337.0495
-3714.087
1.0
FldObj_CliffSnowWall_D_27.004
-0.741239
-0.04302901
-0.4119289
-4182.864
314.2141
-3349.34
1.0
ChangeWeatherTag
-3.089496
0.4076661
-3.010822
-3993.979
452.2959
-3696.76
1.0
Area
-0.26
0
1.570796
-3973.843
306.7
-3708.252
85
FldObj_CliffSnowLargeWall_D_01_Far.005
2.394725
1.095288
2.50269
-4270.294
263.9809
-3189.494
1.0
FldObj_CliffSnowWall_D_16.001
0
2.3
0
-4157.642
348.2141
-3402.217
1.0
LinkTagAnd
0
0
0
-4263
330
-3774
1.0
LinkTagAnd
0
-2.059996
0
-3996.568
639.9232
-3618.65
2
Obj_Plant_Korok_A_01.001
1.500832
1.465046
0.8612015
-4227.857
284.2549
-3135.037
1.0
FldObj_CliffSnowEdgeWall_END_B_02
-3.135696
-0.1620438
3.104951
-4060.744
239.0564
-3804.236
1.2
FldObj_CliffSnowWall_D_10_Far.003
3.067116
-1.091061
-2.802233
-4510.828
385.2009
-3343.522
1.0
LinkTagAnd
2.741592
-1.221593
3.141592
-4207.07
234.7801
-3122.03
1.0
LinkTagNAnd
0.190718
-0.01382698
0.1443096
-4006.337
332.6748
-3690.33
1.0
FldObj_CliffSnowWall_D_14
-0.01336048
-0.7893105
-0.1560652
-4029.741
261.0907
-3135.815
1.0
LinkTagNAnd
0
0.9015927
0
-4444.303
342.3536
-3802.975
0.6
Enemy_Dragon_Electric
0
0
0
-4300
-500
-3500
1.0
LinkTagOr
0
-0.5000002
0
-4212.831
169.9456
-3835.395
1.0
LinkTagAnd
-0.1735085
-0.4515072
0.3626219
-3961.494
352.882
-3723.864
1.0
BattleBgmRequestFinishTag
0
2.576126
0
-4439.084
411.9165
-3394.172
1.0
ConstraintDummy
2.25008
0.3848041
-2.904897
-4597.129
334.5734
-3237.092
1.0
FldObj_CliffSnowLargeWall_D_01.005
-3.000357
1.423417
-2.703913
-4425.381
371.2949
-3060.002
1.0
FldObj_CliffSnowWall_D_27_Far.004
-1.432758
-0.9106475
0.6101695
-4490.135
402.7384
-3228.111
1.0
Obj_Plant_Korok_A_01.002
2.950875
0.01382689
-2.997283
-4003.968
330.6172
-3693.816
1.0
Enemy_Dragon_Fire
0
0
0
-4400
-500
-3500
1.0
LocationTag
0
0
0
-4309.5
460.5
-3495
1.0
LookTag
0
2.794121
0
-4043.872
304.8759
-3194.317
1.0
FldObj_CliffSnowLargeWall_D_02.005
2.633879
-0.2289533
-3.074531
-4040.784
412.1635
-3748.177
1.0
EventTag
0
-0.565467
0
-4421.733
411.9427
-3384.34
1.0
FldObj_CliffSnowWall_D_03_Far.001
-0.2455083
-0.8057459
0.06126541
-4397.175
386.0026
-3458.89
1.0
Obj_Plant_Korok_A_01.003
0.4200006
1.301593
2.553823E-07
-4230.318
253.7731
-3126.51
1.0
TBox_Field_Enemy
0
-0.565467
0
-4425.887
396.9984
-3394.269
1.0
FldObj_BoneWhale_A_02_Far
-1.721872
1.01945
-1.343476
-4031.381
308.9923
-3720.409
1.0
Obj_RockSetSnow_A_01_Far.005
2.710306
-0.1717212
-0.1105841
-4288.31
313.6732
-3811.397
1.0
FldObj_CliffSnowScaffold_D_01_Far.003
0.06884082
-0.08096352
0.01750312
-4130.373
190.5602
-3053.876
1.5
FldObj_CliffSnowLargeWall_D_01.006
-0.2478562
-0.2958695
0.03468345
-3974.438
494.6901
-3581.613
1.0
EventTag
0
0.3779939
0
-4440.856
329.8536
-3800.885
0.6
Obj_TreeConiferous_A_Snow_03.004
0
0
0
-4202.493
241.0234
-3152.635
1.0
FldObj_CliffSnowLargeWall_D_01.007
2.394725
1.095288
2.50269
-4270.294
263.9809
-3189.494
1.0
FldObj_CliffSnowWall_D_03_Far.002
-2.831151
0.2744854
-2.870212
-4426.44
252.6312
-3788.284
1.0
FldObj_CliffSnowWall_D_19_Far
0.07115324
0.2799827
-0.08241551
-3805.048
504.604
-3594.613
1.0
LinkTagOr
0.04060029
0.676125
-0.127415
-4168.731
221.5654
-3158.116
1.0
FldObj_CliffSnow_B_01
-0.4999999
0
0
-4169.794
229.2392
-3804.231
1.0
Obj_RockSetSnow_A_01.003
0
0
0.3399999
-4205.896
317.4968
-3812.194
1.0
Area
0
0
0
-4400.298
331.3103
-3778.905
0.1
Item_Fruit_B
-0.08421454
-0.01640795
3.128084
-4431.388
408.8488
-3032.955
1.0
FldObj_CliffSnowLargeWall_D_01.008
-0.1879017
0.4897798
0.1115624
-4272.932
450.4833
-3477.742
1.0
FldObj_CliffSnowWall_D_27_Far.005
-1.071553
1.182192
-0.4845171
-4231.387
277.2672
-3259.797
1.0
DgnObj_EntranceShutter_A_01
0
1.628555
0
-4019.332
288.0914
-3711.858
1.0
LinkTagAnd
0
0
0
-4397.121
381.335
-2997.578
1.0
FldObj_CliffSnowLargeWall_D_01_Far.006
3.072582
-0.8452823
2.992983
-4103.857
477.1249
-3676.092
1.0
FldObj_CliffSnowLargeWall_D_02_Far.006
2.584102
-1.112078
-2.922986
-4470.007
222.3814
-3459.667
1.0
LinkTagOr
0
-2.059996
0
-3999.45
635.4622
-3619.619
1.0
FldObj_CliffSnowEdgeWall_END_B_02.001
3.123482
0.1397206
3.043899
-4296.958
265.1087
-3785.302
1.2
Obj_RockSetSnow_A_01_Far.006
0
0
0
-4483.152
414.2206
-3174.014
1.0
FldObj_CliffSnowWall_D_27.005
-1.12245
1.053878
-0.3525144
-4271.189
293.6715
-3232.252
1.0
ActorObserverTag
0
0
0
-4159.854
351.9684
-3397.404
1.0
Obj_Plant_Korok_A_01.004
-2.102018
-1.057548
2.745415
-4084.912
291.037
-3717.651
1.0
FldObj_CliffSnowLargeWall_D_01_Far.007
2.87174
0.09567363
-2.886991
-4306.506
454.711
-3621.433
1.0
Obj_Plant_Korok_A_01.005
0.607848
-0.9776836
-0.2851816
-3961.386
349.8266
-3720.906
1.0
FldObj_MountainSnowTunnel_A_01_Far
0
0
0
-4009.025
337.396
-3660.096
1.0
FldObj_CliffSnowWall_D_27.006
2.334348
0.1659902
2.971586
-4376.617
333.1945
-3756.024
1.0
ValleyEffectLocater
0
0
0
-4207.839
0
-4201.295
1.0
FldObj_CliffSnowWall_D_14.001
-0.3800001
-0.4600001
0
-4043.239
244.3134
-3157.816
1.0
FldObj_CliffSnowLargeWall_D_02.006
2.873359
-0.2966117
3.124095
-4094.358
319.9772
-3779.23
1.0
FldObj_CliffSnowWall_D_06_Far
-2.825904
0.3213789
-2.995064
-4181.349
282.4439
-3795.647
1.0
Obj_RockSetSnow_A_01_Far.007
0.3199999
0
1.52
-3816.131
439.0697
-3575.636
1.0
LinkTagAnd
0
0
0
-4017.251
288.0914
-3713.982
1.0
FldObj_CliffSnowScaffold_D_01.002
0.2328938
-1.43822
-0.1956509
-4140.822
189.9739
-3056.561
1.5
FldObj_CliffSnowScaffold_D_01_Far.004
2.970434
0.8997314
3.062407
-4125.678
191.7653
-3064.173
1.5
FldObj_CliffSnowWall_D_19_Far.001
0.3404595
0.3072545
0.1634137
-3765.336
487.8154
-3592.067
1.0
Obj_TreeConiferous_A_Snow_03.005
0
0
0
-4239.955
235.3645
-3043.663
1.0
Enemy_Lizalfos_Senior
0
2.697854
0
-4433.321
391.8928
-3381.746
1.0
LinkTagOr
0
-1.261597
0
-4167.01
519.3201
-3615.461
1.0
FldObj_KorokStone_A_01
0
0
0
-4399.998
331.0603
-3779.205
1.0
LinkTagOr
0
0
0
-4261
330
-3772
1.0
Obj_RockSetSnow_A_01.004
2.710306
-0.1717212
-0.1105841
-4288.31
313.6732
-3811.397
1.0
FldObj_CliffSnowWall_D_10_Far.004
-0.6615343
-0.09597546
-0.02098938
-4271.497
307.3151
-3228.912
1.0
FldObj_CliffSnowLargeWall_D_02_Far.007
2.869246
-0.5107496
-2.993863
-4583.953
333.6973
-3344.276
1.0
FldObj_CliffSnowWall_D_16.002
0
1.1
0
-3988.707
299.0191
-3103.976
1.0
LinkTagAnd
0
0
0
-4023.125
287.4194
-3711.639
1.0
FldObj_CliffSnowWall_D_27.007
1.301958
1.34653
1.780786
-4359.262
367.7239
-3100.862
1.0
FldObj_CliffSnowLargeWall_D_01.009
2.961593
-1.461592
3.141593
-4455.556
367.2565
-3410.671
1.0
LinkTagOr
1.799225
-1.115816
-2.198902
-4200.376
223.6047
-3116.64
1.0
LinkTagAnd
0
-3.141593
0
-4155.437
352.9482
-3404.128
1.0
Obj_TreeSnowberry_A.002
3.141479
-0.0616455
3.141479
-4124.074
509.2817
-3579.621
1.0
LinkTagOr
0.08421454
0.01640794
-0.01350893
-4429.471
407.8519
-3033.247
1.0
FldObj_CliffSnowLargeWall_D_02_Far.008
2.407065
-1.022521
-2.736499
-4516.152
385.6699
-3346.786
1.0
FldObj_BoneWhale_A_02
-1.721872
1.01945
-1.343476
-4031.381
308.9923
-3720.409
1.0
SwitchTimeLag
-1.570796
0
0
-4157.27
355.1182
-3399.927
0.5
Area
1.799225
-1.115816
-2.198902
-4200.972
222.0909
-3117.41
2
FldObj_CliffSnowEdgeWall_END_B_02_Far.003
2.846485
-1.071325
-2.762779
-4573.924
214.0722
-3393.282
1.2
FldObj_CliffSnow_B_01.001
0.5863824
0.2247386
-0.0677096
-4383.131
487.416
-3568.968
1.0
SwitchTimeLag
0.03058696
-1.085123
-2.658031
-4227.533
271.9277
-3131.3
0.5
Item_Fruit_B
-0.04060022
-0.676125
3.014178
-4169.969
222.7132
-3156.736
1.0
FldObj_KorokStartingBlock_A_01
-3.099428
1.261631
3.136345
-4251.775
574.7188
-3590.212
1.0
Obj_RockSetSnow_A_01.005
0
0
1.64
-4465.594
317.3846
-3764.511
1.2
FldObj_CliffSnowWall_D_10.006
-0.607406
-1.062204
-0.04756864
-4229.297
226.2875
-3031.195
1.0
LinkTagAnd
0
0
0
-4399.998
335.0603
-3779.205
1.0
LinkTagOr
-2.970192
0.3145139
-3.054896
-4424.71
499.5892
-3216.502
1.0
FldObj_MountainSnowTunnel_A_01
0
0
0
-4009.025
337.396
-3660.096
1.0
FldObj_CliffSnowLargeWall_D_01_Far.008
2.420279
1.080438
2.531543
-4235.212
205.9897
-3034.753
1.0
FldObj_CliffSnowLargeWall_D_03_Far.001
-0.2445537
1.125931
0.2235297
-4416.615
399.9794
-3039.201
1.0
LinkTagPulse
-2.970192
0.3145139
-3.054896
-4425.132
497.97
-3216.397
0.25
SwitchTimeLag
0
-2.64
0
-4406.566
423.3802
-3681.676
1.0
Item_Fruit_B
-0.08796273
-0.1193977
3.040873
-4405.478
491.1233
-3579.643
1.0
FldObj_CliffSnowEdgeWall_END_B_02_Far.004
-3.135696
-0.1620438
3.104951
-4060.744
239.0564
-3804.236
1.2
LinkTagOr
2.585238
1.336095
-3.10656
-4058.246
315.4583
-3726.034
1.0
LinkTagAnd
0
2.576126
0
-4433.492
391.95
-3390.964
1.0
FldObj_CliffSnowWall_D_03.003
-2.831151
0.2744854
-2.870212
-4426.44
252.6312
-3788.284
1.0
LinkTagAnd
0
0
0
-3961.654
350.9317
-3720.523
1.0
LinkTagNAnd
0
0.1761267
0
-4046.546
298.0985
-3199.735
1.0
LinkTagAnd
0
2.576126
0
-4436.004
391.9584
-3393.573
1.0
LinkTagOr
0
1.661593
0
-4230.938
287.3569
-3135.309
1.0
DestinationAnchor
0
-2.763598
0
-4440.487
329.8536
-3799.956
1.0
LinkTagNAnd
0
0
0
-4035.875
468.6074
-3761.97
1.0
FldObj_CliffSnowWall_D_02_Far
0.1113626
0.1216771
0.2034466
-4344.498
291.8017
-2958.579
1.0
FldObj_CliffSnowLargeWall_D_01_Far.009
-0.1879017
0.4897798
0.1115624
-4272.932
450.4833
-3477.742
1.0
FldObj_CliffSnowWall_D_11.001
0
1.819999
0
-4346.72
353.546
-2900.556
1.0
ChangeWeatherTag
0
-0.5000002
0
-4211.042
169.9456
-3836.697
1.0
DragonFireEffectHolder
0
0
0
-4419.184
-499.973
-3499.143
1.0
LinkTagAnd
0
0
0
-4229.846
254.8688
-3126.38
1.0
FldObj_CliffSnowEdgeWall_END_B_02.002
2.747321
-1.27896
-2.750832
-4503
268.3349
-3618.165
1.2
LinkTagNAnd
-1.039575
1.057548
-0.3961778
-4085.091
295.5629
-3716.432
1.0
LinkTagAnd
1.799225
-1.115816
-2.198902
-4203.099
224.828
-3116.938
1.0
Npc_HiddenKorokGround
0
-3.141593
0
-4155.937
350.4482
-3404.128
1.0
LinkTagAnd
0
0
0
-4408.495
424.3709
-3681.333
1.0
Area
0
0
0
-4399.698
331.3103
-3779.505
0.1
FldObj_CliffSnowWall_D_27_Far.006
-0.741239
-0.04302901
-0.4119289
-4182.864
314.2141
-3349.34
1.0
Enemy_Lizalfos_Senior
0
2.39225
0
-4049.392
297.5732
-3198.464
1.0
FldObj_CliffSnowWall_D_27_Far.007
2.741593
-0.1400093
-3.141592
-4038.148
239.6409
-3834.288
1.0
FldObj_CliffSnowLargeWall_D_01.010
2.420279
1.080438
2.531543
-4235.212
205.9897
-3034.753
1.0
FldObj_CliffSnowWall_D_03.004
-0.2455083
-0.8057459
0.06126541
-4397.175
386.0026
-3458.89
1.0
LinkTagNAnd
1.799225
-1.115816
-2.198902
-4202.583
225.5391
-3118.735
1.0
LinkTagAnd
0
0
0
-4141.823
476.0374
-3745.705
1.0
Item_Fruit_B
-3.141479
-0.2772217
-0.0001134907
-4594.861
334.9346
-3236.469
1.0
AnchorAction1
0
2.39225
0
-4045.986
297.706
-3202.125
1.0
FldObj_CliffSnow_B_01_Far
-0.18
-1.469981
0
-3828.569
362.5134
-3579.769
1.0
FldObj_CliffSnowLargeWall_D_03
-0.2445537
1.125931
0.2235297
-4416.615
399.9794
-3039.201
1.0
FldObj_CliffSnowWall_D_07
-2.996322
-0.1995722
3.079364
-4257.288
263.0889
-3792.52
1.0
FldObj_CliffSnowScaffold_D_01_Far.005
0.8343338
-1.267676
-0.7154493
-4171.432
258.9197
-3264.313
1.5
Enemy_Dragon_Ice_Far
0
0
0
-4200
-500
-3500
1.0
FldObj_CliffSnowScaffold_D_01.003
2.711408
0.7835901
2.938696
-4157.224
263.242
-3272.677
1.5
Enemy_Moriblin_Middle
0
0.6034591
0
-4434.012
391.8898
-3390.378
1.0
Area
-1.375639
0.8514534
-0.8869091
-4021.211
335.7993
-3712.924
2
FldObj_CliffSnowWall_D_16_Far
0
2.3
0
-4157.642
348.2141
-3402.217
1.0
FldObj_CliffSnowWall_D_02
0.1113626
0.1216771
0.2034466
-4344.498
291.8017
-2958.579
1.0
ValleyEffectLocater
0
0
0
-4674.5
0
-4490.45
1.0
FldObj_CliffSnowWall_D_27_Far.008
0
3.021593
0
-4399.32
248.3373
-3838.728
1.0
FldObj_SkullRockSnow_A_01
0
-3.139999
0
-4045.984
297.7591
-3201.125
1.0
Obj_LiftRockWhite_Korok_A_01
0
-0.48
0
-4161.17
350.4492
-3399.89
1.0
ValleyEffectLocater
0
0
0
-5132.522
0
-4164.115
1.0
LookTag
0
1.628555
0
-4012.643
287.0912
-3712.245
1.0
ActorObserverTag
0
0
0
-4157.854
351.9684
-3397.404
1.0
FldObj_MountainSnow_A_M_04.001
0
-1.64
0
-4420.5
394.0927
-3175.4
0.9
FldObj_CliffSnowWall_D_10_Far.005
-0.607406
-1.062204
-0.04756864
-4229.297
226.2875
-3031.195
1.0
LinkTagAnd
0.190718
-0.01382698
0.1443096
-4004.358
332.9624
-3690.302
1.0
LinkTagAnd
0
-2.059996
0
-3999.216
636.4232
-3620.06
2
FldObj_CliffSnowScaffold_D_01.004
0.2387441
-0.2591493
-0.1572302
-4127.325
234.4439
-3194.33
1.5
IceWall
-0.218191
-0.4492871
-0.08726471
-4327.78
396.938
-3330.188
1.0
FldObj_MountainSnow_A_M_04.002
3.141593
-0.1415928
-2.921592
-4287.051
431.4532
-3569.773
1.2
LinkTagAnd
0
0.9015927
0
-4446.165
342.3536
-3800.622
0.6
ConstraintDummy
2.171898
0.05454667
-2.922178
-4126.329
509.7404
-3578.92
1.0
DgnObj_EntranceTerminal_A_01
0
1.104955
0
-4017.251
288.0914
-3713.982
1.0
FldObj_CliffSnowWall_D_07_Far.001
0.06000001
0
0
-4343.458
437.7061
-3538.947
1.0
SwitchTimeLag
-2.946435
0.8514534
-0.8869091
-4020.074
338.063
-3713.832
0.5
LinkTagAnd
0
0.1761267
0
-4051.947
298.0865
-3200.313
1.0
TBox_Field_Stone
0.1419396
-0.507311
0.119641
-4327.59
396.6976
-3330.21
1.0
LinkTagNOr
0
2.576126
0
-4420.086
391.9615
-3389.349
1.0
PlayerOnScaffoldCheckTag
0
0.1761267
0
-4049.534
305.076
-3192.535
1.0
LinkTagNAnd
0
0
0
-4155.29
285.6299
-3801.688
1.0
Area
0
2.576126
0
-4426.302
398.9584
-3393.616
2
FldObj_CliffSnowLargeWall_D_02_Far.009
2.496275
-0.3129637
-3.021012
-4428.25
396.8685
-3656.14
1.0
FldObj_CliffSnowLargeWall_D_01_Far.010
2.961593
-1.461592
3.141593
-4455.556
367.2565
-3410.671
1.0
Item_Fruit_B
-0.06224299
-0.4762601
-3.00648
-4407.157
488.3971
-3565.982
1.0
FldObj_CliffSnowWall_D_11_Far
1.82481
-0.532225
-1.428977
-4488.537
266.6736
-3770.552
1.0
FldObj_CliffSnowLargeWall_D_03.001
2.63448
1.442608
3.109741
-4391.117
381.6998
-2931.951
1.0
ValleyEffectLocater
0
0
0
-5329.811
0
-3257.932
1.0
LinkTagOr
0.1631663
-0.02902367
-0.07596284
-4245.358
277.7411
-3117.783
1.0
FldObj_MountainSnow_A_M_04_Far
0
0.03999992
0
-3951.504
493.1329
-3632.195
1.2
FldObj_CliffSnowWall_D_19.002
-0.1390469
0.3201943
0.002940113
-4362.398
486.3394
-3522.768
1.0
Obj_Plant_Korok_A_01.006
1.54021
1.085123
0.4835623
-4228.86
268.8688
-3132.671
1.0
LinkTagOr
-1.570796
0
0
-4398.98
334.0208
-3785.268
1.0
FldObj_CliffSnowLargeWall_D_02.007
2.407065
-1.022521
-2.736499
-4516.152
385.6699
-3346.786
1.0
FldObj_CliffSnowWall_D_18.001
0
-0.5800001
0
-4140.41
351.6482
-3449
1.0
FldObj_CliffSnowWall_D_19_Far.002
-0.1390469
0.3201943
0.002940113
-4362.398
486.3394
-3522.768
1.0
FldObj_CliffSnowWall_D_03_Far.003
3.073532
0.06522193
-2.756313
-4446.686
324.9546
-3230.675
1.1
LinkTagAnd
0
0
0
-3973.843
306.7
-3708.252
1.0
FldObj_CliffSnowWall_D_10_Far.006
0.8399997
0.42
0
-4244.103
471.022
-3471.172
1.0
FldObj_CliffSnowScaffold_D_01.005
0.2599999
0
0.07999999
-4160.83
259.8182
-3262.44
1.5
FldObj_CliffSnowWall_D_11_Far.001
0.6375608
-1.051263
-0.5714504
-4479.892
283.7589
-3783.685
1.0
LinkTagAnd
0
0
0
-4251.709
576.1672
-3590.23
1.0
EnemyLookTag
0
0
0
-4322
473.5
-3486.1
1.0
Obj_RockSetSnow_A_01_Far.008
0
0
1.64
-4465.594
317.3846
-3764.511
1.2
LinkTagOr
0
1.879996
0
-4249.628
575.7025
-3590.896
1.0
Area
2.741592
-1.221593
3.141592
-4205.132
231.954
-3121.324
2
DgnObj_WarpPoint_A_01
0
0.9015927
0
-4439.591
329.8166
-3797.335
1.0
SwitchTimeLag
1.014442
1.336095
-3.10656
-4056.632
316.5716
-3726.429
0.5
KorokAnswerResponce
0
-2.059996
0
-4000.625
636.9622
-3617.412
0.5
LinkTagOr
0.06224304
0.4762601
0.1351132
-4405.43
487.6465
-3567.082
1.0
Obj_TreeConiferous_A_Snow_03.006
0
0
0
-4250.723
288.5177
-3140.102
1.0
FldObj_CliffSnowTopHalf_D_01.002
2.915763
-0.7420868
2.674547
-4563.059
322.4487
-3172.64
1.0
LinkTagAnd
0
0
0
-4220.558
476.4528
-3662.481
1.0
LinkTagOr
2.741592
-1.221593
3.141592
-4204.474
233.6119
-3121.084
1.0
FldObj_CliffSnowEdgeWall_B_02_Far
0.1171468
-1.398844
-0.1154346
-4614.363
337.1636
-3143.532
1.0
EnemyFortressMgrTag
0
-1.490936
0
-4431.174
393.0795
-3386.261
1.0
LinkTagAnd
0
0
0
-3973.843
306.7
-3708.252
1.0
LinkTagOr
0.2016662
-0.9302187
-0.1424692
-4027.564
464.5978
-3757.774
1.0
Obj_TreeConiferous_A_Snow_03.007
0
0
0
-4176.641
237.9122
-3211.964
1.0
FldObj_CliffSnowLargeWall_D_01_Far.011
2.932074
-0.4576799
-2.797897
-4528.628
311.4037
-3293.463
1.0
GrassCutTag
0
-1.490936
0
-4431.174
393.0795
-3386.261
1.0
FldObj_CliffSnowWall_D_10.007
-0.267548
0.9548956
0.7485862
-4582.096
334.1751
-3277.286
1.0
LinkTagAnd
0
0
0
-4200.972
222.0909
-3117.41
1.0
KorokAnswerResponce
0
0
0
-4159.77
353.1182
-3399.927
1.0
FldObj_CliffSnowLargeWall_D_03.002
1.058429
1.13459
1.544146
-4399.763
400.581
-3081.958
1.0
FldObj_CliffSnowLargeWall_D_01_Far.012
2.315577
-0.9540746
-2.701908
-4393.74
468.1876
-3525.519
1.0
LinkTagOr
0
0
0
-4397.98
334.0208
-3785.268
1.0
FldObj_SnowBallGate_A_01
0
1.019997
0
-3816.285
357.7402
-3596.379
1.0
Obj_TreeSnowberry_A.003
3.141479
0.2772217
3.141479
-4594.77
334.1146
-3237.004
1.0
SwitchTimeLag
0
1.26
0
-4397.121
381.335
-2997.578
1.0
IceWall
0.2264404
1.0084
0.1924935
-4151.618
283.0996
-3799.651
2
KorokAnswerResponce
0
1.879996
0
-4163.392
514.8201
-3613.992
1.0
FldObj_CliffSnowLargeWall_D_01.011
-0.1279017
0.4897798
0.1115624
-4092.654
459.2265
-3560.084
1.0
LinkTagAnd
0
3.141593
0
-4401.48
332.4583
-3782.268
1.0
FldObj_CliffSnowLargeWall_D_02_Far.010
-2.997733
0.2601734
-3.121212
-4333.026
309.0322
-3814.932
1.0
LinkTagAnd
0.3103876
0.03996566
-0.254108
-4396.4
382.2556
-2998.972
1.0
EnemyLookTag
0
2.39225
0
-4045.986
297.706
-3202.125
1.0
ChangeWeatherTag
0
1.550797
0
-3956.148
380.7805
-3872.171
3
ActorObserverTag
0
0
0
-4400.248
333.0603
-3778.955
1.0
LinkTagNone
0
0
0
-4041.113
298.0627
-3201.006
1.0
FldObj_CliffSnowWall_D_07.001
0.06000001
0
0
-4343.458
437.7061
-3538.947
1.0
Area
-0.12
1.16
0
-3981.82
342.3036
-3691.463
1.0
FldObj_CliffSnowWall_D_27_Far.009
-0.03999998
1.544852
0.5960442
-4281.477
248.9505
-2988.528
1.0
Item_Fruit_B
-0.1631663
0.02902366
3.06563
-4247.225
278.8333
-3117.503
1.0
LinkTagAnd
-2.219644
-0.1801671
-2.288325
-4426.079
497.8877
-3216.707
1.0
FldObj_CliffSnowEdgeWall_B_02_Far.001
-0.4602389
1.206809
0.0618634
-4313.552
306.198
-3148.866
0.9
TBox_Field_Stone
3.070454
-0.6089662
2.890944
-4033.494
465.9868
-3757.432
1.0
FldObj_CliffSnowWall_D_16_Far.001
0
1.1
0
-3988.707
299.0191
-3103.976
1.0
FldObj_MountainSnow_A_M_04_Far.001
0
-1.64
0
-4420.5
394.0927
-3175.4
0.9
FldObj_KorokStoneLift_A_01
-0.04119058
-0.0003099593
0.0007966529
-4398.075
329.4719
-3776.34
1.0
Npc_HiddenKorokGround
0
2.82
0
-4424.155
497.1648
-3215.942
1.0
LinkTagAnd
0
0
0
-4227.145
285.2126
-3134.91
1.0
FldObj_CliffSnowWall_D_19_Far.003
3.033419
1.103908
2.957498
-3834.822
438.9152
-3565.484
1.0
LinkTagAnd
0
0.9015927
0
-4443.027
329.8536
-3798.14
0.3
LocationTag
0
0
0
-4450.35
331.752
-3803.516
1.0
Area
2.585238
1.336095
-3.10656
-4057.268
313.963
-3726.255
2
Obj_RockSetSnow_A_01.006
0.1577928
-0.08671813
-0.1683346
-4445.701
389.7704
-2958.935
1.0
SwitchTimeLag
1.150796
-1.301593
3.141592
-4230.899
257.3279
-3126.67
0.5
LinkTagAnd
0
-0.565467
0
-4438.193
411.9701
-3388.726
1.0
FldObj_CliffSnowScaffold_D_01_Far.006
2.711408
0.7835901
2.938696
-4157.224
263.242
-3272.677
1.5
TBox_Field_Stone
3.065594
0.7546386
2.891015
-4151.681
283.1188
-3799.651
1.0
SwitchTimeLag
0
0.1761267
0
-4046.22
318.0661
-3206.924
1.0
FldObj_CliffSnowWall_D_27_Far.010
-0.7768807
0.1979654
0.08788914
-4247.854
321.7873
-3323.155
1.0
FldObj_CliffSnowWall_D_27.008
-1.432758
-0.9106475
0.6101695
-4490.135
411.4493
-3150.056
1.0
FldObj_CliffSnowWall_D_10_Far.007
-0.267548
0.9548956
0.7485862
-4582.096
334.1751
-3277.286
1.0
Area
2.533745
0.9776837
2.856411
-3961.654
350.9317
-3720.523
2
LinkTagOr
0
-2.059996
0
-3999.216
640.4232
-3620.06
2
LinkTagOr
0
1.08
0
-4085.489
292.3932
-3722.564
1.0
Enemy_Moriblin_Junior
0
2.82879
0
-4323.8
474.1529
-3480.1
1.0
FldObj_CliffSnow_B_01_Far.001
0.5863824
0.2247386
-0.0677096
-4383.131
487.416
-3568.968
1.0
Obj_TreeConiferous_A_Snow_03.008
0
-0.82
0
-4087.489
166.0781
-2986.357
1.0
LinkTagAnd
-1.039575
1.057548
-0.3961778
-4084.185
295.1839
-3718.174
1.0
FldObj_SkullRockSnow_A_01_Far
0
-0.74
0
-4430.5
393.1312
-3387
1.0
Enemy_Dragon_Electric_Far
0
0
0
-4300
-500
-3500
1.0
TBox_Field_Stone
-2.77567
0.8256943
-2.928371
-4138.065
468.3659
-3734.632
1.0
LinkTagNAnd
0.0299435
0.001435601
-0.09580684
-4215.695
348.8484
-3753.904
1.0
FldObj_CliffSnowLargeWall_D_01_Far.013
-0.2729513
1.236147
0.2736966
-4381.131
381.998
-3373.362
1.0
LinkTagAnd
0
1.628555
0
-4017.049
288.0912
-3710.488
0.3
FldObj_CliffSnowWall_D_18_Far.001
1.512031
0.5698106
-3.135083
-3828.133
392.795
-3581.781
1.0
LinkTagOr
3.141479
-0.0616455
3.141479
-4126.09
509.2926
-3579.739
1.0
FldObj_CliffSnowTopHalf_D_01_Far.001
-3.019614
-1.058718
2.397532
-4573.559
322.4487
-3115.851
1.0
Obj_Plant_Korok_A_01.007
0.5563545
-1.336095
0.03503286
-4056.617
312.9662
-3726.403
1.0
FldObj_CliffSnowWall_D_11_Far.002
0
1.819999
0
-4346.72
353.546
-2900.556
1.0
ConstraintDummy
-1.005746
0.3628331
-0.1070109
-4405.594
488.1257
-3567.901
1.0
LinkTagAnd
0
0
0
-4406.566
423.3802
-3681.676
1.0
DgnObj_DungeonEntrance_A_01_Far
0
1.628555
0
-4023.125
287.0912
-3711.639
1.0
FldObj_CliffSnowScaffold_D_01.006
0.06884082
-0.08096352
0.01750312
-4130.373
190.5602
-3053.876
1.5
Obj_RockSetSnow_A_01.007
0
0
0
-4229.821
327.801
-3790.468
1.0
Area
0
0
0
-4400.298
331.9103
-3779.505
0.1
FldObj_CliffSnowWall_D_06
-2.825904
0.3213789
-2.995064
-4181.349
282.4439
-3795.647
1.0
ConstraintDummy
-0.7895926
-0.1058802
-0.312638
-4245.006
278.2884
-3118.494
1.0
Obj_RockSetSnow_A_01_Far.009
0
1.400001
0
-4171.44
334.2503
-3774.545
1.0
DgnObj_EntranceElevator_A_01
0
0.9015927
0
-4446.803
329.8538
-3803.039
1.0
FldObj_CliffSnowLargeWall_D_03_Far.002
1.058429
1.13459
1.544146
-4399.763
400.581
-3081.958
1.0
LinkTagOr
0.1198899
-0.9351122
-0.09182747
-4027.663
469.5608
-3757.175
1.0
Obj_TreeSnowberry_A.004
0.08421454
0.01640794
-0.01350893
-4431.479
407.8889
-3033.457
1.0
SwitchTimeLag
0
2.576126
0
-4434.244
411.9486
-3382.564
1.0
FldObj_CliffSnowWall_D_27_Far.011
2.334348
0.1659902
2.971586
-4376.617
333.1945
-3756.024
1.0
LinkTagAnd
0
-2.965466
0
-4039.146
318.0876
-3205.049
1.0
LinkTagAnd
2.721592
-1.301593
3.141592
-4231.779
257.7356
-3126.913
1.0
EventTag
0
1.104955
0
-4017.251
288.0912
-3713.982
0.6
FldObj_CliffSnowScaffold_D_01.007
1.855651
-1.371742
-1.950961
-4148.875
237.939
-3205.78
1.5
LinkTagNAnd
2.721592
-1.301593
3.141592
-4231.247
257.7356
-3128.841
1.0
LinkTagAnd
0
0
0
-4023.125
287.4194
-3711.639
1.0
FldObj_CliffSnowWall_D_27_Far.012
-1.432758
-0.9106475
0.6101695
-4490.135
411.4493
-3150.056
1.0
Area
1.640761
-1.465046
-2.280392
-4227.145
285.2126
-3134.91
2
Obj_Plant_Korok_A_01.008
0.4000003
1.221593
2.899138E-07
-4205.572
230.8487
-3121.484
1.0
FldObj_MountainSnow_A_M_04_Far.002
3.141593
-0.1415928
-2.921592
-4287.051
431.4532
-3569.773
1.2
FldObj_CliffSnowWall_D_22_Far
0.5988122
0.4984317
0.03858396
-3790.727
486.0166
-3572.878
1.0
DgnObj_EntranceElevator_A_01
0
1.628555
0
-4023.125
288.0914
-3711.639
1.0
FldObj_CliffSnowWall_D_27.009
2.741593
-0.1400093
-3.141592
-4038.148
239.6409
-3834.288
1.0
FldObj_CliffSnowEdgeWall_END_B_02.003
0.08660726
-1.500832
-0.06600319
-4642.273
214.9652
-3152.42
1.0
FldObj_CliffSnowWall_D_10.008
2.60747
-1.026721
2.614458
-4331.95
465.3443
-3461.053
1.2
LinkTagAnd
0
0
0
-4309.5
460.5
-3495
1.0
FldObj_CliffSnowLargeWall_D_02.008
2.584102
-1.112078
-2.922986
-4485.962
370.8013
-3635.981
1.0
LinkTagNone
0
0
0
-4434.012
391.8898
-3390.378
1.0
FldObj_CliffSnowTopHalf_D_01_Far.002
2.753512
-0.4884001
-2.832257
-4442.389
326.8716
-3724.507
1.0
FldObj_CliffSnowWall_D_07_Far.002
-2.996322
-0.1995722
3.079364
-4257.288
263.0889
-3792.52
1.0
FldObj_CliffSnowScaffold_D_01_Far.007
1.855651
-1.371742
-1.950961
-4148.875
237.939
-3205.78
1.5
EnemyLookTag
0
-1.490936
0
-4431.174
393.0795
-3386.261
1.0
LinkTagAnd
0
1.628555
0
-4021.042
300.5912
-3710.257
0.6
FldObj_CliffSnowWall_D_03_Far.004
-3.104059
-0.7406489
-2.961842
-4483.871
324.9085
-3193.945
1.1
SwitchTimeLag
0
0
0
-4220.558
476.4528
-3662.481
1.0
Obj_LiftRockWhite_A_01.001
-2.746725
0.7587851
-2.828804
-4424.152
497.0662
-3215.926
1.0
LinkTagOr
0
3.141593
0
-4402.48
332.4583
-3782.268
1.0
FldObj_CliffSnowWall_D_27.010
-0.7768807
0.1979654
0.08788914
-4247.854
321.7873
-3323.155
1.0
LinkTagNAnd
2.585238
1.336095
-3.10656
-4055.36
317.1446
-3724.682
1.0
FldObj_KorokPinwheel_A_01
-0.1579823
-0.03273643
-0.4078567
-4003.627
630.4026
-3622.992
1.0
Area
0
1.879996
0
-4167.162
516.7701
-3615.937
1.7
FldObj_CliffSnowWall_D_10_Far.008
0.7346793
0.06825968
-0.4453414
-4412.099
477.2798
-3481.78
1.0
FldObj_CliffSnowTopHalf_D_01.003
2.753512
-0.4884001
-2.832257
-4442.389
326.8716
-3724.507
1.0
FldObj_CliffSnow_B_01_Far.002
-0.4399999
0
0
-4145.169
307.1337
-3783.849
1.0
Item_Fruit_B
-0.04060037
-0.676125
3.014178
-4170.686
222.663
-3157.409
1.0
LinkTagAnd
0
-2.059996
0
-3992.154
638.4232
-3616.301
2
Npc_HiddenKorokGround
0
-0.9387985
0
-4029.339
464.8524
-3760.179
1.0
DgnObj_DungeonEntrance_A_01
0
0.9015927
0
-4446.803
328.8536
-3803.039
1.0
GrassCutTag
0
2.39225
0
-4045.986
297.706
-3202.125
1.0
LinkTagAnd
0
0
0
-4323.8
474.1529
-3480.1
1.0
LinkTagOr
-1.039575
1.057548
-0.3961778
-4086.405
293.3086
-3718.921
1.0
Item_Fruit_B
-0.08796274
-0.1193977
3.040873
-4405.729
491.0532
-3580.593
1.0
EnemyFortressMgrTag
0
2.39225
0
-4045.986
297.706
-3202.125
1.0
PlayerOnScaffoldCheckTag
0
2.576126
0
-4422.08
398.9584
-3390.937
1.0
Npc_HiddenKorokGround
0
1.661593
0
-4230.893
284.8569
-3134.811
1.0
Area
0
0.1761267
0
-4044.611
305.076
-3193.411
2
DestinationAnchor
0
-2.036637
0
-4016.357
288.0912
-3713.533
1.0
LinkTagAnd
0
2.576126
0
-4425.554
391.969
-3383.572
1.0
FldObj_CliffSnowLargeWall_D_01.012
-0.2909028
1.29388
0.2532305
-4435.303
403.8066
-3204.7
1.0
FldObj_CliffSnowWall_D_17
3.041593
-1.421596
-3.141592
-4505.94
280.9845
-3730.902
1.0
LinkTagNOr
0
0.1761267
0
-4052.077
298.079
-3192.358
1.0
FldObj_CliffSnowLargeWall_D_02.009
2.367234
-0.09209363
-2.997342
-4345.335
366.4283
-3682.057
1.0
LinkTagAnd
0
0
0
-4085.509
291.9457
-3718.159
1.0
FldObj_CliffSnowEdgeWall_END_B_02.004
2.846485
-1.071325
-2.762779
-4573.924
214.0722
-3393.282
1.2
DgnObj_EntranceTerminal_A_01
0
0.3779939
0
-4440.856
329.8538
-3800.885
1.0
FldObj_CliffSnow_B_01.002
-0.18
-1.469981
0
-3828.569
362.5134
-3579.769
1.0
FldObj_CliffSnowLargeWall_D_01.013
3.024122
0.3665408
3.113199
-3943.92
507.1797
-3701.589
1.0
Enemy_Dragon_Ice
0
0
0
-4200
-500
-3500
1.0
FldObj_CliffSnowLargeWall_D_01.014
3.072582
-0.8452823
2.992983
-4103.857
477.1249
-3676.092
1.0
Obj_RockSetSnow_A_01.008
0
0
0
-4483.152
414.2206
-3174.014
1.0
LinkTagAnd
0
0
0
-4021.211
335.7993
-3712.924
1.0
FldObj_CliffSnow_B_01_Far.003
-0.4999999
0
0
-4169.794
229.2392
-3804.231
1.0
IceWall
-0.1416757
0.03947046
-0.03963932
-4033.097
465.8525
-3757.181
1.0
LinkTagNAnd
0
0
0
-4329.878
397.5994
-3327.927
1.0
Npc_HiddenKorokFly
0
-2.059996
0
-3999.216
632.9622
-3620.06
1.0
LinkTagAnd
0
0
0
-4309.5
460.5
-3495
1.0
LinkTagNAnd
-1.375639
0.8514534
-0.8869091
-4020.054
339.5912
-3712.199
1.0
LocationTag
0
0
0
-3973.843
306.7
-3708.252
1.0
Area
-3.099428
1.261631
3.136345
-4251.709
576.1672
-3590.23
0.7
Area
0
-0.04000018
0
-4353.914
298.2659
-3780.591
1.0
Area
1.601383
-1.085123
-2.658031
-4227.938
269.3945
-3132.111
2
LinkTagOr
1.601383
-1.085123
-2.658031
-4226.555
270.183
-3131.271
1.0
FldObj_CliffSnowLargeWall_D_03.003
-0.1022296
-0.3255872
0.05777716
-3787.814
425.545
-3625.192
1.0
Item_Fruit_B
-3.141479
0.0616455
-0.0001133122
-4124.17
510.2818
-3580.036
1.0
Obj_RockSetSnow_A_01_Far.010
1.026198
1.457951
-3.010451
-4376.354
323.1316
-3778.156
1.0
FldObj_CliffSnowWall_D_10_Far.009
-0.2786438
0.1841107
-0.1836123
-4272.506
297.0026
-3171.416
1.0
LinkTagNAnd
0
-2.059996
0
-3996.568
638.4232
-3618.65
2
ValleyEffectLocater
0
0
0
-5344.217
0
-3610.036
1.0
TBox_Field_Iron
0.6489349
1.179837
0.3749034
-4399.895
381.0784
-2998.998
1.0
LinkTagOr
-0.1735085
-0.4515072
0.3626219
-3960.652
353.2012
-3723.428
1.0
FldObj_CliffSnowTopHalf_D_01_Far.003
-0.07446659
0.4306409
0.2602887
-4262.113
195.1385
-3078.2
1.0
TimeControlTag
0
0.2200001
1.42
-3961.403
396.2874
-3901.685
1.0
LinkTagOr
0.190718
-0.01382698
0.1443096
-4004.4
333.531
-3693.247
1.0
Obj_TreeSnowberry_A.005
0.08796273
0.1193977
-0.1007195
-4405.703
490.1819
-3580.137
1.0
LinkTagAnd
-2.970192
0.3145139
-3.054896
-4423.763
499.6715
-3216.193
1.0
Npc_HiddenKorokFly
0
-1.261597
0
-4167.162
516.8201
-3615.937
1.0
LinkTagAnd
0
0.9015927
0
-4443.027
329.8536
-3798.14
0.3
FldObj_CliffSnowEdgeWall_B_02.001
0.1171468
-1.398844
-0.1154346
-4614.363
337.1636
-3143.532
1.0
Enemy_Lizalfos_Ice
0
-1.79654
0
-4041.113
298.0627
-3201.006
1.0
Obj_TreeConiferous_A_Snow_03.009
0
0
0
-4202.005
249.7596
-3186.253
1.0
ActorObserverTag
0
0
0
-4399.748
333.0603
-3778.955
1.0
FldObj_CliffSnowWall_D_16_Far.002
0.04613363
-0.09732959
-0.06424915
-4049.108
294.2637
-3192.154
1.0
FldObj_CliffSnowWall_D_09
0
0
0
-4316.871
475.4393
-3513.054
0.5
LinkTagAnd
0
0
0
-4440.856
329.8538
-3800.885
1.0
LinkTagOr
0
1.879996
0
-4249.628
576.7025
-3590.896
1.0
DgnObj_EntranceShutter_A_01
0
0.9015927
0
-4443.822
329.8538
-3800.682
1.0
ActorObserverTag
0
0
0
-4399.748
333.0603
-3779.455
1.0
AnchorAction1
0
-1.490936
0
-4431.174
393.0795
-3386.261
1.0
LinkTagOr
0
0
0
-4191.345
219.5407
-3120.254
1.0
LinkTagAnd
0
0
0
-3959.607
396.5273
-3902.21
1.0
FldObj_CliffSnow_B_01.003
-0.4399999
0
0
-4145.169
307.1337
-3783.849
1.0
Obj_TreeSnowberry_A.006
0.04060029
0.676125
-0.127415
-4170.434
221.7826
-3157.051
1.0
Obj_Plant_Korok_A_01.009
-1.765953
-0.8514534
2.254683
-4020.832
334.9659
-3712.148
1.0
FldObj_CliffSnowWall_D_19.003
0.3404595
0.3072545
0.1634137
-3765.336
487.8154
-3592.067
1.0
FldObj_CliffSnowScaffold_D_01.008
1.855651
-1.371742
-1.950961
-4137.023
235.8921
-3198.865
1.5
LinkTagOr
-3.089496
0.4076661
-3.010822
-3990.543
421.2086
-3695.263
1.0
Enemy_Lizalfos_Senior
0
-1.490936
0
-4426.19
392.0015
-3386.66
1.0
SwitchTimeLag
0.2284289
-1.115816
-2.198902
-4202.191
224.4202
-3116.839
0.5
FldObj_CliffSnowWall_D_07.002
-0.3163945
-0.8043693
0.3007707
-4456.936
270.5186
-3770.942
1.0
LinkTagAnd
0
0
0
-4227.938
269.3945
-3132.111
1.0
ActorObserverTag
0
0
0
-4158.854
351.9684
-3397.404
1.0
WallCrack
0.1975313
1.162655
0.5151563
-4400.211
379.8751
-2999.174
1.0
LinkTagOr
0
0
0
-4158.854
352.9684
-3397.404
1.0
Item_Fruit_B
-0.08421454
-0.01640793
3.128084
-4431.534
408.7522
-3033.925
1.0
ValleyEffectLocater
0
0
0
-4668.394
0
-4225.321
1.0
Obj_RockSetSnow_A_01.009
0
0
0
-4293.928
329.9511
-3754.974
1.0
FldObj_CliffSnowWall_D_27.011
-1.432758
-0.9106475
0.6101695
-4490.135
402.7384
-3228.111
1.0
FldObj_SkullRockSnow_A_01_Far.001
0
-3.139999
0
-4045.984
297.7591
-3201.125
1.0
Enemy_Dragon_Fire_Far
0
0
0
-4400
-500
-3500
1.0
Enemy_Giant_Bone
0
-0.3156655
0
-4260.148
326.9973
-3777.485
1.0
FldObj_SkullRockSnow_A_01.001
0
-0.74
0
-4430.5
393.1312
-3387
1.0
FldObj_CliffSnowScaffold_D_01_Far.008
0.2599999
0
0.07999999
-4160.83
259.8182
-3262.44
1.5
FldObj_CliffSnowWall_D_11.002
1.82481
-0.532225
-1.428977
-4488.537
266.6736
-3770.552
1.0
KorokAnswerResponce
0
0
0
-4396.98
329.9583
-3785.268
1.0
FldObj_CliffSnowLargeWall_D_02.010
3.137687
0.3684824
3.120217
-4195.759
308.0079
-3791.339
1.0
LinkTagOr
-1.147627
0.2521612
0.3872893
-4398.98
331.4583
-3785.268
1.0
LinkTagOr
0
0
0
-4264
330
-3779
1.0
FldObj_CliffSnowWall_D_27.012
-1.071553
1.182192
-0.4845171
-4231.387
277.2672
-3259.797
1.0
FldObj_CliffSnowLargeWall_D_01_Far.014
-0.2909028
1.29388
0.2532305
-4435.303
403.8066
-3204.7
1.0
FldObj_CliffSnowWall_D_10.009
3.067116
-1.091061
-2.802233
-4510.828
385.2009
-3343.522
1.0
Obj_RockSetSnow_A_01.010
0
0.24
0
-4472.905
419.2088
-3082.672
1.0
FldObj_CliffSnowLargeWall_D_03_Far.003
-0.1022296
-0.3255872
0.05777716
-3787.814
425.545
-3625.192
1.0