UnitConfigName/__text
Rotate/value/0
Rotate/value/1
Rotate/value/2
Translate/value/0
Translate/value/1
Translate/value/2
_Scale
FldObj_CliffSnowLargeWall_D_02
0
-2.68
0
-3984.333
115.1886
-2356.659
1.0
Obj_TreeConiferous_A_Snow_03
0
0
0
-4540.418
219.1677
-2267.11
1.0
BrokenSnowBall
0.1777367
-0.08414487
0.04666622
-4460.185
397.9004
-2969.257
2
FldObj_CliffSnowWall_D_02_Far
0
0.5199999
0
-4052.003
114.717
-2566.766
1.0
FldObj_CliffSnowWall_D_18
0
2.159999
0
-3942.684
102.9444
-2485.797
1.0
DgnObj_DungeonEntrance_A_01_Far
0
-1.461733
0
-4057.842
93.89072
-2508.366
1.0
LinkTagAnd
0
0
0
-4266.7
92.3
-2163
1.0
Obj_TreeConiferous_A_Snow_03.001
0
0
0
-4002.534
344.2352
-2015.538
1.0
Obj_RockSetSnow_A_01
0.4665849
0.7817519
2.95122
-4086.223
112.3354
-2499.658
1.0
Area
0
0
0
-4161.9
113.9
-2439.6
30
LinkTagAnd
-0.478766
-1.30972
0.4989642
-4340.427
304.2707
-2354.885
1.0
LinkTagAnd
0
0
0
-4200.285
271.0788
-2720.139
1.0
Obj_TreeSnowberry_A
0.02419715
0.001747729
-0.1442
-4275.741
218.9709
-2346.749
1.0
FldObj_CliffSnowLargeWall_D_02_Far
0
-0.08000001
0
-4465.169
331.2255
-2531.201
1.0
Obj_TreeConiferous_A_Snow_03.002
0
0.9400001
0
-4541.601
218.9518
-2315.619
1.0
Obj_RockBroken_A_02
0
0.2418687
0
-3943.036
106.3156
-2484.168
1.0
Area
-0.2
0
-0.6799999
-4210.388
248.7522
-2755.463
2
FldObj_CliffSnowWall_D_27
2.342217
1.198398
3.120729
-4261.272
305.2505
-2867.268
1.0
Obj_KorokPlate_A_01
0
0.8726646
0
-4126.931
303.8145
-1937.419
1.0
LinkTagOr
-0.2
0
-0.6799999
-4209.278
250.124
-2755.821
1.0
TBox_Field_Iron
0
0.6730383
0
-4167.998
120.4219
-2435.043
1.0
Obj_LiftRockWhite_A_01
0.1137775
-0.006521895
0.1143948
-4071.808
131.3137
-2545.96
1.0
LinkTagAnd
0
0
0
-4210.388
248.7522
-2755.463
1.0
FldObj_CliffSnowWall_D_18_Far
3.124547
-0.2572232
-2.998224
-3987.066
155.9205
-2578.852
2
LinkTagOr
-0.6200001
-0.2600045
0
-4196.304
284.9474
-2700.693
1.0
IceWall
0.1745329
1.204209
0.2023281
-4571.515
335.4621
-2853.204
1.0
LinkTagNAnd
-2.516726
0.5143518
-2.046387
-4047.277
170.5633
-2302.372
1.0
ActorObserverTag
-0.04548678
-0.0004707909
-0.02069582
-4313.362
162.8626
-2044.856
1.0
AscendingCurrent
0
1.34
0
-3865.791
100.9075
-2746.804
1.0
LinkTagAnd
-2.516726
0.5143518
-2.046387
-4048.074
169.0154
-2303.356
1.0
Obj_Plant_Korok_A_01
-0.1062047
-0.4087746
0.2620341
-4022.048
130.3815
-2349.859
1.0
FldObj_CliffSnowWall_D_22_Far
0
2.783183
0
-4049.278
108.5388
-2517.703
0.55
Obj_Mineral_C_01
-2.035611
-0.05837201
2.63385
-4265.492
92.25374
-2151.371
1.0
Area
-0.6200001
-0.2600045
0
-4196.573
283.4824
-2699.683
2
MoveTriggerTag
2.54183
-1.169319
-2.800024
-4457.04
397.3192
-2968.323
1.0
LinkTagAnd
0
0
0
-4248.804
307.912
-2837.192
1.0
SwitchTimeLag
-1.473726
-0.07066442
-0.9434336
-4207.444
254.9223
-2733.109
0.5
LinkTagOr
0
0
0
-4197.697
287.2481
-2689.475
1.0
Enemy_Chuchu_Ice_Junior
0
-2.740002
0
-4069.385
92.85585
-2521.161
1.0
FldObj_CliffSnowWall_D_18_Far.001
0
-0.6200023
0
-3943.247
107.085
-2484.426
0.65
Area
0
0
0
-4197.697
285.4482
-2689.475
2
ChangeWindTag
0
0
0
-4161.9
83.9
-2439.6
1.0
FldObj_CliffSnowWall_D_11_Far
0
-0.2
0
-4006.795
113.4515
-2565.091
1.0
FldObj_CliffSnowLargeWall_D_02_Far.001
3.132533
-0.04113968
-3.121629
-4170.087
88.24951
-2170.734
1.0
Obj_Plant_Korok_A_01.001
-0.7577733
-0.1301599
0.9763339
-4043.065
160.6449
-2307.398
1.0
FldObj_CliffSnowWall_D_23
0
1.02
0
-3994.392
154.9133
-2556.509
0.6
FldObj_CliffSnowWall_D_18_Far.002
0
0.8199995
0
-3873.607
90.67088
-2605.632
1.0
FldObj_CliffSnowWall_D_27.001
-0.4643961
-1.304805
-0.05680666
-4055.148
127.9237
-2874.116
0.85
LinkTagNAnd
0
-0.8200006
0
-4208.333
221.0424
-2781.656
1.0
LinkTagOr
0.1137775
-0.006521895
0.1143948
-4071.608
133.9368
-2545.662
1.0
Obj_TreeConiferous_A_Snow_03.003
0
2.573049
0
-4405.778
357.3652
-2752.11
1.0
FldObj_CliffSnowWall_D_27_Far
-0.9199998
-1.360001
-0.36
-4427.184
340.2928
-2611.116
1.0
FldObj_CliffSnowWall_D_18.001
0
-2.603186
0
-4130.637
90.75688
-2271.25
1.0
LinkTagAnd
0
-0.8200006
0
-4206.969
221.0424
-2780.194
1.0
FldObj_CliffSnowScaffold_D_01_Far
0
-1.819999
0
-3848.216
135.0404
-2737.083
1.0
FldObj_CliffSnowEdgeWall_END_B_02_Far
2.464637
-1.323165
-2.582853
-4413.126
186.7872
-2067.78
1.0
FldObj_CliffSnowWall_D_27.002
-0.3630888
-0.5256355
-0.6591977
-4489.405
245.6705
-2515.686
1.0
LookTag
0
1.470933
0
-4058.735
199.7253
-2622.292
1.0
Obj_LiftRockWhite_Korok_A_01
-0.04548678
-0.0004707909
-0.02069582
-4314.408
160.6861
-2044.756
1.0
FldObj_CliffSnowWall_D_27_Far.001
-0.4643961
-1.304805
-0.05680666
-4055.148
127.9237
-2874.116
0.85
FldObj_CliffSnowWall_D_14
-0.3780788
0.3478576
-0.09089102
-4093.56
170.2222
-2553.577
1.0
FldObj_CliffSnowWall_D_07
-3.040087
-1.140558
3.047471
-3988.421
214.3939
-2948.081
1.0
Obj_RockSetSnow_A_01.001
0
0.3000001
0
-4237.857
213.48
-2794.998
1.0
LinkTagOr
0
0
0
-4458.848
399.0859
-2980.239
1.0
FX_CliffWhiteWaterFall_01
0
3.100001
0
-4054.418
124.212
-2662.722
0.7
FldObj_CliffSnowWall_D_01
-0.6306316
0.3885959
0.08027919
-4097.151
309.855
-1957.911
1.0
Obj_LiftRockWhite_A_01.001
-0.3253668
-0.8748326
0.2416542
-4343.126
171.8998
-2016.965
1.0
LinkTagAnd
0
-1.147061
0
-4054.901
192.9358
-2631.59
1.0
AscendingCurrent
0
1.34
0
-3942.9
107.3
-2484.4
1.0
Rope
-2.461567
0.7615932
3.141593
-4074.498
91.48193
-2420.512
1.0
FldObj_CliffSnowWall_D_01_Far
2.351661
-0.6316174
-2.783396
-4090.557
307.9839
-1946.341
1.0
FldObj_CliffSnowWall_D_18.002
0
-1.861592
0
-4104.426
120.6841
-2506.552
1.0
FldObj_CliffSnowLargeWall_D_01_Far
-0.06696702
0.4603075
-0.009748039
-4198.832
215.5544
-2522.717
1.0
FldObj_CliffSnowWall_D_10_Far
1.139727
0.5768901
0.5901621
-4109.43
315.0508
-1968.569
1.0
FldObj_CliffSnowWall_D_01.001
-0.24
1.06
0
-4019.752
99.00885
-2570.74
1.0
Area
2.007129
3.961597E-08
1.570796
-4126.697
303.9778
-1933.466
0.2109886
FldObj_CliffSnowWall_D_01_Far.001
-0.6306316
0.3885959
0.08027919
-4097.151
309.855
-1957.911
1.0
Obj_LiftRockWhite_A_01.002
0
0.01098155
0
-4162
231.4579
-2565.873
1.0
FldObj_CliffSnowLargeWall_D_02.001
2.371632
-0.6078333
-3.051142
-4041.603
313.3253
-2026.497
1.0
Weapon_Lsword_056
3.133532
-0.7774101
0.005597855
-4242.466
89.59135
-2201.409
1.0
SwitchTimeLag
0
0
0
-4265.8
92.1
-2160.4
1.0
FldObj_CliffSnowWall_D_05_Far
0
-2.52
0
-4025.459
32.93568
-2370.766
1.0
FldObj_CliffSnowLargeWall_D_01
-0.06696702
0.4603075
-0.009748039
-4198.832
215.5544
-2522.717
1.0
WallCrack
0.04860618
0.2393683
0.04628301
-3932.419
89.6805
-2854.409
1.0
Area
-0.1256003
0.181101
-0.6114193
-4481.432
377.3564
-2983.661
1.0
FldObj_KorokGoal_A_01
0
0.2000002
0
-4396.838
181.404
-2049.885
1.0
FldObj_CliffSnowEdgeWall_END_B_02_Far.001
0
-1.080483
0
-4542.402
212.2238
-2609.922
1.0
LinkTagNAnd
0
-1.461733
0
-4059.666
107.3907
-2506.657
0.6
FldObj_CliffSnowLargeWall_D_02.002
2.961594
1.461593
3.141593
-4364.681
205.3127
-2235.154
1.15
FldObj_CliffSnowLargeWall_D_02.003
0
-2.58
0
-4063.416
183.2791
-2630.176
1.0
FldObj_CliffSnowLargeWall_D_03
2.44544
1.318441
-3.139066
-4242.459
294.2386
-2572.67
1.0
LinkTagAnd
0
0
0
-4472.644
390.5554
-2977.325
1.0
LinkTagNAnd
0
2.701593
0
-4507.657
230.5671
-2140.527
2
FldObj_CliffSnowLargeWall_D_01_Far.001
0
-0.2
0.36
-4335.448
64.78989
-2287.57
1.0
SwitchTimeLag
0
0
0
-3925.64
93.25801
-2855.885
1.0
FldObj_CliffSnowEdgeWall_END_B_02
-0.1886753
-0.2220345
-0.09680211
-4376.146
109.7901
-2148.08
1.0
FldObj_KorokTarget_A_01
0
2.701593
0
-4516.097
225.4187
-2133.102
1.0
LinkTagAnd
0
0
0
-4290.9
130.9
-2125.3
1.0
LinkTagNAnd
-0.1894963
-0.1011842
-1.195201
-4195.405
278.5395
-2707.226
1.0
FldObj_CliffSnowWall_D_01_Far.002
2.82746
-0.3959302
-2.684707
-4005.947
70.68301
-2387.404
1.0
LinkTagAnd
0.6507147
0.3529133
-0.73362
-4069.935
132.5289
-2545.834
1.0
LinkTagAnd
0
2.007129
0
-4120.896
308.5288
-1936.605
1.0
FldObj_CliffSnowWall_D_27_Far.002
1.517247
-1.420477
-2.665123
-4490.637
332.8944
-2696.889
1.0
SwitchTimeLag
0
0
0
-4263.69
92.1
-2160.4
1.0
FldObj_CliffSnowTopHalf_D_01_Far
1.968128
1.035568
1.984506
-4287.216
276.5009
-2823.808
1.0
Rope
0.6800258
-1.460004
0
-4247.147
91.58829
-2204.84
1.0
FldObj_CliffSnowTopHalf_D_01
0
0.84
0
-4226.534
227.5982
-2493.683
1.0
FldObj_CliffSnowWall_D_22
-2.829875
0.7547544
-3.056188
-4046.444
156.2498
-2542.211
1.0
LinkTagOr
0
0
0
-4338.584
164.4011
-2038.81
1.0
LinkTagOr
-0.4153948
0.6293355
-0.06282303
-4063.955
167.0894
-2286.9
1.0
Area
-0.4153948
0.6293355
-0.06282303
-4063.632
165.4188
-2286.313
2
FldObj_CliffSnowWall_D_09
-0.04929592
-0.4758439
0.2748395
-4393.12
235.4761
-2409.108
1.0
LinkTagAnd
-0.1894963
-0.1011842
-1.195201
-4194.675
276.6884
-2707.023
1.0
FldObj_CliffSnowLargeWall_D_01_Far.002
2.761592
-1.421593
3.141593
-4489.626
356.5496
-2847.943
1.0
FldObj_CliffSnowEdgeWall_END_B_02_Far.002
-0.1886753
-0.2220345
-0.09680211
-4376.146
109.7901
-2148.08
1.0
FldObj_CliffSnowLargeWall_D_02.004
0
-2.379999
0
-4009.854
164.6463
-2664.281
1.0
Npc_HiddenKorokGround
0
0.07999969
0
-4330.862
441.8892
-2600.161
1.0
Area
0.02208575
0.1810735
-0.09872182
-4495.56
344.153
-2510.307
0.7
FldObj_CliffSnowWall_D_22.001
-2.965366
-1.091323
-2.906136
-4144.056
320.3252
-1938.038
1.0
LinkTagAnd
-0.04232967
-0.9123941
-0.5420595
-4216.937
245.8505
-2764.421
1.0
FldObj_CliffSnowWall_D_02
0.04975563
0.6378073
0.06967403
-3999.743
308.8906
-1978.849
1.2
LinkTagAnd
1.584513
-0.6739259
-0.994764
-4339.806
302.9918
-2352.279
1.0
Obj_Mineral_A_01
3.086489
-0.06057612
3.120946
-3931.216
89.49664
-2856.16
1.0
FldObj_CliffSnowTopHalf_D_01_Far.001
-1.165461
-1.190316
0.713233
-4161.876
286.5764
-1875.981
0.6
ActorObserverTag
0
0.0048639
0
-4154.165
220.603
-2608.105
1.0
FldObj_KorokTarget_A_01.001
0
2.701593
0
-4515.257
227.3093
-2130.119
1.0
LinkTagAnd
0.3212208
0.1628712
0.1561171
-4163.977
121.8256
-2429.861
1.0
Obj_LiftRockWhite_Korok_A_01.001
0
0
0
-4325.69
160.5935
-2066.127
1.0
Npc_HiddenKorokGround
0
0
0
-4402.555
415.0383
-2866.692
1.0
ForceSetPosDirAutoSaveAnchor
0
1.67986
0
-4064.677
94.89072
-2507.718
1.0
FldObj_CliffSnowLargeWall_D_03_Far
0.1157823
0.8162048
0.0957173
-4145.567
94.03845
-2442.165
1.0
FldObj_CliffSnowWall_D_02_Far.001
0.04975563
0.6378073
0.06967403
-3999.743
308.8906
-1978.849
1.2
FldObj_CliffSnowWall_D_11_Far.001
-0.2374421
-0.914112
0.08113123
-4537.719
226.5609
-2538.627
1.0
LinkTagNAnd
-0.04232967
-0.9123941
-0.5420595
-4217.985
246.4818
-2766.003
1.0
Npc_HiddenKorokGround
0
-3.141593
0
-4330.523
160.93
-2052.857
1.0
FldObj_CliffSnowScaffold_D_01
0
1.96
0
-3995.906
156.0642
-2533.52
1.0
FldObj_CliffSnowScaffold_D_01_Far.001
0.4332648
-1.115296
-0.3443542
-4085.758
162.8078
-2961.381
1.5
LinkTagAnd
0
-1.461733
0
-4063.969
94.89072
-2509.204
0.3
LinkTagAnd
0
0
0
-4505.915
224.5473
-2149.21
1.0
ActorObserverTag
0
0
0
-4338.584
163.4011
-2038.81
1.0
Area
0
0
0
-4325.69
161.1935
-2066.127
1.0
LinkTagOr
-0.3478051
-0.9342557
-0.6216594
-4214.047
232.842
-2770.403
1.0
FldObj_CliffSnowWall_D_23_Far
0
1.02
0
-3994.392
154.9133
-2556.509
0.6
Obj_LiftRockWhite_A_01.003
0.317335
-0.6573185
-0.3007092
-4330.866
441.8145
-2600.178
1.0
FldObj_CliffSnowWall_D_02.001
0
0.5199999
0
-4052.003
114.717
-2566.766
1.0
Area
-0.3478051
-0.9342557
-0.6216594
-4215.434
231.7537
-2770.038
2
FldObj_CliffSnowWall_D_11
-0.2374421
-0.914112
0.08113123
-4537.719
226.5609
-2538.627
1.0
LinkTagOr
0
0
0
-3999.3
149.3967
-2550.093
1.0
ActorObserverTag
0
2.879793
0
-4123.341
306.9805
-1931.161
1.0
LinkTagOr
0
-3.136729
0
-4157.942
215.1984
-2636.839
1.0
FldObj_CliffSnowLargeWall_D_02_Far.002
0.07671133
1.314524
0.3142616
-3975.043
159.6674
-2624.993
1.0
Item_Fruit_B
-0.02419715
-0.001747727
2.997393
-4275.68
219.8036
-2347.269
1.0
SwitchTimeLag
2.237433
0.3420767
-2.114963
-4031.638
148.2867
-2325.47
0.5
LinkTagAnd
0
0
0
-4126.429
104.3373
-2266.95
2
Obj_RockSetSnow_A_01_Far
-1.491362
0.8146307
-2.521549
-4030.13
118.9704
-2533.473
1.0
FldObj_CliffSnowWall_D_10
-3.018298
-1.221339
-2.698111
-4192.24
294.1409
-1906.331
0.9
Obj_Plant_Korok_A_01.002
-2.58196
0.234194
2.345062
-4201.116
270.4735
-2719.52
1.0
FldObj_CliffSnowLargeWall_D_01_Far.003
1.635612
1.396589
1.981163
-4379.937
159.238
-2101.957
1.0
WallCrack
2.861293
-0.5067766
-3.128105
-4213.654
182.8298
-2103.543
1.0
Area
0
-1.147061
0
-4059.794
199.9253
-2622.786
2
KorokAnswerResponce
0
0.004863899
0
-4159.957
215.6984
-2639.829
1.0
LinkTagOr
0
2.701593
0
-4508.188
234.0671
-2144.093
2
FldObj_CliffSnowWall_D_11.001
0
-0.8800001
0
-4632.958
225.0594
-2819.504
1.0
Obj_RockBroken_A_02.001
0
0
0
-3867.6
97.8713
-2745.519
1.0
LinkTagAnd
0
0
0
-4031.952
147.4241
-2322.94
1.0
ActorObserverTag
0
-2.007129
0
-4120.154
306.7763
-1933.516
1.0
FldObj_CliffSnowLargeWall_D_03.001
2.541593
1.381593
3.141593
-4218.528
204.5455
-2794.853
1.0
FldObj_CliffSnowLargeWall_D_01.001
3.001593
1.321593
3.141593
-4279.986
294.6714
-2705.343
1.0
Obj_RockSetSnow_A_01_Far.001
0
0
0.7999997
-4034.392
161.0934
-2679.798
1.8
Obj_RockSetSnow_A_01.002
2.154776
-0.8422696
-0.9664364
-4035.169
109.5719
-2527.426
1.0
FldObj_CliffSnowWall_D_01.002
2.82746
-0.3959302
-2.684707
-4005.947
70.68301
-2387.404
1.0
LinkTagAnd
0.1137775
-0.006521895
0.1143948
-4072.601
133.8226
-2545.668
1.0
FldObj_CliffSnowWall_D_22.002
0
2.783183
0
-4049.278
108.5388
-2517.703
0.55
FldObj_CliffSnowWall_D_27_Far.003
-0.3630888
-0.5256355
-0.6591977
-4489.405
245.6705
-2515.686
1.0
FldObj_CliffSnowWall_D_18_Far.003
0
0.8199995
0
-3907.352
122.7022
-2444.742
2
FldObj_CliffSnowLargeWall_D_01.002
3.023422
1.415429
2.64525
-4182.716
157.5838
-2788.464
1.0
FldObj_CliffSnowWall_D_27.003
2.757394
1.42076
3.116433
-4181.799
218.6008
-2634.91
1.0
TBox_Field_Enemy
0
1.994532
0
-4060.5
197.9653
-2622.469
1.0
FldObj_CliffSnowWall_D_14_Far
2.873548
-0.3646116
3.112381
-3997.05
120.3931
-2716.075
1.0
LinkTagOr
0
-1.181583
0
-4019.694
133.3091
-2349.896
1.0
KorokAnswerResponce
0
2.007129
0
-4127.124
307.6887
-1934.38
0.5
LinkTagNAnd
-2.474956
0.3420767
-2.114963
-4029.997
149.8041
-2325.539
1.0
FldObj_CliffSnowTopHalf_D_01_Far.002
2.961593
-0.4815927
3.141593
-4096.935
116.384
-2155.972
1.0
Obj_Plant_Korok_A_01.003
-2.795334
-0.2595464
2.747712
-4193.409
288.9364
-2680.998
1.0
LinkTagOr
-0.559633
-0.2341941
-0.7965304
-4199.04
271.9868
-2721.069
1.0
FldObj_CliffSnowWall_D_27.004
-0.75072
-0.982632
-0.6644957
-4423.859
229.5576
-2408.569
1.0
FldObj_CliffSnowTopHalf_D_01.001
-0.2968995
0.2963395
-0.06480276
-4017.132
283.4339
-1921.081
0.8
Area
-0.559633
-0.2341941
-0.7965304
-4200.285
271.0788
-2720.139
2
FldObj_CliffSnowWall_D_10_Far.001
-3.018298
-1.221339
-2.698111
-4192.24
294.1409
-1906.331
0.9
Obj_KorokPlate_A_01.001
0
2.007129
0
-4126.701
303.6887
-1933.474
1.0
Enemy_Moriblin_Senior
0
-1.407797
0
-4454.202
398.111
-2970.925
1.0
Npc_HiddenKorokFly
0
2.701593
0
-4507.235
226.3406
-2146.108
1.0
LinkTagAnd
-2.474956
0.3420767
-2.114963
-4030.973
148.1922
-2326.21
1.0
LinkTagOr
0
-2.941592
0
-4397.328
185.904
-2049.785
1.0
FldObj_CliffSnowWall_D_27.005
1.538701
1.101252
2.045133
-4183.453
256.3368
-2563.461
1.0
FldObj_CliffSnowTopHalf_D_01.002
0
-0.09999996
0
-4115.67
114.3664
-2562.864
1.0
FldObj_CliffSnowWall_D_27.006
-0.2183684
-0.925557
-0.2337306
-4466.958
228.2724
-2490.93
1.0
SwitchTimeLag
0
-1.147061
0
-4047.087
212.9154
-2627.658
1.0
Obj_TreeConiferous_A_Snow_03.004
0
0.1211407
0
-4159.332
162.1575
-2935.123
1.0
FldObj_CliffSnowTopHalf_D_01_Far.003
0
-0.09999996
0
-4115.67
114.3664
-2562.864
1.0
AnchorAction1
0
1.069063
0
-4051.683
193.1004
-2626.255
1.0
Area
-0.1256003
0.181101
-0.6114191
-4476.33
377.3287
-2960.17
1.0
FldObj_CliffSnowWall_D_22_Far.001
0
-0.3568142
0
-4036.643
120.8342
-2513.472
0.7
Obj_Plant_Korok_A_01.004
-2.793788
0.9342555
2.519933
-4216.358
231.0282
-2769.795
1.0
Obj_LiftRockWhite_A_01.004
-1.478678
-1.454967
1.497081
-4340.224
301.729
-2354.094
1.0
LinkTagAnd
0
2.701593
0
-4506.783
228.8406
-2145.896
1.0
FldObj_CliffSnowWall_D_05
0
-2.52
0
-4025.459
32.93568
-2370.766
1.0
FldObj_CliffSnowEdgeWall_B_02_Far
0
-1.72
0
-4596.27
336.1995
-2965.724
1.0
LinkTagAnd
0
-1.181583
0
-4020.074
133.3091
-2350.821
1.0
LinkTagAnd
0
0
0
-4072.9
165.3
-2253.1
1.0
LinkTagOr
0
2.007129
0
-4123.827
306.0288
-1935.79
1.0
SwitchTimeLag
0
-1.2
0
-4248.804
307.912
-2837.192
1.0
ActorObserverTag
0
0
0
-4337.584
163.4011
-2038.81
1.0
ActorObserverTag
0
0.0048639
0
-4156.165
220.603
-2608.095
1.0
LinkTagOr
0
0
0
-4073.829
165.9503
-2290.366
1.0
FldObj_CliffSnowScaffold_D_01.001
0
-1.819999
0
-3848.216
135.0404
-2737.083
1.0
FldObj_CliffSnowWall_D_01_Far.003
-0.24
1.06
0
-4019.752
99.00885
-2570.74
1.0
LinkTagAnd
0
0
0
-4215.434
231.7537
-2770.038
1.0
Enemy_Lizalfos_Senior
0
1.069063
0
-4056.067
193.0938
-2628.659
1.0
LinkTagAnd
0
-3.141593
0
-4336.655
163.2935
-2054.912
1.0
ActorObserverTag
0
0
0
-4325.69
162.7935
-2066.127
1.0
FldObj_CliffSnowWall_D_27_Far.004
-0.7895198
-0.4742183
-0.06730115
-4514.424
330.2351
-2724.667
1.0
LinkTagOr
0
0.0048639
0
-4155.165
221.603
-2608.1
1.0
LookTag
0
-1.461733
0
-4068.279
93.89072
-2507.223
1.0
Obj_TreeConiferous_A_Snow_03.005
0
0
0
-4004.523
180.3273
-2875.34
1.0
FldObj_CliffSnowWall_D_07_Far
2.963393
-1.358059
-2.973231
-4529.807
159.5361
-2499.334
1.0
FldObj_CliffWhiteWaterFall_A_01_Far
0
3.100001
0
-4054.418
124.212
-2662.722
0.7
FldObj_CliffSnowLargeWall_D_03_Far.001
2.541593
1.381593
3.141593
-4218.528
204.5455
-2794.853
1.0
DgnObj_EntranceElevator_A_01
0
-1.461733
0
-4057.842
94.89088
-2508.366
1.0
LinkTagAnd
0
0
0
-4157.457
217.6984
-2639.841
1.0
FldObj_CliffSnowWall_D_02_Far.002
0
0
0
-4078.039
78.56474
-2213.301
1.0
FldObj_CliffSnowLargeWall_D_03.002
2.424834
-0.9403362
-2.930968
-4058.754
154.4154
-2260.51
1.0
Obj_LiftRockWhite_Korok_A_01.002
0
0
0
-4338.584
161.2011
-2038.81
1.0
FldObj_CliffSnowTopHalf_D_01_Far.004
-0.4520557
1.215142
0.122185
-4374.568
346.1692
-2863.519
1.0
FldObj_CliffSnowWall_D_22.003
0.01606566
-0.6766536
-0.0256529
-4088.631
120.4553
-2505.367
1.0
FldObj_CliffSnowWall_D_01_Far.004
-0.3840373
0.6887504
0.4307136
-4065.573
302.1121
-1890.37
1.0
LinkTagAnd
0
0
0
-4196.749
275.5877
-2709.617
1.0
Obj_RaftWoodSail_A_S_01
0
-1.460003
0
-4243.341
89.00282
-2205.196
1.0
FldObj_CliffSnowWall_D_07_Far.001
-0.48
0.8199999
0
-4183.644
93.44748
-2398.945
1.0
FldObj_CliffSnowWall_D_22_Far.002
-2.965366
-1.091323
-2.906136
-4144.056
320.3252
-1938.038
1.0
Obj_RockSetSnow_A_01_Far.002
0
-0.920001
0
-4214.692
286.6974
-2545.125
1.0
LinkTagOr
0
0.2000002
0
-4399.288
181.404
-2049.388
1.0
FldObj_CliffSnowScaffold_D_01.002
0.2107012
-0.4578949
0.04356522
-4074.683
164.4777
-2961.584
1.5
FldObj_CliffSnowWall_D_01.003
2.351661
-0.6316174
-2.783396
-4090.557
307.9839
-1946.341
1.0
LinkTagAnd
0
0
0
-4468.136
390.5554
-2958.466
1.0
FldObj_CliffSnowLargeWall_D_01_Far.004
2.801592
0.8815926
3.141593
-4321.645
300.5986
-2887.807
1.0
LinkTagAnd
0.6532837
0.4916606
-0.8821768
-4328.827
442.7046
-2600.133
1.0
FldObj_CliffSnowWall_D_10.001
1.139727
0.5768901
0.5901621
-4109.43
315.0508
-1968.569
1.0
SwitchTimeLag
-1.613126
-0.9123941
-0.5420595
-4216.282
245.4066
-2765.033
0.5
FldObj_CliffSnowWall_D_10_Far.002
1.599639
0.7392617
1.135341
-4138.889
310.9688
-1947.003
0.6
SwitchTimeLag
-1.760293
-0.1011842
-1.195201
-4194.814
276.527
-2708
0.5
Npc_HiddenKorokGround
0
-1.34
0
-4340.229
301.8517
-2354.104
1.0
FldObj_CliffSnowEdgeWall_B_02
0
-1.72
0
-4596.27
336.1995
-2965.724
1.0
DestinationAnchor
0
1.156261
0
-4064.503
94.89072
-2506.128
1.0
Obj_Mineral_C_01.001
-2.333773
0.2350023
3.091423
-4263.76
92.29554
-2152.44
1.0
Area
0
0
0
-4050
130.5
-2677
20
Obj_Plant_Korok_A_01.005
-2.726198
-0.6293355
3.07877
-4063.416
164.3052
-2285.921
1.0
LinkTagAnd
0
0
0
-4063.588
94.89088
-2505.725
1.0
SwitchTimeLag
0.3212208
0.1628712
0.1561171
-4162.575
120.6695
-2432.943
1.0
FldObj_CliffSnowWall_D_02_Far.003
-0.06176376
-0.4798892
0.004053556
-4023.022
149.3988
-2604.823
1.0
FldObj_SkullRockSnow_A_01_Far
0
1.819999
0
-4052.652
193.0986
-2626.008
1.0
FldObj_CliffSnowWall_D_18_Far.004
0
2.419999
0
-4233.825
94.46782
-2245.977
1.0
Area
1.016125
1.54727
2.587045
-4107.773
133.1962
-2776.2
1.0
LinkTagAnd
0
0
0
-3952.161
109.2664
-2420.776
2
Obj_RaftWoodSail_A_S_01.001
0
2.38
0
-4077.183
89.00282
-2417.792
1.0
FldObj_CliffSnowLargeWall_D_02_Far.003
-2.915429
1.05207
2.996333
-4013.342
114.1931
-2740.961
1.0
Obj_Mineral_C_01.002
-1.390604
-1.302097
1.298192
-4294.03
130.6165
-2113.177
1.0
Obj_TreeConiferous_A_Snow_03.006
0
0
0
-4518.392
215.7174
-2296.502
1.0
Obj_RockSetSnow_A_01_Far.003
0.2724042
-0.8097191
-0.3227305
-4427.358
197.88
-2146.648
1.0
SwitchTimeLag
-1.570796
-0.8200006
0
-4206.238
221.0424
-2780.876
0.5
DgnObj_EntranceShutter_A_01
0
-1.461733
0
-4061.619
94.89088
-2507.952
1.0
Obj_Mineral_C_01.003
3.073837
0.5891597
-2.789763
-4294.752
130.8659
-2117.168
1.0
Obj_RockSetSnow_A_01_Far.004
0
0
0
-4283.944
313.2064
-2883.462
1.0
LinkTagOr
-2.383819
0.13016
-2.165259
-4044.721
162.087
-2309.442
1.0
SwitchTimeLag
-1.570796
0.004863899
0
-4157.457
217.6984
-2639.841
0.5
FldObj_CliffSnowWall_D_27_Far.005
-1.207568
-0.3701406
0.1679361
-4341.1
342.5757
-2490.933
1.0
LinkTagAnd
0
2.701593
0
-4511.276
232.0671
-2142.23
2
FldObj_CliffSnowWall_D_18.003
0
2.9
0
-4115.629
92.01469
-2417.129
1.0
SwitchTimeLag
0
0
0
-4217.3
183.5
-2108.3
1.0
FldObj_CliffSnowTopHalf_D_01_Far.005
0.1294311
-1.448988
-0.6300095
-4246.283
259.7952
-1933.341
0.6
LinkTagNAnd
0.09706993
-0.07066442
-0.9434336
-4208.734
256.5374
-2732.258
1.0
FldObj_KorokTarget_A_01.002
0
2.701593
0
-4512.584
224.4968
-2134.326
1.0
LinkTagAnd
0
1.994532
0
-4047.172
212.9369
-2620.34
1.0
LinkTagAnd
0.09706993
-0.07066442
-0.9434336
-4207.563
254.9223
-2732.116
1.0
Obj_Plant_Korok_A_01.006
0
-3.141593
0
-4197.697
284.2481
-2689.475
1.0
FldObj_CliffSnowWall_D_10_Far.003
-0.4210584
0.4722858
0.8787208
-4100.241
313.6954
-1921.331
0.8
Area
-2.383819
0.13016
-2.165259
-4043.728
161.2217
-2308.216
2
FldObj_CliffSnowWall_D_27.007
2.67433
-1.360017
2.498458
-4388.958
361.0607
-2741.916
1.0
LocationTag
0
0
0
-4080.5
173
-2720
1.0
FldObj_CliffSnowWall_D_18_Far.005
0
-1.46
-0.22
-4102.061
97.14568
-2487.538
1.0
LinkTagAnd
0
0
0
-4063.632
165.4188
-2286.313
1.0
FldObj_CliffSnowTopHalf_D_01_Far.006
0
0.84
0
-4226.534
227.5982
-2493.683
1.0
LinkTagAnd
0
0
0
-3925.64
93.25801
-2855.885
1.0
Area
0.8726646
3.348487E-08
1.570796
-4126.937
304.1036
-1937.413
0.2109886
FldObj_CliffSnowLargeWall_D_01_Far.005
0
-2.12
0
-4160.18
292.4158
-1948.954
1.0
LinkTagOr
-0.04548678
-0.0004707909
-0.02069582
-4314.341
163.882
-2044.902
1.0
FldObj_CliffSnowWall_D_27_Far.006
-0.741595
0.05904881
-0.05400583
-4431.374
374.4421
-2816.274
1.0
Enemy_Lizalfos_Ice
0
-3.119727
0
-4051.574
193.0664
-2621.256
1.0
FldObj_CliffSnowEdgeWall_END_B_02_Far.003
0
-1.479377
0
-4605.197
212.3344
-2852.895
1.2
KorokAnswerResponce
0
2.701593
0
-4509.95
230.3406
-2147.386
0.5
LinkTagOr
0
0.3000001
0
-4496.196
343.4976
-2508.179
1.0
LinkTagAnd
0
0
0
-3938.997
119.5867
-2482.526
2
AscendingCurrent
0
0
0
-4130.652
89.58121
-2271.265
1.0
FldObj_CliffSnowLargeWall_D_01_Far.006
-0.5743747
1.249801
-0.4533162
-4310.453
215.5544
-2410.157
1.0
LinkTagAnd
0
2.701593
0
-4509.466
233.5671
-2141.378
2
LinkTagAnd
0
0
0
-4217.3
183.5
-2108.3
1.0
FldObj_CliffSnowWall_D_27.008
2.06587
-1.40241
3.096789
-4414.442
366.5529
-2806.065
1.0
LinkTagAnd
0
2.701593
0
-4506.221
229.0671
-2136.534
2
EnemyLookTag
0
1.069063
0
-4051.683
193.1004
-2626.255
1.0
FldObj_CliffSnowWall_D_27.009
-1.449503
-1.343815
0.2928214
-4504.176
380.1418
-2854.223
1.0
LinkTagAnd
0
-1.147061
0
-4051.664
192.9253
-2617.492
1.0
SwitchTimeLag
1.570796
0.44
3.141593
-4508.14
232.3406
-2146.534
0.5
Obj_Mineral_A_01.001
0.5635963
-1.151302
-0.743614
-4257.791
303.287
-2827.65
1.0
FldObj_CliffSnowWall_D_10_Far.004
0
0
0
-4355.622
267.2944
-2353.618
1.0
FldObj_CliffSnowWall_D_02_Far.004
0
-0.160001
0
-4048.421
125.9846
-2576.624
1.0
ActorObserverTag
-0.04548678
-0.0004707909
-0.02069582
-4314.362
162.8833
-2044.856
1.0
LinkTagAnd
0
0
0
-3998.063
146.9903
-2545.836
1.0
LinkTagOr
0
0.3000001
0
-4496.196
344.4976
-2508.179
1.0
LinkTagOr
0
0
0
-4165.502
210.4266
-2759.264
1.0
LinkTagAnd
0
0
0
-4120.896
310.5288
-1936.605
1.0
LinkTagAnd
0.2195632
0.08342127
-0.03114315
-4331.239
444.342
-2599.577
1.0
Area
0
-1.081733
0
-4068.6
93.5
-2512.5
18
WallCrack
2.996924
1.166067
-3.077686
-4257.36
301.2618
-2828.396
1.0
LinkTagAnd
0
0
0
-4015.589
97.42773
-2799.593
1.0
FldObj_KorokPinwheel_A_01
2.524867
0.3554158
2.385638
-4506.018
224.9339
-2148.052
1.0
LinkTagAnd
0
0
0
-4193.072
290.0189
-2681.392
1.0
LinkTagAnd
0
-1.461733
0
-4063.969
94.89072
-2509.204
0.3
Obj_TreeConiferous_A_Snow_03.007
0
6.267029
0
-4104.766
186.3392
-2643.717
1.0
KorokAnswerResponce
0
0.8726646
0
-4126.289
307.8145
-1938.185
0.5
Obj_RockSetSnow_A_01_Far.005
0.7599999
-1.3
0
-4027.327
123.111
-2545.399
1.0
LinkTagAnd
0
0
0
-4022.308
131.5471
-2349.975
1.0
FldObj_CliffSnowWall_D_22_Far.003
-2.829875
0.7547544
-3.056188
-4046.444
156.2498
-2542.211
1.0
SwitchTimeLag
2.195663
0.5143518
-2.046387
-4048.777
168.9285
-2302.65
0.5
Obj_TreeConiferous_A_Snow_03.008
0
3.383674
0
-4458.886
349.2055
-2709.931
1.0
Obj_Mineral_C_01.004
-0.02898294
0.1776763
0.03741824
-4294.892
130.7949
-2116.703
1.0
FldObj_SkullRockSnow_A_01
0
1.819999
0
-4052.652
193.0986
-2626.008
1.0
Obj_RockBroken_A_02.002
0.08060399
-0.906239
0.05398528
-4130.049
90.50124
-2270.715
1.0
LinkTagAnd
0
0.004863899
0
-4157.457
216.6984
-2639.841
1.0
Obj_RockSetSnow_A_01.003
0.2724042
-0.8097191
-0.3227305
-4427.358
197.88
-2146.648
1.0
Obj_RockSetSnow_A_01.004
-0.4373794
-0.9749701
0.3692593
-4296.47
327.5416
-2867.556
1.0
Obj_TreeConiferous_A_Snow_03.009
0
0
0
-4470.939
215.545
-2311.155
1.0
Obj_Plant_Korok_A_01.007
-2.521593
0.2600044
3.141593
-4196.752
282.5058
-2699.009
1.0
ActorObserverTag
0
0
0
-4123.435
306.6323
-1939.599
1.0
Obj_RockSetSnow_A_01_Far.006
0.4665849
0.7817519
2.95122
-4086.223
112.3354
-2499.658
1.0
FldObj_FlagLarge_A_02
0
-0.251003
0
-4494.195
339.5
-2531.998
1.0
FldObj_CliffSnowLargeWall_D_01_Far.007
2.761593
-0.14
3.141593
-4185.856
204.5739
-2028.438
1.0
Obj_Plant_Korok_A_01.008
-2.941593
8.568014E-08
2.461593
-4211.127
247.8378
-2755.225
1.0
Npc_HiddenKorokGround
0
-2.801592
0
-4192.807
288.3735
-2678.943
1.0
PosAfterDemoSkip
0
1.67986
0
-4064.677
94.89072
-2507.718
1.0
Area
0
0
0
-4093.5
112.5
-2724
55
FldObj_CliffSnowLargeWall_D_03.003
-3.010754
-1.462803
2.810919
-4018.538
250.1625
-2140
1.0
FldObj_CliffSnowWall_D_22.004
0.2139411
0.7594674
0.3056595
-4046.919
123.3576
-2497.802
1.0
FldObj_CliffSnowLargeWall_D_02.005
-0.6888647
0.5754115
-0.08904079
-4333.985
326.2696
-2479.256
1.0
FldObj_FlagLarge_A_02.001
0
0.5343952
0
-4156.19
244.1027
-2505.158
1.0
Obj_Mineral_B_01
-0.9382122
-1.385236
0.5686967
-4023.105
89.32362
-2789.543
1.0
Area
0.8000001
2.757408E-08
1.570796
-4048.872
89.29837
-2537.836
1.0
FldObj_CliffSnowScaffold_D_01.003
0.4332648
-1.115296
-0.3443542
-4085.758
162.8078
-2961.381
1.5
KorokAnswerResponce
0
0
0
-4344.655
168.2935
-2057.911
1.0
LinkTagAnd
0
0
0
-4208.647
253.8607
-2735.269
1.0
EventTag
0
-1.985332
0
-4063.588
94.89072
-2505.725
0.6
Obj_RockSetSnow_A_01_Far.007
0.2895232
-1.205983
0.1665958
-4050.896
112.2985
-2537.512
1.0
Obj_KorokPlate_A_01.002
0
-2.007129
0
-4120.154
303.7763
-1933.516
1.0
Enemy_Lizalfos_Senior
0
-1.025332
0
-4047.408
193.1057
-2628.849
1.0
LinkTagAnd
0
0
0
-4337.155
165.7935
-2057.911
1.0
BattleBgmRequestFinishTag
0
-1.147061
0
-4049.419
212.8833
-2615.3
1.0
FldObj_CliffSnowLargeWall_D_01.003
2.761592
-1.421593
3.141593
-4489.626
356.5496
-2847.943
1.0
FldObj_CliffSnowLargeWall_D_02_Far.004
2.961594
1.461593
3.141593
-4364.681
205.3127
-2235.154
1.15
FldObj_CliffSnowEdgeWall_END_B_02.001
0
-1.479377
0
-4605.197
212.3344
-2852.895
1.2
KorokAnswerResponce
0
0.2000002
0
-4399.182
181.404
-2046.349
1.0
Area
0
-2.740002
0
-4073.527
92.75785
-2519.402
12
Obj_RockSetSnow_A_01.005
-0.2011075
0.7768409
3.112299
-4073.656
112.9861
-2493.259
1.0
Obj_RockSetSnow_A_01_Far.008
2.913305
1.328491
1.816842
-4128.777
210.1492
-2595.229
1.0
FldObj_CliffSnowLargeWall_D_03_Far.002
2.424834
-0.9403362
-2.930968
-4058.754
154.4154
-2260.51
1.0
LinkTagNOr
0
-1.147061
0
-4062.645
192.9283
-2629.766
1.0
PointWindSetTag
-0.06166296
-0.7981478
0.0860102
-4004.272
90.1464
-2543.4
1.0
FldObj_CliffSnowWall_D_17_Far
0
0.22
0
-4032.931
165.0806
-2562.444
1.0
LinkTagAnd
-2.383819
0.13016
-2.165259
-4042.854
161.1665
-2311.603
1.0
FldObj_CliffSnowWall_D_27.010
2.40168
1.297117
2.977051
-4131.247
128.4164
-2844.333
1.0
FldObj_CliffSnowWall_D_18.004
3.124547
-0.2572232
-2.998224
-3987.066
155.9205
-2578.852
2
Area
0.09706993
-0.07066442
-0.9434336
-4208.647
253.8607
-2735.269
2
FldObj_CliffSnowWall_D_09_Far
-0.04929592
-0.4758439
0.2748395
-4393.12
235.4761
-2409.108
1.0
SwitchTimeLag
-1.570796
0
0
-4197.697
287.2481
-2687.475
0.5
LinkTagOr
0.09706993
-0.07066442
-0.9434336
-4207.205
254.9223
-2735.095
1.0
LinkTagNAnd
-2.383819
0.13016
-2.165259
-4041.744
162.8094
-2311.343
1.0
Obj_RaftWood_A_S_02
0
-1.460003
0
-4243.286
88.99214
-2204.699
1.0
FldObj_CliffSnowWall_D_18_Far.006
0
2.679999
0
-3955.93
92.92094
-2425.645
0.54109
LinkTagNone
0
0
0
-4242.425
89.47311
-2201.425
1.0
FldObj_CliffSnowLargeWall_D_01.004
-0.5743747
1.249801
-0.4533162
-4310.453
215.5544
-2410.157
1.0
LinkTagAnd
0
0
0
-4215.951
243.0092
-2766.209
1.0
WallCrack
3.01755
1.270579
2.928767
-4022.534
88.79176
-2791.896
1.0
LinkTagAnd
0
0
0
-3864.911
114.4214
-2743.726
2
Obj_RockSetSnow_A_01.006
0.7599999
-1.3
0
-4027.327
123.111
-2545.399
1.0
ActorObserverTag
0
0
0
-4326.69
162.7935
-2066.127
1.0
EnemyFortressMgrTag
0
1.069063
0
-4051.683
193.1004
-2626.255
1.0
Obj_Plant_Korok_A_01.009
0
2.321592
0
-4204.776
218.0424
-2782.24
1.0
Obj_RockSetSnow_A_01_Far.009
-2.381593
-1.381593
2.821593
-4044.755
97.51725
-2529.481
1.0
LinkTagAnd
0
-3.136729
0
-4156.942
215.1984
-2636.844
1.0
WallCrack
-0.5129722
-1.318708
-0.03493127
-4069.818
156.673
-2252.122
1.0
EventTag
0
1.994532
0
-4058.517
212.9095
-2633.047
1.0
FldObj_CliffSnowWall_D_18_Far.007
-2.887001
0.9385039
-2.833892
-4015.842
156.9437
-2525.288
2
FldObj_CliffSnowWall_D_02.002
0
0
0
-4078.039
78.56474
-2213.301
1.0
FldObj_CliffSnowWall_D_27_Far.007
-0.9280977
-0.9184529
-0.1591338
-4396.015
238.382
-2326.261
1.0
Obj_KorokPlate_A_01.003
0
2.879793
0
-4123.341
303.9805
-1931.161
1.0
LinkTagAnd
0
0
0
-4508.14
232.3406
-2146.534
1.0
FldObj_CliffSnowEdgeWall_B_02_Far.001
0.12
-1.2
0
-4566.222
337.3401
-2673.44
1.0
LinkTagAnd
0
0
0
-4289.208
130.7
-2122.7
1.0
LinkTagPulse
0.2195632
0.08342127
-0.03114315
-4329.823
442.7356
-2600.049
0.25
LinkTagOr
0
0
0
-4325.69
163.7935
-2066.127
1.0
FldObj_CliffSnowTopHalf_D_01_Far.007
-0.6527106
0.7526284
-0.5829594
-4115.843
260.6057
-1855.417
0.8
FldObj_CliffSnowWall_D_07_Far.002
-3.014047
-0.6100667
2.921384
-4301.366
177.8344
-2012.367
1.0
SwitchTimeLag
-1.770796
0
-0.6799999
-4209.029
250.433
-2753.86
0.5
FldObj_CliffSnowWall_D_18.005
0
0.8199995
0
-3867.508
97.79594
-2746.473
1.0
FldObj_CliffSnowScaffold_D_01_Far.002
0.2107012
-0.4578949
0.04356522
-4074.683
164.4777
-2961.584
1.5
LinkTagAnd
0
-2.801592
0
-4192.335
290.8735
-2679.11
1.0
ActorObserverTag
0
0.0048639
0
-4155.165
220.603
-2608.1
1.0
FldObj_CliffSnowWall_D_10.002
-0.04088307
1.226009
0.950069
-4166.601
304.3311
-1956.428
0.8
Obj_TreeConiferous_A_Snow_03.010
0
0
0
-4169.697
180.5532
-2812.013
1.0
FldObj_CliffSnowLargeWall_D_02_Far.005
-0.6888647
0.5754115
-0.08904079
-4333.985
326.2696
-2479.256
1.0
Area
0.1137775
-0.006521895
0.1143948
-4071.922
132.3007
-2545.847
3
Item_Fruit_B
-0.02419715
-0.001747731
2.997392
-4275.529
219.94
-2346.305
1.0
Area
-0.04548678
-0.0004707909
-0.02069582
-4314.396
161.2853
-2044.783
1.0
FldObj_CliffSnowWall_D_18_Far.008
0
0
0
-4128.334
182.8978
-2644.062
1.1
FldObj_CliffSnowTopHalf_D_01.003
0.1294311
-1.448988
-0.6300095
-4246.283
259.7952
-1933.341
0.6
MoveTriggerTag
-0.2573872
-0.9017034
-0.07082716
-4457.614
396.5418
-2971.513
1.0
FldObj_CliffSnowWall_D_11_Far.002
0
-0.8800001
0
-4632.958
225.0594
-2819.504
1.0
FldObj_CliffSnowLargeWall_D_01.005
0
-2.12
0
-4160.18
292.4158
-1948.954
1.0
Area
0
0
0
-4012.674
113.0562
-2560.544
1.0
FldObj_CliffSnowLargeWall_D_02_Far.006
0
-2.379999
0
-4009.854
164.6463
-2664.281
1.0
WallCrack
-0.2585224
0.03700459
0.1047728
-4071.854
130.53
-2546.091
1.0
LinkTagAnd
0
0
0
-4263.69
92.1
-2160.4
1.0
Obj_Plant_Korok_A_01.010
-0.6248667
-0.5143517
1.095206
-4048.415
166.8731
-2299.71
1.0
Area
-3.035388
0.4087747
-2.879559
-4022.308
131.5471
-2349.975
2
FldObj_CliffSnowWall_D_07.001
2.963393
-1.358059
-2.973231
-4529.807
159.5361
-2499.334
1.0
Area
-0.1256004
0.181101
-0.6114191
-4473.916
377.3279
-2949.381
1.0
LinkTagNone
0
0
0
-4130.049
90.50124
-2270.715
1.0
LinkTagAnd
0
0
0
-4073.8
165.5
-2255.7
1.0
FldObj_CliffSnowEdgeWall_B_02.001
0.12
-1.2
0
-4566.222
337.3401
-2673.44
1.0
SwitchTimeLag
-2.190796
-0.2600045
0
-4196.723
286.1095
-2699.12
0.5
FldObj_CliffSnowWall_D_05_Far.001
-0.2624693
0.9302189
-0.2016662
-3981.756
289.5706
-1990.536
1.0
Obj_RockSetSnow_A_01.007
0
-0.920001
0
-4214.692
286.6974
-2545.125
1.0
LinkTagOr
0
0.2000002
0
-4392.917
183.404
-2050.68
1.0
FldObj_CliffSnowWall_D_02.003
0
-0.7199998
0
-4029.37
135.7679
-2701.675
1.0
FldObj_CliffSnowLargeWall_D_03_Far.003
0
0.5800002
-0.03999998
-4238.027
202.6378
-2421.771
1.0
FldObj_CliffSnowWall_D_27_Far.008
2.67433
-1.360017
2.498458
-4388.958
361.0607
-2741.916
1.0
FldObj_CliffSnowWall_D_27_Far.009
-1.449503
-1.343815
0.2928214
-4504.176
380.1418
-2854.223
1.0
FldObj_CliffSnowWall_D_07_Far.003
3.141593
0.4615921
2.881593
-4279.438
65.73187
-2135.587
1.0
FldObj_CliffSnowTopHalf_D_01.004
2.961593
-0.4815927
3.141593
-4096.935
116.384
-2155.972
1.0
FldObj_MountainSnow_A_M_04_Far
2.023241
1.504074
2.024117
-4337.858
330.3053
-2651.934
1.0
Obj_RockSetSnow_A_01_Far.010
-0.2032786
1.311516
-0.3267903
-4312.709
327.7589
-2915.415
1.0
FldObj_CliffSnowWall_D_18_Far.009
0
0.4599995
0
-4027.758
115.5616
-2809.609
1.0
FldObj_CliffSnowWall_D_02_Far.005
0
-0.7199998
0
-4029.37
135.7679
-2701.675
1.0
SwitchTimeLag
0
0
0
-4014.689
97.22774
-2796.993
1.0
ConstraintDummy
0
2.379999
0
-4073.604
91.82732
-2421.142
1.0
FldObj_CliffSnowWall_D_27.011
-0.9501821
0.2728338
-0.08514595
-4449.935
360.2209
-2784.042
1.0
FldObj_CliffSnowLargeWall_D_01.006
2.761593
-0.14
3.141593
-4185.856
204.5739
-2028.438
1.0
FldObj_CliffSnowWall_D_18.006
0
0.4599995
0
-4027.758
115.5616
-2809.609
1.0
FldObj_CliffSnowLargeWall_D_02_Far.007
0
-2.68
0
-3984.333
115.1886
-2356.659
1.0
LinkTagOr
-0.478766
-1.30972
0.4989642
-4340.2
304.3942
-2353.919
1.0
FldObj_CliffSnowWall_D_01.004
-0.3840373
0.6887504
0.4307136
-4065.573
302.1121
-1890.37
1.0
LinkTagAnd
0
0
0
-4162.575
120.6695
-2432.943
1.0
FldObj_CliffSnowScaffold_D_01_Far.003
0
1.96
0
-3995.906
156.0642
-2533.52
1.0
Obj_RockSetSnow_A_01.008
0.2895232
-1.205983
0.1665958
-4050.896
112.2985
-2537.512
1.0
EnemyLookTag
0
-1.81989E-06
0
-4457.163
401.2352
-2970.517
1.0
FldObj_CliffSnowLargeWall_D_03.004
0
0.5800002
-0.03999998
-4238.027
202.6378
-2421.771
1.0
LinkTagAnd
0
0
0
-4097.395
113.6214
-2485.309
2
FldObj_CliffSnowWall_D_18.007
0
2.419999
0
-4233.825
94.46782
-2245.977
1.0
LinkTagNAnd
0
2.701593
0
-4509.466
232.0671
-2141.378
2
LinkTagOr
0.02419715
0.001747729
-0.1442
-4273.755
218.6874
-2346.51
1.0
LinkTagAnd
0
2.701593
0
-4515.268
229.0671
-2140.794
2
LinkTagAnd
0
0
0
-4014.689
97.22774
-2796.993
1.0
LinkTagAnd
0
2.007129
0
-4123.403
306.0288
-1934.884
1.0
FldObj_CliffSnowWall_D_27_Far.010
-0.9501821
0.2728338
-0.08514595
-4449.935
360.2209
-2784.042
1.0
FldObj_CliffSnowWall_D_27_Far.011
2.281593
-1.541594
-3.141593
-4388.958
353.9669
-2705.713
1.0
LinkTagAnd
0
0
0
-4080.5
173
-2720
1.0
Obj_RockBroken_A_02.003
3.026514
-0.8526426
-2.989281
-4029.322
90.36337
-2369.854
1.0
KorokAnswerResponce
0
0
0
-4342.155
168.2935
-2057.911
1.0
Npc_HiddenKorokGround
0
-1.181583
0
-4019.884
130.8091
-2350.359
1.0
Obj_IcicleMountainCover_A_01_Far
2.909935
-0.9005942
-2.84922
-4064.208
121.131
-2531.305
0.7
LocationTag
0
0
0
-4068.6
93.5
-2512.5
1.0
LinkTagAnd
0
0
0
-4495.56
344.153
-2510.307
1.0
FldObj_CliffSnowWall_D_18.008
0
-0.6200023
0
-3943.247
107.085
-2484.426
0.65
Npc_HiddenKorokGround
0
2.007129
0
-4123.615
303.5288
-1935.337
1.0
Area
0
0
1.570796
-4123.443
303.9213
-1939.599
0.2109886
FldObj_CliffSnowLargeWall_D_02.006
-2.915429
1.05207
2.996333
-4013.342
114.1931
-2740.961
1.0
Obj_RockSetSnow_A_01_Far.011
-0.4373794
-0.9749701
0.3692593
-4296.47
327.5416
-2867.556
1.0
FldObj_CliffSnowWall_D_18_Far.010
0
0.8199995
0
-3867.508
97.79594
-2746.473
1.0
FldObj_CliffSnowWall_D_05_Far.002
0
-1.400001
0
-4426.858
240.669
-2489.74
1.0
LinkTagNone
0
0
0
-4460.185
397.9004
-2969.257
1.0
LinkTagNAnd
0
2.701593
0
-4511.276
230.5671
-2142.23
2
FldObj_CliffSnowLargeWall_D_02_Far.008
0
-2.58
0
-4063.416
183.2791
-2630.176
1.0
FldObj_CliffSnowWall_D_07.002
-0.48
0.8199999
0
-4183.644
93.44748
-2398.945
1.0
Obj_RockBroken_A_02.004
0.2116584
-0.8790654
-0.5489727
-4101.272
96.80997
-2489.092
1.0
LinkTagAnd
0
2.701593
0
-4508.188
230.0671
-2144.093
2
AscendingCurrent
0
0
0
-4103.532
96.06841
-2489.624
1.0
SwitchTimeLag
-1.918601
-0.9342557
-0.6216594
-4214.879
234.2767
-2769.285
0.5
FldObj_CliffSnowTopHalf_D_01_Far.008
-2.805769
1.479185
-2.984558
-4367.828
312.2768
-2889.527
1.0
Obj_IcicleMountainCover_A_01
2.909935
-0.9005942
-2.84922
-4064.208
121.131
-2531.305
0.7
Npc_HiddenKorokFly
0
-2.941592
0
-4396.838
183.404
-2049.885
1.0
DgnObj_WarpPoint_A_01
0
-1.461733
0
-4066.982
94.85371
-2507.365
1.0
FldObj_CliffSnowTopHalf_D_01.005
1.968128
1.035568
1.984506
-4287.216
276.5009
-2823.808
1.0
LinkTagOr
0
2.701593
0
-4507.688
228.8406
-2146.321
1.0
Area
-2.474956
0.3420767
-2.114963
-4031.952
147.4241
-2322.94
2
Obj_TreeConiferous_A_Snow_03.011
0
0
0
-4401.552
308.6401
-2495.296
1.0
Obj_RockSetSnow_A_01.009
0
0
0
-4283.944
313.2064
-2883.462
1.0
ConstraintDummy
0
-1.460004
0
-4248.237
91.93369
-2204.933
1.0
LinkTagAnd
-0.559633
-0.2341941
-0.7965304
-4198.313
273.5222
-2718.596
1.0
FldObj_CliffSnowTopHalf_D_01_Far.009
-0.2968995
0.2963395
-0.06480276
-4017.132
283.4339
-1921.081
0.8
ActorObserverTag
0
0
0
-4339.584
163.4011
-2038.81
1.0
Obj_TreeConiferous_A_Snow_03.012
0
-1.86
0
-4518.68
334.0671
-2637.74
1.0
FldObj_CliffSnowWall_D_02.004
0.2132997
0.3525078
0.07464086
-4103.648
170.1221
-2614.255
1.0
FldObj_CliffSnowTopHalf_D_01_Far.010
-3.121593
1.401593
3.141593
-4266.942
272.5794
-2742.472
1.0
LinkTagNAnd
-0.559633
-0.2341941
-0.7965304
-4199.674
274.913
-2719.06
1.0
PlayerOnScaffoldCheckTag
0
-1.147061
0
-4061.85
199.9253
-2627.344
1.0
LinkTagAnd
0
-2.941592
0
-4396.348
185.904
-2049.984
1.0
LinkTagAnd
0
0
0
-4080.5
173
-2720
1.0
LinkTagAnd
0
0
0
-4161.9
113.9
-2439.6
1.0
LinkTagOr
-2.474956
0.3420767
-2.114963
-4032.969
148.4759
-2323.989
1.0
FldObj_CliffSnowLargeWall_D_01.007
1.635612
1.396589
1.981163
-4379.937
159.238
-2101.957
1.0
Obj_Plant_Korok_A_01.011
-2.952096
0.1011841
1.946392
-4197.854
275.1766
-2709.393
1.0
Obj_RockSetSnow_A_01_Far.012
2.154776
-0.8422696
-0.9664364
-4035.169
109.5719
-2527.426
1.0
KorokAnswerResponce
0
0
0
-4339.655
168.2935
-2057.911
1.0
Area
0.2195632
0.08342127
-0.03114315
-4330.819
442.7667
-2599.966
3
SwitchTimeLag
-1.986191
0.6293355
-0.06282303
-4062.829
167.8272
-2285.421
0.5
FldObj_CliffSnowWall_D_07_Far.004
-3.040087
-1.140558
3.047471
-3988.421
214.3939
-2948.081
1.0
FldObj_CliffSnowWall_D_27_Far.012
-1.356814
-1.397029
0.2332233
-4425.173
235.0756
-2346.853
1.0
FldObj_CliffSnowLargeWall_END_D_03
0.06110936
-0.255136
-0.1242009
-4479.507
211.9204
-2162.699
1.4
FldObj_CliffSnowTopHalf_D_01.006
-1.165461
-1.190316
0.713233
-4161.876
286.5764
-1875.981
0.6
FldObj_FlagLarge_A_02.002
0
0
0
-4089.006
132.6202
-2792.905
1.0
Item_Chilled_05
0.02849491
-0.002509766
0.1756903
-4571.631
335.4261
-2852.749
1.0
LinkTagAnd
0
-2.740002
0
-4074.7
92.75785
-2522.164
1.0
AscendingCurrent
0
0
0
-4030.3
91.5
-2370.6
1.0
FldObj_CliffSnowWall_D_05.001
0
2.559999
0
-3954.903
107.0277
-2703.097
1.0
FldObj_CliffSnowTopHalf_D_01.007
-0.4520557
1.215142
0.122185
-4374.568
346.1692
-2863.519
1.0
FldObj_CliffSnowLargeWall_D_02.007
0
-0.08000001
0
-4465.169
331.2255
-2531.201
1.0
FldObj_CliffSnowWall_D_05.002
-0.2624693
0.9302189
-0.2016662
-3981.756
289.5706
-1990.536
1.0
ActorObserverTag
0
0.8726646
0
-4126.931
306.8145
-1937.419
1.0
Obj_Plant_Korok_A_01.012
-3.099263
0.912394
2.599533
-4216.604
242.0028
-2766.178
1.0
FldObj_CliffSnowWall_D_17
0
0.22
0
-4032.931
165.0806
-2562.444
1.0
FldObj_CliffSnowLargeWall_D_01.008
0
-0.2
0.36
-4335.448
64.78989
-2287.57
1.0
LinkTagAnd
0
0
0
-4019.167
112.6235
-2363.071
2
FldObj_CliffSnowEdgeWall_END_B_02.002
0
-1.080483
0
-4542.402
212.2238
-2609.922
1.0
FldObj_CliffSnowWall_D_27.012
-1.356814
-1.397029
0.2332233
-4425.173
235.0756
-2346.853
1.0
LinkTagAnd
0
0
0
-4108.464
139.5401
-2800.887
1.0
FldObj_CliffSnowWall_D_27_Far.013
1.538701
1.101252
2.045133
-4183.453
256.3368
-2563.461
1.0
FldObj_CliffSnowWall_D_10_Far.005
-0.04088307
1.226009
0.950069
-4166.601
304.3311
-1956.428
0.8
FldObj_CliffSnowLargeWall_D_03.005
-2.708266
-1.045632
2.61061
-4110.612
193.0025
-2124.99
1.0
Obj_Mineral_B_01.001
3.110481
0.2834327
2.991763
-4068.919
156.5738
-2251
1.0
ValleyEffectLocater
0
0
0
-4892.246
0
-2448.373
1.0
Obj_RockSetSnow_A_01_Far.013
-2.381593
-1.381593
2.821593
-4045.029
109.4782
-2529.481
1.0
Weapon_Shield_021
0.07049205
0.03267014
-0.2300765
-4039.206
130.9986
-2676.885
1.0
LinkTagAnd
0
0
0
-4068.6
93.5
-2512.5
1.0
Area
-0.1256003
0.181101
-0.6114193
-4478.822
377.3559
-2971.997
1.0
FldObj_CliffSnowLargeWall_D_01_Far.008
2.670155
-1.408778
-3.001061
-3971.354
211.1496
-2211.18
1.0
FldObj_CliffSnowWall_D_27_Far.014
2.757394
1.42076
3.116433
-4181.799
218.6008
-2634.91
1.0
Obj_RockSetSnow_A_01_Far.014
0
0
0
-4094.726
85.77379
-2485.76
1.0
FldObj_CliffSnowWall_D_02.005
-0.06176376
-0.4798892
0.004053556
-4023.022
149.3988
-2604.823
1.0
KorokAnswerResponce
0
0
0
-4122.435
307.6323
-1939.599
0.5
LinkTagAnd
0
0
0
-4337.155
164.7935
-2057.911
1.0
Npc_HiddenKorokGround
0
0
0
-4071.819
131.4124
-2545.949
1.0
Obj_RockSetSnow_A_01.010
-2.381593
-1.381593
2.821593
-4044.755
97.51725
-2529.481
1.0
FldObj_CliffSnowWall_D_18_Far.011
-0.04715886
-0.439231
0.1105285
-4062.071
120.6035
-2485.614
1.0
Obj_RaftWood_A_S_02.001
0
2.38
0
-4077.545
88.99214
-2418.137
1.0
FldObj_CliffSnowWall_D_02.006
0
-0.160001
0
-4048.421
125.9846
-2576.624
1.0
LinkTagAnd
0
0
0
-4043.728
161.2217
-2308.216
1.0
FldObj_CliffSnowWall_D_27.013
-0.741595
0.05904881
-0.05400583
-4431.374
374.4421
-2816.274
1.0
FldObj_CliffSnowWall_D_14_Far.001
-0.3780788
0.3478576
-0.09089102
-4093.56
170.2222
-2553.577
1.0
LinkTagOr
-0.04232967
-0.9123941
-0.5420595
-4214.972
244.5187
-2766.255
1.0
FldObj_CliffSnowWall_D_02.007
0
-0.4999998
0
-4032.874
125.9846
-2586.545
1.0
FldObj_CliffSnowLargeWall_D_02_Far.009
2.371632
-0.6078333
-3.051142
-4041.603
313.3253
-2026.497
1.0
ConstraintDummy
-0.9327151
-0.1076485
-0.3674965
-4273.404
219.1085
-2347.303
1.0
FldObj_WaterFallBottom_A_03
0
2.88
0
-4051.973
130.0053
-2672.872
0.8999
Obj_TreeConiferous_A_Snow_03.013
0
-1.103187
0
-4391.677
313.1559
-2490.615
1.0
Obj_RockSetSnow_A_01.011
-0.2032786
1.311516
-0.3267903
-4312.709
327.7589
-2915.415
1.0
FldObj_CliffSnowWall_D_14.001
2.873548
-0.3646116
3.112381
-3997.05
120.3931
-2716.075
1.0
Obj_TreeConiferous_A_Snow_03.014
0
0
0
-4123.275
327.5978
-1969.159
1.0
AscendingCurrent
0
0
0
-3956.385
94.51031
-2425.091
1.0
Obj_Mineral_B_01.002
-2.994838
0.1311289
3.092708
-4258.434
303.1559
-2829.016
1.0
Area
-0.04232967
-0.9123941
-0.5420595
-4215.951
243.0092
-2766.209
2
FldObj_CliffSnowWall_D_02_Far.006
0
-0.4999998
0
-4032.874
125.9846
-2586.545
1.0
FldObj_CliffSnowWall_D_27.014
-0.9280977
-0.9184529
-0.1591338
-4396.015
238.382
-2326.261
1.0
Obj_RockBroken_A_02.005
0
-2.178131
0
-3955.891
92.54219
-2425.336
1.0
DgnObj_EntranceTerminal_A_01
0
-1.985332
0
-4063.588
94.89088
-2505.725
1.0
Area
-0.1894963
-0.1011842
-1.195201
-4196.749
275.5877
-2709.617
2
Obj_RockSetSnow_A_01_Far.015
-0.2011075
0.7768409
3.112299
-4073.656
112.9861
-2493.259
1.0
Obj_TreeConiferous_A_Snow_03.015
0
0
0
-4512.547
215.2622
-2251.419
1.0
Area
-0.478766
-1.30972
0.4989642
-4340.259
302.7449
-2354.211
3
LinkTagAnd
-0.4153948
0.6293355
-0.06282303
-4062.267
168.1962
-2284.681
1.0
Obj_KorokPlate_A_01.004
0
0
0
-4123.435
303.6323
-1939.599
1.0
FldObj_CliffSnowWall_D_07.003
0
2.82
0
-4149.983
148.996
-2635.105
1.0
FldObj_CliffSnowWall_D_18.009
0
0
0
-4128.334
182.8978
-2644.062
1.1
LinkTagNAnd
-0.4153948
0.6293355
-0.06282303
-4063.88
168.2977
-2283.504
1.0
WallCrack
-2.804034
0.4386637
3.119362
-4262.9
91.93594
-2152.803
1.0
LinkTagOr
-0.1894963
-0.1011842
-1.195201
-4195.092
276.2043
-2709.955
1.0
FldObj_CliffSnowWall_D_22_Far.004
0.01606566
-0.6766536
-0.0256529
-4088.631
120.4553
-2505.367
1.0
LinkTagNAnd
0
0
0
-4572.713
339.7585
-2854.111
1.0
FldObj_CliffSnowWall_D_27_Far.015
-0.2183684
-0.925557
-0.2337306
-4466.958
228.2724
-2490.93
1.0
FldObj_CliffSnowWall_D_27.015
-1.207568
-0.3701406
0.1679361
-4341.1
342.5757
-2490.933
1.0
LinkTagAnd
0
0
0
-3926.54
93.45801
-2858.485
1.0
FldObj_CliffSnowWall_D_18_Far.012
0
-1.861592
0
-4104.426
120.6841
-2506.552
1.0
FldObj_CliffSnowLargeWall_D_02.008
3.132533
-0.04113968
-3.121629
-4170.087
88.24951
-2170.734
1.0
Obj_RockSetSnow_A_01_Far.016
0.7599999
-1.02
0
-4035.232
113.8298
-2521.004
1.0
FldObj_CliffSnowWall_D_27.016
-0.9199998
-1.360001
-0.36
-4427.184
340.2928
-2611.116
1.0
FldObj_CliffSnowWall_D_03
0
-3.12
0
-4093.139
99.78925
-2629.059
1.0
LinkTagAnd
0
0
0
-4204.776
219.2424
-2782.24
1.0
LinkTagAnd
0
0
0
-4246.128
307.912
-2827.766
1.0
FldObj_CliffSnowWall_D_18_Far.013
0
2.159999
0
-3942.684
102.9444
-2485.797
1.0
FldObj_CliffSnowWall_D_27.017
2.101592
-1.241597
3.021593
-4579.068
342.1188
-2911.029
1.0
FldObj_CliffSnowWall_D_27.018
2.281593
-1.541594
-3.141593
-4388.958
353.9669
-2705.713
1.0
FldObj_CliffSnowWall_D_27.019
-0.7895198
-0.4742183
-0.06730115
-4514.424
330.2351
-2724.667
1.0
ValleyEffectLocater
0
0
0
-4740.807
0
-1978.781
1.0
SwitchTimeLag
0
0
0
-4292.7
130.7
-2122.7
1.0
PointWindSetTag
-0.1020563
-0.7930363
0.1427611
-4080.309
82.66454
-2406.921
1.0
Obj_RockSetSnow_A_01.012
0.1313125
-1.381231
0.3193751
-4056.325
112.5485
-2523.395
1.0
FldObj_CliffSnowWall_D_06
-0.3884244
-0.8778523
0.2148275
-4414.092
257.7987
-2453.85
1.0
FldObj_CliffSnowLargeWall_D_03_Far.004
0
-0.3
0
-4040.641
190.313
-2596.604
1.0
FldObj_CliffSnowWall_D_18.010
0
0.3200001
0
-4052.181
121.0727
-2547.506
1.0
Obj_RockSetSnow_A_01.013
0
0
0
-4094.726
85.77379
-2485.76
1.0
FldObj_CliffSnowWall_D_07.004
-3.014047
-0.6100667
2.921384
-4301.366
177.8344
-2012.367
1.0
LinkTagNone
0
0
0
-4051.574
193.0664
-2621.256
1.0
FldObj_CliffSnowEdgeWall_END_B_02.003
0.5164225
-1.489922
-0.5178294
-4505.99
212.2238
-2427.121
1.0
FldObj_CliffWhiteWaterFall_A_01
0
3.100001
0
-4054.418
124.212
-2662.722
0.7
FldObj_CliffSnowLargeWall_D_01_Far.009
3.001593
1.321593
3.141593
-4279.986
294.6714
-2705.343
1.0
Area
0
0
0
-4338.584
161.8011
-2038.81
1.0
LinkTagAnd
0
0
0
-4196.573
283.4824
-2699.683
1.0
FldObj_CliffSnowWall_D_07_Far.005
0
2.82
0
-4149.983
148.996
-2635.105
1.0
FldObj_CliffSnowTopHalf_D_01.008
-3.121593
1.401593
3.141593
-4266.942
272.5794
-2742.472
1.0
Obj_EyeBolt_A_01
0
0.809203
0
-4075.56
89.7
-2419.422
1.0
LinkTagAnd
0
-1.461733
0
-4059.993
107.3907
-2509.639
0.6
SwitchTimeLag
0
0
0
-4290.685
130.7
-2122.7
1.0
FldObj_CliffSnowEdgeWall_END_B_02.004
2.464637
-1.323165
-2.582853
-4413.126
186.7872
-2067.78
1.0
Obj_RockSetSnow_A_01.014
0.7599999
-1.02
0
-4035.232
113.8298
-2521.004
1.0
Obj_RockSetSnow_A_01.015
0
-1.1
0
-4183.051
243.224
-2527.104
1.0
Obj_RockSetSnow_A_01.016
0
0
0.7999997
-4034.392
161.0934
-2679.798
1.8
SwitchTimeLag
0
0
0
-4072.9
165.3
-2253.1
1.0
FldObj_CliffSnowWall_D_05.003
0
-1.400001
0
-4426.858
240.669
-2489.74
1.0
FldObj_CliffSnowEdgeWall_END_B_02.005
0
-1.5
0
-4530.424
219.7889
-2310.153
1.0
FldObj_WaterFallBottom_A_03_Far
0
2.88
0
-4051.973
130.0053
-2672.872
0.8999
Enemy_Chuchu_Ice_Middle
0
-2.740002
0
-4077.669
92.967
-2517.643
1.0
Obj_RockSetSnow_A_01_Far.017
0
-1.1
0
-4183.051
243.224
-2527.104
1.0
FldObj_CliffSnowWall_D_06_Far
-0.3884244
-0.8778523
0.2148275
-4414.092
257.7987
-2453.85
1.0
LinkTagOr
0.1590473
-0.008834246
0.1107427
-4071.294
130.9347
-2543.403
1.0
Obj_Plant_Korok_A_01.013
-0.6666363
-0.3420767
1.02663
-4031.274
146.7229
-2322.241
1.0
LinkTagAnd
0
0
0
-4068.6
93.5
-2512.5
1.0
SwitchTimeLag
-2.130429
-0.2341941
-0.7965304
-4198.556
273.0104
-2719.42
0.5
FldObj_CliffSnowWall_D_18_Far.014
0
0.3200001
0
-4052.181
121.0727
-2547.506
1.0
LinkTagOr
0
0
0
-4080.5
173
-2720
3
Area
-0.3462583
0.2595463
-0.3938802
-4193.072
290.0189
-2681.392
2
Obj_LiftRockWhite_A_01.005
-0.493081
0.9143808
-0.5743366
-4295.734
157.0962
-2033.914
1.0
FldObj_CliffSnowWall_D_03_Far
0
-3.12
0
-4093.139
99.78925
-2629.059
1.0
LinkTagAnd
-0.3478051
-0.9342557
-0.6216594
-4215.295
234.9941
-2768.726
1.0
FldObj_CliffSnowWall_D_10.003
1.599639
0.7392617
1.135341
-4138.889
310.9688
-1947.003
0.6
FldObj_CliffSnowWall_D_18_Far.015
0
-2.603186
0
-4130.637
90.75688
-2271.25
1.0
LinkTagNAnd
-0.3478051
-0.9342557
-0.6216594
-4216.261
235.6864
-2770.334
1.0
LinkTagOr
0
0
0
-4473.473
384.7101
-2967.856
1.0
FldObj_CliffSnowLargeWall_D_03.006
0
-0.3
0
-4040.641
190.313
-2596.604
1.0
LinkTagAnd
0
-1.2
0
-4245.221
308.4281
-2831.519
1.0
FldObj_CliffSnowWall_D_27_Far.016
2.101592
-1.241597
3.021593
-4579.068
342.1188
-2911.029
1.0
FldObj_CliffSnowWall_D_27_Far.017
2.06587
-1.40241
3.096789
-4414.442
366.5529
-2806.065
1.0
LinkTagAnd
0
-1.147061
0
-4052.33
192.9168
-2621.052
1.0
FldObj_CliffSnowLargeWall_D_03_Far.005
-2.708266
-1.045632
2.61061
-4110.612
193.0025
-2124.99
1.0
FldObj_CliffSnowEdgeWall_END_B_02_Far.004
0
-1.5
0
-4530.424
219.7889
-2310.153
1.0
FldObj_CliffSnowWall_D_10_Far.006
-3.141592
-1.078408
-2.541592
-4608.948
322.3587
-2833.944
1.0
FldObj_MountainSnow_A_M_04
2.023241
1.504074
2.024117
-4337.858
330.3053
-2651.934
1.0
FldObj_CliffSnowWall_D_02_Far.007
0
-2.28
0
-4077.802
117.5413
-2670.555
1.0
FldObj_CliffSnowWall_D_27_Far.018
2.342217
1.198398
3.120729
-4261.272
305.2505
-2867.268
1.0
LinkTagAnd
-0.6200001
-0.2600045
0
-4196.932
286.6905
-2698.334
1.0
WallCrack
2.275508
1.215636
2.793675
-4292.614
129.1633
-2115.923
1.0
Area
-2.516726
0.5143518
-2.046387
-4049.122
167.6257
-2300.321
2
LinkTagAnd
0
2.701593
0
-4511.596
232.0671
-2136.855
2
FldObj_CliffSnowLargeWall_D_03_Far.006
-3.010754
-1.462803
2.810919
-4018.538
250.1625
-2140
1.0
LinkTagAnd
0
0
0
-4290.685
130.7
-2122.7
1.0
LinkTagOr
-2.516726
0.5143518
-2.046387
-4050.183
168.7547
-2301.238
1.0
Obj_TreeConiferous_A_Snow_03.016
0
0
0
-4003.737
180.826
-2888.236
1.0
Obj_LiftRockWhite_A_01.006
2.591566
1.001877
2.873531
-4311.697
161.301
-2083.12
1.0
FldObj_CliffSnowWall_D_27_Far.019
2.40168
1.297117
2.977051
-4131.247
128.4164
-2844.333
1.0
LinkTagNAnd
-0.6200001
-0.2600045
0
-4198.865
286.6905
-2698.848
1.0
Obj_RockSetSnow_A_01.017
-1.491362
0.8146307
-2.521549
-4030.13
118.9704
-2533.473
1.0
LinkTagNAnd
-0.2
0
-0.6799999
-4210.459
251.845
-2752.88
1.0
Area
-2.007129
3.961597E-08
1.570796
-4120.15
304.0654
-1933.524
0.2109886
FldObj_CliffSnowWall_D_07.005
3.141593
0.4615921
2.881593
-4279.438
65.73187
-2135.587
1.0
Obj_EyeBolt_A_01.001
0
-3.0308
0
-4245.633
89.80637
-2204.991
1.0
FldObj_CliffSnowWall_D_18.011
0
2.679999
0
-3955.93
92.92094
-2425.645
0.54109
SwitchTimeLag
0
0
0
-4289.208
130.7
-2122.7
1.0
FldObj_CliffSnowWall_D_18.012
0
0.8199995
0
-3873.607
90.67088
-2605.632
1.0
LinkTagPulse
-0.478766
-1.30972
0.4989642
-4340.032
302.8683
-2353.245
0.25
LinkTagAnd
-0.2
0
-0.6799999
-4208.904
250.5874
-2752.88
1.0
LinkTagOr
0
-2.801592
0
-4193.278
290.8735
-2678.776
1.0
FldObj_CliffSnowWall_D_18.013
0
-1.46
-0.22
-4102.061
97.14568
-2487.538
1.0
LinkTagAnd
0
0
0
-4218.2
183.7
-2110.9
1.0
FldObj_CliffSnowTopHalf_D_01.009
-0.6527106
0.7526284
-0.5829594
-4115.843
260.6057
-1855.417
0.8
FldObj_CliffSnowLargeWall_D_03_Far.007
2.44544
1.318441
-3.139066
-4242.459
294.2386
-2572.67
1.0
LinkTagPulse
0.1137775
-0.006521895
0.1143948
-4070.928
132.4148
-2545.84
0.25
FldObj_CliffSnowWall_D_10.004
-0.4210584
0.4722858
0.8787208
-4100.241
313.6954
-1921.331
0.8
SwitchTimeLag
0
-1.2
0
-4246.128
307.912
-2827.766
1.0
LinkTagAnd
0
0
0
-4470.198
390.5554
-2964.27
1.0
Obj_RockSetSnow_A_01.018
-2.381593
-1.381593
2.821593
-4045.029
109.4782
-2529.481
1.0
Obj_RockSetSnow_A_01_Far.018
0
0.3000001
0
-4237.857
213.48
-2794.998
1.0
FldObj_CliffSnowLargeWall_D_01_Far.010
3.023422
1.415429
2.64525
-4182.716
157.5838
-2788.464
1.0
FldObj_CliffSnowTopHalf_D_01.010
-2.805769
1.479185
-2.984558
-4367.828
312.2768
-2889.527
1.0
LinkTagAnd
0
2.701593
0
-4507.657
232.0671
-2140.527
2
LinkTagOr
0.2195632
0.08342127
-0.03114315
-4330.243
444.3111
-2599.661
1.0
FldObj_CliffSnowEdgeWall_END_B_02_Far.005
0.5164225
-1.489922
-0.5178294
-4505.99
212.2238
-2427.121
1.0
Obj_TreeConiferous_A_Snow_03.017
0
0
0
-4502.665
227.4744
-2494.736
1.0
Area
0
2.701593
0
-4505.915
224.5473
-2149.21
1.886377
FldObj_CliffSnowWall_D_11.002
0
-0.2
0
-4006.795
113.4515
-2565.091
1.0
FldObj_CliffSnowWall_D_27.020
1.517247
-1.420477
-2.665123
-4490.637
332.8944
-2696.889
1.0
Obj_LiftRockWhite_Korok_A_01.003
0
0.0048639
0
-4155.165
218.403
-2608.1
1.0
LinkTagAnd
0
0
0
-4292.7
130.7
-2122.7
1.0
MoveTriggerTag
-0.1601283
-0.4411873
-0.1302236
-4459.227
396.5237
-2972.456
1.0
ActorObserverTag
0
0
0
-4324.69
162.7935
-2066.127
1.0
FldObj_CliffSnowWall_D_02_Far.008
0.2132997
0.3525078
0.07464086
-4103.648
170.1221
-2614.255
1.0
LinkTagAnd
0
0
0
-4049.122
167.6257
-2300.321
1.0
Npc_HiddenKorokGround
0
-0.8111532
0
-4148.758
216.3956
-2616.475
1.0
Area
2.879793
1.131334E-08
1.570796
-4123.334
304.2696
-1931.159
0.2109886
FldObj_CliffSnowWall_D_18.014
0
0.8199995
0
-3907.352
122.7022
-2444.742
2
Obj_Mineral_C_01.005
-0.224549
-1.004298
0.0866175
-4214.194
184.1244
-2102.762
1.0
ActorObserverTag
-0.04548678
-0.0004707909
-0.02069582
-4315.362
162.904
-2044.857
1.0
FldObj_CliffSnowWall_D_10.005
-3.141592
-1.078408
-2.541592
-4608.948
322.3587
-2833.944
1.0
LinkTagAnd
0
0
0
-4265.8
92.1
-2160.4
1.0
FldObj_FlagLarge_A_02.003
0
0
0
-4127.587
132.6202
-2792.814
1.0
FldObj_CliffSnowWall_D_05_Far.003
0
2.559999
0
-3954.903
107.0277
-2703.097
1.0
FldObj_CliffSnowWall_D_10.006
0
0
0
-4355.622
267.2944
-2353.618
1.0
Area
0
0.0048639
0
-4155.165
219.003
-2608.1
1.0
FldObj_CliffSnowWall_D_18_Far.016
0
2.9
0
-4115.629
92.01469
-2417.129
1.0
LinkTagAnd
0
0
0
-4197.697
285.4482
-2689.475
1.0
FldObj_CliffSnowWall_D_18.015
-0.04715886
-0.439231
0.1105285
-4062.071
120.6035
-2485.614
1.0
LinkTagOr
0
-3.141593
0
-4337.655
163.2935
-2054.911
1.0
FldObj_CliffSnowWall_D_22.005
0
-0.3568142
0
-4036.643
120.8342
-2513.472
0.7
Obj_RockBroken_A_02.006
-0.5220582
-0.7723448
-1.384828
-4171.375
122.8066
-2434.878
1.0
SwitchTimeLag
-1.570796
0
0
-4337.155
165.7935
-2057.911
0.5
KorokAnswerResponce
0
2.879793
0
-4124.308
307.9805
-1931.42
0.5
FldObj_CliffSnowWall_D_27_Far.020
-0.75072
-0.982632
-0.6644957
-4423.859
229.5576
-2408.569
1.0
Obj_RockSetSnow_A_01_Far.019
-0.2011075
0.7768409
3.112299
-4073.304
109.8767
-2493.709
1.0
SwitchTimeLag
1.570796
1.134464
3.141593
-4120.896
310.5288
-1936.605
0.5
Obj_RockSetSnow_A_01.019
2.913305
1.328491
1.816842
-4128.777
210.1492
-2595.229
1.0
TimeControlTag
0
0
0
-4457.643
399.09
-2982.144
1.0
DgnObj_DungeonEntrance_A_01
0
-1.461733
0
-4057.842
93.89072
-2508.366
1.0
FldObj_CliffSnowWall_D_18.016
0
2.86
0
-3994.366
146.1397
-2550.616
1.5
LinkTagNAnd
0
-1.147061
0
-4054.137
192.9478
-2626.212
1.0
FldObj_KorokStartingBlock_A_01
0.02208575
0.1810735
-0.09872182
-4495.709
342.711
-2510.338
1.0
FldObj_CliffSnowLargeWall_D_01.009
2.670155
-1.408778
-3.001061
-3971.354
211.1496
-2211.18
1.0
FldObj_CliffSnowLargeWall_D_02.009
0.07671133
1.314524
0.3142616
-3975.043
159.6674
-2624.993
1.0
Obj_TreeConiferous_A_Snow_03.018
0
3.293477
0
-4100.728
177.4751
-2655.613
1.0
MoveTriggerTag
2.765518
-0.6312136
-3.059243
-4459.075
396.9656
-2965.784
1.0
FldObj_CliffSnowWall_D_18_Far.017
0
2.86
0
-3994.366
146.1397
-2550.616
1.5
Area
0
0.2000002
0
-4396.838
183.354
-2049.885
1.7
Obj_RockSetSnow_A_01.020
-0.2011075
0.7768409
3.112299
-4073.304
109.8767
-2493.709
1.0
KorokAnswerResponce
0
-2.007129
0
-4120.577
307.7763
-1932.61
0.5
Area
0
-0.8200006
0
-4204.776
219.2424
-2782.24
2
LinkTagOr
0
-0.8200006
0
-4204.776
221.0424
-2782.24
1.0
FldObj_CliffSnowWall_D_22_Far.005
0.2139411
0.7594674
0.3056595
-4046.919
123.3576
-2497.802
1.0
GrassCutTag
0
1.069063
0
-4051.683
193.1004
-2626.255
1.0
Weapon_Shield_021
-2.768019
-1.27478
2.280621
-4038.708
131.0589
-2677.078
1.0
FldObj_CliffSnowTopHalf_D_01_Far.011
2.560663
0.436441
3.015662
-3987.67
283.3318
-2057.979
0.9
LinkTagAnd
0
0
0
-4197.697
287.2481
-2686.475
1.0
Obj_Plant_Korok_A_01.014
3.044523
0.07066433
2.198159
-4209.609
253.1529
-2735.385
1.0
FldObj_CliffSnowLargeWall_END_D_03_Far
0.06110936
-0.255136
-0.1242009
-4479.507
211.9204
-2162.699
1.4
FldObj_CliffSnowWall_D_18.017
-2.887001
0.9385039
-2.833892
-4015.842
156.9437
-2525.288
2
Obj_RockSetSnow_A_01_Far.020
0.1313125
-1.381231
0.3193751
-4056.325
112.5485
-2523.395
1.0
LinkTagNAnd
0
0
0
-4199.697
287.2481
-2686.475
1.0
FldObj_CliffSnowWall_D_02.008
0
-2.28
0
-4077.802
117.5413
-2670.555
1.0
LinkTagAnd
0
0
0
-4471.44
390.5554
-2971.637
1.0
ChangeWindTag
0
0
0
-3997.071
146.9292
-2549.753
1.0
FldObj_CliffSnowTopHalf_D_01.011
2.560663
0.436441
3.015662
-3987.67
283.3318
-2057.979
0.9
ActorObserverTag
0
2.007129
0
-4126.701
306.6887
-1933.474
1.0
SwitchTimeLag
2.32857
0.13016
-2.165259
-4043.477
161.4734
-2310.883
0.5
FldObj_CliffSnowLargeWall_D_03.007
0.1157823
0.8162048
0.0957173
-4145.567
94.03845
-2442.165
1.0
FldObj_CliffSnowLargeWall_D_01.010
2.801592
0.8815926
3.141593
-4321.645
300.5986
-2887.807
1.0