UnitConfigName/__text
Rotate/value/0
Rotate/value/1
Rotate/value/2
Translate/value/0
Translate/value/1
Translate/value/2
_Scale
Enemy_Octarock
0
-2.36
0
-3967.805
86.20601
-2739.413
1.0
Obj_TreeConiferous_A_Snow_02
0
3.127189
0
-4156.694
164.8097
-2950.795
1.0
Obj_Plant_HopBush_C_Snow_01
0.5193319
1.100757
0.2490015
-4076.5
127.5806
-2834.141
1.001465
Obj_RockSnow_A_01
0
0.8
0
-4041.876
102.2506
-2528.64
1.0
Item_Mushroom_B
0
-0.2436523
0
-4480.328
215.5471
-2336.125
1.0
Obj_RockSetSnow_A_02
0
-0.6799999
0
-4069.577
128.6404
-2748.805
1.0
TravelersGuardianDeity_A_01
0
0
0
-4123.562
303.6783
-1940.816
1.0
Obj_TreeConiferous_A_Snow_01
0
0
0
-4544.507
342.0907
-2951.827
1.0
EnvSeEmitPointInsectTemperate
0
-1.315674
0
-4102.191
133.6289
-2712.145
1.0
Obj_TreeConiferous_A_Snow_01.001
0
1.309258
0
-4492.468
336.5369
-2594.942
1.0
Obj_LiftRockWhite_A_01
0.1637304
0.009214211
-0.1121849
-4425.059
214.1032
-2229.339
1.0
Obj_RockSetSnow_A_04
0
0
0
-4028.094
176.4907
-2708.969
1.0
Weapon_Shield_021
0.4403511
0.4138891
1.4659
-4038.625
131.0641
-2677.246
1.0
Obj_RockSetSnow_A_04.001
0
0
0
-4063.969
91.75383
-2523.177
1.0
Obj_LiftRockWhite_Korok_A_01
-0.1275331
3.576641
-0.1275331
-4135.021
215.1427
-2619.001
1.0
Obj_LiftRockWhite_Korok_A_01.001
-3.085054
5.140919
-3.085054
-4344.425
160.8913
-2042.607
1.0
Obj_RockSetSnow_A_02.001
0.1920373
-0.3539261
-0.06728561
-4107.801
205.1068
-2595.844
1.0
Obj_RockSetSnow_A_02.002
0
0
0
-4031.587
292.5544
-1889.546
1.0
Obj_Plant_CypressLow_B_01
0.06757206
0.3816466
-0.1260154
-4402.992
182.8162
-2074.648
0.852539
Obj_RockSetSnow_A_02.003
0
1.959997
0
-4150.697
137.2836
-2668.119
1.0
Obj_TreeConiferous_A_Snow_01.002
0
0.6454879
0
-4144.115
235.3099
-2542.003
1.0
AirWallCreature
0
0.9000004
0
-4069.885
101.5179
-2489.782
0.6
Obj_TreeConiferous_A_Snow_01.003
0
1.018012
0
-4455.666
345.9242
-2751.836
1.0
FidObj_TorchStand_A_01
0
0
0
-4072.893
89.18088
-2538.444
1.0
Obj_TreeConiferous_A_Snow_02.001
0
0
0
-4090.941
209.9539
-2607.684
1.0
Obj_TreeConiferous_A_Snow_01.004
0
1.056118
0
-4488.957
335.0931
-2674.774
1.0
Obj_MineralGrain_A_04
0
1.560957
0.2205477
-4143.724
220.9963
-2060.4
1.0
Obj_RockSetSnow_A_03
0
2.88
0
-3987.331
146.7627
-2554.175
1.0
Obj_MineralBury_A_01
0
0
0
-4144.421
221.4774
-2058.902
1.0
FldObj_HeburaGeyser_01
0
1.2
0
-3867.9
98.38594
-2746.4
0.5
Obj_TreeConiferous_A_Snow_01.005
0
0
0
-4043.331
352.0999
-1983.368
1.0
Item_Plant_O
1.320068
1.436279
0.1101074
-4103.395
159.1328
-2539.059
1.0
Obj_TreeConiferous_A_Snow_01.006
0
0.8233544
0
-4090.511
175.9047
-2651.685
1.0
Obj_TreeConiferous_A_Snow_01.007
0
4.132088
0
-4381.608
370.5307
-2755.045
1.0
Item_Mushroom_B
0
0.8350829
0
-4461.387
219.6636
-2405.754
1.0
Item_Plant_O
1.429077
-0.4259033
-0.1235352
-4503.418
240.7031
-2510.918
1.0
Obj_TreeWhiteBirch_A_02
0
5.689846
0
-4144.117
133.9871
-2718.118
1.0
Obj_TreeConiferous_A_Snow_01.008
0
0
0
-4483.029
215.9152
-2371.793
1.0
Obj_TreeConiferousLow_A_Snow_01
0
4.140233
0
-4504.007
335.0238
-2710.433
1.0
PointWindSetTag
0
-0.7953588
0
-4179.384
97.69871
-2239.953
1.0
Obj_RockSnow_A_01.001
0
2.019999
0
-4161.954
229.8262
-2565.601
1.0
Obj_Plant_CypressLow_B_01.001
0.04028566
0.5852246
0.08604938
-4527.52
333.5458
-2593.961
0.995117
Obj_TreeConiferous_A_Snow_01.009
0
3.227256
0
-4493.512
339.6972
-2710.634
1.0
PointWindSetTag
0
-0.1146007
0
-3977.325
88.61324
-2748.126
1.0
Obj_LiftRockWhite_Korok_A_01.002
-0.565369
0.05023707
-0.565369
-4169.939
216.9412
-2622.335
1.0
Obj_RockSetSnow_A_02.004
0
-1.376814
0
-4091.076
90.77344
-2523.043
1.0
FldObj_PierSnow_A_02
0
0.7400001
0
-4096.609
88.99069
-2472.368
1.0
FldObj_PierSnow_A_02.001
0
-2.42
0
-4084.718
88.76413
-2432.126
1.0
Obj_MineralBury_A_01.001
-2.919809
-0.5049279
-2.887421
-4021.524
175.9026
-2671.625
1.0
Obj_TreeConiferousDead_A_Snow_01
0
-0.54
0
-4481.757
217.5967
-2420.351
1.0
TravelersGuardianDeity_A_01
0
0.8726646
0
-4128.247
303.8293
-1938.329
1.0
Obj_LiftRockWhite_Korok_A_01.003
0
1.207767
0
-4327.887
160.8561
-2048.383
1.0
Item_Plant_E
3.141479
-0.8294678
3.141479
-4443.309
345.4289
-2753.684
1.0
Obj_TreeConiferous_A_Snow_01.010
0
0
0
-4470.763
217.9163
-2403.817
1.0
Obj_TreeConiferous_A_Snow_02.002
0
0
0
-4494.762
335.905
-2581.969
1.0
Obj_RockSetSnow_A_05
-0.6646839
1.546836
0.1927901
-4066.788
335.3112
-1966.627
1.0
TravelersGuardianDeity_A_01
0
2.007129
0
-4127.879
303.7383
-1932.762
1.0
TBox_Field_Wood
-2.858969
1.000538
-2.980569
-4490.471
339.2556
-2535.137
1.0
Obj_RockSetYellow_A_L_05
0.01665276
-0.1800692
0.008488712
-4085.53
294.1104
-1849.181
1.0
Item_Mushroom_D
2.254272
-1.058594
-0.6000976
-4650.324
235.7773
-3073.273
1.0
Animal_Elk_A
0
2.78
0
-4411.927
217.3332
-2279.67
1.0
Obj_LiftRockWhite_Korok_A_01.004
0
1.32
0
-4327.922
160.6451
-2056.882
1.0
Obj_RockSetSnow_A_05.001
-0.5758862
-0.3184174
0.8616394
-4053.048
341.2925
-1993.74
1.0
Obj_RockSetYellow_A_L_04
0
0.3200001
0
-4306.533
257.3637
-1978.613
1.0
Item_Plant_O
0.9624023
0.06982421
-0.2124023
-4314.152
128.7031
-2263.402
1.0
Obj_TreeConiferous_A_Snow_02.003
0
2.827142
0
-4143.532
160.2497
-2953.276
1.0
Obj_RockSetSnow_A_02.005
0.06692491
0.1771289
0.08709913
-4035.241
336.9387
-2010.779
1.0
Obj_TreeConiferous_A_Snow_01.011
0
2.919782
0
-4089.971
330.7247
-1918.723
1.0
Obj_Plant_HopBush_C_Snow_02
-0.4235496
1.172685
-0.6949813
-4396.688
414.7552
-2866.664
1.09375
Obj_RockSetSnow_A_02.006
-2.919999
0
0.8599998
-4035.222
101.1847
-2523.623
1.0
Item_Plant_O
-1.87439
-0.3436279
-2.865356
-4079.477
244.6992
-2103.957
1.0
Obj_RockSetSnow_A_05.002
-0.06098288
-0.1796726
0.01091119
-4088.254
197.7237
-2613.888
1.0
Item_Plant_E
3.141479
0.12146
3.141479
-4058.887
141.8707
-2881.801
1.0
Enemy_Golem_Little_Ice
0.2114243
-0.79633
-0.2367902
-4429.975
214.564
-2228.999
1.0
Obj_TreeConiferous_A_Snow_01.012
0
0
0
-3985.541
180.7478
-2852.185
1.0
Obj_RockSnow_A_01.002
0
-0.02
0
-4039.521
92.51793
-2519.875
1.0
Obj_RockSetSnow_A_02.007
0.3373668
-1.231821
-0.2277815
-4046.618
129.4184
-2518.961
1.0
Obj_RockSetSnow_A_03.001
0
0
0
-4163.214
242.3126
-2511.948
1.0
Item_Plant_O
-3.016479
1.059814
1.792114
-4300.645
167.7773
-2100.348
1.0
Obj_TreeConiferous_A_Snow_01.013
0
2.752234
0
-4007.851
185.8349
-2629.405
1.0
Obj_RockSetSnow_A_05.003
0
-0.4400001
0
-4173.018
315.1638
-1952.679
0.8
Item_Plant_E
0
-0.3070068
0
-4384.852
376.9106
-2990.648
1.0
Obj_RockSetSnow_A_04.002
0
0.6199999
0
-4019.85
88.31599
-2533.799
1.0
Obj_LiftRockWhite_Korok_A_01.005
0.7209688
0.7764514
0.7209688
-4163.419
220.4842
-2600.695
1.0
Obj_LiftRockWhite_Korok_A_01.006
-0.1388056
0.758171
-0.1388056
-4135.645
212.052
-2637.457
1.0
Obj_TreeConiferous_A_Snow_02.004
0
0
0
-4470.617
222.4739
-2467.582
1.0
Obj_TreeWhiteBirch_A_02.001
0
5.604516
0
-4043.108
177.3874
-2711.167
1.0
Obj_RockSetYellow_A_L_03
0
0
0
-4305.712
239.634
-2009.929
1.0
Obj_RockSnow_A_01.003
0
0.6999995
0
-4491.145
222.0811
-2485.335
1.0
FidObj_TorchStand_A_01
0
0
0
-4034.426
89.50113
-2531.439
1.0
Obj_TreeConiferous_A_Snow_01.014
0
4.162999
0
-4422.437
344.7891
-2627.841
1.0
Item_Plant_E
0
0.1262207
0
-4286.25
217.6204
-2328.156
1.0
Obj_TreeConiferous_A_Snow_01.015
0
4.76862
0
-4468.368
343.3912
-2683.316
1.0
Obj_LiftRockWhite_Korok_A_01.007
0
1.51021
0
-4345.514
160.6718
-2048.698
1.0
Obj_RockSnow_A_01.004
-3.08666
0.6379337
-3.035948
-4019.852
88.00958
-2541.243
1.0
Obj_LiftRockWhite_Korok_A_01.008
0
0
0
-4342.625
161.1494
-2040.676
1.0
Obj_LiftRockWhite_Korok_A_01.009
0
5.231421
0
-4326.375
160.6451
-2058.434
1.0
Obj_RockSetSnow_A_02.008
0
-2.703186
0
-4604.026
332.3235
-2859.723
1.0
Obj_Mineral_A_01
0.5157492
-0.07207155
-0.7321593
-4216.303
156.5954
-2411.253
1.0
Obj_TreeConiferous_A_Snow_01.016
0
4.669665
0
-4443.448
347.5522
-2727.781
1.0
Obj_TreeConiferous_A_Snow_01.017
0
3.192397
0
-4445.085
338.1628
-2617.083
1.0
Obj_TreeConiferousLow_A_Snow_01.001
0
1.241844
0
-4428.473
358.2745
-2787.554
1.0
Obj_TreeConiferous_A_Snow_01.018
0
0
0
-4187.574
302.6028
-1874.172
1.0
Obj_RockSetSnow_A_03.002
2.898446
-0.5630056
-2.992068
-4378.655
192.4648
-2140.613
1.0
Item_Plant_O
0.9404296
-0.7600097
0.1085205
-3954.598
271.0547
-2235.242
1.0
Obj_TreeConiferous_A_Snow_02.005
0
6.090624
0
-4076.885
135.3003
-2863.123
1.0
Obj_RockSetSnow_A_03.003
0
-2.279999
0
-4045.337
176.2499
-2714.992
1.0
Item_Plant_O
2.521484
1.241089
1.138916
-4183.648
190.1992
-2872.063
1.0
Item_Plant_E
3.141479
0.3835449
3.141479
-4159.895
235.8454
-2545.445
1.0
Obj_RockSetSnow_A_05.004
0.3755744
-0.6225978
-0.5735303
-4320.991
251.5798
-2387.558
0.9
Enemy_Keese
0
1.819999
0
-4038.609
196.0986
-2631.646
1.0
Obj_RockSetSnow_A_05.005
-0.09999999
-0.4400002
0
-4112.836
199.5074
-2113.258
1.0
Obj_LiftRockWhite_Korok_A_01.010
-0.3894022
4.119082
-0.3894022
-4134.594
215.782
-2612.689
1.0
Obj_TreeConiferous_A_Snow_02.006
0
0
0
-4032.603
353.7748
-1958.182
1.0
Obj_TreeConiferousLow_A_Snow_01.002
0
0
0
-4480.569
217.1621
-2410.263
1.0
Obj_TreeConiferousDead_A_Snow_01.001
0
6.048132
0
-4011.525
191.2527
-2606.981
1.0
Obj_LiftRockWhite_Korok_A_01.011
0
1.040001
0
-4336.66
160.666
-2057.329
1.0
Obj_Plant_CypressLow_B_01.002
0.7517819
-1.340234
-0.6547953
-4524.895
220.6652
-2490.918
1.058105
Obj_LiftRockWhite_Korok_A_01.012
0
2.906371
0
-4330.675
160.9547
-2047.68
1.0
Item_Plant_O
1.469971
0.5410156
-0.243164
-4251.363
294.5859
-2469.324
1.0
Obj_RockSetSnow_A_02.009
0
-1.040001
0
-4498.934
336.2352
-2525.042
1.0
Obj_TreeConiferousLow_A_Snow_01.003
0
0
0
-4143.475
230.5189
-2558.212
1.0
Obj_TreeConiferousLow_A_Snow_01.004
0
0
0
-4594.568
333.6146
-2854.596
1.0
Obj_RockSetSnow_A_02.010
0.07999996
0
-0.09999999
-4017.088
189.2053
-2596.492
1.0
Obj_TreeConiferous_A_Snow_01.019
0
4.497563
0
-4022.909
191.9003
-2612.446
1.0
FidObj_TorchStand_A_01
0
0
0
-4029.887
89.53481
-2527.892
1.0
FidObj_TorchStand_A_01
0
0
0
-4096.615
89.92729
-2474.048
1.0
FidObj_TorchStand_A-2
0
-2.496193
0
-3991.63
145.3942
-2538.794
1.0
IceWall
-0.2093318
-0.0037247
-0.1096266
-4572.952
335.7521
-2858.055
0.7
Obj_MineralBury_A_01.002
0
0
0
-4104.014
292.1678
-2038.62
1.0
Obj_TreeWhiteBirch_A_01
0
3.053586
0
-4128.44
144.8843
-2892.983
1.0
Obj_LiftRockWhite_Korok_A_01.013
1.055887
6.054571
1.055887
-4152.229
218.3369
-2607.273
1.0
Item_Mushroom_B
0
-0.02014161
0
-4452.406
341.5551
-2676.809
1.0
FidObj_TorchStand_A_01
0
0
0
-4072.728
90.02362
-2422.309
1.0
Obj_TreeWhiteBirch_A_02.002
0
0.74
0
-4120.778
141.3908
-2879.561
1.0
Obj_Plant_CypressLow_B_01.003
0.008065409
-1.225257
0.06638348
-4384.25
192.6184
-2139.826
1.0
Item_Mushroom_B
0
1.384399
0
-4604.277
333.7571
-2867.582
1.0
Obj_LiftRockWhite_Korok_A_01.014
2.698698
3.824003
2.698698
-4159.388
218.1379
-2611.884
1.0
Obj_RockSetSnow_A_05.006
0
1.500001
0
-4494.899
332.285
-2612.217
1.0
Obj_RockSetSnow_A_05.007
0.07006248
0.9229269
-0.1379198
-4537.646
217.1883
-2291.033
1.0
Obj_TreeConiferous_A_Snow_01.020
0
1.533977
0
-4090.285
139.699
-2879.481
1.0
Obj_RockSnow_A_01.005
0.3199999
-0.6399999
0
-4032.806
87.84097
-2527.063
1.0
Obj_TreeConiferousDead_A_Snow_01.002
0
-1.68
0
-4472.547
218.7865
-2413.445
1.0
Obj_LiftRockWhite_Korok_A_01.015
0
-1.809048
0
-4331.524
160.8899
-2049.583
1.0
Obj_RockSetSnow_A_05.008
0
0.72
0
-4287.932
88.65279
-2189.333
1.0
Obj_RockSetSnow_A_02.011
0
-2.94
0
-4071.345
129.5593
-2730.741
1.0
Obj_RockSetSnow_A_05.009
0
-0.8400133
0
-4255.746
266.267
-1951.577
1.0
Obj_RockSetSnow_A_05.010
2.226725
-1.076483
-2.422343
-4230.379
203.7727
-2440.174
0.9
Obj_LiftRockWhite_Korok_A_01.016
0.5122203
5.932524
0.5122203
-4157.899
220.6094
-2597.594
1.0
Obj_RockSetSnow_A_05.011
-2.914687
0.03538476
0.2979684
-4035.54
106.9035
-2524.27
1.0
GrassCutTag
0
0
0
-4516
333.7305
-2674
1.0
Item_Mushroom_D
-2.790472
-1.420767
-2.306701
-4652.98
235.2734
-2912.375
1.0
Obj_LiftRockWhite_Korok_A_01.017
-0.216879
1.476618
-0.216879
-4141.572
212.4625
-2640.21
1.0
Obj_TreeWhiteBirch_A_02.003
0
5.189183
0
-4225.954
279.5562
-1851.074
1.0
Obj_RockSetSnow_A_03.004
2.958021
0.4555428
-2.81862
-4402.933
305.7181
-2489.156
1.0
Obj_RockSetSnow_A_04.003
0
0.4199997
0
-4469.012
215.1746
-2315.407
1.0
Obj_RockSetSnow_A_03.005
0
1.84
0
-4171.01
238.8913
-2536.958
1.0
Item_Plant_O
-2.75
-1.256348
-1.940185
-4640.84
217.2969
-2819.129
1.0
Obj_RockSetSnow_A_02.012
-1.40571
-0.6748294
-0.08016708
-4022.815
147.5586
-2549.068
1.0
Obj_MineralBury_A_01.003
0
0
0
-3846.749
91.82715
-2593.24
1.0
Obj_TreeConiferousLow_A_Snow_01.005
0
0
0
-4165.105
317.3229
-1939.23
1.0
Obj_RockSetSnow_A_05.012
0
-0.5200004
0
-4267.957
261.8794
-2002.925
1.0
Obj_LiftRockWhite_Korok_A_01.018
-2.927932
1.674253
-2.927932
-4153.163
216.0345
-2618.672
1.0
Obj_Plant_HopBush_C_Snow_02.001
-0.1206997
-1.168336
0.2170539
-4593.02
332.5493
-2763.508
1.004395
Item_Mushroom_N
3.141479
-1.033569
3.141479
-4163.109
234.6801
-2554.66
1.0
Item_Plant_E
3.141479
0.8592529
3.141479
-4147.871
175.1212
-2994.055
1.0
Item_Mushroom_N
0
-0.9210204
0
-4403.273
358.829
-2736.73
1.0
FldObj_HeburaGeyser_01.001
0
1.2
0
-4028.945
90.53438
-2370.598
0.5
Item_Plant_O
-1.580933
0.9384765
-2.931762
-4186.098
194.293
-2927.945
1.0
Obj_LiftRockWhite_Korok_A_01.019
0.5811617
3.506068
0.5811617
-4160.776
220.544
-2599.035
1.0
Obj_TreeWhiteBirch_A_02.004
0
3.809127
0
-4049.032
131.0915
-2728.413
1.0
Obj_TreeConiferous_A_Snow_01.021
0
3.614267
0
-4151.985
165.2903
-2960.83
1.0
Obj_LiftRockWhite_Korok_A_01.020
-0.1399846
0.5966919
-0.1399846
-4138.921
214.2991
-2627.915
1.0
Obj_RockSetSnow_A_03.006
0
2.579999
0
-4156.908
243.9721
-2499.752
1.0
Obj_LiftRockWhite_A_01.001
0
0
0
-4143.032
133.9222
-2719.434
1.0
Obj_RockSetSnow_A_05.013
0
0.6599999
0
-4601.474
330.8994
-2730.21
1.0
Obj_RockSetSnow_A_02.013
0
-1.439989
0
-4541.933
213.9442
-2464.358
1.0
Obj_LiftRockWhite_Korok_A_01.021
2.621958
3.914775
2.621958
-4160.726
217.7933
-2614.602
1.0
Obj_RockSetSnow_A_05.014
0
-2.783187
0
-4534.071
331.3553
-2737.365
1.0
Obj_RockSetSnow_A_02.014
-0.1034669
-0.8958595
0.1281427
-4201.083
281.7334
-1854.533
1.0
Obj_LiftRockWhite_Korok_A_01.022
-0.06973172
-0.7788868
0.04487548
-4322.856
160.913
-2042.271
1.0
Obj_TreeConiferous_A_Snow_02.007
0
2
0
-4539.147
334.7019
-2631.264
1.0
SpotBgmTag
0
0
0
-4065.4
99.2
-2508.8
15
Obj_TreeConiferous_A_Snow_01.022
0
3.731034
0
-4145.188
155.2353
-2926.141
1.0
GrassCutTag
0
0
0
-4543.5
333.7115
-2682
1.0
Obj_RockSetSnow_A_03.007
0
1.418412
0
-3995.699
344.8347
-2018.464
1.0
Obj_RockSetSnow_A_02.015
0.2345149
0.3416796
-0.01512868
-3985.233
162.466
-2575
1.0
Obj_TreeWhiteBirch_A_02.005
0
-2.24
0
-4243.048
273.6202
-1858.363
1.0
Obj_TreeConiferousLow_A_Snow_01.006
0
0
0
-4514.41
334.4693
-2616.797
1.0
Obj_LiftRockWhite_Korok_A_01.023
0
-1.540002
0
-4327.251
160.9524
-2046.499
1.0
Obj_TreeConiferous_A_Snow_01.023
0
5.544135
0
-4034.673
353.4162
-1950.12
1.0
Item_Mushroom_B
3.141479
-0.2070313
3.141479
-4017.598
176.0968
-2681.754
1.0
Obj_TreeWhiteBirch_A_01.001
0
0
0
-4302.444
255.584
-1992.287
1.0
Obj_TreeConiferous_A_Snow_01.024
0
4.527177
0
-4480.638
215.5114
-2335.185
1.0
Obj_RockSetSnow_A_05.015
0
0.7999972
0
-4012.597
179.6804
-2651.504
1.0
Obj_LiftRockWhite_Korok_A_01.024
2.855547
0.7376689
2.855547
-4340.572
161.2404
-2039.681
1.0
Obj_Mineral_A_01.001
-0.3081501
-0.5425547
0.5692737
-4085.7
213.514
-2104.253
1.0
Obj_RockSetSnow_A_02.016
0
-0.6
0
-4077.181
130.1646
-2697.451
1.0
Obj_RockSetSnow_A_02.017
0.3999999
0
0
-4363.892
231.5518
-2315.463
1.0
Item_Plant_O
-1.802368
-0.3598633
2.992554
-4101.289
172.6484
-2170.582
1.0
Obj_LiftRockWhite_Korok_A_01.025
0
5.233356
0
-4324.735
160.6451
-2064.163
1.0
AirWallCreature
0
0.9000004
0
-4069.885
94.38512
-2489.782
0.6
Obj_MineralBury_A_01.004
-0.4534508
0.7839975
-0.3873183
-4049.69
137.8923
-2671.924
1.0
Obj_TreeConiferous_A_Snow_02.008
0
0
0
-4168.618
181.4801
-2755.24
1.0
FldObj_HeburaGeyser_01.002
0
0
0
-4139.455
133.1292
-2674.868
1.0
Obj_RockSetSnow_A_05.016
0
0
0
-3992.076
178.2016
-2878.914
1.0
Item_Plant_E
0
0.2451172
0
-4213.43
285.8516
-2646.703
1.0
Obj_RockSetSnow_A_02.018
0
-1.720001
0
-3984.915
345.0508
-2007.865
1.0
Obj_LiftRockWhite_Korok_A_01.026
-2.917186
3.733524
-2.917186
-4160.224
215.2793
-2623.679
1.0
TBox_Field_Iron
-2.903305
0.5010726
-2.662913
-4455.382
212.0367
-2159.492
1.0
EnvSeEmitPointInsectTemperate
0
-0.1370849
0
-4048.176
131.668
-2727.992
1.0
Obj_RockSnow_A_01.006
0.1510507
-0.07110557
0.2502999
-4533.85
338.2201
-2763.306
1.0
FldObj_PierSnow_A_01
0
0.07999999
0
-4247.159
88.42598
-2189.06
1.0
Obj_TreeWhiteBirch_A_01.002
0
-0.7400001
0
-4291.779
248.7535
-2005.04
1.0
Obj_RockSetSnow_A_02.019
0
-0.5200003
0
-4263.981
89.8152
-2176.716
1.0
Obj_RockSetSnow_A_04.004
0
-0.32
0
-4132.481
325.7108
-2001.925
1.0
Item_Plant_O
-1.616211
0.07897948
-2.788818
-4394.633
203.3359
-2020.066
1.0
Obj_TreeConiferous_A_Snow_01.025
0
5.706221
0
-4093.514
328.2809
-1905.533
1.0
FidObj_TorchStand_A_01
0
0
0
-4026.848
89.53481
-2545.54
1.0
Obj_RockSetSnow_A_05.017
0
-2.02
0
-4457.499
216.5392
-2327.547
1.0
Obj_LiftRockWhite_Korok_A_01.027
0.01426146
4.821229
0.01426146
-4143.45
216.0945
-2615.194
1.0
Obj_RockSetSnow_A_03.008
0.0787707
-0.4536817
-0.1781902
-4123.986
144.3642
-2898.315
1.0
Obj_LiftRockWhite_Korok_A_01.028
0.4834247
0.01751489
0.4834247
-4145.357
219.5316
-2598.613
1.0
Obj_RockSetSnow_A_04.005
0
-1.939995
0
-4135.868
145.9181
-2888.719
1.0
Item_Mushroom_B
0
0.3979492
0
-4602.703
333.6319
-2868.73
1.0
Obj_RockSetSnow_A_05.018
0
0.6600001
0
-4177.003
170.6329
-2838.462
1.0
Obj_RockSnow_A_01.007
0
-0.9
0
-4024.672
87.88458
-2545.423
1.0
Obj_LiftRockWhite_Korok_A_01.029
0
6.144976
0
-4345.871
160.7043
-2046.323
1.0
Enemy_Octarock
0
1.179998
0
-4250.865
86.30283
-2187.173
1.0
Obj_RockSetYellow_A_01
0
0
0
-4242.839
273.067
-1853.989
1.0
Obj_RockSnow_A_01.008
-1.399999
0
0
-4091.138
316.8428
-2026.138
1.0
FldObj_PierSnowProp_A_01
0
-0.7399999
0
-4067.949
87.12659
-2447.791
1.0
Obj_LiftRockWhite_Korok_A_01.030
0
5.590324
0
-4319.706
160.8303
-2057.088
1.0
FidObj_TorchStand_A-2
0
-2.674395
0
-3988.7
146.817
-2551.8
1.0
Obj_TreeConiferous_A_Snow_02.009
0
0
0
-4166.187
180.1843
-2785.739
1.0
Obj_LiftRockWhite_Korok_A_01.031
0
1.32
0
-4318.096
160.8569
-2042.081
1.0
Obj_RockSetSnow_A_04.006
0
-0.92
0
-4036.622
130.4177
-2676.286
0.8
Obj_Plant_CypressLow_B_01.004
-0.8214903
-1.250357
0.6299775
-4354.598
382.4152
-2819.887
1.058594
Obj_TreeConiferousDead_A_Snow_01.003
0
-1.44
0
-4524.998
220.5883
-2494.172
1.0
Item_Plant_O
-1.890015
-0.128418
-2.906616
-4171.586
187.4688
-2123.066
1.0
Item_Plant_O
-2.629761
0.9119872
2.447876
-4460.523
251.957
-1993.355
1.0
Item_Mushroom_F
0
1.12207
0
-4132.566
154.2854
-2940.164
1.0
Obj_TreeConiferous_A_Snow_01.026
0
0.1656848
0
-4375.14
381.3778
-2840.129
1.0
Item_Fruit_I
0
0.8726646
0
-4126.958
304.0117
-1937.442
1.0
Obj_LiftRockWhite_Korok_A_01.032
0
-0.7800003
0
-4324.45
160.8457
-2043.259
1.0
Obj_LiftRockWhite_Korok_A_01.033
-2.302308
1.485857
-2.302308
-4147.801
212.4647
-2641.866
1.0
Obj_TreeConiferous_A_Snow_02.010
0
0
0
-4183.685
295.5012
-1849.999
1.0
Obj_LiftRockWhite_Korok_A_01.034
0
2.48637
0
-4336.944
160.5978
-2053.723
1.0
Animal_Elk_A
0
-1.2
0
-4473.947
214.3551
-2249.54
1.0
Obj_RockSetSnow_A_03.009
-2.643434
-0.3152633
2.952215
-4133.22
218.3186
-2588.902
1.0
Obj_TreeConiferous_A_Snow_01.027
0
0.9873103
0
-4068.341
140.2336
-2881.916
1.0
Obj_TreeConiferous_A_Snow_01.028
0
5.853774
0
-4517.809
334.049
-2598.091
1.0
Obj_TreeWhiteBirch_A_01.003
0
0.5560762
0
-4138.506
148.5631
-2894.529
1.0
Obj_Plant_CypressLow_B_01.005
0.5372586
0.7068777
0.4991043
-4393.156
221.2298
-2294.961
1.023438
Obj_LiftRockWhite_Korok_A_01.035
2.078732
-0.7998307
-3.024454
-4144.032
213.9968
-2631.677
1.0
Obj_RockSetSnow_A_04.007
0
0
0
-4506.914
333.5748
-2638.785
1.0
Obj_RockSnow_A_01.009
-0.5356336
-0.07050439
-1.479773
-4536.972
216.0943
-2554.885
1.0
Obj_MineralGrain_A_04.001
-0.1374646
-0.0119788
-0.1735725
-4053.273
151.6471
-2665.027
1.0
BoxWater
2.938335
0.08075939
3.110555
-4052.434
135.557
-2672.022
1.0
Enemy_Lynel_Middle
0
-0.09999999
0
-4493.333
218.6832
-2456.178
1.0
Obj_LiftRockWhite_Korok_A_01.036
-2.945048
3.286831
-2.945048
-4157.246
212.6849
-2639.875
1.0
Obj_Plant_CypressLow_B_01.006
0.3260863
1.18331
0.3600221
-4029.977
177.713
-2706.234
0.939941
Obj_TreeWhiteBirch_A_02.006
0
0.6798969
0
-4133.788
144.1119
-2875.566
1.0
Obj_RockSnow_A_01.010
0
0
2.08
-4042.856
104.6561
-2508.231
1.0
Obj_RockSetSnow_A_03.010
0.4541834
-0.7717078
-0.4203872
-4422.204
193.5752
-2126.743
1.0
Obj_RockSetSnow_A_05.019
0.02551069
0.6534555
-0.06410492
-3977.47
173.6404
-2632.715
1.0
Obj_LiftRockWhite_Korok_A_01.037
-0.6846899
1.362776
-0.6846899
-4170.233
218.1827
-2616.341
1.0
Obj_TreeConiferousLow_A_Snow_01.007
0
0
0
-4007.975
178.8281
-2870.335
1.0
Obj_RockSetSnow_A_05.020
0
0.62
0
-4509.852
332.285
-2544.131
1.0
Obj_RockSetSnow_A_04.008
0
-0.3000001
0
-4035.044
352.1706
-1953.364
1.0
Obj_LiftRockWhite_Korok_A_01.038
3.090043
1.026556
3.090043
-4166.707
214.4831
-2631.241
1.0
Obj_RockSetSnow_A_05.021
0.7465057
-1.057535
-0.5612629
-4193.918
278.9666
-1825.435
1.0
Obj_MineralBury_A_01.005
0
2.3
0
-4170.654
317.9714
-1947.792
1.0
Obj_LiftRockWhite_Korok_A_01.039
0
2.748576
0
-4339.416
160.7486
-2064.92
1.0
Obj_TreeConiferous_A_Snow_01.029
0
0
0
-4494.96
220.7002
-2475.818
1.0
Obj_TreeConiferous_A_Snow_01.030
0
6.056008
0
-3986.5
166.9039
-2583.558
1.0
Obj_RockSetSnow_A_05.022
0
-0.09999945
0
-4456.947
344.448
-2719.842
1.0
Obj_Plant_HopBush_C_Snow_02.002
1.309229
-1.263967
-1.476422
-4068.727
128.1691
-2841.863
0.993652
Obj_RockSetSnow_A_05.023
0
0.2
0
-4255.166
305.7562
-2904.054
1.0
Enemy_Golem_Little_Ice
0.09082095
-0.2481683
-0.1367068
-4427.141
213.8493
-2225.946
1.0
Item_Mushroom_B
0
-0.2225342
0
-4374.344
381.0583
-2839.527
1.0
Obj_TreeConiferous_A_Snow_01.031
0
2.4374
0
-4517.878
333.9389
-2611.655
1.0
Obj_TreeConiferous_A_Snow_01.032
0
6.097974
0
-4459.391
220.4475
-2349.947
1.0
Item_Mushroom_D
0.4593506
-1.313599
0.809082
-4642.805
260.6719
-2941.398
1.0
Obj_RockSetSnow_A_05.024
0
0
0
-4174.104
207.6055
-2641.135
1.0
Weapon_Shield_005
-1.149414
0.6567869
0.8411089
-4318.4
99.95782
-2258.9
1.0
Item_Mushroom_N
0
0.6170654
0
-4493.906
335.9174
-2581.293
1.0
FldObj_HeburaGeyser_01.003
0
-1.941593
0
-3955.147
92.86562
-2424.945
0.5
TwnObj_StoneLodgeStair_A_01
0
1.14
0
-4100.21
128.461
-2730.515
1.0
Obj_TreeConiferousLow_A_Snow_01.008
0
0
0
-4164.256
178.8831
-2820.978
1.0
Obj_TreeConiferousLow_A_Snow_01.009
0
2.421268
0
-4465.127
344.4176
-2738.893
1.0
Obj_RockSetSnow_A_03.011
-2.572278
0.3665192
-2.750319
-4376.254
250.6921
-2370.863
1.0
Obj_LiftRockWhite_Korok_A_01.040
-2.92402
5.495665
-2.92402
-4158.534
214.6804
-2626.476
1.0
BoxWater
2.710496
0.04159156
3.141593
-4053.554
145.4657
-2667.601
1.0
Obj_Mineral_A_01.002
-0.553328
0.5646486
-0.3192338
-4029.063
176.1958
-2673.2
1.0
Obj_TreeConiferous_A_Snow_01.033
0
5.253152
0
-4073.429
143.2396
-2896.608
1.0
Obj_TreeConiferous_A_Snow_01.034
0
4.522032
0
-4426.381
369.4333
-2810.695
1.0
Obj_TreeConiferous_A_Snow_01.035
0
0.4114635
0
-4412.241
350.6839
-2725.554
1.0
Obj_RockSetSnow_A_04.009
0.488122
-0.6907063
0.03069242
-4506.345
221.033
-2150.64
1.0
Obj_RockSnow_A_01.011
0
1.721592
0
-4056.701
129.8682
-2675.233
1.0
Item_Plant_O
-1.38855
-0.0246582
2.773315
-4170.129
240.2578
-2051.012
1.0
Obj_LiftRockWhite_Korok_A_01.041
-0.007539357
3.668157
-0.007539357
-4136.45
217.0443
-2606.708
1.0
Obj_TreeConiferous_A_Snow_02.011
0
0
0
-4588.25
336.5675
-2929.063
1.0
Obj_LiftRockWhite_Korok_A_01.042
-0.4138649
2.529625
-0.4138649
-4135.169
216.3448
-2609.531
1.0
Obj_TreeConiferous_A_Snow_02.012
0
3.37312
0
-4542.895
217.011
-2477.805
1.0
Obj_RockSetSnow_A_05.025
0
-1.080001
0
-4092.044
323.6609
-2014.278
0.9
Obj_TreeWhiteBirch_A_02.007
0
1.44233
0
-4138.163
133.7081
-2710.784
1.0
Obj_RockSnow_A_01.012
2.276279
-0.8455603
2.459553
-4286.836
254.6833
-2001.255
1.0
Item_Fruit_I
0
-2.007129
0
-4120.093
303.9872
-1933.485
1.0
Obj_LiftRockWhite_Korok_A_01.043
-0.005518115
3.080502
-0.005518115
-4337.151
160.6845
-2068.688
1.0
Obj_TreeConiferous_A_Snow_01.036
0
2.59747
0
-4133.656
154.6774
-2940.808
1.0
Obj_LiftRockWhite_Korok_A_01.044
0
-1.696815
0
-4341.496
160.6044
-2053.383
1.0
Obj_Mineral_A_01.003
-0.02023447
-0.1989875
0.3220199
-4073.495
213.562
-2121.288
1.0
Obj_RockSetYellow_A_02
0
0.48
0
-4224.95
278.9695
-1846.839
1.0
Obj_TreeConiferous_A_Snow_01.037
0
0
0
-4017.094
176.9219
-2877.889
1.0
Obj_RockSetSnow_A_04.010
0
0
0
-4474.59
345.9707
-2750.648
1.0
Obj_LiftRockWhite_Korok_A_01.045
0
0.4566976
0
-4333.167
160.7796
-2070.733
1.0
Obj_LiftRockWhite_Korok_A_01.046
-0.2499562
2.179438
-0.2499562
-4153.477
214.1551
-2630.222
1.0
Obj_LiftRockWhite_Korok_A_01.047
0
0.5941027
0
-4312.95
160.7817
-2048.974
1.0
Obj_LiftRockWhite_Korok_A_01.048
-2.027065
0.8485818
-1.650554
-4148.243
220.1264
-2597.353
1.0
Obj_RockSetSnow_A_02.020
-0.4240572
1.187277
-0.4379451
-4179.062
217.4256
-2617.649
1.0
Barrel
3.090611
-0.3316222
3.104468
-4160.363
243.5147
-2509.757
1.0
Obj_MineralGrain_A_02
0.1658457
-0.00577726
0.1749681
-4142.323
221.8219
-2063.148
1.0
Obj_RockSetSnow_A_05.026
0
1.743181
0
-4012.048
352.0938
-1983.542
1.0
Obj_LiftRockWhite_Korok_A_01.049
0
0.537462
0
-4317.642
160.8401
-2056.214
1.0
Item_Plant_O
1.787842
1.178101
0.1977539
-4241.422
330.5195
-2732.727
1.0
Obj_RockSetSnow_A_02.021
0
-0.2
0
-4139.831
319.3362
-1953.277
1.0
Obj_RockSetYellow_A_01.001
0
-0.2568108
0
-4302.186
245.1526
-2006.201
1.0
Obj_LiftRockWhite_Korok_A_01.050
0
0.4471119
0
-4330.768
160.7622
-2070.662
1.0
Obj_TreeConiferous_A_Snow_01.038
0
0
0
-4153.35
173.6083
-2813.375
1.0
Obj_LiftRockWhite_Korok_A_01.051
0
4.086946
0
-4327.054
160.6138
-2067.898
1.0
Obj_TreeWhiteBirch_A_02.008
0
5.957122
0
-4034.942
129.2442
-2738.455
1.0
Obj_RockSetSnow_A_02.022
0
-0.34
0
-4044.82
144.9754
-2889.534
1.0
Obj_TreeConiferous_A_Snow_02.013
0
2.16485
0
-4114.558
189.4488
-2637.022
1.0
Obj_LiftRockWhite_Korok_A_01.052
0
5.154775
0
-4326.048
160.8316
-2054.421
1.0
Obj_TreeConiferousLow_A_Snow_01.010
0
0
0
-3992.12
179.9866
-2637.097
1.0
Obj_RockSetSnow_A_04.011
0
-2.56
0
-4182.437
292.8479
-1848.251
1.0
Obj_RockSetSnow_A_02.023
0.6708198
-0.8944411
-0.1445498
-4047.236
346.0518
-1943.015
1.0
Obj_TreeConiferous_A_Snow_01.039
0
0.8569129
0
-4505.864
335.5059
-2560.012
1.0
FldObj_HeburaGeyser_01.004
0
2.111848
0
-4130.186
90.70229
-2271.35
0.5
Obj_TreeConiferous_A_Snow_02.014
0
5.760199
0
-4486.155
336.8773
-2691.781
1.0
Obj_LiftRockWhite_Korok_A_01.053
0.0716653
5.034148
0.0716653
-4144.676
212.4154
-2641.137
1.0
Obj_TreeConiferous_A_Snow_01.040
0
0
0
-4496.372
337.9313
-2543.376
1.0
Obj_LiftRockWhite_Korok_A_01.054
0
-1.976814
0
-4334.678
160.722
-2052.71
1.0
Item_Plant_O
0.03259277
-1.278686
1.066528
-4107.355
106.668
-2216.02
1.0
Obj_TreeConiferous_A_Snow_01.041
0
3.856664
0
-4470.732
343.9976
-2719.203
1.0
Obj_Mineral_A_01.004
-2.666579
1.019622
-2.71827
-4039.623
130.3272
-2673.657
1.0
Obj_MineralGrain_A_04.002
-1.963284
-0.2702399
2.615237
-4048.856
138.6726
-2671.03
1.0
Item_Mushroom_N
3.141479
-0.8605956
3.141479
-4471.734
217.8932
-2404.543
1.0
Obj_TreeConiferous_A_Snow_02.015
0
0.7551263
0
-4533.377
216.0299
-2440.505
1.0
Obj_TreeConiferous_A_Snow_01.042
0
4.121957
0
-4541.296
333.711
-2715.68
1.0
Obj_TreeWhiteBirch_A_02.009
0
2.209024
0
-4137.775
144.1804
-2855.144
1.0
Obj_RockSetSnow_A_04.012
0
0
0
-4100.413
177.2527
-2651.888
1.0
Obj_TreeConiferous_A_Snow_01.043
0
0.9305176
0
-3969.263
171.1211
-2605.418
1.0
Obj_RockSetSnow_A_02.024
0
0
0
-4025.167
185.1654
-2651.981
1.0
Obj_RockSnow_A_01.013
0
-0.22
0
-4077.153
88.3564
-2478.334
1.0
Obj_TreeWhiteBirch_A_02.010
0
1.816112
0
-4121.855
146.0188
-2901.619
1.0
Obj_LiftRockWhite_A_01.002
0
0
0
-4396.477
221.0838
-2009.292
1.0
Obj_LiftRockWhite_Korok_A_01.055
0
0.8199999
0
-4327.119
160.773
-2052.822
1.0
Obj_LiftRockWhite_Korok_A_01.056
-2.419871
3.93929
-2.419871
-4336.339
161.1953
-2038.992
1.0
Enemy_Golem_Little_Ice
0.1850862
-0.2026913
-0.190166
-4433.988
214.5636
-2226.614
1.0
Obj_LiftRockWhite_Korok_A_01.057
0
0.189925
0
-4313.223
160.7661
-2046.782
1.0
Obj_RockSetSnow_A_02.025
0
-0.62
0
-4113.294
209.7771
-2604.384
1.0
Enemy_Giant_Senior
0
0
0
-4531
333.4499
-2679.273
1.0
Item_Fruit_I
0
2.879793
0
-4123.349
304.1708
-1931.077
1.0
Obj_RockSetSnow_A_05.027
0.09241758
1.005229
0.06007393
-4089.708
293.7032
-1851.479
1.0
Obj_TreeWhiteBirch_A_02.011
0
1.816912
0
-4136.659
133.4024
-2720.905
1.0
Obj_LiftRockWhite_Korok_A_01.058
0
3.901671
0
-4138.585
212.3948
-2638.908
1.0
Obj_RockSetSnow_A_02.026
2.836575
-0.7055666
-2.954841
-4343.098
258.2117
-2341.372
1.0
Obj_TreeConiferous_A_Snow_01.044
0
4.695021
0
-4534.352
333.3795
-2597.375
1.0
FidObj_TorchStand_A_01
0
0.24
0
-4086.694
89.9239
-2459.091
1.0
Obj_RockSetYellow_A_L_05.001
-3.079863
-0.2580089
3.021656
-4277.355
255.0961
-1903.262
1.0
Obj_TreeConiferous_A_Snow_02.016
0
0
0
-4167.632
239.1668
-2540.621
1.0
Obj_Plant_CypressLow_B_01.007
-0.2592184
0.6865505
-0.2869459
-4149.414
237.3652
-2533.121
1.035645
Item_Fruit_I
0
2.007129
0
-4126.673
303.8636
-1933.505
1.0
Obj_TreeConiferousLow_A_Snow_01.011
0
0.1528334
0
-4582.658
332.8132
-2720.742
1.0
GrassCutTag
0
0
0
-4532.5
333.8839
-2662
1.0
Obj_LiftRockWhite_Korok_A_01.059
0
4.233662
0
-4313.265
160.8337
-2051.111
1.0
Obj_LiftRockWhite_Korok_A_01.060
1.423123
1.920522
1.423123
-4151.486
220.3021
-2597.327
1.0
Obj_LiftRockWhite_Korok_A_01.061
0
-2.196815
0
-4330.749
160.9317
-2045.48
1.0
Obj_TreeConiferousLow_A_Snow_01.012
0
5.95075
0
-4529.354
221.4172
-2494.141
1.0
Item_Plant_O
-1.904541
-0.06262206
3.123779
-4072.457
125.3008
-2303.754
1.0
Obj_LiftRockWhite_Korok_A_01.062
0.3574115
4.898335
0.3574115
-4140.132
218.4431
-2601.38
1.0
Obj_MineralGrain_A_04.003
-2.086423
-0.410897
-3.122648
-4138.405
225.5887
-2059.62
1.0
Obj_RockSnow_A_01.014
0
0
0
-4419.692
359.5565
-2785.881
1.0
Obj_RockSetSnow_A_04.013
0
-0.6000001
0
-4139.035
133.3076
-2716.833
1.0
Obj_TreeConiferous_A_Snow_02.017
0
4.001007
0
-4534.091
333.7352
-2699.933
1.0
Item_Plant_O
0.918579
0.2620849
-0.3358154
-4346.746
341.9258
-2446.762
1.0
Obj_MineralBury_A_01.006
0.5321429
-0.4987286
-0.99775
-4030.962
176.9094
-2673.083
1.0
Obj_RockSetSnow_A_02.027
0.3143378
-0.119331
0.6009455
-4398.894
313.0359
-2502.941
1.0
Obj_RockSetSnow_A_05.028
0
-0.8799999
0
-4103.471
132.2257
-2693.436
1.0
Obj_TreeWhiteBirch_A_01.004
0
0.5000001
0
-4206.148
281.534
-1848.621
1.0
Obj_TreeConiferous_A_Snow_01.045
0
6.002003
0
-4174.306
243.9547
-2517.677
1.0
Obj_TreeConiferousLow_A_Snow_01.013
0
0
0
-4494.567
214.6808
-2354.826
1.0
Item_Plant_O
-2.217041
-0.2166748
-2.871338
-4077.52
252.3438
-2102.836
1.0
Obj_TreeConiferous_A_Snow_01.046
0
0.1304465
0
-4419.043
350.7163
-2754.604
1.0
Obj_RockSetSnow_A_02.028
0
-0.4399999
0.12
-4285.739
246.6778
-1998.351
1.0
Obj_TreeConiferous_A_Snow_02.018
0
0
0
-4075.671
173.5763
-2657.466
1.0
Obj_TreeWhiteBirch_A_02.012
0
6.276812
0
-4074.368
132.8463
-2763.347
1.0
Obj_RockSetSnow_A_05.029
0
1.461591
0
-4134.702
138.4934
-2652.333
1.0
Obj_LiftRockWhite_Korok_A_01.063
0
3.121529
0
-4320.625
160.9986
-2041.925
1.0
Item_Plant_E
0
-1.494018
0
-4515.349
334.0913
-2720.875
1.0
Obj_TreeConiferousLow_A_Snow_01.014
0
0
0
-4527.048
338.0229
-2642.141
1.0
Obj_TreeConiferousLow_A_Snow_01.015
0
3.135294
0
-4450.301
349.4469
-2744.052
1.0
Obj_RockSetSnow_A_02.029
0
0.24
0
-4529.763
332.9837
-2641.645
1.0
Obj_TreeConiferous_A_Snow_01.047
0
2.888201
0
-4408.64
338.7793
-2581.95
1.0
Obj_RockSetSnow_A_04.014
0
1.16
0
-4023.569
89.73526
-2526.352
1.0
Obj_RockSetSnow_A_02.030
-0.05720029
0.4338031
-0.3379518
-4135.628
229.4608
-2551.303
1.0
Obj_TreeConiferous_A_Snow_01.048
0
1.98372
0
-4583.443
335.5
-2673.062
1.0
Enemy_Golem_Little_Ice
0.06102271
-0.2765831
-0.05928155
-4430.109
213.8791
-2221.744
1.0
Item_Mushroom_F
3.141479
0.210083
3.141479
-4159.922
235.7426
-2546.008
1.0
Obj_Plant_HopBush_C_Snow_01.001
-0.3693995
1.062546
-0.327461
-4445.824
387.4248
-2923.484
1.004883
Obj_RockSetSnow_A_02.031
0
0
0.12
-4484.45
338.949
-2708.592
1.0
Obj_LiftRockWhite_Korok_A_01.064
0
0.4144073
0
-4338.322
160.7502
-2058.952
1.0
Obj_RockSetYellow_A_02.001
0
2.679999
0
-4302.297
255.3932
-1987.985
1.0
Item_Plant_E
0
0.8886718
0
-4456.109
345.9099
-2751.535
1.0
Obj_RockSetSnow_A_02.032
0
-0.9
0
-3981.349
181.4035
-2867.949
1.0
Obj_TreeConiferousLow_A_Snow_01.016
0
0
0
-4494.691
215.5353
-2377.665
1.0
Obj_RockSetSnow_A_05.030
-0.3638748
-0.305002
-0.338445
-4174.38
233.0623
-2560.312
1.0
Obj_TreeWhiteBirch_A_02.013
0
2.557202
0
-4225.249
276.0192
-1875.896
1.0
Obj_TreeConiferous_A_Snow_02.019
0
3.356908
0
-4451.439
341.0396
-2675.917
1.0
Item_Mushroom_B
3.141479
-1.088379
3.141479
-4104.641
136.9077
-2681.301
1.0
Obj_Mineral_A_01.005
0
0
0
-4208.299
151.0197
-2413.958
1.0
Obj_TreeConiferousLow_A_Snow_01.017
0
0
0
-4485.21
215.3447
-2342.612
1.0
Obj_Plant_CypressLow_B_01.008
-0.324781
0.8439083
-0.4889424
-4175.105
241.4917
-2540.129
0.925293
Obj_RockSetSnow_A_03.012
0.08726431
-0.5538777
-0.1648187
-4166.771
178.0204
-2818.884
1.0
Obj_LiftRockWhite_Korok_A_01.065
-0.005936427
4.95758
-0.005936427
-4162.409
213.6297
-2636.278
1.0
Obj_RockSetSnow_A_05.031
0
-0.76
0
-4150.343
230.8094
-2531.238
1.0
Obj_LiftRockWhite_Korok_A_01.066
-1.096307
3.859835
-1.096307
-4338.437
160.9139
-2067.067
1.0
FldObj_TorchStandBone_A_01
0
2.3
0
-4001.196
183.9922
-2637.304
1.0
Obj_RockSnow_A_01.015
0
3.083185
0
-4020.518
339.4399
-2020.922
1.0
Obj_TreeConiferous_A_Snow_01.049
0
0
0
-4537.905
333.9149
-2648.746
1.0
Obj_Plant_HopBush_C_Snow_02.003
0.4632633
-0.7124981
-0.1458299
-4057.883
141.8509
-2881.242
0.959961
Item_Plant_E
0
-0.5172119
0
-4243.82
210.1246
-2404.199
1.0
Obj_LiftRockWhite_Korok_A_01.067
0.03314235
3.974653
0.03314235
-4145.194
214.9747
-2621.287
1.0
Obj_RockSetSnow_A_04.015
0
0.2799997
0
-4493.079
219.8592
-2478.94
1.0
Obj_LiftRockWhite_Korok_A_01.068
-0.3220162
0.6159562
-0.3220162
-4134.161
215.3658
-2615.845
1.0
FldObj_TorchStandBone_A_01.001
0
-0.64
0
-4028.548
356.2818
-1977.872
1.0
Obj_LiftRockWhite_Korok_A_01.069
-0.08249659
4.203071
-0.08249659
-4150.506
214.0447
-2631.608
1.0
Obj_TreeWhiteBirch_A_01.005
0
-0.54
0
-4247.424
271.0776
-1877.103
1.0
Obj_LiftRockWhite_Korok_A_01.070
-0.1033044
5.790261
-0.1033044
-4141.301
214.1396
-2630.077
1.0
Obj_Plant_HopBush_C_Snow_01.002
0
1.026245
0
-4140.93
98.41986
-2178.898
1.059082
Obj_Plant_CypressLow_B_01.009
-0.9415323
1.335077
-0.7104222
-4029.367
178.5579
-2710.195
0.979004
Obj_RockSetSnow_A_05.032
0
1.260001
0
-4287.302
310.9218
-2922.986
1.0
Obj_LiftRockWhite_Korok_A_01.071
3.080904
3.38953
3.080904
-4152.1
216.7017
-2615.872
1.0
FldObj_HeburaGeyser_01.005
0
-1.601595
0
-4102.337
97.61061
-2489.774
0.5
Obj_MineralBury_A_01.007
-0.3039576
0.9043421
-0.1322289
-4167.614
318.2873
-1955.545
1.0
Obj_LiftRockWhite_Korok_A_01.072
0
1.040001
0
-4326.059
160.867
-2044.809
1.0
Obj_Plant_HopBush_C_Snow_02.004
0.4314967
0.802276
0.5450718
-4111.887
136.0192
-2682.883
1.02832
BoxWater
0
3.100001
0
-4053.728
148.9804
-2666.693
1.0
Obj_RockSetSnow_A_05.033
0.9269841
-0.1726636
-0.8720022
-4019.909
344.5718
-1944.79
1.0
Obj_RockSetSnow_A_04.016
0
-2.259998
0
-4115.479
189.7736
-2632.177
1.0
Item_Plant_E
3.141479
0.3273925
3.141479
-4171.445
214.1366
-2636.211
1.0
Obj_MineralBury_A_01.008
-2.927273
-0.01624683
3.121508
-4206.818
150.9981
-2414.771
1.0
Enemy_Golem_Little_Ice
0.3854421
-0.4658249
-0.1970906
-4217.3
295.5682
-2710.348
1.0
Obj_LiftRockWhite_Korok_A_01.073
2.72741
5.965296
2.72741
-4157.643
218.3332
-2609.932
1.0
Obj_RockSetSnow_A_02.033
0
1.62
0
-4406.176
336.2844
-2533.421
1.0
Obj_LiftRockWhite_Korok_A_01.074
-2.7606
1.40141
-2.70576
-4332.683
160.792
-2051.403
1.0
Obj_TreeConiferous_A_Snow_02.020
0
2.511344
0
-4077.431
141.1138
-2886.878
1.0
Obj_TreeWhiteBirch_A_02.014
0
3.450049
0
-4071.329
132.5997
-2774.159
1.0
TravelersGuardianDeity_A_01
0
-2.007129
0
-4118.927
303.8637
-1932.804
1.0
Obj_TreeConiferous_A_Snow_01.050
0
0
0
-4603.461
333.7651
-2867.801
1.0
Item_Plant_O
1.663208
-0.3981934
-0.1269531
-4401.145
292.0938
-2435.789
1.0
Obj_RockSetSnow_A_02.034
0
-0.1799999
0
-4147.801
208.5571
-2648.23
1.0
FldObj_PierSnow_A_02.002
0
-0.8599998
0
-4083.273
88.99069
-2479.524
1.0
Obj_RockSetSnow_A_03.013
0
0
0
-4088.743
173.3092
-2656.804
1.0
Animal_Elk_A
0
-0.3
0
-4438.387
208.0552
-2171.936
1.0
BoxWater
0
3.100001
0
-4050.078
124.212
-2681.252
0.7
AscendingCurrent
0
-3.126991
0
-4015.636
88.90466
-2553.515
1.0
FidObj_TorchStand_A_01
0
0
0
-4101.302
89.89645
-2450.532
1.0
Obj_TreeConiferousDead_A_Snow_01.004
0
4.732363
0
-3985.184
175.9978
-2621.411
1.0
Obj_LiftRockWhite_Korok_A_01.075
0
1.529613
0
-4322.066
160.7259
-2056.885
1.0
Item_Plant_E
3.141479
-0.203125
3.141479
-4478.766
342.9187
-2734.273
1.0
Obj_LiftRockWhite_Korok_A_01.076
-1.175921
1.765731
-1.175921
-4335.28
160.6689
-2070.066
1.0
Obj_RockSetSnow_A_02.035
0
-1.1
-0.16
-4171.692
180.1616
-2707.307
1.0
Obj_LiftRockWhite_Korok_A_01.077
0
1.990441
0
-4316.039
160.8109
-2043.25
1.0
Obj_RockSetSnow_A_03.014
0
-1.46
0
-4032.204
89.45773
-2540.801
1.0
Item_Plant_O
2.652222
-0.6977538
-0.4304199
-4628.617
211.0508
-2752.773
1.0
Obj_RockSetSnow_A_02.036
2.888196
0.5853558
-3.06051
-4399.542
210.3957
-2196.812
1.2
AscendingCurrent
0
2.24
0
-4139.552
138.2681
-2669.131
1.0
Obj_RockSnow_A_01.016
0
0.1600001
0
-4239.899
89.02518
-2177.882
1.0
Obj_RockSetSnow_A_05.034
0
0.6200002
0
-4201.015
309.6612
-1923.474
1.0
Obj_LiftRockWhite_Korok_A_01.078
-0.7639816
5.475081
-0.7639816
-4170.38
218.6464
-2613.343
1.0
Obj_RockSetSnow_A_03.015
0.03767488
-1.098015
-0.2308263
-4530.124
217.3311
-2263.213
1.0
Obj_RockSetSnow_A_05.035
0
2.443185
0
-4268.131
236.5318
-2017.033
1.0
Obj_RockSetSnow_A_05.036
0.09999999
0
-0.1999999
-4161.079
160.0456
-2944.836
1.0
Obj_RockSnow_A_01.017
-0.2847822
0.8798941
-0.2218908
-4292.553
255.9841
-1993.399
1.0
Obj_RockSetSnow_A_02.037
2.93942
-0.3199807
0.003577916
-4048.423
117.7338
-2512.071
1.0
Item_Mushroom_B
0
0.9729003
0
-4052.57
132.9069
-2740.582
1.0
Obj_TreeWhiteBirch_A_02.015
0
2.87729
0
-4030.912
177.1398
-2714.207
1.0
Obj_RockSnow_A_01.018
0
0
0
-4045.574
93.25465
-2525.493
1.0
Obj_RockSnow_A_01.019
0
-0.3200001
-0.14
-4012.938
87.72833
-2539.805
1.0
Obj_LiftRockWhite_Korok_A_01.079
0.01051007
2.267133
0.01051007
-4161.165
216.218
-2620.732
1.0
Item_Plant_O
-1.662964
-1.145264
-2.932251
-4451.504
258.9102
-1989.422
1.0
Obj_RockSetSnow_A_04.017
0
0
0
-4477.572
342.8027
-2716.249
1.0
Item_Plant_O
0.8017578
-0.8063964
0.3148193
-4558.348
361.625
-2832.441
1.0
Obj_LiftRockWhite_Korok_A_01.080
2.367487
1.927171
2.367487
-4168.849
219.3704
-2607.721
1.0
FldObj_PierSnowProp_A_01.001
0
-0.7399999
0
-4071.418
89.66566
-2450.963
1.0
Obj_RockSetSnow_A_05.037
0
-1.480001
0
-4110.876
181.5161
-2640.65
1.0
Obj_TreeConiferous_A_Snow_01.051
0
4.219756
0
-4568.146
335.834
-2659.709
1.0
Obj_TreeDead_A_Snow_01
0
0
0
-4429.906
214.1386
-2225.545
1.0
Obj_TreeWhiteBirch_A_02.016
0
0.74
0
-4079.924
132.3236
-2766.729
1.0
Obj_TreeConiferous_A_Snow_02.021
0
-2.42
0
-4160.604
292.8615
-1834.704
1.0
Obj_TreeConiferous_A_Snow_01.052
0
2.586285
0
-4596.832
333.2506
-2747.572
1.0
Obj_RockSetYellow_A_02.002
0
-0.46
-0.07999999
-4300.613
247.173
-2004.122
1.0
Obj_RockSetSnow_A_02.038
-1.660368
-0.7353287
-0.07394804
-4023.357
135.5971
-2548.484
1.0
Obj_RockSetSnow_A_03.016
0
0.52
0
-4568.608
335.1177
-2650.402
1.0
TBox_Field_Iron
-0.1951883
-0.5843229
0.4124041
-4245.488
308.8683
-2887.502
1.0
Obj_RockSetYellow_A_L_03.001
0
2.5616
0
-4225.037
280.1104
-1839.863
1.0
Obj_Mineral_A_01.006
-0.1400001
-0.7400004
0.32
-4142.05
221.3417
-2060.129
1.0
Obj_RockSnow_A_01.020
0
0
0
-4044.318
91.85073
-2525.074
1.0
Item_Plant_O
3.138305
-1.273438
-1.815674
-3870.125
171.9219
-2498.922
1.0
Enemy_Golem_Little_Ice
-0.1345304
-0.594889
0.09170469
-4212.671
297.2036
-2714.711
1.0
Obj_TreeWhiteBirch_A_02.017
0
0.3071774
0
-4131.415
149.2769
-2913.073
1.0
Obj_TreeWhiteBirch_A_02.018
0
3.037038
0
-4051.684
132.9227
-2740.205
1.0
Obj_RockSetSnow_A_03.017
0
-0.12
0
-4058.998
91.05119
-2525.486
1.0
Obj_LiftRockWhite_Korok_A_01.081
0
3.02073
0
-4327.903
160.9025
-2050.615
1.0
Obj_TreeWhiteBirch_A_01.006
0
0
0
-4281.392
260.5567
-1930.115
1.0
Obj_TreeConiferous_A_Snow_01.053
0
0.8200209
0
-4160.671
236.0241
-2545.926
1.0
Obj_TreeWhiteBirch_A_02.019
0
4.960822
0
-4147.897
148.7489
-2875.815
1.0
Obj_Plant_HopBush_C_Snow_01.003
0.02260733
-0.1078346
0.09096751
-4598.516
332.9366
-2830.66
1.01709
Obj_LiftRockWhite_Korok_A_01.082
-0.6383783
2.174357
-0.6383783
-4170.086
217.6762
-2619.338
1.0
Obj_Plant_HopBush_C_Snow_01.004
0.5963246
-1.308455
-0.7019296
-4120.715
137.4334
-2856.391
1.001953
Obj_LiftRockWhite_Korok_A_01.083
0
0.8199999
0
-4328.608
160.6997
-2069.517
1.0
Obj_LiftRockWhite_Korok_A_01.084
0.4748154
0.4339974
0.4748154
-4146.37
217.7707
-2609.745
1.0
FldObj_BankingFlat_A_07
-6.365625E-05
-0.003195743
0.03987224
-4026.964
156.6817
-2529.232
1.0
Obj_RockSetSnow_A_03.018
0
0.6399999
0
-3976.268
302.4229
-1955.465
1.0
Obj_Plant_HopBush_C_Snow_02.005
0.5455888
-1.387514
-0.1948948
-4073.051
91.34115
-2479.398
1.053223
Obj_MineralGrain_A_04.004
1.054064
-1.422199
-0.7881899
-4084.973
213.2346
-2103.967
1.0
Obj_RockSetSnow_A_05.038
0.5799999
0.8199999
0
-4097.171
306.4351
-1870.866
1.0
Obj_LiftRockWhite_Korok_A_01.085
-1.343685
6.151739
-1.343685
-4147.278
213.9961
-2631.689
1.0
Item_Mushroom_B
0
0.953125
0
-4015.699
175.5922
-2683.578
1.0
Obj_TreeConiferousLow_A_Snow_01.018
0
0
0
-4010.54
191.7303
-2602.904
1.0
Obj_TreeConiferous_A_Snow_01.054
0
4.256674
0
-4152.161
241.7419
-2512.588
1.0
Obj_TreeConiferous_A_Snow_01.055
0
1.205168
0
-4388.766
383.5461
-2808.748
1.0
Obj_TreeWhiteBirch_A_01.007
0
0
0
-4282.927
240.8905
-2016.91
1.0
Obj_TreeConiferous_A_Snow_01.056
0
0
0
-4157.846
169.1822
-2841.522
1.0
Obj_Mineral_A_01.007
-0.3403074
1.486709
-0.414601
-4068.42
156.7738
-2264.255
1.0
Obj_TreeConiferous_A_Snow_01.057
0
5.988811
0
-4020.253
192.5784
-2592.098
1.0
Obj_TreeConiferous_A_Snow_01.058
0
-0.09999999
0
-4136.61
326.5881
-2000.027
1.0
Obj_RockSetSnow_A_04.018
0
-0.14
0
-4024.303
191.4275
-2608.621
1.0
Item_Plant_O
1.652222
1.124634
0.08776856
-4199.082
208.7344
-2943.719
1.0
FldObj_BankingFlat_A_07.001
0.01987277
-0.004790755
0.05979255
-4035.023
156.616
-2539.274
1.0
Item_Mushroom_B
3.141479
-0.7130126
3.141479
-4149.254
149.3663
-2875.434
1.0
Area
0
2.559999
0
-4052.652
193.0986
-2626.008
100
Item_Plant_O
1.337524
-0.6743164
-0.01831055
-4554.676
352.5313
-2803.547
1.0
Obj_RockSetSnow_A_02.039
-0.6557689
0.5247765
-0.1160084
-4029.115
340.5139
-2013.358
1.0
Obj_LiftRockWhite_Korok_A_01.086
-2.995045
5.238479
-2.995045
-4338.946
160.6328
-2053.845
1.0
Obj_TreeConiferousLow_A_Snow_01.019
0
5.757915
0
-4035.202
348.9745
-1996.623
1.0
Obj_TreeConiferousLow_A_Snow_01.020
0
1.277932
0
-4422.07
348.2315
-2746.737
1.0
Obj_RockSetSnow_A_05.039
0
0
0
-4176.611
174.1434
-2783.805
1.0
Obj_Mineral_A_01.008
0
0
0
-4014.773
337.001
-2042.609
1.0
PointWindSetTag
0
-0.7981478
0
-3885.85
88.6991
-2611.225
1.0
Obj_LiftRockWhite_Korok_A_01.087
0.4469933
3.476719
0.4469933
-4142.506
218.9198
-2599.996
1.0
Obj_TreeConiferous_A_Snow_01.059
0
4.777493
0
-4499.565
335.6958
-2699.922
1.0
Obj_LiftRockWhite_Korok_A_01.088
0
0.7789462
0
-4339.851
160.7684
-2062.895
1.0
Item_Plant_E
0
0.4720459
0
-4365.039
382.7661
-2823.797
1.0
Obj_TreeWhiteBirch_A_02.020
0
0
0
-4310.007
238.6512
-2020.075
1.0
Obj_TreeConiferousDead_A_Snow_01.005
0
-0.62
0
-4162.787
234.816
-2553.805
1.0
Obj_Plant_HopBush_C_Snow_01.005
-0.3370167
1.066219
-0.5391546
-4146.465
237.1405
-2531.297
1.07666
Weapon_Shield_021
0.223456
0.7568299
0.3521362
-4039.179
131.1269
-2678.159
1.0
Obj_RockSetSnow_A_03.019
0.0507904
-0.7016584
-0.07859115
-4428.978
355.1745
-2785.041
1.0
Obj_Plant_CypressLow_B_01.010
-0.243099
-1.273455
0.3440888
-4519.277
366.757
-2890.383
0.881836
Obj_LiftRockWhite_Korok_A_01.089
-0.1805266
3.889102
-0.1805266
-4135.879
214.8478
-2622.157
1.0
Obj_TreeConiferousDead_A_Snow_01.006
0
-0.54
0
-4488.858
215.4157
-2361.386
1.0
Item_Mushroom_B
0
1.435791
0
-4504.008
227.5235
-2494.602
1.0
Enemy_Keese
0
1.819999
0
-4037.622
196.0986
-2627.769
1.0
Obj_RockSetSnow_A_05.040
0
0.6800002
0
-4453.813
221.6677
-2468.328
1.0
Obj_LiftRockWhite_Korok_A_01.090
0
1.040001
0
-4334.743
160.6451
-2056.252
1.0
Obj_RockSetSnow_A_05.041
0
0.6800002
0
-4505.754
223.1833
-2502.266
1.0
Item_Plant_O
1.596924
0.3948975
0.3280029
-4432.816
326.2617
-2502.523
1.0
Obj_MineralGrain_A_04.005
-0.2202416
-1.399193
0.2352461
-4147.108
221.192
-2059.623
1.0
Obj_RockSetSnow_A_03.020
0
1.26
0
-4519.809
332.4082
-2718.26
1.0
FldObj_PierSnow_A_02.003
0
-2.36
0
-4078.554
88.99069
-2454.321
1.0
Obj_RockSetSnow_A_05.042
0
-2.659999
0
-4187.187
289.5313
-1861.114
1.0
Obj_LiftRockWhite_Korok_A_01.091
-0.01911387
3.970079
-0.01911387
-4138.04
217.7345
-2604.031
1.0
Obj_TreeConiferous_A_Snow_02.022
0
0
0
-4015.222
187.1935
-2647.281
1.0
Obj_TreeConiferous_A_Snow_02.023
0
-1.4
0
-4462.412
219.5022
-2405.741
1.0
Obj_TreeWhiteBirch_A_02.021
0
0.3715422
0
-4141.945
133.5157
-2725.954
1.0
Obj_LiftRockWhite_Korok_A_01.092
-0.2256522
5.800666
-0.2256522
-4156.448
214.3098
-2628.836
1.0
Enemy_Golem_Little_Ice
0.0307864
-0.003634672
0.235016
-4220.233
296.433
-2716.282
1.0
Obj_RockSetSnow_A_03.021
0.1577732
-0.952818
0.5995924
-4207.661
282.5739
-1863.75
1.0
Obj_Mineral_B_01
0.07992192
-0.06942311
0.1379284
-4172.272
317.8587
-1949.096
1.0
FldObj_PierSnow_A_02.004
0.04
0.7800001
0
-4101.867
88.99069
-2451.384
1.0
Obj_TreeConiferous_A_Snow_01.060
0
0
0
-4101.894
204.9457
-2586.951
1.0
Obj_RockSetSnow_A_05.043
0
3.043189
0
-4262.154
295.6263
-2808.412
1.0
Obj_TreeWhiteBirch_A_02.022
0
1.44233
0
-4103.264
138.9118
-2693.237
1.0
Obj_RockSetSnow_A_02.040
-1.10524
0.6896412
-0.8263159
-4281.601
250.4941
-2003.478
1.0
Obj_RockSetSnow_A_02.041
0.1953839
-0.8365562
-0.3178318
-4376.133
195.6032
-2154.692
1.0
Obj_Plant_HopBush_C_Snow_01.006
-0.07403266
-0.2111306
0.06209687
-4605.539
331.7786
-2757.23
0.935547
Obj_RockSetYellow_A_L_03.002
0
0
0
-4306.33
259.1662
-1932.479
1.0
Obj_LiftRockWhite_Korok_A_01.093
0
0.4564306
0
-4339.339
160.8037
-2060.84
1.0
Obj_TreeConiferous_A_Snow_01.061
0
4.11846
0
-4528.055
333.646
-2714.836
1.0
Obj_RockSetSnow_A_04.019
0
-0.7399999
0
-4084.753
92.28125
-2511.449
1.0
Area
0
2.559999
0
-4052.652
193.0986
-2626.008
25
Obj_RockSetSnow_A_05.044
0
0.82
0
-4228.821
273.6695
-1898.069
1.0
Item_Mushroom_B
0
0.7652587
0
-4100.926
204.6536
-2586.859
1.0
FidObj_TorchStand_A_01
0
0
0
-4013.457
89.53481
-2532.157
1.0
Obj_TreeConiferousDead_A_Snow_01.007
0
0.6
0
-4468.116
220.7201
-2455.486
1.0
Animal_Elk_A
0
-1.64
0
-4464.41
215.4046
-2234.946
1.0
Obj_Plant_CypressLow_B_01.011
-0.1429888
0.1592334
0.02147219
-4333.906
342.0351
-2480.113
1.096191
Obj_LiftRockWhite_Korok_A_01.094
-2.84275
0.142977
-2.84275
-4154.215
212.4595
-2641.042
1.0
Obj_RockSetSnow_A_05.045
-0.7136145
-1.445533
0.9235387
-4162.405
287.5228
-1834.292
1.0
FldObj_HeburaGeyser_01.006
0
1.2
0
-3942.772
106.5872
-2484.895
0.5
Obj_RockSetSnow_A_02.042
0
0.3
0
-4096.657
130.3364
-2703.365
1.0
Obj_RockSetSnow_A_04.020
0
-0.24
0
-3996.455
145.7195
-2537.37
1.0
Obj_RockSetSnow_A_04.021
0
0
0
-4531.543
219.3752
-2497.095
1.0
Obj_TreeConiferous_A_Snow_01.062
0
-0.9999999
0
-4126.95
325.8906
-2004.593
1.0
FidObj_TorchStand_A-2
0
-2.396194
0
-3991.712
145.0238
-2535.92
1.0
Obj_LiftRockWhite_Korok_A_01.095
0
0.004776904
0
-4314.393
160.8489
-2053.051
1.0
FidObj_TorchStand_A_01
0
0
0
-4078.327
89.71152
-2480.691
1.0
Obj_RockSetSnow_A_04.022
0
-1.476813
0
-4090.233
208.4101
-2604.011
1.0
Obj_TreeConiferousLow_A_Snow_01.021
0
1.985697
0
-4034.982
353.1559
-1975.156
1.0
Obj_TreeWhiteBirch_A_02.023
0
0
0
-4298.48
257.611
-1984.716
1.0
Obj_LiftRockWhite_Korok_A_01.096
-0.03047489
2.77871
-0.03047489
-4144.5
216.9675
-2612.169
1.0
Obj_RockSetSnow_A_05.046
0
1.08
0
-4535.827
212.0282
-2445.332
0.9
Obj_MineralBury_A_01.009
0
0
-0.44
-4069.699
155.9835
-2264.835
1.0
Obj_TreeConiferousLow_A_Snow_01.022
0
0
0
-4173.359
241.0556
-2539.572
1.0
Obj_TreeWhiteBirch_A_01.008
0
5.676882
0
-4121.886
139.1581
-2864.938
1.0
Obj_RockSetSnow_A_05.047
-0.527727
0.8664924
-0.3736083
-4014.1
332.6445
-2045.042
1.0
Obj_LiftRockWhite_Korok_A_01.097
0
-1.696815
0
-4343.259
160.621
-2052.162
1.0
Obj_RockSnow_A_01.021
-0.579542
-0.2341646
1.230111
-4008.299
225.6685
-2925.471
1.1
Obj_LiftRockWhite_Korok_A_01.098
2.36168
0.5072029
2.36168
-4159.806
213.0098
-2638.568
1.0
Obj_TreeConiferous_A_Snow_01.063
0
0
0
-4021.348
163.1546
-2560.458
1.0
Obj_TreeConiferousLow_A_Snow_01.023
0
6.010626
0
-4097.286
186.9583
-2643.03
1.0
Obj_Mineral_A_01.009
-0.1775903
0.02374809
0.001932773
-3848.056
135.4487
-2738.106
1.0
Obj_RockSetYellow_A_L_04.001
0
0
0
-4319.639
255.0107
-1930.95
1.0
Obj_RockSetSnow_A_03.022
0
0.5999998
0
-4044.229
129.5076
-2671.339
1.0
Item_Plant_O
0.9139404
-0.6304931
0.1416016
-3754.586
217.9922
-2619.004
1.0
Obj_TreeConiferous_A_Snow_01.064
0
3.288727
0
-4020.183
338.2962
-2035.124
1.0
Obj_TreeConiferous_A_Snow_02.024
0
3.37312
0
-4529.913
222.7473
-2502.764
1.0
FldObj_PierSnow_A_02.005
0
0.09999999
0
-4248.613
88.59853
-2204.54
1.0
Obj_RockSetSnow_A_02.043
0.05448526
-0.4972728
-0.3338365
-4487.417
211.975
-2366.292
1.0
Obj_RockSnow_A_01.022
0.3199999
-0.6999999
0
-4038.26
87.84097
-2530.165
1.0
Obj_RockSetSnow_A_02.044
0.4210934
-1.010801
-0.3145129
-4194.922
298.2189
-1868.198
1.0
Obj_TreeConiferous_A_Snow_01.065
0
1.27627
0
-3990.322
345.2612
-2021.964
1.0
Obj_RockSetSnow_A_04.023
0
-0.2600002
0
-4036.511
128.3194
-2732.008
1.0
Obj_TreeWhiteBirch_A_02.024
0
0
0
-4016.627
175.7854
-2682.627
1.0
Animal_Bear_B
0
-1.34
0
-4490.563
337.5557
-2609.219
1.0
Obj_TreeConiferous_A_Snow_02.025
0
0
0
-4153.96
318.1437
-1947.962
1.0
Obj_MineralBury_A_01.010
3.067087
-0.4326677
-1.834922
-4076.165
216.0219
-2116.372
1.0
Obj_Mineral_A_01.010
-0.6477593
-1.111443
0.6359091
-4100.844
291.3893
-2043.279
1.0
Obj_TreeWhiteBirch_A_02.025
0
0.4312342
0
-4068.604
133.1871
-2764.701
1.0
Obj_TreeWhiteBirch_A_02.026
0
-1.52
0
-4242.321
275.1117
-1851.074
1.0
Obj_LiftRockWhite_Korok_A_01.099
3.020569
5.694601
3.020569
-4169.101
216.0284
-2625.326
1.0
Obj_RockSetSnow_A_05.048
0
0.9800003
0
-3997.138
339.2027
-2030.794
0.9
Obj_TreeConiferous_A_Snow_01.066
0
0.3010448
0
-4427.901
355.2147
-2779.631
1.0
Obj_RockSetSnow_A_05.049
0.03252242
0.8179713
0.1821982
-4406.735
303.9883
-2459.376
1.0
Obj_RockSetSnow_A_02.045
-3.141592
0.898407
3.001593
-4174.171
183.3074
-2749.883
1.0
EnvSeEmitPointBirdTemperate
0
-0.1370849
0
-4048.18
139.6719
-2727.992
1.0
Item_Plant_O
1.190918
-0.6262207
0.3371582
-4441.816
341.3203
-2500.305
1.0
Obj_LiftRockWhite_Korok_A_01.100
0
5.128542
0
-4325.254
160.645
-2060.038
1.0
Obj_TreeConiferousLow_A_Snow_01.024
0
0
0
-4175.057
188.6018
-2754.36
1.0
Obj_RockSetSnow_A_02.046
0
0
0
-4268.381
262.496
-1986.823
1.0
Obj_Plant_CypressLow_B_01.012
0.561165
-1.238881
-0.5235288
-4541.586
223.1685
-2508.859
0.993652
Enemy_Octarock
0
-1.183186
0
-4073.646
86.26009
-2471.973
1.0
Obj_TreeWhiteBirch_A_02.027
0
0.3958167
0
-4069.362
132.7773
-2785.905
1.0
Obj_RockSetYellow_A_L_03.003
-1.494422
-1.170697
1.592557
-4304.215
248.386
-1997.219
1.0
FldObj_PierSnow_A_02.006
0
1.121593
0
-4113.814
129.2718
-2736.962
1.0
Obj_LiftRockWhite_Korok_A_01.101
-0.8654308
1.73154
-0.8654308
-4151.041
212.4857
-2641.575
1.0
Obj_Plant_HopBush_C_Snow_01.007
0.0992063
0.3722232
-0.2676506
-4249.027
123.0046
-2143.496
1.04834
Obj_RockSnow_A_01.023
-0.3732825
0.4126986
0.1042483
-4096.656
138.4985
-2699.083
1.0
FldObj_RaftPile_A_01
-2.459535
1.507396
-2.458551
-4247.126
90.07919
-2204.76
1.0
Obj_LiftRockWhite_Korok_A_01.102
0
3.615934
0
-4332.436
160.6997
-2055.856
1.0
FldObj_BankingFlat_A_07.002
-6.365625E-05
-0.003195743
0.03987224
-4008.661
156.7388
-2527.666
1.0
Obj_MineralBury_A_01.011
-0.04727517
-0.01932537
-0.356004
-3847.122
135.3866
-2739.462
1.0
Obj_Plant_HopBush_C_Snow_01.008
-0.01324583
-0.2958054
0.3203082
-4358.77
215.9831
-2209.543
0.880859
FidObj_TorchStand_A_01
0
0
0
-4015.887
89.53481
-2538.462
1.0
Obj_LiftRockWhite_Korok_A_01.103
0.3657707
1.950469
0.3657707
-4149.053
218.2092
-2607.917
1.0
Obj_LiftRockWhite_Korok_A_01.104
-0.2873961
2.611679
-0.2873961
-4151.13
215.301
-2621.056
1.0
Item_Plant_E
0.08726646
0.009199076
-0.09671852
-4383.608
192.0873
-2136.579
1.0
Obj_TreeConiferous_A_Snow_01.067
0
0
0
-4158.149
293.6484
-1841.172
1.0
Animal_Bear_B
0
1.24
0
-4439.695
347.8237
-2721.869
1.0
Obj_TreeConiferous_A_Snow_01.068
0
3.720301
0
-3998.645
344.015
-2032.281
1.0
GrassCutTag
0
0
0
-4531
333.4805
-2678.5
1.0
Item_Plant_O
0.2886963
1.236938
-1.263916
-4239.184
178.832
-2347.02
1.0
Obj_MineralBury_A_01.012
0
1.401632
0
-4214.243
156.5819
-2412.45
1.0
Obj_RockSetSnow_A_05.050
-0.09197523
0.5773227
0.2251131
-4407.433
351.4999
-2750.818
1.0
Area
0
-0.09999999
0
-4493.333
218.6832
-2456.178
150
Item_Mushroom_F
0
-0.7534179
0
-4411.449
350.8883
-2725.168
1.0
FidObj_TorchStand_A-2
0
-3.034395
0
-3993.7
147.0504
-2554.1
1.0
Obj_RockSetSnow_A_03.023
0
-0.8799972
0
-4480.305
215.087
-2342.87
1.0
Obj_RockSnow_A_01.024
0
0.8200001
-0.1999999
-4546.123
215.8224
-2368.423
1.0
Obj_LiftRockWhite_Korok_A_01.105
0
0.04029852
0
-4315.671
160.874
-2054.833
1.0
Obj_TreeConiferous_A_Snow_01.069
0
0
0
-4162.61
176.4324
-2775.808
1.0
Obj_Mineral_A_01.011
-0.01829342
0.5344325
0.1367467
-4104.965
292.6757
-2036.91
1.0
Obj_TreeConiferous_A_Snow_02.026
0
0
0
-4174.277
176.4454
-2838.95
1.0
Item_Mushroom_B
3.141479
1.533813
3.141479
-4032.832
129.074
-2728.449
1.0
Obj_RockSetSnow_A_02.047
0
1.12
0
-4215.829
151.6027
-2409.765
1.0
Item_Plant_E
0
1.259888
0
-4118.141
186.6291
-2640.199
1.0
BrokenSnowBall
0.06303599
-0.09160418
0.3652945
-4459.557
397.7635
-2988.016
1.0
Obj_LiftRockWhite_Korok_A_01.106
0.4575895
2.321528
0.4575895
-4165.765
220.177
-2602.707
1.0
FldObj_PierSnow_A_02.007
0
-0.9199997
0
-4089.007
88.99069
-2458.751
1.0
Obj_LiftRockWhite_Korok_A_01.107
-2.66887
4.438008
-2.66887
-4334.317
160.9805
-2039.996
1.0
EnvSeEmitPointInsectTemperate
0
-1.315674
0
-4056.262
131.6602
-2741.184
1.0
TBox_Field_Iron
2.806769
0.3436731
3.121583
-4337.399
400.8497
-2723.287
1.0
Obj_RockSetSnow_A_05.051
0
0.62
0
-4504.485
332.285
-2594.1
1.0
Obj_TreeConiferous_A_Snow_02.027
0
0
0
-4499.492
214.8269
-2361.927
1.0
FldObj_RaftPile_A_01.001
0
0.8000003
0
-4074.495
89.95
-2420.479
1.0
Obj_RockSetSnow_A_03.024
0
0.6231852
0
-4077.685
139.2133
-2881.828
1.0
FidObj_TorchStandOn_A_01
0
0
0
-4056.81
131.5241
-2676.859
1.0
Obj_TreeConiferous_A_Snow_01.070
0
0
0
-4172.801
188.0083
-2744.893
1.0
Obj_LiftRockWhite_Korok_A_01.108
-0.02640549
6.261624
-0.02640549
-4144.154
215.4398
-2618.239
1.0
Item_Mushroom_D
1.754394
-0.5491943
-0.1640625
-4556.656
215.9219
-2575.027
1.0
PointWindSetTag
0
-0.1146007
0
-3871.909
88.6991
-2733.921
1.0
Obj_MineralGrain_A_02.001
-2.625888
0.4920117
-2.40075
-4072.491
213.3578
-2122.507
1.0
Obj_MineralGrain_A_02.002
-1.316893
-0.6216874
2.163146
-4141.457
222.0421
-2060.129
1.0
FidObj_TorchStand_A_01
0
0
0
-4081.052
89.73132
-2484.168
1.0
Obj_RockSetSnow_A_02.048
0.2645689
0.02852006
-0.2735367
-4305.461
224.7036
-2340.542
1.0
FldObj_TorchStandBone_A_01.002
0
2.979999
0
-4020.4
340.9478
-2021.193
1.0
Obj_TreeConiferousLow_A_Snow_01.025
0
1.063828
0
-4508.348
221.8795
-2480.128
1.0
Area
0
2.559999
0
-4052.652
193.0986
-2626.008
50
Obj_LiftRockWhite_Korok_A_01.109
0
2.668324
0
-4324.644
160.6451
-2062.239
1.0
Obj_TreeConiferous_A_Snow_01.071
0
3.642962
0
-4516.05
334.0519
-2720.802
1.0
Obj_Mineral_B_01.001
-0.2001828
-0.2769488
0.1863905
-4138.103
224.9067
-2060.271
1.0
Obj_RockSetSnow_A_02.049
0
-0.3800001
0
-4447.57
344.4856
-2742.235
1.0
Obj_TreeConiferous_A_Snow_01.072
0
0
0
-4005.532
175.1466
-2853.834
1.0
Obj_TreeWhiteBirch_A_02.028
0
3.006002
0
-4031.634
129.0014
-2728.413
1.0
Obj_Mineral_B_01.002
-0.2654724
0.2125985
-0.3698153
-4053.73
151.7099
-2665.234
1.0
Obj_LiftRockWhite_Korok_A_01.110
0
1.32
0
-4329.752
160.6451
-2055.952
1.0
Obj_RockSetSnow_A_05.052
0
0.42
0
-4075.69
167.3383
-2654.884
1.0
Obj_LiftRockWhite_Korok_A_01.111
-0.1659573
1.917192
-0.1659573
-4164.554
214.0355
-2633.982
1.0
Obj_RockSetSnow_A_05.053
-0.9892936
-0.3287408
0.1882731
-4127.152
305.6182
-1923.924
1.0
Obj_RockSetSnow_A_05.054
0
0
0
-4091.291
128.2265
-2537.374
1.0
Area
0
0
0
-4531
333.6971
-2678.5
75
Item_Plant_O
2.985473
1.250244
1.314453
-4322.535
321.7852
-3037.551
1.0
Obj_TreeConiferousLow_A_Snow_01.026
0
0
0
-4086.668
173.1891
-2663.387
1.0
Obj_RockSetSnow_A_03.025
0
0
0
-4072.939
132.066
-2769.092
1.0
Obj_LiftRockWhite_Korok_A_01.112
2.959219
1.816514
2.959219
-4167.895
215.2128
-2628.252
1.0
Obj_TreeConiferousDead_A_Snow_01.008
0
0
0
-4007.417
185.0545
-2649.863
1.0
Obj_LiftRockWhite_Korok_A_01.113
1.404482
1.957849
1.404482
-4154.729
220.4723
-2597.302
1.0
Obj_MineralBury_A_01.013
1.883011
-0.02267615
-2.095108
-4010.718
336.1962
-2046.982
1.0
Obj_LiftRockWhite_Korok_A_01.114
-3.110117
0.2093152
-3.110117
-4331.559
160.9867
-2043.365
1.0
Obj_LiftRockWhite_Korok_A_01.115
2.436032
3.536835
2.436032
-4169.947
219.038
-2610.465
1.0
Obj_TreeConiferous_A_Snow_01.073
0
5.609169
0
-4402.504
358.7165
-2737.249
1.0
Item_Plant_E
3.141479
-1.347778
3.141479
-4179.793
242.449
-2539.738
1.0
Obj_MineralBury_A_01.014
-2.425862
0.1806001
-1.644615
-3845.892
92.91871
-2594.488
1.0
Obj_TreeConiferous_A_Snow_01.074
0
1.319536
0
-4586.968
332.5318
-2714.658
1.0
Obj_RockSetSnow_A_02.050
0.6143895
1.290778
0.5958043
-4002.841
179.2479
-2624.705
1.0
Obj_RockSetYellow_A_L_04.002
0
0
0
-4303.662
238.3123
-2014.073
1.0
Obj_TreeConiferous_A_Snow_01.075
0
3.159195
0
-4500.002
337.2272
-2619.543
1.0
Obj_TreeConiferous_A_Snow_02.028
0
2.93087
0
-4519.613
333.7182
-2697.265
1.0
Obj_TreeWhiteBirch_A_02.029
0
5.680852
0
-4042.627
130.8082
-2734.768
1.0
Obj_LiftRockWhite_Korok_A_01.116
2.9537
1.146475
2.9537
-4332.653
161.0859
-2041.557
1.0
Obj_LiftRockWhite_Korok_A_01.117
-3.131684
0.2889224
-3.131684
-4345.516
160.7482
-2044.541
1.0
Item_Mushroom_B
0
-1.019165
0
-4144.418
160.7442
-2953.766
1.0
FidObj_TorchStand_A_01
0
0
0
-4070.652
89.27285
-2532.167
1.0
Item_Mushroom_B
0
0.9678954
0
-4499.277
337.4358
-2619.832
1.0
Item_Plant_E
3.141479
-0.2513427
3.141479
-4062.137
123.2458
-2803.512
1.0
Area
0
0
0
-4107.255
140.1465
-2736.552
50
Obj_RockSetSnow_A_04.024
0
2
0
-4293.01
243.6311
-2007.431
1.0
Obj_LiftRockWhite_Korok_A_01.118
-1.20145
1.299074
-1.59546
-4148.063
214.9438
-2621.869
1.0
Obj_TreeWhiteBirch_A_02.030
0
0.5223306
0
-4103.858
137.4711
-2682.011
1.0
Obj_RockSetSnow_A_02.051
0.2258213
1.110242
0.1949503
-4144.568
318.899
-1988.551
1.0
Obj_RockSetSnow_A_03.026
0
-2.22
0
-4092.165
130.6017
-2777.537
1.0
EnvSeEmitPointBirdTemperate
0
0.2213135
0
-4113.898
141.5703
-2694.586
1.0
Obj_LiftRockWhite_Korok_A_01.119
2.260176
3.244394
2.260176
-4167.751
219.7667
-2604.978
1.0
Obj_TreeConiferous_A_Snow_02.029
0
0
0
-4462.412
220.8288
-2328.202
1.0
Obj_LiftRockWhite_Korok_A_01.120
0
1.726369
0
-4344.645
160.6339
-2050.56
1.0
Item_Plant_E
0
-0.7617188
0
-4112.48
136.4386
-2684.434
1.0
Obj_TreeConiferous_A_Snow_01.076
0
1.7
0
-4507.661
334.7013
-2632.396
1.0
TravelersGuardianDeity_A_01
0
2.879793
0
-4123.622
304.1277
-1930.011
1.0
Obj_RockSetSnow_A_02.052
-0.24
0
0
-4070.801
126.7674
-2544.611
1.0
Obj_TreeConiferous_A_Snow_01.077
0
5.881756
0
-4163.779
168.1573
-2955.165
1.0
Obj_LiftRockWhite_Korok_A_01.121
0
4.807061
0
-4324.323
160.7835
-2055.886
1.0
Obj_RockSetSnow_A_02.053
0
0
0
-4126.218
130.4138
-2728.677
1.0
Obj_Plant_CypressLow_B_01.013
-1.334631
1.327201
-1.149425
-4078.824
205.1463
-2140.766
1.004883
AirWallCreature
0
0.9000004
0
-4069.885
97.95544
-2489.782
0.6
Obj_RockSetSnow_A_05.055
0
0
0
-4287.947
332.9317
-2822.037
1.0
FldObj_PierSnow_A_02.008
0
-2.36
0
-4073.46
88.99069
-2421.704
1.0
Obj_RockSetSnow_A_03.027
0
0
0
-4486.643
340.8354
-2728.049
1.0
Item_Plant_O
-2.228859
0.141892
3.058946
-4212.239
225.1176
-2068.52
1.0
Obj_TreeConiferousLow_A_Snow_01.027
0
0
0
-3991.664
182.1911
-2863.276
1.0
Obj_TreeConiferous_A_Snow_01.078
0
0
0
-4518.252
333.9059
-2653.868
1.0
GrassCutTag
0
0
0
-4528.5
333.6568
-2693.5
1.0
Obj_RockSetSnow_A_03.028
0
-2.419999
0
-4477.552
217.2331
-2417.072
1.0
Obj_Plant_CypressLow_B_01.014
0.09231835
-0.07025589
0.1125499
-4419.484
344.9757
-2673.48
0.939941
Obj_LiftRockWhite_Korok_A_01.122
-0.0735746
3.582718
-0.0735746
-4161.17
217.1344
-2617.597
1.0
Obj_TreeConiferous_A_Snow_01.079
0
1.167814
0
-4040.188
352.4457
-1951.762
1.0
Obj_LiftRockWhite_Korok_A_01.123
-0.2245852
5.107337
-0.2245852
-4137.305
214.5498
-2625.075
1.0
Barrel
-0.06327564
0.5337148
0.06393383
-4160.961
243.4738
-2508.905
1.0
Obj_RockSetSnow_A_02.054
0
-1.18
0
-4275.093
261.9533
-1933.727
1.0
Item_Mushroom_B
3.141479
0.2789307
3.141479
-4462.824
219.4789
-2406.859
1.0
FldObj_SnowEnemyLookout_B_01
0
-1.147061
0
-4059.794
192.9253
-2622.786
1.0
TBox_Field_Iron
0
0
0.2799999
-4428.196
213.4138
-2223.86
1.0