UnitConfigName/__text
Rotate/value/0
Rotate/value/1
Rotate/value/2
Translate/value/0
Translate/value/1
Translate/value/2
_Scale
Obj_RockSetYellow_A_01
0
0
0
-4136.628
199.4332
-528.4288
1.0
FldObj_PushRockIron_A_M_01
-3.128375
0.9007527
-3.105631
-4076.771
207.3571
-567.3304
1.0
Obj_LiftRockWhite_Korok_A_01
0
2.763186
0
-4030.639
144.0324
-236.2573
1.0
Obj_RockSetYellow_A_L_05
0
2.74
0
-4051.392
204.7737
-563.0768
1.0
Obj_LiftRockWhite_Korok_A_01.001
0
1.983186
0
-4027.526
144.6244
-228.1261
1.0
Obj_MineralGrain_A_04
-0.06846932
-1.396468
1.716043
-4037.708
221.0328
-306.4328
1.0
Obj_RockSetYellow_A_L_04
0.388649
-0.1256054
-0.5021613
-3968.292
192.8044
-288.1537
1.0
Obj_Plant_CypressLow_A_01
0.6996423
1.216419
0.7780114
-3933.336
178.8826
-262.6953
0.875488
BarrelBomb2
3.059283
-0.1227978
-3.112448
-4112.108
201.6807
-570.9843
1.0
SpotBgmTag
0
-1.4
0
-4127.468
179.4131
-413.155
20
Obj_Mineral_C_01
0
-1.44
0
-4115
202.7969
-442.5
1.0
Obj_Plant_CypressLow_A_01.001
0.3279045
-1.325326
-0.4918515
-4041.871
205.3748
-790.4531
1.059082
Obj_RockSetYellow_A_L_05.001
0
0
0
-4016.847
212.6878
-856.0918
1.0
Item_Mushroom_D
-2.563232
-0.9659423
-2.726806
-4006.418
227.9766
-680.8633
1.0
Obj_Plant_CypressLow_A_02
0.1111876
-0.6037884
-0.05803417
-4020.57
238.8926
-324.9336
1.002441
Obj_Plant_CypressLow_A_01.002
0
1.170654
0
-4152.395
1.000992
-708.7656
0.899902
Obj_RockSetYellow_A_03
0
0
0
-4052.614
206.5537
-593.8922
1.0
BarrelBomb2
0.06931029
-0.9000577
0.009113287
-4114.169
201.6407
-571.7706
1.0
TravelersGuardianDeity_A_01
0
1.396263
0
-4057.97
208.3578
-775.8394
1.0
Item_Plant_O
-1.808472
-0.1553955
2.831665
-4169.699
200.8086
33.33203
1.0
Obj_LiftRockWhite_Korok_A_01.002
0
-2.48
0
-4025.895
144.9859
-228.2516
1.0
Obj_RockSetYellow_A_03.001
0
-1.82
0
-4087.448
204.8731
-571.0903
1.0
Obj_Plant_CypressLow_A_01.003
0
-0.4906006
0
-4129.395
1.368145
-996.9219
1.041992
Obj_RockSetYellow_A_L_03
1.62762
-1.025674
-1.734672
-4098.805
162.8853
-218.8777
1.0
DgnObj_DungeonEntrance_DecalSand
0
-1.399998
0
-4120.414
183.2881
-414.3699
1.0
FldObj_PushRockIron_A_M_01.001
-0.07335114
0.6731426
-0.02178353
-4072.56
207.4665
-562.8987
1.0
Obj_MineralBury_A_01
2.98914
-0.7478839
-2.462233
-4047.681
209.0023
-622.0525
1.0
Obj_Plant_CypressLow_A_01.004
0.2644232
-1.140782
-0.3020148
-4063.219
207.3835
-708.2305
0.870605
Obj_Plant_CypressLow_A_02.001
0
0.1241455
0
-4137.309
1.000992
-748.3906
0.867676
Obj_RockSetYellow_A_01.001
0
0
0
-4092.879
203.8728
-581.8976
1.0
Item_Mushroom_D
-2.016968
-0.6611328
3.136596
-4340.594
249.3633
92.40234
1.0
BarrelBomb2
3.080233
-0.6194717
-3.026957
-4110.15
201.7465
-568.6765
1.0
Item_Mushroom_D
-1.79602
0.121582
-2.836914
-4207.914
224.1484
50.89063
1.0
Obj_Plant_CypressLow_A_01.005
0
-0.6063232
0
-4130.102
1.000992
-763.1445
0.971191
Item_Fruit_A
0
1.396263
0
-4056.681
208.3588
-775.6318
1.0
Obj_Plant_CypressLow_A_02.002
0
-0.05566407
0
-4137.578
1.000992
-757.5469
0.860352
Obj_RockSetYellow_A_L_05.002
-0.1804805
0.05782603
0.08407523
-4111.557
200.8349
-509.4557
1.0
Obj_Mineral_C_01.001
-0.967613
0.7020348
-0.753154
-4116.845
202.7924
-442.7102
1.0
Obj_RockSetYellow_A_01.002
0
0
0.24
-4104.528
201.2935
-571.2233
1.0
Obj_Plant_CypressLow_A_02.003
0
0.630127
0
-4142.766
1.000992
-707.7656
1.05957
Obj_MineralGrain_A_02
0.04677409
1.264598
1.090217
-4040.299
211.2654
-627.1563
1.0
Obj_MineralGrain_A_02.001
1.166037
1.028241
1.274198
-4042.584
220.7114
-309.0438
1.0
Obj_RockSetYellow_A_L_05.003
-2.200968
-0.9080006
2.774774
-4026.365
219.4722
-624.355
1.0
Obj_MineralGrain_A_02.002
-0.363684
-0.8930031
0.2370302
-4020.078
196.1459
-279.1148
1.0
Obj_Plant_CypressLow_A_01.006
0
1.567991
0
-4136.672
1.000992
-703.5195
0.991699
Obj_MineralGrain_A_02.003
2.642555
-0.20574
-3.090756
-4038.853
216.4184
-301.9245
1.0
Obj_Plant_CypressLow_A_01.007
0
1.055176
0
-4052.676
207.3266
-709.1914
0.905762
Obj_MineralBury_A_01.001
1.238879
-0.8651673
-1.145622
-4041.398
209.9768
-629.5011
1.0
Obj_LiftRockWhite_Korok_A_01.003
0
-0.2799962
0
-4022.688
145.1454
-232.4873
1.0
Obj_RockSetYellow_A_L_05.004
0.3439947
-0.3980529
-0.01374144
-4143.817
178.6686
-272.3872
1.0
PointWindSetTag
0
0
0
-4126.408
190.6846
-413.6325
1.0
Obj_RockSetYellow_A_L_04.001
2.197662
1.25918
2.614521
-4083.182
200.1595
-641.5326
1.0
Obj_Plant_CypressLow_A_02.004
-1.379354
-1.283857
1.525724
-3953.215
249.1586
-651.7109
1.02832
Obj_LiftRockWhite_Korok_A_01.004
0
-1.419999
0
-4027.168
144.6277
-237.526
1.0
Obj_Mineral_C_01.002
0.42
-1.08
0
-4110.31
202.1116
-436.6555
1.0
FldObj_EnemyLookout_B_01
0
1.559999
0
-4115.538
201.1845
-586.6743
1.0
Obj_Plant_CypressLow_A_02.005
0
0.04711914
0
-4135.902
1.000992
-753.2656
0.914551
Obj_RockSetYellow_A_L_03.001
2.789862
-0.565557
-3.095374
-4144.154
149.9722
-172.2625
1.0
Obj_LiftRockWhite_Korok_A_01.005
0
-0.7399976
0
-4024.255
145.2019
-228.7667
1.0
Obj_LiftRockWhite_Korok_A_01.006
0
2.843185
0
-4030.716
144.3363
-230.491
1.0
Area
0
0
0
-4116.931
200.9731
-566.3442
100
BarrelBomb2
0.02664377
-0.7821875
0.06061887
-4110.01
201.807
-570.9688
1.0
Obj_LiftRockWhite_Korok_A_01.007
0
-0.3200001
0
-4031.607
143.9692
-234.4718
1.0
Obj_Plant_HopBush_A_01
-0.3524334
-0.01325683
0.1433515
-3946.84
252.5654
-643.4609
0.929199
Obj_RockSetYellow_A_L_05.005
0
0
0
-4044.725
206.9797
-642.2296
1.0
Obj_MineralGrain_A_04.001
2.764376
-0.4263077
-2.956057
-4038.979
220.8765
-309.0599
1.0
Obj_RockSetYellow_A_L_03.002
-0.06501617
1.0187
-0.07632068
-4065.448
207.4532
-780.3053
1.0
Obj_Plant_HopBush_A_01.001
-0.3861893
-0.7048132
0.3136088
-3953.715
250.8834
-646.1406
0.865234
Obj_MineralGrain_A_04.002
0.4047427
-0.1965441
1.117142
-4038.029
221.9366
-308.7009
1.0
Obj_MineralGrain_A_04.003
-2.837385
-0.7019207
2.80019
-4016.15
195.9279
-278.5293
1.0
Obj_MineralBury_A_01.002
0.5453398
-0.8005053
-0.9858643
-4040.092
217.6303
-303.3158
1.0
Item_Mushroom_D
0.9189453
-0.7520751
0.1469727
-3873.742
185.3008
-285.5742
1.0
Obj_RockSetYellow_A_L_05.006
0
-0.1431862
0.26
-4072.104
206.6761
-740.2075
1.0
Obj_MineralGrain_A_04.004
2.568422
0.5278572
2.76721
-4038.582
218.8384
-305.1207
1.0
Obj_RockSetYellow_A_L_04.002
1.334784
1.464519
1.471064
-4170.889
161.0615
-221.8676
1.0
Obj_RockSetYellow_A_L_05.007
-2.961953
-0.3139754
-2.872724
-4008.225
205.1251
-765.6692
1.0
Obj_MineralGrain_A_02.004
0.305911
-0.04028211
-0.1185951
-4120.524
203.9058
-444.0107
1.0
Obj_RockYellow_A_L_02
0
0
2.543185
-4071.209
206.5286
-571.0245
1.0
FldObj_PushRockIron_A_M_01.002
0.02744703
0.4617586
0.09422979
-4073.047
207.5119
-566.4631
1.0
Obj_RockSetYellow_A_L_05.008
0
2.679999
0
-4043.398
205.4984
-809.4951
1.0
Obj_RockSetYellow_A_L_05.009
-0.2799999
-0.8999999
0
-4175.161
167.7727
-181.9542
1.0
Obj_RockSetYellow_A_L_05.010
0
0
0.14
-4090.024
206.4352
-477.2312
1.0
FldObj_EnemyLookout_B_01.001
0
-1.42
0
-4136.862
199.1061
-566.5679
1.0
Obj_Mineral_B_01
-3.001592
1.321593
-3.141592
-4020.731
196.0769
-279.0562
1.0
Obj_Plant_CypressLow_A_01.008
0.4680663
-1.216108
-0.5741866
-4153.668
143.783
-127.5977
1.035156
Obj_MineralBury_A_01.003
0.3714095
-0.429741
-0.5735687
-4025.168
201.1265
-283.7741
1.0
Obj_Plant_CypressLow_A_02.006
-0.7903183
1.091742
-0.455104
-3941.738
256.1424
-634.4688
0.852051
Area
0
0
0
-4116.931
200.9731
-566.3442
25
AnchorAction1
0
-0.8152233
0
-4117.777
200.7451
-564.3335
1.0
Obj_LiftRockWhite_Korok_A_01.008
0
1.200002
0
-4029.339
144.4505
-229.1367
1.0
Item_Mushroom_D
-2.055542
-1.076782
-2.788452
-4073.289
235.8945
-355.9766
1.0
Obj_LiftRockWhite_Korok_A_01.009
0
-2.859995
0
-4023.123
145.1863
-234.5233
1.0
Obj_RockSetYellow_A_03.002
2.928916
0.5671446
3.059398
-4105.859
200.7395
-575.5842
1.0
Obj_RockSetYellow_A_01.003
0
0
0
-4045.984
206.2429
-788.6071
1.0
Obj_LiftRockWhite_Korok_A_01.010
0
0.54
0
-4031.459
144.0987
-232.3962
1.0
Obj_Mineral_A_01
-0.2021922
0.7340123
-0.07967345
-4041.288
209.7316
-626.9246
1.0
Obj_MineralGrain_A_04.005
2.414103
0.5852153
2.622644
-4040.262
217.2149
-303.4674
1.0
Obj_Plant_CypressLow_A_02.007
-0.05795402
0.2962093
0.2083687
-4088.895
205.3671
-562.8555
1.096191
BarrelBomb2
3.103495
-0.6800771
-3.11045
-4111.08
201.7922
-572.6855
1.0
Obj_Plant_HopBush_A_01.002
-0.3889005
0.4812114
-0.1855902
-3952.969
251.7254
-643.7266
0.968262
Obj_Plant_CypressLow_A_01.009
0
0.5374755
0
-4125.969
1.496709
-991.1953
1.012695
Obj_Plant_CypressLow_A_02.008
-0.6811135
-1.075053
0.7951226
-3946.348
254.2941
-638.3242
0.921875
Obj_MineralGrain_A_02.005
-1.180393
0.4061115
0.5964212
-4040.267
211.5036
-626.5334
1.0
Obj_RockSetYellow_A_01.004
-0.46
-0.12
0.24
-4104.526
200.9214
-563.7067
1.0
Obj_Plant_CypressLow_A_02.009
-0.5223182
-1.172863
0.6340331
-4129.598
202.5118
-387.6406
1.016113
Obj_RockSetYellow_A_L_04.003
0
1.16
0
-4079.366
206.0537
-587.3832
1.0
Obj_Plant_CypressLow_A_01.010
0.4426844
1.208884
0.777076
-4039.953
211.1577
-648.0938
1.043945
Obj_Mineral_A_01.001
-0.04218383
-0.3978888
0.1085059
-4029.729
212.4062
-638.6305
1.0
Obj_Plant_CypressLow_A_02.010
0.130424
-0.439665
-0.1719869
-4151.004
143.8167
-130.8555
0.897949
Obj_LiftRockWhite_Korok_A_01.011
0
1.983185
0
-4023.113
145.1983
-230.3113
1.0
TravelersGuardianDeity_A_01
0
1.396263
0
-4059.548
208.8844
-767.3661
1.0
Item_Plant_O
0.3901367
-1.036621
0.533081
-4051.742
231.043
-576.3906
1.0
Obj_RockSetYellow_A_L_05.011
-0.18
-0.36
0
-4108.889
202.0945
-395.4905
1.0
Obj_Plant_CypressLow_A_01.011
0
-0.008422854
0
-4139.16
1.000992
-743.8438
1.094727
Obj_RockSetYellow_A_L_05.012
0
0.8
0.26
-4189.447
199.5933
-427.212
1.0
Obj_LiftRockWhite_Korok_A_01.012
0
-1.200002
0
-4024.284
145.2374
-236.0129
1.0
Obj_RockSetYellow_A_L_03.003
-0.1518221
0.3958675
0.1410703
-4109.325
200.7906
-607.5907
1.0
Obj_Plant_CypressLow_A_01.012
0
-0.07470702
0
-4055.594
207.2815
-707.2305
1.085938
Obj_MineralBury_A_01.004
0.04572418
-0.5181694
-0.0921208
-4016.795
196.5075
-278.5908
1.0
Item_Fruit_A
0
1.396263
0
-4058.25
208.8834
-767.0392
1.0
Obj_MineralBury_A_01.005
2.503893
-0.5242441
-2.164918
-4038.721
219.7586
-305.1985
1.0
Obj_RockSetYellow_A_L_03.004
0
0
0
-4135.754
199.3699
-552.7563
1.0
Obj_Plant_CypressLow_A_02.011
0
0.4432373
0
-4120.039
1.642474
-988.6797
0.967773
BarrelBomb2
-0.005625165
-0.005694676
0.04716561
-4108.954
201.8614
-570.0461
1.0
FldObj_EnemyLookout_B_01.002
0
0.02000006
0
-4078.583
206.1377
-556.5684
1.0
TravelersGuardianDeity_A_01
0
1.396263
0
-4057.028
208.2736
-779.9832
1.0
Item_Mushroom_D
0.8946533
-0.4901123
0.3831787
-4064.75
178.3047
-249.9219
1.0
Obj_Plant_CypressLow_A_02.012
0
-1.366089
0
-4081.32
206.0539
-573.5156
0.855469
Obj_RockSetYellow_A_L_05.013
0
0.4399999
0
-4144.349
186.7567
-332.1378
1.0
BarrelBomb2
0.02003353
-0.4030923
0.06976068
-4110.428
201.7577
-569.9617
1.0
Area
0
0
0
-4116.931
200.9731
-566.3442
50
Obj_RockSetYellow_A_L_05.014
-0.09377442
-0.4735076
0.05541656
-4111.4
144.5393
-169.6619
1.0
Obj_Plant_CypressLow_A_02.013
-0.1519382
0.04068693
0.3076889
-4027.266
207.227
-738.2344
1.031738
Obj_Plant_CypressLow_A_01.013
-0.149453
-0.07054862
0.04914145
-4126.113
201.9367
-391.6758
1.046387
Obj_RockSetYellow_A_01.005
0.1861946
-0.5054563
-0.1849983
-4102.78
202.1559
-566.9145
1.0
Obj_RockSetYellow_A_L_03.005
0
-1.22
0
-4172.542
199.753
-380.2906
1.0
Obj_Plant_CypressLow_A_02.014
0
-0.4277344
0
-4130.438
1.47948
-989.9805
1.073242
Obj_RockSetYellow_A_03.003
0
0
0
-4134.352
200.3763
-419.8918
1.0
Obj_RockSetYellow_A_01.006
-3.018079
-0.1540043
2.958552
-4140.289
182.8825
-409.5629
1.0
Obj_MineralGrain_A_04.006
0.05312718
0.01766104
-0.6417484
-4024.995
200.6312
-285.3234
1.0
Obj_Mineral_A_01.002
0.24
0
0
-4038.82
220.8905
-308.9505
1.0
Obj_RockSetYellow_A_L_05.015
0
1.560079
0.1799193
-4130.85
198.9226
-439.2092
1.0
TravelersGuardianDeity_A_01
0
1.396263
0
-4058.728
208.5727
-771.5519
1.0
Obj_LiftRockWhite_Korok_A_01.013
0
-2.26
0
-4025.564
145.0056
-236.8074
1.0