UnitConfigName/__text
Rotate/value/0
Rotate/value/1
Rotate/value/2
Translate/value/0
Translate/value/1
Translate/value/2
_Scale
FldObj_GerudoHighlandRock_C_04_Far
0
0
0
-4076.916
529.2396
284.0671
1.0
LinkTagAnd
0
0
0
-4365.281
682.1934
783.4883
1.0
FldObj_GerudoHighlandCliff_A_06_Far
0
-1.82
0
-4299.876
644.0742
722.7287
1.0
FldObj_GerudoHighlandRock_C_03
-0.01412236
-1.440056
-0.06067275
-4177.324
796.2711
714.4799
1.0
Obj_Plant_Korok_A_01
0
-1.570796
1.4
-4359.142
700.6954
783.4883
1.0
Enemy_Chuchu_Ice_Junior
0
0.6607904
0
-4566.978
618.6148
724.2751
1.0
Enemy_Chuchu_Ice_Junior
0
0
0
-4490.799
613.7895
709.5966
1.0
BrokenSnowBall
0.297691
0.3129841
0.8541825
-4165.242
777.0298
908.9602
1.0
LinkTagAnd
0
0
0
-4490.799
613.9393
711.0966
1.0
ConstraintDummy
1.752577
-1.058358
-2.682216
-4349.34
639.2349
923.1166
1.0
FldObj_GerudoHighlandRock_A_03
0
0
0
-4443.027
607.3396
703.3392
1.0
Obj_LiftRockWhite_A_01
0
0
0
-3968.577
552.5704
331.9164
1.0
Item_Fruit_B
7.37909E-08
-0.701041
-3.141593
-4390.136
627.3448
747.0451
1.0
FldObj_GerudoHighlandRock_B_01_Far
0
-0.3800003
0
-4231.013
323.595
196.1822
1.0
LinkTagNone
0
0
0
-4428.859
679.648
710.5258
1.0
LinkTagOr
0
-1.799999
0
-4409.216
621.4225
331.8287
1.0
FldObj_GerudoHighlandRock_C_03.001
0
-0.42
0
-4031.703
566.6526
491.2431
1.0
FldObj_GerudoHighlandCliff_A_10_Far
0
2.32
0
-4363.221
331.1163
268.6737
1.0
LinkTagAnd
0
0
0
-4208.25
473.3685
266.5177
1.0
FldObj_GerudoHighlandRock_A_02_Far
0
-0.28
0
-4252.017
601.0282
1059.828
1.0
Obj_Plant_Korok_A_01.001
0
-1.421594
0
-4381.952
631.816
782.543
1.0
LinkTagOr
-1.570796
-0.08000177
0
-4341.758
719.6625
714.5422
1.0
FldObj_GerudoHighlandCliffEnd_A_01
-0.2867727
1.054724
-0.2160067
-4689.708
596.8397
541.2005
1.102559
LinkTagAnd
0
0
0
-4412.276
619.3054
331.7383
1.0
Item_Fruit_B
6.784924E-08
0.6599999
3.141593
-4662.427
629.2017
993.8713
1.0
LinkTagOr
0
-0.2026367
0
-4448.784
615.5912
546.5315
1.0
FldObj_GerudoHighlandRock_A_04
0
-1.6
0
-4417.666
622.1966
728.7994
1.0
LinkTagOr
0
-0.4200003
0
-4275.687
774.1381
606.6776
1.0
FldObj_GerudoHighlandRock_A_04_Far
0
0
0
-4422.917
615.6199
735.444
1.0
Item_Fruit_B
7.37909E-08
-0.701041
3.141593
-4389.419
627.5248
747.6962
1.0
FldObj_KorokGoal_A_01
0
-0.4200003
0
-4325.409
766.4449
698.2925
1.0
FldObj_GerudoHighlandRock_C_01_Far
0.1774959
-0.799215
0.3158595
-4279.113
682.2175
915.3162
1.0
Item_CookSet
0
-1.576806
0
-4398.612
625.016
713.7382
1.0
LinkTagOr
-1.570796
1.110797
-0.1707964
-4374.972
649.9122
782.1565
1.0
FldObj_GerudoHighlandCliffEnd_A_01_Far
-0.04378483
1.128465
0.1511768
-4860.638
584.2816
933.1988
1.238767
Area
0
0
0
-4492.799
613.9393
709.5966
12
FldObj_GerudoHighlandRock_C_04_Far.001
0
0.18
0
-4153.257
797.7579
734.7521
1.0
LinkTagNone
0
0
0
-4385.078
635.681
721.5547
1.0
FldObj_GerudoHighlandRock_C_02_Far
1.505443
-1.456657
-1.797517
-4631.428
626.5596
909.6334
1.2
FldObj_GerudoHighlandRock_C_02
-2.919125
-0.1901445
2.975929
-4071.106
567.2184
486.549
1.0
LinkTagNAnd
0
1.719999
0
-4378.688
634.816
784.0748
1.0
FldObj_GerudoHighlandCliff_A_02
0
-1.54
0
-4091.042
647.2842
1006.734
1.0
LinkTagOr
0
1.570796
1.4
-4364.928
692.2
783.4884
1.0
LinkTagAnd
0
0
0
-4373.383
649.6381
782.9556
1.0
FldObj_GerudoHighlandRock_C_02.001
-2.731715
0.3301731
3.131271
-4153.447
779.0551
665.0255
1.0
Item_Fruit_B
6.784924E-08
0.6599999
-3.141593
-4661.939
629.0217
993.0344
1.0
FldObj_GerudoHighlandRock_A_02_Far.001
0
-1.34
0
-4697.806
692.9521
823.0233
1.0
FldObj_GerudoHighlandCliff_A_03_Far
0
-0.12
0
-4256.802
606.405
799.0712
1.0
FldObj_GerudoHighlandRock_C_02.002
0.01030758
1.128718
0.2911444
-4369.798
625.1178
920.2072
2
FldObj_GerudoHighlandRock_C_01
0
2.903185
0
-4524.642
609.4105
785.1134
1.0
FldObj_GerudoHighlandRock_C_01_Far.001
0.2257673
-1.075574
-0.2147509
-4121.017
792.2231
819.1007
1.0
FldObj_GerudoHighlandRock_C_01_Far.002
-3.038646
-0.4304976
2.985373
-4485.313
613.9238
852.1514
1.0
KorokAnswerResponce
0
-1.799999
0
-4411.822
617.3054
329.7906
1.0
LinkTagNAnd
0
1.570796
1.4
-4361.588
704.1617
785.4883
1.0
FldObj_GerudoHighlandRock_C_03_Far
-0.2948862
-0.01963053
-0.1319857
-4034.042
789.7391
829.264
1.0
FldObj_GerudoHighlandCliffEnd_A_04
0
-2.240003
0
-4604.192
526.2975
299.1689
1.443463
LinkTagNone
0
0
0
-4810.132
766.6724
869.7477
1.0
ActorObserverTag
0
-1.799999
0
-4412.276
617.3054
331.7383
2
FldObj_GerudoHighlandRock_C_02.003
0.1441545
-0.1554324
0.06992067
-4201.709
791.4642
828.9403
1.0
FldObj_GerudoHighlandCliff_A_08
3.053314
-1.100018
-3.062876
-4400.62
605.8036
711.3727
1.0
FldObj_GerudoHighlandRock_C_02_Far.001
-0.9556522
-0.2073613
0.006101221
-4134.378
799.4037
827.3839
1.0
Obj_TreeSnowberry_A
0
-0.6599999
0
-4662.225
628.2017
993.4966
1.0
FldObj_GerudoHighlandRock_C_01.001
-1.820029
-1.385187
1.81592
-4107.765
773.2699
790.9275
1.0
Area
0
2.600003
0
-4355.217
716.4554
713.0338
0.1
LinkTagAnd
0
1.570796
1.4
-4366.545
685.4557
783.4883
1.0
SwitchTimeLag
1.570796
0.5415899
3.141593
-4355.114
719.6055
713.4456
0.5
FldObj_KorokStartingBlock_A_01
0.04922992
-0.479965
-0.001625081
-4276.293
772.1254
610.6401
1.0
FldObj_GerudoHighlandRock_C_02.004
-0.8781381
-0.4893001
-0.04532611
-4188.134
798.5809
809.8821
1.0
FldObj_GerudoHighlandRock_A_04.001
0
-1.236816
0
-4379.119
623.1063
782.0339
1.0
FldObj_GerudoHighlandRock_A_06_Far
0
0
0.36
-4396.501
682.8554
714.7094
1.0
FldObj_GerudoHighlandRock_C_03_Far.001
0.3034687
-0.002002988
0.007477168
-4033.091
793.1564
835.8948
1.0
LinkTagAnd
0
0
0
-4348.149
749.4896
783.4884
1.0
LinkTagOr
0
-2.36
0
-4181.901
489.7545
289.3059
1.0
FldObj_GerudoHighlandCliff_A_02_Far
0
-2.7
0
-4211.316
631.1918
727.0248
1.0
LinkTagAnd
0
0
0
-4371.518
528.8749
516.9821
1.0
FldObj_GerudoHighlandRock_C_02.005
0
1.48
-0.07999999
-4493.145
610.1705
705.4049
1.0
BrokenSnowBall
0.243335
0.3653248
0.6408029
-4164.646
775.4841
917.3281
1.0
FldObj_GerudoHighlandCliffEnd_A_01_Far.001
2.966059
-0.9912165
-3.108047
-4835.308
496.8242
491.4862
1.6125
Item_Fruit_B
1.796158E-08
0.2026367
3.141593
-4450.715
616.5806
546.3161
1.0
LinkTagOr
0
-2.36
0
-4186.514
491.7545
293.8846
1.0
Area
-1.570796
1.130797
-0.1707964
-4370.969
663.9733
782.9772
2
LinkTagAnd
0
2.600003
0
-4355.114
718.6055
713.4456
1.0
KorokAnswerResponce
0
0
0
-4071.099
574.4153
444.4256
1.0
LinkTagOr
0
1.570796
1.4
-4356.346
726.925
783.4884
1.0
FldObj_GerudoHighlandCliffEnd_A_04_Far
0
-2.240003
0
-4604.192
526.2975
299.1689
1.443463
LinkTagOr
0
0.701041
0
-4388.055
626.5354
746.3121
1.0
FldObj_GerudoHighlandScaffold_B_01_Far
0
1.123186
0
-4370.686
608.7755
457.4404
1.0
FldObj_GerudoHighlandRock_C_03.002
0.3034687
-0.002002988
0.007477168
-4033.091
793.1564
835.8948
1.0
FldObj_GerudoHighlandRock_C_02_Far.002
-3.041593
0.1015929
3.141593
-4021.007
792.0779
749.191
1.0
LinkTagAnd
0
0
0
-4358.419
713.6235
783.4883
1.0
LinkTagAnd
0
0
0
-4492.799
613.9393
712.5966
1.0
ActorObserverTag
0
2.600003
0
-4354.771
717.6055
713.3602
1.0
Area
0
1.570796
1.4
-4348.149
749.4896
783.4884
2
FldObj_GerudoHighlandRock_C_01_Far.003
2.99295
-0.589331
-2.614812
-4233.932
690.2622
998.1837
1.0
FldObj_GerudoHighlandRock_C_01_Far.004
2.434556
1.434827
2.41866
-4485.856
609.7087
927.8582
1.0
FldObj_GerudoHighlandRock_C_04_Far.002
-3.005657
-0.2849453
-2.822111
-4292.673
791.8691
758.6689
1.0
FldObj_GerudoHighlandRock_C_01.002
-1.530315
-1.312479
1.50765
-4053.743
774.8939
805.5126
1.0
Area
0
-1.799999
0
-4412.276
611.5397
331.7383
2.5
DragonDropItemTarget
0
0
0
-4195.4
797.4748
729.1
1.0
FldObj_GerudoHighlandRock_C_03_Far.002
-0.01412236
-1.440056
-0.06067275
-4177.324
796.2711
714.4799
1.0
SwitchTimeLag
0
-0.58
0
-4486.681
618.9015
698.683
1.0
FldObj_GerudoHighlandRock_C_02.006
1.505443
-1.456657
-1.797517
-4631.428
626.5596
909.6334
1.2
LinkTagAnd
0
0
0
-4363.154
691.894
783.4884
1.0
LinkTagNAnd
0
1.570796
1.4
-4359.684
716.8858
785.4883
1.0
Area
0.3063788
0.3085607
0.8147621
-4267.057
634.6722
950.2974
1.0
DgnObj_EntranceElevator_A_01
0
1.44
0
-4658.484
619.4927
904.8394
1.0
FldObj_GerudoHighlandRock_C_01.003
-3.089602
0.2366988
3.129174
-4500.73
614.7372
842.891
1.0
SwitchTimeLag
0
1.570796
2.970796
-4349.583
751.7664
783.4884
0.5
FldObj_GerudoHighlandRock_C_02.007
0.7184293
-0.5998973
0.3142799
-4211.243
771.0195
743.5756
1.0
Obj_Plant_Korok_A_01.002
0
-1.570796
1.4
-4357.237
713.4196
783.4883
1.0
ConstraintDummy
1.935135
-0.7854832
-2.828966
-4624.302
624.9333
790.6366
1.0
FldObj_GerudoHighlandRock_A_03_Far
0
-1.14
0
-4256.954
620.0957
1057.842
1.0
FldObj_GerudoHighlandCliff_A_04_Far
0
-1.28
0
-4480.206
488.1256
325.7178
1.0
AscendingCurrent
0
0.2938888
0
-4431.574
613.0596
759.9521
1.0
FldObj_GerudoHighlandScaffold_B_01
0
-2.259999
0
-4292.483
621.8255
490.9738
1.0
Area
0
0
0
-4065.179
569.3638
436.4362
1.0
FldObj_GerudoHighlandRock_C_01.004
-0.3040668
-0.6600597
0.1656605
-4155.89
570.0292
469.879
1.0
LinkTagOr
0
-0.6599999
0
-4660.789
628.2123
994.9174
1.0
Enemy_Bokoblin_Senior
0
1.54
0
-4503.552
621.3062
842.3425
1.0
Enemy_Chuchu_Ice_Junior
0
0.6607904
0
-4578.79
619.8727
731.8149
1.0
FldObj_GerudoHighlandRock_B_01_Far.001
0
1.463185
0
-4339.811
305.8741
150.8161
1.0
SwitchTimeLag
3.141593
1.130797
-0.1707964
-4372.234
666.2211
782.2105
0.5
Npc_HiddenKorokFly
0
-2.359985
0
-4183.675
491.7545
291.0669
1.0
FldObj_GerudoHighlandRock_C_02.008
3.115115
0.6777993
-2.64064
-4333.132
645.037
883.3228
1.114306
LinkTagOr
0
2.301592
0
-4067.121
571.6418
437.4754
1.0
FldObj_GerudoHighlandRock_A_01
0
1.84
0
-4437.573
577.8086
340.6261
1.0
FldObj_GerudoHighlandCliffEnd_A_01.001
-0.04378483
1.128465
0.1511768
-4860.638
584.2816
933.1988
1.238767
BrokenSnowBall
0.4633358
0.2658897
0.7485225
-4163.068
779.0849
904.2084
1.0
FldObj_GerudoHighlandCliff_A_05_Far
0
-2.68
0
-4586.011
320.5318
183.6487
1.0
FldObj_GerudoHighlandRock_C_03_Far.003
-2.750336
-0.3930216
2.984898
-4022.74
532.262
324.9676
1.0
FldObj_GerudoHighlandRock_B_01_Far.002
3.045975
-0.2075268
3.015087
-4199.529
172.5304
43.33051
1.0
LinkTagOr
0
-0.08000177
0
-4349.554
718.6
712.9816
1.0
Enemy_Chuchu_Ice_Junior
0
0
0
-4494.799
614.1108
709.5966
1.0
Obj_TreeSnowberry_A.001
0
0.701041
0
-4389.744
626.5248
747.4203
1.0
FldObj_GerudoHighlandCliff_A_06
0
-2.819999
0
-4287.952
641.1367
704.8439
1.0
LinkTagOr
0
-2.213772
0
-4624.772
624.4854
789.9242
1.0
FldObj_GerudoHighlandRock_B_01_Far.003
0
-2.94
0
-4192.84
280.2921
112.9952
1.0
LinkTagOr
0
1.570796
1.4
-4367.055
682.4994
783.4883
1.0
ActorObserverTag
0
0
0
-4066.179
570.9638
436.4362
1.0
EnemyLookTag
0
-0.7999996
0
-4386.578
635.1227
723.0547
1.0
FldObj_GerudoHighlandRock_C_01_Far.005
-0.2659128
-0.4845173
0.1780717
-4367.103
607.0387
543.5685
1.0
ConstraintDummy
-0.7708725
-0.7542148
-0.3029898
-4660.069
628.6602
994.4599
1.0
FldObj_GerudoHighlandRock_C_01.005
-0.6392354
0.1371833
0.5958265
-4298.904
761.6167
734.0287
1.0
DragonDropItemTarget
0
0
0
-4459.7
614.1036
672.5
1.0
Enemy_Bokoblin_Senior
0
-2.701592
0
-4498.496
621.9428
846.0409
1.0
LinkTagNAnd
-1.570796
1.130797
-0.1707964
-4372.903
667.3513
784.02
1.0
FldObj_GerudoHighlandRock_C_02_Far.003
-3.061369
0.08452727
3.108251
-4103.966
529.9288
278.7421
1.0
FldObj_GerudoHighlandCliff_A_05_Far.001
0
1.303184
0
-4496.61
426.2428
286.5208
1.0
FldObj_GerudoHighlandCliff_A_02_Far.001
0
2.54
0
-4520.203
525.3691
458.5936
1.0
FldObj_GerudoHighlandRock_A_02
0
-0.28
0
-4252.017
601.0282
1059.828
1.0
Item_Fruit_B
-3.141475
-1.548951
-0.0001174019
-4534.042
617.2831
688.3823
1.0
FldObj_GerudoHighlandRock_C_01_Far.006
-1.023405
-0.873953
0.6192247
-4195.524
549.6883
385.2388
1.0
LinkTagAnd
0
1.570796
1.4
-4355.836
729.8814
783.4884
1.0
SwitchTimeLag
1.570796
-1.341594
3.141593
-4412.276
619.3054
331.7383
0.5
FldObj_GerudoHighlandRock_C_02.009
-2.423164
0.5998973
2.827312
-4228.41
770.3164
752.5264
1.0
Area
0.01748599
1.277761
0.8375052
-4344.09
766.5232
780.6003
2
Enemy_Chuchu_Ice_Junior
0
-0.58
0
-4489.205
619.3336
695.2362
1.0
ChangeWeatherTag
0
0.8507974
0
-4614.07
777.1099
541.0211
3
FldObj_GerudoHighlandRock_C_03.003
-2.842835
0.6094955
-3.014601
-4261.635
778.1893
724.0775
1.0
FldObj_GerudoHighlandCliff_A_07
-3.081593
-0.8615928
3.141593
-4298.84
471.047
513.2479
1.0
LinkTagNAnd
0
1.570796
1.4
-4349.413
752.7519
785.4884
1.0
LinkTagAnd
0
2.301592
0
-4066.453
571.6418
438.2197
1.0
FldObj_GerudoHighlandRock_A_01.001
0
1.723185
0
-4267.565
689.0222
606.3789
1.0
DestinationAnchor
0
-2.225192
0
-4651.481
619.4926
904.2476
1.0
FldObj_GerudoHighlandCliff_A_07_Far
-2.972735
0.5468837
-3.048571
-4390.161
517.088
573.0597
1.0
FldObj_PushRock_A_M_01
-0.1713568
1.316672
-0.1716363
-4431.184
661.9777
341.2639
0.8
FldObj_GerudoHighlandCliff_A_08_Far
0
-1.38
0
-4242.244
653.2894
1020.844
1.0
DragonDropItemTarget
0
0
0
-4535.5
616.6573
696
1.0
LinkTagOr
0
-2.46
0
-4176.192
532.8359
310.5847
1.0
LinkTagAnd
0
0
0
-4652.275
619.4927
903.6389
1.0
LocationTag
0
0
0
-4658.186
618.6176
902.5659
1.0
Area
0
1.570796
1.4
-4358.419
713.6235
783.4883
2
FldObj_KorokGoal_A_01.001
0
-2.36
0
-4183.675
489.7545
291.0669
1.0
FldObj_GerudoHighlandRock_C_01_Far.007
-1.530315
-1.312479
1.50765
-4053.743
774.8939
805.5126
1.0
LinkTagAnd
0
0
0
-4658.186
618.6176
902.5659
1.0
Obj_Plant_Korok_A_01.003
0
-1.570796
1.4
-4346.967
749.2856
783.4884
1.0
FldObj_GerudoHighlandRock_C_02.010
-0.1058037
-1.091371
-0.0739228
-4553.569
618.0575
959.3898
1.0
LinkTagOr
0
1.570796
0
-4810.132
766.6724
869.7477
3
SwitchTimeLag
0
1.570796
2.970796
-4359.854
715.9003
783.4883
0.5
FldObj_RockGerudoHighland_C_01
3.019855
-0.05242074
2.964187
-4938.485
198.373
81.82715
2.351449
FldObj_GerudoHighlandRock_C_01_Far.008
-3.089602
0.2366988
3.129174
-4500.73
614.7372
842.891
1.0
FldObj_GerudoHighlandRock_A_01_Far
0
1.84
0
-4437.573
577.8086
340.6261
1.0
FldObj_GerudoHighlandCliff_A_01
-0.2780786
1.026357
-0.1141517
-4663.464
549.3197
701.8812
1.0
FldObj_GerudoHighlandCliff_A_05
0
-2.680001
0
-4567.024
422.4771
229.5872
1.0
FldObj_GerudoHighlandRock_C_02.011
2.202359
-0.0339052
-3.051886
-4019.023
798.8138
773.4019
1.0
FldObj_GerudoHighlandRock_A_01.002
0
0
0
-3991.037
635.1233
583.7966
1.0
FldObj_KorokStone_A_01
0
2.600003
0
-4355.114
715.6055
713.4456
1.0
FldObj_GerudoHighlandCliffEnd_A_01_Far.002
-0.2867727
1.054724
-0.2160067
-4689.708
596.8397
541.2005
1.102559
LinkTagOr
3.141479
-1.221313
3.141479
-4349.996
638.7872
922.5706
1.0
FldObj_GerudoHighlandCliff_A_05.001
3.066256
-0.2788866
3.128349
-4292.489
252.0425
103.4516
1.0
FldObj_GerudoHighlandRock_C_02.012
2.379703
-0.07503028
-3.120455
-4162.496
797.5638
736.5652
1.0
FldObj_GerudoHighlandRock_C_01_Far.009
2.897076
1.150777
2.956131
-4262.529
788.5457
782.5497
1.0
Obj_TreeSnowberry_A.002
0
-2.213772
0
-4623.376
624.4748
788.4647
1.0
DragonDropItemTarget
0
0
0
-4447.6
617.7307
863.9391
1.0
EnemyLookTag
0
0.44
0
-4500.199
621.509
842.4219
1.0
FldObj_GerudoHighlandRock_C_03_Far.004
0.1897784
-0.956493
-0.230233
-4165.345
793.951
822.7196
1.0
SwitchTimeLag
0
0
0
-4490.799
613.9393
711.0966
1.0
Obj_Plant_Korok_A_01.004
-1.570796
-1.130797
2.970796
-4369.899
663.7888
783.4883
1.0
DragonDropItemTarget
0
0
0
-4056.712
788.3917
830.3463
1.0
FldObj_GerudoHighlandRock_C_04_Far.003
-0.598672
1.245321
-0.6741731
-4098.601
780.428
800.7861
1.0
FldObj_GerudoHighlandRock_C_03_Far.005
3.059213
0.4945473
3.136292
-4176.427
781.6169
768.9709
1.0
FldObj_GerudoHighlandRock_C_01_Far.010
0.005870754
0.5171704
-0.05029984
-4498.659
615.7305
855.652
1.0
FldObj_GerudoHighlandRock_C_04
0
0
0
-4076.916
529.2396
284.0671
1.0
ConstraintDummy
-1.124342
0.5678167
-0.2608837
-4388.353
626.9833
745.5124
1.0
DragonDropItemTarget
0
0
0
-4512.626
615.6044
741.8221
1.0
FldObj_GerudoHighlandRock_A_04.002
0
1.823184
0
-4380.162
627.6818
724.3961
1.0
FldObj_GerudoHighlandRock_B_01
0
-0.3800003
0
-4231.013
323.595
196.1822
1.0
LinkTagOr
0
-1.609206
0
-4340.973
769.8851
782.6325
1.0
FldObj_GerudoHighlandCliff_A_11
0
-2.14
0
-4234.843
338.9805
279.4149
1.0
Area
0
2.600003
0
-4355.012
716.4554
713.8573
0.1
FldObj_GerudoHighlandRock_A_04.003
0
-1.6
0
-4378.929
626.4569
707.7512
1.0
ConstraintDummy
-0.9097698
-0.3122186
-0.2305427
-4448.34
616.0392
545.803
1.0
FldObj_GerudoHighlandRock_C_01.006
0.1774959
-0.799215
0.3158595
-4279.113
682.2175
915.3162
1.0
FldObj_GerudoHighlandRock_C_02_Far.004
0.8686955
-0.393696
-0.01088098
-4075.348
772.463
778.4272
1.0
FldObj_GerudoHighlandRock_B_01.001
0
1.463185
0
-4339.811
305.8741
150.8161
1.0
LinkTagAnd
0
-0.58
0
-4489.176
618.9015
698.8417
1.0
FldObj_GerudoHighlandCliff_A_02_Far.002
0
-1.54
0
-4091.042
647.2842
1006.734
1.0
FldObj_GerudoHighlandRock_C_03_Far.006
0.8870597
-0.9504965
-0.6585654
-4044.833
779.5874
789.8795
1.0
Obj_TreeSnowberry_A.003
3.141479
1.548951
3.141479
-4533.504
616.4631
688.3125
1.0
FldObj_GerudoHighlandRock_C_02.013
-0.4467847
-0.3384662
0.2205307
-4178.906
546.7589
383.8266
1.0
FldObj_GerudoHighlandRock_C_01.007
1.539572
-1.374488
-0.8311187
-4301.718
669.4899
914.9861
1.0
EventTag
0
0.9164007
0
-4652.275
619.4926
903.6389
0.6
LinkTagOr
0
0
0
-4687.488
704.1445
842.3635
1.0
FldObj_RockGerudoHighland_C_01.001
2.707264
-1.249651
-2.94935
-5213.836
180.3284
403.4761
1.0
LinkTagOr
0.03666627
0.002327453
-0.1267692
-4429.159
624.5292
773.7448
1.0
FldObj_GerudoHighlandCliff_A_07.001
-2.972735
0.5468837
-3.048571
-4390.161
517.088
573.0597
1.0
FldObj_GerudoHighlandRock_C_01.008
-0.2445164
-1.150777
0.1854607
-4177.077
789.8738
713.5511
1.0
FldObj_GerudoHighlandCliff_A_01_Far
-0.28
1.4
0
-4730.957
564.4496
930.1319
1.0
FldObj_GerudoHighlandRock_A_01.003
0
0
0
-4527.831
580.6304
377.4214
1.0
SwitchTimeLag
0
1.570796
2.970796
-4361.758
703.1762
783.4883
0.5
FldObj_KorokStartingBlock_A_01.001
-0.2156344
0.8044673
0.03824285
-4207.973
471.9617
266.7328
1.0
FldObj_GerudoHighlandRock_C_02_Far.005
-0.1058037
-1.091371
-0.0739228
-4553.569
618.0575
959.3898
1.0
Area
0
-0.58
0
-4487.532
618.9015
696.3323
12
FldObj_GerudoHighlandRock_C_02_Far.006
0.1441545
-0.1554324
0.06992067
-4201.709
791.4642
828.9403
1.0
LinkTagOr
0
-0.4200003
0
-4327.691
766.4449
697.2731
1.0
Enemy_Bokoblin_Guard_Middle_TreeHouseTop
0
-0.8
0
-4385.078
635.681
721.5547
1.0
LinkTagOr
0
-0.4200003
0
-4321.756
768.4449
699.9236
1.0
DragonDropItemTarget
0
0
0
-4541.3
615.8451
901.8
1.0
FldObj_GerudoHighlandRock_C_04.001
0.4738262
-0.007835183
0.03244822
-4175.268
782.7175
760.5644
1.0
FldObj_GerudoHighlandRock_C_03_Far.007
-2.990047
0.7289112
-2.893019
-4273.619
791.7535
751.4549
1.0
FldObj_GerudoHighlandRock_A_03_Far.001
0
0
0
-4443.027
607.3396
703.3392
1.0
FldObj_GerudoHighlandRock_C_01_Far.011
2.551269
1.415165
2.497043
-4126.475
775.7872
793.2272
1.0
FldObj_GerudoHighlandCliff_A_02_Far.003
-0.04
-0.0231858
0
-4071.656
650.0918
931.6127
1.0
FldObj_GerudoHighlandRock_C_04_Far.004
0.4738262
-0.007835183
0.03244822
-4175.268
782.7175
760.5644
1.0
FldObj_GerudoHighlandScaffold_B_01.001
0
1.123186
0
-4370.686
608.7755
457.4404
1.0
SwitchTimeLag
1.570796
1.421594
3.141593
-4379.974
634.816
782.2457
0.5
FldObj_GerudoHighlandRock_C_04.002
-3.005657
-0.2849453
-2.822111
-4292.673
791.8691
758.6689
1.0
FldObj_GerudoHighlandRock_C_03_Far.008
3.12747
1.440055
-3.08092
-4262.282
794.9429
781.621
1.0
FldObj_GerudoHighlandRock_C_03.004
0.1226824
-0.8212515
-0.07548875
-4148.99
794.2964
826.3259
1.0
FldObj_GerudoHighlandRock_C_03.005
0.8870597
-0.9504965
-0.6585654
-4044.833
779.5874
789.8795
1.0
FldObj_GerudoHighlandCliff_A_04
0
-1.28
0
-4480.206
488.1256
325.7178
1.0
FldObj_GerudoHighlandRock_C_01.009
0.005870754
0.5171704
-0.05029984
-4498.659
615.7305
855.652
1.0
FldObj_GerudoHighlandRock_C_03.006
0.1897784
-0.956493
-0.230233
-4165.345
793.951
822.7196
1.0
FldObj_GerudoHighlandRock_C_01.010
2.99295
-0.589331
-2.614812
-4233.932
690.2622
998.1837
1.0
LookTag
0
1.44
0
-4648.074
618.4926
906.2087
1.0
FldObj_GerudoHighlandRock_C_04.003
-0.598672
1.245321
-0.6741731
-4098.601
780.428
800.7861
1.0
FldObj_GerudoHighlandRock_C_01_Far.012
-2.720774
0.739525
-2.900347
-4090.25
786.7689
839.6068
1.0
Enemy_Bokoblin_Senior
0
-2.57681
0
-4396.25
625.1117
718.8335
1.0
FldObj_GerudoHighlandCliff_A_02.001
0
-2.92
0
-4214.022
432.8673
515.0117
1.0
FldObj_GerudoHighlandRock_A_01_Far.001
0
0
0
-4527.831
580.6304
377.4214
1.0
Item_Fruit_B
3.141593
0.927821
1.458069E-07
-4622.909
625.2948
788.7421
1.0
EnemyChatFortMgrTag
0
0.44
0
-4500.199
621.509
842.4219
1.0
LinkTagOr
-1.1783
0.1779802
0.3807384
-4341.758
717.1
714.5422
1.0
FldObj_GerudoHighlandRock_C_03.007
-2.990047
0.7289112
-2.893019
-4273.619
791.7535
751.4549
1.0
LinkTagAnd
0
-1.799999
0
-4408.99
621.4225
330.8548
1.0
FldObj_GerudoHighlandRock_C_04.004
-2.547765
0.007835379
3.109143
-4264.373
783.7253
735.3267
1.0
GrassCutTag
0
0.44
0
-4500.199
621.509
842.4219
1.0
LinkTagAnd
-1.570796
1.110797
-0.1707964
-4374.462
652.8686
782.1565
1.0
DgnObj_EntranceTerminal_A_01
0
0.9164007
0
-4652.275
619.4927
903.6389
1.0
FldObj_GerudoHighlandCliff_A_10
0
2.32
0
-4363.221
331.1163
268.6737
1.0
FldObj_GerudoHighlandCliff_A_05.002
2.854979
-1.021615
-3.133857
-4990.899
414.1402
463.8794
3.475285
BrokenSnowBall
0.3500785
0.3634134
0.4620048
-4173.267
772.4395
913.0668
1.0
Enemy_Chuchu_Ice_Junior
0
0.6607904
0
-4572.02
618.926
721.862
1.0
LinkTagAnd
0
0
0
-4276.324
773.5737
610.7034
1.0
FldObj_GerudoHighlandRock_C_01_Far.013
2.559028
-0.6160315
-2.402992
-4266.928
647.0808
1026.852
1.0
Enemy_Chuchu_Ice_Junior
0
-0.58
0
-4485.859
617.3196
697.4283
1.0
FldObj_GerudoHighlandCliff_A_03_Far.001
0
2.3
0
-4458.987
450.0512
424.0741
1.0
SwitchTimeLag
-1.570796
0
0
-4068.599
576.4153
444.4256
0.5
Area
0
0.6607904
0
-4571.583
618.4811
729.7556
3
EnemyFortressMgrTag
0
-1.576806
0
-4398.612
625.016
713.7382
1.0
LinkTagAnd
0
1.44
0
-4656.697
631.9926
906.5874
0.6
FldObj_GerudoHighlandRock_C_01.011
-2.720774
0.739525
-2.900347
-4090.25
786.7689
839.6068
1.0
FldObj_GerudoHighlandRock_C_01.012
-3.038646
-0.4304976
2.985373
-4485.313
613.9238
852.1514
1.0
Area
0
1.719999
0
-4381.952
633.016
782.543
2
LinkTagAnd
0
0
0
-4496.788
616.2225
696.4122
1.0
LinkTagAnd
0
1.570796
1.4
-4364.418
695.1564
783.4884
1.0
Item_Fruit_B
-3.141593
0.927821
1.458069E-07
-4623.754
625.4748
788.2689
1.0
FldObj_GerudoHighlandRock_C_02_Far.007
3.081592
1.280012
-3.141592
-4408.861
608.5176
511.3032
1.0
Area
0
-0.42
0
-4371.518
528.8749
516.9821
80
DragonDropItemTarget
0
0
0
-4470.1
614.5045
962.9
1.0
ChangeWeatherTag
0
1.570796
0
-4810.132
777.1099
869.7477
3
Npc_HiddenKorokFly
0
2.721592
0
-4325.409
768.4449
698.2925
1.0
FldObj_GerudoHighlandCliff_A_05_Far.002
0
-2.680001
0
-4567.024
422.4771
229.5872
1.0
FldObj_GerudoHighlandCliff_A_03
0
-0.12
0
-4256.802
606.405
799.0712
1.0
FldObj_RuinStatueKnight_SnowMT_01
0
2.580001
0
-4384.368
505.1863
536.6755
1.0
LinkTagNone
0
0
0
-4503.552
621.3062
842.3425
1.0
FldObj_GerudoHighlandRock_B_01_Far.004
0
-0.7000005
0
-4189.629
261.7107
106.0573
1.0
FldObj_GerudoHighlandCliff_A_05.003
0
3
0
-4448.452
274.4188
104.4778
1.1
Area
0
1.570796
1.4
-4360.324
700.8994
783.4883
2
Area
0
1.44
0
-4658.186
618.6176
902.5659
25
Item_Fruit_B
-3.141479
1.221313
-0.0001131445
-4349.5
639.7766
920.6915
1.0
Npc_HiddenKorokGround
0
-1.241594
0
-4355.337
716.6
709.874
1.0
Item_Fruit_B
0
0
-3.141593
-4668.733
629.1838
982.2357
1.0
Area
0
1.570796
1.4
-4365.281
682.1934
783.4883
2
FldObj_GerudoHighlandRock_C_03.008
0.2502884
-0.4252777
-0.594263
-4231.352
789.9308
779.8169
1.0
FldObj_GerudoHighlandRock_A_04_Far.001
0
-1.6
0
-4417.666
622.1966
728.7994
1.0
FldObj_GerudoHighlandRock_C_02.014
-3.061369
0.08452727
3.108251
-4103.966
529.9288
278.7421
1.0
Area
0
0.7
0
-4499.284
616.2225
696.5534
12
FldObj_GerudoHighlandRock_C_01.013
0
1.703668
0
-4166.176
774.184
805.3123
1.0
DragonDropItemTarget
0
0
0
-4263.7
775.3149
711.4
1.0
DragonDropItemTarget
0
0
0
-4136.824
795.6482
826.9891
1.0
DragonDropItemTarget
0
0
0
-4206.5
779.9818
764.2001
1.0
FldObj_RockGerudoHighland_C_01_Far
3.036142
-0.0873195
3.089268
-4309.281
145.8283
29.57764
1.2
Npc_HiddenKorokGround
0
-1.609206
0
-4340.954
767.3851
782.1329
1.0
FldObj_GerudoHighlandCliff_A_10_Far.001
0
-3.099999
0
-4116.541
286.9705
187.3549
1.0
LinkTagAnd
-1.570796
1.130797
-0.1707964
-4372.064
667.2065
782.2105
1.0
FldObj_GerudoHighlandRock_C_01.014
2.559028
-0.6160315
-2.402992
-4266.928
647.0808
1026.852
1.0
FldObj_GerudoHighlandRock_B_01_Far.005
0
-0.3800003
0
-4368.318
312.8919
141.3385
1.0
LinkTagOr
0
0.8507974
0
-4614.07
766.6724
541.0211
3
Item_Fruit_B
1.796158E-08
0.2026367
-3.141593
-4450.647
616.4006
545.35
1.0
Item_Fruit_B
3.141593
-0.7986516
1.253062E-07
-4391.446
626.2856
759.0625
1.0
LinkTagNAnd
0
1.570796
1.4
-4355.836
729.8814
785.4884
1.0
Item_Fruit_B
2.749307E-06
1.53901
-3.14159
-4627.793
627.5618
797.9844
1.0
Area
0
-0.4200003
0
-4325.409
768.3949
698.2925
1.7
FldObj_KorokStoneLift_A_01
1.990693E-05
-0.08000194
4.358736E-05
-4429.34
679.6544
714.2394
1.0
Enemy_Bokoblin_Senior
0
-0.3968064
0
-4396.655
625.0357
709.3494
1.0
LinkTagAnd
0
1.570796
1.4
-4349.413
752.7519
783.4884
1.0
FldObj_GerudoHighlandCliff_A_11.001
0
2.423187
0
-4448.152
321.6524
146.3211
1.179305
LinkTagOr
0
-2.46
0
-4176.192
531.8359
310.5847
1.0
FldObj_GerudoHighlandRock_C_02.015
3.081592
1.280012
-3.141592
-4408.861
608.5176
511.3032
1.0
FldObj_GerudoHighlandCliff_A_01.001
3.130576
0.4218392
-3.139637
-4096.138
635.2458
689.0609
1.0
LinkTagOr
0
1.570796
1.4
-4360.193
713.9294
783.4883
1.0
FldObj_GerudoHighlandRock_C_02_Far.008
-0.4467847
-0.3384662
0.2205307
-4178.906
546.7589
383.8266
1.0
FldObj_GerudoHighlandRock_A_01_Far.002
0
0
0
-4429.669
613.1583
714.75
0.8
FldObj_GerudoHighlandRock_C_02_Far.009
-2.423164
0.5998973
2.827312
-4228.41
770.3164
752.5264
1.0
FldObj_GerudoHighlandRock_C_01_Far.014
1.914532
1.24759
2.072539
-4159.149
771.0262
786.2602
1.0
FldObj_GerudoHighlandCliff_A_08.001
0
-1.38
0
-4242.244
653.2894
1020.844
1.0
FldObj_GerudoHighlandRock_C_01_Far.015
1.539572
-1.374488
-0.8311187
-4301.718
669.4899
914.9861
1.0
FldObj_GerudoHighlandCliff_A_01.002
2.921593
0.0984078
3.141593
-4080.975
487.7294
551.4769
1.0
LinkTagAnd
0
-1.241594
0
-4355.499
719.1
709.4009
1.0
DgnObj_WarpPoint_A_01
0
1.44
0
-4649.368
619.4556
906.0386
1.0
Obj_Plant_Korok_A_01.005
0
-1.570796
1.4
-4353.39
726.4152
783.4884
1.0
Enemy_Chuchu_Ice_Junior
0
0.7
0
-4497.754
616.1007
695.265
1.0
Area
0
0
0
-4769.585
738.9922
802.4508
1.0
FldObj_GerudoHighlandRock_C_03.009
-0.2948862
-0.01963053
-0.1319857
-4034.042
789.7391
829.264
1.0
FldObj_GerudoHighlandCliff_A_03_Far.002
0.04
-0.8399998
0
-4304.158
466.3945
649.3909
1.0
FldObj_GerudoHighlandRock_A_01_Far.003
0
0
0
-3991.037
635.1233
583.7966
1.0
Item_Fruit_B
0
0
3.141593
-4668.605
629.3638
983.1958
1.0
Obj_Plant_Korok_A_01.006
3.124107
-1.277761
-2.304087
-4343.212
765.7053
780.5942
1.0
FldObj_GerudoHighlandScaffold_B_01_Far.001
0
-2.259999
0
-4292.483
621.8255
490.9738
1.0
FldObj_GerudoHighlandRock_C_02_Far.010
0
-0.42
0
-4069.613
793.8422
766.6298
1.0
FldObj_GerudoHighlandRock_B_01.002
0
-0.7000005
0
-4189.629
261.7107
106.0573
1.0
DragonDropItemTarget
0
0
0
-4059.615
796.191
763.2651
1.0
FldObj_SkullRockSnow_A_01_Far
0
0.6607904
0
-4571.583
618.4811
729.7556
1.0
LinkTagAnd
0
1.44
0
-4652.731
619.4926
907.1091
0.3
DragonDropItemTarget
0
0
0
-4079.583
781.6131
803.6671
1.0
FldObj_GerudoHighlandRock_B_01.003
0
-0.3800003
0
-4368.318
312.8919
141.3385
1.0
DragonDropItemTarget
0
0
0
-4498.487
621.7881
828.2069
1.0
FldObj_GerudoHighlandCliff_A_01_Far.001
2.921593
0.0984078
3.141593
-4080.975
487.7294
551.4769
1.0
FldObj_GerudoHighlandRock_C_01_Far.016
0
1.48
-0.07999999
-4493.145
610.1705
705.4049
1.0
SwitchTimeLag
0
1.570796
2.970796
-4366.715
684.4703
783.4883
0.5
Npc_HiddenKorokFly
0
-1.799999
0
-4409.103
618.9225
331.3417
1.0
FldObj_GerudoHighlandRock_B_01.004
3.045975
-0.2075268
3.015087
-4199.529
172.5304
43.33051
1.0
ConstraintDummy
-2.136986
1.331933
-1.165779
-4534.115
616.9216
686.0317
1.0
FldObj_GerudoHighlandCliff_A_05.004
0
-2.68
0
-4586.011
320.5318
183.6487
1.0
DragonDropItemTarget
0
0
0
-4133
782.2926
789.5
1.0
FldObj_GerudoHighlandCliffEnd_A_01_Far.003
0.2676652
1.052592
0.1894745
-5065.738
571.8248
1296.918
1.191955
Item_Fruit_B
-3.141593
-0.7986516
1.253062E-07
-4392.044
626.1057
759.824
1.0
LinkTagAnd
0
0
0
-4486.681
618.9015
698.683
1.0
Item_Fruit_B
-2.749307E-06
1.53901
3.14159
-4628.749
627.7418
798.1428
1.0
DragonDropItemTarget
0
0
0
-4571.259
617.7333
880.9193
1.0
FldObj_GerudoHighlandRock_C_03_Far.009
-2.842835
0.6094955
-3.014601
-4261.635
778.1893
724.0775
1.0
FldObj_GerudoHighlandRock_C_02_Far.011
-0.8781381
-0.4893001
-0.04532611
-4188.134
798.5809
809.8821
1.0
FldObj_GerudoHighlandRock_B_01.005
0
-2.94
0
-4192.84
280.2921
112.9952
1.0
Npc_HiddenKorokGround
0
2.301592
0
-4066.787
569.1418
437.8475
1.0
FldObj_GerudoHighlandCliff_A_02_Far.004
0
2.543184
0
-4629.865
427.7999
324.2249
1.463701
FldObj_GerudoHighlandRock_C_02.016
0.8686955
-0.393696
-0.01088098
-4075.348
772.463
778.4272
1.0
Obj_TreeSnowberry_A.004
0
-0.2026367
0
-4450.699
615.5806
545.8906
1.0
Enemy_Bokoblin_Senior
0
2.923185
0
-4430.252
679.6542
717.7194
1.0
FldObj_GerudoHighlandRock_C_02_Far.012
0.7184293
-0.5998973
0.3142799
-4211.243
771.0195
743.5756
1.0
FldObj_GerudoHighlandCliffEnd_A_01.002
2.966059
-0.9912165
-3.108047
-4835.308
496.8242
491.4862
1.6125
FldObj_GerudoHighlandRock_C_03_Far.010
0.1226824
-0.8212515
-0.07548875
-4148.99
794.2964
826.3259
1.0
FldObj_GerudoHighlandRock_C_04_Far.005
-2.547765
0.007835379
3.109143
-4264.373
783.7253
735.3267
1.0
LinkTagAnd
0
0
0
-4344.09
766.5232
780.6003
1.0
FldObj_GerudoHighlandRock_C_01.015
-0.6242688
-1.391771
0.4977434
-4484.357
607.7808
910.4084
1.0
ConstraintDummy
-0.4108935
-1.179724
-0.6070996
-4549.803
616.6678
856.1071
1.0
FldObj_RockGerudoHighland_C_01_Far.001
3.019855
-0.05242074
2.964187
-4938.485
198.373
81.82715
2.351449
FldObj_GerudoHighlandCliff_A_02.002
0
1.74
0
-4594.892
551.65
507.5428
1.0
FldObj_GerudoHighlandRock_A_03.001
0
-1.14
0
-4256.954
620.0957
1057.842
1.0
FldObj_GerudoHighlandRock_C_02_Far.013
-2.731715
0.3301731
3.131271
-4153.447
779.0551
665.0255
1.0
FldObj_GerudoHighlandCliff_A_07_Far.001
-3.081593
-0.8615928
3.141593
-4298.84
471.047
513.2479
1.0
Obj_Plant_Korok_A_01.007
0
-1.570796
1.4
-4361.972
691.6901
783.4884
1.0
FldObj_GerudoHighlandRock_C_03.010
3.12747
1.440055
-3.08092
-4262.282
794.9429
781.621
1.0
LinkTagNone
0
0
0
-4435.313
661.7741
335.6296
1.0
PosAfterDemoSkip
0
-1.701593
0
-4651.69
619.4926
905.834
1.0
FldObj_GerudoHighlandRock_C_01_Far.017
-0.6242688
-1.391771
0.4977434
-4484.357
607.7808
910.4084
1.0
FldObj_GerudoHighlandCliff_A_01_Far.002
3.130576
0.4218392
-3.139637
-4096.138
635.2458
689.0609
1.0
FldObj_GerudoHighlandCliff_A_05_Far.003
2.854979
-1.021615
-3.133857
-4990.899
414.1402
463.8794
3.475285
LinkTagOr
0
-1.53901
0
-4628.51
626.7524
800.0714
1.0
Obj_TreeSnowberry_A.005
0
2.342941
0
-4391.698
625.2856
759.4056
1.0
FldObj_GerudoHighlandCliff_A_05.005
0
1.303184
0
-4496.61
426.2428
286.5208
1.0
DragonDropItemTarget
0
0
0
-4378.342
628.9697
931.5557
1.0
IceWall
-0.1600001
0
0
-4690.488
703.9445
842.3635
1.2
LinkTagOr
0
-0.08000177
0
-4349.554
721.6
712.9816
1.0
FldObj_GerudoHighlandRock_A_01_Far.004
0
1.723185
0
-4267.565
689.0222
606.3789
1.0
FldObj_GerudoHighlandCliff_A_02_Far.005
0
-2.92
0
-4214.022
432.8673
515.0117
1.0
Area
0
1.159998
0
-4479.322
640.9579
284.6307
1.0
Obj_Plant_Korok_A_01.008
-1.570796
-1.110797
2.970796
-4372.323
649.4553
783.4883
1.0
FldObj_GerudoHighlandRock_C_03_Far.011
0.2502884
-0.4252777
-0.594263
-4231.352
789.9308
779.8169
1.0
FldObj_GerudoHighlandRock_C_04_Far.006
-2.721097
0.6380312
-3.05203
-4175.121
792.6979
688.3933
1.0
Enemy_Chuchu_Ice_Junior
0
0.7
0
-4500.813
616.3115
697.8418
1.0
Obj_LiftRockWhite_Korok_A_01
0
0
0
-4065.179
568.7638
436.4362
1.0
DragonDropItemTarget
0
0
0
-4575.6
615.9954
809.8
1.0
Enemy_Bokoblin_Senior
0
-0.16
0
-4428.859
679.648
710.5258
1.0
LinkTagNAnd
0
1.44
0
-4656.306
631.9926
903.613
0.6
ActorObserverTag
0
0
0
-4064.179
570.9638
436.4362
1.0
LinkTagOr
0
0
0
-4666.67
628.3745
983.0181
1.0
LinkTagAnd
0
2.721592
0
-4324.952
770.9449
698.4962
1.0
FldObj_GerudoHighlandRock_C_02_Far.014
3.115115
0.6777993
-2.64064
-4333.132
645.037
883.3228
1.114306
FldObj_GerudoHighlandRock_C_01_Far.018
0
1.703668
0
-4166.176
774.184
805.3123
1.0
FldObj_GerudoHighlandRock_A_04_Far.002
0
-1.6
0
-4378.929
626.4569
707.7512
1.0
FldObj_GerudoHighlandCliffEnd_A_01.003
0.2676652
1.052592
0.1894745
-5065.738
571.8248
1296.918
1.191955
Obj_TreeSnowberry_A.006
0
-1.53901
0
-4628.331
626.7418
798.0596
1.0
LinkTagAnd
0
0
0
-4068.599
575.4153
444.4256
1.0
ActorObserverTag
0
2.600003
0
-4355.029
717.6055
713.7886
1.0
LinkTagAnd
0
0
0
-4371.518
528.8749
516.9821
1.0
LinkTagOr
0
2.342941
0
-4392.923
625.2963
757.8
1.0
LinkTagNAnd
-1.570796
1.110797
-0.1707964
-4375.337
653.0195
783.9486
1.0
FldObj_GerudoHighlandRock_A_01.004
-0.07732673
-0.6561288
0.1263308
-4341.681
529.4948
557.4237
1.0
FldObj_GerudoHighlandRock_C_03_Far.012
0
-0.42
0
-4031.703
566.6526
491.2431
1.0
FldObj_GerudoHighlandCliff_A_05_Far.004
3.13671
-0.1429293
3.081434
-4661.366
425.4348
157.4727
1.760137
DungeonBird_test
0
0
0
-4661.918
750
897.043
1.0
MountainCloud
0
0.14
0
-3954.872
609.7524
424.1206
1.0
LinkTagOr
-0.04108753
0.000627804
0.03055267
-4687.488
709.1445
842.3635
1.0
Area
0
-0.4181316
0
-4596.408
710.5625
635.5327
1.0
ConstraintDummy
2.685635
1.153027
-2.575926
-4416.764
621.2492
821.181
1.0
LinkTagAnd
0
0
0
-4479.322
640.9579
284.6307
1.0
FldObj_GerudoHighlandCliff_A_05_Far.005
0
3
0
-4448.452
274.4188
104.4778
1.1
FldObj_GerudoHighlandRock_C_03.011
0.796172
-0.6614161
-0.4669617
-4184.018
786.0711
755.3015
1.0
LinkTagOr
0
1.719999
0
-4381.952
634.816
782.543
1.0
LinkTagNAnd
0
1.570796
1.4
-4364.418
695.1564
785.4884
1.0
FldObj_RockGerudoHighland_C_01_Far.002
-3.123415
0.05525749
3.138724
-4604.379
182.6026
75.00439
2.006489
FldObj_GerudoHighlandRock_C_01.016
-1.023405
-0.873953
0.6192247
-4195.524
549.6883
385.2388
1.0
Area
0.04922992
-0.479965
-0.001625081
-4276.324
773.5737
610.7034
0.7
LinkTagAnd
0.0308587
-0.002272312
0.1469952
-4434.583
798.7781
1025.038
1.0
FldObj_GerudoHighlandRock_B_01.006
0
-2.880001
0
-4321.694
288.1866
134.9133
1.0
Obj_TreeSnowberry_A.007
0
0
0
-4668.675
628.3638
982.7758
1.0
Obj_RockBroken_A_02
-1.812215
1.335661
-1.968817
-4431.133
617.7858
760.231
1.2
LinkTagAnd
0
0.7
0
-4497.351
616.2225
698.8479
1.0
FldObj_GerudoHighlandRock_C_03.012
0.07999998
-0.4363323
0
-4176.77
780.7382
780.8975
1.0
FldObj_GerudoHighlandRock_C_01.017
2.551269
1.415165
2.497043
-4126.475
775.7872
793.2272
1.0
Area
0
2.600003
0
-4355.526
715.8555
713.548
0.1
FldObj_GerudoHighlandCliff_A_03.001
0
2.3
0
-4458.987
450.0512
424.0741
1.0
LinkTagOr
0
-2.359985
0
-4184.03
494.2545
291.4193
1.0
FldObj_GerudoHighlandRock_C_04.005
-2.721097
0.6380312
-3.05203
-4175.121
792.6979
688.3933
1.0
FldObj_GerudoHighlandCliff_A_02.003
0
-2.7
0
-4211.316
631.1918
727.0248
1.0
DragonDropItemTarget
0
0
0
-4461.2
614.423
783.6
1.0
DgnObj_EntranceShutter_A_01
0
1.44
0
-4654.717
619.4927
905.335
1.0
FldObj_GerudoHighlandRock_C_03.013
-2.478963
0.7952453
-2.874439
-4259.795
789.5633
745.2888
1.0
LinkTagOr
0
1.570796
1.4
-4362.098
701.2053
783.4883
1.0
LinkTagAnd
0
0.6607904
0
-4576.714
618.4811
728.0441
1.0
KorokAnswerResponce
0
-2.36
0
-4183.659
489.7545
286.8243
1.0
FldObj_RockGerudoHighland_C_01.002
3.036142
-0.0873195
3.089268
-4309.281
145.8283
29.57764
1.2
FldObj_GerudoHighlandRock_C_03.014
-2.750336
-0.3930216
2.984898
-4022.74
532.262
324.9676
1.0
LinkTagAnd
0
0
0
-4360.324
700.8994
783.4883
1.0
FldObj_GerudoHighlandCliff_A_01.003
-0.28
1.4
0
-4730.957
564.4496
930.1319
1.0
FldObj_GerudoHighlandCliff_A_11_Far
0
-2.14
0
-4234.843
338.9805
279.4149
1.0
FldObj_GerudoHighlandCliff_A_10_Far.002
0
2.94
0
-4081.439
169.8572
82.39789
1.0
FldObj_GerudoHighlandRock_C_04.006
0
0.18
0
-4153.257
797.7579
734.7521
1.0
ConstraintDummy
2.43593
0.8855836
-2.790819
-4393.7
625.7442
758.1537
1.0
SwitchTimeLag
0
1.570796
2.970796
-4364.588
694.1709
783.4884
0.5
LinkTagAnd
0
0
0
-4354.572
726.6191
783.4884
1.0
FldObj_GerudoHighlandRock_C_02.017
0
-0.42
0
-4069.613
793.8422
766.6298
1.0
Obj_TreeSnowberry_A.008
0
-1.126779
0
-4551.295
616.2093
854.2767
1.0
LinkTagOr
0
2.046857
0
-4415.918
620.8013
821.0694
1.0
Area
0
2.600003
0
-4354.703
715.8555
713.3431
0.1
Enemy_Chuchu_Ice_Junior
0
0.6607904
0
-4565.884
618.9401
735.4579
1.0
FldObj_GerudoHighlandRock_C_01_Far.019
-0.3040668
-0.6600597
0.1656605
-4155.89
570.0292
469.879
1.0
SwitchTimeLag
0
0.7
0
-4496.788
616.2225
696.4122
1.0
Area
0
-2.36
0
-4183.675
491.7045
291.0669
1.7
FldObj_GerudoHighlandRock_C_01.018
0.2257673
-1.075574
-0.2147509
-4121.017
792.2231
819.1007
1.0
SwitchTimeLag
3.141593
1.110797
-0.1707964
-4374.632
651.8831
782.1565
0.5
LinkTagOr
0
-0.4200003
0
-4275.687
773.1381
606.6776
1.0
DragonDropItemTarget
0
0
0
-4180.7
798.6363
812.8002
1.0
ActorObserverTag
0
2.600003
0
-4355.2
717.6055
713.1025
1.0
ActorObserverTag
0
2.600003
0
-4355.457
717.6055
713.5309
1.0
LinkTagOr
3.141479
1.548951
3.141479
-4533.306
616.4737
686.3026
1.0
FldObj_GerudoHighlandRock_B_01_Far.006
0
-2.880001
0
-4321.694
288.1866
134.9133
1.0
FldObj_GerudoHighlandCliff_A_02.004
0
2.54
0
-4520.203
525.3691
458.5936
1.0
FldObj_GerudoHighlandRock_A_01_Far.005
-0.07732673
-0.6561288
0.1263308
-4341.681
529.4948
557.4237
1.0
BrokenSnowBall
0.4301471
0.8410174
0.9562477
-4159.679
778.0835
914.1301
1.0
LinkTagOr
0
-1.126779
0
-4550.652
616.2199
856.1915
1.0
Obj_TreeSnowberry_A.009
0
2.046857
0
-4415.215
620.7906
822.9626
1.0
FldObj_GerudoHighlandCliff_A_10.001
0
-3.099999
0
-4116.541
286.9705
187.3549
1.0
FldObj_GerudoHighlandRock_A_04.004
0
0
0
-4422.917
615.6199
735.444
1.0
EnemyLookTag_Noise
0
0
0
-4429.496
679.6389
714.1309
1.0
Area
-1.570796
1.110797
-0.1707964
-4373.383
649.6381
782.9556
2
Item_Fruit_B
-3.141479
1.221313
-0.0001136551
-4348.555
639.5963
920.9
1.0
FldObj_GerudoHighlandCliff_A_01_Far.003
-0.2780786
1.026357
-0.1141517
-4663.464
549.3197
701.8812
1.0
FldObj_GerudoHighlandRock_A_04_Far.003
0
-1.236816
0
-4379.119
623.1063
782.0339
1.0
FldObj_GerudoHighlandCliff_A_06.001
0
-2.739999
0
-4254.152
555.572
548.1215
1.0
FldObj_GerudoHighlandRock_C_02.018
2.931105
1.095508
3.095149
-4552.185
617.6823
940.4987
1.0
LinkTagAnd
0
0
0
-4658.186
618.6176
902.5659
1.0
LinkTagNone
0
0
0
-4396.25
625.1117
718.8335
1.0
ConstraintDummy
0.9653715
-1.335674
-1.937676
-4627.698
627.2004
800.3342
1.0
BrokenSnowBall
0.2561812
0.3315676
0.8525433
-4166.725
775.6326
912.8148
1.0
FldObj_GerudoHighlandCliff_A_08_Far.001
3.053314
-1.100018
-3.062876
-4400.62
605.8036
711.3727
1.0
FldObj_GerudoHighlandRock_C_01.019
0
1.48
-0.07999999
-4493.145
610.1705
705.4049
1.0
FldObj_GerudoHighlandRock_C_01_Far.020
-1.820029
-1.385187
1.81592
-4107.765
773.2699
790.9275
1.0
DragonDropItemTarget
0
0
0
-4270.3
792.3286
762.7999
1.0
Npc_HiddenKorokGround
0
0
0
-4690.488
704.1445
842.3635
1.0
FldObj_GerudoHighlandRock_C_01_Far.021
2.972217
-0.9258897
-2.86143
-4363.237
620.8896
984.954
1.0
LinkTagAnd
0
1.719999
0
-4378.985
634.816
782.097
1.0
Area
0
1.570796
1.4
-4363.154
691.894
783.4884
2
FldObj_GerudoHighlandRock_C_03_Far.013
-2.478963
0.7952453
-2.874439
-4259.795
789.5633
745.2888
1.0
DragonDropItemTarget
0
0
0
-4377.1
627.8418
629.4
1.0
FldObj_RockGerudoHighland_C_01_Far.003
2.707264
-1.249651
-2.94935
-5213.836
180.3284
403.4761
1.0
ActorObserverTag
0
0
0
-4065.179
570.9638
436.4362
1.0
FldObj_GerudoHighlandRock_C_03.015
3.059213
0.4945473
3.136292
-4176.427
781.6169
768.9709
1.0
FldObj_GerudoHighlandRock_A_06
1.084095E-08
-0.5400001
1.867578E-08
-4391.983
603.2697
534.0051
1.0
FldObj_PushRock_A_M_01.001
-3.135941
0.1716086
-3.115028
-4435.33
661.9918
335.6269
0.8
LinkTagOr
0
0
0
-4065.179
571.9638
436.4362
1.0
FldObj_GerudoHighlandRock_C_03_Far.014
0.796172
-0.6614161
-0.4669617
-4184.018
786.0711
755.3015
1.0
FldObj_GerudoHighlandRock_C_02_Far.015
2.931105
1.095508
3.095149
-4552.185
617.6823
940.4987
1.0
FldObj_GerudoHighlandCliff_A_03.002
0
-1.76
0
-4120.937
368.2888
368.5089
1.02
FldObj_GerudoHighlandRock_C_02_Far.016
0
1.48
-0.07999999
-4493.145
610.1705
705.4049
1.0
FldObj_GerudoHighlandCliff_A_02.005
0
2.543184
0
-4629.865
427.7999
324.2249
1.463701
ConstraintDummy
-0.9560779
-0.1146811
-0.2206834
-4666.381
628.8224
982.215
1.0
FldObj_SkullRockSnow_A_01
0
0.6607904
0
-4571.583
618.4811
729.7556
1.0
LinkTagAnd
0
1.570796
1.4
-4361.588
704.1617
783.4883
1.0
FldObj_GerudoHighlandRock_C_02_Far.017
2.202359
-0.0339052
-3.051886
-4019.023
798.8138
773.4019
1.0
FldObj_GerudoHighlandRock_C_01_Far.022
0
2.903185
0
-4524.642
609.4105
785.1134
1.0
LinkTagNAnd
0
1.570796
1.4
-4366.545
685.4557
785.4883
1.0
FldObj_GerudoHighlandRock_C_01_Far.023
-0.2445164
-1.150777
0.1854607
-4177.077
789.8738
713.5511
1.0
LocationTag
0
0
0
-4371.518
528.8749
516.9821
1.0
FldObj_GerudoHighlandCliff_A_06_Far.001
0
-2.739999
0
-4254.152
555.572
548.1215
1.0
LinkTagAnd
0
0
0
-4068.599
576.4153
444.4256
1.0
FldObj_GerudoHighlandRock_A_02.001
0
-1.34
0
-4697.806
692.9521
823.0233
1.0
FldObj_GerudoHighlandCliff_A_05.006
3.13671
-0.1429293
3.081434
-4661.366
425.4348
157.4727
1.760137
LinkTagOr
0
-1.241594
0
-4355.175
719.1
710.347
1.0
FldObj_RockGerudoHighland_C_01.003
-3.123415
0.05525749
3.138724
-4604.379
182.6026
75.00439
2.006489
FldObj_GerudoHighlandRock_C_01.020
-3.112518
-0.6050148
-2.929076
-4329.505
636.3826
956.2628
1.0
FldObj_GerudoHighlandRock_C_02.019
-3.041593
0.1015929
3.141593
-4021.007
792.0779
749.191
1.0
FldObj_GerudoHighlandRock_C_01.021
2.897076
1.150777
2.956131
-4262.529
788.5457
782.5497
1.0
FldObj_GerudoHighlandRock_A_06.001
0
0
0.36
-4396.501
682.8554
714.7094
1.0
FldObj_GerudoHighlandRock_C_01.022
1.104619
1.320171
1.462658
-4271.461
665.0457
1010.027
1.0
FldObj_GerudoHighlandRock_C_01_Far.024
-0.6392354
0.1371833
0.5958265
-4298.904
761.6167
734.0287
1.0
FldObj_GerudoHighlandRock_C_02_Far.018
2.379703
-0.07503028
-3.120455
-4162.496
797.5638
736.5652
1.0
LinkTagAnd
0
-1.609206
0
-4340.935
769.8851
781.6332
1.0
Item_Fruit_B
-3.141484
-1.548951
-0.0001093978
-4533.085
617.4631
688.2333
1.0
FldObj_GerudoHighlandCliff_A_11_Far.001
0
2.423187
0
-4448.152
321.6524
146.3211
1.179305
LinkTagOr
-1.570796
1.130797
-0.1707964
-4372.574
664.2501
782.2105
1.0
FldObj_GerudoHighlandRock_C_03_Far.015
0.07999998
-0.4363323
0
-4176.77
780.7382
780.8975
1.0
Item_Fruit_B
-3.141593
-1.094736
1.907622E-07
-4415.668
621.6107
823.2616
1.0
Item_Fruit_B
1.83778E-07
1.126779
3.141593
-4551.644
617.2093
854.5204
1.0
Area
0
1.570796
1.4
-4354.572
726.6191
783.4884
2
FldObj_RuinStatueKnight_SnowMT_01_Far
0
2.580001
0
-4384.368
505.1863
536.6755
1.0
FldObj_GerudoHighlandRock_C_01_Far.025
-3.112518
-0.6050148
-2.929076
-4329.505
636.3826
956.2628
1.0
FldObj_GerudoHighlandCliff_A_02.006
-0.04
-0.0231858
0
-4071.656
650.0918
931.6127
1.0
FldObj_PushRock_A_M_01.002
2.970848
-1.337936
-3.00806
-4430.06
661.9563
336.551
0.8
Area
0
-1.799999
0
-4409.103
619.9225
331.3417
2
FldObj_GerudoHighlandRock_C_01.023
1.914532
1.24759
2.072539
-4159.149
771.0262
786.2602
1.0
FldObj_GerudoHighlandCliff_A_02_Far.006
0
1.74
0
-4594.892
551.65
507.5428
1.0
DragonDropItemTarget
0
0
0
-4322
713.1979
679.5
1.0
LinkTagOr
0
1.570796
1.4
-4349.923
749.7955
783.4884
1.0
ForceSetPosDirAutoSaveAnchor
0
-1.701593
0
-4651.69
619.4926
905.834
1.0
LinkTagAnd
0
0
0
-4355.114
719.6055
713.4456
1.0
ChangeWeatherTag
0
0
0
-4453.508
626.7385
305.7744
1.0
BrokenSnowBall
0.2390996
0.359733
0.695747
-4165.299
773.9414
922.4327
1.0
LinkTagAnd
0
-2.359985
0
-4183.32
494.2545
290.7146
1.0
LinkTagAnd
0
0
0
-4370.969
663.9733
782.9772
1.0
LinkTagAnd
0
1.570796
1.4
-4359.684
716.8858
783.4883
1.0
FldObj_GerudoHighlandRock_C_01.024
2.972217
-0.9258897
-2.86143
-4363.237
620.8896
984.954
1.0
LinkTagOr
0
1.570796
1.4
-4384.767
632.6864
781.9883
1.0
FldObj_GerudoHighlandRock_A_04_Far.004
0
1.823184
0
-4380.162
627.6818
724.3961
1.0
FldObj_GerudoHighlandCliff_A_06_Far.002
0
-2.819999
0
-4287.952
641.1367
704.8439
1.0
FldObj_GerudoHighlandCliff_A_03.003
0.04
-0.8399998
0
-4304.158
466.3945
649.3909
1.0
FldObj_GerudoHighlandRock_C_01.025
-0.2659128
-0.4845173
0.1780717
-4367.103
607.0387
543.5685
1.0
Enemy_Chuchu_Ice_Middle
0
0.6607904
0
-4577.984
618.9071
723.9655
1.0
FldObj_GerudoHighlandRock_A_06_Far.001
1.084095E-08
-0.5400001
1.867578E-08
-4391.983
603.2697
534.0051
1.0
SwitchTimeLag
0
1.570796
2.970796
-4356.006
728.8959
783.4884
0.5
LinkTagAnd
0
0
0
-4412.276
617.3054
331.7383
1.0
FldObj_GerudoHighlandRock_C_02_Far.019
-2.919125
-0.1901445
2.975929
-4071.106
567.2184
486.549
1.0
FldObj_GerudoHighlandCliff_A_06.002
0
-1.82
0
-4299.876
644.0742
722.7287
1.0
LinkTagAnd
0
0
0
-4381.952
633.016
782.543
1.0
FldObj_GerudoHighlandCliff_A_05_Far.006
3.066256
-0.2788866
3.128349
-4292.489
252.0425
103.4516
1.0
LinkTagAnd
0
1.44
0
-4652.731
619.4926
907.1091
0.3
Enemy_Bokoblin_Senior
0
-0.6231861
0
-4498.124
621.2723
839.7869
1.0
Obj_TreeSnowberry_A.010
3.141479
-1.221313
3.141479
-4349.082
638.7764
920.7695
1.0
Area
-0.2156344
0.8044673
0.03824285
-4208.25
473.3685
266.5177
0.7
FldObj_GerudoHighlandRock_C_01.026
2.434556
1.434827
2.41866
-4485.856
609.7087
927.8582
1.0
FldObj_GerudoHighlandRock_A_01.005
0
0
0
-4429.669
613.1583
714.75
0.8
DgnObj_DungeonEntrance_A_01_Far
0
1.44
0
-4658.484
618.4926
904.8394
1.0
FldObj_GerudoHighlandRock_C_02_Far.020
0.01030758
1.128718
0.2911444
-4369.798
625.1178
920.2072
2
FldObj_GerudoHighlandCliff_A_03_Far.003
0
-1.76
0
-4120.937
368.2888
368.5089
1.02
Obj_Plant_Korok_A_01.009
0
-1.570796
1.4
-4364.099
681.9895
783.4883
1.0
FldObj_GerudoHighlandRock_C_01_Far.026
1.104619
1.320171
1.462658
-4271.461
665.0457
1010.027
1.0
DgnObj_DungeonEntrance_A_01
0
1.44
0
-4658.484
618.4926
904.8394
1.0
LinkTagOr
0
2.721592
0
-4325.865
770.9449
698.0889
1.0
FldObj_GerudoHighlandCliff_A_10.002
0
2.94
0
-4081.439
169.8572
82.39789
1.0
FldObj_GerudoHighlandRock_C_02.020
-0.9556522
-0.2073613
0.006101221
-4134.378
799.4037
827.3839
1.0
KorokAnswerResponce
0
-0.4200003
0
-4329.371
766.4449
699.8085
1.0
KorokAnswerResponce
0
-0.08000177
0
-4348.557
715.6
713.0614
1.0
Item_Fruit_B
3.141593
-1.094736
1.907622E-07
-4414.874
621.7906
822.7079
1.0
Item_Fruit_B
1.83778E-07
1.126779
-3.141593
-4550.832
617.0293
853.9924
1.0