UnitConfigName/__text
Rotate/value/0
Rotate/value/1
Rotate/value/2
Translate/value/0
Translate/value/1
Translate/value/2
_Scale
Item_Mushroom_D
1.304321
0.2685547
-0.2835693
-4652.918
170.0859
1755.063
1.0
Weapon_Lsword_001
-3.018829
-0.6795328
2.117559
-4407.015
172.3069
2390.136
1.0
Item_Plant_O
1.848144
-1.084839
-0.6647949
-3911.219
176.2773
2158.059
1.0
Item_Plant_F
0
-0.5262451
0
-4615.773
146.8237
2036.73
1.0
FldObj_BoneGiant_BackBone_A_02
2.220014
0.06116023
3.089991
-4715.063
175.2185
2195.137
1.0
Area
0
0.7853982
0
-4490
147.7634
2710
25
FldObj_Magnetic_Fld_01
0
2.617994
0
-4895.3
137.7516
2355.2
1.0
Area
0
0.7853982
0
-4490
147.7634
2710
40
FldObj_StageGerdo_SS_A_02
0
-1.663185
0
-4480.897
155.2773
2163.201
1.0
FldObj_Magnetic_Fld_01.001
0
-2.530727
0
-4270
162.47
2531.7
1.0
FldObj_StageGerdo_S_A_03
0
1.28
0
-4500.684
165.1678
2170.045
1.0
Obj_TreeBroadleafLow_Branch_A_02
0
0
0
-4591.036
139.9902
2639.291
1.0
TBox_Field_Iron
0
0
0
-4065.908
153.5944
2297.625
1.0
Item_Plant_F
3.141479
-0.4742431
3.141479
-4956.781
139.421
2142.988
1.0
FldObj_BoneGiant_Rib_A_01
-2.876121
1.352675
-3.135722
-4642.586
132.9513
2408.273
1.216567
FldObj_GerudoDesertRock_A_10
0
0
0
-4819.376
113.1192
2824.129
1.0
FldObj_BoneGiant_Rib_A_01.001
2.75714
0.1025919
3.057443
-4703.588
195.5152
2172.362
1.216567
Item_Plant_F
3.141479
-0.9915771
3.141479
-4113.207
148.0239
2140.219
1.0
Weapon_Lsword_001
-2.451786
-0.8337707
1.721576
-4147.329
164.4
2376.447
1.0
Item_Mushroom_D
1.580566
-0.6809081
-0.001953128
-4332.473
193.7188
2068.195
1.0
Item_Mushroom_D
0.7841796
0.7481689
-0.6350097
-4916.793
221.2031
1911.449
1.0
FldObj_Magnetic_Fld_01.002
0
-3.054326
0
-4642.98
151.6708
2221.59
1.0
Weapon_Lsword_001
2.064354
0.4116157
2.33053
-4941.011
145.97
2115.481
1.0
Item_Plant_O
2.909912
-1.328491
-1.383667
-4195.977
185.2266
2064.016
1.0
FldObj_GerudoDesertRock_A_11
2.064107
-1.343275
-2.075075
-4823.726
126.3217
2768.896
1.0
FldObj_GerudoDesertRock_A_05
0
-2.996402
0
-4467.661
145.6261
2726.61
1.0
Obj_TreeBroadleafLow_Branch_A_02.001
0
2.617994
0
-4587.201
147.743
2711.331
1.0
Item_Plant_O
1.015991
-1.142578
0.1132812
-3944.492
194.9375
2112.645
1.0
Obj_TreeBroadleafLow_A_02
0
0.5235988
0
-4472.711
147.0399
2734.129
1.0
Item_Plant_L
3.141479
-1.044433
3.141479
-4935.891
137.2112
2181.691
1.0
FldObj_TravelerTrace_Mark_A_01
0
0
0
-4572.695
140.3846
2604.953
1.0
Weapon_Lsword_001
2.613558
-0.1671433
2.40218
-4714.648
173.67
2186.946
1.0
Item_Plant_F
0
-0.6328125
0
-4233.984
178.8724
2427.941
1.0
Area
0
0
0
-4497.566
172.8108
2140.63
100
FldObj_BoneGiant_BackBone_A_02.001
-0.5739303
-0.5499351
0.286515
-4390.756
156.7312
2250.096
1.25
Item_Plant_L
3.141479
0.2714843
3.141479
-4433.754
151.4515
2197.629
1.0
TBox_Field_Iron
-1.570796
1.190796
-1.570796
-4089.33
150.96
2777.93
1.0
Item_Mushroom_D
2.261719
-1.015625
-0.7091064
-4031.426
163.8281
2360.18
1.0
FldObj_BoneGiant_BackBone_A_02.002
2.353863
-0.3037461
-1.81395
-4597.6
134.8847
2360.972
1.0
FldObj_GerudoDesertRock_A_11.001
2.064107
-1.343275
-2.075075
-4771.531
126.3686
2766.303
1.0
FldObj_DesertRuin_A_04
0
0
0
-4253.59
148.94
2165.19
1.0
Weapon_Lsword_001
-2.812678
-0.7602619
1.981259
-4027.135
155.93
2707.967
1.0
Obj_TreeBroadleafLow_Branch_A_02.002
0
-2.476401
0
-4464.424
147.5749
2719.507
1.0
Item_Mushroom_D
1.115356
0.2225342
-0.3238525
-4307.914
202.3438
2053.301
1.0
Weapon_Lsword_001
2.861252
-0.41131
2.33067
-4597.943
169.97
2499.996
1.0
FldObj_BoneGiant_Rib_A_01.002
0.3299173
-1.374162
-0.01038161
-4646.738
150.7563
2222.156
1.216567
Item_Mushroom_D
1.346802
-0.4243164
-0.234375
-3914.48
217.2031
2134.563
1.0
Item_Mushroom_D
1.255127
-0.7055663
0.4335937
-4366.77
235.7109
2016.715
1.0
FldObj_GerudoDesertRock_A_05.001
0
-2.119999
0
-4582.542
136.6005
2623.897
1.0
Item_Plant_O
0.8116454
-0.9276122
0.4296875
-3889.52
175.0625
2227.336
1.0
FldObj_Magnetic_Fld_01.003
0
-2.268928
0
-4312.7
170.4961
2298.91
1.0
FldObj_BoneGiant_BackBone_A_02.003
-1.515984
-1.345524
1.298674
-4272.901
164.3115
2275.061
1.25
FldObj_StageGerdo_S_A_03.001
0
0.86
0
-4508.543
165.285
2184.015
1.0
Weapon_Lsword_001
2.942891
-0.4789486
2.295482
-4596.803
146.87
2341.619
1.0
FldObj_GerudoDesertRock_A_10.001
0
0.218408
0
-4648.41
136.815
2773.716
1.0
Weapon_Lsword_001
-3.111235
-0.6320373
2.173947
-4582.55
149.2234
2107.671
1.0
Item_Mushroom_D
0.8273925
0.4228515
-0.4553222
-4306.238
216.1953
2043.961
1.0
Obj_TreeBroadleafLow_A_02.001
0
2.617994
0
-4570.349
148.968
2717.56
1.0
Obj_TreeBroadleafLow_Branch_A_02.003
0
0.5235988
0
-4458.89
147.2482
2722.651
1.0
FldObj_BoneGiant_BackBone_A_02.004
-0.1628987
-0.5873941
0.3031659
-4410.235
163.2295
2274.625
1.25
Item_Mushroom_D
0.6162109
-1.035034
0.5447997
-4194.004
163.4844
1980.582
1.0
Item_Plant_L
3.141479
-0.3347168
3.141479
-4954.684
140.1689
2127.105
1.0
FldObj_StageGerdo_SS_A_02.001
0
-1.943185
0
-4478.722
159.9179
2161.052
1.0
FldObj_StageGerdoGate_A_01
0
-1.26
0
-4510.115
173.9838
2145.522
1.0
TBox_Field_Iron
0.1570796
-0.3490658
-0.2268928
-4044.34
149.59
2715.551
1.0
FldObj_GerudoDesertRock_A_10.002
0
-2.701591
0
-4659.21
131.8788
2842.692
1.2
Weapon_Lsword_001
-2.086412
-0.8373903
1.449223
-4585.863
164.8617
2002.153
1.0
Item_Plant_L
3.141479
-1.547241
3.141479
-4453.809
150.2312
2522.742
1.0
FldObj_Magnetic_Fld_01.004
0
-2.792527
0
-4465.7
150.8078
2515.06
1.0
FldObj_GerudoDesertRock_A_13
0
0
0
-4817.861
135.4726
2824.043
1.0
Weapon_Lsword_001
2.214369
0.2699828
2.38088
-4941.201
145.97
2195.326
1.0
FldObj_BoneGiant_BackBone_A_02.005
0.6954101
-1.269426
-0.4983811
-4458.177
145.1243
2512.79
1.25
Enemy_Lizalfos_Senior
0
-0.9999999
0
-4497.566
172.8108
2140.63
1.0
Area
0
-1.04
0
-4131.867
159.2808
2592.836
100
Item_Plant_F
3.141479
-1.21167
3.141479
-4460.602
157.7862
2419.707
1.0
FldObj_DesertRuin_A_04.001
0
0
0
-4237.5
185.32
2408.04
1.0
Obj_TreeBroadleafLow_Branch_A_02.004
0
2.054102
0
-4589.367
149.0633
2718.415
1.0
Item_Mushroom_D
1.359131
0.7542724
0.1628418
-4901.77
199.3398
1907.09
1.0
Item_Mushroom_D
1.7229
-0.3215332
-0.3084716
-4585.75
159.3438
2039.652
1.0
Item_Mushroom_D
1.383179
-0.3287354
0.2489014
-4335.605
210.8047
2040.602
1.0
Item_Plant_F
3.141479
-0.6601562
3.141479
-4948.172
139.0089
2109.664
1.0
FldObj_GerudoDesertRock_A_05.002
0
-0.9020061
0
-4579.386
146.6771
2716.947
1.0
Item_Mushroom_D
1.349121
0.2479248
0.1376953
-4659.758
192.5859
1751.871
1.0
Item_Mushroom_D
1.813476
-0.2001953
-0.3040771
-4530.977
163.7461
2185.543
1.0
Item_Mushroom_D
1.099243
0.9841308
-0.2392578
-4973.785
184.6328
2023.84
1.0
Item_Plant_F
0
0.9697265
0
-4553.191
148.3639
2050.379
1.0
FldObj_GerudoDesertRock_A_10.003
0
-2.701591
0
-4644.097
131.1051
2736.844
1.2
Item_Plant_L
0
0.5645752
0
-4965.629
137.0418
2174.227
1.0
Item_Mushroom_D
1.363891
-0.4383545
0.4787597
-4475.797
179.3164
1972.672
1.0
Weapon_Lsword_001
-2.190707
-0.843165
1.526937
-4258.449
146.81
2163.92
1.0
FldObj_Magnetic_Fld_01.005
0
-1.919862
0
-4392.79
158.8354
2082.68
1.0
TBox_Field_Iron
-0.1570796
-0.3665192
0.4363323
-4118.09
151.31
2051.18
1.0
Item_Mushroom_D
1.689819
-0.1437988
-0.2983398
-4058.391
213.0234
1972.699
1.0
FldObj_BoneGiant_BackBone_A_02.006
-1.931188
1.401461
-1.966237
-4365.227
171.1088
2381.188
1.25
Item_Plant_O
1.69458
-0.6446533
-0.1103516
-3861.996
273.1016
2058.234
1.0
Obj_TreeBroadleafLow_Branch_A_01
0
0.8037379
0
-4587.842
140.4091
2621.009
1.0
Obj_TreeBroadleafLow_Branch_A_02.005
0
0.5235988
0
-4468.153
146.5753
2736.144
1.0
Obj_TreeBroadleafLow_Branch_A_02.006
0
-1.06
0
-4586.99
141.8788
2624.605
1.0
Obj_TreeBroadleafLow_Branch_A_01.001
0
0.9305176
0
-4582.792
150.3933
2726.841
1.0
FldObj_Magnetic_Fld_01.006
0
-2.443461
0
-4434.9
162.18
2261.5
1.0
FldObj_BoneGiant_Rib_A_01.003
2.85692
-0.4064896
-1.966843
-4622.844
141.9378
2330.368
1.0
FldObj_BoneGiant_BackBone_A_02.007
2.638034
0.09168935
3.064069
-4710.971
196.1958
2171.335
1.0
FldObj_GerudoDesertRock_A_10.004
0
-2.701591
0
-4647.164
129.0337
2774.253
1.2
FldObj_BoneGiant_BackBone_A_02.008
-3.001592
1.34
-3.141592
-4643.966
132.8308
2400.917
1.0
FldObj_TravelerTrace_Mark_A_01.001
0
0
0
-4598.586
139.4454
2648.164
1.0
FldObj_Magnetic_Fld_01.007
0
2.9147
0
-4812.8
139.1609
2429.5
1.0
Item_Plant_L
3.141479
-0.2290039
3.141479
-4407.652
166.4119
2405.074
1.0
Item_Mushroom_D
1.20459
0.2838135
-0.3422851
-4121.867
163.6445
2007.117
1.0
Item_Plant_L
3.141479
0.800415
3.141479
-4926.559
137.7919
2169.551
1.0
Item_Mushroom_D
1.092529
-1.244263
0.2999267
-4491.449
194.4102
1936.578
1.0
FldObj_BoneGiant_BackBone_A_02.009
0.2207933
-1.233715
-0.4408688
-4427.256
144.894
2504.592
1.25
FldObj_BoneGiant_BackBone_A_02.010
0.2000004
-1.361592
4.20947E-07
-4645.508
150.6156
2229.538
1.0
FldObj_Magnetic_Fld_01.008
0
2.650727
0
-4715.7
148.2
2052.4
1.0
TBox_Field_Iron
0.743939
-0.7189415
-0.5542533
-4126.993
158.8674
2585.337
1.0
TBox_Field_Wood
-0.0009401141
-0.5370372
0.0008402838
-4498.394
172.7911
2137.479
1.0
Weapon_Spear_021
-1.46162
1.338101
2.977404
-4130.115
162.3462
2581.962
1.0
Obj_TreeBroadleafLow_Branch_A_01.002
0
5.988811
0
-4588.427
140.6943
2636.935
1.0
Item_Plant_F
3.141479
-1.507935
3.141479
-4443.34
166.3521
2281.887
1.0
FldObj_GerudoDesertRock_A_10.005
0
-2.821591
0
-4681.944
132.3409
2685.115
1.2
FldObj_GerudoDesertRock_A_05.003
0.01581304
0.8797579
-0.0313836
-4769.359
129.7495
2829.256
1.0
Obj_TreeBroadleafLow_Branch_A_02.007
0
-0.5364013
0
-4463.942
147.6772
2717.233
1.0
Obj_TreeBroadleafLow_Branch_A_02.008
0
2.617994
0
-4569.745
140.1755
2636.565
1.0
Item_Mushroom_D
1.272217
-1.4646
0.1558838
-3972.441
195.1289
2040.461
1.0
FldObj_BoneGiant_BackBone_A_02.011
2.781867
-0.2741584
-1.842033
-4620.372
134.9459
2338.505
1.0
Obj_TreeBroadleafLow_Branch_A_02.009
0
2.886355
0
-4580.401
150.3367
2726.046
1.0
Item_Mushroom_D
1.187866
0.2147217
-0.1342773
-4855.586
209.5859
1866.313
1.0
Item_Plant_F
3.141479
0.01184082
3.141479
-4609.141
151.4961
2223.84
1.0
Obj_TreeBroadleafLow_Branch_A_02.010
0
-0.5364013
0
-4475.033
149.4526
2721.181
1.0
FldObj_BoneGiant_BackBone_A_02.012
-0.2199996
-1.321592
3.541822E-07
-4614.17
149.9047
2223.156
1.0
FldObj_GerudoDesertRock_A_12
0
0
0
-4819.376
130.4119
2824.129
1.0
FldObj_BoneGiant_BackBone_A_02.013
-2.847137
0.645633
-2.806109
-4483.668
165.5215
2277.493
1.25
FldObj_BridgeGerdoQuarry_A_02
3.044365
0.8804796
3.015763
-4457.715
163.029
2150.764
1.0
FldObj_Magnetic_Fld_01.009
0
-2.443461
0
-4026.1
150.66
2709.2
1.0
Item_Plant_L
3.141479
0.6607665
3.141479
-4689.777
152.6295
2176.855
1.0
FldObj_Magnetic_Fld_01.010
0
-2.70526
0
-4581.87
143.9534
2109.13
1.0
Weapon_Lsword_001
-2.577972
-0.8166474
1.814344
-4313.933
175.7661
2297.875
1.0
FldObj_BoneGiant_BackBone_A_02.014
-2.525333
1.377242
-2.143261
-4396.576
165.3472
2383.892
1.25
FldObj_BoneGiant_BackBone_A_02.015
-1.270716
-1.353008
1.477758
-4304.885
164.7985
2275.339
1.25
Item_Plant_F
3.141479
0.4675293
3.141479
-4667.828
135.1702
2005.063
1.0
Item_Mushroom_D
1.688354
-0.9552001
-0.2707519
-4546.965
162.5195
2173.199
1.0
FldObj_BoneGiant_Rib_A_01.004
2.90352
-0.2634546
-1.849203
-4618.306
141.937
2336.808
1.216567
Area
0
-1.04
0
-4131.867
159.2808
2592.836
50
AnchorAction1
0
-1.04
0
-4130.91
159.3499
2582.028
0.25
Weapon_Lsword_001
2.430914
0.03604123
2.41424
-4894.495
143.0216
2353.806
1.0
Item_Mushroom_D
1.547241
-0.5908203
-0.1879883
-4343.563
187.1875
2059.191
1.0
FldObj_Magnetic_Fld_01.011
0
-2.617994
0
-4406.21
167.0369
2391.53
1.0
FldObj_DesertRuin_A_04.002
0
0
0
-4443.07
184.58
2270.65
1.0
TBox_Field_Iron
0.2617994
-0.5235988
-0.7853982
-4190.6
149.04
2068.05
1.0
TBox_Field_Stone
0
1.570796
0
-4938.5
140.0988
2156.9
1.0
Weapon_Lsword_001
-2.919417
-0.7225329
2.053392
-4270.923
167.74
2530.381
1.0
FldObj_Magnetic_Fld_01.012
0
-2.181662
0
-4146.01
159.13
2377.37
1.0
SpotBgmTag
0
0
0
-4798.367
133
2799.087
40
FldObj_BoneGiant_BackBone_A_02.016
-2.411553
0.6803026
-2.780795
-4461.534
157.2482
2255.931
1.25
Animal_Sunazarashi_A
0
0
0
-4609.491
145.3385
2683.421
1.0
Item_Plant_F
0
-0.3183594
0
-4670.393
132.2968
2413.115
1.0
Item_Plant_L
3.141479
-1.538574
3.141479
-4738.867
161.179
2169.719
1.0
Obj_TreeBroadleafLow_Branch_A_01.003
0
6.048132
0
-4467.071
146.6837
2732.799
1.0
Enemy_Lizalfos_Guard_Junior
0
1.88
0
-4482.552
173.6839
2133.983
1.0
FldObj_GerudoDesertRock_A_12.001
0
-0.6599999
0
-4775.746
132.3536
2770.092
0.9
Weapon_Lsword_001
2.859776
-0.4100231
2.331259
-4643.12
156.9408
2219.986
1.0
FldObj_GerudoDesertRock_A_20
0
0
0
-4717.718
132.8451
2653.498
1.2
Item_Mushroom_D
1.716308
-0.750122
-0.4372558
-4371.051
185.5039
2042.035
1.0
Area
0
0
0
-4497.566
172.8108
2140.63
25
FldObj_BoneGiant_BackBone_A_02.017
2.870281
1.300061
-3.132626
-4675.062
130.2035
2407.951
1.0
FldObj_GerudoDesertRock_A_13.001
2.403143
0.1568115
1.943272
-4822.68
134.1036
2773.651
1.25
Item_Plant_L
0
1.412964
0
-4917.117
137.7616
2169.594
1.0
Animal_Sunazarashi_A
0
0
0
-4634.152
146.5946
2704.938
1.0
FldObj_GerudoDesertRock_A_11.002
0
0
0
-4819.376
122.0397
2824.129
1.0
Area
0
0
0
-4497.566
172.8108
2140.63
50
Weapon_Lsword_001
-2.812678
-0.7602619
1.981259
-4435.935
167.45
2260.267
1.0
FldObj_DesertRuin_A_04.003
0
0
0
-4385
164.24
2580.71
1.0
FldObj_GerudoDesertRock_A_05.004
0
2.763185
0
-4585.843
138.1161
2631.28
1.0
FldObj_BoneGiant_Rib_A_01.005
-0.5478276
0.05999988
-1.581334
-4131.18
145.54
2373.5
1.216567
Obj_TreePalmMini_A_01
0
0
0
-4583.574
142.9404
2632.534
1.0
FldObj_Magnetic_Fld_01.013
0
2.101288
0
-4942.4
140.7
2116.296
1.0
TBox_Field_Iron
0.3184696
0.7914664
0.4339832
-4020.98
158.98
2201.35
1.0
FldObj_GerudoDesertRock_A_20.001
0
2.943185
0
-4647.586
132.6827
2787.012
1.036014
SwitchCandlestickOn
0
0.16
0
-4649.05
146.3221
2775.589
1.0
Obj_TreeBroadleafLow_Branch_A_01.004
0
4.732363
0
-4474.527
148.543
2718.714
1.0
Weapon_Lsword_001
2.629991
-0.1848331
2.399303
-4812.438
144.4309
2427.931
1.0
Area
0
-1.04
0
-4131.867
159.2808
2592.836
25
Item_Mushroom_D
1.554932
0.5640869
0.4089355
-4879.902
184.293
1901.715
1.0
GrassCutTag
0
0.7853982
0
-4491.768
147.5241
2708.232
1.0
Weapon_Lsword_001
2.452678
0.01158478
2.414758
-4714.941
153.47
2050.98
1.0
FldObj_DesertRuin_A_04.004
0
0
0
-4228.6
185.32
2432.24
1.0
Obj_BreakBoxIron
-0.165604
-1.037702
0.2060715
-4119.752
159.4246
2592.69
1.0
FldObj_BoneGiant_Rib_A_01.006
2.668186
-0.03963915
2.945298
-4702.697
199.861
2165.371
1.0
FldObj_GerudoDesertRock_A_05.005
0
-1.596403
0
-4468.494
144.1105
2718.566
1.0
SwitchCandlestickOn
0
0.16
0
-4649.608
146.3324
2772.302
1.0
Item_Mushroom_D
1.463013
-0.281372
0.05114745
-4521.449
179.5352
1883.148
1.0
Item_Mushroom_D
2.147949
-1.037964
-0.8912353
-4567.289
169.9727
1807.453
1.0
Item_Plant_F
3.141479
-0.9523925
3.141479
-4146.738
145.7088
2118.094
1.0
FldObj_DesertRuin_A_04.005
0
0
0
-4228.6
185.32
2408.04
1.0
FldObj_StageGerdoNarrow_A_02_A10
3.079934
0.3361963
2.956593
-4491.041
163.0128
2182.478
1.0
TBox_Field_Iron
0
0
0
-4109.422
147.82
2112.028
1.0
Obj_TreeBroadleafLow_Branch_A_02.011
0
5.155283
0
-4585.647
148.9799
2716.224
1.0
Obj_TreeBroadleafLow_Branch_A_02.012
0
0
0
-4521.025
143.24
2672.295
1.0
FldObj_Magnetic_Fld_01.014
0
2.890727
0
-4715.047
168.4
2188.506
1.0
Item_Plant_F
3.141479
0.5346679
3.141479
-4221.824
149.0202
2095.813
1.0
Item_Mushroom_D
0.993286
0.9836425
-0.3806152
-4910.516
234.2891
1899.094
1.0
Obj_TreeBroadleafLow_A_02.002
0
0
0
-4593.977
140.8088
2635.268
1.0
FldObj_Magnetic_Fld_01.015
0
2.301288
0
-4942.4
140.7
2196.4
1.0
Weapon_Lsword_001
3.085992
-0.5807529
2.222973
-4466.25
156.0779
2513.547
1.0
FldObj_Magnetic_Fld_01.016
0
-1.937315
0
-4584.36
159.5917
2002.73
1.0
FldObj_GerudoDesertRock_A_10.006
0
2.781593
0
-4644.707
130.9634
2780.702
1.249275
Item_Mushroom_D
1.246704
0.7906494
0.2351074
-4968.379
227.3867
1983.059
1.0
Item_Plant_L
0
0.909912
0
-4947.98
137.264
2169.797
1.0
Item_Plant_L
0
0.3095703
0
-4386.787
170.2121
2394.359
1.0
FldObj_Magnetic_Fld_01.017
0
-2.952457
0
-4596.5
141.6
2343.2
1.0
Obj_TreeBroadleafLow_Branch_A_01.005
0
1.224809
0
-4574.322
148.3216
2713.342
1.0
FldObj_GerudoDesertRock_A_05.006
0
0.003185717
-0.2
-4641.074
139.5632
2775.908
1.0
Item_Plant_L
3.141479
-0.1531982
3.141479
-4959.707
137.3024
2169.793
1.0
FldObj_Magnetic_Fld_01.018
0
-3.052458
0
-4597.8
164.7
2501.6
1.0
Weapon_Lsword_001
-2.060595
-0.8351076
1.430063
-4394.303
164.1054
2082.129
1.0
Item_Plant_F
3.141479
-0.7412109
3.141479
-4971.004
140.3981
2130.559
1.0
FldObj_Magnetic_Fld_01.019
0
-2.007129
0
-4256.99
141.54
2164.6
1.0
Item_Plant_O
1.110107
-1.009888
0.4049072
-3941.789
203.3633
2110.063
1.0
Enemy_Octarock_Desert
0
0
0
-4196.6
150.7974
2046.6
1.0
FldObj_GerudoDesertRock_A_11.003
-0.2555747
0.8544074
-0.3054693
-4821.796
126.3217
2829.607
1.0
Enemy_Octarock_Desert
0
0.7853982
0
-4105.27
151.2422
2773.17
1.0
Item_Mushroom_D
1.04248
-0.08325195
-0.4443359
-4736.113
142.875
2655.227
1.0