UnitConfigName/__text
Rotate/value/0
Rotate/value/1
Rotate/value/2
Translate/value/0
Translate/value/1
Translate/value/2
_Scale
Item_Fruit_C
3.140969
1.399892
3.140824
-4551.078
134.8443
3504.664
1.0
EnemyLookTag
0
0.76
0
-4617.2
143.3
3200
1.0
LinkTagOr
0
0
0
-4177.292
139.9817
3084.068
1.0
FldObj_DesertRuin_A_13
0.03820562
0.003045891
-0.1590915
-4653.577
133.1755
3527.499
1.0
FldObj_DesertRuin_A_02
0
-1.539115
0
-4103.41
112.5978
3760.219
1.0
Item_Fruit_F
-2.29562
-0.3988537
-1.170766
-4265.378
141.4733
3160.886
1.0
Item_Fruit_F
-1.134948
-0.3046715
0.9219505
-4389.629
141.472
3149.727
1.0
FldObj_BoneGiant_Rib_A_03_Far
0.09733009
-0.6902005
-0.2776449
-4181
160.396
3070.318
1.000002
Item_Fruit_I
0
-2.879793
0
-4201.057
140.5928
3096.269
1.0
Item_Fruit_C
0
-0.1056039
0
-4344.636
144.9802
3712.649
1.0
BoxWater
0
2.983186
0
-4872.319
125.1616
3825.758
6.6
Item_Fruit_F
-0.4141737
0.2807977
0.9125544
-4029.625
122.7405
3754.695
1.0
FldObj_DesertRuin_A_02_Far
0
-1.570796
0
-4200.439
112.5978
3708.462
1.0
Enemy_Bokoblin_Senior
0
0.6199999
0
-4508.3
147.5512
3112.7
1.0
Item_Fruit_I
0
-2.879793
0
-4312.547
132.4246
3436.427
1.0
LinkTagAnd
0
0
0
-4847.036
125.3733
3772.63
1.0
Enemy_Bokoblin_Guard_Middle_TreeHouseTop
0
-2.616403
0
-4878.941
150.5756
3525.691
1.0
LinkTagOr
0
-2.128791
0
-4861.232
129.1013
3264.604
1.0
LinkTagOr
0
0
0
-4301.426
130.6033
3437.675
1.0
Item_Fruit_C
0.0001813127
0.9626475
8.153549E-05
-4926.211
138.3344
3545.149
1.0
Area
0
-2.705399
0
-4847.036
125.3733
3772.63
25
FldObj_DesertRuin_A_09_Far
0
-0.1892037
0
-4592.578
128.0521
3522.977
1.0
FldObj_BoneWhale_A_01
-3.044518
0.4430901
-2.809956
-4872.457
137.7205
3817.843
1.0
Item_Fruit_F
3.107907
0.08482395
-1.019477
-4046.358
142.9826
3232.818
1.0
FldObj_DesertRuin_A_02_Far.001
0
-1.570796
0
-4145.627
112.5978
3764.29
1.0
Enemy_Lizalfos_Guard_Junior
0
-3.02
0
-4175.581
148.0308
3048.542
1.0
Item_Fruit_C
0
-1.865604
0
-4343.395
146.1702
3711.946
1.0
FldObj_DesertRuin_A_09
0
-0.1892037
0
-4595.052
128.0521
3535.898
1.0
LinkTagNOr
0
-1.031863
0
-4650.166
132.3565
3857.863
1.0
LinkTagOr
-0.06612261
0.002111048
0.06380778
-4159.987
135.6582
3826.036
1.0
FldObj_DesertRuin_A_02_Far.002
0
1.607433
0
-4109.496
112.5978
3867.985
1.0
Item_Fruit_C
0
-0.4288233
0
-4221.245
127.5962
3471.674
1.0
Item_Fruit_F
-1.012368
-0.5101395
-1.805534
-4456.425
131.4364
3456.031
1.0
LinkTagAnd
0
-2.128791
0
-4863.316
134.1013
3264.959
1.0
FldObj_DesertRuin_A_08_Far
0
-0.1892034
0
-4592.774
128.1521
3522.939
1.0
Obj_Plant_Korok_A_01
-2.359227
1.183275
-2.805258
-4186.844
164.7245
3064.5
1.0
LinkTagAnd
0
-2.199999
0
-4353.566
150.7598
3711.532
1.0
Area
0
0.8487892
0
-4850.805
152.4518
3566.794
2
FldObj_DesertRuin_A_02_Far.003
0
-1.554159
0
-4201.807
112.5978
3763.72
1.0
LinkTagAnd
0
0
0
-4171.255
156.4323
3058.97
1.0
Area
0
-0.7892737
0
-4875.814
152.5007
3555.375
2
LinkTagAnd
0
2.983186
0
-4793.852
133.5601
3681.821
1.0
Enemy_Bokoblin_Senior
0
-0.614741
0
-4866.547
145.4612
3545.201
1.0
LinkTagAnd
0
0
0
-4858.604
134.5029
3256.786
1.0
AnchorAction3
0
0
0
-4819.329
130.0577
3715.611
1.0
Item_Fruit_F
-2.867126
-0.1058064
-1.022751
-4224.285
128.1443
3709.134
1.0
Area
0
1.494187
0
-4844.912
152.4611
3547.772
2
Obj_Plant_Korok_A_01.001
2.999578
0.5642891
2.880362
-4195.165
165.4362
3090.172
1.0
LinkTagAnd
-0.567059
-0.5732174
0.2135146
-4175.978
162.4432
3066.324
1.0
Area
0
0
0
-4863.956
146.0854
3804.652
1.0
LinkTagOr
3.141479
0.5891113
3.141479
-4116.275
124.7373
3747.757
1.0
LinkTagNAnd
-0.567059
-0.5732174
0.2135146
-4177.62
162.0872
3065.239
1.0
LinkTagOr
0
2.059999
0
-4862.431
131.8502
3260.524
1.0
FldObj_DesertRuin_A_10_Far
0
-3.109912
0
-4109.888
117.7541
3816.831
1.0
Enemy_Moriblin_Senior
0
-2.094395
0
-4195.448
139.465
3082.797
1.0
Obj_TreeCactusMini_A_01
3.141479
-0.9848632
3.141479
-4105.301
139.9734
3558.48
1.0
LinkTagNAnd
0
-0.409199
0
-4846.456
136.243
3775.062
0.6
Obj_TreeCactusMini_A_01.001
0
0.6569824
0
-4546.742
132.6121
3488.797
1.0
FldObj_DesertRuin_A_02.001
0
-1.570796
0
-4212.736
112.5978
3923.65
1.0
EnemyLookTag
0
-0.36
0
-4505.9
149.9
3116.2
1.0
EnemyLookTag
0
2.284262
0
-4638.874
132.8381
3860.091
1.0
SandStorm_Distance_A8
0
0
0
-4857.12
122.7339
3793.271
1.0
FldObj_DesertRuin_A_11_Far
0.2506421
0.7992689
0.3248701
-4179.4
120.7318
3832.947
1.0
FldObj_DesertRuin_A_07
0
1.381593
0
-4629.114
125.5412
3547.247
1.0
LinkTagOr
3.141479
0.9074706
3.141479
-4888.962
132.316
3631.193
1.0
FldObj_DesertRuin_A_10
0
1.381593
0
-4604.647
125.5412
3516.157
1.0
AnchorAction1
0
0
0
-4200.804
138.657
3079.287
1.0
PlayerOnScaffoldCheckTag
0
2.621385
0
-4857.56
152.4612
3527.906
1.0
Obj_PlantMelonGrass_A_01
0
-0.3775635
0
-4221.906
127.8142
3718.293
1.0
Item_Fruit_C
0
-2.128791
0
-4866.333
130.9151
3259.033
1.0
Obj_Plant_ChiliPepper_A_01
0
0
0
-4301.957
130.6033
3439.74
1.0
ConstraintDummy
0
0
0
-4824.455
132.2475
3409.928
1.0
FldObj_DesertRuin_A_13_Far
0
0
0
-4622.735
130.2092
3515.886
1.0
Obj_PlantMelonGrass_A_01.001
3.141479
0.6712645
3.141479
-4253.207
145.1538
3274.027
1.0
Obj_Plant_ChiliPepper_A_01.001
0
0
0
-4177.823
139.9817
3086.134
1.0
ConstraintDummy
0
0
0
-4285.849
132.9171
3673.828
1.0
LinkTagNone
0
0
0
-4200.804
138.657
3079.287
1.0
LinkTagAnd
0
0
0
-4194.945
166.6073
3090.316
1.0
Obj_TreeCactusMini_A_01.002
0
-0.5336914
0
-4877.266
129.0571
3113.711
1.0
EnemyLookTag
0
2.903185
0
-4621.465
130.1389
3536.38
1.0
BattleBgmRequestFinishTag
0
-0.7892737
0
-4863.474
165.4588
3558.754
1.0
FldObj_DesertRuin_A_11
-2.834003
0.6576883
-2.807482
-4145.277
122.6205
3839.794
1.0
Obj_PlantMelonGrass_A_01.002
0
0.2540283
0
-4556.563
134.5829
3460.918
1.0
Npc_GerudoDesert004
0
0
0
-4818.863
130.2259
3713.281
1.0
Obj_TreeCactusMini_A_01.003
0
-0.9334716
0
-4336.508
131.0178
3451.707
1.0
FldObj_DesertRuin_A_13_Far.001
0.03820562
0.003045891
-0.1590915
-4653.577
133.1755
3527.499
1.0
LinkTagOr
3.141479
-0.3662109
3.141479
-4255.127
126.0618
3934.297
1.0
FldObj_DesertRuin_A_02.002
0
-1.570796
0
-4213.799
112.5978
3816.986
1.0
LinkTagOr
0
2.561593
0
-4196.167
168.1116
3091.28
1.0
FldObj_GerudoDesertRock_A_07
-0.14
-0.8
0
-4414.762
137.6275
3183.777
1.0
Item_Fruit_F
2.231177
0.1287077
2.268243
-4047.103
142.8672
3233.273
1.0
Item_Fruit_I
0
2.617994
0
-4826.603
133.3575
3409.732
1.0
FldObj_DesertRuin_A_13_Far.002
0.22
1.629815E-09
0
-4607.022
130.6664
3513.97
1.0
Item_Fruit_C
3.141479
0.5408936
3.141479
-4637.944
141.6905
3359.68
1.0
Enemy_Bokoblin_Guard_Middle_TreeHouseTop
0
0.6061995
0
-4624.998
138.114
3881.561
1.0
Item_Fruit_F
2.311445
0.4642494
-1.250718
-4645.419
122.0644
3959.266
1.0
Area
0
-0.6800004
0
-4202.979
146.986
3109.648
2
LinkTagNAnd
0
-0.1056039
0
-4346.584
146.0877
3710.871
1.0
Item_Fruit_F
-2.926434
-0.06951006
-1.017556
-4237.359
133.3577
3624.536
1.0
Enemy_Bokoblin_Senior
0
0.8687897
0
-4629.057
130.1664
3525.273
1.0
LinkTagAnd
0
0
0
-4152.771
113.5886
3820.066
1.0
Npc_HiddenKorokGround
0
0
0
-4307.612
132.1694
3459.745
1.0
DgnObj_WarpPoint_A_01
0
-0.409199
0
-4850.694
123.706
3781.066
1.0
FldObj_BoneGiant_Rib_A_03
0.05554385
-0.6431008
-0.2081635
-4172.855
154.3486
3058.488
0.8766183
DgnObj_DungeonEntrance_A_01
0
-0.409199
0
-4847.036
122.743
3772.63
1.0
Item_Fruit_I
0
2.617994
0
-4287.998
134.0271
3673.632
1.0
FldObj_DesertRuin_A_10_Far.001
0
1.381593
0
-4604.647
125.5412
3516.157
1.0
Item_Fruit_C
0
-1.2771
0
-4886.466
125.6873
3899.604
1.0
Obj_SweepCollision
0
0
0
-4870.938
122.722
3825.816
1.0
Item_Fruit_F
2.353836
0.02504364
2.277688
-4638.4
121.8934
3969.372
1.0
FldObj_DesertRuin_A_08
0
-0.1892034
0
-4592.774
128.1521
3522.939
1.0
FldObj_DesertRuin_A_11_Far.001
-0.3334296
-0.1171601
-0.2505288
-4142.542
121.8675
3762.395
1.0
Item_Fruit_C
3.141586
0.2432764
3.141365
-4136.334
135.0314
3368.735
1.0
LocationTag
0
0
0
-4863.956
146.0854
3804.652
1.0
Area
0
-2.858992
0
-4642.438
140.0746
3834.903
2
FldObj_DesertRuin_A_11_Far.002
-2.851482
-0.5298733
3.000061
-4140.958
122.9274
3838.632
1.0
ActorObserverTag
0
-0.1056039
0
-4346.584
144.5408
3710.871
1.5
PlayerOnScaffoldCheckTag
0
-1.031863
0
-4649.099
139.3534
3860.177
1.0
SwitchTimeLag
-1.584011
-0.0003345595
-0.05062122
-4189.948
167.8861
3085.738
0.5
Item_Fruit_F
0.2051226
0.06342365
-2.124746
-4390.471
141.5874
3149.958
1.0
Item_Fruit_F
1.303789
0.6459183
1.882365
-4266.168
141.3579
3160.517
1.0
FldObj_DesertRuin_A_11.001
-2.851482
-0.5298733
3.000061
-4140.958
122.9274
3838.632
1.0
ActorObserverTag
0
-2.128791
0
-4860.597
130.7185
3266.002
1.5
Area
0
-2.539999
0
-4864.6
171.3991
3825.686
12
Item_Fruit_F
2.62503
-0.2020053
2.25342
-4027.874
122.2938
3767.769
1.0
LinkTagNone
0
0
0
-4617.2
143.3
3200
1.0
Enemy_Bokoblin_Senior
0
0.4324565
0
-4871.526
145.4421
3544.746
1.0
Item_Fruit_F
1.698287
0.557118
-1.558062
-4324.688
132.3091
3762.115
1.0
LinkTagAnd
0
-0.7892737
0
-4874.313
145.5113
3545.415
1.0
Item_Fruit_C
8.226137E-05
0.5006114
1.355503E-05
-4679.77
141.0126
3754.917
1.0
LinkTagAnd
0
2.352319
0
-4863.134
165.5124
3553.246
1.0
Enemy_Moriblin_Senior
0
2.903185
0
-4623.236
130.2024
3543.668
1.0
FldObj_BoneGiant_BackBone_A_01_Far
3.080493
0.7150247
-2.958755
-4186.244
136.142
3101.853
1.0
Item_Fruit_I
0
0
0
-4284.607
133.0749
3683.357
1.0
LinkTagOr
0
-0.4
0
-4170.334
158.2323
3059.359
1.0
LinkTagOr
0
0.4147949
0
-4461.246
127.5617
3601.096
1.0
ActorObserverTag
0
-0.1056039
0
-4349.082
145.1661
3715.081
1.5
GreatFairyBeforeRevival
0
2.983186
0
-4871.006
129.7663
3825.857
1.0
Obj_LiftRockGerudo_A_01
-0.06612261
0.002111048
0.06380778
-4160.32
133.0374
3826.209
1.0
LinkTagOr
0
-0.3314209
0
-4751.083
121.4333
3925.962
1.0
Area
0
-2.128791
0
-4864.923
131.4091
3261.681
0.5
Obj_PlantMelonGrass_A_01.003
3.141479
-0.4304199
3.141479
-4769.761
130.4522
3851.817
1.0
Obj_TreeCactusMini_A_01.004
0
-2.128791
0
-4866.136
128.8585
3259.662
1.0
FldObj_DesertRuin_A_08.001
0
-1.76
0
-4605.836
128.1443
3520.438
1.0
ArmorProcessingEventTag
0
2.983186
0
-4869.852
126.7466
3820.543
1.0
Area
0
-0.4
0
-4171.255
156.4323
3058.97
2
LinkTagOr
0
-0.5336914
0
-4877.671
129.0571
3111.636
1.0
LinkTagOr
0
-0.1056039
0
-4348.917
143.3839
3715.329
1.0
LinkTagOr
3.141479
0.6712645
3.141479
-4254.302
145.1539
3272.545
1.0
LinkTagOr
0
-0.4
0
-4171.255
158.2323
3058.97
1.0
FldObj_DesertRuin_A_07_Far
0
-1.76
0
-4587.526
125.5412
3519.464
1.0
LinkTagOr
0
0.5292968
0
-4215.232
129.138
3394.556
1.0
FldObj_DesertRuin_A_02_Far.004
0
-1.570796
0
-4202.736
112.5978
3923.65
1.0
Obj_TreeCactusMini_A_01.005
3.141479
-1.00708
3.141479
-4942.316
126.7405
3842.422
1.0
Item_Fruit_I
0
0
0
-4817.096
133.5572
3410.003
1.0
FldObj_DesertRuin_A_11_Far.003
-1.302556
1.042894
-1.424428
-4146.095
122.1653
3760.627
1.0
Enemy_Bokoblin_Senior
0
-0.1712108
0
-4619.34
130.1353
3527.635
1.0
GrassCutTag
0
2.903185
0
-4621.465
130.1389
3536.38
1.0
Obj_TreeCactusMini_A_01.006
3.141479
-1.537231
3.141479
-4065.109
123.2779
3651.477
1.0
Obj_PlantMelonGrass_A_01.004
3.141479
-0.4871826
3.141479
-4422.664
138.7877
3780.609
1.0
LinkTagAnd
0
-0.409199
0
-4850.799
123.743
3777.538
0.3
KorokAnswerResponce
0
-0.1056039
0
-4350.67
143.3839
3716.732
0.5
Obj_TreeCactusMini_A_01.007
3.141479
-1.367432
3.141479
-4926.953
128.2635
3429.855
1.0
Enemy_Bokoblin_Senior
0
2.526852
0
-4872.314
145.126
3553.37
1.0
Enemy_Bokoblin_Senior
0
2.701592
0
-4508.1
147.745
3121.3
1.0
LinkTagOr
0
1.218872
0
-4738.62
121.545
3922.175
1.0
FldObj_DesertRuin_A_08.002
0
2.952389
0
-4595.272
128.1521
3535.978
1.0
Item_Fruit_I
0
0
0
-4310.296
131.4902
3445.213
1.0
FldObj_BoneGiant_Rib_A_03_Far.001
0.05554385
-0.6431008
-0.2081635
-4172.855
154.3486
3058.488
0.8766183
FldObj_DesertRuin_A_08_Far.001
0
-1.76
0
-4605.836
128.1443
3520.438
1.0
FldObj_DesertRuin_A_08.003
0
2.952389
0
-4621.545
128.1521
3530.947
1.0
FldObj_DesertRuin_A_14
0
-0.1892037
0
-4592.589
128.2021
3554.939
1.0
Area
1.570796
1.570796
0
-4873.468
118.0887
4001.102
75
Enemy_Bokoblin_Guard_Middle_TreeHouseTop
0
1.251598
0
-4614.709
138.1139
3864.511
1.0
FldObj_DesertRuin_A_12
-0.1084302
1.371902
-0.04689408
-4613.118
128.3397
3531.481
1.0
LinkTagOr
3.141479
-0.9848632
3.141479
-4103.208
139.973
3558.184
1.0
FldObj_DesertRuin_A_02_Far.005
0
-1.570796
0
-4213.799
112.5978
3816.986
1.0
Obj_Plant_Korok_A_01.002
-2.770026
0.4253857
2.994416
-4171.255
155.2323
3058.97
1.0
Obj_PlantMelonGrass_A_01.005
3.141479
0.5891113
3.141479
-4115.063
124.7371
3749.145
1.0
LinkTagOr
0
-2.128791
0
-4864.052
128.8585
3259.308
1.0
FldObj_DesertRuin_A_10.001
1.452119
-0.5675922
-1.506781
-4167.11
121.3986
3877.984
1.0
FldObj_BoneGiant_Rib_A_02_Far
3.044262
0.6902003
2.863947
-4166.265
154.4401
3073.361
0.8738632
Area
0
-0.1056039
0
-4346.402
145.666
3715.075
0.5
Obj_Mineral_A_01
0.2025867
-0.4319015
-3.08228
-4159.3
125.8
3823.2
1.0
EnemyLookTag
0
2.903185
0
-4622.528
130.2034
3540.753
1.0
Obj_PlantMelonGrass_A_01.006
0
-0.2763672
0
-4061.086
157.2032
3172.723
1.0
Enemy_Bokoblin_Senior
0
1.719998
0
-4621.396
142.7759
3200.635
1.0
EnemyChatFortMgrTag
0
2.903185
0
-4626.496
130.2024
3527.439
1.0
Obj_TreeCactusMini_A_01.008
3.141479
-0.9261475
3.141479
-4454.555
141.9727
3127.16
1.0
Obj_TreeCactusMini_A_01.009
0
-0.1056039
0
-4347.687
143.3839
3717.048
1.0
Npc_DressFairy_03
0
2.983186
0
-4870.938
122.722
3825.816
1.0
ActorObserverTag
0
-2.128791
0
-4863.757
130.9092
3259.268
1.5
LinkTagOr
0
0.6569824
0
-4548.819
132.6121
3488.403
1.0
FldObj_DesertRuin_A_13.001
0
2.801593
0
-4603.527
129.0425
3536.008
1.0
FldObj_BoneGiant_BackBone_A_01_Far.001
0.4834463
-1.524418
1.022927
-4246.592
139.1876
3112.475
1.0
Enemy_Bokoblin_Guard_Middle_TreeHouseTop
0
1.494187
0
-4844.912
150.5487
3547.772
1.0
Item_Fruit_I
0
0
0
-4312.171
132.3546
3436.213
1.0
LinkTagOr
0
-0.3775635
0
-4220.429
127.8142
3719.395
1.0
LinkTagAnd
0
0
0
-4152.771
113.5886
3820.066
1.0
FldObj_BoneGiant_BackBone_A_01_Far.002
2.963316
0.02498491
-3.003826
-4174.453
137.9154
3076.696
1.0
FldObj_BoneGiant_Rib_A_02
1.438735
-0.8590713
0.04641647
-4207.671
141.8087
3100.251
1.0
Obj_TreeCactusMini_A_01.010
3.141479
0.9074706
3.141479
-4888.582
132.3161
3629.113
1.0
Enemy_Bokoblin_Senior
0
2.284262
0
-4642.654
132.3793
3863.363
1.0
Obj_TreeCactusMini_A_01.011
3.141479
-0.3662109
3.141479
-4257.004
126.0622
3933.324
1.0
LinkTagOr
0
-0.9334716
0
-4336.074
131.0178
3449.638
1.0
KorokAnswerResponce
0
-2.128791
0
-4864.547
128.8585
3257.117
0.5
LinkTagNone
0
0
0
-4615.675
130.1927
3531.613
1.0
LinkTagOr
0
0.2540283
0
-4554.72
134.5829
3460.935
1.0
Item_Fruit_I
0
0
0
-4200.682
140.5229
3096.055
1.0
Obj_PlantMelonGrass_A_01.007
3.141479
-1.144897
3.141479
-4887.727
125.7571
3314.438
1.0
FldObj_DesertRuin_A_02_Far.006
0
-1.570796
0
-4167.814
112.5978
3764.29
1.0
FldObj_BoneGiant_BackBone_A_01
3.025525
0.606882
2.896473
-4190.364
163.2237
3093.691
1.0
FldObj_DesertRuin_A_08_Far.002
0
-1.76
0
-4610.84
128.1911
3546.57
1.0
Item_Fruit_I
0
2.617994
0
-4177.974
141.0917
3085.91
1.0
Obj_Mineral_A_01.001
0.2765842
-0.09484237
0.4475031
-4160.454
122.4004
3826.115
1.0
Enemy_Moriblin_Senior
0
2.094395
0
-4206.354
139.6592
3082.58
1.0
BoxWater
0
2.983186
0
-4870.981
125.1616
3826.937
6.400001
FldObj_DesertRuin_A_07.001
0
-1.76
0
-4587.526
125.5412
3519.464
1.0
FldObj_DesertRuin_A_07_Far.001
0
2.952389
0
-4611.513
126.1115
3550.622
1.0
Area
-0.06612261
0.002111048
0.06380778
-4160.384
134.0332
3826.143
3
Item_Fruit_C
3.141479
-0.3601074
3.141479
-4550.285
133.6387
3503.479
1.0
FldObj_GerudoDesertRock_A_07_Far
-0.14
-0.8
0
-4414.762
137.6275
3183.777
1.0
LinkTagNAnd
0
-2.128791
0
-4861.062
132.2653
3263.354
1.0
LinkTagNone
0
0
0
-4151.04
148.0259
3095.08
1.0
FldObj_GerudoDesertRock_A_22_Far
0
0
0
-4159.7
121.8
3825.7
1.0
Enemy_Bokoblin_Guard_Middle_TreeHouseTop
0
0.8487892
0
-4850.804
150.5394
3566.794
1.0
Item_Fruit_C
3.141479
0.4189453
3.141479
-4924.814
137.1287
3544.863
1.0
FldObj_SkullRockSand_A_01_Far
0
2.177786
0
-4870.252
145.3655
3549.856
1.0
Item_Fruit_I
0
2.617994
0
-4302.107
131.7133
3439.516
1.0
LinkTagAnd
0
2.561593
0
-4195.331
168.1116
3091.828
1.0
LinkTagNone
0
0
0
-4202.978
145.0736
3109.648
1.0
Item_Fruit_F
-0.6154557
-0.3891891
-1.980232
-4029.951
122.856
3755.504
1.0
LinkTagAnd
0.5224943
0.221213
-0.8210335
-4158.388
134.1607
3826.139
1.0
LinkTagAnd
0
2.109729
0
-4633.712
152.3651
3865.448
1.0
Item_Fruit_F
-0.07749065
0.4936623
1.041461
-4456.419
131.3209
3455.158
1.0
LinkTagNone
0
0
0
-4508.1
147.745
3121.3
1.0
Item_Fruit_C
0
1.331177
0
-4220.714
126.3905
3472.997
1.0
Enemy_Bokoblin_Senior
0
0.1898668
0
-4639.817
133.194
3855.181
1.0
EnemyLookTag
0
2.903185
0
-4626.496
130.2401
3527.439
1.0
Enemy_Lizalfos_Senior
0
1.943184
0
-4626.546
130.2046
3538.233
1.0
SpotBgmTag
0
0
0
-4870.2
125
3824.8
25
LinkTagAnd
0
-1.031863
0
-4642.684
132.364
3855.161
1.0
Item_Fruit_F
1.784031
0.5545312
-1.512799
-4052.963
156.2351
3168.156
1.0
Item_Fruit_C
5.21546E-05
0.2700207
2.163707E-06
-4793.326
138.4954
3189.68
1.0
ActorObserverTag
0
-0.1056039
0
-4344.406
144.5408
3709.295
1.5
Item_Fruit_F
1.937788
0.3528821
2.197356
-4225.143
128.0289
3709.296
1.0
LinkTagAnd
-0.01321453
-0.0003345595
-0.05062122
-4189.948
167.8993
3086.738
1.0
Area
0
-2.616403
0
-4878.941
152.488
3525.691
2
FldObj_BoneGiant_Rib_A_02.001
-3.106282
0.6854507
2.915355
-4175.676
159.9072
3086.027
1.0
LinkTagAnd
0
0
0
-4190.04
166.0621
3083.762
1.0
ActorObserverTag
0
-2.128791
0
-4861.062
130.7185
3263.354
1.5
PlayerOnScaffoldCheckTag
0
-0.7892737
0
-4879.336
152.5007
3551.825
1.0
LinkTagNAnd
-0.01321453
-0.0003345595
-0.05062122
-4191.945
168.0005
3086.737
1.0
BoxWater
0
2.983186
0
-4870.556
125.1616
3824.276
6.6
EnemyLookTag
0
2.526852
0
-4869.431
145.4122
3549.285
1.0
LinkTagOr
3.141479
-0.4304199
3.141479
-4771.578
130.4525
3852.123
1.0
LinkTagOr
0
-2.18
0
-4858.863
175.196
3832.497
1.0
Obj_PlantMelonGrass_A_01.008
0
-0.3314209
0
-4752.609
121.4333
3924.93
1.0
Obj_TreeCactusMini_A_01.012
0
0.4147949
0
-4459.324
127.5617
3601.977
1.0
FldObj_BoneGiant_Rib_A_03.001
0.09733009
-0.6902005
-0.2776449
-4181
160.396
3070.318
1.000002
Obj_TreeCactusMini_A_01.013
0
0.5292968
0
-4213.223
129.138
3395.211
1.0
FldObj_GerudoDesertRock_A_07.001
3.041593
-0.0215927
3.141593
-4484.545
137.551
3026.951
1.0
LinkTagOr
0
-2.199999
0
-4348.191
145.3856
3713.589
1.0
FldObj_DesertRuin_A_02.003
0
-1.570796
0
-4200.439
112.5978
3708.462
1.0
EnemyLookTag
0
0
0
-4200.804
139.5941
3079.287
1.0
Area
0
1.24
0
-4151.04
149.9384
3095.08
2
SwitchTimeLag
-2.137855
-0.5732174
0.2135146
-4175.417
162.0152
3065.615
0.5
FldObj_BoneGiant_BackBone_A_01.001
3.080493
0.7150247
-2.958755
-4186.244
136.142
3101.853
1.0
LinkTagOr
3.141479
-1.144897
3.141479
-4888.898
125.7573
3315.86
1.0
Area
0
1.251598
0
-4614.709
140.0099
3864.511
2
FldObj_GerudoDesertRock_A_07.002
0.153726
0.9488894
0.2387253
-4587.39
135.0797
3057.709
1.0
LinkTagOr
3.141479
-0.4871826
3.141479
-4424.461
138.788
3781.018
1.0
LinkTagOr
3.141479
-1.537231
3.141479
-4063.483
123.2775
3650.126
1.0
BattleBgmRequestFinishTag
0
-1.031863
0
-4635.365
152.3115
3870.713
1.0
LinkTagOr
3.141479
-1.00708
3.141479
-4940.23
126.7401
3842.079
1.0
FldObj_SkullRockSand_A_01_Far.001
0
1.935196
0
-4639.808
132.7623
3860.447
1.0
Obj_Plant_ChiliPepper_A_01.002
0
0
0
-4287.847
132.9171
3673.856
1.0
ConstraintDummy
0
0
0
-4175.825
139.9817
3086.105
1.0
DgnObj_EntranceShutter_A_01
0
-0.409199
0
-4848.548
123.7432
3776.116
1.0
Obj_Plant_ChiliPepper_A_01.003
0
0
0
-4826.453
132.2475
3409.957
1.0
FldObj_DesertRuin_A_08.004
0
-0.1892035
0
-4597.778
128.1521
3549.072
1.0
FldObj_DesertRuin_A_08_Far.003
0
-1.76
0
-4624.051
128.1521
3544.041
1.0
ConstraintDummy
0
0
0
-4299.958
130.6033
3439.712
1.0
PlayerOnScaffoldCheckTag
0
2.378795
0
-4622.214
140.0343
3842.189
1.0
FldObj_DesertRuin_A_11_Far.004
-2.834003
0.6576883
-2.807482
-4145.277
122.6205
3839.794
1.0
LinkTagOr
3.141479
-0.9261475
3.141479
-4452.448
141.9723
3126.987
1.0
LinkTagOr
0
-0.2763672
0
-4059.505
157.2032
3173.67
1.0
Item_Fruit_C
0
-0.1056039
0
-4348.167
145.4405
3717.5
1.0
Enemy_Bokoblin_Senior
0
-2.421592
0
-4613.568
142.6041
3204.202
1.0
Obj_Mineral_B_01
-0.3319808
0.8739927
3.100097
-4159.2
126.2
3828.1
1.0
FldObj_GerudoDesertRock_A_07_Far.001
1.982239E-08
-0.28
4.445592E-08
-4619.158
130.0074
3204.378
1.0
Obj_PlantMelonGrass_A_01.009
0
1.218872
0
-4739.684
121.545
3923.68
1.0
FldObj_DesertRuin_A_07_Far.002
0
1.381593
0
-4629.114
125.5412
3547.247
1.0
LinkTagOr
3.141479
-1.367432
3.141479
-4925.122
128.2631
3428.799
1.0
FldObj_DesertRuin_A_02_Far.007
0
-1.570796
0
-4212.736
112.5978
3923.65
1.0
Item_Fruit_F
2.907022
-0.4041511
2.168312
-4645.57
121.9489
3960.125
1.0
LinkTagOr
0
0
0
-4825.922
132.2475
3407.891
1.0
FldObj_GerudoDesertRock_A_07.003
-0.09999999
-1.2
0
-4507.514
135.3535
3113.414
1.0
Item_Fruit_C
0.0001457576
0.8406993
5.359541E-05
-4639.366
142.8962
3359.794
1.0
Enemy_Bokoblin_Guard_Middle_TreeHouseTop
0
-2.858992
0
-4642.438
138.2433
3834.903
1.0
FldObj_DesertRuin_A_08_Far.004
0
2.952389
0
-4621.545
128.1521
3530.947
1.0
FldObj_DesertRuin_A_05
0
0
0
-4208.632
119.7363
3726.92
0.9
LinkTagOr
0
-0.1056039
0
-4345.386
142.9236
3710.478
1.0
Item_Fruit_C
3.141479
1.111572
3.141479
-4792.068
137.2898
3190.352
1.0
Item_Fruit_I
0
-2.879793
0
-4310.671
131.5602
3445.427
1.0
Item_Fruit_F
-2.899102
-0.6239358
1.928886
-4052.71
156.1196
3168.991
1.0
FldObj_DesertRuin_A_05_Far
0
-3.141593
0
-4111.539
119.7363
3725.267
0.9
Item_Fruit_I
0
-2.879793
0
-4817.472
133.6272
3410.216
1.0
Item_Fruit_C
0
-2.128791
0
-4863.513
131.1578
3264.329
1.0
Item_Fruit_C
0
-3.0371
0
-4885.336
126.8929
3900.474
1.0
PlayerOnScaffoldCheckTag
0
-3.02
0
-4170.618
149.9432
3047.936
1.0
LinkTagOr
0
0
0
-4287.316
132.9171
3671.791
1.0
LinkTagNone
0
0
0
-4861.898
150.5488
3525.421
1.0
Area
0
0
0
-4870.2
125
3824.8
25
Item_Fruit_F
1.996779
0.3116685
2.216607
-4238.203
133.2423
3624.757
1.0
LinkTagNone
0
0
0
-4625.829
138.1628
3838.735
1.0
Enemy_Bokoblin_Senior
0
0.3887901
0
-4625.393
130.2062
3529.251
1.0
Area
-0.7823661
-1.183275
0.3363353
-4186.385
165.7864
3064.181
2
Area
0
-1.031863
0
-4646.532
139.3534
3864.468
2
FldObj_BoneGiant_Rib_A_02_Far.001
-3.106282
0.6854507
2.915355
-4175.676
159.9072
3086.027
1.0
Enemy_Bokoblin_Senior
0
-0.8573308
0
-4635.093
133.0715
3856.818
1.0
Item_Fruit_C
3.141479
-1.516724
3.141479
-4137.101
133.8259
3367.532
1.0
Obj_Mineral_B_01.001
-2.933878
-0.2445401
-2.861352
-4160.658
122.3777
3824.857
1.0
LinkTagAnd
0
2.059999
0
-4858.604
136.5029
3256.786
1.0
Area
0
0.6061995
0
-4624.998
140.0099
3881.561
2
FldObj_BoneGiant_Rib_A_02_Far.002
1.438735
-0.8590713
0.04641647
-4207.671
141.8087
3100.251
1.0
Item_Fruit_F
2.969594
0.1677332
-1.036939
-4637.737
122.0088
3968.804
1.0
LinkTagOr
-0.7823661
-1.183275
0.3363353
-4185.698
167.3792
3063.701
1.0
LinkTagNone
0
0
0
-4867.335
145.3212
3553.825
1.0
Item_Fruit_C
3.141479
0.8809814
3.141479
-4678.392
139.8069
3755.283
1.0
DestinationAnchor
0
-0.1584759
0
-4869.84
125.6783
3818.91
1.0
LinkTagAnd
0
-0.1056039
0
-4344.156
147.9236
3712.197
1.0
LinkTagPulse
0.111685
0.001352598
-0.02419525
-4306.591
133.0393
3459.844
0.25
Item_Fruit_F
-2.813486
-0.6477587
1.878019
-4324.375
132.1935
3762.93
1.0
Item_Fruit_I
0
-2.879793
0
-4284.983
133.1449
3683.571
1.0
LinkTagNOr
0
-0.7892737
0
-4880.928
145.5038
3549.835
1.0
LinkTagAnd
0.111685
0.001352598
-0.02419525
-4308.051
134.6651
3460.024
1.0
LinkTagNone
0
0
0
-4637.93
132.6423
3865.001
1.0
FldObj_BoneGiant_BackBone_A_01_Far.003
-2.715937
0.6267735
2.899536
-4163.308
148.6074
3057.65
0.941802
Item_Fruit_F
2.649414
0.336194
-1.117694
-4027.448
122.4093
3767.008
1.0
FldObj_DesertRuin_A_02_Far.008
0
-1.554159
0
-4211.805
112.5978
3763.887
1.0
Item_Fruit_C
0
2.394395
0
-4863.423
132.3478
3265.753
1.0
LinkTagAnd
0
0
0
-4796.717
145.6284
3713.536
1.0
FldObj_SkullRockSand_A_01
0
1.935196
0
-4639.808
132.7623
3860.447
1.0
FldObj_DesertRuin_A_11.002
-0.3334296
-0.1171601
-0.2505288
-4142.542
121.8675
3762.395
1.0
FldObj_DesertRuin_A_02_Far.009
0
-1.539115
0
-4103.41
112.5978
3760.219
1.0
FldObj_BoneGiant_BackBone_A_01_Far.004
-1.5783
0.07042176
3.106077
-4234.42
139.6642
3136.529
1.0
LinkTagOr
3.141479
0.4189453
3.141479
-4924.77
135.0953
3547.159
1.0
Obj_Plant_ChiliPepper_A_01.004
0
0
0
-4312.377
131.4746
3436.271
1.0
ConstraintDummy
0
0
0
-4308.503
130.6102
3445.242
1.0
Obj_PlantMelonGrass_A_01.010
0
0.2519531
0
-4029.629
122.536
3754.75
1.0
Enemy_Bokoblin_Guard_Middle_TreeHouseTop
0
2.621385
0
-4861.898
150.5488
3525.421
1.0
LinkTagOr
0
-0.668457
0
-4388.577
141.2674
3151.237
1.0
LinkTagAnd
0
0
0
-4869.7
168.1
3860.2
1.0
FldObj_BoneGiant_Rib_A_03_Far.002
3.041037
0.6479506
2.727392
-4180.104
160.512
3092.319
0.9000622
Obj_Plant_ChiliPepper_A_01.005
0
0
0
-4200.887
139.6429
3096.114
1.0
ConstraintDummy
0
0
0
-4815.303
132.6772
3410.032
1.0
Obj_PlantMelonGrass_A_01.011
3.141479
1.373169
3.141479
-4266.113
141.1533
3160.523
1.0
LinkTagAnd
0
0
0
-4877.789
127.1898
3794.354
1.0
FldObj_DesertRuin_A_02_Far.010
0
-1.570796
0
-4120.057
112.5978
3708.462
1.0
FldObj_DesertRuin_A_09_Far.001
0
-0.1892037
0
-4597.556
128.0521
3548.969
1.0
LinkTagOr
3.141479
-0.3601074
3.141479
-4548.641
131.6051
3505.082
1.0
Enemy_Lizalfos_Guard_Junior
0
1.24
0
-4151.04
148.0259
3095.08
1.0
FldObj_BoneGiant_BackBone_A_01.002
2.963316
0.02498491
-3.003826
-4174.453
137.9154
3076.696
1.0
KorokAnswerResponce
0
-2.128791
0
-4863.138
129.0029
3259.766
0.5
LookTag
0
-0.409199
0
-4851.213
122.743
3782.263
1.0
FldObj_GerudoDesertRock_A_22
0
0
0
-4159.7
121.8
3825.7
1.0
LinkTagOr
3.141479
0.7495117
3.141479
-4226.069
127.8245
3707.706
1.0
EventTag
0
2.352319
0
-4878.21
165.485
3545.317
1.0
Enemy_Bokoblin_Senior
0
-1.661938
0
-4864.452
145.4612
3549.74
1.0
LinkTagNAnd
0
-0.7892737
0
-4871.715
145.5233
3550.185
1.0
LinkTagOr
0
-2.128791
0
-4862.642
129.0029
3261.956
1.0
LinkTagAnd
0
0
0
-4174.485
159.5643
3065.01
1.0
Area
0.1420147
-0.5642892
-0.2612303
-4194.945
166.6073
3090.316
2
Obj_Plant_Korok_A_01.003
-2.574534
0.5732173
-2.928078
-4174.612
158.501
3065.552
1.0
FldObj_DesertRuin_A_05.001
0
-3.141593
0
-4111.539
119.7363
3725.267
0.9
LinkTagAnd
0
2.059999
0
-4861.96
131.8502
3261.406
1.0
ConstraintDummy
0
0
0
-4282.815
132.1949
3683.386
1.0
TBox_Field_Enemy
0
2.109729
0
-4647.196
137.3934
3864.865
1.0
FldObj_DesertRuin_A_11.003
-1.302556
1.042894
-1.424428
-4146.095
122.1653
3760.627
1.0
FldObj_BoneGiant_BackBone_A_01.003
0.4834463
-1.524418
1.022927
-4246.592
139.1876
3112.475
1.0
FldObj_DesertRuin_A_02.004
0
-1.470796
0
-4167.759
112.5978
3923.218
1.0
LinkTagOr
0
0.62854
0
-4454.681
131.1164
3454.553
1.0
LinkTagOr
0
1.331177
0
-4222.966
124.3574
3473.45
1.0
Enemy_Bokoblin_Senior
0
1.237065
0
-4643.597
132.8014
3858.453
1.0
ActorObserverTag
0
-2.128791
0
-4865.167
130.7648
3256.62
1.5
FldObj_DesertRuin_A_02.005
0
-1.570796
0
-4202.736
112.5978
3923.65
1.0
Area
0
-0.1056039
0
-4348.167
145.7902
3717.5
0.5
Obj_Mineral_A_01.002
0.1915473
1.042009
-0.06012344
-4157.644
123.0375
3825.5
1.0
Obj_TreeCactusMini_A_01.014
0
-0.1056039
0
-4345.921
143.2598
3714.623
1.0
FldObj_BoneGiant_BackBone_A_01.004
-2.886283
0.6854508
2.915354
-4171.238
156.2256
3068.858
1.0
Obj_PlantMelonGrass_A_01.012
3.141479
0.3875732
3.141479
-4047.066
142.6626
3233.23
1.0
LinkTagNAnd
0
-2.128791
0
-4860.597
132.2653
3266.002
1.0
LinkTagAnd
0
0
0
-4353.566
148.7598
3711.532
1.0
Item_Fruit_C
0
0.6569824
0
-4546.777
134.6452
3489.455
1.0
LinkTagPulse
-0.06612261
0.002111048
0.06380778
-4159.386
134.0969
3826.141
0.25
LinkTagAnd
-0.06612261
0.002111048
0.06380778
-4160.985
135.5945
3826.039
1.0
FldObj_DesertRuin_A_13.002
0
0
0
-4622.735
130.2092
3515.886
1.0
Item_Fruit_C
3.141479
-0.9848632
3.141479
-4105.479
142.0066
3557.846
1.0
TwnObj_FairySpring_D_01_Far
0
2.983186
0
-4870.938
122.722
3825.816
1.0
LinkTagNAnd
-0.7823661
-1.183275
0.3363353
-4188.969
168.476
3062.653
1.0
PosAfterDemoSkip
0
2.732394
0
-4849.859
123.743
3778.889
1.0
FldObj_DesertRuin_A_02.006
0
-1.539115
0
-4113.405
112.5978
3760.535
1.0
Enemy_Bokoblin_Senior
0
-1.010798
0
-4613.03
143.6047
3197.353
1.0
Item_Fruit_F
-3.003896
-0.02149119
-1.01403
-4114.286
125.0571
3748.882
1.0
FldObj_DesertRuin_A_11_Far.005
0.696766
-1.125601
-0.6468283
-4148.46
122.2825
3807.029
1.0
Animal_Sunazarashi_A
0
-1.2
0
-4835.432
127.4308
3718.766
1.0
FldObj_DesertRuin_A_08.005
0
-1.76
0
-4610.84
128.1911
3546.57
1.0
LinkTagAnd
-0.7823661
-1.183275
0.3363353
-4188.255
168.7254
3064.505
1.0
Item_Fruit_C
3.140991
1.393789
3.140847
-4257.567
129.3009
3933.894
1.0
LinkTagOr
0
0
0
-4200.356
139.6429
3094.048
1.0
LinkTagOr
0
0
0
-4793.34
133.8162
3684.613
1.0
Item_Fruit_C
0
-0.9334716
0
-4337.166
133.0509
3451.659
1.0
FldObj_GerudoDesertRock_A_01_Far
0
2.041592
0
-4389.584
114.4552
3082.813
1.0
LinkTagAnd
0
0
0
-4847.036
125.3733
3772.63
1.0
Item_Fruit_F
-0.4124645
0.2820668
0.9130291
-4556.559
134.7875
3460.863
1.0
Item_Fruit_C
0
1.274397
0
-4344.072
144.6599
3711.774
1.0
SwitchTimeLag
0
-0.7892737
0
-4865.618
165.4909
3546.362
1.0
Item_Fruit_I
0
-2.879793
0
-4177.993
140.9317
3086.289
1.0
FldObj_DesertRuin_A_02.007
0
1.607433
0
-4109.496
112.5978
3867.985
1.0
Item_Fruit_C
0
-2.293691
0
-4876.469
132.2959
3113.798
1.0
Item_Fruit_F
-2.934031
-0.06482488
-1.017046
-4252.411
145.4737
3273.829
1.0
DestinationAnchor
0
-0.1584759
0
-4869.604
125.2892
3817.429
1.0
Area
0
-2.128791
0
-4863.513
131.5075
3264.329
0.5
PlayerOnScaffoldCheckTag
0
-2.616403
0
-4874.615
152.488
3523.184
1.0
Enemy_Moriblin_Senior
0
0
0
-4200.061
139.7714
3071.658
1.0
Item_Fruit_I
0
-2.879793
0
-4302.126
131.5533
3439.896
1.0
Item_Fruit_F
-0.9026186
-0.1223549
0.8723026
-4221.871
128.0188
3718.25
1.0
LinkTagOr
0
0
0
-4311.846
131.4746
3434.206
1.0
Item_Fruit_C
7.848193E-05
0.4741221
1.178495E-05
-4889.292
135.5549
3628.741
1.0
Item_Fruit_I
0
0
0
-4287.641
133.7971
3673.798
1.0
FldObj_DesertRuin_A_13_Far.003
0
2.801593
0
-4603.527
129.0425
3536.008
1.0
DgnObj_EntranceTerminal_A_01
0
-0.9327977
0
-4847.588
123.7432
3778.93
1.0
Obj_TreeCactusMini_A_01.015
0
-1.2771
0
-4885.863
123.6542
3899.871
1.0
FldObj_DesertRuin_A_11.004
0.3679717
0.9198204
0.4167996
-4178.957
121.5972
3828.995
1.0
LinkTagOr
3.141479
0.6801758
3.141479
-4239.238
133.0379
3623.235
1.0
LinkTagOr
3.141479
-0.4611816
3.141479
-4647.385
121.7446
3960.432
1.0
FldObj_DesertRuin_A_07_Far.003
0
2.952389
0
-4640.95
125.5412
3509.116
1.0
Npc_HiddenKorokGround
0
-2.199999
0
-4347.897
142.8856
3713.184
1.0
Obj_TreeCactusMini_A_01.016
3.141479
0.5408936
3.141479
-4638.57
139.6574
3359.887
1.0
GrassCutTag
0
2.526852
0
-4869.431
145.4122
3549.285
1.0
FldObj_GerudoDesertRock_A_07_Far.002
-0.09999999
-1.2
0
-4507.514
135.3535
3113.414
1.0
LinkTagOr
3.141479
0.3875732
3.141479
-4048.532
142.6628
3232.114
1.0
PlayerOnScaffoldCheckTag
0
1.251598
0
-4616.278
140.0099
3869.259
1.0
Item_Fruit_C
0
-0.1056039
0
-4346.402
145.3163
3715.075
1.0
FldObj_BoneGiant_BackBone_A_01.005
-1.5783
0.07042176
3.106077
-4234.42
139.6642
3136.529
1.0
Item_Fruit_I
0
0
0
-4826.247
133.1275
3409.898
1.0
LinkTagOr
3.141479
0.8809814
3.141479
-4679.376
137.7737
3757.358
1.0
LinkTagOr
3.141479
-1.001709
3.141479
-4325.773
131.9892
3764.127
1.0
LinkTagAnd
0
-0.7892737
0
-4868.215
145.4923
3554.385
1.0
GrassCutTag
0
0
0
-4200.804
139.5941
3079.287
1.0
AnchorAction1
0
2.526852
0
-4869.431
145.4122
3549.285
1.0
Obj_PlantMelonGrass_A_01.013
3.141479
-0.1251221
3.141479
-4027.863
122.0893
3767.715
1.0
AnchorAction1
0
2.903185
0
-4621.465
130.2024
3536.38
1.0
LocationTag
0
0
0
-4152.771
113.5886
3820.066
1.0
LinkTagAnd
0
2.983186
0
-4889.596
126.8618
3833.899
1.0
LookTag
0
1.586133
0
-4645.423
139.1534
3864.838
1.0
LinkTagOr
3.141479
1.373169
3.141479
-4265.992
141.1534
3158.685
1.0
Area
0
2.378795
0
-4625.829
140.0343
3838.735
2
EnemyFortressMgrTag
0
2.284262
0
-4638.874
132.8381
3860.091
1.0
Obj_PlantMelonGrass_A_01.014
0
-0.668457
0
-4389.676
141.2674
3149.758
1.0
FldObj_DesertRuin_A_12_Far
-0.1084302
1.371902
-0.04689408
-4613.118
128.3397
3531.481
1.0
LinkTagAnd
0
-1.031863
0
-4637.848
132.3534
3868.793
1.0
SwitchTimeLag
-1.570796
-0.4
0
-4172.034
158.2323
3060.812
0.5
Enemy_Bokoblin_Senior
0
-2.951726
0
-4637.93
132.6423
3865.001
1.0
LinkTagOr
3.141479
-1.516724
3.141479
-4134.971
131.7923
3366.671
1.0
Obj_PlantMelonGrass_A_01.015
3.141479
0.2272949
3.141479
-4638.371
121.6888
3969.324
1.0
Item_Fruit_C
0
-1.230703
0
-4212.759
132.3768
3394.558
1.0
LinkTagOr
-0.01321453
-0.0003345595
-0.05062122
-4189.949
167.8596
3083.738
1.0
LinkTagNone
0
0
0
-4850.804
150.5394
3566.794
1.0
LinkTagNone
0
0
0
-4624.998
138.114
3881.561
1.0
SwitchTimeLag
1.570796
-0.9415933
3.141593
-4353.566
148.7598
3711.532
0.5
LocationTag
0
0
0
-4847.036
125.3733
3772.63
1.0
Item_Fruit_F
2.004242
0.3062964
2.218877
-4253.253
145.3583
3274.058
1.0
Item_Fruit_C
0
-0.5336914
0
-4877.89
131.0903
3113.923
1.0
ActorObserverTag
0
-0.1056039
0
-4347.316
144.8299
3712.656
1.5
Area
-0.01321453
-0.0003345595
-0.05062122
-4190.04
166.0621
3083.762
2
FldObj_BoneGiant_Rib_A_03.002
3.041037
0.6479506
2.727392
-4180.104
160.512
3092.319
0.9000622
Item_Fruit_F
2.879565
-0.3867066
2.178889
-4769.755
130.6568
3851.872
1.0
Item_Fruit_F
-0.08187771
-0.1140422
-2.117404
-4753.293
121.7533
3925.382
1.0
Area
0
-2.128791
0
-4862.972
131.2185
3265.219
0.5
LocationTag
0
0
0
-4870.2
125
3824.8
1.0
FldObj_DesertRuin_A_09.001
0
-0.1892037
0
-4592.578
128.0521
3522.977
1.0
Item_Fruit_I
0
2.617994
0
-4284.964
133.3049
3683.191
1.0
LinkTagAnd
0.6429357
0.3565429
-0.8749173
-4305.591
133.0151
3459.842
1.0
FldObj_DesertRuin_A_13.003
0.22
1.629815E-09
0
-4607.022
130.6664
3513.97
1.0
Npc_HiddenKorokFly
0
-2.18
0
-4859.178
172.696
3832.948
1.0
Item_Fruit_C
0
-1.345205
0
-4458.789
130.8005
3601.38
1.0
FldObj_DesertRuin_A_11.005
0.696766
-1.125601
-0.6468283
-4148.46
122.2825
3807.029
1.0
Area
1.570796
1.570796
0
-4767.28
128.5418
3504.797
175
LinkTagAnd
0
0
0
-4863.956
146.0854
3804.652
1.0
FldObj_BoneGiant_BackBone_A_01_Far.005
-3.046282
0.6854508
2.915355
-4180.749
161.5272
3081.081
1.0
LinkTagNone
0
0
0
-4175.581
148.0308
3048.542
1.0
FldObj_DesertRuin_A_02_Far.011
0
1.607433
0
-4099.506
112.5978
3867.552
1.0
Item_Fruit_I
0
2.617994
0
-4310.652
131.7202
3445.047
1.0
PlayerOnScaffoldCheckTag
0
-0.6800004
0
-4206.866
146.986
3106.504
1.0
FldObj_DesertRuin_A_14_Far
0
-0.1892037
0
-4585.838
127.999
3519.685
1.0
LinkTagNone
0
0
0
-4160.658
122.3777
3824.857
1.0
LinkTagNone
0
0
0
-4844.912
150.5487
3547.772
1.0
TwnObj_FairySpringClose_A_01
0
2.983186
0
-4870.938
122.722
3825.816
1.0
Item_Fruit_F
-1.698033
-0.5452593
-1.449818
-4739.246
121.865
3924.373
1.0
FldObj_DesertRuin_A_02_Far.012
0
-1.470796
0
-4167.759
112.5978
3923.218
1.0
KorokAnswerResponce
0
-2.128791
0
-4861.728
129.1013
3262.414
0.5
PlayerOnScaffoldCheckTag
0
0.6061995
0
-4629.107
140.0099
3884.41
1.0
Npc_HiddenKorokGround
0
2.561593
0
-4195.749
165.6116
3091.554
1.0
Item_Fruit_C
3.141479
-1.367432
3.141479
-4927.355
130.2967
3429.333
1.0
LinkTagNone
0
0
0
-4614.709
138.1139
3864.511
1.0
LinkTagAnd
0
0
0
-4870.2
125
3824.8
1.0
FldObj_DesertRuin_A_02.008
0
-1.570796
0
-4167.814
112.5978
3764.29
1.0
Item_Fruit_F
2.930548
-0.4186809
2.158903
-4422.655
138.9923
3780.664
1.0
FldObj_DesertRuin_A_05.002
0
0
0
-4159.132
119.7363
3709.566
1.2
Area
0.111685
0.001352598
-0.02419525
-4307.59
133.0636
3459.845
3
Item_Fruit_C
3.141479
-1.537231
3.141479
-4065.594
125.3111
3651.03
1.0
FldObj_BoneGiant_BackBone_A_01.006
-2.715937
0.6267735
2.899536
-4163.308
148.6074
3057.65
0.941802
Obj_TreeCactusMini_A_01.017
0
-0.1056039
0
-4344.156
142.9236
3712.197
1.0
Item_Fruit_C
3.141479
-1.00708
3.141479
-4942.509
128.7737
3841.791
1.0
Area
0
-2.128791
0
-4863.423
132.6247
3265.753
0.5
Item_Fruit_I
0
2.617994
0
-4817.452
133.7872
3409.837
1.0
FldObj_BoneGiant_BackBone_A_01_Far.006
3.025525
0.606882
2.896473
-4190.364
163.2237
3093.691
1.0
FldObj_GerudoDesertRock_A_07.004
1.982239E-08
-0.28
4.445592E-08
-4619.158
130.0074
3204.378
1.0
FldObj_DesertRuin_A_08_Far.005
0
2.952389
0
-4595.272
128.1521
3535.978
1.0
Area
0
0
0
-4818.06
129.4398
3712.903
24.72444
Item_Fruit_C
0
-1.103018
0
-4546.366
135.8508
3488.09
1.0
FldObj_DesertRuin_A_10_Far.002
1.452119
-0.5675922
-1.506781
-4167.11
121.3986
3877.984
1.0
DgnObj_DungeonEntrance_A_01_Far
0
-0.409199
0
-4847.036
122.743
3772.63
1.0
Area
0
-0.1056039
0
-4344.072
145.0408
3711.774
0.5
FldObj_BoneGiant_BackBone_A_01_Far.007
-2.886283
0.6854508
2.915354
-4171.238
156.2256
3068.858
1.0
Item_Fruit_C
3.141491
0.8338525
3.141314
-4454.729
145.2115
3127.942
1.0
Item_Fruit_F
-0.1293853
-0.142521
-2.111324
-4061.744
157.5232
3173.211
1.0
ActorObserverTag
0
-2.128791
0
-4862.348
131.0076
3261.916
1.5
Enemy_Lizalfos_Guard_Junior
0
-0.6800004
0
-4202.978
145.0736
3109.648
1.0
Item_Fruit_F
2.071916
0.2560636
2.237668
-4115.106
124.9416
3749.179
1.0
ForceSetPosDirAutoSaveAnchor
0
2.732394
0
-4849.859
123.743
3778.889
1.0
FldObj_DesertRuin_A_02.009
0
1.607433
0
-4099.506
112.5978
3867.552
1.0
SwitchTimeLag
1.570796
1.081593
3.141593
-4858.604
134.5029
3256.786
0.5
BoxWater
0
2.983186
0
-4869.561
125.1616
3825.922
6.6
FldObj_BoneGiant_Rib_A_02_Far.003
3.126191
0.6680502
2.805751
-4161.406
151.611
3067.992
0.7533297
Area
0
0
0
-4871.179
123.3392
3825.1
25
Obj_Plant_Korok_A_01.004
-3.128378
0.0003344721
3.090971
-4190.101
164.8638
3083.778
1.0
Item_Fruit_C
3.141505
0.7751367
3.141323
-4105.429
143.2121
3559.271
1.0
Area
0
-0.1056039
0
-4343.395
146.447
3711.946
0.5
Item_Fruit_I
0
2.617994
0
-4201.038
140.7529
3095.889
1.0
Item_Fruit_F
1.529855
0.5525826
-1.646946
-4888.112
126.0772
3313.714
1.0
Obj_TreeCactusMini_A_01.018
0
-2.128791
0
-4863.316
129.1013
3264.959
1.0
LinkTagAnd
0
-0.409199
0
-4850.799
123.743
3777.538
0.3
Item_Fruit_F
-0.6175139
-0.3900145
-1.979451
-4556.883
134.9029
3461.673
1.0
FldObj_DesertRuin_A_02.010
0
-1.554159
0
-4211.805
112.5978
3763.887
1.0
Npc_HiddenKorokGround
0
0
0
-4160.327
133.1369
3826.202
1.0
Item_Fruit_C
0
-2.693472
0
-4335.808
134.2565
3452.097
1.0
Item_Fruit_C
3.141479
-0.3662109
3.141479
-4256.781
128.0953
3932.704
1.0
FldObj_BoneGiant_BackBone_A_01.007
1.280623
0.7107954
3.014432
-4216.952
138.1477
3112.325
1.0
Item_Fruit_C
3.141479
0.9074706
3.141479
-4887.923
134.3492
3629.144
1.0
KorokAnswerResponce
0
-0.1056039
0
-4347.139
142.9236
3711.881
0.5
PlayerOnScaffoldCheckTag
0
0.8487892
0
-4854.109
152.4518
3570.546
1.0
FldObj_DesertRuin_A_11.006
-0.04115132
0.7991768
-0.1773805
-4176.011
121.9574
3829.495
1.0
LinkTagAnd
0
0
0
-4870.2
125
3824.8
1.0
Item_Fruit_F
-0.042302
-0.08997512
-2.121434
-4222.611
128.1342
3718.713
1.0
FldObj_DesertRuin_A_09.002
0
-0.1892037
0
-4597.556
128.0521
3548.969
1.0
Item_Fruit_I
0
2.617994
0
-4312.527
132.5846
3436.047
1.0
LinkTagOr
0
0.2519531
0
-4027.786
122.5359
3754.771
1.0
Item_Fruit_I
0
0
0
-4301.751
131.4833
3439.682
1.0
GrassCutTag
0
2.284262
0
-4638.874
132.8381
3860.091
1.0
PlayerOnScaffoldCheckTag
0
1.494187
0
-4845.295
152.4611
3552.757
1.0
Item_Fruit_C
0
-2.128791
0
-4864.923
131.0595
3261.681
1.0
Obj_TreeCactusMini_A_01.019
3.141479
0.4189453
3.141479
-4925.41
135.0956
3545.145
1.0
Enemy_Sandworm
3.141593
0
3.141593
-4191.116
126.9088
3797.448
1.0
LinkTagAnd
0
2.983186
0
-4889.596
126.8618
3833.899
1.0
Npc_HiddenKorokGround
0
2.059999
0
-4862.196
129.3502
3260.965
1.0
Obj_TreeCactusMini_A_01.020
3.141479
-0.3601074
3.141479
-4550.512
131.6055
3504.098
1.0
Enemy_Sandworm
0
0
0
-4555.622
137.1412
3256.354
1.0
DestinationAnchor
0
2.208795
0
-4848.392
123.743
3779.526
1.0
FldObj_GerudoDesertRock_A_04
0
-2.86
0
-4486.517
125.3683
3241.611
1.0
EnemyFortressMgrTag
0
0
0
-4200.804
138.657
3079.287
1.0
Item_Fruit_I
0
0
0
-4177.618
140.8617
3086.075
1.0
FldObj_DesertRuin_A_07.002
0
2.952389
0
-4611.513
126.1115
3550.622
1.0
Enemy_Bokoblin_Senior
0
-0.8856047
0
-4615.675
130.1927
3531.613
1.0
LinkTagNAnd
0
-0.4
0
-4174.266
158.2323
3060.954
1.0
LinkTagAnd
0
-0.4
0
-4172.424
158.2323
3061.733
1.0
LinkTagAnd
0
-0.7892737
0
-4866.345
145.5007
3557.486
1.0
LinkTagAnd
0
0
0
-4186.385
165.7864
3064.181
1.0
Enemy_Bokoblin_Senior
0
-2.709136
0
-4867.335
145.3212
3553.825
1.0
LookTag
0
1.82872
0
-4874.648
152.3008
3555.467
1.0
Area
0
2.621385
0
-4861.898
152.4612
3525.421
2
EnemyFortressMgrTag
0
2.526852
0
-4869.431
145.4122
3549.285
1.0
Obj_PlantMelonGrass_A_01.016
3.141479
0.7495117
3.141479
-4225.094
127.8243
3709.27
1.0
LinkTagAnd
0
0
0
-4863.956
146.0854
3804.652
1.0
LinkTagAnd
0
2.983186
0
-4885.126
126.2661
3840.933
1.0
Obj_LiftRockGerudo_A_01.001
0.111685
0.001352598
-0.02419525
-4307.615
132.07
3459.734
1.0
Area
1.570796
0
0
-5033.749
128.5418
3784.946
100
FldObj_GerudoDesertRock_A_04_Far
0
-2.86
0
-4486.517
125.3683
3241.611
1.0
Obj_TreeCactusMini_A_01.021
3.141479
1.111572
3.141479
-4792.707
135.2567
3190.188
1.0
Obj_PlantMelonGrass_A_01.017
3.141479
-0.9288329
3.141479
-4052.742
155.915
3168.945
1.0
FldObj_DesertRuin_A_09_Far.002
0
-0.1892037
0
-4595.052
128.0521
3535.898
1.0
LinkTagAnd
0
-1.031863
0
-4638.918
132.345
3865.333
1.0
Obj_TreeCactusMini_A_01.022
0
1.331177
0
-4221.098
124.3574
3472.461
1.0
AnchorAction1
0
2.284262
0
-4638.874
132.8381
3860.091
1.0
EventTag
0
-0.9327977
0
-4847.588
123.743
3778.93
0.6
FldObj_DesertRuin_A_11_Far.006
-0.04115132
0.7991768
-0.1773805
-4176.011
121.9574
3829.495
1.0
Obj_PlantMelonGrass_A_01.018
0
0.62854
0
-4456.402
131.1164
3455.211
1.0
FldObj_GerudoDesertRock_A_04_Far.001
0
1.358407
0
-4681.079
125.6296
3084.403
1.0
Item_Fruit_F
-2.63713
-0.6836804
1.768904
-4887.686
125.9617
3314.475
1.0
SwitchTimeLag
-2.353163
-1.183275
0.3363353
-4187.403
168.2767
3064.237
0.5
FldObj_DesertRuin_A_02.011
0
-1.470796
0
-4145.683
112.5978
3922.488
1.0
FldObj_GerudoDesertRock_A_07_Far.003
0.153726
0.9488894
0.2387253
-4587.39
135.0797
3057.709
1.0
FldObj_DesertRuin_A_02.012
0
-1.570796
0
-4120.057
112.5978
3708.462
1.0
FldObj_DesertRuin_A_05_Far.001
0
0
0
-4159.132
119.7363
3709.566
1.2
FldObj_GerudoDesertRock_A_07_Far.004
3.041593
-0.0215927
3.141593
-4484.545
137.551
3026.951
1.0
FldObj_DesertRuin_A_11_Far.007
0.3679717
0.9198204
0.4167996
-4178.957
121.5972
3828.995
1.0
FldObj_DesertRuin_A_08_Far.006
0
-0.1892035
0
-4597.778
128.1521
3549.072
1.0
Item_Fruit_C
0
0.5292968
0
-4213.341
131.1712
3395.86
1.0
FldObj_BoneWhale_A_01_Far
-3.044518
0.4430901
-2.809956
-4872.457
137.7205
3817.843
1.0
FldObj_BoneGiant_BackBone_A_01.008
-3.006283
0.6854507
2.915354
-4175.305
159.5532
3075.302
1.0
EnemyChatFortMgrTag
0
2.903185
0
-4621.465
130.2024
3536.38
1.0
LinkTagOr
0.111685
0.001352598
-0.02419525
-4307.052
134.641
3460.022
1.0
LinkTagNAnd
0
-0.1056039
0
-4344.406
146.0877
3709.295
1.0
LinkTagAnd
0
-0.409199
0
-4849.208
136.243
3773.868
0.6
Item_Fruit_C
0
0.4147949
0
-4459.516
129.5948
3602.607
1.0
FldObj_DesertRuin_A_10.002
0
-3.109912
0
-4109.888
117.7541
3816.831
1.0
FldObj_DesertRuin_A_02.013
0
-1.570796
0
-4145.627
112.5978
3764.29
1.0
LinkTagOr
0
-2.18
0
-4859.493
175.196
3833.399
1.0
Item_Fruit_F
-0.8671351
-0.09261188
0.8684952
-4752.576
121.6379
3924.885
1.0
LinkTagOr
0
0
0
-4284.283
132.1949
3681.35
1.0
Item_Fruit_F
2.343941
0.4543562
-1.236311
-4769.578
130.7722
3851.018
1.0
Item_Fruit_C
3.141568
0.3925682
3.141359
-4926.777
131.5022
3430.637
1.0
LinkTagOr
0
0
0
-4309.971
130.6102
3443.206
1.0
FldObj_DesertRuin_A_11.007
0.2506421
0.7992689
0.3248701
-4179.4
120.7318
3832.947
1.0
ChangeWeatherTag
0
0
0
-4790.592
134.2717
3685.236
1.0
Area
0
-3.02
0
-4175.581
149.9432
3048.542
2
Item_Fruit_F
0.5990375
0.6960304
1.432688
-4739.727
121.7496
3923.645
1.0
Item_Fruit_F
-0.8250499
-0.05697718
0.8653495
-4061.055
157.4077
3172.677
1.0
FldObj_DesertRuin_A_12.001
0.01422754
-0.1956385
0.08398253
-4612.525
128.5526
3527.804
1.0
FldObj_DesertRuin_A_12_Far.001
0.01422754
-0.1956385
0.08398253
-4612.525
128.5526
3527.804
1.0
Item_Fruit_I
0
-2.879793
0
-4826.623
133.1975
3410.112
1.0
Item_Fruit_C
3.141479
-0.9261475
3.141479
-4454.695
144.006
3126.516
1.0
Area
0
-0.1056039
0
-4344.636
145.3298
3712.649
0.5
PlayerOnScaffoldCheckTag
0
-2.858992
0
-4637.636
140.0746
3833.509
1.0
Item_Fruit_C
3.14151
0.75292
3.141327
-4942.427
129.9793
3843.215
1.0
Item_Fruit_C
0
-0.7487894
0
-4862.972
130.8375
3265.219
1.0
SwitchTimeLag
0
-1.031863
0
-4634.469
152.3436
3858.169
1.0
DgnObj_EntranceElevator_A_01
0
-0.409199
0
-4847.036
123.7432
3772.63
1.0
Item_Fruit_I
0
-2.879793
0
-4288.017
133.8671
3674.012
1.0
Item_Fruit_C
3.141589
0.2227685
3.141365
-4064.803
126.5166
3652.217
1.0
FldObj_BoneGiant_Rib_A_02.002
3.126191
0.6680502
2.805751
-4161.406
151.611
3067.992
0.7533297
Item_Fruit_F
2.283731
0.4722792
-1.263227
-4422.526
139.1078
3779.801
1.0
LinkTagOr
0
0
0
-4816.771
132.6772
3407.996
1.0
FldObj_GerudoDesertRock_A_04.001
0
1.358407
0
-4681.079
125.6296
3084.403
1.0
NoUseDRCAppTag
0
0
0
-4790.808
134.0406
3682.084
1.0
Obj_PlantMelonGrass_A_01.019
3.141479
0.6801758
3.141479
-4238.156
133.0377
3624.727
1.0
KorokAnswerResponce
0
-0.1056039
0
-4348.905
143.2598
3714.307
0.5
FldObj_DesertRuin_A_08_Far.007
0
-0.1892034
0
-4619.047
128.1521
3517.908
1.0
FldObj_DesertRuin_A_14.001
0
-0.1892037
0
-4585.838
127.999
3519.685
1.0
FldObj_BoneGiant_Rib_A_02.003
3.044262
0.6902003
2.863947
-4166.265
154.4401
3073.361
0.8738632
Area
0
0.04000002
0
-4152.771
113.5886
3820.066
130
FldObj_DesertRuin_A_02_Far.013
0
-1.539115
0
-4113.405
112.5978
3760.535
1.0
FldObj_DesertRuin_A_08.006
0
-0.1892034
0
-4619.047
128.1521
3517.908
1.0
Obj_Plant_ChiliPepper_A_01.006
0
0
0
-4817.302
132.6772
3410.061
1.0
FldObj_DesertRuin_A_02.014
0
-1.554159
0
-4201.807
112.5978
3763.72
1.0
ConstraintDummy
0
0
0
-4198.889
139.6429
3096.085
1.0
LinkTagOr
0
-1.2771
0
-4884.757
123.6542
3898.07
1.0
LinkTagAnd
0
0
0
-4798.875
145.2271
3712.203
1.0
LinkTagOr
3.141479
-0.9288329
3.141479
-4054.192
155.9153
3170.083
1.0
LinkTagOr
3.141479
1.111572
3.141479
-4793.501
135.2566
3192.147
1.0
Enemy_Bokoblin_Guard_Middle_TreeHouseTop
0
2.378795
0
-4625.829
138.1628
3838.735
1.0
Obj_Plant_ChiliPepper_A_01.007
0
0
0
-4310.501
130.6102
3445.271
1.0
FldObj_BoneGiant_BackBone_A_01_Far.008
1.280623
0.7107954
3.014432
-4216.952
138.1477
3112.325
1.0
ConstraintDummy
0
0
0
-4310.379
131.4746
3436.243
1.0
LinkTagOr
3.141479
0.5408936
3.141479
-4638.18
139.6571
3361.964
1.0
Obj_PlantMelonGrass_A_01.020
3.141479
-0.4611816
3.141479
-4645.578
121.7444
3960.07
1.0
FldObj_DesertRuin_A_07.003
0
2.952389
0
-4640.95
125.5412
3509.116
1.0
TwnObj_FairySpring_D_01
0
2.983186
0
-4870.938
122.722
3825.816
1.0
FldObj_DesertRuin_A_08.007
0
-1.76
0
-4624.051
128.1521
3544.041
1.0
FldObj_SkullRockSand_A_01.001
0
2.177786
0
-4870.252
145.3655
3549.856
1.0
LinkTagNone
0
0
0
-4878.941
150.5756
3525.691
1.0
Area
0
-2.128791
0
-4866.333
131.2648
3259.033
0.5
Obj_TreeCactusMini_A_01.023
0
-2.128791
0
-4864.726
129.0029
3262.311
1.0
LinkTagOr
3.141479
-0.1251221
3.141479
-4029.688
122.0895
3767.461
1.0
Enemy_Bokoblin_Senior
0
-0.3512099
0
-4625.065
130.2049
3523.67
1.0
LinkTagNone
0
0
0
-4642.438
138.2433
3834.903
1.0
LinkTagAnd
0
0
0
-4847.588
123.7432
3778.93
1.0
FldObj_GerudoDesertRock_A_01
0
2.041592
0
-4389.584
114.4552
3082.813
1.0
Enemy_Bokoblin_Senior
0
1.479654
0
-4874.41
145.3508
3548.83
1.0
ActorObserverTag
0
-0.1056039
0
-4350.847
145.2902
3717.507
1.5
Obj_PlantMelonGrass_A_01.021
3.141479
-1.001709
3.141479
-4324.41
131.989
3762.887
1.0
Enemy_Bokoblin_Senior
0
-2.130795
0
-4501.7
147.6943
3118.8
1.0
Area
1.570796
0
0
-4589.601
128.5418
3812.281
175
Obj_TreeCactusMini_A_01.024
3.141479
0.8809814
3.141479
-4679.051
137.7738
3755.27
1.0
PlayerOnScaffoldCheckTag
0
1.24
0
-4152.664
149.9384
3099.808
1.0
TBox_Field_Enemy
0
2.352319
0
-4876.363
150.5407
3555.919
1.0
Obj_Plant_ChiliPepper_A_01.008
0
0
0
-4284.813
132.1949
3683.415
1.0
LinkTagAnd
0
-2.199999
0
-4347.603
145.3856
3712.78
1.0
FldObj_DesertRuin_A_02_Far.014
0
-1.470796
0
-4145.683
112.5978
3922.488
1.0
LinkTagOr
3.141479
0.2272949
3.141479
-4639.997
121.6891
3968.456
1.0
LinkTagOr
-0.567059
-0.5732174
0.2135146
-4174.294
161.1591
3064.198
1.0
FldObj_BoneGiant_BackBone_A_01.009
-3.046282
0.6854508
2.915355
-4180.749
161.5272
3081.081
1.0
Obj_TreeCactusMini_A_01.025
3.141479
-1.516724
3.141479
-4136.625
131.7927
3367.988
1.0
Enemy_Bokoblin_Senior
0
-1.904528
0
-4634.149
132.9585
3861.729
1.0
Area
-0.567059
-0.5732174
0.2135146
-4174.485
159.5643
3065.01
2
FldObj_DesertRuin_A_14_Far.001
0
-0.1892037
0
-4592.589
128.2021
3554.939
1.0
LinkTagNAnd
0
-1.031863
0
-4641.307
132.376
3860.416
1.0
LinkTagOr
0
-0.1056039
0
-4347.151
143.2598
3712.904
1.0
FldObj_DesertRuin_A_05_Far.002
0
0
0
-4208.632
119.7363
3726.92
0.9
EventTag
0
2.109729
0
-4646.442
152.3377
3854.129
1.0
FldObj_BoneGiant_BackBone_A_01_Far.009
-3.006283
0.6854507
2.915354
-4175.305
159.5532
3075.302
1.0