UnitConfigName/__text
Rotate/value/0
Rotate/value/1
Rotate/value/2
Translate/value/0
Translate/value/1
Translate/value/2
_Scale
FldObj_CliffSnowWall_D_27_Far
3.020616
0.8067008
-2.982659
-2685.308
574.5095
-3157.18
1.0
ChangeWeatherTag
0
0
0
-2338.389
334.6061
-3722.425
1.0
LinkTagOr
0
0
0
-2952.36
674.4654
-3142.998
1.0
Obj_IcicleMountainCover_A_01
0.08071334
-1.31336
0.03862004
-2222.996
487.7666
-2931.729
0.8360465
Obj_RockSetSnow_A_01_Far
-0.06582845
-0.439379
0.2608439
-2481.52
542.7598
-3106.995
1.0
LinkTagAnd
0
0
0
-2543.238
409.6888
-3498.281
1.0
FldObj_CliffSnowWall_D_27_Far.001
2.29247
0.3268387
2.268612
-2863.947
333.7403
-3453.044
1.0
FldObj_GerudoHighlandRock_C_02
-0.08155035
1.244229
-0.3034401
-2361.941
527.8763
-3324.893
0.8415
Obj_IcicleMountain_A_L_02_Far
3.141593
-1.381593
3.081592
-2365.847
466.8394
-3168.725
1.0
Obj_IcicleMountain_A_L_03
-1.593758
-1.333577
1.504889
-2134.031
448.1432
-3176.002
1.0
LinkTagNone
0
0
0
-2175.642
489.6724
-3368.013
1.0
Obj_RockSetSnow_A_01
0
1.12
0
-2939.949
674.4233
-3066.004
1.0
FldObj_CliffSnowEdgeWall_END_B_02_Far
-3.138991
-0.5224026
3.060879
-2304.547
233.8868
-3678.649
1.2
ActorObserverTag
0
0
0
-2956.23
679.62
-3136.92
1.0
Obj_RockSetSnow_A_01_Far.001
0
1.12
0
-2939.949
674.4233
-3066.004
1.0
Obj_TreeSnowberry_A
0
0
-0.05999999
-1985.106
453.0288
-3125.605
1.0
Item_Fruit_B
-3.141479
-0.2072754
-0.0001133105
-2056.841
348.7857
-3682.015
1.0
Obj_IcicleMountain_A_L_02_Far.001
-0.05853089
-0.1159502
-0.1923974
-2358.081
469.7496
-3070.506
1.0
Obj_IcicleMountain_A_L_03_Far
-0.01071464
-0.6982943
-0.08678463
-2323.083
473.8674
-3298.846
1.0
Area
0
0.1384069
0
-2378.008
488.4141
-3223.742
25
DgnObj_EntranceShutter_A_01
0
1.438408
0
-2374.241
485.9142
-3224.24
1.0
LinkTagAnd
0
-1.054587
0
-2182.5
467.6
-3122.8
5
LinkTagAnd
0
0
0
-2948.9
699.57
-3140.45
1.0
FldObj_GerudoHighlandRock_C_03_Far
2.767637
0.8360793
2.77747
-2408.905
532.4424
-2985.036
1.0
LinkTagOr
0
2.030796
0
-2540.505
398.3111
-3500.787
3
LinkTagNAnd
0
0
0
-2355.2
498.7067
-3300.2
1.0
LinkTagAnd
0
1.98
0
-2256.3
456.78
-3106.554
2
FldObj_CliffSnowWall_D_27_Far.002
2.989605
0.283286
-3.118436
-2800.206
287.8099
-3493.747
1.0
LinkTagAnd
0
-1.233015
0
-2160.115
450.4
-3186.682
1.0
FldObj_CliffSnowWall_D_27_Far.003
2.981593
-0.9015914
-3.141592
-2505.436
300.5227
-3541.129
1.0
FldObj_CliffSnowLargeWall_D_01_Far
2.822009
0.5377169
3.076988
-2966.308
412.0406
-3382.737
1.0
Obj_RockSetSnow_A_01.001
0
0.32
0
-2325.08
444.0081
-3588.366
1.0
Obj_IcicleMountain_A_L_03.001
2.103156
-1.255608
-2.294394
-2248.549
441.0577
-3068.446
1.0
DgnObj_DLC_ChampionsDungeonEntrance_A_01
0
-1.233015
0
-2155.489
449.4
-3188.481
1.0
FldObj_CliffSnowWall_D_18
-0.6909119
1.062863
-0.8416499
-2488.629
595.0673
-3220.152
1.0
FldObj_CliffSnowLargeWall_D_02
-0.887867
0.3421392
-0.2102252
-2313.104
550.5386
-3418.331
1.0
FldObj_GerudoHighlandRock_C_02_Far
0.2120438
-0.1915298
-0.1991565
-2340
524.5012
-3224.665
1.17
LinkTagAnd
0
0
0
-2947.96
679.71
-3139.17
1.0
FldObj_CliffSnowWall_D_01_Far
-0.8116593
0.6969138
-0.5559509
-2499.117
539.4237
-3035.304
1.0
FldObj_GerudoHighlandRock_C_02_Far.001
0.5869884
1.522869
0.3407991
-2422.768
534.0755
-2973.269
1.0
FldObj_CliffSnowLargeWall_D_02.001
-0.8378097
0.7315453
-0.3475766
-2590.991
657.039
-3096.493
1.0
TwnObj_HeburaLodgeBed_A_01
0
-0.8726643
0
-2950.029
677.5513
-3139.026
1.0
FldObj_GerudoHighlandRock_C_03
-0.4418655
-1.211848
0.3357982
-2226.506
496.5763
-2913.744
0.9
Area
0
0
0
-2949.187
680.7891
-3138.376
0.2
FldObj_GerudoHighlandRock_C_01_Far
0.1233814
0.2521868
-0.1308938
-2230.747
494.0342
-3038.988
0.7289999
Area
0
0.46
0
-2085.169
381.8189
-3705.639
1.0
LinkTagAnd
0
0
0
-2946.71
680.39
-3141.12
1.0
LinkTagOr
0
0
0
-2949.25
681.02
-3144.18
1.0
DgnObj_WarpPointSP
0
-1.233015
0
-2164.164
450.363
-3185.434
1.0
Obj_IcicleMountainCover_A_02_Far
-3.06575
-0.2300111
3.085576
-2359.35
524.6317
-3308.527
0.8
FldObj_GerudoHighlandRock_C_01_Far.001
0.2137258
-0.4141565
0.1460281
-2241.224
509.5113
-3213.809
0.9
Weapon_Shield_042
-1.22173
-0.7853982
0
-2950.247
680.7625
-3148.195
1.0
Item_Fruit_B
0.05235988
-0.01231608
-3.12414
-2224.649
456.916
-3622.323
1.0
Npc_HiddenKorokGround
0
2.881593
0
-2842.696
333.9389
-3493.488
1.0
Obj_IcicleMountainCover_A_01.001
0.1926202
0.472684
-0.1045826
-2352.465
515.0378
-3210.255
1.0
FldObj_CliffSnowLargeWall_D_01_Far.001
2.90059
0.4098481
3.033521
-3022.05
640.4405
-3244.525
1.0
FldObj_CliffSnowLargeWall_D_02.002
3.103899
-1.382744
2.818687
-2435.484
447.6646
-3434.849
1.0
FldObj_CliffSnowEdgeWall_END_B_02_Far.001
3.109554
0.3567149
-3.136839
-2681.648
248.0521
-3433.598
1.2
BrokenSnowBall
-0.5326087
-1.370554
0.1777375
-2210.002
507.4921
-3528.555
1.9999
Obj_IcicleMountain_A_L_02
0
-0.2721809
0
-2255.111
444.9952
-3137.94
1.0
LinkTagAnd
0
-1.054559
0
-2164.1
456.2
-3185.1
1.0
LinkTagAnd
0
0
0
-2945.13
681.11
-3142.28
1.0
LinkTagNAnd
0
0
0
-2955.96
682.33
-3146.09
1.0
FldObj_GerudoHighlandRock_C_03_Far.001
0.1612116
-0.0741713
0.0307004
-2390.042
491.2132
-3247.383
1.0
Obj_IcicleMountain_A_L_03_Far.001
0.2773432
0.6484246
0.1702627
-2252.775
447.7277
-3216.167
1.0
FldObj_GerudoHighlandRock_C_02_Far.002
-0.03937257
0.8448551
-0.2556328
-2385.011
530.2582
-3306.388
0.8415
Weapon_Shield_022
-1.627316
-0.8651634
0
-2949.649
680.4602
-3144.435
1.0
LinkTagOr
0
0
0
-2646.834
315.1764
-3482.246
1.0
FldObj_GerudoHighlandRock_C_02_Far.003
-0.008048194
0.9157803
0.1459079
-2235.251
495.1834
-2934.341
0.9
FldObj_CliffSnowWall_D_27_Far.004
-1.101156
-0.1177355
-0.126818
-1996.993
353.5864
-3693.928
1.0
Obj_IcicleMountainCover_A_01_Far
3.100349
0.9838076
2.869652
-2408.698
524.3362
-2969.594
0.8360465
FldObj_CliffSnowWall_D_03_Far
-2.976496
0.9473969
-2.725804
-2780.743
266.5518
-3430.947
1.0
Obj_RockSetSnow_A_01_Far.002
0
-0.5000003
0
-2891.604
432.0308
-3358.848
1.0
LinkTagNAnd
0
1.98
0
-2259.726
463.78
-3109.428
2
Obj_KorokPot_A_01
-2.361592
0.1815916
-3.141592
-2265.772
450.0843
-3091.157
1.0
LinkTagOr
0
1.98
0
-2250.414
449.3035
-3092.641
1.0
FldObj_CliffSnowLargeWall_D_02_Far
3.118366
-0.5599939
3.135459
-2296.474
341.5109
-3690.178
1.0
Obj_LiftRockWhite_Korok_A_01
0
0
0
-2841.485
332.5355
-3499.631
1.0
Enemy_Bokoblin_Senior
0
-0.7015928
0
-2674.096
346.4677
-3355.384
1.0
FldObj_CliffSnowWall_D_27
2.101593
0.9615929
-3.141592
-2820.441
356.3533
-3406.183
1.0
FldObj_GerudoHighlandRock_C_01_Far.002
-0.5531219
-1.075573
0.5036708
-2334.735
524.4228
-3050.879
0.85
LinkTagNAnd
0
0
0
-2944.66
682.2
-3140.67
1.0
ActorObserverTag
0
0
0
-2840.485
334.7355
-3499.631
1.0
FldObj_GerudoHighlandRock_C_02_Far.004
0.1917882
-0.08741592
-0.03433335
-2159.095
489.1619
-3105.81
1.0
FldObj_GerudoHighlandRock_C_01
0.2137258
-0.4141565
0.1460281
-2241.224
509.5113
-3213.809
0.9
LinkTagAnd
0
0
0
-2952.88
699.6
-3141.01
1.0
Obj_IcicleMountain_A_L_03.002
-2.903724
1.072285
-2.969298
-2396.968
477.9438
-3101.704
1.0
FldObj_GerudoHighlandRock_C_02.001
-0.0718952
-1.092539
-0.122917
-2328.022
532.4812
-3296.469
0.8415
Obj_IcicleMountain_A_L_02_Far.002
-0.1457592
0.8159825
-0.2469244
-2353.627
463
-2916.215
1.0
LinkTagNAnd
0
0
0
-2970.19
685.48
-3152.52
1.0
LinkTagNAnd
0
0
0
-2955.69
678.77
-3136.1
1.0
LinkTagOr
0
0.9600001
0
-2485.936
514.3344
-3024.058
1.0
FireObserverTag
0
0
0
-2946.54
680.73
-3138.77
1.0
FldObj_GerudoHighlandRock_C_01.001
1.4692
-1.449337
-1.526518
-2177.925
490.5289
-3106.307
1.0
Obj_RockSetSnow_A_01.002
0
0
0
-2887.738
344.5451
-3494.379
1.0
FldObj_CliffSnowWall_D_27_Far.005
2.917354
1.254044
-2.796529
-2433.399
517.12
-3275.514
1.0
FldObj_CliffSnowLargeWall_D_02.003
-0.7199998
-0.5999998
0
-2112.843
498.9673
-3269.491
1.0
FldObj_MountainSnow_A_M_04
-2.797305
-0.106578
3.103668
-2016.89
314.7872
-3750.168
1.0
PlayerOnScaffoldCheckTag
0
2.16
0
-2571.162
358.1475
-3362.996
1.0
FldObj_CliffSnowWall_D_27_Far.006
2.355039
1.472799
2.915934
-2433.619
523.5511
-3243.357
1.0
Obj_IcicleMountain_A_L_03.003
0
2.976943
0
-2360.588
461.215
-2836.801
1.0
FldObj_GerudoHighlandRock_C_01.002
0.1953201
-0.294939
-0.2463714
-2358.613
527.8449
-3229.33
1.17
Obj_IcicleMountain_A_L_03.004
0.2286589
0.9288487
0.2562748
-2116.244
428.5831
-3107.559
1.0
Enemy_Bokoblin_Senior
0
-0.5999998
0
-2959
351.9584
-3525
1.0
Obj_IcicleMountain_A_L_03.005
0.2399124
0.5134318
-0.2489457
-2377.938
475.6555
-3250.043
1.0
LinkTagOr
-0.05235988
0.01231608
0.01745329
-2222.698
455.9526
-3622.472
1.0
FldObj_CliffSnowWall_D_10
-0.3345852
0.2913083
0.6904656
-2347.407
346.9937
-3661.784
1.0
FldObj_CliffSnowLargeWall_D_02.004
3.118366
-0.5599939
3.135459
-2296.474
341.5109
-3690.178
1.0
DgnObj_DungeonEntrance_A_01_Far
0
1.438408
0
-2378.008
484.9141
-3224.742
1.0
LinkTagNAnd
0
0
0
-2948.45
682.08
-3136.69
1.0
FldObj_CliffSnowWall_D_07_Far
3.096115
-0.0007268792
3.022461
-2224.838
286.5147
-3724.276
1.0
FldObj_GerudoHighlandRock_C_02_Far.005
-2.97648
0.394004
-3.077852
-2370.121
528.1322
-3054.301
0.85
FldObj_GerudoHighlandRock_C_04
-0.3743839
-0.3435615
-0.3990322
-2390.656
486.0482
-3222.735
1.0
ChangeWeatherTag
0
1.010796
0
-2797.802
382.7095
-3491.553
3
LinkTagAnd
0
0
0
-2950.203
673.0264
-3142.675
1.0
Obj_IcicleMountain_A_L_03_Far.002
3.141593
0.4190793
3.061593
-2344.257
458.4152
-3188.587
1.0
FldObj_GerudoHighlandRock_C_01_Far.003
1.4692
-1.449337
-1.526518
-2177.925
490.5289
-3106.307
1.0
Obj_IcicleMountain_A_L_03.006
0.2773432
0.6484246
0.1702627
-2252.775
447.7277
-3216.167
1.0
Obj_IcicleMountainCover_A_02
-3.069263
-0.7513885
2.902287
-2435.311
535.3099
-3093.012
0.8
WallCrack
2.772868
-0.7122043
-2.821548
-2309.805
481.8867
-3572.961
1.0
Enemy_Bokoblin_Senior
0
-2.795988
0
-2675.63
346.4942
-3346.86
1.0
Weapon_Shield_032
-1.230796
0.6799333
-0.001812627
-2951.673
680.873
-3148.652
1.0
Obj_IcicleMountain_A_L_03_Far.003
2.103156
-1.255608
-2.294394
-2248.549
441.0577
-3068.446
1.0
Obj_RockSetSnow_A_01.003
-1.216434
0.932417
-0.8207102
-2867.104
336.6709
-3493.881
1.0
FldObj_CliffSnowLargeWall_D_01_Far.002
2.949194
0.7841177
-3.104685
-3103.204
554.0909
-3369.713
1.0
Obj_IcicleMountain_A_L_03.007
1.951881E-08
0.1165609
-0.2399999
-2361.553
462.84
-2874.801
1.0
LinkTagNone
0
0
0
-2675.63
346.4942
-3346.86
1.0
Npc_IceVillage011
0
-1.881868
0
-2949.657
677.5565
-3141.858
1.0
LinkTagAnd
0
0
0
-2944.328
676.8445
-3138.43
1.0
Obj_RockSetSnow_A_01_Far.003
0
-0.5600002
0
-2822.734
428.0739
-3332.136
1.0
Obj_RockSetSnow_A_01_Far.004
-2.070102
0.4268606
-0.6834029
-2862.881
331.828
-3501.478
1.0
Obj_IcicleMountainCover_A_01_Far.001
-0.3337582
0.7650261
-0.2647217
-2122.404
495.2712
-3196.157
0.8360465
FldObj_CliffSnowWall_D_27.001
2.989605
0.283286
-3.118436
-2800.206
287.8099
-3493.747
1.0
FldObj_GerudoHighlandRock_C_02_Far.006
0.5905886
0.4592537
-0.5021321
-2422.256
493.085
-3220.94
1.0
FldObj_CliffSnowLargeWall_D_01
2.955092
-0.5124603
2.945934
-2241.213
433.1697
-3552.148
1.0
Obj_RockSetSnow_A_01.004
0
1.499998
0
-2371.266
520.5703
-3351.222
1.0
FldObj_GerudoHighlandRock_C_01_Far.004
0.3932751
1.288216
0.1848002
-2354.762
528.5711
-3320.693
0.8415
EventTag
0
-1.233015
0
-2162
450.4
-3186.3
1.0
LinkTagAnd
0
0
0
-2166.917
461.2738
-3553.07
1.0
Obj_IcicleMountainCover_A_02.001
-1.102673
1.459135
-1.008163
-2328.303
505.115
-2957.603
0.8
LinkTagOr
3.141479
0.2072754
3.141479
-2058.772
347.7966
-3682.24
1.0
LinkTagNAnd
0
0
0
-2942.187
676.7966
-3146.056
1.0
FldObj_CliffSnowLargeWall_D_02.005
2.977624
-0.7959288
2.826251
-2530.454
594.5761
-3205.895
1.0
FldObj_CliffSnowLargeWall_D_02.006
2.877525
-0.9913294
2.747519
-2484.867
557.2181
-3248.443
1.0
LinkTagNone
0
0
0
-2959
351.9584
-3525
1.0
PlayerOnScaffoldCheckTag
0
1.501595
0
-2654.047
356.9193
-3369.9
1.0
Obj_IcicleMountain_A_L_03.008
3.132246
0.0332307
3.041718
-2391.44
470.5697
-2978.505
1.0
FldObj_GerudoHighlandRock_C_01_Far.005
3.013034
-0.409743
3.028864
-2226.152
489.7779
-3028.63
0.7289999
FldObj_GerudoHighlandRock_C_01.003
0.1271403
0.33451
0.0867957
-2132.927
484.9176
-3071.859
1.0
Obj_IcicleMountainCover_A_02_Far.001
-3.069263
-0.7513885
2.902287
-2435.311
535.3099
-3093.012
0.8
FireObserverTag
0
0
0
-2948.27
681.02
-3136.72
1.0
LinkTagNOr
0
1.98
0
-2258.93
456.78
-3107.593
2
PlayerOnScaffoldCheckTag
0
1.540002
0
-2616.575
356.3888
-3368.886
1.0
FldObj_GerudoHighlandRock_C_02_Far.007
1.398005
-1.353374
-1.126156
-2214.968
510.5502
-3183.862
0.9
FldObj_CliffSnowWall_D_01
-3.098822
-0.2532375
-3.042645
-2281.683
421.7044
-3614.752
1.0
Obj_IcicleMountain_A_L_03.009
3.141593
0.9943181
2.901593
-2391.842
469.1124
-3204.282
1.0
FldObj_GerudoHighlandRock_C_01_Far.006
2.933548
0.4496623
2.858307
-2361.599
527.9561
-3217.608
1.17
Obj_IcicleMountain_A_L_03.010
-1.26365
-1.435098
1.332734
-2102.89
441.2979
-3195.407
1.0
LinkTagNone
0
0
0
-2210.002
507.4921
-3528.555
1.0
FldObj_CliffSnowWall_D_02_Far
-0.07762794
-0.5994874
0.3267815
-2466.52
501.1334
-3083.682
1.0
Npc_HiddenKorokGround
0
-0.3080096
0
-2290.108
564.2583
-3407.597
1.0
FldObj_CliffSnowWall_D_17
-1.21032
-0.5866798
0.8435518
-2904.859
699.3365
-3140.599
1.0
FldObj_GerudoHighlandRock_C_03.001
2.767637
0.8360793
2.77747
-2408.905
532.4424
-2985.036
1.0
LinkTagOr
0
0
0
-2951.06
680.28
-3149.08
1.0
LinkTagAnd
0
0
0
-2951.8
676.1
-3142.4
1.0
LinkTagNAnd
0
1.98
0
-2256.698
458.78
-3107.471
2
FldObj_GerudoHighlandRock_C_01_Far.007
-3.132298
-1.261523
2.91284
-2415.284
532.934
-2954.021
1.0
FldObj_CliffSnowWall_D_01_Far.001
-3.098822
-0.2532375
-3.042645
-2281.683
421.7044
-3614.752
1.0
FldObj_CliffSnowWall_D_27_Far.007
-3.133045
0.1413366
-3.080987
-2858.142
279.1956
-3514.898
1.0
Item_Fruit_B
0
0
3.081593
-1985.115
453.8508
-3126.145
1.0
Area
0
0.46
0
-2083.28
387.9498
-3708.878
1.0
FldObj_KorokPinwheel_A_01
0.2876634
-0.0185924
-0.2144151
-2247.979
445.9611
-3091.445
1.0
LinkTagAnd
0
0
0
-2951.8
676.1
-3142.4
1.0
Obj_IcicleMountain_A_L_03_Far.004
0.3590125
-0.414069
0.002438084
-2211.124
458.1379
-3223.53
1.0
FldObj_CliffSnowWall_D_07
-2.873727
-1.029988
2.94644
-2515.618
286.1232
-3488.543
1.0
FldObj_CliffSnowWall_D_18_Far
-0.1972081
0.03009202
0.1976947
-2408.354
502.3144
-2834.433
1.0
FldObj_GerudoHighlandRock_C_02.002
-0.0730675
-1.074549
0.2285009
-2321.267
507.563
-2979.092
1.0
FldObj_CliffSnowLargeWall_D_03_Far
2.982236
-0.4962349
-2.98522
-2622.588
470.4545
-3211.032
2.563558
EventTag
0
0
0
-2955.3
699.32
-3141.24
1.0
FldObj_GerudoHighlandRock_C_02.003
-0.3610615
1.269812
-0.6145846
-2440.631
542.0043
-3116.927
0.9350001
Obj_RockSetSnow_A_01_Far.005
0
0.8799999
0
-2911.503
676.9311
-3126.973
1.0
Obj_IcicleMountain_A_L_03.011
2.674149
-0.9105666
-2.762224
-2165.525
432.7
-3124.719
1.0
Obj_IcicleMountainCover_A_01.002
-0.3337582
0.7650261
-0.2647217
-2122.404
495.2712
-3196.157
0.8360465
FldObj_GerudoHighlandRock_C_01.004
2.908361
0.5681004
-3.038371
-2245.526
506.041
-3202.551
0.9
FldObj_CliffSnowWall_D_06_Far
-0.2624326
0.7948697
-0.1430294
-2337.557
430.5943
-2990.922
1.0
LinkTagAnd
0
0
0
-2188.727
391.1221
-3714.241
1.0
LinkTagAnd
0
0
0
-2200
534.2
-3185.2
1.0
FldObj_GerudoHighlandRock_C_02_Far.008
-0.04454318
-0.6751829
0.1920737
-2312.378
510.899
-2951.079
1.0
Obj_IcicleMountain_A_L_03_Far.005
3.121609
-0.1341097
-2.998893
-2127.041
424.85
-3069.266
1.0
Obj_IcicleMountain_A_L_03_Far.006
-0.1496376
0.6620309
-0.3211459
-2265.727
473.1501
-3268.644
1.0
LinkTagAnd
0
0
0
-2378.008
488.4141
-3223.742
1.0
LinkTagNAnd
0
0
0
-2953.57
673.83
-3145.82
1.0
Obj_IcicleMountainCover_A_02.002
-0.4412977
1.004756
-0.4501148
-2337.919
514.601
-3066.66
0.7433944
FldObj_CliffSnowWall_D_27.002
-1.101156
-0.1177355
-0.126818
-1996.993
353.5864
-3693.928
1.0
Obj_IcicleMountain_A_L_02.001
0
-0.01218077
-0.05999999
-2199.041
469.4396
-3260.954
1.0
FldObj_CliffSnowWall_D_27_Far.008
2.487891
-1.113103
2.938464
-2649.23
634.8255
-3100.462
1.0
FldObj_CliffSnowEdgeWall_END_B_02
3.109554
0.3567149
-3.136839
-2681.648
248.0521
-3433.598
1.2
FldObj_GerudoHighlandRock_C_02.004
-0.475518
-1.408005
0.6650856
-2493.85
550.5546
-3013.766
0.7
ActorObserverTag
0
0
0
-2946.11
679.89
-3142.5
1.0
FldObj_CliffSnowTopHalf_D_01_Far
-2.991081
-0.385873
2.911855
-2304.577
432.579
-3551.397
1.0
Npc_HiddenKorokFly
0
-0.9200003
0
-2946.503
686.9847
-3146.699
1.0
Obj_IcicleMountain_A_L_03_Far.007
0.2399124
0.5134318
-0.2489457
-2377.938
475.6555
-3250.043
1.0
LinkTagAnd
0
1.98
0
-2259.726
460.78
-3109.428
2
FldObj_GerudoHighlandRock_C_01_Far.008
-3.095082
-0.6064445
-3.087005
-2319.789
507.95
-2999.746
1.0
FldObj_GerudoHighlandRock_C_02.005
0.02897046
0.3171604
-0.2382044
-2405.134
529.2631
-2986.713
1.0
FldObj_CliffSnowWall_D_27.003
2.499621
0.7948123
3.110299
-2874.843
631.8008
-3227.976
1.0
Area
0
0
0
-2951.497
680.8418
-3148.736
0.2
FldObj_CliffSnowWall_D_17.001
2.133938
-1.498452
-2.383187
-2933.328
666.7897
-3077.365
1.0
FldObj_CliffSnowWall_D_27.004
-1.865174
1.330305
-1.293865
-2454.828
542.4281
-3214.974
1.0
DgnObj_EntranceShutterSP
0
-1.233015
0
-2159.074
450.4001
-3187.222
1.0
ConstraintDummy
-1.010214
-0.1139528
-0.1967309
-2222.427
456.3626
-3623.301
1.0
Obj_IcicleMountain_A_L_03_Far.008
-2.903724
1.072285
-2.969298
-2396.968
477.9438
-3101.704
1.0
Area
0
0.46
0
-2323.655
342.278
-3660.785
1.0
FldObj_CliffSnowEdgeWall_END_B_02.001
-3.138991
-0.5224026
3.060879
-2304.547
233.8868
-3678.649
1.2
FldObj_CliffSnowEdgeWall_END_B_02_Far.002
-3.074195
-0.8984075
3.037221
-2484.815
242.7033
-3526.188
1.0
FldObj_GerudoHighlandRock_C_01.005
-0.05749285
-0.6069741
-0.07289585
-2404.505
534.1888
-3300.581
0.8415
Obj_RockSetSnow_A_01.005
0
1.499998
0
-2368.189
515.0391
-3338.489
1.0
FldObj_CliffSnowLargeWall_D_01_Far.003
-2.794405
-1.284042
2.780852
-2420
359.656
-3509.944
1.0
FldObj_CliffSnowWall_D_27.005
2.598189
1.178897
-2.722583
-2840.231
592.955
-3278.574
1.0
Obj_IcicleMountain_A_L_03_Far.009
3.141593
0.9943181
2.901593
-2391.842
469.1124
-3204.282
1.0
FldObj_GerudoHighlandRock_C_01_Far.009
1.831368
-1.446524
-1.788447
-2138.664
487.1393
-3058.121
1.0
FldObj_CliffSnowTopHalf_D_01_Far.001
2.815672
0.7166153
2.660433
-2869.318
607.8077
-3191.522
1.0
LinkTagAnd
0
0
0
-2371.796
485.9142
-3225.933
1.0
LinkTagNAnd
0
0
0
-2948.99
682.05
-3148.66
1.0
Npc_HiddenKorokGround
0
0.9600001
0
-2487.656
514.3344
-3021.601
1.0
LinkTagAnd
0
0
0
-2951.8
676.1
-3142.4
1.0
LinkTagNAnd
0
-1.233015
0
-2156.567
462.7659
-3186.908
1.0
Obj_RockSetSnow_A_01_Far.006
-2.707894
-1.232305
2.729747
-2706.369
612.6708
-3165.044
1.0
EventTag
0
-1.054559
0
-2169.5
455.2
-3182.9
1.0
FldObj_CliffSnowLargeWall_D_01.001
2.854303
-1.257206
3.07686
-2625.688
623.8585
-3053.783
1.0
FldObj_CliffSnowLargeWall_D_03_Far.001
-2.428885
-0.9997853
2.607851
-2346.166
513.5844
-3490.595
1.0
Obj_IcicleMountain_A_L_03.012
3.141593
0.4190793
3.061593
-2344.257
458.4152
-3188.587
1.0
FldObj_CliffSnowLargeWall_D_02_Far.001
-0.9559444
0.7707234
-0.8014101
-2520.884
604.582
-3181.481
1.0
FldObj_GerudoHighlandRock_C_03_Far.002
0.01370394
0.5446507
0.04217153
-2332.181
520.7059
-3206.809
1.17
DgnObj_DungeonEntrance_A_01
0
1.438408
0
-2378.008
484.9141
-3224.742
1.0
Enemy_Lizalfos_Ice
0
2.421593
0
-2680.551
346.5454
-3347.745
1.0
Obj_IcicleMountain_A_L_03_Far.010
0.06
0.003071779
0
-2201.761
442
-2934.07
1.0
LinkTagOr
0
0
0
-2946.29
680.53
-3140.95
1.0
FldObj_GerudoHighlandRock_C_01_Far.010
-2.873682
0.2497211
-3.068371
-2135.888
499.8521
-3206.16
0.9
LinkTagNAnd
0
0
0
-2949.99
699.64
-3143.4
1.0
Obj_IcicleMountain_A_L_03_Far.011
0
6.090815
0
-2476.621
497.2418
-2961.977
1.0
Obj_IcicleMountain_A_L_03_Far.012
2.674149
-0.9105666
-2.762224
-2165.525
432.7
-3124.719
1.0
FldObj_GerudoHighlandRock_C_03.002
-0.5360931
0.7781777
-0.1133577
-2104.124
502.2449
-3201.699
0.9
FldObj_CliffSnowLargeWall_D_01_Far.004
2.806575
0.4281879
-3.071999
-3111.9
416.014
-3478.039
1.0
LinkTagOr
0
0
0
-2954.89
680.15
-3146.3
1.0
LinkTagAnd
0
-1.054587
0
-2200
534.2
-3185.2
5
FldObj_CliffSnowWall_D_27_Far.009
2.842498
-0.03984634
3.128496
-2586.351
292.8472
-3424.21
1.0
Area
0
1.98
0
-2263.815
448.0511
-3102.661
1.233768
FldObj_CliffSnowLargeWall_D_03
-2.428885
-0.9997853
2.607851
-2346.166
513.5844
-3490.595
1.0
FldObj_CliffSnowLargeWall_D_02_Far.002
-0.7199998
-0.5999998
0
-2112.843
498.9673
-3269.491
1.0
LinkTagAnd
0
0
0
-2951.96
678.2
-3142.18
1.0
FldObj_CliffSnowLargeWall_D_02_Far.003
2.977624
-0.7959288
2.826251
-2530.454
594.5761
-3205.895
1.0
Obj_IcicleMountain_A_L_02.002
0.1306012
0.4429682
0.2359524
-2106.18
431.0337
-3047.187
1.0
FldObj_CliffSnowWall_D_27_Far.010
-3.023789
1.343087
-2.155171
-2067.784
498.6476
-3277.177
1.0
FldObj_CliffSnowWall_D_27_Far.011
-0.9743581
-0.6457809
-0.1979782
-2036.923
353.5652
-3713.873
1.0
LinkTagAnd
0
0
0
-2951.69
673.93
-3142.35
1.0
FldObj_GerudoHighlandRock_C_04_Far
-3.034434
0.02782818
3.065775
-2364.291
534.8129
-3287.299
0.8415
FldObj_GerudoHighlandRock_C_02.006
-0.008048194
0.9157803
0.1459079
-2235.251
495.1834
-2934.341
0.9
Obj_IcicleMountain_A_L_02_Far.003
0.1306012
0.4429682
0.2359524
-2106.18
431.0337
-3047.187
1.0
Area
0
-0.8800005
0
-2604.002
506.7529
-3237.42
6
Obj_IcicleMountain_A_L_03_Far.013
3.101962
0.714278
2.929408
-2271.896
442.3712
-3039.016
1.0
ChangeWeatherTag
0
2.030796
0
-2057.13
408.7486
-3740.272
3
FldObj_GerudoHighlandRock_C_01.006
0.3932751
1.288216
0.1848002
-2354.762
528.5711
-3320.693
0.8415
SwitchTimeLimited
1.570796
1.161593
3.141593
-2259.726
456.78
-3109.428
0.5
TBox_Field_Stone
0.3075336
-0.009663725
0.06233084
-2357
495.9781
-3302.254
1.0
FldObj_CliffSnowLargeWall_D_03.001
3.039081
0.5964315
3.067562
-2826.291
433.603
-3301.665
2.563558
FldObj_GerudoHighlandRock_C_02.007
0.5869884
1.522869
0.3407991
-2422.768
534.0755
-2973.269
1.0
Obj_RockSetSnow_A_01.006
-0.7871334
1.211535
-0.8200916
-2479.141
573.7357
-3223.872
1.0
FldObj_CliffSnowLargeWall_D_02_Far.004
3.034621
0.3173396
-2.933105
-2985.64
325.9174
-3574.885
1.0
FldObj_CliffSnowLargeWall_D_02.007
-0.2262938
0.850434
0.4243846
-2663.796
666.6425
-2985.338
1.0
Obj_RockSetSnow_A_01.007
0
-0.5000003
0
-2891.604
432.0308
-3358.848
1.0
LinkTagAnd
0
1.438408
0
-2372.258
485.9141
-3222.463
0.3
DgnObj_WarpPoint_A_01
0
1.438408
0
-2368.893
485.8771
-3223.528
1.0
FldObj_GerudoHighlandRock_C_03.003
2.782991
-1.293889
3.039442
-2260.498
499.6853
-3027.619
0.7289999
Obj_IcicleMountain_A_L_03_Far.014
-0.04149695
-0.03693245
0.1257894
-2297.6
456.3077
-2955.641
1.0
FldObj_CliffSnowLargeWall_D_01.002
2.949194
0.7841177
-3.104685
-3103.204
554.0909
-3369.713
1.0
FldObj_GerudoHighlandRock_C_02_Far.009
3.046949
-0.5222532
3.015969
-2243.19
493.7821
-3019.701
0.7289999
Area
0
0
0
-2945.874
680.7653
-3142.83
0.2
Obj_IcicleMountain_A_L_03.013
3.121609
-0.1341097
-2.998893
-2127.041
424.85
-3069.266
1.0
FldObj_GerudoHighlandRock_C_02.008
-0.03937257
0.8448551
-0.2556328
-2385.011
530.2582
-3306.388
0.8415
Obj_IcicleMountain_A_L_03.014
0.06
0.003071779
0
-2201.761
442
-2934.07
1.0
FldObj_GerudoHighlandRock_C_04_Far.001
-3.141577
-1.481598
3.141577
-2256.76
446.3593
-3099.455
1.0
FldObj_GerudoHighlandRock_C_02.009
0.2120438
-0.1915298
-0.1991565
-2340
524.5012
-3224.665
1.17
FldObj_GerudoHighlandRock_C_02.010
-0.04454318
-0.6751829
0.1920737
-2312.378
510.899
-2951.079
1.0
TBox_Field_Iron
0.5764861
1.531996
0.7402102
-2468.694
503.4638
-3112.966
1.0
GrassCutTag
0
2.421593
0
-2677.323
346.4724
-3351.564
1.0
FldObj_CliffSnowWall_D_27.006
2.487891
-1.113103
2.938464
-2649.23
634.8255
-3100.462
1.0
FldObj_GerudoHighlandRock_C_03.004
0.1612116
-0.0741713
0.0307004
-2390.042
491.2132
-3247.383
1.0
Obj_IcicleMountain_A_L_03.015
3.137617
0.9909231
2.93815
-2437.991
480.35
-2985.508
1.0
FldObj_GerudoHighlandRock_C_02_Far.010
2.912899
0.4242328
2.887875
-2350.532
520.4176
-3193.933
1.17
Obj_SweepCollision
0
-1.233015
0
-2154.545
464.4
-3188.813
1.0
FldObj_CliffSnowWall_D_10_Far
0.4600001
1.14
0
-2461.759
548.3436
-3251.914
1.0
LinkTagOr
0
0
0
-2949.79
680.89
-3137.88
1.0
Area
0
-1.054587
0
-2164.1
450.2
-3185.1
5
FldObj_CliffSnowWall_D_27.007
-0.9743581
-0.6457809
-0.1979782
-2036.923
353.5652
-3713.873
1.0
Enemy_Bokoblin_Guard_Middle
0
1.501595
0
-2653.702
355.0069
-3374.888
1.0
Obj_RockSetSnow_A_01.008
0
0.8799999
0
-2911.503
676.9311
-3126.973
1.0
Obj_RockSetSnow_A_01_Far.007
0
0
-0.4199999
-2476.417
552.3422
-3185.216
1.0
FldObj_GerudoHighlandRock_C_03_Far.003
-0.5360931
0.7781777
-0.1133577
-2104.124
502.2449
-3201.699
0.9
Weapon_Shield_003
-1.230796
-0.8999264
0
-2945.903
680.924
-3142.99
1.0
LinkTagOr
0
-0.9200003
0
-2946.836
689.4847
-3147.137
1.0
Obj_IcicleMountain_A_L_02.003
-0.1457592
0.8159825
-0.2469244
-2353.627
463
-2916.215
1.0
FldObj_GerudoHighlandRock_C_02.011
2.912899
0.4242328
2.887875
-2350.532
520.4176
-3193.933
1.17
FldObj_CliffSnowWall_D_02
-0.07762794
-0.5994874
0.3267815
-2466.52
501.1334
-3083.682
1.0
FldObj_GerudoHighlandRock_C_02_Far.011
2.893233
-1.081291
-2.953387
-2139.557
486.0512
-3031
1.0
LinkTagOr
0
-1.054559
0
-2164.1
457.2
-3185.1
1.0
FldObj_GerudoHighlandRock_C_02.012
-2.97648
0.394004
-3.077852
-2370.121
528.1322
-3054.301
0.85
FldObj_GerudoHighlandRock_C_01_Far.011
-2.962249
-0.2773478
3.085135
-2312.73
511.3934
-3099.296
0.85
FldObj_GerudoHighlandRock_C_02.013
0.2357856
-1.029595
-0.1686532
-2130.651
488.4182
-3094.018
1.0
Obj_IcicleMountain_A_L_03.016
0
-0.6374863
-0.06981316
-2434.786
494.5754
-3252.208
0.8
LinkTagOr
0
-1.02
0
-2890.68
349.4504
-3571.264
1.0
ForceSetPosDirAutoSaveAnchor
0
1.908578
0
-2162
450.4
-3186.3
1.0
Obj_TreeConiferous_A_Snow_03
0
0
0
-2345.061
352.7707
-3644.476
1.0
FldObj_GerudoHighlandRock_C_04_Far.002
3.008821
0.9721676
3.03642
-2155.958
488.2131
-3033.94
1.0
FldObj_CliffSnowLargeWall_D_02.008
2.485527
-1.074592
-3.062967
-2415.878
524.5292
-3333.53
1.0
FldObj_GerudoHighlandRock_C_02_Far.012
2.93065
1.164209
2.894751
-2337.086
515.5333
-2865.367
0.9
Obj_IcicleMountain_A_L_03.017
0
-1.173664
0
-2367.72
474.3977
-3315.379
1.0
Obj_IcicleMountain_A_L_03.018
-0.04149695
-0.03693245
0.1257894
-2297.6
456.3077
-2955.641
1.0
LinkTagAnd
0
0
0
-2855.792
341.1219
-3492.05
1.0
Area
0
0
0
-2950.161
680.709
-3148.08
0.2
FldObj_GerudoHighlandRock_C_04_Far.003
-0.6228654
-1.466027
0.5748163
-2441.607
547.9564
-3214.368
0.85
LinkTagNAnd
0
0
0
-2951.901
676.9137
-3137.449
1.0
FldObj_GerudoHighlandRock_C_02.014
-0.6120928
-1.355988
0.6617663
-2320.695
514.4274
-3080.404
0.85
ConstraintDummy
0
0
0
-2953.876
677.5565
-3143.842
0.5504608
LinkTagAnd
0
0
0
-2940.158
676.8199
-3147.892
1.0
Obj_RockSetSnow_A_01_Far.008
0
1.499998
0
-2371.266
520.5703
-3351.222
1.0
Obj_IcicleMountain_A_L_03_Far.015
2.657046
-1.283058
-2.7382
-2335.207
451.4596
-2978.15
1.0
FldObj_CliffSnowWall_D_14
-3.031854
1.521132
-2.472234
-2542.941
602.3868
-3028.217
1.0
Area
0
-0.5599999
0
-2934.448
355.7798
-3509.174
1.0
Obj_RockSetSnow_A_01_Far.009
0
0.9400001
0
-2471.257
564.9779
-3235.315
1.0
LinkTagNAnd
0
1.438408
0
-2375.827
498.4141
-3225.965
0.6000001
FldObj_GerudoHighlandRock_C_02.015
0.1917882
-0.08741592
-0.03433335
-2159.095
489.1619
-3105.81
1.0
EnemyLookTag
0
2.421593
0
-2677.323
346.4724
-3351.564
1.0
FldObj_GerudoHighlandRock_C_04.001
-2.951344
-0.4047753
2.950293
-2427.099
543.8973
-3075.682
0.9350001
Obj_RockSetSnow_A_01_Far.010
0
0
0
-2320.817
354.1098
-3676.866
1.0
LinkTagAnd
0
0
0
-2855.792
340.1219
-3492.05
1.0
Obj_IcicleMountain_A_L_03.019
-0.1496376
0.6620309
-0.3211459
-2265.727
473.1501
-3268.644
1.0
FldObj_GerudoHighlandRock_C_02_Far.013
2.892194
0.5432917
-3.006157
-2235.608
505.8585
-3177.361
0.9
LinkTagAnd
0
0
0
-2314.244
489.4727
-3576.663
1.0
Obj_IcicleMountain_A_L_03_Far.016
0.2698161
0.7862703
-0.3860044
-2451.826
465.0515
-3143.642
1.0
AnchorAction1
0
2.2
0
-2677.342
345.7238
-3351.514
1.0
FldObj_CliffSnowWall_D_07.001
0
2.48
0
-2966.187
287.9923
-3566.494
1.0
TBox_Field_Stone
2.490287
-0.8894694
-2.689838
-2309.847
482.0472
-3572.684
1.0
LinkTagOr
0
0
0
-2947.55
680.39
-3139.77
1.0
FldObj_GerudoHighlandRock_C_01_Far.012
2.501033
1.315251
2.330981
-2364.297
514.7498
-2819.689
0.7289999
LinkTagOr
-0.3122298
-0.3014567
0.04363734
-2287.246
564.3832
-3406.706
1.0
LinkTagAnd
0
1.438408
0
-2372.258
485.9141
-3222.463
0.3
LinkTagAnd
0
0
0
-2378.008
488.4141
-3223.742
1.0
Obj_IcicleMountain_A_L_03.020
-0.4339801
1.025122
-0.4469913
-2460.817
492.5525
-3201.462
1.0
FldObj_GerudoHighlandRock_C_04.002
-0.08441596
0.5831652
-0.104548
-2256.856
494.8537
-3137.948
0.9
FldObj_GerudoHighlandRock_C_01_Far.013
-0.05749285
-0.6069741
-0.07289585
-2404.505
534.1888
-3300.581
0.8415
Area
0
1.98
0
-2265.772
450.0843
-3091.157
1.0
ValleyEffectLocater
0
0
0
-2521.774
0
-4179.667
1.0
Obj_IcicleMountain_A_L_03.021
-0.5322598
-1.412381
0.4871517
-2322.337
458.9474
-3084.831
1.0
Obj_IcicleMountain_A_L_03_Far.017
-2.644943
0.6785944
-2.813687
-2328.745
467.4254
-3041.344
1.0
ChangeWeatherTag
0
1.570796
0
-2277.808
817.2484
-3098.705
3
LinkTagOr
0
-0.9200003
0
-2946.17
689.4847
-3146.262
1.0
LinkTagAnd
0
-1.054587
0
-2178.9
472
-3162.4
5
FldObj_CliffSnowWall_D_27_Far.012
-0.9855276
-0.9032644
-0.006304677
-2131.537
356.3421
-3734.159
0.8
FldObj_GerudoHighlandRock_C_01.007
-2.873682
0.2497211
-3.068371
-2135.888
499.8521
-3206.16
0.9
ActorObserverTag
0
0
0
-2841.485
334.7355
-3499.631
1.0
LinkTagOr
0
0
0
-2952.41
680.05
-3147.85
1.0
LinkTagOr
0
0
0
-2841.485
335.7355
-3499.631
1.0
FldObj_CliffSnowLargeWall_D_01_Far.005
2.981904
0.6535017
3.003529
-2886.053
594.0601
-3244.818
1.0
Obj_IcicleMountain_A_L_03_Far.018
-0.01887243
-0.3086627
0.1445818
-2221.121
446.2487
-3173.534
1.0
LinkTagNAnd
0
0
0
-2466.639
505.444
-3108.625
1.0
FldObj_GerudoHighlandRock_C_04_Far.004
-0.3743839
-0.3435615
-0.3990322
-2390.656
486.0482
-3222.735
1.0
LinkTagAnd
0
0
0
-2950.59
680.19
-3148.86
1.0
FldObj_CliffSnowLargeWall_D_02_Far.005
2.847783
0.6538997
-2.976679
-2737.272
439.1804
-3251.151
1.0
FldObj_CliffSnowWall_D_27_Far.013
-3.124338
-0.8027294
3.118697
-2521.749
226.2424
-3519.659
1.0
LinkTagOr
0
2.030796
0
-2184.481
384.647
-3712.44
3
FldObj_GerudoHighlandRock_C_01.008
0
-0.36
-0.18
-2407.368
529.5909
-2952.659
1.0
EventTag
0
0
0
-2949.511
674.9424
-3143.245
1.0
Obj_RockSetSnow_A_01_Far.011
-1.216434
0.932417
-0.8207102
-2867.104
336.6709
-3493.881
1.0
FldObj_CliffSnowLargeWall_D_02_Far.006
-0.6999997
-0.5999998
0
-2178.339
533.6626
-3304.944
1.0
FldObj_CliffSnowLargeWall_D_01_Far.006
2.955092
-0.5124603
2.945934
-2241.213
433.1697
-3552.148
1.0
Obj_RockSetSnow_A_01.009
0
0
-0.4199999
-2476.417
552.3422
-3185.216
1.0
Obj_IcicleMountain_A_L_03.022
-0.01071464
-0.6982943
-0.08678463
-2323.083
473.8674
-3298.846
1.0
FldObj_CliffSnowWall_D_01_Far.002
2.681592
-0.001593025
-3.141592
-2268.437
460.0355
-3588.47
1.0
FldObj_GerudoHighlandRock_C_01_Far.014
0
-0.36
-0.18
-2407.368
529.5909
-2952.659
1.0
FldObj_GerudoHighlandRock_C_01.009
0.05032947
0.8847191
0.1780848
-2209.057
496.4234
-2940.666
0.9
Obj_IcicleMountainCover_A_01_Far.002
0.1926202
0.472684
-0.1045826
-2352.465
515.0378
-3210.255
1.0
ChangeWeatherTag
0
0
0
-2098.014
380.278
-3770.519
1.0
FldObj_GerudoHighlandRock_C_01_Far.015
0.1953201
-0.294939
-0.2463714
-2358.613
527.8449
-3229.33
1.17
Obj_IcicleMountain_A_L_03_Far.019
0.06321503
0.8853564
-0.2310365
-2346.677
463.3196
-3223.375
1.0
LinkTagOr
0
1.98
0
-2263.119
451.78
-3104.686
2
FldObj_CliffSnowLargeWall_D_02_Far.007
2.754041
-1.102915
-2.74208
-2544.972
336.5118
-3401.468
1.0
FldObj_CliffSnowLargeWall_D_02_Far.008
-3.081662
0.4786024
-3.029246
-2920.977
336.5306
-3527.157
1.0
EnemyFortressMgrTag
0
2.421593
0
-2677.323
346.3252
-3351.564
1.0
Obj_RockSetSnow_A_01_Far.012
0
-0.72
0
-2695.877
621.3881
-3137.806
1.0
Obj_RockSetSnow_A_01.010
0
-0.18
0
-2973.656
354.6398
-3483.282
1.0
FldObj_GerudoHighlandRock_C_01_Far.016
-2.965313
1.410834
3.084899
-2433.137
538.8157
-3109.737
0.9350001
Obj_IcicleMountain_A_L_03.023
3.098118
0.6884451
-3.0805
-2198.484
437.5059
-3117.639
1.0
Obj_IcicleMountain_A_L_03.024
0.1067769
-0.3675158
-0.1938566
-2243.236
436.4799
-2949.731
1.0
Obj_IcicleMountain_A_L_03.025
-0.01887243
-0.3086627
0.1445818
-2221.121
446.2487
-3173.534
1.0
FldObj_CliffSnowWall_D_11
2.920405
0.646719
-3.083889
-2856.461
374.7891
-3399.811
1.0
PlayerOnScaffoldCheckTag
0
2.099999
0
-2629.021
354.7285
-3341.866
1.0
Obj_IcicleMountain_A_L_02_Far.004
0
-0.01218077
-0.05999999
-2199.041
469.4396
-3260.954
1.0
FldObj_GerudoHighlandRock_C_01_Far.017
-0.2080966
-0.5996838
0.2920802
-2318.814
510.129
-2945.792
1.0
FldObj_GerudoHighlandRock_C_04.003
3.008821
0.9721676
3.03642
-2155.958
488.2131
-3033.94
1.0
Obj_RockSetSnow_A_01_Far.013
-0.7117153
-0.6589448
0.3117718
-2917.133
671.6211
-3196.426
1.0
Obj_IcicleMountainCover_A_01.003
2.834678
-1.205944
-3.054747
-2247.738
489.8688
-3039.522
0.7096421
LinkTagAnd
0
0
0
-2059.065
409.9687
-3742.664
1.0
FldObj_CliffSnowWall_D_27.008
2.605923
-0.7137439
-3.117161
-2395.995
459.5912
-3486.984
1.0
FldObj_GerudoHighlandRock_C_01.010
-3.132298
-1.261523
2.91284
-2415.284
532.934
-2954.021
1.0
IceWall
2.682603
-0.7214583
-2.765199
-2357.208
496.3586
-3303.042
1.5
ConstraintDummy
2.232825
0.3167597
-2.91083
-2059.219
348.2444
-3681.513
1.0
FldObj_GerudoHighlandRock_C_01.011
-0.0312876
-0.1530172
-0.1155362
-2469.152
549.4858
-3061.871
0.75
DgnObj_EntranceElevator_A_01
0
1.438408
0
-2378.008
485.9142
-3224.742
1.0
FldObj_CliffSnowWall_D_10_Far.001
-0.3345852
0.2913083
0.6904656
-2347.407
346.9937
-3661.784
1.0
LinkTagAnd
0
0
0
-2948.94
680.94
-3143.65
1.0
Obj_IcicleMountain_A_L_03_Far.020
-0.4339801
1.025122
-0.4469913
-2460.817
492.5525
-3201.462
1.0
Obj_IcicleMountainCover_A_02_Far.002
3.03316
0.679173
3.038566
-2152.709
479.4118
-3081.509
1.0
FldObj_CliffSnowWall_D_27.009
-3.133045
0.1413366
-3.080987
-2858.142
279.1956
-3514.898
1.0
Area
0
0
0
-2841.485
333.1355
-3499.631
1.0
FldObj_CliffSnowLargeWall_D_01_Far.007
-2.882331
0.7081644
2.648403
-2762.678
523.8723
-3262.428
1.0
SwitchTimeLag
0
0
0
-2952.88
699.6
-3141.01
1.0
Obj_TreeSnowberry_A.001
3.141479
0.2072754
3.141479
-2056.859
347.7857
-3681.59
1.0
FldObj_GerudoHighlandRock_C_01.012
-2.965313
1.410834
3.084899
-2433.137
538.8157
-3109.737
0.9350001
FldObj_GerudoHighlandRock_C_01.013
2.933548
0.4496623
2.858307
-2361.599
527.9561
-3217.608
1.17
FldObj_GerudoHighlandRock_C_02_Far.014
-0.3610615
1.269812
-0.6145846
-2440.631
542.0043
-3116.927
0.9350001
Obj_RockSetSnow_A_01.011
-0.8
0.6399999
0
-2425.82
338.6769
-3606.255
1.0
FldObj_GerudoHighlandRock_C_04_Far.005
0.4262809
1.389392
0.4248022
-2209.781
496.3115
-3115.442
1.0
FldObj_GerudoHighlandRock_C_01.014
-2.962249
-0.2773478
3.085135
-2312.73
511.3934
-3099.296
0.85
FldObj_GerudoHighlandRock_C_04.004
-3.141577
-1.481598
3.141577
-2256.76
446.3593
-3099.455
1.0
Obj_TreeSnowberry_A.002
-0.05235988
0.01231608
0.01745329
-2224.706
455.8942
-3622.689
1.0
FldObj_CliffSnowWall_D_27.010
-0.9855276
-0.9032644
-0.006304677
-2131.537
356.3421
-3734.159
0.8
Area
0.9796295
0.03321712
1.548507
-2149.16
443.0167
-3556.265
1.0
Weapon_Shield_002
1.230796
0.7853982
2.463078E-16
-2945.699
680.8535
-3140.987
1.0
FldObj_CliffSnowWall_D_18.001
-0.1972081
0.03009202
0.1976947
-2408.354
502.3144
-2834.433
1.0
FldObj_CliffSnowLargeWall_D_02_Far.009
3.103899
-1.382744
2.818687
-2435.484
447.6646
-3434.849
1.0
Enemy_Bokoblin_Senior
0
0
0
-2969
351.8416
-3519
1.0
Obj_IcicleMountainCover_A_02.003
-3.112615
-0.05489372
2.99778
-2216.495
514.75
-3277.57
0.8
ActorObserverTag
0
0
0
-2949.67
678.92
-3144.27
1.0
FldObj_GerudoHighlandRock_C_04.005
-0.6228654
-1.466027
0.5748163
-2441.607
547.9564
-3214.368
0.85
FldObj_GerudoHighlandRock_C_04_Far.006
0
1.18
0
-2346.721
510.1335
-2966.914
1.0
FldObj_CliffSnowLargeWall_D_03_Far.002
3.039081
0.5964315
3.067562
-2826.291
433.603
-3301.665
2.563558
FldObj_GerudoHighlandRock_C_02.016
0.0854446
0.2848006
-0.14888
-2242.963
498.0168
-3038.737
0.7289999
Obj_IcicleMountain_A_L_03_Far.021
0
-1.173664
0
-2367.72
474.3977
-3315.379
1.0
Area
0
0.46
0
-2627.036
381.8189
-3393.573
1.0
Obj_IcicleMountain_A_L_02_Far.005
-2.980618
-0.1237396
3.063358
-2469.15
503.2877
-3052.851
1.0
DgnObj_EntranceTerminalSP
0
-1.756613
0
-2160.487
450.4001
-3184.606
1.0
FldObj_CliffSnowWall_D_17_Far
0.8925831
-1.507626
-1.248378
-2931.704
672.4153
-3095.928
1.0
Area
0
0
0
-2327.558
551.7562
-2967.884
1.0
Weapon_Shield_035
-1.230796
0.6799333
-0.001812627
-2952.979
680.873
-3147.56
1.0
FldObj_GerudoHighlandRock_C_02_Far.015
3.045276
-1.291245
2.988531
-2395.325
528.6006
-2969.631
1.0
FldObj_CliffSnowWall_D_02_Far.001
-0.6150188
0.2918447
0.1059512
-2478.964
501.1873
-3056.87
1.0
LinkTagAnd
0
-1.233015
0
-2157.342
463.2614
-3189.192
1.0
Obj_IcicleMountain_A_L_02.004
-0.002449439
-0.251544
0.004037453
-2404.937
485.4266
-3300.531
1.0
Enemy_Bokoblin_Senior
0
-1.74879
0
-2672.402
346.4897
-3350.679
1.0
LinkTagOr
0
0
0
-2339.334
334.6061
-3720.425
1.0
FldObj_CliffSnowEdgeWall_END_B_02.002
-3.063145
0.6432846
-3.062496
-2909.983
235.392
-3522.334
1.2
Obj_IcicleMountain_A_L_03_Far.022
-2.930636
0.8709942
-2.88927
-2225.717
435.7228
-2905.001
1.0
LinkTagAnd
0
1.98
0
-2256.698
460.78
-3107.471
2
Obj_RockSetSnow_A_01_Far.014
0
0.32
0
-2325.08
444.0081
-3588.366
1.0
FldObj_CliffSnowWall_D_10.001
-1.080319
0.07959945
-0.008003581
-2626.997
339.1744
-3403.333
1.0
FldObj_CliffSnowLargeWall_D_02_Far.010
-0.887867
0.3421392
-0.2102252
-2313.104
550.5386
-3418.331
1.0
Weapon_Shield_034
-1.230796
0.7853982
-0.001812627
-2955.319
680.873
-3145.589
1.0
LinkTagOr
0
-3.141593
0
-2856.292
338.6219
-3489.049
1.0
Obj_RockSetSnow_A_01_Far.015
0
-0.18
0
-2973.656
354.6398
-3483.282
1.0
PosAfterDemoSkip
0
1.908578
0
-2162
450.4
-3186.3
1.0
FldObj_GerudoHighlandRock_C_03_Far.004
-0.005734265
0.4254233
0.431893
-2217.254
513.1843
-3187.949
0.9
FldObj_GerudoHighlandRock_C_04.006
-3.034434
0.02782818
3.065775
-2364.291
534.8129
-3287.299
0.8415
FldObj_CliffSnowWall_D_27_Far.014
-1.865174
1.330305
-1.293865
-2454.828
542.4281
-3214.974
1.0
Obj_RockSetSnow_A_01.012
0
-0.5600002
0
-2822.734
428.0739
-3332.136
1.0
SwitchTimeLag
0
0
0
-2950.203
673.0264
-3142.675
1.0
FldObj_CliffSnowLargeWall_D_01.003
2.861592
-1.161593
3.141593
-2332.131
449.9754
-3489.41
1.0
Item_Fruit_B
0
0
3.081593
-1984.976
454.0228
-3125.185
1.0
LinkTagOr
0
1.98
0
-2253.945
456.78
-3108.665
2
Enemy_Bokoblin_Guard_Middle_Ambush
0
1.540002
0
-2616.421
354.4288
-3373.883
1.0
FldObj_GerudoHighlandRock_C_02.017
3.046949
-0.5222532
3.015969
-2243.19
493.7821
-3019.701
0.7289999
FldObj_CliffSnowWall_D_19
3.095856
-1.021786
3.125558
-2524.717
285.0832
-3485.733
1.0
Obj_IcicleMountain_A_L_03.026
0.2698161
0.7862703
-0.3860044
-2451.826
465.0515
-3143.642
1.0
FldObj_CliffSnowLargeWall_D_01.004
2.806575
0.4281879
-3.071999
-3111.9
416.014
-3478.039
1.0
LinkTagNOr
0
-1.054559
0
-2165.5
457.2
-3184.8
1.0
FldObj_GerudoHighlandRock_C_01.015
3.013034
-0.409743
3.028864
-2226.152
489.7779
-3028.63
0.7289999
FldObj_CliffSnowWall_D_27_Far.015
-2.669476
0.9843723
-2.223269
-2028.401
447.382
-3266.622
1.0
FldObj_CliffSnowLargeWall_D_02_Far.011
-0.2262938
0.850434
0.4243846
-2663.796
666.6425
-2985.338
1.0
LinkTagAnd
0
1.438408
0
-2376.223
498.4141
-3222.991
0.6000001
Obj_IcicleMountainCover_A_01.004
0.1972773
0.5388954
0.3455679
-2232.12
500.7825
-3190.565
0.8360465
FldObj_CliffSnowWall_D_16
-3.061593
-0.7215933
3.141593
-2843.374
331.9462
-3492.525
1.0
LinkTagNone
0
0
0
-2164.1
450.2
-3185.1
1.0
FldObj_GerudoHighlandRock_C_02_Far.016
-0.0718952
-1.092539
-0.122917
-2328.022
532.4812
-3296.469
0.8415
FldObj_CliffSnowLargeWall_D_01.005
2.981904
0.6535017
3.003529
-2886.053
594.0601
-3244.818
1.0
FldObj_CliffSnowLargeWall_D_03.002
2.982236
-0.4962349
-2.98522
-2622.588
470.4545
-3211.032
2.563558
FldObj_CliffSnowWall_D_17_Far.001
-1.422958
-1.388467
1.599815
-3014.746
625.543
-3013.914
1.0
FldObj_CliffSnowLargeWall_D_01_Far.008
2.854303
-1.257206
3.07686
-2625.688
623.8585
-3053.783
1.0
LinkTagAnd
0
0
0
-2149.16
443.0167
-3556.265
1.0
FldObj_CliffSnowWall_D_27.011
2.355039
1.472799
2.915934
-2433.619
523.5511
-3243.357
1.0
Obj_IcicleMountain_A_L_03_Far.023
1.951881E-08
0.1165609
-0.2399999
-2361.553
462.84
-2874.801
1.0
FldObj_GerudoHighlandRock_C_02.018
-0.1178498
-0.500596
-0.1549521
-2397.063
535.2863
-3101.37
0.9350001
FldObj_GerudoHighlandRock_C_02_Far.017
-2.90393
0.2149018
-3.055701
-2119.211
505.6196
-3185.462
0.9
ChangeWeatherTag
0
0
0
-2645.889
315.1764
-3484.246
1.0
Obj_TreeConiferous_A_Snow_03.001
0
-0.5533447
0
-2172.547
352.446
-3736.733
1.15
MoveTriggerTag
2.721593
0.2826556
-3.141592
-2210.643
505.1578
-3525.667
1.0
Obj_IcicleMountain_A_L_03_Far.024
3.098118
0.6884451
-3.0805
-2198.484
437.5059
-3117.639
1.0
Obj_RockSetSnow_A_01.013
0
-0.72
0
-2695.877
621.3881
-3137.806
1.0
FldObj_CliffSnowWall_D_01.001
-0.8116593
0.6969138
-0.5559509
-2499.117
539.4237
-3035.304
1.0
Obj_IcicleMountainCover_A_01_Far.003
0.08071334
-1.31336
0.03862004
-2222.996
487.7666
-2931.729
0.8360465
FldObj_CliffSnowLargeWall_D_02_Far.012
3.141593
0.3215919
-3.101593
-2688.583
341.0674
-3416.749
1.0
AnchorAction1
0
-1.581867
0
-2949.937
677.5565
-3141.385
1.0
FldObj_CliffSnowLargeWall_D_01.006
3.01259
0.6138665
3.091668
-2789.878
622.7744
-3152.97
1.0
FldObj_GerudoHighlandRock_C_02_Far.018
-3.129477
-1.154176
-3.000381
-2207.092
497.1972
-2917.937
0.9
Obj_RockSetSnow_A_01.014
-0.06582845
-0.439379
0.2608439
-2481.52
542.7598
-3106.995
1.0
Obj_IcicleMountain_A_L_02.005
0.1533839
0.576363
-0.01636266
-2336.207
467.3468
-2852.494
1.0
LinkTagOr
0
2.030796
0
-2057.13
398.3111
-3740.272
3
FldObj_GerudoHighlandRock_C_02_Far.019
0.0854446
0.2848006
-0.14888
-2242.963
498.0168
-3038.737
0.7289999
FldObj_CliffSnowLargeWall_D_02.009
2.866644
-0.8502916
-3.035828
-2382.716
319.8058
-3628.291
1.0
Obj_IcicleMountain_A_L_03.027
-2.36911
1.271911
-2.316767
-2465.177
496.0988
-3160.704
1.0
FldObj_CliffSnowWall_D_02.001
-0.6150188
0.2918447
0.1059512
-2478.964
501.1873
-3056.87
1.0
IceWall
-0.3122298
-0.3014567
0.04363734
-2290.118
564.0674
-3407.538
1.2
FldObj_GerudoHighlandRock_C_02.019
2.892194
0.5432917
-3.006157
-2235.608
505.8585
-3177.361
0.9
FldObj_CliffSnowWall_D_03_Far.001
-2.964647
0.4798828
-2.856706
-2581.783
268.238
-3359.183
1.0
FldObj_CliffSnowWall_D_27.012
-3.023789
1.343087
-2.155171
-2067.784
498.6476
-3277.177
1.0
Obj_IcicleMountainCover_A_01_Far.004
2.834678
-1.205944
-3.054747
-2247.738
489.8688
-3039.522
0.7096421
FldObj_GerudoHighlandRock_C_01_Far.018
3.083563
-1.0431
-2.953259
-2198.309
498.0045
-2935.184
0.9
Area
0
2.099999
0
-2631.545
354.7285
-3346.182
2
FldObj_GerudoHighlandRock_C_03_Far.005
2.782991
-1.293889
3.039442
-2260.498
499.6853
-3027.619
0.7289999
Enemy_Bokoblin_Guard_Middle_Ambush
0
2.16
0
-2573.941
356.1875
-3367.153
1.0
LinkTagOr
0
0
-0.05999999
-1983.104
452.9192
-3125.363
1.0
LinkTagAnd
0
0
0
-2110.403
437.3003
-3450.407
1.0
FldObj_CliffSnowLargeWall_D_01.007
2.90059
0.4098481
3.033521
-3022.05
640.4405
-3244.525
1.0
LinkTagAnd
0
0
0
-2950.96
699.46
-3141.35
1.0
FldObj_GerudoHighlandRock_C_02.020
-3.101521
-0.1243467
-3.022059
-2351.376
513.8907
-2929.886
1.0
Area
0
-0.8853968
0
-2951.96
678.2
-3142.18
1.0
LinkTagAnd
0
-1.054587
0
-2201.2
467.6
-3122.6
5
FldObj_GerudoHighlandRock_C_01_Far.019
-2.347618
-1.144837
2.404935
-2137.993
502.455
-3195.212
0.9
Obj_IcicleMountain_A_L_02.006
-0.05853089
-0.1159502
-0.1923974
-2358.081
469.7496
-3070.506
1.0
Npc_HiddenKorokFly
0
-0.8800005
0
-2602.175
508.3545
-3238.931
1.0
Area
0
0
0
-2949.698
680.5278
-3144.213
0.2
DestinationAnchor
0
-2.226783
0
-2371.004
485.9141
-3225.323
1.0
FldObj_GerudoHighlandRock_C_01_Far.020
0.05032947
0.8847191
0.1780848
-2209.057
496.4234
-2940.666
0.9
FldObj_CliffSnowWall_D_17.002
0.8925831
-1.507626
-1.248378
-2931.704
672.4153
-3095.928
1.0
LinkTagAnd
0
0
0
-2160.487
450.4001
-3184.606
1.0
FldObj_CliffSnowWall_D_16_Far
-3.061593
-0.7215933
3.141593
-2843.374
331.9462
-3492.525
1.0
FldObj_CliffSnowWall_D_10.002
0.4600001
1.14
0
-2461.759
548.3436
-3251.914
1.0
FldObj_GerudoHighlandRock_C_02_Far.020
-0.08155035
1.244229
-0.3034401
-2361.941
527.8763
-3324.893
0.8415
Obj_RockSetSnow_A_01_Far.016
-0.8
0.6399999
0
-2425.82
338.6769
-3606.255
1.0
FldObj_CliffSnowLargeWall_D_02_Far.013
-0.8378097
0.7315453
-0.3475766
-2590.991
657.039
-3096.493
1.0
FldObj_CliffSnowWall_D_27_Far.016
2.928402
0.9433805
-2.89712
-2008.85
434.5431
-3243.494
1.0
FldObj_CliffSnowLargeWall_D_02.010
2.848824
-0.8103959
3.055413
-2498.117
447.6646
-3320.2
1.0
LinkTagAnd
0
0
0
-2954.41
680.15
-3145.76
1.0
FldObj_CliffSnowWall_D_27.013
2.29247
0.3268387
2.268612
-2863.947
333.7403
-3453.044
1.0
FldObj_GerudoHighlandRock_C_02_Far.021
-0.475518
-1.408005
0.6650856
-2493.85
550.5546
-3013.766
0.7
Item_Fruit_B
-3.141479
-0.2072754
-0.0001134891
-2056.914
348.6057
-3681.049
1.0
Obj_IcicleMountainCover_A_02_Far.003
-1.102673
1.459135
-1.008163
-2328.303
505.115
-2957.603
0.8
Area
0
-0.5600002
0
-2933.294
357.1223
-3526.689
1.0
EventTag
0
0.9148095
0
-2371.796
485.9141
-3225.933
0.6
Obj_RockSetSnow_A_01_Far.017
0
0
0
-2887.738
344.5451
-3494.379
1.0
Obj_IcicleMountain_A_L_03.028
3.039945
-0.5626388
3.037592
-2419.351
476.2
-2950.1
1.0
AnchorAction2
0
2.861595
0
-3049.521
677.1
-3207.888
1.0
FldObj_GerudoHighlandRock_C_01.016
-3.095082
-0.6064445
-3.087005
-2319.789
507.95
-2999.746
1.0
LookTagAoC
0
-1.233015
0
-2164.924
449.4
-3185.167
1.0
FldObj_SkullRockSnow_A_01_Far
0
1.9
0
-2682.765
346.4719
-3349.383
1.0
FldObj_GerudoHighlandRock_C_01.017
1.831368
-1.446524
-1.788447
-2138.664
487.1393
-3058.121
1.0
Obj_IcicleMountain_A_L_03_Far.025
-2.935039
-0.4792825
3.032818
-2371.654
473.382
-3039.252
0.972
FldObj_CliffSnowWall_D_01.002
2.681592
-0.001593025
-3.141592
-2268.437
460.0355
-3588.47
1.0
FldObj_CliffSnowWall_D_27_Far.017
2.598189
1.178897
-2.722583
-2840.231
592.955
-3278.574
1.0
FldObj_CliffSnowTopHalf_D_01
3.061593
1.36
3.141593
-2831.652
610.1504
-3154.155
1.0
FldObj_CliffSnowWall_D_27.014
2.981593
-0.9015914
-3.141592
-2505.436
300.5227
-3541.129
1.0
FldObj_SkullRockSnow_A_01
0
1.9
0
-2682.765
346.4719
-3349.383
1.0
Weapon_Shield_001
1.230796
0.7853982
2.463078E-16
-2946.927
680.873
-3139.91
1.0
Obj_IcicleMountain_A_L_02_Far.006
0.1122722
-1.358325
-0.2542005
-2254.728
442.7106
-3022.04
1.0
FldObj_GerudoHighlandRock_C_01_Far.021
0
1.42
-0.22
-2427.978
533.5364
-2951.276
1.0
Obj_IcicleMountainCover_A_01.005
3.100349
0.9838076
2.869652
-2408.698
524.3362
-2969.594
0.8360465
TimeControlTag
0
0.2200001
1.42
-2190.524
390.8823
-3713.716
1.0
FldObj_CliffSnowWall_D_19_Far
-0.1231273
0.2461608
-0.1308668
-2377.49
480.2837
-2970.652
1.0
Obj_RockSetSnow_A_01_Far.018
-0.2254555
-0.6257842
0.373217
-2549.891
626.7372
-3152.469
1.0
Obj_LiftRockWhite_A_01
0.02729876
0.003264151
-0.2379982
-2863.725
342.3406
-3497.77
1.0
Obj_IcicleMountainCover_A_02.004
3.03316
0.679173
3.038566
-2152.709
479.4118
-3081.509
1.0
FldObj_CliffSnowLargeWall_D_02_Far.014
-0.3640789
-0.8291113
-0.5032239
-2228.476
553.8608
-3331.603
1.0
FldObj_GerudoHighlandRock_C_01.018
0
1.42
-0.22
-2427.978
533.5364
-2951.276
1.0
FldObj_GerudoHighlandRock_C_01.019
-0.5531219
-1.075573
0.5036708
-2334.735
524.4228
-3050.879
0.85
Obj_RockSetSnow_A_01_Far.019
0
1.499998
0
-2368.189
515.0391
-3338.489
1.0
Obj_TreeConiferous_A_Snow_03.002
3.141479
0.1152344
3.141479
-2063.194
349.9447
-3699.93
1.089844
FldObj_GerudoHighlandRock_C_03.005
0.01370394
0.5446507
0.04217153
-2332.181
520.7059
-3206.809
1.17
Obj_IcicleMountain_A_L_03.029
2.657046
-1.283058
-2.7382
-2335.207
451.4596
-2978.15
1.0
Obj_IcicleMountain_A_L_02_Far.007
-0.1198054
-0.01927195
-0.0581137
-2332.822
478.0968
-3321.016
1.0
FldObj_CliffSnowWall_D_01.003
-1.622644
1.486181
-1.192254
-2477.265
518.7191
-3141.678
1.0
LinkTagAnd
0
0
0
-2950.18
680.15
-3137.4
1.0
FldObj_CliffSnowLargeWall_D_02_Far.015
2.720913
0.2016699
3.0476
-3157.021
423.4001
-3554.532
1.0
FldObj_CliffSnowEdgeWall_END_B_02.003
-3.074195
-0.8984075
3.037221
-2484.815
242.7033
-3526.188
1.0
FldObj_GerudoHighlandRock_C_01.020
-2.347618
-1.144837
2.404935
-2137.993
502.455
-3195.212
0.9
Item_Fruit_B
0.05235988
-0.01231609
-3.124139
-2224.785
456.6836
-3623.27
1.0
FldObj_CliffSnowWall_D_27.015
2.928402
0.9433805
-2.89712
-2008.85
434.5431
-3243.494
1.0
FldObj_CliffSnowWall_D_17_Far.002
2.133938
-1.498452
-2.383187
-2933.328
666.7897
-3077.365
1.0
Obj_TreeConiferous_A_Snow_03.003
0
0
0
-2526.626
349.2538
-3396.673
1.0
ForceSetPosDirAutoSaveAnchor
0
-1.703184
0
-2371.215
485.9141
-3223.737
1.0
Area
0
-0.8726646
0
-2950.385
678.1833
-3139.083
1.0
FireObserverTag
0
0
0
-2953.64
680.7
-3148.91
1.0
Obj_TreeConiferous_A_Snow_03.004
0
0
0
-2590.614
348.0582
-3356.578
1.0
FldObj_CliffSnowWall_D_06
-0.8081197
-1.426286
0.30359
-2958.399
643.1595
-3017.518
1.0
Area
0
1.501595
0
-2653.702
356.9193
-3374.888
2
FldObj_CliffSnowLargeWall_D_02.011
2.754041
-1.102915
-2.74208
-2544.972
336.5118
-3401.468
1.0
LinkTagAnd
0
0
0
-2252.82
471.2332
-3092.145
1.0
Obj_IcicleMountain_A_L_02.007
-2.980618
-0.1237396
3.063358
-2469.15
503.2877
-3052.851
1.0
FireObserverTag
0
0
0
-2949.04
680.97
-3148.73
1.0
LinkTagOr
0
-1.054559
0
-2168
455.2
-3183.5
1.0
LocationTag
0
0
0
-2951.8
676.1
-3142.4
1.0
Obj_IcicleMountain_A_L_03_Far.026
-1.26365
-1.435098
1.332734
-2102.89
441.2979
-3195.407
1.0
FldObj_GerudoHighlandRock_C_02.021
2.893233
-1.081291
-2.953387
-2139.557
486.0512
-3031
1.0
FldObj_GerudoHighlandRock_C_04.007
0.4262809
1.389392
0.4248022
-2209.781
496.3115
-3115.442
1.0
IceWall
3.035627
0.3758453
-3.12409
-2469.345
503.5013
-3112.598
1.4
FireObserverTag
0
0
0
-2951.66
681.92
-3149.6
1.0
FldObj_CliffSnowWall_D_06.001
-0.2624326
0.7948697
-0.1430294
-2337.557
430.5943
-2990.922
1.0
FldObj_CliffSnowLargeWall_D_01.008
-2.794405
-1.284042
2.780852
-2420
359.656
-3509.944
1.0
FldObj_CliffSnowWall_D_19.001
-0.1231273
0.2461608
-0.1308668
-2377.49
480.2837
-2970.652
1.0
ActorObserverTag
0
1.98
0
-2267.762
451.0843
-3095.745
2
Obj_IcicleMountainCover_A_01_Far.005
0.1972773
0.5388954
0.3455679
-2232.12
500.7825
-3190.565
0.8360465
ChangeWeatherTag
0
2.030796
0
-2184.481
395.0845
-3712.44
3
FldObj_CliffSnowWall_D_14_Far
-3.031854
1.521132
-2.472234
-2542.941
602.3868
-3028.217
1.0
LinkTagOr
-0.3621347
-0.291346
0.07379054
-2286.998
569.1569
-3408.173
1.0
Obj_IcicleMountain_A_L_03.030
-3.08069
0.1823507
3.092542
-2439.229
486.85
-3090.117
1.0
FldObj_GerudoHighlandRock_C_02_Far.022
-0.1178498
-0.500596
-0.1549521
-2397.063
535.2863
-3101.37
0.9350001
FldObj_GerudoHighlandRock_C_03.006
-0.005734265
0.4254233
0.431893
-2217.254
513.1843
-3187.949
0.9
Obj_IcicleMountain_A_L_03.031
0
6.090815
0
-2476.621
497.2418
-2961.977
1.0
FldObj_CliffSnowWall_D_27.016
2.917354
1.254044
-2.796529
-2433.399
517.12
-3275.514
1.0
FireObserverTag
0
0
0
-2956.11
680.92
-3146.71
1.0
Area
1.576005
0.7658675
-0.01967277
-2110.403
437.3003
-3450.407
1.0
FldObj_CliffSnowLargeWall_D_02.012
2.843504
0.3467466
3.045005
-2948.04
528.324
-3336.687
1.0
Area
0
0
0
-2945.635
680.7969
-3141.189
0.2
TimeControlTag
0
0.2200001
1.42
-2802.886
383.8511
-3492.915
1.0
LinkTagAnd
0
0
0
-2200
534.2
-3185.2
1.0
EventTag
0
-1.756613
0
-2160.487
450.4
-3184.606
1.0
ConstraintDummy
-0.9560779
-0.1146811
-0.2806834
-1982.789
453.349
-3126.166
1.0
LinkTagOr
0
0
0
-2945.64
681.39
-3142.81
1.0
Enemy_Bokoblin_Guard_Middle
0
2.099999
0
-2631.545
352.816
-3346.182
1.0
Area
0
2.16
0
-2573.941
358.1475
-3367.153
2
FldObj_CliffSnowWall_D_07.002
3.096115
-0.0007268792
3.022461
-2224.838
286.5147
-3724.276
1.0
FldObj_CliffSnowLargeWall_D_01_Far.009
2.861592
-1.161593
3.141593
-2332.131
449.9754
-3489.41
1.0
FldObj_GerudoHighlandRock_C_02.022
-0.2186591
-0.1338371
-0.1191492
-2226.575
524.9807
-3246.87
0.9
Obj_IcicleMountain_A_L_03.032
-2.935039
-0.4792825
3.032818
-2371.654
473.382
-3039.252
0.972
Obj_RockSetSnow_A_01.015
-2.070102
0.4268606
-0.6834029
-2862.881
331.828
-3501.478
1.0
FldObj_GerudoHighlandRock_C_01.021
2.845933
-1.043191
-3.079207
-2366.455
525.0283
-3207.508
1.17
ActorObserverTag
0
1.98
0
-2263.119
446.78
-3104.686
2
LinkTagOr
0
-0.8800005
0
-2602.525
510.8545
-3239.355
1.0
FldObj_GerudoHighlandRock_C_01_Far.022
-0.0312876
-0.1530172
-0.1155362
-2469.152
549.4858
-3061.871
0.75
FldObj_CliffSnowLargeWall_D_02_Far.016
2.843504
0.3467466
3.045005
-2948.04
528.324
-3336.687
1.0
FldObj_GerudoHighlandRock_C_02_Far.023
0.02897046
0.3171604
-0.2382044
-2405.134
529.2631
-2986.713
1.0
FldObj_CliffSnowWall_D_27.017
-3.124338
-0.8027294
3.118697
-2521.749
226.2424
-3519.659
1.0
DgnObj_EntranceElevatorSP
0
-1.233015
0
-2155.489
450.4001
-3188.481
1.0
Obj_IcicleMountain_A_L_03_Far.027
3.132246
0.0332307
3.041718
-2391.44
470.5697
-2978.505
1.0
FldObj_CliffSnowWall_D_07_Far.001
0
2.48
0
-2966.187
287.9923
-3566.494
1.0
FldObj_CliffSnowWall_D_18_Far.001
-0.6909119
1.062863
-0.8416499
-2488.629
595.0673
-3220.152
1.0
FldObj_CliffSnowWall_D_27_Far.018
2.841592
-0.6784078
-3.141592
-2350.311
465.4604
-3528.037
1.0
Obj_IcicleMountain_A_L_03.033
-2.644943
0.6785944
-2.813687
-2328.745
467.4254
-3041.344
1.0
FldObj_GerudoHighlandRock_C_04.008
0
1.18
0
-2346.721
510.1335
-2966.914
1.0
FldObj_GerudoHighlandRock_C_02.023
0.5905886
0.4592537
-0.5021321
-2422.256
493.085
-3220.94
1.0
LinkTagOr
0
0
0
-2949.62
680.71
-3147.58
1.0
Obj_IcicleMountain_A_L_03_Far.028
2.775543
-1.411361
-2.79693
-2131.793
425.1
-3023.321
1.0
LinkTagOr
0.002557247
0.9599611
0.05328615
-2485.936
519.3344
-3024.058
1.0
Obj_IcicleMountain_A_L_03_Far.029
3.039945
-0.5626388
3.037592
-2419.351
476.2
-2950.1
1.0
FldObj_CliffSnowLargeWall_D_02.013
-0.6999997
-0.5999998
0
-2178.339
533.6626
-3304.944
1.0
FldObj_CliffSnowLargeWall_D_02.014
2.720913
0.2016699
3.0476
-3157.021
423.4001
-3554.532
1.0
FldObj_CliffSnowTopHalf_D_01.001
0
-1.980001
0
-2396.171
450.7849
-3424.01
1.0
Item_CookSet
0
0.6981318
0
-2949.003
677.5848
-3144.72
1.0
Area
0
0
0
-2946.891
680.8459
-3140.115
0.2
Area
0
-0.9200003
0
-2950.679
687.1871
-3143.52
6.311752
ChangeWeatherTag
0
2.030796
0
-2540.505
408.7486
-3500.787
3
FldObj_CliffSnowTopHalf_D_01.002
2.815672
0.7166153
2.660433
-2869.318
607.8077
-3191.522
1.0
FldObj_CliffSnowLargeWall_D_02.015
-3.081662
0.4786024
-3.029246
-2920.977
336.5306
-3527.157
1.0
Obj_RockSetSnow_A_01.016
-0.2254555
-0.6257842
0.373217
-2549.891
626.7372
-3152.469
1.0
FldObj_CliffSnowLargeWall_D_02.016
-0.9559444
0.7707234
-0.8014101
-2520.884
604.582
-3181.481
1.0
Area
0
0
0
-2952.762
680.8496
-3147.541
0.2
Obj_IcicleMountainCover_A_02.005
-3.06575
-0.2300111
3.085576
-2359.35
524.6317
-3308.527
0.8
Obj_IcicleMountain_A_L_02.008
0.1122722
-1.358325
-0.2542005
-2254.728
442.7106
-3022.04
1.0
Obj_IcicleMountain_A_L_03_Far.030
-2.712306
0.3334402
-2.944702
-2132.413
442.9099
-3200.735
1.0
FldObj_CliffSnowLargeWall_D_02.017
3.034621
0.3173396
-2.933105
-2985.64
325.9174
-3574.885
1.0
DgnObj_EntranceTerminal_A_01
0
0.9148095
0
-2371.796
485.9142
-3225.933
1.0
LinkTagAnd
0
0
0
-2801.09
384.0909
-3493.44
1.0
Area
0
0
0
-2951.8
676.1
-3142.4
20
Obj_IcicleMountain_A_L_02_Far.008
-0.002449439
-0.251544
0.004037453
-2404.937
485.4266
-3300.531
1.0
LinkTagOr
0
1.98
0
-2260.765
457.78
-3106.797
2
FldObj_GerudoHighlandRock_C_02_Far.024
-3.101521
-0.1243467
-3.022059
-2351.376
513.8907
-2929.886
1.0
Obj_RockSetSnow_A_01.017
0
0
0
-2320.817
354.1098
-3676.866
1.0
Obj_IcicleMountain_A_L_02.009
3.141593
-1.381593
3.081592
-2365.847
466.8394
-3168.725
1.0
MoveTriggerTag
0
2.379999
0
-2177.616
489.6741
-3366.192
1.0
Obj_IcicleMountain_A_L_03.034
0.3590125
-0.414069
0.002438084
-2211.124
458.1379
-3223.53
1.0
FldObj_GerudoHighlandRock_C_01_Far.023
-0.4870656
0.5246688
-1.133239
-2423.363
499.707
-3221.883
1.0
FldObj_CliffSnowWall_D_07_Far.002
-2.873727
-1.029988
2.94644
-2515.618
286.1232
-3488.543
1.0
Area
0
0
0
-2951.8
676.1
-3142.4
20
FldObj_GerudoHighlandRock_C_02.024
3.045276
-1.291245
2.988531
-2395.325
528.6006
-2969.631
1.0
LinkTagNAnd
0
0
0
-2946.89
681.89
-3139.11
1.0
FldObj_CliffSnowEdgeWall_END_B_02_Far.003
-3.063145
0.6432846
-3.062496
-2909.983
235.392
-3522.334
1.2
LinkTagAnd
0
0
0
-2259.726
456.78
-3109.428
1.0
FldObj_GerudoHighlandRock_C_02_Far.025
0.2357856
-1.029595
-0.1686532
-2130.651
488.4182
-3094.018
1.0
LinkTagAnd
0
0
0
-2952.523
691.5424
-3141.664
1.0
Obj_IcicleMountain_A_L_02_Far.009
0
-0.2721809
0
-2255.111
444.9952
-3137.94
1.0
FldObj_CliffSnowWall_D_11_Far
2.920405
0.646719
-3.083889
-2856.461
374.7891
-3399.811
1.0
IceWall
0
0.9600001
0
-2487.656
514.1343
-3021.601
1.5
Obj_RockSetSnow_A_01_Far.020
-0.7871334
1.211535
-0.8200916
-2479.141
573.7357
-3223.872
1.0
FldObj_GerudoHighlandRock_C_01_Far.024
2.845933
-1.043191
-3.079207
-2366.455
525.0283
-3207.508
1.17
FldObj_GerudoHighlandRock_C_02.025
1.398005
-1.353374
-1.126156
-2214.968
510.5502
-3183.862
0.9
DestinationAnchor
0
1.384979
0
-2161.47
450.4
-3184.791
1.0
Obj_IcicleMountain_A_L_03.035
0
6.090815
0
-2492.715
497.2418
-3014.618
1.0
Area
0
0
0
-2955.114
680.8105
-3145.627
0.2
FldObj_CliffSnowLargeWall_D_02.018
2.847783
0.6538997
-2.976679
-2737.272
439.1804
-3251.151
1.0
LinkTagAnd
0
1.98
0
-2252.422
472.2332
-3091.227
2
FldObj_GerudoHighlandRock_C_03_Far.006
-0.4418655
-1.211848
0.3357982
-2226.506
496.5763
-2913.744
0.9
Area
0
0.46
0
-2631.155
322.8483
-3422.605
1.0
FldObj_CliffSnowWall_D_01.004
-0.4399999
-0.07999999
0
-2324.682
504.4074
-3305.65
1.0
FldObj_MountainSnow_A_M_04_Far
-2.797305
-0.106578
3.103668
-2016.89
314.7872
-3750.168
1.0
Area
0
-1.233015
0
-2155.489
449.4
-3188.481
40
FldObj_GerudoHighlandRock_C_02_Far.026
-0.6120928
-1.355988
0.6617663
-2320.695
514.4274
-3080.404
0.85
Enemy_Bokoblin_Senior
0
0.3456051
0
-2679.017
346.4652
-3356.269
1.0
LinkTagAnd
0
0
0
-2949.85
680.62
-3147.08
1.0
FldObj_CliffSnowLargeWall_D_01_Far.010
3.01259
0.6138665
3.091668
-2789.878
622.7744
-3152.97
1.0
FldObj_CliffSnowWall_D_17.003
-1.422958
-1.388467
1.599815
-3014.746
625.543
-3013.914
1.0
FldObj_CliffSnowTopHalf_D_01.003
-2.991081
-0.385873
2.911855
-2304.577
432.579
-3551.397
1.0
SignalFlowchart
0
-1.054559
0
-2167
455.2
-3184.2
1.0
FldObj_GerudoHighlandRock_C_01.022
0.1233814
0.2521868
-0.1308938
-2230.747
494.0342
-3038.988
0.7289999
FldObj_GerudoHighlandRock_C_02_Far.027
-0.2186591
-0.1338371
-0.1191492
-2226.575
524.9807
-3246.87
0.9
Obj_RockSetSnow_A_01.018
0
0.9400001
0
-2471.257
564.9779
-3235.315
1.0
Obj_IcicleMountain_A_L_03_Far.031
-3.08069
0.1823507
3.092542
-2439.229
486.85
-3090.117
1.0
FldObj_CliffSnowWall_D_01_Far.003
-0.4399999
-0.07999999
0
-2324.682
504.4074
-3305.65
1.0
FldObj_CliffSnowLargeWall_D_02_Far.017
2.485527
-1.074592
-3.062967
-2415.878
524.5292
-3333.53
1.0
LinkTagNone
0
0
0
-2178.9
472
-3162.4
1.0
FldObj_CliffSnowLargeWall_D_02.019
-0.3640789
-0.8291113
-0.5032239
-2228.476
553.8608
-3331.603
1.0
Obj_IcicleMountain_A_L_03_Far.032
-0.5322598
-1.412381
0.4871517
-2322.337
458.9474
-3084.831
1.0
FldObj_CliffSnowLargeWall_D_01.009
2.822009
0.5377169
3.076988
-2966.308
412.0406
-3382.737
1.0
Obj_IcicleMountain_A_L_03.036
0.06321503
0.8853564
-0.2310365
-2346.677
463.3196
-3223.375
1.0
FldObj_GerudoHighlandRock_C_01.023
2.501033
1.315251
2.330981
-2364.297
514.7498
-2819.689
0.7289999
FldObj_GerudoHighlandRock_C_01_Far.025
0.1271403
0.33451
0.0867957
-2132.927
484.9176
-3071.859
1.0
FldObj_GerudoHighlandRock_C_01.024
-0.2603872
-0.09601934
0.03394074
-2135.161
494.7038
-3217.082
0.9
FldObj_CliffSnowLargeWall_D_02_Far.018
2.877525
-0.9913294
2.747519
-2484.867
557.2181
-3248.443
1.0
FldObj_CliffSnowWall_D_27.018
2.842498
-0.03984634
3.128496
-2586.351
292.8472
-3424.21
1.0
LinkTagNAnd
0
1.98
0
-2257.891
456.78
-3110.224
2
Obj_RockSetSnow_A_01.019
-0.7117153
-0.6589448
0.3117718
-2917.133
671.6211
-3196.426
1.0
FldObj_GerudoHighlandRock_C_01.025
3.083563
-1.0431
-2.953259
-2198.309
498.0045
-2935.184
0.9
FldObj_GerudoHighlandRock_C_01_Far.026
-0.2603872
-0.09601934
0.03394074
-2135.161
494.7038
-3217.082
0.9
Obj_IcicleMountain_A_L_03_Far.033
0
2.976943
0
-2360.588
461.215
-2836.801
1.0
FldObj_GerudoHighlandRock_C_02.026
-3.129477
-1.154176
-3.000381
-2207.092
497.1972
-2917.937
0.9
Obj_IcicleMountain_A_L_03.037
3.101962
0.714278
2.929408
-2271.896
442.3712
-3039.016
1.0
Obj_IcicleMountain_A_L_03.038
-2.930636
0.8709942
-2.88927
-2225.717
435.7228
-2905.001
1.0
FldObj_CliffSnowWall_D_03_Far.002
2.902084
-0.2438099
-2.896147
-2353.603
269.9678
-3632.373
1.0
Area
0
-0.2130083
0
-2162
446.5
-3186.3
25
FldObj_GerudoHighlandRock_C_02_Far.028
3.037893
0.6868031
2.902768
-2264.407
498.4475
-3030.396
0.7289999
LinkTagOr
0
0
0
-2944.608
676.8332
-3143.986
1.0
FldObj_GerudoHighlandRock_C_01_Far.027
2.908361
0.5681004
-3.038371
-2245.526
506.041
-3202.551
0.9
LocationTag
0
0
0
-2200
534.2
-3185.2
1.0
LinkTagAnd
0
0
0
-2164.1
450.2
-3185.1
1.0
PosAfterDemoSkip
0
-1.703184
0
-2371.215
485.9141
-3223.737
1.0
Obj_IcicleMountainCover_A_02_Far.004
-0.4412977
1.004756
-0.4501148
-2337.919
514.601
-3066.66
0.7433944
Area
2.32
6.660201E-08
1.570796
-2246.669
445.6785
-3092.377
1.0
Weapon_Shield_031
1.910796
-0.7853982
3.141593
-2948.954
680.873
-3138.397
1.0
BrokenSnowBall
-1.576615
1.424861
-2.851387
-2175.642
489.6724
-3368.013
1.5
SwitchTimeLag
1.570796
1.161593
3.141593
-2252.82
471.2332
-3092.145
0.5
FldObj_CliffSnowWall_D_27_Far.019
2.499621
0.7948123
3.110299
-2874.843
631.8008
-3227.976
1.0
LinkTagOr
0
1.010796
0
-2797.802
372.272
-3491.553
3
FldObj_GerudoHighlandRock_C_02.027
-2.90393
0.2149018
-3.055701
-2119.211
505.6196
-3185.462
0.9
FldObj_GerudoHighlandRock_C_01_Far.028
0.1417435
0.17221
-0.09751708
-2296.5
451.0887
-3099.156
1.0
LookTag
0
1.438408
0
-2367.6
484.9141
-3223.356
1.0
FldObj_GerudoHighlandRock_C_01.026
-0.2080966
-0.5996838
0.2920802
-2318.814
510.129
-2945.792
1.0
Obj_RockSetSnow_A_01.020
-2.707894
-1.232305
2.729747
-2706.369
612.6708
-3165.044
1.0
FldObj_CliffSnowWall_D_27_Far.020
2.101593
0.9615929
-3.141592
-2820.441
356.3533
-3406.183
1.0
Obj_IcicleMountain_A_L_03_Far.034
-1.593758
-1.333577
1.504889
-2134.031
448.1432
-3176.002
1.0
Enemy_Lizalfos_Ice
0
1.38879
0
-2682.244
346.3287
-3352.45
1.0
ChangeWeatherTag
0
-1.02
0
-2888.481
349.4504
-3571.505
1.0
LinkTagAnd
0
1.98
0
-2257.095
456.78
-3108.389
2
FldObj_CliffSnowLargeWall_D_02_Far.019
2.866644
-0.8502916
-3.035828
-2382.716
319.8058
-3628.291
1.0
FldObj_CliffSnowEdgeWall_B_02_Far
3.009554
0.3567149
-3.136839
-2701.613
329.4811
-3398.949
1.2
FldObj_GerudoHighlandRock_C_04_Far.007
-0.08441596
0.5831652
-0.104548
-2256.856
494.8537
-3137.948
0.9
FldObj_CliffSnowWall_D_27.019
0
2.46
0
-2874.335
264.1956
-3535.558
1.1
Obj_IcicleMountain_A_L_02_Far.010
0.1533839
0.576363
-0.01636266
-2336.207
467.3468
-2852.494
1.0
FldObj_CliffSnowWall_D_27.020
2.841592
-0.6784078
-3.141592
-2350.311
465.4604
-3528.037
1.0
LinkTagAnd
0
0
0
-2327.558
551.7562
-2967.884
1.0
LinkTagNAnd
0
0
0
-2951.44
683.23
-3149.36
1.0
SwitchTimeLag
-1.570796
0
0
-2855.792
341.1219
-3492.05
0.5
TimeControlTag
0
0.2200001
1.42
-2545.035
409.449
-3497.756
1.0
FldObj_CliffSnowWall_D_17_Far.003
-1.21032
-0.5866798
0.8435518
-2904.859
699.3365
-3140.599
1.0
FldObj_GerudoHighlandRock_C_02_Far.029
-0.0730675
-1.074549
0.2285009
-2321.267
507.563
-2979.092
1.0
FldObj_CliffSnowWall_D_27.021
-2.669476
0.9843723
-2.223269
-2028.401
447.382
-3266.622
1.0
FldObj_CliffSnowWall_D_27_Far.021
0
2.46
0
-2874.335
264.1956
-3535.558
1.1
LinkTagAnd
0
1.98
0
-2250.016
449.3035
-3091.724
1.0
Area
0
1.540002
0
-2616.421
356.3888
-3373.883
2
Obj_IcicleMountain_A_L_03_Far.035
-2.36911
1.271911
-2.316767
-2465.177
496.0988
-3160.704
1.0
LinkTagOr
0
-0.8800005
0
-2601.824
510.8545
-3238.507
1.0
FldObj_CliffSnowWall_D_27_Far.022
2.605923
-0.7137439
-3.117161
-2395.995
459.5912
-3486.984
1.0
TimeControlTag
0
0.2200001
1.42
-2060.861
409.7289
-3742.139
1.0
Obj_IcicleMountain_A_L_03_Far.036
0.1067769
-0.3675158
-0.1938566
-2243.236
436.4799
-2949.731
1.0
FldObj_CliffSnowWall_D_03
-2.964647
0.4798828
-2.856706
-2581.783
268.238
-3359.183
1.0
FldObj_GerudoHighlandRock_C_01.027
0.1417435
0.17221
-0.09751708
-2296.5
451.0887
-3099.156
1.0
FireObserverTag
0
0
0
-2944.46
680.96
-3140.75
1.0
KorokAnswerResponce
0
1.98
0
-2253.218
469.7332
-3093.062
0.5
FldObj_GerudoHighlandRock_C_02.028
2.93065
1.164209
2.894751
-2337.086
515.5333
-2865.367
0.9
LinkTagAnd
0
0
0
-2952.13
680.05
-3147.28
1.0
Obj_IcicleMountain_A_L_03.039
2.775543
-1.411361
-2.79693
-2131.793
425.1
-3023.321
1.0
FldObj_CliffSnowWall_D_27_Far.023
2.628483
-0.3416977
3.009352
-2591.177
606.5037
-3161.663
1.0
ActorObserverTag
0
0
0
-2842.485
334.7355
-3499.631
1.0
FldObj_CliffSnowWall_D_03.001
-2.976496
0.9473969
-2.725804
-2780.743
266.5518
-3430.947
1.0
Npc_HiddenKorokFly
0
1.98
0
-2250.215
446.8035
-3092.183
1.0
FldObj_CliffSnowWall_D_27.022
3.020616
0.8067008
-2.982659
-2685.308
574.5095
-3157.18
1.0
FldObj_CliffSnowWall_D_01_Far.004
-1.622644
1.486181
-1.192254
-2477.265
518.7191
-3141.678
1.0
FldObj_CliffSnowWall_D_10_Far.002
-1.080319
0.07959945
-0.008003581
-2626.997
339.1744
-3403.333
1.0
Obj_IcicleMountain_A_L_03_Far.037
0
-0.6374863
-0.06981316
-2434.786
494.5754
-3252.208
0.8
Obj_IcicleMountain_A_L_03_Far.038
0
6.090815
0
-2492.715
497.2418
-3014.618
1.0
FldObj_CliffSnowTopHalf_D_01_Far.002
3.061593
1.36
3.141593
-2831.652
610.1504
-3154.155
1.0
LinkTagAnd
0
-3.141593
0
-2855.292
338.6219
-3489.05
1.0
FldObj_GerudoHighlandRock_C_04_Far.008
-2.951344
-0.4047753
2.950293
-2427.099
543.8973
-3075.682
0.9350001
FldObj_CliffSnowWall_D_19_Far.001
3.095856
-1.021786
3.125558
-2524.717
285.0832
-3485.733
1.0
FldObj_CliffSnowLargeWall_D_02.020
3.141593
0.3215919
-3.101593
-2688.583
341.0674
-3416.749
1.0
LinkTagOr
0
0
0
-2098.959
380.278
-3768.519
1.0
FldObj_GerudoHighlandRock_C_01.028
-0.4870656
0.5246688
-1.133239
-2423.363
499.707
-3221.883
1.0
Obj_IcicleMountain_A_L_03_Far.039
3.137617
0.9909231
2.93815
-2437.991
480.35
-2985.508
1.0
Obj_IcicleMountain_A_L_02.010
-0.1198054
-0.01927195
-0.0581137
-2332.822
478.0968
-3321.016
1.0
FldObj_CliffSnowWall_D_27.023
2.628483
-0.3416977
3.009352
-2591.177
606.5037
-3161.663
1.0
FldObj_CliffSnowTopHalf_D_01_Far.003
0
-1.980001
0
-2396.171
450.7849
-3424.01
1.0
LocationTag
0
0
0
-2378.008
488.4141
-3223.742
1.0
Obj_IcicleMountainCover_A_02_Far.005
-3.112615
-0.05489372
2.99778
-2216.495
514.75
-3277.57
0.8
Obj_IcicleMountain_A_L_03.040
-2.712306
0.3334402
-2.944702
-2132.413
442.9099
-3200.735
1.0
FldObj_CliffSnowLargeWall_D_01.010
-2.882331
0.7081644
2.648403
-2762.678
523.8723
-3262.428
1.0
FldObj_CliffSnowWall_D_03.002
2.902084
-0.2438099
-2.896147
-2353.603
269.9678
-3632.373
1.0
ValleyEffectLocater
0
0
0
-2872.079
0
-4439.506
1.0
FldObj_GerudoHighlandRock_C_02.029
3.037893
0.6868031
2.902768
-2264.407
498.4475
-3030.396
0.7289999
FldObj_CliffSnowEdgeWall_B_02
3.009554
0.3567149
-3.136839
-2701.613
329.4811
-3398.949
1.2
FldObj_CliffSnowWall_D_06_Far.001
-0.8081197
-1.426286
0.30359
-2958.399
643.1595
-3017.518
1.0
Obj_IcicleMountain_A_L_03_Far.040
0.2286589
0.9288487
0.2562748
-2116.244
428.5831
-3107.559
1.0
LinkTagNAnd
0
0
0
-2953.48
682.07
-3148.35
1.0
Area
0
0.46
0
-2319.208
368.1548
-3645.682
1.0
FldObj_CliffSnowLargeWall_D_02_Far.020
2.848824
-0.8103959
3.055413
-2498.117
447.6646
-3320.2
1.0
KorokAnswerResponce
0
0
0
-2858.292
339.1219
-3492.05
1.0