UnitConfigName/__text
Rotate/value/0
Rotate/value/1
Rotate/value/2
Translate/value/0
Translate/value/1
Translate/value/2
_Scale
Obj_Plant_HopBush_C_Snow_01
-0.1737911
0.1117581
-0.1232743
-2012.652
351.6801
-3522.035
1.023438
Obj_LiftRockWhite_A_01
0
0
0
-2173.111
428.5108
-3641.154
1.0
Item_Plant_O
-1.976196
-0.243164
2.670776
-2108.656
499.3672
-3348.605
1.0
Obj_Plant_HopBush_C_Snow_02
-0.1242346
0.02373078
-0.2240743
-2231.781
522.1963
-3475.234
1.070801
Obj_TreeWhiteBirch_A_01
0
-1.201538
0
-2941.265
678.3485
-3178.473
1.020508
Obj_RockSetSnow_A_04
0
1.320005
0
-2289.813
351.3271
-3695.375
1.0
FldObj_BankingFlat_A_07
-0.06166032
0.4939946
-0.220632
-2470.139
553.3775
-3062.382
1.0
FldObj_TorchStandBone_A_01
0
2.16
0
-2630.408
349.1611
-3340
1.0
Animal_LittleBird_B
0
-0.8200001
0
-2376.683
529.7532
-2977.174
1.0
TBox_Field_Iron
0.05765824
1.151741
0.4426458
-2257.852
504.413
-3043.596
1.0
Obj_MineralBury_A_01
0.2789574
-0.4986097
-0.4140665
-2251.44
443.4761
-2950.028
1.0
Obj_TreeConiferousLow_A_Snow_01
0
0
0
-2838.914
344.4725
-3465.904
1.0
Obj_RockSetSnow_A_04.001
0
0.48
0
-2640.395
347.8827
-3322.662
1.0
Obj_Plant_CypressLow_B_01
-0.05624615
0.1567672
-0.1699523
-1935.805
344.5024
-3466.188
0.894043
Obj_Plant_HopBush_C_Snow_02.001
-0.02056764
-0.09763885
-0.08173954
-2098.387
349.1594
-3663.875
1.042969
FldObj_BankingFlat_A_07.001
-2.880219
0.4919868
-3.086087
-2330.697
527.2318
-3049.679
1.0
Obj_LiftRockWhite_A_01.001
0
0
0
-2396.297
475.0072
-3079.936
1.0
Obj_LiftRockWhite_Korok_A_01
1.610196
2.493366
1.610196
-2835.063
334.5986
-3484.432
1.0
FldObj_BankingFlat_A_07.002
0
0.5200001
0
-2336.618
514.2299
-2845.019
1.0
Obj_LiftRockWhite_Korok_A_01.001
-0.02873045
3.773552
-0.02873045
-2840.776
333.893
-3492.218
1.0
Item_Mushroom_F
0
-1.386352
0
-2167.613
349.5313
-3711.723
1.0
Enemy_Lizalfos_Senior
0
0.7207404
0
-2235.299
445.034
-3026.001
1.0
Obj_RockSetSnow_A_05
0
-0.7600001
0
-2589.015
351.446
-3296.73
1.0
Animal_LittleBird_B
0
-0.6600001
0
-2421.241
539.2414
-2992.944
1.0
Obj_LiftRockWhite_Korok_A_01.002
-0.02870717
0.8507208
-0.02870717
-2844.952
333.771
-3494.275
1.0
Obj_RockSetSnow_A_02
0.4664156
-0.7757251
-0.7007062
-2376.963
521.6204
-3349.102
1.0
Obj_RockSetSnow_A_05.001
0
-0.54
0
-2639.686
349.917
-3271.101
1.0
Obj_RockSnow_A_01
0
-0.07999999
0
-2298.458
351.7159
-3695.014
1.0
Obj_RockSetSnow_A_05.002
-0.2098212
-1.153426
0.09809986
-2302.08
455.3647
-2909.823
1.0
Obj_TreeConiferous_A_Snow_01
0
1.733194
0
-2657.916
349.3982
-3297.419
1.0
Obj_Plant_HopBush_C_Snow_01.001
0.06679481
0.7337
-0.007234494
-2720.035
347.0613
-3382.672
0.894531
Item_Plant_O
0.59021
0.8581542
-0.5461425
-2190.363
486.5352
-3404.871
1.0
Obj_Plant_HopBush_C_Snow_02.002
-0.2643401
0.229536
-0.3635622
-2014.953
356.6102
-3484.883
0.933105
FldObj_BankingFlat_A_05
2.717257
-1.32108
-2.725737
-2203.338
504.6343
-2943.114
0.8
Obj_MineralGrain_A_04
3.097583
1.161644
-3.135855
-2448.948
386.9795
-3499.366
1.0
FldObj_BankingFlat_A_07.003
-0.2531743
-0.004261191
-0.03347903
-2118.021
505.1841
-3196.139
1.0
Area
0
0
0
-2674.465
360.2228
-3352.339
50
Obj_RockSetSnow_A_05.003
0
1.72
0
-2067.171
346.0298
-3699.909
1.0
FldObj_BankingFlat_A_07.004
-0.2522409
-0.003623871
-0.02857899
-2099.043
500.3114
-3212.642
1.0
Obj_Plant_HopBush_C_Snow_01.002
0.323317
-1.156784
-0.5810916
-1990.574
356.4508
-2963.766
0.92627
Obj_TreeConiferousLow_A_Snow_01.001
0
0
0
-3006.507
676.4921
-3165.925
1.0
Obj_TreeConiferousDead_A_Snow_01
0
0
0
-2492.91
351.2552
-3518.695
1.0
Obj_Mineral_B_01
0.2463659
-0.07696374
0.202977
-2366.233
501.4781
-3307.637
1.0
Obj_IcicleMountainThorn_A_01
0
-3.12
0
-2255.547
490.5114
-3175.872
0.6
Obj_TreeConiferous_A_Snow_01.001
0
5.959855
0
-2707.938
350.9356
-3325.252
1.0
FldObj_BankingFlat_A_07.005
0.01529019
0.001714235
-0.2232901
-2393.484
530.7672
-2964.257
1.0
Obj_RockSetSnow_A_02.001
0
0.78
0
-2276.575
459.6066
-3045.043
1.0
KibakoSnowMountain_Contain_01
-0.04991179
0.3209083
-0.05122669
-2943.204
676.9699
-3143.732
1.0
Barrel
-0.01015424
-0.7853463
0.01435599
-2944.7
677.3965
-3140.1
1.0
Obj_RockSnow_A_01.001
0
0
0
-2341.668
515.1016
-2853.039
1.0
Item_Plant_O
-1.634888
-0.4857177
-2.656494
-2335.934
304.0234
-3701.402
1.0
Obj_TreeWhiteBirch_A_02
0
-1.74
0
-2919.385
682.5858
-3157.634
1.0
FldObj_BankingFlat_A_07.006
-0.04306224
-0.003150787
-0.1460537
-2249.364
529.3784
-3271.27
1.0
Obj_TreeConiferous_A_Snow_01.002
0
0.4440918
0
-2052.838
347.5416
-3675.141
1.15
FldObj_SnowEnemyLookout_B_01
0
2.099999
0
-2631.545
347.7285
-3346.182
1.0
FldObj_BankingFlat_A_05.001
0.2878678
0.02517399
-0.1732646
-2363.438
538.5342
-3256.924
1.0
Obj_LiftRockWhite_Korok_A_01.003
0.07637788
5.971328
0.07637788
-2839.455
333.3265
-3494.564
1.0
Obj_RockSnow_A_01.002
0.2518536
0.0213561
1.172355
-2363.156
478.2296
-3495.267
1.15
Animal_Ptarmigan_A
0
0
0
-2119.904
492.4076
-3063.599
1.0
Item_Plant_O
-1.661011
-0.3424072
-3.119873
-2357.777
286.2617
-3687.637
1.0
Obj_TreeWhiteBirch_A_02.001
0
-2.470796
0
-2966.209
668.1455
-3075.074
1.0
Item_Mushroom_B
0
0.4024658
0
-2735.859
348.938
-3407.355
1.0
Obj_RockSetSnow_A_05.004
0
-0.7631841
0
-2621.204
349.2202
-3296.91
1.0
Item_Plant_O
2.075561
0.1906738
0.44104
-2363.441
500.8555
-3164.691
1.0
Obj_RockSetSnow_A_02.002
2.354397
-1.413205
-2.315936
-2989.439
609.8775
-2856.466
1.0
Obj_Mineral_C_01
-0.3906578
-0.06668134
-0.2325834
-1990.295
436.3038
-3236.368
1.0
Item_Plant_O
-1.140747
0.6391601
2.807251
-2792.699
479.1445
-3331.09
1.0
Animal_Ptarmigan_A
0
1.2
0
-2117.058
493.1749
-3088.55
1.0
PointWindSetTag
0
-0.5600002
0
-2933.294
355.341
-3526.689
1.0
FldObj_GerudoHighlandRock_C_05
-0.01199396
0.7392312
-0.1731013
-2245.814
443.7069
-3095.27
1.0
Obj_TreeConiferousLow_A_Snow_01.002
0
4.916379
0
-2633.579
348.9511
-3308.009
1.0
Animal_Rhino_A
0
0.2199988
0
-2506.841
348.4871
-3444.543
1.0
Animal_Fox_B
0
-2.7
0
-2997.338
347.0527
-3562.96
1.0
Item_Plant_O
-1.976929
1.164795
-2.964721
-2903.762
262.4648
-3567.16
1.0
Obj_TreeBroadleafLow_Snow_A_02
0
-0.72
0
-2929.2
678.6768
-3144.136
1.0
FldObj_BankingFlat_A_07.007
-0.07647961
-0.006398144
-0.1668472
-2467.612
550.2903
-3104.042
1.0
Item_Plant_E
0
-1.475464
0
-2272.684
462.8087
-3213.234
1.0
Obj_Plant_CypressLow_B_01.001
0.1932802
-0.009524442
0.3404604
-2910.844
683.2488
-3098.793
0.88916
Obj_MineralGrain_A_04.001
0.1547085
-0.01768146
0.227146
-2251.206
442.7622
-2948.958
1.0
Obj_RockSetSnow_A_02.003
0.07142957
0.3914855
-0.1289361
-2318.219
460.4936
-3159.03
1.0
GrassCutTag
0
0
0
-2132.195
490.9117
-3079.977
1.0
Obj_TreeConiferousDead_A_Snow_01.001
0
0
0
-2505.178
347.7319
-3510.824
1.0
Obj_Mineral_B_01.001
-0.1631817
0.006507922
-0.5384095
-2115.383
487.1716
-3360.142
1.0
Obj_TreeWhiteBirch_A_01.001
0
0.4830049
0
-2943.587
678.696
-3083.269
1.0
Obj_TreeConiferous_A_Snow_01.003
0
0.8037379
0
-2636.002
348.7032
-3321.185
1.0
Obj_RockSnow_A_01.003
0
0
0
-2471.115
541.2357
-3101.453
1.0
TwnObj_HeburaLodge_A_01
0
-0.8818677
0
-2952.179
676.9764
-3142.062
1.0
Obj_Mineral_A_01
2.101068
-0.8286093
-2.254097
-2126.553
437.952
-3065.594
1.0
FldObj_BankingFlat_A_07.008
-0.1622303
-0.19196
-0.1494228
-2309.855
527.0394
-3038.09
1.0
FldObj_GerudoHighlandRock_C_05.001
-0.06752144
0.008094083
0.2385214
-2272.876
451.6495
-3139.551
1.0
Animal_Wolf_C
0
-1.18
0
-2361.553
350.9561
-3631.838
1.0
Obj_TreeBroadleafLow_Snow_A_01
0
0.001227675
0
-2919.739
683.0201
-3172.43
1.0
Obj_TreeBroadleafLow_Snow_A_01.001
0
0
0
-2168.739
351.0298
-3705.402
1.0
Item_Plant_O
-1.974243
-1.318115
-2.922363
-2399.313
434.9492
-3549.754
1.0
Enemy_Golem_Little_Ice
3.095066
-1.024879
2.872041
-2807.033
580.3531
-3261.638
1.0
Obj_RockSetSnow_A_05.005
-0.9363649
1.124375
-1.084169
-2927.914
347.0577
-3475.985
1.0
Obj_TreeBroadleafLow_Snow_A_02.001
0
0
0
-2191.918
350.5167
-3708.936
1.0
Obj_Plant_HopBush_C_Snow_01.003
0.1662535
0.7435119
-0.1343411
-1987.867
355.2285
-2960.105
1.095215
Animal_Rhino_A
0
2.56
0
-2456.188
552.6017
-3095.374
1.0
Item_Mushroom_B
3.141479
1.235351
3.141479
-2734.07
349.9455
-3339.055
1.0
Enemy_Golem_Little_Ice
0
0
0
-2357.386
495.1182
-3300.653
1.0
Obj_RockSetSnow_A_05.006
-0.16
0
0
-2882.519
341.5329
-3497.859
1.0
Obj_TreeBroadleafLow_Snow_A_01.002
0
0
0
-2953.497
677.0568
-3153.836
1.0
Enemy_Golem_Little_Ice
0.7780153
-1.456482
-0.8108984
-2151.7
491.5598
-3083.1
1.0
TwnObj_StoneLodgeStair_A_01
4.138823E-08
-0.6799999
3.360745E-09
-2962.799
674.7859
-3130.349
1.0
Item_Plant_O
1.87854
1.114868
0.982666
-2584.992
668.3555
-3070.746
1.0
Obj_MineralGrain_A_04.002
0.3547323
0.7396039
0.003381313
-2365.779
500.9435
-3306.95
1.0
FldObj_BankingFlat_A_07.009
-2.99086
-0.8801281
3.11112
-2297.368
515.4056
-2971.75
1.0
Obj_RockSetSnow_A_02.004
0
0.3200001
0
-2560.982
350.289
-3335.935
1.0
Item_Plant_E
3.141479
1.301147
3.141479
-2920.371
679.3451
-3037.422
1.0
Enemy_Golem_Little_Ice
-3.010383
-0.3814867
2.813491
-2262.5
439.7864
-2967
1.0
Obj_IcicleMountainThorn_A_01.001
0.06537505
0.105933
-0.05978922
-2313.715
493.1862
-2965.923
1.0
FldObj_BankingFlat_A_07.010
-0.103595
-0.0003953856
-0.007626427
-2452.81
547.5098
-3208.726
1.0
Obj_LiftRockWhite_Korok_A_01.004
1.610428
5.448502
1.610428
-2840.379
335.3172
-3484.703
1.0
FldObj_BankingFlat_A_07.011
0.04102886
-0.82083
0.05909921
-2208.706
497.7841
-2900.837
1.0
Obj_MineralBury_A_01.001
0.1852797
0.560289
-0.2344622
-2365.373
501.0686
-3306.03
1.0
Obj_RockSetSnow_A_05.007
0
2.003185
0
-2427.39
337.9842
-3589.428
1.0
Obj_TreeWhiteBirch_A_02.002
0
-1.570796
0
-2937.997
676.6444
-3141.82
1.0
Obj_Mineral_C_01.001
-0.1134048
0.2615233
-0.4149297
-1989.404
436.5285
-3234.524
1.0
Obj_LiftRockWhite_Korok_A_01.005
1.320763
4.200919
1.320763
-2843.151
333.0551
-3496.953
1.0
FldObj_BankingFlat_A_07.012
0.09771879
-0.0001727893
0.003533643
-2212.766
495.2881
-3104.739
1.0
FldObj_BankingFlat_A_07.013
-0.08222198
0.1581616
-0.0452572
-2341.554
533.1973
-3309.94
1.0
Obj_IcicleMountainThorn_A_01.002
0.04859716
-1.185659
0.0372709
-2378.576
507.922
-2973.188
1.0
Item_Plant_E
-0.03490658
-0.07590026
-0.03490658
-2534.393
611.1773
-3191.548
1.0
Obj_Plant_HopBush_C_Snow_02.003
0.477282
-1.077313
-0.404332
-2719.695
351.9631
-3411.23
1.058594
Weapon_Sword_043
0
3.019999
0
-2948.411
677.4442
-3136.559
1.0
Obj_RockSetSnow_A_02.005
-0.4283256
0.7685649
-0.2034573
-2325.098
352.5546
-3659.374
1.0
FldObj_BankingFlat_A_07.014
-0.06206742
-0.005851515
-0.1879384
-2440.876
544.9263
-3115.142
1.0
Obj_LiftRockWhite_Korok_A_01.006
-2.126352
2.472417
-2.126352
-2847.843
335.234
-3490.002
1.0
Item_Plant_O
-1.466675
0.3999023
-3.070801
-2024.914
262.6328
-3823.688
1.0
Item_Plant_E
3.141479
-0.1446533
3.141479
-2244.762
467.5181
-3242.75
1.0
GrassCutTag
0
0
0
-2159.695
492.4012
-3087.977
1.0
Obj_TreeConiferousDead_A_Snow_01.002
0
0
0
-2293.594
352.6987
-3691.726
1.0
FldObj_BankingFlat_A_05.002
0.1865691
-0.02066481
0.2199977
-2272.104
504.9749
-3210.931
1.0
FldObj_BankingFlat_A_07.015
0.1206765
-1.519207
-0.2559932
-2127.129
493.415
-3123.876
1.0
Obj_RockSetSnow_A_05.008
0
-0.12
0
-2745.975
345.1193
-3401.052
1.0
Obj_LiftRockWhite_Korok_A_01.007
0.07492965
3.374325
0.07492965
-2846.344
334.4506
-3492.274
1.0
Obj_IcicleMountainThorn_A_01.003
-3.053877
-0.8645341
-0.2565551
-2312.522
467.0482
-3210.58
1.0
Obj_TreeConiferousLow_A_Snow_01.003
0
4.392781
0
-2621.527
348.1253
-3335.391
1.0
Item_Plant_O
-1.108398
-1.426391
2.45166
-2409.555
408.707
-3549.105
1.0
Animal_LittleBird_B
0
-0.54
0
-2303.661
518.046
-3215.641
1.0
Animal_Ptarmigan_A
0
1.679999
0
-2368.723
526.2919
-2984.272
1.0
FldObj_GerudoHighlandRock_C_06
-0.3583517
-0.03517597
-0.09362835
-2248.35
449.1809
-3152.164
1.0
Obj_RockSetSnow_A_05.009
0.2213694
0.3599248
0.007527414
-2135.347
445.5174
-3165.996
1.0
Obj_MineralGrain_A_02
0.06188949
-0.9966971
-0.1963841
-2463.082
389.2732
-3492.552
1.0
Obj_TreeConiferousLow_A_Snow_01.004
0
0
0
-2152.676
348.4319
-3710.038
1.0
Obj_Plant_HopBush_C_Snow_01.004
0.0629562
0.7007865
0.010774
-2083.039
348.2587
-3688.188
0.948242
Item_Plant_E
3.141479
0.1335449
3.141479
-2931.516
676.353
-3108.098
1.0
Item_Plant_O
1.07412
-0.8329647
0.03213591
-2273.901
557.3471
-3328.197
1.0
Obj_TreeBroadleafLow_Snow_A_01.003
0
1.145379
0
-2934.744
678.1533
-3169.502
1.0
Item_Plant_O
-2.020019
-0.02111817
-2.960449
-2810.109
637.2617
-3215.133
1.0
Obj_RockSetSnow_A_02.006
-0.2871384
0.3026867
0.03358439
-2440.445
338.6088
-3589.471
1.0
Obj_RockSetSnow_A_02.007
0.09483719
-0.7181596
-0.02332183
-2989.547
670.6406
-3098.029
1.0
Obj_Plant_HopBush_C_Snow_02.004
0.05668961
0.6845688
-0.04437191
-2528.176
350.8349
-3454.328
0.905273
Item_Plant_O
-2.590088
0.9764404
2.26831
-2696.324
453.6797
-3246.156
1.0
FldObj_BankingFlat_A_07.016
0.08647028
0.00116993
-0.0270412
-2164.172
489.6494
-3060.084
1.0
Obj_RockSetSnow_A_02.008
-0.08478467
-0.9772929
0.5535952
-3023.271
670.1093
-3172.861
1.0
FldObj_GerudoHighlandRock_C_06.001
0.3337292
0.01311992
-0.07785676
-2266.698
450.9171
-3127.784
1.0
Obj_Plant_CypressLow_B_01.002
0.0540915
-1.004291
0.3816119
-2095.051
449.0004
-3077.684
0.904785
FldObj_BankingFlat_A_07.017
0.3282531
0.04723578
-0.283354
-2352.697
530.6204
-3207.812
1.0
Obj_MineralGrain_A_04.003
-0.1484457
-0.5231798
0.4117026
-2148.306
416.2073
-3653.869
1.0
FldObj_BankingFlat_A_07.018
0.04182218
-0.936904
-0.2491946
-2395.468
531.767
-2990.635
1.0
Obj_TreeConiferous_A_Snow_01.004
0
-1.332886
0
-2073.68
348.7304
-3689.926
1.0
Obj_RockSetSnow_A_05.010
0.07999999
-0.6400002
0
-2128.26
433.205
-3074.405
1.0
FldObj_BankingFlat_A_07.019
-0.004795533
-0.0003847166
-0.1601047
-2225.426
526.0928
-3265.43
1.0
FldObj_BankingFlat_A_07.020
0.07187124
-0.8383077
-0.07043085
-2139.968
489.1358
-3056.386
1.0
Animal_LittleBird_B
0
0.8599999
0
-2378.306
530.3024
-2980.383
1.0
FldObj_BankingFlat_A_07.021
3.107451
-0.8228056
3.037244
-2367.293
517.9279
-2831.059
1.0
Item_Plant_O
-1.892334
-0.1794433
3.099365
-2219.246
377.418
-3696.629
1.0
KibakoSnowMountain_Contain_01
-0.02385206
0.6384228
-0.06436824
-2944.588
676.9814
-3145.704
1.0
Obj_Plant_HopBush_C_Snow_02.005
-0.05352391
-0.2520212
-0.2089153
-2654.256
349.6909
-3376.788
1.0
FldObj_BankingFlat_A_05.003
0.1395758
0.01325212
-0.189021
-2305.95
516.4159
-3201.471
1.0
FldObj_SnowEnemyLookout_B_01.001
0
1.540002
0
-2616.421
349.3888
-3373.883
1.0
Enemy_Lizalfos_Senior
0
1.921217
0
-2342.745
482.4852
-3228.002
1.0
Obj_TreeBroadleafLow_Snow_A_01.004
0
0
0
-2926.593
680.0663
-3130.666
1.0
Obj_TreeConiferous_A_Snow_02
0
1.342163
0
-2070.838
350.4801
-3700.48
1.0
Obj_Plant_HopBush_C_Snow_02.006
-0.2213839
-0.1689198
0.1138745
-2574.781
349.4109
-3372.52
1.072266
FldObj_BankingFlat_A_07.022
0
0
0.12
-2203.398
501.8124
-2921.008
1.0
FldObj_BankingFlat_A_07.023
0.03869875
-0.002167975
0.1119128
-2207.857
500.0272
-2955.626
1.0
Animal_LittleBird_B
0
0.98
0
-2419.275
538.8932
-2995.807
1.0
Obj_TreeBroadleafLow_Snow_A_02.002
0
-1.56
0
-2929.374
676.7826
-3117.43
1.0
Item_Mushroom_B
0
1.56311
0
-2622.055
348.9848
-3313.832
1.0
Obj_TreeBroadleafLow_Snow_A_02.003
0
0
0
-2944.596
677.1367
-3153.311
1.0
FldObj_BankingFlat_A_07.024
0.1359456
0.007510848
-0.1102165
-2118.443
490.3711
-3058.884
1.0
Obj_TreeConiferous_A_Snow_02.001
0
0
0
-2623.371
348.1729
-3331.017
1.0
Obj_LiftRockWhite_Korok_A_01.008
-0.02862201
2.949796
-0.02862201
-2833.785
334.0444
-3486.861
1.0
FldObj_BankingFlat_A_07.025
0.09001074
0.001946272
-0.04320942
-2168.893
492.5326
-3086.528
1.0
Obj_RockSetSnow_A_02.009
0
0.14
-0.22
-2341.452
458.1624
-2966.978
1.0
Obj_RockSetSnow_A_02.010
-0.5810901
0.07675954
-0.157862
-2577.577
648.7794
-3134.238
1.0
Obj_IcicleMountainThorn_A_01.004
0
2.823186
0
-2254.18
487.5504
-3190.338
0.6
FldObj_BankingFlat_A_07.026
0.1422716
0.004763405
-0.06682441
-2106.411
488.6088
-3078.176
1.0
Obj_RockSnow_A_01.004
0
0.48
0
-2963.796
674.7406
-3135.142
1.0
Obj_TreeConiferous_A_Snow_01.005
0
1.825191
0
-2892.426
348.5271
-3485.993
1.0
PointWindSetTag
0
0.46
0
-2631.155
321.067
-3422.605
1.0
Obj_Plant_CypressLow_B_01.003
-0.05097675
-0.1653887
0.0006593596
-2763.613
346.6393
-3417.367
0.888672
Item_Mushroom_B
3.141479
-0.2242431
3.141479
-2927.516
680.7001
-3001.367
1.0
FldObj_BankingFlat_A_07.027
0.1200759
0.1498586
-0.1653683
-2222.501
493.9741
-3045.114
1.0
Obj_Plant_HopBush_C_Snow_02.007
0.4204388
0.1208297
0.1804286
-2290.148
353.7694
-3694.453
0.90625
FldObj_GerudoHighlandRock_C_05.002
-0.1616498
-0.01521789
-0.187326
-2291.521
453.5054
-3103.649
1.0
TBox_Field_Iron
3.113223
1.121554
-3.106548
-2689.475
346.5926
-3347.22
1.0
Obj_LiftRockWhite_Korok_A_01.009
-0.01800532
0.5517176
-0.01800532
-2832.152
333.4307
-3489.587
1.0
Obj_RockSetSnow_A_02.011
0
2.281595
0
-2155.295
349.1064
-3699.801
1.0
FldObj_BankingFlat_A_07.028
-0.2411803
-0.003680956
-0.03037411
-2155.303
502.0453
-3215.122
1.0
Obj_RockSetSnow_A_05.011
2.836943
1.417828
2.799803
-2332.916
487.0469
-3275.597
1.0
Obj_TreeConiferousLow_A_Snow_01.005
0
3.808187
0
-2881.519
347.3599
-3481.958
1.0
Obj_LiftRockWhite_Korok_A_01.010
0.0680034
3.705587
0.0680034
-2835.728
333.4204
-3492.084
1.0
Obj_Mineral_A_01.001
-0.305365
-0.004758391
-0.3379771
-2978.039
446.5954
-3405.446
1.0
Obj_TreeConiferousLow_A_Snow_01.006
0
0
0
-2119.135
348.4803
-3693.373
1.0
Obj_Plant_HopBush_C_Snow_02.008
-0.09897344
-0.701196
-0.0489755
-2937.309
678.1049
-3188.91
1.098145
Obj_RockSetSnow_A_02.012
2.841002
-1.097427
-2.78688
-2128.012
436.1464
-3104.939
1.0
FldObj_BankingFlat_A_07.029
-0.05400227
-0.005091664
-0.1879714
-2429.652
543.9152
-3082.863
1.0
Obj_RockSetSnow_A_05.012
0
0.16
0
-2724.468
347.1445
-3330.698
1.0
Obj_LiftRockWhite_Korok_A_01.011
-0.02862678
4.668457
-0.02862678
-2837.507
334.0227
-3489.332
1.0
Obj_Plant_HopBush_C_Snow_01.005
-0.113772
-0.1754934
0.1962705
-2985.898
346.3048
-3577.152
0.850098
Obj_LiftRockWhite_Korok_A_01.012
1.304199
3.833565
1.304199
-2852.415
333.208
-3499.264
1.0
Obj_Plant_CypressLow_B_01.004
-0.1806458
0.1618595
0.06134428
-2561.133
347.5033
-3404.813
1.079102
FldObj_BankingFlat_A_05.004
2.571614
1.188572
2.829002
-2233.591
517.2753
-3227.79
1.0
FldObj_BankingFlat_A_07.030
0.02703391
0.6188251
0.1070419
-2246.833
493.5453
-2897.613
1.0
Obj_RockSetSnow_A_02.013
-1.066202
-1.215988
1.036673
-2398.112
491.952
-2821.27
1.0
Obj_RockSetSnow_A_05.013
-0.1377668
-0.02498493
-0.178276
-2226.211
440.7625
-3055.641
1.0
FldObj_BankingFlat_A_07.031
0.01298762
-0.2592918
-0.1127198
-2358.557
518.0677
-2874.367
1.0
Obj_MineralGrain_A_04.004
0.0177758
0.003037118
-0.3384373
-2115.54
486.7228
-3360.975
1.0
Obj_RockSetSnow_A_05.014
0
0
0
-2138.822
418.8828
-2998.35
1.0
FldObj_BankingFlat_A_07.032
0.07089118
0.00133864
-0.03774576
-2201.522
496.1678
-3113.988
1.0
Obj_TreeConiferousLow_A_Snow_01.007
0
0
0
-2510.5
350.5253
-3457.486
1.0
Obj_FireWoodBundle
0
3.02
0
-2950.359
677.3864
-3135.032
1.0
Obj_Plant_CypressLow_B_01.005
0.009437905
-0.5011366
-0.07926739
-2916.598
348.0585
-3514.188
1.074219
Obj_TreeConiferous_A_Snow_01.006
0
-1.315796
0
-2095.641
349.055
-3659.408
1.134277
Obj_RockSetSnow_A_02.014
0
-0.72
0
-2640.352
347.9328
-3334.823
1.0
FldObj_BankingFlat_A_07.033
-0.1800179
0.7256358
-0.2133125
-2307.527
532.2103
-3305.076
1.0
Obj_TreeBroadleafLow_Snow_A_01.005
0
4.461505
0
-2934.475
677.6037
-3190.354
1.0
Obj_LiftRockWhite_A_01.002
0
0
0
-2660.466
346.4191
-3348.053
1.0
Item_Plant_O
1.634399
1.56189
0.3317871
-2511.371
572.1836
-3123.199
1.0
Obj_TreeConiferous_A_Snow_01.007
0
3.409954
0
-2710.635
348.2319
-3341.412
1.0
Item_Mushroom_F
3.141479
-0.454834
3.141479
-2060.414
348.3942
-3686.57
1.0
Obj_Plant_CypressLow_B_01.006
0
0.4301758
0
-2558.121
348.0223
-3383.879
0.95752
Item_Plant_O
-1.443359
0.1726074
3.116455
-2384.035
370.9102
-3605.387
1.0
Item_Plant_O
-1.154175
0.717163
-2.492309
-3089.406
299.1445
-3660.703
1.0
Obj_Plant_CypressLow_B_01.007
0.01181936
0.7116632
-0.08047584
-2285.402
451.3558
-3127.676
0.996582
Obj_TreeConiferous_A_Snow_02.002
0
6.061981
0
-2995.805
678.29
-3146.454
1.0
Area
0
0
0
-2674.465
360.2228
-3352.339
25
Obj_RockSetSnow_A_05.015
-0.1528165
0.01616099
-0.05014373
-2474.164
338.6674
-3547.24
1.0
Obj_Plant_HopBush_C_Snow_01.006
1.03944
-1.383689
-1.098996
-2938.496
351.6403
-3532.258
1.045898
Obj_RockSetSnow_A_05.016
-0.14
-1.2
0
-2334.693
474.8832
-3229.27
1.0
Obj_MineralBury_A_01.002
-1.346619
-1.441074
1.338519
-2978.87
445.8975
-3407.629
1.0
Obj_IcicleMountainThorn_A_01.005
-3.053877
-0.8645341
-0.2565551
-2314.548
471.9388
-3197.415
1.0
Obj_RockSetSnow_A_03
0
-0.5400001
0
-2661.103
348.9696
-3294.208
1.0
Obj_Plant_HopBush_C_Snow_01.007
-0.1229324
-0.8112321
0.2259645
-2283.23
528.0085
-3480.871
0.90332
Obj_Plant_HopBush_C_Snow_01.008
0.1787651
-1.176315
-0.5363694
-2235.207
523.6087
-3468.262
0.929688
Item_Plant_E
3.141479
-1.265137
3.141479
-2487.113
557.224
-3070.875
1.0
Obj_Mineral_A_01.002
-2.453248
-1.303612
2.18021
-2158.448
418.7142
-3652.428
1.0
FldObj_BankingFlat_A_07.034
0.3926222
-1.108387
-0.1322558
-2260.341
505.7096
-3199.654
1.0
Obj_Plant_HopBush_C_Snow_02.009
-0.7938426
-1.217399
0.380188
-2014.871
358.1455
-3479.113
0.967285
Item_Plant_O
-1.500976
0.4639892
-2.736084
-2734.348
418.2461
-3298.371
1.0
Obj_TreeWhiteBirch_A_02.003
0
0.2827007
0
-2924.555
679.7384
-3145.155
1.15
Obj_RockSetSnow_A_05.017
2.679908
1.067285
2.69192
-2449.231
335.4171
-3574.833
1.0
Animal_Rhino_A
0
1.48
0
-2474.672
353.2507
-3518.303
1.0
Obj_TreeWhiteBirch_A_02.004
0
-1.690796
0
-2927.585
678.7285
-3137.951
1.0
Obj_TreeWhiteBirch_A_02.005
0
-0.4746581
0
-2964.496
664.3004
-3050.938
1.011719
Obj_IcicleMountainThorn_A_01.006
0
-2.72
0
-2315.198
498.8737
-3195.837
1.0
Obj_TreeConiferous_A_Snow_01.008
0
5.490383
0
-2888.739
351.796
-3493.438
1.0
Obj_LiftRockWhite_Korok_A_01.013
-2.12653
2.728545
-2.12653
-2850.172
334.1192
-3494.758
1.0
SpotBgmTag
0
0
0
-2300
430
-3200
130
TBox_Field_Iron
0.1052953
0.3405628
-0.3335801
-2164.787
562.5377
-3299.264
1.0
FldObj_BankingFlat_A_07.035
-1.078264
-1.263969
1.042688
-2106.478
509.2056
-3178.821
1.0
Animal_LittleBird_B
0
-0.7800001
0
-2138.128
496.2935
-3115.867
1.0
Animal_LittleBird_B
0
0.54
0
-2381.095
531.0468
-2972.113
1.0
FldObj_BankingFlat_A_07.036
0.1305635
0.01470965
-0.2240673
-2271.731
502.5251
-3037.102
1.0
Obj_RockSetSnow_A_05.018
0
-0.56
0
-2583.175
344.7109
-3371.511
1.0
Obj_RockSetSnow_A_02.015
0
0.06
0
-2939.903
673.828
-3157.737
1.0
Obj_TreeConiferous_A_Snow_01.009
0
0
0
-2406.686
348.3762
-3605.437
1.0
Obj_TreeBroadleafLow_Snow_A_01.006
0
0.3402178
0
-2934.262
681.4179
-3063.611
1.0
Obj_TreeWhiteBirch_A_01.002
0
-2.48
0
-2963.545
678.1821
-3173.505
1.0
Animal_Wolf_C
0
0.07999989
0
-2390.489
349.2401
-3618.572
1.0
Obj_MineralBury_A_01.003
-0.4169573
-1.006852
0.2868635
-2448.161
387.4406
-3500.52
1.0
Obj_TreeBroadleafLow_Snow_A_01.007
0
0.827617
0
-2960.361
670.1115
-3067.986
1.0
Obj_RockSetSnow_A_02.016
-0.1817572
0.5724838
-0.3585783
-2405.74
475.12
-2936.146
1.0
Obj_RockSetSnow_A_05.019
0
0
0
-2221.492
455.4948
-3222.89
1.0
Obj_LiftRockWhite_A_01.003
0
0
0
-2370.463
477.5208
-3034.778
1.0
Obj_RockSetSnow_A_02.017
-1.6884
1.353479
-1.730566
-2402.23
484.5755
-2855.684
1.0
FldObj_BankingFlat_A_07.037
0.2557077
0.9000226
-0.0002822763
-2348.192
522.9695
-3190.488
1.0
Item_Plant_O
-2.15371
0.9114828
3.052741
-2725.556
484.2615
-3265.89
1.0
Obj_MineralBury_A_01.004
2.658456
1.054241
2.583632
-2245.209
448.0988
-3127.287
1.0
Obj_Plant_HopBush_C_Snow_01.009
-0.3176911
1.155269
-0.3701232
-2195.957
419.2311
-2980.512
0.862305
Obj_RockSetSnow_A_02.018
0.02307689
0.3005654
-0.3318414
-2450.94
490.6207
-3016.331
1.0
Obj_RockSetSnow_A_05.020
-0.5172704
-0.273223
0.1254724
-2390.949
500.6234
-2795.172
1.0
Obj_FireWoodBundle.001
0
3.02
0
-2951.476
677.3864
-3133.993
1.0
FldObj_BankingFlat_A_07.038
-0.07409428
-0.001543
-0.04162459
-2358.825
532.623
-3329.984
1.0
Obj_RockSnow_A_01.005
0.1199999
1.14
0
-2950.511
675.6462
-3154.932
1.0
FldObj_BankingFlat_A_07.039
0.07588275
0.00164038
-0.04320712
-2126.039
489.5162
-3075.932
1.0
GrassCutTag
0
0
0
-2148.695
490.2104
-3067.977
1.0
Obj_Mineral_B_01.002
-2.856388
0.7414802
-2.779581
-2462.315
389.479
-3492.765
1.0
Animal_Rhino_A
0
0.5199999
0
-2391.02
537.9637
-3102.343
1.0
FldObj_BankingFlat_A_07.040
-0.02667686
0.001717797
0.1286004
-2474.618
553.1707
-2967.475
1.0
FldObj_BankingFlat_A_07.041
0.1550675
0.01489079
-0.1910906
-2346.949
518.7158
-3165.989
1.0
Obj_RockSetSnow_A_02.019
0.22
-1.24
0
-2902.983
680.4006
-3025.628
1.0
Obj_LiftRockWhite_A_01.004
0
0
0
-2149.319
359.9921
-3772.714
1.0
Enemy_Golem_Little_Ice
0.08018882
-0.0330455
-0.03881168
-2143.1
490.5897
-3074.9
1.0
Obj_TreeWhiteBirch_A_01.003
0
0
0
-2974.125
677.4022
-3175.462
1.0
Animal_LittleBird_B
0
0.4599999
0
-2144.498
495.126
-3113.745
1.0
Obj_MineralBury_A_01.005
2.809834
0.5278966
-3.068286
-2977.39
446.4721
-3404.135
1.0
Animal_Wolf_C
0
-1.88
0
-2373.417
349.8944
-3632.71
1.0
Obj_TreeWhiteBirch_A_01.004
0
-0.3581543
0
-2744.281
348.0546
-3384.438
1.15
Obj_TreeConiferous_A_Snow_02.003
0
1.363647
0
-2084.533
348.8587
-3663.951
1.15
Obj_Plant_HopBush_C_Snow_01.010
-0.3821679
-1.082835
0.4998946
-2844.516
343.6134
-3464.387
0.902344
Obj_Plant_CypressLow_B_01.008
0.0333118
-1.364266
0.0739456
-2554.387
347.4655
-3404.605
1.097168
FldObj_BankingFlat_A_07.042
0.06922521
0.6792557
-0.04455711
-2268.046
531.6529
-3261.145
1.0
FldObj_BankingFlat_A_07.043
-0.2534998
-0.003216383
-0.02523848
-2138.134
508.6706
-3185.108
1.0
Obj_TreeConiferous_A_Snow_02.004
0
0.7256055
0
-3009.473
680.158
-3148.89
1.0
FldObj_BankingFlat_A_05.005
0.1405232
-0.01709403
0.2417128
-2207.814
519.6465
-3210.132
1.0
Item_Plant_O
-1.799194
0.6639404
2.908325
-2951.34
488.8359
-3375.367
1.0
SpotBgmTag
0
0
0
-2951.8
677
-3142.4
10
Obj_MineralBury_A_01.006
3.027131
-0.03646332
-3.009558
-2122.527
439.8597
-3069.091
1.0
Item_Mushroom_B
0
-0.6949462
0
-2941.168
678.4613
-3179.676
1.0
Obj_RockSetSnow_A_05.021
-0.2462581
0.259546
-0.3938802
-2858.206
350.4782
-3418.837
1.0
Obj_IcicleMountainThorn_A_01.007
-1.37541
1.428117
-1.377347
-2257.762
484.5739
-3194.825
1.0
Item_Plant_O
-2.182739
1.143066
2.620971
-2689.191
555.8047
-3180.004
1.0
Obj_RockSetSnow_A_02.020
-0.18
0.2800001
0
-2279.27
454.6552
-3597.874
1.3
Obj_TreeConiferous_A_Snow_01.010
0
0
0
-2516.408
349.3134
-3465.75
1.0
FldObj_BankingFlat_A_07.044
0.1522951
0.01197323
-0.1566142
-2382.715
539.0261
-3239.692
1.0
Obj_Plant_HopBush_C_Snow_01.011
-0.2603871
1.113991
-0.3356751
-2934.508
677.8815
-3187.898
1.051758
Area
0
0
0
-2147.195
492.5781
-3084.477
75
FldObj_SnowEnemyLookout_B_01.002
0
2.16
0
-2573.941
351.1475
-3367.153
1.0
Obj_TreeWhiteBirch_A_01.005
0
-2.9
0
-2968.545
677.2278
-3158.095
1.0
Obj_Plant_CypressLow_B_01.009
0.2493044
0.02434441
-0.2657734
-2282.344
458.9201
-3186.082
0.98877
FldObj_BankingFlat_A_07.045
0.06133416
-1.258221
-0.1885692
-2361.222
517.4127
-2844.961
1.0
FldObj_BankingFlat_A_07.046
-0.2456852
-0.007870191
-0.06372346
-2323.236
517.3235
-3088.12
1.0
FldObj_BankingFlat_A_07.047
0.02836504
-0.26136
0.09915521
-2229.684
496.0536
-2906.118
1.0
AscendingCurrent
0
0
-0.05999999
-2977.439
521.5656
-2942.371
1.0
FldObj_BankingFlat_A_07.048
-0.11014
0.005012918
0.09087366
-2320.646
513.2513
-2983.279
1.0
Obj_MineralBury_A_01.007
0.1571701
-0.5198877
-0.1820416
-2148.142
416.7471
-3653.029
1.0
Obj_RockSnow_A_01.006
2.995662
1.438708
-0.1347049
-2957.634
674.1304
-3131.454
1.0
Obj_RockSetSnow_A_03.001
-0.1516188
-0.8863675
-0.0209891
-2235.321
444.6535
-3076.183
1.0
Obj_Plant_HopBush_C_Snow_01.012
-0.06172809
-0.3787096
0.0791923
-2546.578
347.9194
-3391.5
0.93457
Obj_RockSetSnow_A_05.022
3.081615
0.5033529
3.027895
-2379.354
497.6016
-3302.198
1.0
Obj_IcicleMountainThorn_A_01.008
0
-2.14
0
-2311.647
501.6315
-3200.242
1.0
Obj_TreeConiferousDead_A_Snow_01.003
0
0
0
-2075.263
348.2115
-3685.228
1.0
Item_Plant_E
0
0.3754883
0
-2986.828
656.2988
-3047.297
1.0
Item_Mushroom_B
0
-0.6730956
0
-2891.297
348.5251
-3485.926
1.0
Obj_MineralBury_A_01.008
3.042198
-1.259735
3.026657
-2115.438
486.9413
-3362.053
1.0
Obj_Plant_CypressLow_B_01.010
-0.2082312
-0.7420181
-0.02630333
-2347.359
464.6986
-3104.664
0.907715
Item_Plant_O
-1.952759
-0.4967041
-3.058716
-2526.535
380.957
-3360.508
1.0
FldObj_BankingFlat_A_07.049
0.02814582
-0.001348082
0.09571332
-2225.382
496.9559
-2921.029
1.0
FldObj_BankingFlat_A_05.006
0.1549215
-0.01722718
0.2210547
-2265.329
500.8993
-3178.22
1.0
Obj_Plant_HopBush_C_Snow_01.013
-0.08722384
0.1409964
0.0001207998
-2912.855
347.0477
-3525.641
0.867676
Obj_RockSetSnow_A_02.021
0
0.1799999
0
-2222.287
349.1783
-3711.255
1.0
FldObj_BankingFlat_A_07.050
-0.4132707
-1.228157
0.464748
-2338.366
516.3334
-2936.057
1.0
Obj_TreeConiferous_A_Snow_01.011
0
0.4226587
0
-2735.197
349.8405
-3339.14
1.0
Obj_RockSetSnow_A_05.023
-0.5942582
0.8902988
-0.7036242
-3100.062
340.3965
-3599.021
1.0
Obj_RockSnow_A_01.007
2.655636
-0.2457406
-1.392309
-2481.788
530.0571
-3108.637
1.0
Obj_TreeConiferous_A_Snow_01.012
0
6.090624
0
-2568.936
349.5768
-3344.382
1.0
FldObj_BankingFlat_A_07.051
3.04718
-0.2828085
3.114788
-2153.148
493.7078
-3109.895
1.0
FldObj_BankingFlat_A_07.052
1.009071
-1.334262
-0.7666142
-2224.519
516.559
-3215.209
1.0
Obj_RockSetSnow_A_05.024
0.06103189
0.7526868
0.004411515
-2210.279
438.0362
-3115.571
1.0
BrokenSnowBall
-2.942379
-1.035171
2.623604
-2163.98
465.9987
-3412.193
2
Obj_TreeBroadleafLow_Snow_A_01.008
0
5.95075
0
-2998.879
678.329
-3189.629
1.0
Obj_TreeConiferous_A_Snow_01.013
0
2.054102
0
-2550.164
350.2057
-3364.482
1.0
Animal_LittleBird_B
0
-1.28
0
-2335.129
526.4877
-3206.866
1.0
Obj_TreeWhiteBirch_A_02.006
0
0
0
-2976.192
676.55
-3165.203
1.0
Item_Plant_O
-1.621826
0.4632568
2.898926
-2111.98
255.3711
-3811.977
1.0
Weapon_Lsword_032
1.304177
0.8224947
0.3861214
-2950.056
678.6568
-3136.481
1.0
Item_Plant_O
-1.283569
0.1248779
2.664428
-2929.316
549.418
-3330.047
1.0
Obj_IcicleMountainThorn_A_01.009
0
2.543185
0
-2368.226
512.069
-3228.645
1.0
Obj_LiftRockWhite_Korok_A_01.014
1.320799
2.499054
1.320799
-2836.229
332.3007
-3499.337
1.0
Animal_Ptarmigan_A
0
1.419999
0
-2308.579
515.9653
-3195.172
1.0
Obj_Plant_HopBush_C_Snow_02.010
0.06481759
0.6466994
-0.2192602
-2874.504
345.6663
-3477.625
0.933594
Obj_TreeWhiteBirch_A_01.006
0
1.406006
0
-2760.84
347.2363
-3400.07
1.15
Obj_RockSetSnow_A_05.025
-0.09928559
-0.01195156
-0.1194062
-2353.208
465.7665
-3161.264
1.0
FldObj_BankingFlat_A_07.053
-0.08179082
-0.0009600503
-0.02346158
-2287.736
518.8505
-2941.349
1.0
FldObj_BankingFlat_A_07.054
-0.05601561
-0.005066976
-0.1803755
-2418.922
541.0965
-3106.256
1.0
FldObj_BankingFlat_A_05.007
-0.09482189
0.6392803
-0.01890867
-2436.207
539.6458
-3242.364
1.0
Obj_RockSetSnow_A_05.026
2.82706
1.19874
2.64798
-2241.259
438.0627
-3009.152
1.0
Obj_Plant_CypressLow_B_01.011
0.09204375
1.001878
-0.02646104
-2908.176
346.9399
-3522.539
1.063965
Obj_RockSetSnow_A_04.002
0
-0.12
0
-2528.122
348.9329
-3391.971
1.0
Obj_RockSetSnow_A_02.022
0.1185905
-0.9752486
-0.1429464
-2309.014
451.3373
-2948.928
1.0
BrokenSnowBall
0.1415479
-0.685447
-0.2652268
-2192.404
462.8283
-3589.521
1.3
Item_Mushroom_B
0
0.2501221
0
-2491.535
351.2947
-3518.574
1.0
Obj_MineralBury_A_01.009
3.018563
1.029089
2.745691
-2158.84
418.5652
-3650.712
1.0
Obj_RockSnow_A_01.008
2.971779
0.08939559
-3.049635
-2967.021
669.0747
-3088.172
1.0
Obj_TreeConiferous_A_Snow_01.014
0
0.9305176
0
-2644.442
346.6086
-3376.507
1.0
FldObj_GerudoHighlandRock_C_06.002
-0.007450718
0.005615344
-0.8414769
-2372.241
483.9326
-3231.574
1.0
Animal_Fox_B
0
1.5
0
-2962.836
349.3593
-3574.905
1.0
Obj_RockSetSnow_A_05.027
0
0.26
0
-2523.386
345.068
-3453.201
1.0
Obj_LiftRockWhite_A_01.005
0
0
0
-2196.14
452.0011
-3619.488
1.0
Enemy_Lizalfos_Senior
0
1.600719
0
-2272.716
450.2885
-3114.078
1.0
Item_Mushroom_F
0
-1.556763
0
-2123.625
348.5675
-3692.902
1.0
TwnObj_StoneLodgeStair_A_01.001
-0.2839408
-0.4925323
0.00294379
-2969.826
669.5105
-3094.219
1.0
Obj_Plant_HopBush_C_Snow_01.014
0.2599806
1.006145
-0.1337648
-2068.742
372.5347
-2912.781
1.053711
Obj_TreeBroadleafLow_Snow_A_01.009
0
5.925272
0
-2931.145
676.6976
-3080.29
1.0
Obj_Mineral_C_01.002
0.07170565
0.3272797
-0.4002979
-1993.455
436.7295
-3244.977
1.0
Obj_MineralBury_A_01.010
2.733818
0.3382704
2.816072
-2315.689
461.5985
-3085.417
1.0
Obj_RockSetSnow_A_02.023
1.630884
-1.33628
-1.782235
-2151.843
422.3748
-3017.366
1.0
Enemy_Golem_Little_Ice
3.057263
0.1578759
3.090621
-2140.8
491.5993
-3088.2
1.0
Obj_IcicleMountainThorn_A_01.010
0.06537505
0.105933
-0.05978922
-2325.985
497.4957
-2966.144
1.0
Obj_Plant_CypressLow_B_01.012
0.1292769
-0.3131466
0.03031074
-2723.684
349.6115
-3400.398
0.982422
Obj_RockSetSnow_A_05.028
0
0.8600004
0
-2801.914
349.2574
-3362.769
1.0
FldObj_BankingFlat_A_07.055
1.183305
1.425953
0.9462504
-2255.304
501.9378
-3057.412
1.0
Item_Plant_O
-1.845136
-0.6973457
3.099406
-2376.682
394.5009
-3596.861
1.0
FldObj_BankingFlat_A_07.056
0.01493437
0.0008183135
-0.1094765
-2346.198
516.3566
-2878.381
1.0
FldObj_BankingFlat_A_07.057
0.1754913
0.7658336
-0.09167308
-2248.54
498.0082
-3035.648
1.0
FldObj_TorchStandBone_A_01.001
0
1.681595
0
-2652.995
349.4095
-3378.32
1.0
Obj_MineralBury_A_01.011
0.03717806
-0.4218598
0.09992769
-2494.428
467.0417
-3326.495
1.0
Obj_Plant_CypressLow_B_01.013
0.3280275
-0.5407013
-0.4821191
-2020.617
368.8128
-2966.645
1.019043
Obj_TreeWhiteBirch_A_02.007
0
0.1292036
0
-2943.85
676.8168
-3131.305
1.0
Obj_LiftRockWhite_Korok_A_01.015
0.07628462
5.584534
0.07628462
-2842.527
334.5626
-3489.88
1.0
Obj_Plant_HopBush_C_Snow_01.015
-0.2600701
0.3352194
-0.2687076
-2856.473
701.4136
-3104.965
1.064941
Obj_TreeConiferous_A_Snow_02.005
0
1.363647
0
-2089.874
350.1487
-3697.974
1.15
FldObj_BankingFlat_A_07.058
-0.1309349
1.13606
-0.1430455
-2320.898
534.522
-3291.291
1.0
Obj_TreeConiferousLow_A_Snow_01.008
0
0
0
-2398.716
348.7169
-3612.208
1.0
Obj_RockSetSnow_A_05.029
-0.2406245
-0.9599566
0.2445084
-2401.604
474.9141
-3101.706
1.0
Obj_TreeConiferousLow_A_Snow_01.009
0
5.728049
0
-2908.134
349.0118
-3470.156
1.0
Obj_LiftRockWhite_Korok_A_01.016
0.0763375
6.267621
0.0763375
-2837.918
332.8317
-3496.906
1.0
Item_Plant_O
-2.099609
0.607666
2.939941
-3020.785
440.3867
-3460.195
1.0
Obj_Mineral_A_01.003
0.3182063
-0.0810061
0.01922008
-2252.066
450.2553
-3126.106
1.0
Obj_Plant_HopBush_C_Snow_01.016
-0.05893958
-0.8124268
-0.1703006
-2873.25
345.0461
-3469.254
1.094727
Obj_Plant_CypressLow_B_01.014
0.3309895
-0.3851483
-0.2150413
-2939.453
352.9513
-3535.414
1.096191
Obj_Mineral_B_01.003
-0.03978175
0.04089263
-0.4554361
-2315.919
462.2957
-3087.315
1.0
Item_Plant_E
0
0.3859863
0
-2992.23
645.3548
-3003.883
1.0
Item_Plant_O
-2.028564
-0.2397461
-2.626831
-2536.102
551.25
-3254.688
1.0
Area
0
0
0
-2964
351.6421
-3519
100
Obj_RockSetSnow_A_05.030
-3.059016
-0.3180132
2.911521
-2417.814
480.9508
-2905.924
1.0
Obj_TreeBroadleafLow_Snow_A_01.010
0
1.176683
0
-2959.173
673.8265
-3092.031
1.0
Obj_TreeWhiteBirch_A_02.008
0
-1.570796
0
-2976.363
670.3832
-3093.032
1.0
Obj_IcicleMountainThorn_A_01.011
0
-3.12
0
-2326.312
501.9518
-3208.806
1.0
Obj_TreeConiferousLow_A_Snow_01.010
0
5.265445
0
-2640.375
352.7075
-3334.645
1.0
Obj_TreeConiferousDead_A_Snow_01.004
0
0
0
-2884.027
348.4212
-3486.813
1.0
Obj_Plant_HopBush_C_Snow_02.011
0.04775915
0.4513618
0.08202837
-2636.055
348.6695
-3397.324
1.032227
Obj_TreeConiferous_A_Snow_01.015
0
-0.6394042
0
-2083.356
350.6495
-3699.697
1.146484
Obj_Plant_HopBush_C_Snow_01.017
-0.09080812
-1.094753
-0.04809972
-1931.141
343.7348
-3467.352
0.94873
FldObj_BankingFlat_A_07.059
-3.090825
-0.5542929
2.951331
-2392.301
536.7089
-3102.35
1.0
Barrel
-3.131496
0.7853472
-3.127314
-2945.8
677.3964
-3139.3
1.0
Obj_LiftRockWhite_Korok_A_01.017
-0.01802761
0.398099
-0.01802761
-2834.224
332.9666
-3494.469
1.0
Animal_LittleBird_B
0
-1.72
0
-2323.953
527.2906
-3224.922
1.0
Obj_LiftRockWhite_Korok_A_01.018
0.06806496
0.02400692
0.06806496
-2838.845
334.5726
-3487.181
1.0
Obj_TreeBroadleafLow_Snow_A_01.011
0
4.358487
0
-2925.728
682.7776
-3176.228
1.0
FldObj_BankingFlat_A_07.060
0.1763967
1.05416
0.1342311
-2177.502
495.0408
-3109.607
1.0
Enemy_Golem_Little_Ice
-0.01471215
-0.2818683
-0.2628126
-2807.447
580.5362
-3266.093
1.0
Obj_RockSetSnow_A_02.024
-1.624789
-1.290616
1.526049
-2366.577
477.728
-2860.315
1.0
Obj_Plant_HopBush_C_Snow_01.018
-0.2213899
0.2549069
0.2809888
-2266.059
532.0081
-3507.75
0.949219
FldObj_BankingFlat_A_07.061
0.2331895
-0.9337691
-0.3787354
-2318.723
515.7817
-3180.188
1.0
Obj_MineralBury_A_01.012
-2.901051
-0.1122686
-2.99868
-2315.053
461.2607
-3094.309
1.0
Animal_Fox_B
0
-0.6200001
0
-2977.426
347.8667
-3573.562
1.0
FldObj_BankingFlat_A_07.062
-0.09785535
0.004360736
0.08899635
-2314.387
516.8117
-2950.073
1.0
Item_Plant_O
-2.032837
-0.08569336
-2.702759
-2504.715
395.9141
-3373.766
1.0
FldObj_BankingFlat_A_07.063
0.1252318
0.8578032
0.05362333
-2129.977
492.184
-3100.082
1.0
Obj_RockSetSnow_A_02.025
0.1116509
1.254307
0.1913713
-2969.655
654.0662
-3030.705
1.0
Obj_TreeWhiteBirch_A_02.009
0
2.56
0
-2921.84
682.1056
-3174.973
1.0
FldObj_GerudoHighlandRock_C_06.003
-0.1660448
0.5827825
-0.6316262
-2398.793
489.9488
-3233.437
1.0
Obj_MineralGrain_A_04.005
3.056463
-0.08774667
2.762239
-2121.944
439.2038
-3068.588
1.0
Obj_RockSetSnow_A_02.026
1.004199
-1.476061
-1.006232
-2162.479
432.0863
-3102.563
1.0
Obj_LiftRockWhite_Korok_A_01.019
-0.02890945
2.715996
-0.02890945
-2848.799
333.4164
-3497.153
1.0
Obj_TreeBroadleafLow_Snow_A_01.012
0
2.856709
0
-2981.202
675.2222
-3191.05
1.0
FldObj_BankingFlat_A_05.008
0.1547826
0.01634162
-0.2099641
-2342.153
527.9146
-3230.163
1.0
FldObj_BankingFlat_A_07.064
-0.2114279
-0.01068849
-0.1006466
-2352.586
528.177
-3051.522
1.0
FldObj_BankingFlat_A_07.065
-0.3042535
0.5752516
-0.1933527
-2108.105
512.7799
-3165.519
1.0
Obj_Plant_HopBush_C_Snow_02.012
1.468526
-1.300947
-1.423399
-2175.523
351.7478
-3734.16
0.853027
Obj_Plant_HopBush_C_Snow_01.019
1.42071
1.297575
1.45107
-2160.051
353.1089
-3744.617
1.072754
Obj_RockSetSnow_A_05.031
-1.738788
-0.6158382
0.1385833
-2753.842
246.2173
-3475.902
1.0
Obj_Plant_CypressLow_B_01.015
1.292706
1.445726
1.334594
-2488.453
351.0854
-3516.152
0.926758
FldObj_BankingFlat_A_07.066
0.09478638
-0.002668723
0.05625329
-2144.74
486.4575
-3019.397
1.0
Obj_MineralGrain_A_04.006
-3.107912
0.04387993
2.917124
-1993.425
436.4283
-3244.591
1.0
Item_Plant_E
3.141479
-1.452392
3.141479
-2117.719
442.1785
-3135.676
1.0
Obj_RockSetSnow_A_02.027
0.02175951
1.063289
-0.01956003
-2382.954
473.6656
-3051.742
1.0
Obj_Mineral_A_01.004
-0.313858
-0.1596982
-0.04677107
-2495.847
468.208
-3320.104
1.0
Obj_MineralGrain_A_02.001
0.005413509
-0.6792837
-0.3370512
-2158.94
418.7276
-3652.124
1.0
Item_Plant_O
-2.386474
0.1990967
2.761841
-2195.844
496.9453
-3401.578
1.0
Obj_RockSetSnow_A_02.028
0
-0.7599999
0
-3006.116
677.1903
-3152.08
1.0
Item_Plant_O
-1.746704
-0.2575683
-3.08313
-2554.387
527.668
-3254.949
1.0
Obj_TreeConiferous_A_Snow_01.016
0
0.1623974
0
-2644.157
350.5462
-3287.774
1.0
Obj_RockSetSnow_A_02.029
-3.013126
-0.3731321
3.008275
-2377.669
465.7193
-2951.809
1.0
Obj_TreeConiferous_A_Snow_01.017
0
-0.1932373
0
-2182.102
355.7467
-3754.168
1.15
Obj_RockSetSnow_A_02.030
0
-2.54
0
-2494.703
345.857
-3521.836
1.0
Item_Plant_O
-1.608887
0.6679688
-2.789062
-2795.563
309.7266
-3491.781
1.0
Animal_LittleBird_B
0
0.6400001
0
-2329.588
528.6925
-3222.959
1.0
Obj_MineralBury_A_01.013
0
0
0
-2464.063
389.3562
-3491.821
1.0
PointWindSetTag
0
0.46
0
-2083.28
386.1686
-3708.878
1.0
Item_Plant_E
0
-0.4627685
0
-2990.09
642.3749
-2994.352
1.0
Obj_RockSetSnow_A_02.031
0
-0.6600003
0
-2131.498
350.0283
-3682.199
1.0
Animal_Ptarmigan_A
0
0.9999999
0
-2375.132
528.9755
-2971.979
1.0
Obj_TreeConiferous_A_Snow_02.006
0
-1.48999
0
-2080.973
350.4315
-3630.256
1.134277
Obj_TreeConiferousDead_A_Snow_01.005
0
0
0
-2623.13
349.2208
-3312.982
1.0
Obj_Plant_CypressLow_B_01.016
-0.05527096
1.203212
0.2041448
-2093.762
449.5055
-3072.02
0.90918
FldObj_BankingFlat_A_07.067
-1.799683
1.309268
-1.874223
-2376.764
529.8826
-3053.353
1.0
Obj_RockSetSnow_A_05.032
0
-1
0
-2176.453
351.1501
-3753.767
1.0
FldObj_SnowEnemyLookout_B_01.003
0
1.501595
0
-2653.702
349.9193
-3374.888
1.0
Item_Plant_O
-2.421509
0.8116454
2.36499
-2104.91
397.5664
-3644.078
1.0
Obj_RockSetSnow_A_05.033
0
1.2
0
-2686.773
349.6167
-3290.47
1.0
Obj_Plant_HopBush_C_Snow_01.020
0.2935304
0.2649792
-0.2463193
-2358.465
474.3493
-3051.25
1.075195
Enemy_Golem_Little_Ice
0.4668688
-0.6266972
-0.698543
-2255.7
440.7928
-2994.7
1.0
Obj_RockSetSnow_A_02.032
-0.22
0
0
-2837.448
339.9375
-3467.397
1.0
Obj_TreeConiferousDead_A_Snow_01.006
0
0
0
-2308.405
355.5374
-3648.992
1.0
Obj_TreeWhiteBirch_A_02.010
0
1.592389
0
-2937.981
676.0275
-3116.754
1.0
Obj_MineralBury_A_01.014
2.952451
0.2594576
2.887629
-2250.274
449.7659
-3126.578
1.0
Obj_RockSetSnow_A_02.033
0.1404953
0.8173069
-0.03687003
-2371.915
479.7251
-3195.061
1.0
Obj_Plant_HopBush_C_Snow_01.021
0.01071565
-1.176513
0.11825
-2049.793
466.6796
-3110.066
1.040527
FldObj_BankingFlat_A_07.068
0.1550744
-0.01813082
0.2323208
-2237.61
507.9231
-3180.225
1.0
FldObj_BankingFlat_A_07.069
0.1823131
-0.02051358
0.2234862
-2215.312
511.4321
-3167.312
1.0
FldObj_GerudoHighlandRock_C_05.003
-0.1892705
-0.02877712
-0.300906
-2262.216
448.4274
-3089.155
1.0
Obj_FireWoodBundle.002
0
-0.2399998
0
-2950.954
677.3864
-3134.593
1.0
FldObj_BankingFlat_A_07.070
-2.71413
-0.9883454
2.684815
-2308.254
520.9953
-3067.296
1.0
Obj_RockSetSnow_A_02.034
-2.212801
-0.7590539
2.706094
-2582.594
339.4045
-3394.622
1.0
FldObj_BankingFlat_A_07.071
-0.2773719
-0.2140842
0.04339408
-2084.139
504.4863
-3194.952
1.0
Obj_RockSetSnow_A_02.035
0
0
-0.3
-2939.177
348.2711
-3536.481
1.0
Enemy_Golem_Little_Ice
0.2865747
-1.115196
0.2346336
-2983.5
649.8667
-3022.5
1.0
Obj_Plant_HopBush_C_Snow_01.022
-0.1432507
-0.07151851
0.1297024
-2518.473
347.2949
-3490.164
0.899902
Obj_RockSetSnow_A_05.034
0
2.7
0
-2314.891
351.8571
-3677.238
1.0
Item_Mushroom_B
3.141479
0.6252441
3.141479
-2571.469
348.7734
-3373.813
1.0
FldObj_BankingFlat_A_07.072
0.04321251
0.002901345
-0.1340607
-2176.148
519.4768
-3243.682
1.0
Obj_RockSetSnow_A_02.036
0
0
0
-2335.801
354.5349
-3625.101
1.0
Obj_TreeConiferous_A_Snow_01.018
0
0
0
-2283.718
351.3975
-3708.539
1.0
TwnObj_HeburaLodge_Door_A_01
0
-0.8818678
0
-2956.161
677.5764
-3137.888
1.0
FldObj_BankingFlat_A_07.073
-0.1181327
0.6145964
-0.1119558
-2327.743
531.3757
-3324.603
1.0
FldObj_BankingFlat_A_07.074
-0.01179545
-0.0007188078
-0.1217269
-2101.617
490.0556
-3106.304
1.0
Animal_Ptarmigan_A
0
-0.7199999
0
-2340.229
520.4494
-3171.472
1.0
PointWindSetTag
0
0.46
0
-2323.655
340.4967
-3660.785
1.0
TBox_Field_Iron
0.4496967
-0.4047676
0.2263461
-2094.95
380.0621
-3763.712
1.0
Item_Plant_O
-2.076416
-0.1131592
-3.07019
-2607.199
656.6914
-3123.832
1.0
FldObj_BankingFlat_A_07.075
0.03305412
-0.6810486
0.08156031
-2226.958
497.6249
-2947.765
1.0
Obj_RockSnow_A_01.009
0
-0.6800002
0
-2631.445
347.5468
-3340.002
1.0
Obj_MineralGrain_A_02.002
-0.06489109
0.2396556
0.0383667
-2374.284
499.3961
-3465.445
1.0
Obj_Plant_HopBush_C_Snow_02.013
-0.3627341
1.193453
-0.5559667
-1983.262
351.9738
-3470.949
1.067871
Obj_TreeConiferous_A_Snow_01.019
0
-1.088501
0
-2061.067
348.4537
-3687.157
1.0
Obj_RockSetSnow_A_05.035
0.1074358
0.8804365
-0.01565151
-2164.735
435.2566
-3134.706
1.0
Obj_TreeWhiteBirch_A_02.011
0
0.2492037
0
-2993.604
647.0254
-3012.704
1.0
Obj_RockSetSnow_A_05.036
0
0.7
0
-2074.213
355.3988
-3586.625
1.0
FldObj_BankingFlat_A_07.076
-0.1007456
0.6789151
-0.02766562
-2428.723
539.1338
-3255.146
1.0
Obj_Plant_CypressLow_B_01.017
-0.2328066
0.4719688
-0.3844163
-2016.617
362.3768
-3463.559
0.914551
Obj_RockSetSnow_A_03.002
0
-1.000002
0
-2288.248
350.4356
-3707.172
1.0
Item_Plant_O
-1.704224
-0.4221191
3.13916
-2235.125
210.043
-3772.277
1.0
Obj_Plant_HopBush_C_Snow_01.023
0.06241871
-0.5065874
-0.2718148
-2874.887
345.4389
-3471.82
1.097168
Obj_Plant_HopBush_C_Snow_02.014
-0.1849799
-1.07953
0.02929462
-2911.262
347.3566
-3520.375
1.043457
Item_Mushroom_D
-1.650757
0.9444579
-2.838501
-2866.063
309.6992
-3519.375
1.0
Enemy_Golem_Little_Ice
0.9962531
-1.057174
-1.040726
-2359.394
495.8448
-3301.231
1.0
Obj_RockSetSnow_A_05.037
-0.3636012
-0.8206851
0.4796065
-2529.94
351.0011
-3378.206
1.0
Obj_TreeConiferous_A_Snow_01.020
0
1.161255
0
-2079.748
348.4584
-3647.457
1.15
Item_Plant_E
3.141479
1.227173
3.141479
-2605.402
347.6899
-3333.563
1.0
Obj_TreeConiferous_A_Snow_01.021
0
-1.54126
0
-2166.479
349.6207
-3711.458
1.0
Obj_RockSnow_A_01.010
0
-2.883185
0
-2651.957
346.5654
-3370.961
1.0
Obj_TreeConiferousLow_A_Snow_01.011
0
0
0
-2082.686
348.4405
-3690.226
1.0
Obj_TreeConiferous_A_Snow_01.022
0
3.896719
0
-2652.263
348.3037
-3337.686
1.0
Obj_Plant_HopBush_C_Snow_02.015
0.4517146
-0.6666898
-0.2522778
-2177.121
354.5954
-3741.277
0.972168
Obj_MineralBury_A_01.015
0.190542
-0.2097189
0.06376588
-2374.818
499.6712
-3464.054
1.0
Obj_Mineral_A_01.005
-2.254981
0.8475999
-2.231428
-2497.48
467.9735
-3319.739
1.0
Obj_Mineral_A_01.006
-0.2876341
0.6433295
0.3250129
-2449.285
387.3023
-3499.349
1.0
Obj_Mineral_A_01.007
-2.610332
1.082225
-2.704538
-2373.03
499.6076
-3463.678
1.0
Obj_RockSetSnow_A_05.038
-0.5117708
-1.063996
0.4564886
-2574.105
342.4761
-3397.313
1.0
FldObj_BankingFlat_A_07.077
0.1296168
0.01363015
-0.2092562
-2248.764
495.1384
-3014.422
1.0
Obj_RockSetSnow_A_02.037
-2.91106
-1.018415
2.826694
-2281.479
447.4032
-2954.61
1.0
TwnObj_StoneLodgeStair_A_01.002
-0.18
-0.07999999
0
-2974.175
667.1804
-3084.623
1.0
TBox_Field_Iron
-1.029792
0.8722084
-0.6323761
-2228.48
520.04
-3461.09
1.0
Animal_Rhino_A
0
-0.42
0
-2403.593
539.2982
-3097.401
1.0
Obj_Plant_CypressLow_B_01.018
-0.2431912
0.557772
-0.4288583
-2018.934
362.2443
-3467.801
0.913574
Enemy_Golem_Little_Ice
-0.2780594
0.8135961
-0.656137
-2815.517
583.3071
-3265.567
1.0
Obj_Plant_HopBush_C_Snow_02.016
0
0.4234619
0
-2514.871
347.1286
-3495.551
1.048828
Obj_IcicleMountainThorn_A_01.012
0
-1.96
0
-2371.374
512.2721
-3218.844
1.0
Item_Plant_O
-1.759888
0.9658203
2.657715
-2042.789
385.1797
-3489.539
1.0
Obj_TreeConiferousDead_A_Snow_01.007
0
0
0
-2921.136
350.0788
-3475.532
1.0
Obj_RockSetSnow_A_02.038
0
-0.2800002
0
-2658.773
344.9094
-3377.034
1.0
Obj_LiftRockWhite_Korok_A_01.020
-2.127323
2.174676
-2.127323
-2845.513
336.0536
-3485.246
1.0
Enemy_Golem_Little_Ice
0.2011049
-0.7744625
-0.001934128
-2167.56
430.4625
-3082.324
1.0
Enemy_Golem_Little_Ice
0
0.5400001
0
-2992.5
646.9111
-3014.5
1.0
Obj_RockSnow_A_01.011
0.12
0
0
-2946.331
675.6462
-3150.119
1.0
FldObj_BankingFlat_A_07.078
2.969382
-0.8362676
-3.049327
-2114.718
486.5115
-3047.022
1.0
Obj_MineralBury_A_01.016
-0.279058
0.9858791
-0.2304021
-2250.964
443.3611
-2948.094
1.0
Obj_LiftRockWhite_Korok_A_01.021
1.320763
1.207168
1.320763
-2847.077
332.8047
-3499.455
1.0
Obj_RockSetSnow_A_05.039
0.07944056
-0.3649696
-0.2712858
-2297.946
458.2842
-3017.318
1.0
Enemy_Lynel_Senior
0
0.8
0
-2028.386
347.7327
-3628.598
1.0
Obj_TreeConiferous_A_Snow_01.023
0
1.909183
0
-2673.041
350.0617
-3302.697
1.0
Obj_Plant_HopBush_C_Snow_01.024
-0.2510619
0.634702
-0.2672003
-2755.535
349.5223
-3364.586
0.971191
Obj_TreeWhiteBirch_A_01.007
0
0.9241943
0
-2734.688
349.1683
-3407.379
1.0
Item_Plant_O
-1.417236
0.08422851
2.915649
-3083.797
249.4102
-3657.93
1.0
Obj_Mineral_A_01.008
-0.02930484
-0.0138056
0.1619211
-2250.042
443.8184
-2945.844
1.0
Obj_MineralGrain_A_04.007
-0.07832059
0.2915724
-0.2239243
-1990.224
436.009
-3235.488
1.0
FldObj_BankingFlat_A_07.079
0.10994
-1.055916
-0.1304089
-2177.465
496.1009
-3125.247
1.0
Enemy_Golem_Little_Ice
2.769269
-0.9593379
-2.933242
-2227.1
441.7839
-3102
1.0
FldObj_BankingFlat_A_07.080
-0.224214
-0.006532402
-0.05800897
-2121.066
498.0768
-3223.311
1.0
Obj_RockSnow_A_01.012
1.559999
-0.48
0
-2481.806
535.2289
-3107.96
1.0
Obj_RockSetSnow_A_02.039
0
-1.28
0
-2092.523
348.6549
-3642.47
1.0
FldObj_BankingFlat_A_07.081
0.02420588
-0.0009980628
0.08241379
-2248.517
494.5209
-2919.953
1.0
FldObj_BankingFlat_A_07.082
-3.07067
0.267821
2.960214
-2451.137
548.48
-3087.943
1.0
Obj_TreeConiferousDead_A_Snow_01.008
0
0
0
-2113.596
349.2233
-3683.285
1.0
Obj_IcicleMountainThorn_A_01.013
0
2.763186
0
-2260.343
486.1686
-3200.153
1.0
FldObj_BankingFlat_A_05.009
-0.08296651
-0.001145842
-0.04760419
-2275.047
532.4568
-3284.843
1.0
Obj_Plant_CypressLow_B_01.019
-0.1324615
-0.8031022
0.02117477
-2287.551
352.5082
-3686.457
0.851074
Obj_RockSetSnow_A_02.040
0
0
0
-2225.302
451.5121
-3184.763
1.0
FldObj_BankingFlat_A_07.083
-0.1061879
-0.6522909
0.1825755
-2344.892
511.6555
-2969.198
1.0
Obj_RockSetSnow_A_02.041
-0.4593273
-1.194595
0.4366314
-2371.691
486.5981
-2830.162
1.0
Obj_RockSetSnow_A_02.042
0
-0.2799997
0
-2359.224
348.5845
-3650.412
1.0
Obj_LiftRockWhite_Korok_A_01.022
0.07633768
1.234851
0.07633768
-2844.063
335.1883
-3487.538
1.0
Obj_TreeConiferousDead_A_Snow_01.009
0
0
0
-2570.585
348.6412
-3373.446
1.0
FldObj_BankingFlat_A_07.084
-0.1127231
0.7986677
-0.03386613
-2475.131
550.9679
-3163.045
1.0
Animal_LittleBird_B
0
0.8200001
0
-2410.862
537.2106
-2994.105
1.0
Obj_LiftRockWhite_Korok_A_01.023
-0.01795366
1.549012
-0.01795366
-2830.243
333.9164
-3484.527
1.0
FldObj_BankingFlat_A_05.010
-0.02533946
0.001635001
0.1288623
-2461.609
555.0612
-2957.289
1.0
GrassCutTag
0
0
0
-2147.195
491.5075
-3084.477
1.0
Item_Mushroom_B
0
-1.223145
0
-2174.148
352.4976
-3736.953
1.0
Obj_Plant_CypressLow_B_01.020
0.8139849
1.527256
0.96771
-2539.805
348.0131
-3398.941
0.889648
Obj_TreeWhiteBirch_A_02.012
0
-0.62
0
-2926.644
677.2537
-3189.312
1.0
Obj_Plant_HopBush_C_Snow_02.017
-0.06578647
1.133942
-0.1993613
-2285.141
351.7525
-3694.473
0.919922
Obj_Plant_HopBush_C_Snow_02.018
0.4863341
-1.153665
-0.8076916
-2707.41
620.6467
-3160.23
0.912598
Obj_TreeConiferousLow_A_Snow_01.012
0
4.680852
0
-2898.454
347.9551
-3497.951
1.0
Obj_LiftRockWhite_A_01.006
0
0
0
-2219.189
443.0811
-3149.896
1.0
Item_Plant_O
-2.20459
-0.8986816
-2.955322
-2428.172
498.7695
-3394.922
1.0
Item_Plant_O
-1.611938
0.5683593
-2.550415
-3021.988
492.1523
-3420.5
1.0
Obj_RockSetSnow_A_03.003
0
-3.139999
0
-2605.037
493.7712
-3246.362
1.0
Obj_RockSetSnow_A_02.043
0
0.3800004
0
-2598.447
493.9531
-3218.774
1.0
FldObj_BankingFlat_A_07.085
-0.06031621
-0.0009450347
-0.03132394
-2386.758
536.0117
-3302.292
1.0
GrassCutTag
0
0
0
-2144.695
492.6958
-3099.477
1.0
Obj_RockSetSnow_A_05.040
-0.3200001
-0.6
0
-2481.512
570.2636
-3244.851
1.0
FldObj_BankingFlat_A_07.086
-0.1274621
-0.3709245
0.1525629
-2363.357
515.8183
-2918.941
1.0
Obj_TreeBroadleafLow_Snow_A_02.004
0
0
0
-2131.46
351.968
-3690.18
1.0
Obj_TreeConiferous_A_Snow_01.024
0
1.224809
0
-2665.386
347.2499
-3385.875
1.0
Obj_TreeConiferousLow_A_Snow_01.013
0
0
0
-2292.649
353.0083
-3685.935
1.0
Obj_RockSetSnow_A_05.041
0
0.6800002
0
-2922.52
677.2628
-3167.865
1.0
Obj_TreeWhiteBirch_A_02.013
0
3.08
0
-2923.52
682.6931
-3166.558
1.0
Enemy_Golem_Ice
0
-1.441798
0
-2144.876
491.2722
-3082.592
1.0
FldObj_GerudoHighlandRock_C_05.004
0.02
0
-0.22
-2382.43
488.5611
-3232.994
1.0
Obj_RockSetSnow_A_02.044
-2.962928
-1.09654
2.96661
-2399.561
469.8355
-2920.499
1.0
Item_Plant_E
0.05235988
0.013705
-0.05954685
-2060.481
491.0795
-3310.166
1.0
FldObj_BankingFlat_A_07.087
2.93627
0.6753336
2.814482
-2318.684
520.5499
-3212.415
1.0
Obj_Plant_CypressLow_B_01.021
-0.118803
-0.1929158
-0.05511117
-2916.035
347.3138
-3525.27
0.902344
FldObj_BankingFlat_A_07.088
-2.505411
-1.437472
2.553573
-2463.373
549.7749
-3180.71
1.0
FldObj_BankingFlat_A_07.089
-0.2361737
-0.007177519
-0.06048073
-2138.685
503.294
-3205.635
1.0
Enemy_Lizalfos_Senior
0
0.3032469
0
-2311.654
460.8542
-3090.841
1.0
Area
0
0.8
0
-2028.386
347.7327
-3628.598
150
FldObj_TorchStandBone_A_01.002
0
0.09999999
0
-2650.975
348.1504
-3370.435
1.0
Obj_TreeWhiteBirch_A_02.014
0
0
0
-2603.804
493.8582
-3237.7
1.0
Obj_RockSetSnow_A_05.042
-0.1391919
0.5569058
-0.05233156
-2618.697
342.883
-3387.995
1.0
FldObj_BankingFlat_A_07.090
-0.02667685
0.001717796
0.1286004
-2493.367
552.9078
-3019.735
1.0
Obj_RockSetSnow_A_05.043
0.247048
0.1708337
-0.7307057
-2407.104
520.0599
-3304.978
1.0
Item_Plant_E
3.141479
1.391357
3.141479
-2584.738
348.7564
-3372.094
1.0
Animal_Fox_B
0
-0.09999995
0
-2978.646
347.9372
-3567.203
1.0
Obj_RockSetSnow_A_02.045
-0.2139977
0.9849381
-0.2551362
-2434.001
486.9872
-2978.689
1.0
Obj_TreeConiferous_A_Snow_01.025
0
-1.315796
0
-2124.297
348.8104
-3691.763
1.134277
Obj_Plant_HopBush_C_Snow_02.019
-0.2950093
-1.372637
0.1285567
-1933.484
344.321
-3462.941
0.961426
Obj_Plant_HopBush_C_Snow_02.020
-0.07319245
-0.9808753
-0.09163811
-1934.094
343.827
-3474.234
0.97168
Obj_RockSetSnow_A_05.044
-2.883042
0.6645247
3.048532
-2243.793
434.1279
-2959.791
1.0
Obj_Plant_HopBush_C_Snow_01.025
0.1976808
-1.122013
-0.3408349
-1937.527
358.6574
-3030.547
0.857422
FldObj_BankingFlat_A_07.091
2.806456
-1.19458
-3.027843
-2237.729
498.3199
-3060.436
1.0
Obj_TreeConiferous_A_Snow_01.026
0
0
0
-2594.206
348.4252
-3374.67
1.0
Area
0
0
0
-2674.465
385.2228
-3352.339
125
Obj_MineralGrain_A_04.008
2.788352
1.06319
-2.898576
-2377.016
498.3619
-3462.061
1.0
Obj_IcicleMountainThorn_A_01.014
-2.983129
-1.202218
-0.3377306
-2262.323
455.4193
-3190.606
1.0
Obj_TreeConiferousDead_A_Snow_01.010
0
0
0
-2134.199
350.2103
-3717.773
1.0
FldObj_BankingFlat_A_05.011
0.02438658
-0.00123124
0.1008862
-2264.338
493.4469
-2941.548
1.0
Item_Plant_E
0
-0.3239746
0
-2050.598
347.8085
-3678.285
1.0
Obj_RockSetSnow_A_04.003
0
1.16
0
-2994.779
644.8501
-3007.524
1.0
Obj_TreeConiferousLow_A_Snow_01.014
0
4.732363
0
-3013.539
678.9077
-3149.495
1.0
Obj_TreeConiferous_A_Snow_02.007
0
-0.9504394
0
-2100.324
349.2649
-3670.992
1.0