UnitConfigName/__text
Rotate/value/0
Rotate/value/1
Rotate/value/2
Translate/value/0
Translate/value/1
Translate/value/2
_Scale
Enemy_Moriblin_Senior
0
2.543185
0
-2616.956
442.3895
-1924.48
1.0
LinkTagAnd
0
-0.9600009
0
-2220.109
154.9695
-1623.746
1.0
FldObj_Chain_A
0
0
-1.739998
-2360.321
384.1642
-1871.066
1.0
FldObj_CliffYellowWall_A_06_Far
-0.1101153
0.1107981
0.1278751
-2831.996
327.5004
-1668.434
1.0
FldObj_CliffYellowCurve_A_01_Far
-3.087094
0.9436535
-2.88086
-3015.202
312.2383
-1646.398
1.2
FldObj_CliffYellowPillar_A_01_Far
0.5039611
-0.9826963
-0.3617514
-2755.851
388.9375
-1879.348
1.0
FldObj_CliffYellowWall_A_04
0
-2.039999
0
-2902.513
398.0612
-1914.767
1.0
FldObj_CliffYellowWall_A_06_Far.001
0
0
0
-2454.35
59.74678
-1507.484
1.0
LinkTagNone
0
0
0
-2738.096
376.3266
-1974.597
1.0
FldObj_CliffSnowWall_D_03
0.129175
-0.6394613
-0.3781653
-2549.484
303.8666
-1802.476
1.0
LinkTagAnd
0
1.201597
0
-2207.667
255.803
-1767.001
1.0
Obj_RockSetYellow_A_L_01
0
0
-0.3399999
-2271.656
235.0888
-1711.806
1.0
LinkTagAnd
0
0
0
-2832.471
86.71906
-1578.044
1.0
Area
0
0
0
-2324
377
-1895
100
Area
0
0
0
-2377
265
-1383
40
LinkTagOr
0
0
0
-2358.095
387.5072
-1872.809
1.0
Area
0
-0.9600009
0
-2220.035
152.8195
-1624.164
0.1
FldObj_KorokStoneLift_A_01
0.1613508
0.5148343
0.1400986
-2218.386
149.3251
-1622.293
1.0
Obj_Plant_Korok_A_01
0
-3.141593
0
-2370.815
373.4438
-1764.248
1.0
FldObj_CliffYellowWall_A_03_Far
0
-2.58
0
-2978.41
383.4559
-1853.029
1.0
Enemy_Chuchu_Electric_Junior
0
-1.879998
0
-2655.025
301.4398
-1058.597
1.0
Obj_RockYellow_A_L_04
0
0.1
0
-2873.2
98.3502
-1044.223
1.0
Area
0
2.263183
0
-2083.961
293.9882
-1558.725
3
FldObj_ScaffoldWood_B_01
0
-0.5599999
0
-2961.152
303.0764
-1691.903
1.0
DragonDropItemTarget
0
0
0
-2867.063
93.28108
-1236.928
1.0
LinkTagAnd
0
0
0
-2520.218
66.96881
-1432.006
1.0
FldObj_CliffSnowWall_D_18_Far
0.008450041
-0.1397464
-0.06059139
-2731.567
431.2745
-1901.146
1.0
FldObj_CliffYellowWall_A_04_Far
-0.2411862
-1.074373
0.4471823
-3094.67
340.2682
-1595.163
1.0
FldObj_CliffYellowWall_A_04_Far.001
0
0.28
0
-2671.245
405.5972
-1792.493
1.0
LinkTagAnd
0
0
0
-2736.6
374.7
-1967.8
1.0
FldObj_CliffYellowWall_A_04.001
0
0.28
0
-2671.245
405.5972
-1792.493
1.0
LinkTagOr
0
2.263183
0
-2084.28
295.5881
-1559.11
1.0
Obj_RockYellow_A_L_04_Far
0
0
0
-2850.459
42.03244
-1295.523
1.0
Obj_RockBroken_A_02
0
-0.8200001
0
-2084.754
292.4178
-1558.366
1.0
FldObj_CliffYellowWall_A_01_Far
0.2810923
1.079549
0.3425915
-2939.376
349.7531
-1516.968
1.0
Enemy_Lizalfos_Middle
0
1.961591
0
-2971.077
316.7714
-1693.299
1.0
LinkTagOr
0
-2.720001
0
-2037.737
50.1875
-1624.704
1.0
FldObj_CliffYellowWall_A_04_Far.002
0
3.003186
0
-2169.409
320.0357
-1595.103
1.0
LinkTagOr
-0.4540135
0.1941673
-0.03386097
-2522.338
364.6983
-1736.733
1.0
LinkTagAnd
0
0
0
-2640.977
389.7949
-1760.992
1.0
WildHorseCreateTag03
0
0
0
-2151.475
326.797
-1454.051
1.0
LinkTagAnd
0.5676367
0.270813
-0.873912
-2381.528
212.7481
-1150.632
1.0
LinkTagOr
0
-2.561592
0
-2338.64
371.7435
-1726.427
1.0
Area
0
0
0
-2383.528
212.7482
-1150.632
3
LinkTagOr
0
0.6799999
0
-2359.081
373.9916
-1757.9
1.0
ShelterFromRainTag
0
0.2231972
0
-2831.077
327.1317
-1749.274
1.0
FldObj_CliffYellowWall_A_03
0
-2.58
0
-2978.41
383.4559
-1853.029
1.0
FldObj_CliffYellowWall_A_11_Far
0.5249255
-0.9377106
-0.1768809
-2764.783
72.55157
-1570.733
1.0
FldObj_CliffYellowWall_A_04.002
0
3.003186
0
-2169.409
320.0357
-1595.103
1.0
LinkTagNAnd
0
0
0
-2372.815
376.4438
-1761.248
1.0
FldObj_CliffYellowWall_A_03_Far.001
0
-2.299999
0
-2200.466
205.9333
-1599.598
1.0
FldObj_CliffYellowWall_A_04.003
-3.101593
-0.08159287
3.141593
-2167.629
204.0025
-1603.576
1.3
LinkTagOr
0
-2.583183
0
-2380.236
273.0269
-1392.764
1.0
FldObj_CliffYellowWall_A_01
-0.14
1.1
0
-2116.313
372.5284
-1926.189
1.0
LinkTagOr
0
0.4615932
0
-2825.806
195.6497
-1580.301
1.0
FldObj_CliffSnowWall_D_22_Far
-0.01811286
-0.679656
0.04882351
-2342.983
398.9703
-1931.274
1.0
Obj_LiftRockWhite_A_01
0
-0.8800024
0
-2036.946
48.6074
-1622.946
1.0
FldObj_CliffYellowWall_A_01.001
-0.2452866
0.1780818
0.1620392
-2286.863
314.9506
-1207.574
1.0
LinkTagAnd
0
-2.583183
0
-2380.236
272.0269
-1392.764
1.0
Enemy_Lizalfos_Middle
0
2.461592
0
-2962.172
303.0764
-1698.848
1.0
LinkTagOr
0
-2.663185
0
-2024.084
393.3369
-1302.2
1.0
DestinationAnchor
0
-0.1719797
0
-2380.51
264.9706
-1388.91
1.0
FldObj_WindmillWheel_A_02
0
-1.499999
0
-2808.863
314.7396
-1413.698
1.0
PosAfterDemoSkip
0
0.3516191
0
-2379.008
264.9706
-1389.461
1.0
LinkTagPulse
0
-0.3599997
0
-2206.551
254.203
-1767.115
0.25
LinkTagOr
0
-2.68
0
-2824.015
191.1497
-1581.192
1.0
LinkTagAnd
0
0
0
-2738.096
376.3266
-1974.597
1.0
LocationTag
0
0
0
-2448.871
294.4929
-1367.884
1.0
LinkTagOr
0
2.36
0
-2637.979
301.9544
-1246.703
1.0
FldObj_CliffYellowWall_A_03.001
2.434346
-0.832355
-3.104229
-2855.663
56.7877
-1373.481
1.0
LinkTagAnd
0
0
0
-2423.5
359.5
-1645.5
5
AnchorAction1
0
2.543185
0
-2613.576
442.4678
-1929.438
1.0
FldObj_CliffYellowWall_A_01_Far.001
3.121593
-1.561592
3.141593
-2815.195
261.1228
-1165.318
1.0
FldObj_CliffYellowWall_A_04.004
-1.068188
-0.1118328
-0.06061251
-2182.767
393.2247
-1978.883
1.0
DragonDropItemTarget
0
0
0
-2233
149.5298
-1608
1.0
FldObj_CliffYellowWall_A_08_Far
-0.24
0.74
0
-2416.972
193.8906
-1151.219
1.0
FldObj_CliffYellowWall_A_02_Far
0
2.723186
0
-2636.2
260.5488
-1376.095
1.0
Enemy_Lizalfos_Middle
0
2.761593
0
-2273.668
399.819
-1905.073
1.0
FldObj_CliffYellowWall_A_06
3.032069
0.4193534
3.096849
-2066.744
294.6606
-1568.993
1.0
LinkTagAnd
0
-0.7615926
0
-2516.487
64.46953
-1436.65
1.0
FldObj_CliffYellowWall_A_09_Far
-0.09999999
0.9799998
0
-2474.466
199.05
-1128.554
1.0
FldObj_CliffYellowWall_A_01_Far.002
0
2.743186
0
-2600.912
239.5133
-1372.751
1.0
AnchorAction9
0
0.5235988
0
-2431.1
291.7684
-1652.3
1.0
LinkTagOr
0
0.2400044
0
-2376.8
383.8545
-1790.904
1.0
FldObj_CliffYellowWall_A_02
3.021593
-0.2215928
3.121593
-2550.92
61.2576
-1442.611
1.0
DragonDropItemTarget
0
0
0
-2156.202
57.10585
-1700.849
1.0
Obj_TreeConiferous_A_Snow_03
0
1.816112
0
-2323.854
374.7808
-1786.841
1.0
LinkTagNAnd
0
0.34
0
-2371.138
379.2337
-1774.835
1.0
LocationTag
0
0
0
-2324
377
-1895
1.0
LinkTagOr
0
-2
0
-2792.565
399.9852
-1946.86
1.0
FldObj_CliffYellowWall_A_04.005
0
-2.36
0
-2218.863
146.9297
-1612.163
1.0
AirOcta_Tag
0
2.030796
0
-2736.6
377.7
-1967.8
1.0
FldObj_CliffYellowWall_A_03.002
0
-2.6
0
-2843.899
258.6997
-1043.324
1.0
FldObj_KorokStone_A_01
0
-0.9600009
0
-2220.109
151.9695
-1623.746
1.0
FldObj_CliffYellowWall_A_02.001
-0.3270917
0.742753
-0.3822737
-2959.474
14.84617
-1165.34
1.0
LinkTagOr
0
-2.663185
0
-2023.108
393.3369
-1302.706
1.0
LinkTagAnd
0
-2.9
0
-2624.53
443.9344
-1938.964
1.0
Obj_RockSetYellow_A_L_01_Far
-0.09760521
0.02178833
0.2189358
-2740.467
329.9663
-1667.475
1.0
FldObj_ChainEyeBolt_A_01
0
1.570796
1.401595
-2360.424
384.1819
-1871.066
1.0
LinkTagAnd
0
0
0
-2356.595
386.0072
-1871.801
1.0
Npc_HighMountain011
0
0.5235989
0
-2407.9
292.1638
-1650.3
1.0
LinkTagAnd
0
0.7400001
0
-2372.294
298.3663
-1441.073
5
FldObj_CliffYellowWall_A_03.003
-3.015046
-0.7417294
3.084867
-2404.208
53.4312
-1478.774
1.0
FldObj_CliffYellowCurve_A_01
3.067411
-0.4956599
-2.960063
-2948.853
329.1797
-1634.248
1.2
FldObj_CliffSnowWall_D_02
0.1468532
0.6252393
0.2475422
-2248.708
373.0307
-1954.473
1.0
Enemy_AirOctarock
0
1.245398
0
-2730.92
376.3265
-1964.776
1.0
DragonDropItemTarget
0
0
0
-2392.068
61.4022
-1536.693
1.0
FldObj_CliffYellowWall_A_09_Far.001
0.7960366
0.6700057
0.1792568
-2857.017
96.06484
-1632.958
1.0
FldObj_CliffYellowWall_A_03.004
-2.758835
-0.9709576
2.669686
-2206.425
286.6233
-1585.509
1.0
FldObj_CliffYellowWall_A_01_Far.003
3.140306
-0.9616214
3.06265
-2852.121
126.5305
-1082.009
0.85
LinkTagNone
0
0
0
-2486.086
285.2
-1639.375
1.0
FldObj_CliffYellowWall_A_02.002
0
2.723186
0
-2636.2
260.5488
-1376.095
1.0
FldObj_CliffSnowWall_D_07_Far
-0.1448024
0.2573981
-0.03710444
-2320.92
383.5332
-2079.033
1.0
LinkTagAnd
0.09821546
0.4515443
0.1191915
-2218.465
323.6183
-1564.585
1.0
Obj_RockSetYellow_A_L_01.001
-0.1945959
0.3039045
0.2528015
-2160.205
228.654
-1786.402
1.2
SwitchTimeLag
0
-2.9
0
-2618.984
463.933
-1932.612
1.0
FldObj_CliffYellowWall_A_05_Far
0
0
0
-2733.693
405.9883
-1773.739
1.0
FldObj_CliffYellowTunnel_A_01
1.783847
1.37844
2.354748
-2602.238
268.8775
-1255.221
1.0
LinkTagAnd
0
0
0
-2338.221
370.5209
-1728.201
1.0
LinkTagAnd
0
0
0
-2380.681
264.9708
-1387.925
1.0
SwitchTimeLag
0
2.820001
0
-2476.095
304.9894
-1647.648
1.0
FldObj_CliffYellowWall_A_02_Far.001
-3.041593
-1.101593
3.141593
-2227.257
320.5878
-1540.936
1.0
LinkTagAnd
0
0
0
-2324
377
-1895
1.0
Npc_HiddenKorokGround
0
0.2018367
0
-2523.397
364.8272
-1736.947
1.0
KorokAnswerResponce
0
0
0
-2212.148
148.5218
-1613.138
1.0
FldObj_CliffYellowWall_A_04_Far.003
-0.2220599
-1.396223
0.2391558
-2862.196
57.6076
-1331.285
1.0
FldObj_CliffYellowWall_A_03_Far.002
3.046288
-1.28613
3.102289
-2252.153
286.5412
-1498.715
1.0
PlayerOnScaffoldCheckTag
0
-2.9
0
-2616.618
450.9428
-1947.188
1.0
Npc_HiddenKorokGround
0
-2.720001
0
-2036.946
48.7074
-1622.946
1.0
SwitchTimeLag
0
0
0
-2660.5
300.4
-1060.9
1.0
Area
-0.1092795
-0.4054345
-0.0763735
-2012.493
128.0723
-1921.79
3
LinkTagAnd
0
0
0
-2772.791
147.1453
-1472.591
1.0
FldObj_CliffYellowRock_A_01
2.961593
-0.6615926
3.141593
-2756.112
238.2196
-1385.701
1.0
DragonDropItemTarget
0
0
0
-2025.267
48.6533
-1729.394
1.0
KorokAnswerResponce
0
0
0
-2356.095
384.2494
-1871.801
1.0
LinkTagAnd
0
0
0
-2520.218
65.96881
-1432.006
1.0
LinkTagAnd
-0.4540135
0.1941673
-0.03386096
-2524.023
367.0965
-1737.926
1.0
FldObj_CliffYellowWall_A_03_Far.003
0
-2.403186
0
-2939.888
373.3723
-2079.335
1.0
Obj_Plant_Korok_A_01.001
0
-2.801593
0
-2370.253
376.2337
-1778.33
1.0
FldObj_CliffYellowWall_A_02.003
0
-2.88
0
-2360.198
261.4081
-1434.073
1.0
FldObj_CliffYellowWall_A_02_Far.002
3.021593
-0.2215928
3.121593
-2550.92
61.2576
-1442.611
1.0
LinkTagAnd
2.968651
-0.6692268
-1.91273
-2085.408
293.9881
-1557.345
1.0
FldObj_CliffYellowWall_A_04.006
0
-0.18
0
-3025.122
30.73507
-1135.031
1.0
FireWoodDie
0
2.543185
0
-2613.576
442.4678
-1929.438
1.0
LinkTagAnd
0
0
0
-2324
377
-1895
1.0
Npc_HiddenKorokFly
0
0.4000001
0
-2972.812
377.3
-1878.102
1.0
FldObj_CliffYellowWall_A_04_Far.004
0.3878009
0.4501516
-0.2521789
-2067.27
82.62673
-1780.628
1.2
ActorObserverTag
0
-0.9600009
0
-2220.17
153.9695
-1623.398
1.0
AnchorAction3
0
0.5235988
0
-2691.27
414.3129
-776.0586
1.0
FldObj_CliffYellowWall_A_09_Far.002
0
0.4
0
-2254.922
249.8494
-1766.944
1.0
LinkTagAnd
0
2.36
0
-2635.929
303.0481
-1246.639
1.0
FldObj_CliffSnowWall_D_03_Far
0.129175
-0.6394613
-0.3781653
-2549.484
303.8666
-1802.476
1.0
FldObj_CliffYellowWall_A_04.007
0
-1.8
0
-2817.324
243.4438
-1061.573
1.2
ActorObserverTag
0
0
0
-2520.313
63.97902
-1431.959
1.0
LinkTagAnd
0
0
0
-2220.109
155.9695
-1623.746
1.0
FldObj_CliffYellowWall_A_02.004
0.07324249
-0.2717038
-0.228181
-2590.715
60.55597
-1520.152
1.0
FldObj_CliffYellowWall_A_04_Far.005
-3.005103
0.5806874
-2.832208
-3046.58
324.0206
-1684.96
1.0
Npc_HiddenKorokFly
0
2.36
0
-2636.284
300.5481
-1246.991
1.0
LinkTagAnd
0
-1.879998
0
-2660.2
300.8
-1062.4
3
LinkTagOr
-1.570796
0
0
-2214.148
152.5843
-1613.138
1.0
LinkTagAnd
0
0.4000001
0
-2973.272
379.8
-1877.907
1.0
FldObj_CliffYellowWall_A_02.005
-0.32
0.9
0
-2459.614
284.8384
-1163.975
1.0
FldObj_CliffYellowWall_A_07
-0.1211362
0.8568051
-0.08055451
-2067.237
135.4712
-1822.733
1.0
Obj_LiftRockWhite_Korok_A_01
0
0
0
-2520.313
61.77902
-1431.959
1.0
FldObj_CliffYellowWall_A_02_Far.003
-0.1891203
0.6152024
-0.3202421
-2109.34
40.80381
-1733
1.0
BoarMeat_Frame
0
2.761593
0
-2270.5
401.5032
-1913
1.0
LinkTagAnd
0
0
0
-2359.081
372.1916
-1757.9
1.0
FldObj_CliffYellowWall_A_07.001
-0.05321085
0.3847287
0.06555985
-2338.097
367.6278
-1727.651
1.0
FldObj_CliffYellowWall_A_01.002
0
-1.82
0
-2278.796
272.5585
-1446.417
1.0
FldObj_CliffSnowLargeWall_D_03_Far
-0.18
0
0
-2627.391
383.3592
-1762.721
1.0
LinkTagAnd
0
0.7400001
0
-2386.35
308.4586
-1381.809
5
FldObj_CliffYellowCurve_A_01.001
-3.087094
0.9436535
-2.88086
-3015.202
312.2383
-1646.398
1.2
Npc_HiddenKorokGround
0
0
0
-2383.528
211.8481
-1150.632
1.0
Area
0
0.5800001
0
-2338.221
370.5209
-1728.201
2
Npc_HiddenKorokFly
0
-0.7615926
0
-2516.125
61.96953
-1436.305
1.0
Npc_HiddenKorokGround
0
-0.4015909
0
-2012.6
127.1831
-1921.7
1.0
FldObj_CliffYellowWall_A_03.005
0
1.62
0
-2937.685
374.7942
-2018.46
1.0
FldObj_CliffYellowWall_A_04_Far.006
-2.787797
0.6473987
-2.92242
-2852.833
400.5455
-1921.196
1.0
LinkTagAnd
0
0.2400044
0
-2376.087
383.8545
-1787.99
1.0
Obj_RockYellow_A_L_04.001
0.18
0
0
-2880.75
290.9207
-1647.677
1.0
LinkTagAnd
0
0
0
-2370.253
377.4337
-1778.33
1.0
Area
0
0.34
0
-2370.253
377.4337
-1778.33
2
FldObj_CliffYellowWall_A_01_Far.004
-0.14
0.5599999
0
-2400.426
293.233
-1635.721
1.0
LinkTagPulse
3.046687
-0.3735012
-3.030651
-2218.822
321.9796
-1564.58
0.25
FldObj_CliffYellowWall_A_04.008
-3.10189
-0.1013884
3.131259
-2557.84
257.6368
-1331.873
1.2
LinkTagAnd
0
0
0
-2736.7
375.1
-1967.4
1.0
FldObj_CliffYellowWall_A_06_Far.002
-0.06561376
0.3178477
0.0028632
-2228.74
254.3905
-1726.414
1.0
LinkTagOr
0.09821546
0.4515443
0.1191915
-2217.572
323.7253
-1565.022
1.0
LinkTagAnd
0
0
0
-2832.471
86.71906
-1578.044
1.0
FldObj_CliffYellowWall_A_11
0
-1.88
0
-2795.245
203.053
-1328.561
1.0
LinkTagNOr
0
-2.9
0
-2614.092
443.9458
-1947.53
1.0
Obj_RockYellow_A_L_04_Far.001
0.18
0
0
-2880.75
290.9207
-1647.677
1.0
FldObj_CliffYellowRock_A_01_Far
0
2.659999
0
-2921.808
349.5911
-2082.218
1.0
FldObj_CliffYellowWall_A_04_Far.007
0
-1.8
0
-2817.324
243.4438
-1061.573
1.2
DgnObj_EntranceTerminalSP
0
2.969613
0
-2380.681
264.9708
-1387.925
1.0
Npc_HiddenKorokFly
0
-2.663185
0
-2022.654
390.9383
-1300.632
1.0
EventTag
0
2.969613
0
-2380.681
264.9706
-1387.925
1.0
FldObj_CliffYellowWall_A_03_Far.004
0
-2.3
0
-2938.996
383.4559
-1882.263
1.0
FldObj_CliffYellowWall_A_01_Far.005
0
-2.64
0
-2431.033
239.5133
-1420.755
1.0
FldObj_CliffGrayParts_A_07_Far
2.670756
-1.206906
2.638342
-2699.196
303.5618
-1019.512
1.0
FldObj_CliffYellowWall_A_06_Far.003
3.032069
0.4193534
3.096849
-2066.744
294.6606
-1568.993
1.0
LinkTagAnd
0
0
0
-2427.5
368
-1643.5
5
LinkTagOr
0
0
0
-2375.8
383.8545
-1790.904
1.0
FldObj_CliffYellowWall_A_02.006
-3.041593
-1.101593
3.141593
-2227.257
320.5878
-1540.936
1.0
FldObj_CliffYellowWall_A_01_Far.006
-0.06639341
-0.4410571
0.01714566
-2675.524
305.1894
-1605.466
1.0
LinkTagOr
0
-1.261591
0
-2215.031
154.0401
-1617.409
1.0
FldObj_CliffYellowWall_A_09
0
0.4
0
-2254.922
249.8494
-1766.944
1.0
Area
0
-0.6000001
0
-2912.212
380.7901
-1637.635
6
LinkTagAnd
0
0
0
-2657.9
302
-1076.4
3
FldObj_CliffSnowLargeWall_D_03
-0.3556525
-0.8389513
0.02281458
-2717.201
436.6133
-1867.405
1.0
LinkTagNone
0
0
0
-2267.399
400.0883
-1906.616
1.0
FldObj_CliffSnowWall_D_22
-0.01811286
-0.679656
0.04882351
-2342.983
398.8922
-1931.274
1.0
FldObj_CliffYellowWall_A_01.003
-0.06639341
-0.4410571
0.01714566
-2675.524
305.1894
-1605.466
1.0
Obj_RockSetYellow_A_L_01_Far.001
-0.1945959
0.3039045
0.2528015
-2160.205
228.654
-1786.402
1.2
SignalFlowchart
0
-2.583183
0
-2381.401
271.0269
-1395.573
1.0
LinkTagOr
0
-2.68
0
-2774.074
146.7027
-1475.412
1.0
LinkTagNAnd
0
-2.9
0
-2619.129
443.9654
-1939.808
1.0
DgnObj_DungeonEntrance_A_01_Far
0
0.4199999
0
-2832.471
78.875
-1578.044
1.0
FldObj_CliffYellowWall_A_03.006
0
-2.403186
0
-2939.888
373.3723
-2079.335
1.0
LinkTagOr
0
1.201597
0
-2207.307
255.803
-1767.934
1.0
SpotBgmTag
0
0
0
-2377
265
-1383
40
Area
0
0.2342001
0
-2835.897
327.1317
-1748.253
50
LookTag
0
0.4199999
0
-2828.19
78.875
-1568.457
1.0
FldObj_CliffYellowWall_A_01.004
3.121593
-1.561592
3.141593
-2815.195
261.1228
-1165.318
1.0
DgnObj_WarpPoint_A_01
0
0.4199999
0
-2828.722
79.838
-1569.648
1.0
ConstraintDummy
-0.4540135
0.1941673
-0.03386097
-2521.303
363.764
-1736.496
0.5
SwitchTimeLag
-1.570796
0.34
0
-2369.586
379.2337
-1776.445
0.5
FldObj_CliffYellowWall_A_02.007
0
-2.5
0
-2476.79
261.0566
-1377.272
1.0
Area
0
-2.463185
0
-2985.322
310.2783
-1689.964
2
FldObj_CliffYellowWall_A_04_Far.008
0
-1.600001
0
-2834.453
205.8694
-1333.619
1.3
FldObj_CliffYellowWall_A_03_Far.005
-2.961592
-0.8415931
-3.141592
-2211.833
242.0974
-1583.02
1.0
FldObj_CliffYellowWall_A_02_Far.004
-0.32
0.9
0
-2459.614
284.8384
-1163.975
1.0
FldObj_CliffSnowWall_D_07
-0.1448024
0.2573981
-0.03710444
-2320.92
383.5332
-2079.033
1.0
FldObj_CliffYellowWall_A_04_Far.009
-0.3199998
1.24
1.854411E-17
-2513.789
284.602
-1096.232
1.0
Area
0
-0.9600009
0
-2220.183
152.8195
-1623.328
0.1
FldObj_CliffSnowWall_D_18
0.008450041
-0.1397464
-0.06059139
-2731.567
431.2745
-1901.146
1.0
FldObj_CliffYellowWall_A_02_Far.005
0
-1.82
0
-2811.078
260.6347
-1119.48
1.0
ConstraintDummy
0
2.36
0
-2638.688
300.9544
-1247.407
0.5
LinkTagAnd
0
0
0
-2356.595
384.0072
-1871.801
1.0
FldObj_CliffYellowWall_A_04.009
-0.2783989
0.2743448
0.1916244
-2116.165
410.1779
-2017.68
1.0
LinkTagAnd
3.022518
1.217488
3.013227
-2975.497
410.8168
-1783.672
1.0
Area
0
0
0
-2520.313
62.37902
-1431.959
1.0
LinkTagAnd
0
0
0
-2476.095
304.9894
-1647.648
1.0
Enemy_Lizalfos_Middle
0
-2.736194
0
-2267.399
400.0883
-1906.616
1.0
FldObj_CliffYellowWall_A_04_Far.010
0
-0.82
0
-2230.77
318.9982
-1456.736
1.0
LinkTagAnd
0
0
0
-2647.42
382.0294
-1082.835
1.0
FldObj_CliffGrayParts_A_07
1.752719
-1.289028
-2.836194
-2685.472
275.4888
-1147.376
1.0
Area
0
0.4000001
0
-2971.254
369.7237
-1874.418
1.0
FldObj_CliffGrayParts_A_07.001
2.670756
-1.206906
2.638342
-2699.196
303.5618
-1019.512
1.0
FldObj_WindmillWheel_A_01
0
0.08477882
0
-2834.755
347.9019
-1594.896
1.0
DragonDropItemTarget
0
0
0
-2107.256
137.6446
-1789.279
1.0
Area
0.3435989
0
1.570796
-2486.086
285.2
-1639.375
1.0
FldObj_CliffYellowWall_A_03.007
3.001593
0.8815914
-3.141592
-2937.142
373.7806
-1993.807
1.0
Enemy_Lizalfos_Middle
0
-2.754602
0
-2611.22
442.4585
-1923.938
1.0
LinkTagAnd
0
0
0
-2448.871
294.4929
-1367.884
1.0
Obj_LiftRockWhite_A_01.001
3.061592
1.401592
3.141592
-2383.528
211.7481
-1150.632
1.0
FldObj_CliffYellowWall_A_02_Far.006
2.678927
-0.6994939
-2.868727
-2370.51
286.2212
-1310.844
1.0
FldObj_CliffYellowWall_A_04.010
-3.086636
-0.8004117
3.122498
-2799.722
89.06378
-1405.232
1.0
LinkTagNone
0
0
0
-2621.657
448.9828
-1946.743
1.0
Area
0
0.4199999
0
-2832.471
86.71906
-1578.044
25
FldObj_CliffSnowWall_D_22_Far.001
-0.01811286
-0.679656
0.04882351
-2342.983
398.9703
-1931.274
1.0
FldObj_CliffYellowPillar_A_01
0.5039611
-0.9826963
-0.3617514
-2755.851
388.9375
-1879.348
1.0
LinkTagAnd
0
0.4199999
0
-2833.025
92.375
-1575.606
0.6
FldObj_CliffYellowWall_A_11_Far.001
0
-1.88
0
-2795.245
203.053
-1328.561
1.0
FldObj_CliffYellowWall_A_02.008
0
2.5
0
-2088.53
321.9504
-1552.369
1.0
DragonDropItemTarget
0
0
0
-2068.118
137.152
-1824.272
1.0
FldObj_CliffYellowWall_A_11_Far.002
-0.4094381
0.3220075
-0.2706987
-2140.05
352.5522
-1979.215
1.0
AnchorAction10
0
1.308997
0
-2380.8
297.2712
-1647.8
1.0
LinkTagAnd
-2.944012
-0.5203276
-2.122561
-2038.771
49.6074
-1622.127
1.0
FldObj_CliffYellowWall_A_05
0
0
0
-2733.693
405.9883
-1773.739
1.0
Area
0
-2.720001
0
-2036.946
49.6075
-1622.946
3
FldObj_KorokGoal_A_01
0
-2.68
0
-2826.254
191.1497
-1580.078
1.0
FldObj_CliffYellowTunnel_A_01_Far
2.117151
0.08922243
2.483707
-2726.737
248.6822
-1287.815
1.0
Enemy_Lizalfos_Guard_Junior_LongVisibility
0
-1.050796
0
-2736.7
375.1
-1967.4
1.0
FldObj_CliffYellowWall_A_03_Far.006
0
-2.6
0
-2843.899
258.6997
-1043.324
1.0
Area
0
-2
0
-2792.794
393.9696
-1946.36
6
FldObj_CliffYellowWall_A_11.001
0.6194033
0.09927847
-0.01201071
-2853.089
141.3298
-1630.056
1.0
FireWood
0
2.761593
0
-2270.5
401.5032
-1913
1.0
ActorObserverTag
0
-0.9600009
0
-2220.047
153.9695
-1624.094
1.0
Area
3.036901
-0.4576713
-3.05812
-2772.791
147.1453
-1472.591
0.7
Area
0
-2.643185
0
-2947.047
307.3495
-1709.697
2
SwitchTimeLag
-1.570796
0
0
-2370.815
376.4438
-1762.248
0.5
FldObj_CliffYellowWall_A_07.002
-0.07999999
0.14
0
-2576.341
359.5679
-1652.474
1.0
FldObj_CliffYellowWall_A_11.002
0.5249255
-0.9377106
-0.1768809
-2764.783
72.55157
-1570.733
1.0
MoveTriggerTag
2.345335
0.1770995
-3.057305
-2673.904
324.7229
-1028.652
1.0
DragonDropItemTarget
0
0
0
-2093.187
46.34142
-1669.873
1.0
LinkTagAnd
0
0
0
-2448.871
294.4929
-1367.884
5
FldObj_CliffYellowWall_A_03.008
2.903154
1.010741
-3.08902
-2821.235
406.3579
-1892.571
0.8
FldObj_CliffYellowRock_A_01_Far.001
0.4815769
0.3599561
0.2275558
-2712.258
92.91502
-1550.452
1.0
FldObj_CliffYellowWall_A_09.001
-2.650189
-0.3349282
3.043922
-2963.377
366.2681
-1825.464
0.7
FldObj_WindmillWheel_A_02.001
0
0.08477882
0
-2834.755
320.7219
-1594.896
1.0
FldObj_CliffYellowWall_A_03_Far.007
0
1.62
0
-2937.685
374.7942
-2018.46
1.0
Obj_RockYellow_A_L_04.002
-3.113189
-0.3759022
-2.814621
-2738.28
102.927
-1530.013
1.0
LinkTagAnd
0
0.6799999
0
-2357.195
373.9916
-1755.568
1.0
Area
-0.32
0
1.570796
-2664.851
308.0236
-1047.662
1.0
FldObj_CliffSnowLargeWall_D_03.001
-0.18
0
0
-2627.391
383.3592
-1762.721
1.0
FldObj_CliffYellowWall_A_01_Far.007
0
-1.82
0
-2278.796
272.5585
-1446.417
1.0
FldObj_CliffYellowWall_A_04.011
-2.787797
0.6473987
-2.92242
-2852.833
400.5455
-1921.196
1.0
FldObj_CliffYellowWall_A_03_Far.008
3.141593
-0.02159291
-2.661592
-2750.875
417.7378
-1872.666
1.0
Area
0
0
0
-2370.815
374.6438
-1764.248
2
KorokAnswerResponce
0
0
0
-2522.718
64.96881
-1432.006
1.0
FldObj_CliffYellowWall_A_04.012
-0.2411862
-1.074373
0.4471823
-3094.67
340.2682
-1595.163
1.0
DragonDropItemTarget
0
0
0
-2841.114
198.4795
-1627.377
1.0
ConstraintDummy
0
0
-1.739998
-2360.124
384.1306
-1871.066
0.09999999
FldObj_CliffYellowWall_A_09_Far.003
0
-0.7000002
0
-2932.99
-49.39212
-1067.234
1.0
EventTag
0
0.2415926
0
-2611.614
463.9271
-1942.876
1.0
FldObj_CliffYellowWall_A_04_Far.011
-3.10189
-0.1013884
3.131259
-2557.84
257.6368
-1331.873
1.2
Enemy_Lizalfos_Middle
0
-1.06
0
-2951.105
312.6807
-1690.791
1.0
ActorObserverTag
0
0
0
-2356.595
384.0072
-1871.801
2
LinkTagOr
0
0
0
-2383.528
211.0139
-1147.39
1.0
LinkTagAnd
0
0
0
-2736.6
377.7
-1967.8
1.0
Obj_TreeConiferous_A_Snow_03.001
0
0
0
-2356.723
381.8786
-1863.556
1.0
Enemy_Chuchu_Senior
0
2.9
0
-2674.238
324.4097
-1027.926
1.0
FldObj_CliffYellowWall_A_04_Far.012
0
-2.62
0
-2810.839
222.2414
-1405.67
1.0
FldObj_CliffSnowWall_D_07.001
0
0
0
-2422.56
324.7894
-1858.634
1.0
FldObj_CliffYellowWall_A_06.001
-0.1101153
0.1107981
0.1278751
-2831.996
327.5004
-1668.434
1.0
FldObj_CliffYellowWall_A_04.013
-3.051505
0.8419768
-3.114383
-2081.866
44.91974
-1660.19
1.0
LinkTagNAnd
0
-2.789973
0
-2378.325
277.3365
-1384.037
1.0
DgnObj_DLC_ChampionsDungeonEntrance_A_01
0
-2.789973
0
-2376.737
263.9706
-1382.981
1.0
LinkTagAnd
0
2.820001
0
-2658.199
312.3965
-1604.25
1.0
FldObj_CliffYellowWall_A_07_Far
-0.07999999
0.14
0
-2576.341
359.5679
-1652.474
1.0
LocationTag
0
0
0
-2832.471
86.71906
-1578.044
1.0
DragonDropItemTarget
0
0
0
-2563.888
63.15893
-1436.959
1.0
WallCrack
-0.1416642
0.4566933
-0.01714784
-2261.614
320.3254
-1744.897
1.0
FldObj_CliffYellowWall_A_02_Far.007
0.07324249
-0.2717038
-0.228181
-2590.715
60.55597
-1520.152
1.0
Enemy_Lizalfos_Senior
0
1.361593
0
-2967.501
316.7485
-1698.055
1.0
LinkTagOr
0
-2.583183
0
-2382.196
271.0269
-1396.846
1.0
Enemy_Lizalfos_Middle
0
-0.5984074
0
-2610.196
442.449
-1934.395
1.0
LinkTagAnd
-1.927853
0.1624264
-2.383864
-2013.927
128.2045
-1923.182
1.0
FldObj_CliffSnowWall_D_18.001
0
1.38
0
-2792.289
378.2385
-1947.038
0.8
DragonDropItemTarget
0
0
0
-2676.058
106.7984
-1529.36
1.0
WallCrack
-0.1747516
1.241797
0.1479377
-2207.67
252.5944
-1767.574
1.0
Obj_LiftRockWhite_A_01.002
-3.002514
0.7627628
3.118389
-2012.6
127.1831
-1921.7
1.0
FldObj_CliffYellowRock_A_01.001
0.4815769
0.3599561
0.2275558
-2712.258
92.91502
-1550.452
1.0
BoarMeat
0
2.761593
0
-2270.5
401.5032
-1913
1.0
LinkTagNone
0
0
0
-2611.22
442.4585
-1923.938
1.0
ActorObserverTag
0
0
0
-2519.313
63.97902
-1431.959
1.0
FldObj_CliffYellowTunnel_A_01.001
2.117151
0.08922243
2.483707
-2726.737
248.6822
-1287.815
1.0
LinkTagAnd
0
0
0
-2730.92
376.3265
-1964.776
1.0
Area
0
1.201597
0
-2207.487
254.2031
-1767.467
3
FldObj_CliffYellowCurve_A_01_Far.001
3.067411
-0.4956599
-2.960063
-2948.853
329.1797
-1634.248
1.2
LinkTagAnd
0.1324233
-0.0959054
1.25295
-2381.063
268.7925
-1384.604
1.0
DragonDropItemTarget
0
0
0
-2445.577
58.95919
-1517.497
1.0
FldObj_CliffYellowWall_A_03_Far.009
2.434346
-0.832355
-3.104229
-2855.663
56.7877
-1373.481
1.0
LinkTagAnd
0.8413233
0.03251209
-0.8320119
-2205.615
254.203
-1766.763
1.0
FldObj_CliffYellowWall_A_04_Far.013
0
-2.62
0
-2803.406
222.2414
-1387.315
1.0
FldObj_CliffYellowWall_A_04_Far.014
-1.53394
-1.456709
1.767879
-3060.9
321.9581
-1673.435
1.0
LinkTagNAnd
0
0.2400044
0
-2378.029
383.8545
-1787.515
1.0
EventTag
0
-2.583183
0
-2382.991
271.0269
-1398.118
1.0
FldObj_CliffYellowWall_A_04.014
0.3878009
0.4501516
-0.2521789
-2067.27
82.62673
-1780.628
1.2
FldObj_CliffYellowTunnel_A_01.002
2.64477
-1.202153
-3.096021
-2507.888
255.1415
-1132.407
1.0
FldObj_CliffYellowWall_A_04_Far.015
0
-2.039999
0
-2902.513
398.0612
-1914.767
1.0
LinkTagOr
0
0.34
0
-2370.253
379.2337
-1778.33
1.0
Enemy_Lizalfos_Guard_Junior
0
-2.643185
0
-2947.047
305.4371
-1709.697
1.0
LinkTagAnd
0
0
0
-2435.4
293.5
-1651.2
1.0
LinkTagAnd
0
0
0
-2660.5
300.4
-1060.9
1.0
FldObj_CliffYellowRock_A_01.002
0
2.659999
0
-2921.808
349.5911
-2082.218
1.0
FldObj_CliffYellowWall_A_01.005
-0.14
0.5599999
0
-2400.426
293.233
-1635.721
1.0
FldObj_CliffYellowWall_A_02.009
-0.1891203
0.6152024
-0.3202421
-2109.34
40.80381
-1733
1.0
FldObj_CliffYellowCurve_A_01_Far.002
-3.133043
0.578249
-3.097565
-2801.99
370.5004
-1898.027
1.0
FldObj_CliffYellowWall_A_04_Far.016
-3.051505
0.8419768
-3.114383
-2081.866
44.91974
-1660.19
1.0
DestinationAnchor
0
3.037994
0
-2828.302
79.875
-1572.386
1.0
MoveTriggerTag
0.6161771
-0.9903299
-0.2937492
-2727.779
412.7245
-1769.521
1.0
FldObj_CliffYellowWall_A_04_Far.017
-3.101593
-0.08159287
3.141593
-2167.629
204.0025
-1603.576
1.3
Area
0
-2.9
0
-2621.472
450.9428
-1945.992
2
LinkTagPulse
0
0
0
-2382.528
212.7481
-1150.632
0.25
LinkTagOr
0
-0.6400002
0
-2081.572
292.9881
-1561.934
1.0
FldObj_CliffYellowWall_A_09.002
0
-0.7000002
0
-2932.99
-49.39212
-1067.234
1.0
FldObj_CliffYellowWall_A_03_Far.010
2.688718
0.01061075
3.086466
-2559.02
65.06401
-1411.016
1.0
FldObj_ScaffoldWood_B_01_Far
0
-0.5599999
0
-2961.152
303.0764
-1691.903
1.0
FldObj_FallingRock_A_02
0.06175948
-0.004102706
0.132624
-2731.466
409.3402
-1769.313
0.8
FldObj_CliffYellowWall_A_01_Far.008
-0.14
1.1
0
-2116.313
372.5284
-1926.189
1.0
FldObj_CliffYellowWall_A_01.006
3.140306
-0.9616214
3.06265
-2852.121
126.5305
-1082.009
0.85
Npc_HiddenKorokGround
0
-1.261591
0
-2210.599
152.8292
-1621.4
1.0
Area
0
-2.789973
0
-2376.737
263.9706
-1382.981
40
Obj_LiftRockWhite_A_01.003
0
0
0
-2546.986
66.51299
-1401.927
1.0
FldObj_CliffYellowWall_A_09_Far.004
-2.650189
-0.3349282
3.043922
-2963.377
366.2681
-1825.464
0.7
FldObj_CliffYellowCurve_A_01.002
3.070873
-0.3959216
-2.968083
-2948.738
303.3086
-1642.669
1.2
DragonDropItemTarget
0
0
0
-2374.845
51.51118
-1522.316
1.0
FldObj_PushRock_A_M_01
0
0.7
0
-2673.581
325.1685
-1029.703
1.0
FldObj_CliffYellowWall_A_04.015
1.265878
1.117296
0.9892102
-2856.435
116.1833
-1529.321
1.0
FldObj_CliffYellowWall_A_04_Far.018
1.265878
1.117296
0.9892102
-2856.435
116.1833
-1529.321
1.0
Obj_RockYellow_A_L_04.003
0
0
0
-2841.528
91.40233
-1281.109
1.0
FldObj_CliffYellowWall_A_04.016
-2.958298
0.8967591
-2.763577
-3079.449
343.2633
-1607.83
1.0
FldObj_CliffSnowWall_D_10
0.937938
-0.6485202
-0.01202077
-2573.875
433.3282
-1912.385
1.0
Enemy_Lizalfos_Middle
0
-2.121592
0
-2958.951
312.6691
-1685.7
1.0
WildHorseCreateTag01
0
0
0
-2503.431
267.703
-1280.812
1.0
ShelterFromRainTag
0
0.2342001
0
-2835.897
327.1317
-1748.253
1.0
FldObj_CliffYellowWall_A_06_Far.004
0
-1.38
0
-2875.402
89.41353
-1213.151
1.0
FldObj_CliffGrayParts_A_07_Far.001
1.752719
-1.289028
-2.836194
-2685.472
275.4888
-1147.376
1.0
LinkTagAnd
0
0
0
-2384.028
214.3481
-1150.631
1.0
WallCrack
2.69842
-0.4640853
-2.996566
-2037.027
48.00996
-1623.001
1.0
FldObj_CliffYellowWall_A_11_Far.003
-0.4532234
-0.5326308
-0.1119739
-2748.352
101.8306
-1569.256
1.0
SwitchTimeLag
-1.570796
-0.9600009
0
-2220.109
155.9695
-1623.746
0.5
FldObj_CliffYellowTunnel_A_01_Far.001
-1.053464
0.6954403
0.06570479
-2333.732
265.1284
-1317.984
1.0
SignalFireWood
0.08993254
0.0007448597
-0.01655331
-2435.201
291.7375
-1649.306
1.0
FldObj_CliffYellowWall_A_02.010
2.504241
-0.6910575
-2.869627
-2266.612
307.1766
-1391.437
1.0
Obj_RockSetYellow_A_L_01_Far.002
0
0
0.14
-2856.221
83.25385
-1577.478
1.0
Obj_KorokIronRock_A_01
0
0
-1.739998
-2366.906
385.2891
-1871.066
1.0
Obj_RockSetYellow_A_L_01.002
0
0
0
-2070.461
294.5018
-1971.497
1.2
DragonDropItemTarget
0
0
0
-2503.69
61.18663
-1434.98
1.0
TBox_Field_Stone
-0.06338277
0.458097
-0.06693405
-2261.724
320.7408
-1744.711
1.0
FldObj_Windmill_A_02_Far
0
0.08477882
0
-2834.755
191.8019
-1594.896
1.0
Obj_Plant_Korok_A_01.002
0
-2.901588
0
-2376.8
380.8545
-1790.904
1.0
Area
0
0
0
-2639.945
390.4043
-1752.492
6
FldObj_CliffYellowWall_A_06.002
0
-1.38
0
-2875.402
89.41353
-1213.151
1.0
Obj_Plant_Korok_A_01.003
0
-2.561593
0
-2338.221
369.3209
-1728.201
1.0
LinkTagOr
0
-0.7615926
0
-2515.763
64.46953
-1435.96
1.0
FldObj_Windmill_A_01_Far
0
-1.36
0
-2808.863
225.9836
-1413.698
1.0
FldObj_CliffYellowWall_A_04.017
0
-0.82
0
-2230.77
318.9982
-1456.736
1.0
FldObj_CliffYellowRock_A_01.003
0.8334652
1.294964
0.5918284
-2924.173
351.3235
-2081.634
1.0
Enemy_Lizalfos_Middle
0
0.4231853
0
-2616.228
442.3353
-1935.357
1.0
FldObj_CliffYellowWall_A_01.007
0
2.743186
0
-2600.912
239.5133
-1372.751
1.0
LinkTagNAnd
0
0
0
-2434.4
294.5
-1651.7
1.0
WallCrack
-0.08941043
0.2191492
-0.01948725
-2476.176
298.8842
-1656.874
1.0
LinkTagAnd
0
0
0
-2638
282.3359
-1175
1.0
Obj_KorokPot_A_01
0
2.36
0
-2637.269
300.9544
-1245.999
1.0
FldObj_CliffYellowWall_A_02.011
3.141593
-1.101593
3.041593
-2323.762
52.61031
-1530.112
1.0
DragonDropItemTarget
0
0
0
-2336.047
242.7356
-1464.748
1.0
FldObj_CliffSnowWall_D_22.001
-0.01811286
-0.679656
0.04882351
-2342.983
398.9703
-1931.274
1.0
LinkTagNone
0
0
0
-2381.401
271.0269
-1395.573
1.0
FldObj_CliffSnowLargeWall_D_03_Far.001
-0.3556525
-0.8389513
0.02281458
-2717.201
436.6133
-1867.405
1.0
Npc_HiddenKorokFly
0
-0.8600003
0
-2910.18
382.2979
-1639.037
1.0
LinkTagAnd
0
0
0
-2380.236
266.0269
-1392.764
1.0
Obj_RockYellow_A_L_04_Far.002
0
0.1
0
-2873.2
98.3502
-1044.223
1.0
LinkTagAnd
0
0
0
-2436
355
-1655.5
5
Obj_TreeConiferous_A_Snow_03.002
0
6.061981
0
-2611.246
357.3916
-1696.81
1.0
Obj_RockYellow_A_L_04_Far.003
2.831117
0.2286118
2.008995
-2815.358
111.1613
-1548.749
1.0
Area
0
0
0
-2358.595
379.5179
-1871.801
1.0
Obj_RockSetYellow_A_L_01_Far.003
0
0
-0.3399999
-2271.656
235.0888
-1711.806
1.0
FldObj_CliffYellowWall_A_04.018
2.981593
-0.5415916
3.141593
-2771.813
224.6019
-1366.819
1.3
FldObj_CliffYellowTunnel_A_01_Far.002
1.783847
1.37844
2.354748
-2602.238
268.8775
-1255.221
1.0
LinkTagAnd
0
0.4199999
0
-2831.394
79.875
-1571.954
0.3
PlayerInAreaAutoEnemyForbidTag
0
0
0
-2452.5
358
-1634.5
5
FldObj_CliffYellowWall_A_04.019
-3.005103
0.5806874
-2.832208
-3046.58
324.0206
-1684.96
1.0
FldObj_CliffSnowWall_D_22.002
-0.01811286
-0.679656
0.04882351
-2342.983
398.9703
-1931.274
1.0
FldObj_CliffYellowWall_A_04_Far.019
0
-0.18
0
-3025.122
30.73507
-1135.031
1.0
LinkTagAnd
0
0
0
-2376.8
382.0545
-1790.904
1.0
FldObj_CliffYellowWall_A_06.003
-0.06561376
0.3178477
0.0028632
-2228.74
254.3905
-1726.414
1.0
EventTag
0
-0.1035989
0
-2828.198
79.875
-1573.381
0.6
Obj_Mineral_B_01
2.899533
0.2478015
3.127416
-2476.074
300.2712
-1657.123
1.0
EventTag
0
-2.789973
0
-2379.008
264.9706
-1389.461
5
LinkTagOr
0
-2
0
-2793.022
399.9852
-1945.86
1.0
Area
0.09821546
0.4515443
0.1191915
-2217.897
322.0827
-1564.945
3
FldObj_CliffYellowWall_A_04.020
-0.3199998
1.24
1.854411E-17
-2513.789
284.602
-1096.232
1.0
LinkTagAnd
0
2.820001
0
-2259.969
323.7312
-1732.576
1.0
FldObj_CliffYellowWall_A_04_Far.020
-1.068188
-0.1118328
-0.06061251
-2182.767
393.2247
-1978.883
1.0
LinkTagNone
0
0
0
-2766.64
335.0531
-1736.265
1.0
FldObj_CliffYellowWall_A_04_Far.021
0
-2.3
0
-2854.153
243.4438
-1024.693
1.2
LinkTagNone
0
0
0
-2673.904
324.7229
-1028.652
1.0
FldObj_CliffYellowWall_A_03_Far.011
-2.758835
-0.9709576
2.669686
-2206.425
286.6233
-1585.509
1.0
LinkTagAnd
0
-2.561592
0
-2337.803
371.7435
-1726.975
1.0
Obj_KorokPot_A_01.001
-0.5060008
-0.1342779
0.8984718
-2523.15
363.8528
-1736.127
1.0
LinkTagAnd
-0.1092795
-0.4054345
-0.0763735
-2012.761
129.6878
-1922.147
1.0
LinkTagAnd
0
0
0
-2370.815
374.6438
-1764.248
1.0
Obj_Plant_Korok_A_01.004
0
-2.461593
0
-2359.081
370.9916
-1757.9
1.0
FldObj_CliffYellowWall_A_03.009
3.141593
-0.02159291
-2.661592
-2750.875
417.7378
-1872.666
1.0
LinkTagOr
0
0
0
-2213.148
152.5843
-1613.138
1.0
LinkTagOr
0
-2.720001
0
-2037.402
51.2074
-1622.741
1.0
LinkTagNAnd
0
0.6799999
0
-2358.75
373.9916
-1754.31
1.0
SwitchTimeLag
-1.570796
0
0
-2520.218
66.96881
-1432.006
0.5
LinkTagOr
0
0
0
-2370.815
376.4438
-1764.248
1.0
Enemy_Lizalfos_Guard_Junior
0
-2.463185
0
-2985.322
308.3658
-1689.964
1.0
ActorObserverTag
0
-0.9600009
0
-2220.457
153.9695
-1623.807
1.0
FldObj_KorokStartingBlock_A_01
3.036901
-0.4576713
-3.05812
-2772.738
145.7027
-1472.727
1.0
TBox_Field_Stone
0.3953071
0.3745229
0.2450044
-2970.988
404.6831
-1786.948
1.0
FldObj_CliffYellowCurve_A_01_Far.003
3.141593
0.3984068
-3.101593
-2794.623
391.9926
-1882.972
1.0
FldObj_CliffYellowTunnel_A_01_Far.003
2.64477
-1.202153
-3.096021
-2507.888
255.1415
-1132.407
1.0
ForceSetPosDirAutoSaveAnchor
0
-2.721593
0
-2829.763
79.875
-1571.734
1.0
FldObj_CliffYellowWall_A_02_Far.008
3.141593
-1.101593
3.041593
-2323.762
52.61031
-1530.112
1.0
FldObj_CliffYellowWall_A_05.001
0
-2.98
0
-2767.528
143.6002
-1469.534
1.0
Obj_RockSetYellow_A_L_01_Far.004
0
0
0
-2070.461
294.5018
-1971.497
1.2
FldObj_CliffYellowWall_A_02.012
0
0.05999999
0
-2691.145
104.8782
-1528.966
1.0
TBox_Field_Enemy
0
0.2415926
0
-2621.657
448.9828
-1946.743
1.0
FldObj_CliffSnowWall_D_18.002
0
0.2
0
-2316.681
391.0652
-1872.933
1.0
Obj_TreeConiferous_A_Snow_03.003
0
0
0
-2482.077
365.2176
-1772.229
1.0
AnchorAction2
0
-1.48353
0
-2649
289.065
-1166
1.0
FldObj_CliffYellowWall_A_03_Far.012
3.001593
0.6415914
-3.141592
-2922.322
373.7806
-1969.659
1.0
Obj_TreeConiferous_A_Snow_03.004
0
5.988811
0
-2575.283
357.7289
-1739.5
1.0
FldObj_CliffYellowWall_A_02_Far.009
-0.3270917
0.742753
-0.3822737
-2959.474
14.84617
-1165.34
1.0
LinkTagAnd
0
0
0
-2828.198
79.87517
-1573.381
1.0
LinkTagNOr
0
-2.583183
0
-2381.031
273.0269
-1394.036
1.0
EnemyFortressMgrTag
0
2.761593
0
-2270.5
401.5032
-1913
1.0
Area
0
-2.68
0
-2826.254
193.0997
-1580.078
1.7
LocationTag
0
0
0
-2638
282.3359
-1175
1.0
TBox_Field_Wood
0.006004327
1.006753
0.003398649
-2962.202
322.4134
-1700.937
1.0
FldObj_CliffYellowWall_A_03.010
3.001593
0.6415914
-3.141592
-2922.322
373.7806
-1969.659
1.0
LinkTagNAnd
0
0.4199999
0
-2830.286
92.375
-1576.83
0.6
FldObj_CliffYellowWall_A_11.003
-0.4532234
-0.5326308
-0.1119739
-2748.352
101.8306
-1569.256
1.0
FldObj_CliffSnowWall_D_10_Far
0.937938
-0.6485202
-0.01202077
-2573.875
433.3282
-1912.385
1.0
FldObj_CliffYellowWall_A_04_Far.022
-3.086636
-0.8004117
3.122498
-2799.722
89.06378
-1405.232
1.0
Enemy_Lizalfos_Middle
0
1.603185
0
-2619.735
442.2313
-1929.215
1.0
DgnObj_WarpPointSP
0
-2.789973
0
-2379.904
264.9336
-1391.613
1.0
Area
0
-2.663185
0
-2023.596
388.8915
-1302.453
5
FldObj_Windmill_A_01
0
-1.36
0
-2808.863
225.9836
-1413.698
1.0
Obj_BoardWood_Triangle_01
0
2.030796
0
-2736.6
374.7
-1967.8
1.0
FldObj_CliffYellowWall_A_05_Far.001
0
-2.98
0
-2767.528
143.6002
-1469.534
1.0
FldObj_CliffYellowWall_A_04_Far.023
-2.958298
0.8967591
-2.763577
-3079.449
343.2633
-1607.83
1.0
LinkTagAnd
0
0
0
-2638
282.3359
-1175
1.0
Obj_SweepCollision
0
-2.789973
0
-2376.392
278.9706
-1382.042
1.0
FldObj_CliffYellowWall_A_02.013
0
-2.72
0
-2750.672
260.6347
-1373.861
1.0
Area
0
-2.583181
0
-2380.236
266.0269
-1392.764
5
Enemy_Lizalfos_Middle
0
-1.52
0
-2607.148
442.5017
-1929.606
1.0
FldObj_CliffYellowWall_A_02_Far.010
0
-2.5
0
-2476.79
261.0566
-1377.272
1.0
FldObj_CliffYellowWall_A_11.004
-0.07338455
-0.249654
0.2892123
-2744.964
285.67
-1693.213
1.0
FldObj_CliffYellowWall_A_08
-0.24
0.74
0
-2416.972
193.8906
-1151.219
1.0
Obj_TreeConiferous_A_Snow_03.005
0
0.1211407
0
-2373.268
375.841
-1771.895
1.0
FldObj_CliffYellowCurve_A_01.003
-3.133043
0.578249
-3.097565
-2801.99
370.5004
-1898.027
1.0
FldObj_CliffYellowWall_A_03_Far.013
0.03113602
0.9996887
0.03700436
-2922.849
374.302
-2059.089
1.0
DgnObj_DungeonEntrance_A_01
0
0.4199999
0
-2832.471
78.875
-1578.044
1.0
PlayerOnScaffoldCheckTag
0
-2.463185
0
-2981.429
310.2783
-1693.102
1.0
FldObj_CliffYellowTunnel_A_01.003
-1.053464
0.6954403
0.06570479
-2333.732
265.1284
-1317.984
1.0
FldObj_CliffYellowWall_A_07_Far.001
-0.05321085
0.3847287
0.06555985
-2338.097
367.6278
-1727.651
1.0
FldObj_CliffYellowCurve_A_01_Far.004
3.070873
-0.3959216
-2.968083
-2948.738
303.3086
-1642.669
1.2
SwitchTimeLag
-1.570796
0
0
-2356.595
386.0072
-1871.801
0.5
FldObj_CliffYellowWall_A_11_Far.004
0.6194033
0.09927847
-0.01201071
-2853.089
141.3298
-1630.056
1.0
LinkTagOr
0
0
0
-2383.028
214.3481
-1150.632
1.0
FldObj_CliffYellowPillar_A_01_Far.001
0.7495021
-0.9109531
-0.7214928
-2756.632
371
-1887.871
1.0
Obj_RockYellow_A_L_04_Far.004
0
0
0
-2841.528
91.40233
-1281.109
1.0
WallCrack
-0.3460131
0.02437791
0.01849698
-2660.374
306.7572
-1611.464
1.0
DragonDropItemTarget
0
0
0
-2762.587
146.5989
-1452.717
1.0
FldObj_CliffYellowWall_A_09.003
0.7960366
0.6700057
0.1792568
-2857.017
96.06484
-1632.958
1.0
LinkTagOr
0
-0.6000001
0
-2912.666
384.9384
-1637.946
1.0
KorokAnswerResponce
0
-2.68
0
-2824.904
191.1497
-1584.1
1.0
FldObj_Windmill_A_02
0
0.08477882
0
-2834.755
191.8019
-1594.896
1.0
FldObj_CliffYellowWall_A_04_Far.024
0
-2.36
0
-2218.863
146.9297
-1612.163
1.0
FldObj_CliffYellowWall_A_11.005
0.003359238
0.4949234
0.4543523
-2079.468
329.1244
-2025.843
1.0
LinkTagNAnd
0
0
0
-2420
368
-1643.5
5
LookTag
0
-0.282006
0
-2622.151
450.7428
-1945.039
1.0
LinkTagNone
0
0
0
-2270.5
401.5032
-1913
1.0
FldObj_CliffYellowWall_A_03_Far.014
2.903154
1.010741
-3.08902
-2821.235
406.3579
-1892.571
0.8
FldObj_CliffYellowWall_A_03_Far.015
-3.015046
-0.7417294
3.084867
-2404.208
53.4312
-1478.774
1.0
Npc_HiddenKorokGround
0
-2.561592
0
-2338.221
369.2435
-1726.701
1.0
FldObj_CliffYellowWall_A_04.021
2.974653
0.3406675
-3.04256
-2909.915
362.5233
-1648.978
0.75
Obj_RockYellow_A_L_04.004
0
0
0
-2850.459
42.03244
-1295.523
1.0
FldObj_CliffYellowWall_A_04.022
0
-2.04
0
-2029.214
45.58049
-1711.526
1.0
FldObj_CliffYellowWall_A_03.011
3.046288
-1.28613
3.102289
-2252.153
286.5412
-1498.715
1.0
FldObj_CliffYellowWall_A_04_Far.025
3.070148
0.8241249
-3.107224
-2048.489
321.2032
-1528.174
1.0
FldObj_CliffYellowWall_A_04_Far.026
0
-2.04
0
-2029.214
45.58049
-1711.526
1.0
SwitchTimeLag
-1.570796
0.6799999
0
-2357.823
373.9916
-1756.345
0.5
FldObj_CliffYellowWall_A_02.014
0
-1.82
0
-2811.078
260.6347
-1119.48
1.0
FldObj_CliffYellowWall_A_03.012
0
-2.3
0
-2938.996
383.4559
-1882.263
1.0
LinkTagOr
0
-2.68
0
-2774.074
147.7027
-1475.412
1.0
LinkTagOr
0
2.36
0
-2636.639
303.0481
-1247.343
1.0
TBox_Field_Stone
-0.2337299
0.01219935
0.1038207
-2659.799
307.0852
-1611.287
1.0
FldObj_CliffYellowWall_A_04.023
0
-1.600001
0
-2834.453
205.8694
-1333.619
1.3
FldObj_CliffSnowWall_D_02_Far
0.1468532
0.6252393
0.2475422
-2248.708
373.0307
-1954.473
1.0
Area
0
0.6799999
0
-2359.081
372.1916
-1757.9
2
Npc_HiddenKorokGround
0
1.201597
0
-2207.487
253.303
-1767.467
1.0
LinkTagAnd
0
0
0
-2448.871
294.4929
-1367.884
1.0
DragonDropItemTarget
0
0
0
-2632.52
105.8297
-1530.712
1.0
Area
0
0.2231972
0
-2831.077
327.1317
-1749.274
50
LinkTagAnd
0
0
0
-2370.815
376.4438
-1761.248
1.0
DgnObj_EntranceElevator_A_01
0
0.4199999
0
-2832.471
79.87517
-1578.044
1.0
FldObj_CliffSnowWall_D_18_Far.001
0
1.5
0
-2349.981
379.8934
-1835.089
1.0
Area
0
-0.9600009
0
-2220.527
152.2195
-1623.82
0.1
LinkTagOr
0
0.4000001
0
-2972.351
379.8
-1878.297
1.0
LinkTagNone
0
0
0
-2413.98
292.5591
-1413.301
1.0
FldObj_CliffYellowRock_A_01_Far.002
2.961593
-0.6615926
3.141593
-2756.112
238.2196
-1385.701
1.0
FldObj_CliffYellowWall_A_01.008
0
-2.64
0
-2431.033
239.5133
-1420.755
1.0
Enemy_Chuchu_Ice_Middle
0
0
0
-2636.477
390.0849
-1763.992
1.0
FldObj_CliffYellowWall_A_11_Far.005
0.003359238
0.4949234
0.4543523
-2079.468
329.1244
-2025.843
1.0
LinkTagAnd
0
0
0
-2436.4
294.5
-1651.7
1.0
LinkTagAnd
0
0.2415926
0
-2626.165
463.9544
-1934.021
1.0
FldObj_CliffYellowWall_A_04.024
0
-2.62
0
-2803.406
222.2414
-1387.315
1.0
Obj_RockSetYellow_A_L_01.003
-0.09760521
0.02178833
0.2189358
-2740.467
329.9663
-1667.475
1.0
FldObj_CliffYellowWall_A_01_Far.009
-0.1909895
-0.5668097
0.09393977
-2085.731
340.4362
-1156.767
1.0
FldObj_CliffYellowWall_A_02_Far.011
0
-2.72
0
-2750.672
260.6347
-1373.861
1.0
DragonDropItemTarget
0
0
0
-2848.458
209.0495
-1346.109
1.0
AnchorAction1
0
-0.1047198
0
-2643
289.0919
-1167
1.0
LinkTagOr
-0.1092795
-0.4054345
-0.0763735
-2011.845
129.6176
-1921.754
1.0
LinkTagNone
0
0
0
-2985.322
308.3658
-1689.964
1.0
LinkTagAnd
0
0.4199999
0
-2831.394
79.875
-1571.954
0.3
LinkTagOr
0
-2.68
0
-2829.835
193.1497
-1578.297
1.0
FldObj_CliffYellowWall_A_11.006
-0.4094381
0.3220075
-0.2706987
-2140.05
352.5522
-1979.215
1.0
Area
0.005948355
-0.08010748
0.1429939
-2766.64
335.0531
-1736.265
1.0
LinkTagPulse
-3.002514
0.7627628
3.118389
-2013.204
128.1877
-1922.491
0.25
Npc_HiddenKorokGround
0
0.4568146
0
-2217.829
321.1888
-1565.024
1.0
LinkTagAnd
0
-2.789973
0
-2376.052
277.832
-1384.844
1.0
Enemy_Chuchu_Ice_Junior
0
0
0
-2645.477
388.778
-1763.992
1.0
Area
0
-0.9600009
0
-2219.691
152.2195
-1623.672
0.1
Obj_RockYellow_A_L_04.005
2.831117
0.2286118
2.008995
-2815.358
111.1613
-1548.749
1.0
DgnObj_EntranceElevatorSP
0
-2.789973
0
-2376.737
264.9708
-1382.981
1.0
Area
0
-2.789973
0
-2379.008
262.8143
-1389.461
25
FldObj_CliffYellowTunnel_A_01_Far.004
-0.9177862
1.373652
0.2213123
-2646.581
252.7681
-1285.815
1.0
FldObj_CliffYellowRock_A_01_Far.003
0.8334652
1.294964
0.5918284
-2924.173
351.3235
-2081.634
1.0
LinkTagOr
-0.4540135
0.1941673
-0.03386096
-2523.042
367.0631
-1738.119
1.0
Obj_LiftRockWhite_A_01.004
0
-2.380001
0
-2083.961
292.9881
-1558.725
1.0
Area
0
0
0
-2638
282.3359
-1175
35
FldObj_CliffSnowWall_D_07_Far.001
0
0
0
-2422.56
324.7894
-1858.634
1.0
LookTagAoC
0
-2.789973
0
-2380.181
263.9706
-1392.369
1.0
FldObj_CliffYellowWall_A_06.004
0
0
0
-2454.35
59.74678
-1507.484
1.0
FldObj_CliffYellowWall_A_03.013
-2.961592
-0.8415931
-3.141592
-2211.833
242.0974
-1583.02
1.0
FldObj_CliffSnowWall_D_18_Far.002
0
0.2
0
-2316.681
391.0652
-1872.933
1.0
ActorObserverTag
0
0
0
-2521.313
63.97902
-1431.959
1.0
LinkTagAnd
0
-2.720001
0
-2036.49
51.2074
-1623.15
1.0
FldObj_CliffYellowWall_A_02.015
2.678927
-0.6994939
-2.868727
-2370.51
286.2212
-1310.844
1.0
FldObj_CliffYellowWall_A_01.009
-0.1909895
-0.5668097
0.09393977
-2085.731
340.4362
-1156.767
1.0
Enemy_Chuchu_Electric_Junior
0
-1.879998
0
-2656.283
300.3727
-1062.646
1.0
Obj_LiftRockWhite_A_01.005
3.046687
-0.3735012
-3.030651
-2217.821
321.0894
-1565.033
1.0
Npc_HiddenKorokGround
0
2.263183
0
-2083.961
293.0881
-1558.725
1.0
Obj_RockYellow_A_L_04_Far.005
-3.113189
-0.3759022
-2.814621
-2738.28
102.927
-1530.013
1.0
FldObj_CliffYellowWall_A_03.014
0
-2.299999
0
-2200.466
205.9333
-1599.598
1.0
FldObj_CliffYellowWall_A_01.010
0.2810923
1.079549
0.3425915
-2939.376
349.7531
-1516.968
1.0
LinkTagAnd
0
0
0
-2359.095
387.5072
-1872.808
1.0
Area
0
0.2400044
0
-2376.8
382.0545
-1790.904
2
FldObj_CliffYellowWall_A_09.004
-0.09999999
0.9799998
0
-2474.466
199.05
-1128.554
1.0
Npc_HiddenKorokFly
0
-2
0
-2791.13
397.6961
-1945.598
1.0
Enemy_Lizalfos_Middle
0
-1.890796
0
-2950.352
312.6677
-1683.127
1.0
LinkTagAnd
-2.95143
-0.420714
-2.045029
-2219.748
321.8765
-1564.215
1.0
LinkTagNone
0
0
0
-2947.047
305.4371
-1709.697
1.0
LinkTagAnd
0
0
0
-2738.203
376.3578
-1960.393
1.0
LinkTagPulse
0
-2.380001
0
-2084.685
293.9881
-1558.035
0.25
LinkTagAnd
0
2.263183
0
-2083.642
295.5881
-1558.341
1.0
FldObj_CliffYellowWall_A_01_Far.010
-0.2452866
0.1780818
0.1620392
-2286.863
314.9506
-1207.574
1.0
LinkTagAnd
0
0.34
0
-2369.252
379.2337
-1775.502
1.0
FldObj_CliffSnowWall_D_18_Far.003
0
1.38
0
-2792.289
378.2385
-1947.038
0.8
Enemy_Bokoblin_Guard_Middle_TreeHouseTop
0
2.581593
0
-2948.025
323.3175
-1711.054
1.0
LinkTagAnd
0
0
0
-2666.765
323.731
-1042.357
1.0
DragonDropItemTarget
0
0
0
-2198.508
254.0981
-1762.311
1.0
Enemy_AirOctarock
0
-0.3253987
0
-2738.203
376.3578
-1960.393
1.0
Npc_HiddenKorokFly
0
0
0
-2358.595
385.0072
-1872.809
1.0
EnemyFortressMgrTag
0
2.543185
0
-2613.576
442.4678
-1929.438
1.0
FldObj_CliffYellowWall_A_04.025
-1.53394
-1.456709
1.767879
-3060.9
321.9581
-1673.435
1.0
LinkTagOr
0
0
0
-2206.749
253.2097
-1765.123
1.0
FldObj_CliffSnowWall_D_22_Far.002
-0.01811286
-0.679656
0.04882351
-2342.983
398.8922
-1931.274
1.0
LinkTagAnd
0
-2.9
0
-2628.152
443.9428
-1938.955
1.0
FldObj_CliffYellowPillar_A_01.001
0.7495021
-0.9109531
-0.7214928
-2756.632
371
-1887.871
1.0
FldObj_CliffYellowWall_A_04_Far.027
2.981593
-0.5415916
3.141593
-2771.813
224.6019
-1366.819
1.3
FldObj_CliffYellowWall_A_02_Far.012
2.504241
-0.6910575
-2.869627
-2266.612
307.1766
-1391.437
1.0
FldObj_CliffYellowWall_A_04_Far.028
-0.2783989
0.2743448
0.1916244
-2116.165
410.1779
-2017.68
1.0
LinkTagAnd
0
2.820001
0
-2469.886
305.0691
-1647.253
1.0
Area
1.570796
-0.58
2.833068E-08
-2665.25
298.0234
-1064.077
1.0
LinkTagAnd
0
0
0
-2743.446
387.1756
-1740.429
1.0
Enemy_AirOctarock
0
-2.681593
0
-2738.096
376.3266
-1974.597
1.0
DgnObj_EntranceShutterSP
0
-2.789973
0
-2378.046
264.9708
-1386.548
1.0
DragonDropItemTarget
0
0
0
-2243.283
276.1003
-1549.05
1.0
BattleBgmRequestFinishTag
0
-2.9
0
-2630.715
463.9008
-1937.144
1.0
Npc_MiniGame_Crosscountry
0
-0.1047198
0
-2643
289.0919
-1167
1.0
LinkTagAnd
0
-1.261591
0
-2215.335
154.0401
-1618.361
1.0
DgnObj_EntranceShutter_A_01
0
0.4199999
0
-2830.922
79.87517
-1574.574
1.0
LinkTagAnd
0
-2.789973
0
-2378.599
264.9706
-1387.582
1.0
DragonDropItemTarget
0
0
0
-2798.779
225.0479
-1398.796
1.0
FldObj_CliffYellowWall_A_04.026
-0.2220599
-1.396223
0.2391558
-2862.196
57.6076
-1331.285
1.0
WallCrack
-0.1842285
-0.2783493
0.01858968
-2382.973
211.2248
-1150.784
1.0
DragonDropItemTarget
0
0
0
-2126.044
140.265
-1757.025
1.0
ForceSetPosDirAutoSaveAnchor
0
0.3516191
0
-2379.008
264.9706
-1389.461
1.0
LinkTagAnd
0
0.7400001
0
-2413.98
292.5591
-1413.301
5
Obj_LiftRockWhite_A_01.006
0
-0.3599997
0
-2207.487
253.203
-1767.467
1.0
Obj_RockSetYellow_A_L_01.004
0
0
0.14
-2856.221
83.25385
-1577.478
1.0
FldObj_CliffYellowCurve_A_01.004
3.141593
0.3984068
-3.101593
-2794.623
391.9926
-1882.972
1.0
DragonDropItemTarget
0
0
0
-2688.381
146.3197
-1447.168
1.0
PlayerOnScaffoldCheckTag
0
-2.643185
0
-2942.655
307.3495
-1712.087
1.0
FldObj_CliffSnowWall_D_18.003
0
1.5
0
-2349.981
379.8934
-1835.089
1.0
DragonDropItemTarget
0
0
0
-2022.782
129.5067
-1900.776
1.0
LinkTagOr
0
0
0
-2213.148
154.5218
-1613.138
1.0
FldObj_CliffYellowWall_A_02_Far.013
0
2.5
0
-2088.53
321.9504
-1552.369
1.0
FldObj_CliffYellowWall_A_11_Far.006
-0.07338455
-0.249654
0.2892123
-2744.964
285.67
-1693.213
1.0
LinkTagNone
0
0
0
-2962.198
322.4785
-1700.928
1.0
LinkTagAnd
0
-2.9
0
-2613.701
443.9533
-1939.585
1.0
FldObj_CliffYellowTunnel_A_01.004
-0.9177862
1.373652
0.2213123
-2646.581
252.7681
-1285.815
1.0
Area
1.418534
-0.1384046
0.02117085
-2655.22
336.9688
-953.5143
1.0
LinkTagAnd
0
0
0
-2615.122
437.119
-1253.171
1.0
LinkTagOr
0
-0.6000001
0
-2911.758
384.9384
-1637.325
1.0
FldObj_CliffYellowWall_A_03.015
2.688718
0.01061075
3.086466
-2559.02
65.06401
-1411.016
1.0
FldObj_CliffYellowWall_A_04.027
0
-2.62
0
-2810.839
222.2414
-1405.67
1.0
LinkTagAnd
0
0
0
-2270.5
401.5032
-1913
1.0
LinkTagAnd
0
0.7400001
0
-2378.936
298.3663
-1404.474
5
FldObj_CliffYellowWall_A_04_Far.029
2.974653
0.3406675
-3.04256
-2909.915
362.5233
-1648.978
0.75
Npc_HiddenKorokFly
0
0.4615932
0
-2826.254
193.1497
-1580.078
1.0
FldObj_CliffYellowWall_A_02_Far.014
0
0.05999999
0
-2691.145
104.8782
-1528.966
1.0
LinkTagOr
-1.147627
0.2521612
0.3872893
-2214.148
150.0218
-1613.138
1.0
FldObj_CliffYellowWall_A_03.016
0.03113602
0.9996887
0.03700436
-2922.849
374.302
-2059.089
1.0
FldObj_CliffYellowWall_A_07_Far.002
-0.1211362
0.8568051
-0.08055451
-2067.237
135.4712
-1822.733
1.0
ActorObserverTag
0
-0.9600009
0
-2219.761
153.9695
-1623.684
1.0
DgnObj_EntranceTerminal_A_01
0
-0.1035989
0
-2828.198
79.87517
-1573.381
1.0
FldObj_CliffYellowWall_A_04.028
0
-2.3
0
-2854.153
243.4438
-1024.693
1.2
FldObj_FallingRock_A_01
0.05668746
0.02486437
-0.3465442
-2727.81
410.4188
-1768.375
1.2
LinkTagAnd
0
0
0
-2735.3
375.1
-1964.9
1.0
WallCrack
-0.349273
0.2494803
0.1238532
-2970.479
402.9887
-1786.529
1.0
FldObj_CliffYellowWall_A_02_Far.015
0
-2.88
0
-2360.198
261.4081
-1434.073
1.0
Enemy_Lizalfos_Middle
0
1.976195
0
-2276.737
400.9621
-1910.556
1.0
LinkTagPulse
0
-2.720001
0
-2037.859
49.6074
-1622.536
0.25
LinkTagAnd
0
0.4615932
0
-2826.701
195.6497
-1579.855
1.0
FldObj_CliffYellowWall_A_04.029
3.070148
0.8241249
-3.107224
-2048.489
321.2032
-1528.174
1.0
LinkTagOr
0
0
0
-2520.313
64.97902
-1431.959
1.0
SwitchTimeLag
-1.570796
0.2400044
0
-2376.324
383.8545
-1788.962
0.5
TBox_Field_Wood
0
-2.136194
0
-2735.3
375.1
-1964.9
1.0
PosAfterDemoSkip
0
-2.721593
0
-2829.763
79.875
-1571.734
1.0
FldObj_CliffYellowWall_A_03_Far.016
3.001593
0.8815914
-3.141592
-2937.142
373.7806
-1993.807
1.0