UnitConfigName/__text
Rotate/value/0
Rotate/value/1
Rotate/value/2
Translate/value/0
Translate/value/1
Translate/value/2
_Scale
Item_Fruit_I
0
-2.405565
0
-2095.501
300.3162
543.2362
1.0
FldObj_PushRock_Korok
2.781592
0.09999932
-3.141592
-2348.578
312.1775
739.0554
0.8
Obj_Plant_IvyBurn_A_01
-2.137091
1.06805
-2.027764
-2648.746
299.9268
547.5854
1.0
Obj_Plant_IvyBurn_A_01.001
-2.805458
-0.6345462
2.73921
-2727.692
220.0225
761.4978
1.0
Area
0.5142446
0.009440615
-0.0358999
-2312.576
263.413
24.45903
3
LinkTagAnd
0
2.281593
0
-2542.511
310.2846
640.2374
1.0
FldObj_CliffYellowWall_A_04_Far
-0.7818543
0.8386714
-0.03259843
-2274.951
270.2838
799.9225
1.15
FldObj_CliffGashamahi_A_04
-1.123606
-0.4974539
0.5370744
-2390.065
340.6334
494.8248
1.0
Item_Fruit_D
0
0.6799999
0
-2188.2
410.7078
447.0519
1.0
FldObj_CliffYellowRock_A_01
1.913634
1.015311
2.785794
-2162.722
390.7136
401.746
1.0
LinkTagAnd
0
0
0
-2353.567
357.3466
625.2156
1.0
LinkTagOr
-0.1324961
0.0008297132
0.01250585
-2650.013
302.7418
547.5774
1.0
DgnObj_EntranceElevator_A_01
0
-0.36
0
-2297.432
439.5685
460.7282
1.0
LinkTagOr
0.05995217
-0.002397924
0.0399281
-2726.031
222.6767
762.5508
1.0
FldObj_FallingRock_A_01
0
1.701593
0
-2295.994
418.4322
563.2943
1.2
FldObj_CliffGrayParts_A_08_Far
-1.410914
0.1297241
-0.7809592
-2201.921
339.0103
514.3361
1.0
FldObj_CliffYellowRock_A_01_Far
-1.03237
-0.01965781
-0.5043318
-2276.933
366.2568
617.4425
0.7
FldObj_RockDislocation_D_04_Far
-0.14
0
0.07999995
-2624.308
322.9429
609.1035
1.0
LinkTagAnd
0
0
0
-2279.249
455.4037
349.0654
1.0
Obj_BreakBoxIron
3.138457
0.7396497
3.140616
-2711.208
115.114
424.1444
1.0
Obj_Mineral_A_01
-0.2034074
-0.1899914
-0.1600345
-2060.021
399.1792
275.5658
1.0
FldObj_SkullRockMoss_Moss_A_01
-0.43348
-0.8884351
0.3667237
-2427.894
300.3156
545.0719
1.0
FldObj_Chain_A
-0.4878613
-0.1142088
1.35925
-2507.147
306.7493
589.4906
1.0
TBox_Field_Iron_NoReaction_Aoc
-1.084005
1.090535
-0.3613422
-2295.862
455.0159
343.4723
1.0
LinkTagAnd
0
0
0
-2541.784
310.7846
637.6328
1.0
FldObj_CliffYellowWall_A_09_Far
0.2131515
0.3698039
0.1023313
-2414.052
212.4605
-32.96399
1.0
Item_Fruit_A
0
1.705777
0
-2604.216
236.7086
304.768
1.0
Item_Fruit_A
0
0
0
-2461.69
311.8314
531.7231
1.0
FldObj_CliffGashamahi_A_03_Far
0
2.679999
0
-2283.92
434.996
370.2011
0.8
LinkTagAnd
0.191472
0.01110305
-0.1154938
-2201.169
360.907
731.327
1.0
ConstraintDummy
0
-1.39634
0
-2085.173
299.2145
531.0568
1.0
LinkTagAnd
0
0
0
-1992.891
299.4713
158.3196
2
FldObj_CliffYellowWall_A_11
0.3739795
0.7801065
0.05638806
-2236.881
217.8687
749.4782
1.0
FldObj_RockDislocation_D_03_Far
0
-2.241592
0
-2515.92
304.1353
671.4034
1.15
Kibako_Contain_01
-0.006799751
1.039974
-0.01329962
-2656.505
115.1716
391.0031
1.0
FldObj_CliffGashamahi_A_01_Far
-1.490897
-1.325288
0.8659611
-2414.472
310.1123
587.3303
0.8
LinkTagNone
0
0
0
-2359.92
378.9682
542.681
1.0
SwitchTimeLag
-1.570796
0.4615937
0
-2280.142
459.2875
432.3503
0.5
FldObj_CliffYellowRock_A_01_Far.001
2.843326
-0.7144443
-2.725296
-2390.4
126.7
197.8
1.0
ActorObserverTag
0
-0.8599998
0
-2541.679
307.7846
636.2225
2
FldObj_CliffYellowWall_A_11.001
0.3558342
0.5511996
-0.1588658
-2253.3
350.6341
524.5135
0.7
FldObj_KorokStartingBlock_A_01
-3.054049
0.1562638
-3.092046
-2187.599
373.6802
573.3594
1.0
Obj_Plant_Lotus_A_01
0
2.251065
0
-2557.893
306.1326
655.6418
1.0
Obj_TreeConiferous_A_03
0
5.000542
0
-2094.322
299.5289
544.9856
1.0
FldObj_CliffYellowWall_A_01_Far
-0.4076414
1.161402
-0.06391545
-2623.185
317.0623
74.35065
1.0
KorokAnswerResponce
0
-0.8599998
0
-2541.784
309.7846
637.6328
0.5
LinkTagAnd
0.4808673
0.16887
-0.8803093
-2643.99
300.9832
547.8168
1.0
MoveTriggerTag
0
0
0
-2304.618
420.7552
551.1608
1.0
LinkTagAnd
0
0
0
-2299.36
465.2161
341.1624
1.0
Area
0.68
-0.740003
0
-2384.559
346.2236
568.7868
1.0
Area
0
-0.6200001
0
-2290.551
439.2372
468.2381
3
LinkTagOr
1.75307
1.32906
1.689548
-2482.869
308.1472
543.0952
1.0
KorokAnswerResponce
0
0
0
-2488.036
313.1985
589.3242
0.5
FldObj_CliffYellowWall_A_01_Far.001
2.485428
-1.309236
-2.774182
-2818.953
315.9354
81.56744
1.0
LinkTagAnd
0
0
0
-2187.651
375.1239
573.2342
1.0
TBox_Field_Stone
-0.03657794
0.003674011
0.2001932
-2028.208
278.8337
499.9698
1.0
LookTag
0
-2.334465
0
-2750.493
308.3935
219.5225
1.0
FldObj_CliffYellowRock_A_01_Far.002
-0.7809126
0.6989257
-0.119891
-2237.87
393.5639
501.3228
1.0
FldObj_CliffGrayParts_A_08
-0.579947
-1.099892
-1.279126
-2057.909
239.1534
634.3652
1.0
WallCrack
-0.2644643
1.363996
-0.04561532
-2101.783
272.161
696.415
1.0
DungeonBird_test
0
0
0
-2297.476
471.7603
461.383
1.0
Obj_TreeConiferous_A_03.001
0
0
0
-2070.781
339.5861
412.0908
1.0
FldObj_KorokTarget_A_01
0
0
0
-1996.211
304.2916
148.8274
1.0
Obj_Plant_ChiliPepper_A_01
0
0.7250436
0
-2104.531
299.2776
533.1371
1.0
LinkTagAnd
0
0
0
-2482.732
308.8353
545.3195
1.0
Obj_TreeDorian_A_01
0
3.141593
0
-2471.723
316.7965
721.1871
1.0
SwitchTimeLag
-1.570796
0
0
-2490.677
314.9172
589.3242
0.5
Obj_TreeApple_A_M_01
0
0
0
-2516.196
309.4428
713.5044
1.0
FldObj_CliffYellowWall_A_11.002
-0.7168362
-0.2980991
0.04860131
-2343.989
302.0977
678.7885
1.0
LinkTagOr
0
-0.6200001
0
-2290.144
440.8372
468.5284
1.0
Obj_LiftRockWhite_A_01
0
0.8199993
0
-2429.474
316.8621
355.3343
1.0
EventTag
0
-0.8835987
0
-2297.674
439.5684
467.0481
0.6
WallCrack
1.947256
1.202405
2.646454
-2198.511
350.5049
508.7403
1.0
BeeHome
2.295237
-0.867072
-1.736364
-2469.863
320.3782
736.3124
1.0
FldObj_RockDislocation_D_01
0.09809288
-0.3954779
-0.1700207
-2605.194
312.1494
663.2566
0.9
ForceSetPosDirAutoSaveAnchor
0
2.781593
0
-2299.944
439.5684
467.1188
1.0
LinkTagOr
0
0
0
-2534.671
309.4715
528.9929
1.0
Item_Fruit_A
0
0
0
-2462.49
311.5314
533.8732
1.0
LinkTagAnd
0
0
0
-2068
401.4408
267.4594
1.0
FldObj_RockDislocation_D_03_Far.001
0
-1.461591
0
-2484.698
309.9042
659.9122
1.15
Item_Fruit_D
0.2911977
-0.9636049
-0.1269063
-2183.837
411.3129
443.9844
1.0
Area
-0.1461321
-0.02253192
-0.3054436
-2918.333
119.0937
479.6039
3
FldObj_CliffYellowWall_A_09
0.2131515
0.3698039
0.1023313
-2414.052
212.4605
-32.96399
1.0
TBox_Field_Iron
-0.2353924
0.04724178
0.374413
-2685.5
114.3343
426
1.0
FldObj_CliffYellowWall_A_05
0
-0.1600001
0
-2755.585
182.3884
385.6691
0.9
LinkTagAnd
0
0
0
-2080.792
334.5516
203.7019
1.0
LinkTagOr
0
-2.02
0
-2476.834
309.7358
548.1184
1.0
Item_Fruit_A
0
1.705777
0
-2599.416
236.3586
305.9326
1.0
LinkTagAnd
0
0
0
-2563.4
307.3
650.1
1.0
FldObj_CliffYellowWall_A_01_Far.002
-0.7375585
-0.4808948
0.03908865
-2520.138
316.4314
764.6055
0.85
KorokAnswerResponce
0
0
0
-1989.891
295.315
161.3196
0.5
FldObj_CliffYellowRock_A_01_Far.003
-0.4050628
-0.6128702
-0.9302385
-2420.319
270.5715
-26.97162
0.8
LinkTagOr
0
-0.6200001
0
-2286.715
441.0372
469.7483
1.0
LinkTagAnd
0
0
0
-2197.972
360.3145
730.8265
1.0
DgnObj_DungeonEntrance_A_01
0
-0.36
0
-2297.432
438.5684
460.7282
1.0
LinkTagOr
0
1.001591
0
-2263.903
446.9254
440.5049
1.0
DungeonBird_test
0
0
0
-2772.582
315
197.7867
1.0
LinkTagAnd
0
-2.334465
0
-2743.474
322.2549
224.4638
1.0
FldObj_CliffYellowRock_A_01.001
-1.03237
-0.01965781
-0.5043318
-2276.933
366.2568
617.4425
0.7
Area
0
1.001591
0
-2263.903
445.1255
440.5049
2
FldObj_RockDislocation_D_03
-0.05999999
0
0
-2579.98
306.9763
682.0568
1.0
FldObj_CliffYellowWall_A_01_Far.003
2.438691
-0.1142019
3.099246
-2232.902
417.0358
301.7374
0.7
Item_Fruit_I
0
3.092222
0
-2095.657
300.4761
542.8898
1.0
Obj_Plant_KorokColor_A_01
2.76335
0.8795388
2.775643
-2482.277
307.7467
544.5762
1.0
DgnObj_DungeonEntranceSP_Far
0
-2.334465
0
-2743.27
308.3935
226.4383
1.0
Item_Fruit_I
0
0.7250436
0
-2104.415
300.1577
532.9572
1.0
FldObj_CliffYellowRock_A_01.002
-0.8572063
0.5914163
-0.3265536
-2245.251
320.0323
681.6934
1.35
FldObj_CliffYellowWall_A_11_Far
0.1863772
1.461748
0.6241956
-2227.558
392.0081
390.8298
1.0
LinkTagNAnd
0
-0.36
0
-2296.732
452.0684
463.1284
0.6
LinkTagNone
0
0
0
-2357.552
352.9223
622.3044
1.0
FldObj_RockDislocation_A_02
0.0444046
1.076699
-0.3611078
-2718.651
307.11
-48.10034
1.0
FldObj_RockDislocation_D_03.001
0
-2.241592
0
-2515.92
304.1353
671.4034
1.15
LinkTagOr
-0.1324961
0.0008297132
0.01250585
-2649.027
303.8942
547.4246
1.0
FldObj_CliffGashamahi_A_04.001
-1.517479
0.08864377
0.5133846
-2385.87
316.8158
555.0856
1.0
LinkTagOr
0.05995217
-0.002397924
0.0399281
-2726.072
223.6741
762.6107
1.0
LinkTagAnd
0
0
0
-2297.432
442.6777
460.7282
1.0
LinkTagAnd
0
0
0
-2344.415
399.6868
557.3922
1.0
FldObj_RockDislocation_D_03.002
0
1.561593
0
-2565.999
304.8879
683.0273
1.0
FldObj_CliffYellowHead_A_01
2.563038
1.153664
2.514131
-2034.177
387.5694
293.0576
0.75
Area
0
2.619999
0
-2475.856
309.621
559.4139
2
LinkTagOr
0
-2.998029
0
-2094.546
299.1577
528.7875
1.0
MoveTriggerTag
0
-0.6400001
0
-2358.125
378.5925
540.3171
1.0
FldObj_Giant_Bone
-0.1148674
0.007151064
0.1242134
-2219
372.5096
593
1.0
Area
0
-2.28
0
-2749
115.071
435.5
9.999999
LinkTagOr
0
0.9134852
0
-2096.492
298.9984
519.6389
1.0
FldObj_CliffGrayParts_A_05
-1.624025
0.06692669
-0.007573956
-2053.549
178.6246
837.722
1.0
Obj_Plant_IvyBurn_A_01.002
-0.209493
1.293953
-0.04608062
-2293.412
438.196
467.6764
1.0
FldObj_CliffYellowWall_A_04_Far.001
2.921593
-0.1615924
-3.141593
-2720.409
187.7421
507.7233
1.0
FldObj_CliffGrayParts_A_07
-2.765654
-1.513183
0.876756
-2208.654
199.0301
1123.467
1.0
FldObj_CliffGrayParts_A_07.001
2.089135
0.8870087
-2.978737
-2295.93
219.0647
1081.002
1.0
LinkTagAnd
0
0
0
-2748.987
309.3937
223.7334
1.0
SwitchTimeLag
0
0.22
0
-2140.5
329.8173
507.5002
1.0
Item_Fruit_E
-2.845302
0.8617388
-2.802733
-2558.074
306.9926
655.5568
1.0
FldObj_CliffYellowWall_A_11.003
-0.3220886
-0.9643199
0.1615165
-2329.154
367.2698
537.4227
0.75
FldObj_CliffYellowHead_A_01_Far
0
0
0
-2287.318
453.9481
412.4324
1.0
FldObj_CliffYellowWall_A_04
2.827214
-0.08503022
3.064895
-2273.839
452.7463
310.6668
1.0
LinkTagAnd
0
0
0
-2293.091
414.9073
564.1746
1.0
FldObj_RockDislocation_A_02_Far
0.0444046
1.076699
-0.3611078
-2718.651
307.11
-48.10034
1.0
LinkTagOr
0
2.619999
0
-2477.59
308.421
558.4174
1.0
SwitchTimeLag
0
0
0
-2067.23
400.6
270.375
1.0
FldObj_CliffYellowRock_A_01_Far.004
0.791945
0.9636573
1.289041
-2224.298
330.33
611.7813
1.0
Item_Fruit_I
0
-2.940148
0
-2104.792
300.3876
533.0693
1.0
FldObj_TorchStandBone_A_01
0
-0.14
0
-2766
119.7369
411
1.0
LinkTagAnd
0
0
0
-2419.433
312.8215
630.6351
1.0
FldObj_KorokPinwheel_A_01
-0.1944129
0.04724176
0.2353925
-1994.283
289.7354
163.6391
1.0
LinkTagAnd
0
0
0
-2467.449
307.837
541.7733
1.0
FldObj_CliffYellowHead_A_01_Far.001
2.563038
1.153664
2.514131
-2034.177
387.5694
293.0576
0.75
FldObj_CliffYellowWall_A_04_Far.002
2.827214
-0.08503022
3.064895
-2273.839
452.7463
310.6668
1.0
BeeHome
0
2.603185
0
-2443.922
309.147
574.205
1.0
LinkTagOr
0
1.621592
0
-2197.409
405.4068
438.3162
1.0
FldObj_RockDislocation_A_06
-0.04306202
-0.3812799
-0.04399969
-2709.815
308.9865
46.90549
1.0
LocationTag
0
0
0
-2297.432
442.6777
460.7282
1.0
LinkTagNAnd
0
-0.6200001
0
-2292.993
441.0372
466.495
1.0
FldObj_CliffYellowWall_A_02
-0.3025621
0.2142229
-0.2618178
-2918.283
146.2166
429.2917
1.0
LinkTagNAnd
0
-2.279998
0
-2459.852
310.1859
552.7106
1.0
FldObj_CliffYellowRock_A_01_Far.005
1.913634
1.015311
2.785794
-2162.722
390.7136
401.746
1.0
Obj_Plant_KorokColor_A_01.001
0.1328836
1.218742
0.5243949
-2471.132
312.4784
550.8965
1.0
LinkTagAnd
0
0
0
-2279.895
456.9506
347.9585
1.0
LinkTagOr
0
2.251065
0
-2555.952
306.1235
657.0417
1.0
LinkTagOr
0
0
0
-2031.613
247.3512
629.8762
1.0
FldObj_RockDislocation_D_01.001
-2.862759
1.047052
-2.99967
-2584.771
307.6058
723.7541
0.9
Obj_TreeBaobab_A_02
0
3.101703
0
-2834.5
202.1699
663
0.9
Npc_HiddenKorokGround
0
0
0
-2483.315
328.1486
504.7361
1.0
Item_Fruit_A
0
0
0
-2464.39
312.4814
536.2731
1.0
LinkTagNone
0
0
0
-2305.049
420.2603
553.7992
1.0
DgnObj_DungeonEntranceSP
0
-2.334465
0
-2743.27
308.3935
226.4383
1.0
FldObj_CliffYellowWall_A_01
0
-2.12
0
-2848.497
193.083
618.8846
1.0
LinkTagOr
0
1.103123
0
-2095.567
299.2845
527.8268
1.0
Item_Fruit_A
0
1.705777
0
-2602.05
235.4086
304.3729
1.0
LinkTagAnd
0
0
0
-2772.582
309.1856
197.7867
1.0
Area
0
-2.334465
0
-2743.27
308.3935
226.4383
40
DgnObj_EntranceTerminal_A_01
0
-0.8835987
0
-2297.674
439.5685
467.0481
1.0
TBox_Field_Iron
0
0.74
0
-2139.439
331.143
505.8111
1.0
DestinationAnchor
0
2.257994
0
-2298.447
439.5684
467.6825
1.0
FldObj_RockDislocation_D_01_Far
-2.862759
1.047052
-2.99967
-2584.771
307.6058
723.7541
0.9
Area
0
0
0
-1985.928
347.5863
364.1184
8
FldObj_CliffGrayParts_A_01
-1.487054
0.6109393
-0.5583434
-2075.979
221.3395
711.4723
1.0
FldObj_CliffYellowWall_A_05_Far
0
-0.1600001
0
-2755.585
182.3884
385.6691
0.9
Item_Fruit_E
0.06576604
0.002071338
-0.06294765
-2560.8
306
639.7
1.0
LinkTagAnd
0
0
0
-2257.091
441.2864
452.2608
1.0
Item_Fruit_I
0
0.4742281
0
-2095.264
300.2462
542.8747
1.0
Obj_Plant_Korok_A_01
0
-3.141593
0
-2288.856
460.5161
413.6455
1.0
LinkTagAnd
0
0
0
-2405.275
326.0816
582.2689
1.0
FldObj_CliffYellowCurve_A_01_Far
0.8318186
1.358937
1.433868
-2149.798
379.1921
350.8073
1.32
Item_Fruit_D
0.11366
0.7899719
-0.102777
-2190.355
411.2605
449.2508
1.0
Obj_TreeApple_A_L_01
0
0
0
-2031.202
247.3512
633.5405
1.0
GameRomHorseNushi
0
0
0
-2277.805
449.7194
341.1921
1.0
Enemy_Lizalfos_Middle
0
0
0
-2699.5
115.0335
448
1.0
ChangeWeatherTag
0
0
0
-2273.07
727.8416
391.4214
30
LinkTagAnd
0.4044479
0.1385174
-0.5063192
-2481.819
329.7309
504.4726
1.0
FldObj_CliffYellowWall_A_05.001
-0.8267623
1.049615
-0.2764431
-2163.86
321.5435
662.0028
0.8
Obj_Plant_IvyBurn_A_01.003
-0.2838162
-0.06091174
-0.3216119
-2645.302
299.4205
545.3755
1.0
FldObj_PushRock_Korok.001
0.4425244
-0.7512019
-1.609563
-2351.317
311.1228
741.8552
0.8
LinkTagNAnd
-0.2541778
0.8059397
-0.4049906
-2255.755
443.4299
455.4009
1.0
Npc_HiddenKorokGround
0
-0.00120052
0
-2729.922
219.9338
761.3842
1.0
LinkTagAnd
0
0
0
-2098.635
278.0295
698.2307
1.0
LinkTagAnd
0
0
0
-2279.895
456.2787
347.9585
1.0
FldObj_CliffGashamahi_A_01
-1.769764
-0.5510715
0.105187
-2485.01
312.2974
511.5039
0.85
LinkTagOr
0
2.201591
0
-2450.459
320.4307
373.0764
1.0
LinkTagAnd
-0.2541778
0.8059397
-0.4049906
-2254.482
442.8842
453.9579
1.0
Weapon_Lsword_029
-0.1126383
-0.1568931
0.08191115
-2219.007
372.8938
592.9894
1.0
LinkTagAnd
0
0
0
-2083.388
334.0957
202.861
1.0
LinkTagAnd
0.05995217
-0.002397924
0.0399281
-2730.52
222.3576
761.53
1.0
Area
0
-0.36
0
-2297.432
442.6777
460.7282
25
Obj_RockYellow_A_L_04
0
0.36
0
-2137.642
375.1123
261.7343
1.0
FldObj_CliffGashamahi_A_04_Far
-1.517479
0.08864377
0.5133846
-2385.87
316.8158
555.0856
1.0
LinkTagAnd
0
0
0
-2909.238
119.1645
796.2662
1.0
FldObj_CliffYellowRock_A_01_Far.006
-3.001886
-0.3872554
2.862334
-2368.4
137.9
162.2
1.0
LinkTagAnd
0.04930804
0.003689891
-0.1493585
-2282.019
455.6576
346.8223
1.0
FldObj_CliffYellowWall_A_01.001
2.438691
-0.1142019
3.099246
-2232.902
417.0358
301.7374
0.7
Obj_RockYellow_A_L_04_Far
1.34
0
0
-2875.656
177.5459
847.9093
1.0
LinkTagAnd
0
0
0
-2325.615
421.6755
550.6035
1.0
FldObj_CliffYellowWall_A_11_Far.001
-0.4793276
0.1362328
0.06546877
-2286.832
350.2659
567.0917
1.0
Item_Fruit_I
0
-2.15475
0
-2104.555
300.2277
533.3661
1.0
LinkTagAnd
0
0
0
-2773.957
348.7001
208.6782
1.0
FldObj_CliffGashamahi_A_01.001
1.787786
0.5082565
-3.034714
-2423.422
305.1211
583.0817
0.7
SignalFlowchart
0
2.792527
0
-2762.252
310.6786
201.5149
1.0
LinkTagAnd
0
-2.334465
0
-2746.966
309.3935
223.1259
1.0
FldObj_RockDislocation_A_01
-3.141593
-0.5584076
-3.061593
-2760.256
302.7255
163.5967
1.0
ConstraintDummy
0
0.2300591
0
-2083.753
299.3915
537.2878
1.0
Obj_TreeBroadleaf_B_L_01
0
-2.96
0
-2442.677
306.287
624.0059
1.0
Obj_Plant_KorokColor_A_01.002
0
-2.192731
0
-2461.467
307.1859
551.061
0.95
Area
0
3.041593
0
-2351.149
264.4041
846.18
2
FldObj_RockDislocation_D_03_Far.002
0
-1.66
0
-2637.185
326.5692
624.6434
1.0
LinkTagAnd
0
-2.461593
0
-2247.331
448.5183
464.3583
1.0
Obj_BreakBoxIron.001
0.003078827
0.3199946
-8.603319E-05
-2728.893
115.1153
417.8344
1.0
Obj_Plant_ChiliPepper_A_01.001
0
0.4742281
0
-2095.421
299.3661
543.0203
1.0
LinkTagOr
0
0
0
-2529.793
308.7267
543.7372
1.0
LinkTagOr
0
-0.1584075
0
-2174.635
409.5975
463.4291
1.0
FldObj_KorokGoal_A_01
0
2.983185
0
-2175.129
405.0975
463.3505
1.0
Obj_TreeDorian_A_01.001
0
-1.401594
0
-2193.398
405.4403
433.4892
1.0
Obj_Plant_IvyBurn_A_01.004
1.952416
-1.349552
-2.229789
-2642.954
299.5183
549.0732
1.0
Obj_Plant_IvyBurn_A_01.005
-0.2842054
-0.6479945
0.4405709
-2729.617
219.5709
758.6539
1.0
DgnObj_EntranceShutter_A_01
0
-0.36
0
-2298.771
439.5685
464.2846
1.0
LinkTagOr
0
0.18
0
-2468.294
315.7518
548.4411
1.0
LinkTagOr
-0.3141268
1.472857
-0.4698624
-2053.051
260.9142
635.8379
1.0
Obj_KorokPot_A_01
0.6316848
0.5426561
0.6065576
-2053.327
257.1816
636.3653
1.0
Area
0
0.8199993
0
-2447.206
318.7486
371.1325
1.0
Item_Fruit_A
0
1.705777
0
-2604.288
235.7086
303.8694
1.0
FldObj_CliffYellowWall_A_09_Far.001
-0.5399417
-0.01511466
0.03449883
-2400.027
154.2901
911.3218
1.3
FldObj_CliffYellowWall_A_02_Far
-0.3025621
0.2142229
-0.2618178
-2918.283
146.2166
429.2917
1.0
FldObj_CliffYellowRock_A_01.003
0.2
0
0
-2371.961
92.45055
31.88278
1.0
LinkTagNAnd
0
2.619999
0
-2476.852
311.421
561.148
1.0
LinkTagAnd
0
0.7336295
0
-2041.412
428.0532
296.6877
1.0
FldObj_CliffYellowWall_A_01_Far.004
-0.1771228
0.8844785
-0.0263911
-2438.039
229.6234
65.33795
1.0
FldObj_CliffYellowWall_A_03_Far
-0.3979684
0.03538475
-0.1053117
-2834.453
125.2014
418.7633
1.0
LinkTagOr
0
0
0
-2468.275
316.7965
721.2369
1.0
LinkTagAnd
0
0
0
-1987.891
294.9713
155.3196
2
Item_Fruit_A
0
0
0
-2462.59
312.8314
531.6732
1.0
Obj_TreeConiferous_A_03.002
0
0
0
-2066.819
285.4865
523.9581
1.0
LinkTagAnd
0
2.619999
0
-2479.324
308.421
557.4209
1.0
Obj_LiftRockWhite_A_01.001
-0.2032992
0.04099941
0.3967203
-2483.276
328.0586
504.7563
1.0
FldObj_CliffYellowTunnel_A_01_Far
-0.2200001
0.86
0
-2231.408
304.9382
697.7042
1.25
FldObj_RockDislocation_D_04
0.1596175
0.3377906
0.0292956
-2494.178
304.9254
577.1702
1.0
TBox_Field_Stone
-0.2774277
-0.875571
0.499817
-2342.016
397.2582
549.3824
1.0
Item_Fruit_I
0
-1.966308
0
-2095.162
299.9484
521.5502
1.0
FldObj_TorchStandBone_A_01.001
0
0.48
0
-2710.5
115.1342
406.5
1.0
FldObj_CliffGrayParts_A_07.002
2.26109
0.3341459
-3.117127
-2322.65
220.7762
1042.322
1.0
LinkTagOr
0
0
0
-2908.238
119.1645
796.2657
1.0
Area
0
0
0
-2471.449
309.037
541.7733
2
FldObj_CliffYellowRock_A_01_Far.007
-0.05817182
-0.03736575
-0.5577968
-2288.85
426.858
447.4346
1.0
FldObj_RockDislocation_D_01_Far.001
0.09809288
-0.3954779
-0.1700207
-2605.194
312.1494
663.2566
0.9
FldObj_CliffGashamahi_A_03
2.61972
0.5827054
2.663525
-2241.768
424.2797
306.0503
0.8
LinkTagAnd
0
0
0
-2097.718
277.9119
695.1938
1.0
Obj_RaftWood_A_S_02
0
-1.57999
0
-2257.442
114.9935
90.00516
1.0
FldObj_RockDislocation_A_05_Far
-0.0911708
0.5736032
-0.1669063
-2693.605
312.9773
120.6189
1.0
SwitchTimeLag
-1.824974
0.8059397
-0.4049906
-2255.223
442.9283
453.2878
0.5
Obj_RockYellow_A_L_04_Far.001
0
0.36
0
-2137.642
375.1123
261.7343
1.0
FldObj_RockDislocation_D_03.003
0
-1.66
0
-2637.185
326.5692
624.6434
1.0
Obj_TreeBaobab_A_02.001
0
3.003837
0
-2644
199.0869
924
1.0
Obj_Plant_KorokColor_A_01.003
0
-1.494599
0
-2461.435
307.1859
551.9449
1.05
LinkTagAnd
0
2.201591
0
-2449.869
320.4307
373.8836
1.0
Obj_Plant_KorokColor_A_01.004
0.3999997
0.5290658
0
-2472.324
312.7303
550.3145
0.98
FldObj_CliffYellowWall_A_01.002
2.981593
-0.4615919
-3.141593
-2562.606
301.9382
489.7263
1.0
Obj_Plant_IvyBurn_A_01.006
0.07754572
-0.5972891
-0.4139709
-2288.48
437.9772
466.4911
1.0
Item_Fruit_I
0
0.4053631
0
-2094.17
300.1077
526.4895
1.0
FldObj_CliffYellowWall_A_01_Far.005
2.981593
-0.4615919
-3.141593
-2562.606
301.9382
489.7263
1.0
Item_Fruit_D
0.1786265
0.1123219
-0.07273591
-2451.665
312.2979
569.399
1.0
MoveTriggerTag
0
-1.54
0
-2362.304
343.704
615.6511
1.0
FldObj_CliffGrayParts_A_05_Far
0.3789775
1.396953
1.501276
-2058.407
205.2255
747.093
1.0
LinkTagAnd
0
0
0
-2471.871
313.9518
551.1249
1.0
FldObj_CliffYellowCurve_A_01_Far.001
-0.09614503
0.4243143
0.3368537
-2866.748
148.7172
363.9041
1.0
LinkTagAnd
0
0
0
-2359.392
349.6737
615.8456
1.0
FldObj_CliffGashamahi_A_01.002
-1.285083
1.396146
0.9404959
-2392.867
317.2852
645.8676
1.0
FldObj_CliffYellowRock_A_01.004
0.36
0
0
-2313.961
95.31773
41.90817
1.0
FldObj_CliffYellowWall_A_04.001
-0.0119546
-0.9988531
-0.3358628
-2640.964
227.8446
332.9698
1.0
FldObj_CliffGrayParts_A_07.003
-0.4081259
0.4121365
-0.02010466
-2199.962
405.8472
460.6017
0.9
LinkTagAnd
0
0
0
-2050.9
396.5508
304.4
1.0
Obj_LiftRockWhite_A_01.002
0.05995217
-0.002397924
0.0399281
-2729.914
219.7344
761.3723
1.0
ActorObserverTag
0
0.8199993
0
-2447.888
320.3486
371.8637
1.0
LinkTagOr
0
-2.32
0
-2198.897
406.5223
448.2716
1.0
LinkTagOr
-0.3141268
1.472857
-0.4698624
-2053.113
258.1109
635.4529
1.0
FldObj_CliffYellowWall_A_05.002
-0.05357725
-1.429641
-0.45597
-2668.504
332.9409
679.3928
1.0
LinkTagOr
0
-0.5800001
0
-2492.285
312.9511
589.9445
1.0
Item_Fruit_A
0
0
0
-2464.39
312.2314
535.3231
1.0
FldObj_CliffYellowWall_A_04.002
2.740605
-0.05376992
-3.123069
-2045.87
382.8587
283.8055
1.1
Obj_TreeBaobab_A_02.002
0
-1.695415
0
-2810.5
199.1305
618
1.0
FldObj_CliffYellowWall_A_05_Far.001
-0.05706567
0.2183921
0.04676357
-2742.46
308.9548
275.0607
0.8
Obj_Plant_IvyBurn_A_01.007
2.517945
-0.7597196
-2.716254
-2288.707
437.5563
470.8463
1.0
LinkTagOr
0
2.983185
0
-2179.079
407.0975
462.7195
1.0
FldObj_TorchStandBone_A_01.002
0
0
0
-2670.5
115.0705
376.5
1.0
LinkTagOr
0
-3.130834
0
-2559.184
306.1201
650.0007
1.0
Obj_Plant_ChiliPepper_A_01.002
0
1.103123
0
-2093.963
299.2845
529.2315
1.0
Npc_HiddenKorokFly
0
3.041593
0
-2351.149
263.4041
846.18
1.0
FldObj_RockDislocation_D_03.004
0
-1.461591
0
-2484.698
309.9042
659.9122
1.15
LinkTagOr
0
0
0
-2456.156
307.1079
544.8657
1.0
LinkTagOr
0
2.983185
0
-2172.66
405.0975
463.7448
1.0
LinkTagOr
0
-2.461593
0
-2248.108
448.5183
464.9875
1.0
ConstraintDummy
0
1.153156
0
-2086.324
299.5205
539.2593
1.0
Item_Fruit_A
0
1.705777
0
-2605.313
236.4586
307.8435
1.0
FldObj_CliffYellowRock_A_01_Far.008
0.4298261
-1.15836
-0.4659792
-2422.405
92.49959
197.6219
1.0
TBox_Field_Iron
1.125837
0.3284441
0.1026693
-2294.006
111.1221
97.94989
1.0
Obj_TreeConiferous_A_03.003
0
0
0
-2118.223
300.7858
620.7471
1.0
Obj_RockBroken_A_02
0
0.7336295
0
-2041.04
423.3022
296.353
1.0
LinkTagOr
0
-0.3804033
0
-2562.388
306.1236
652.6272
1.0
LinkTagNone
0
0
0
-2304.379
106.1698
72.10532
1.0
LinkTagPulse
0.191472
0.01110305
-0.1154938
-2199.863
359.1742
731.0057
0.25
FldObj_CliffYellowWall_A_01_Far.006
2.677271
-1.22618
-3.05369
-2334.432
451.2193
384.2989
0.7
LinkTagAnd
0
1.701593
0
-2310.538
393.6296
590.6347
1.0
SwitchTimeLag
0.1822734
1.32906
1.689548
-2482.792
310.5617
541.6241
0.5
FldObj_CliffYellowWall_A_01.003
-0.1771228
0.8844785
-0.0263911
-2438.039
229.6234
65.33795
1.0
Area
0
0.121593
0
-2299.941
383.0955
589.3173
1.0
Item_Fruit_I
0
-0.3800353
0
-2094.135
300.2677
526.8677
1.0
DgnObj_DungeonEntrance_A_01_Far
0
-0.36
0
-2297.432
438.5684
460.7282
1.0
FldObj_CliffYellowCurve_A_01_Far.002
-0.1966162
1.257661
0.2392599
-2180.415
408.904
341.9387
1.0
Area
0
0
0
-2256.585
582.7334
371.4292
153.4777
LinkTagAnd
0
0
0
-2140.5
329.8173
507.5002
1.0
FldObj_CliffYellowRock_A_01.005
-3.001886
-0.3872554
2.862334
-2368.4
137.9
162.2
1.0
LinkTagNAnd
-0.1324961
0.0008297132
0.01250585
-2649.013
302.7543
547.5765
1.0
LinkTagOr
0
2.281593
0
-2543.164
310.2846
639.4799
1.0
AirWallHorse_HiddnKorok
0.05995217
-0.002397924
0.0399281
-2729.949
220.5916
761.4237
3
BeeHome
0
0
0
-2537.203
311.498
529.9026
1.0
LinkTagOr
0
-1.08
0
-2181.181
406.5102
448.0773
1.0
LinkTagAnd
0
2.792527
0
-2766.606
312.8968
198.1874
1.0
FldObj_CliffGashamahi_A_05
-2.041222
-0.6503575
0.158408
-2533.427
294.0604
726.6412
1.0
FldObj_CliffGrayParts_A_07_Far
2.280965
0.06601916
-3.108322
-2380.361
217.9431
1026.673
1.0
LinkTagOr
0.191472
0.01110305
-0.1154938
-2200.176
360.7918
731.3154
1.0
FldObj_CliffGrayParts_A_08.001
-1.004311
0.139351
-0.1920404
-2112.266
289.1071
556.9213
0.9
LinkTagNAnd
0
0
0
-1994.891
296.4713
158.3196
2
FldObj_CliffYellowWall_A_01.004
2.485428
-1.309236
-2.774182
-2818.953
315.9354
81.56744
1.0
FldObj_CliffGrayParts_A_05.001
0.3789775
1.396953
1.501276
-2058.407
205.2255
747.093
1.0
FldObj_RockDislocation_D_03_Far.003
-0.05999999
0
0
-2579.98
306.9763
682.0568
1.0
FldObj_CliffYellowRock_A_01.006
-0.24
0.48
0
-2291.609
419.9815
485.9793
0.85
Item_Fruit_I
0
-2.751706
0
-2095.451
300.1084
521.3031
1.0
ActorObserverTag
0
-0.8599998
0
-2540.374
307.7846
637.7382
2
Item_Fruit_A
0
1.705777
0
-2603.629
237.5086
309.8351
1.0
LinkTagOr
0
0
0
-2288.856
463.5161
413.6455
1.0
Obj_BreakBoxIron.002
-0.0009498634
-1.139948
0.001268685
-2689.977
115.1556
415.3031
1.0
FldObj_CliffGrayParts_A_07_Far.001
-0.9366083
0.9364451
-0.06860436
-2071.749
274.9771
528.7744
1.0
LinkTagOr
0
-2.279998
0
-2464.19
307.1859
551.6234
1.0
FldObj_CliffYellowRock_A_01.007
-0.9782083
-0.06028631
-0.3916225
-2323.631
440.0701
458.6765
0.8
FldObj_CliffYellowWall_A_04_Far.003
0
-3.080001
0
-2077.662
203.1633
144.3573
1.0
FldObj_CliffGashamahi_A_01.003
1.519655
0.7707839
2.659808
-2213.823
430.1671
356.4592
1.0
FldObj_CliffYellowWall_A_01.005
-0.1771228
0.8844785
-0.0263911
-2438.039
229.6234
65.33795
1.0
Item_Fruit_I
0
1.103123
0
-2093.922
300.1645
529.0217
1.0
ActorObserverTag
0
0
0
-2487.098
311.2097
592.1805
2
FldObj_CliffYellowWall_A_09.001
-0.1671487
1.034669
-0.07797398
-2108.656
200.0367
680.3466
1.0
FldObj_RockDislocation_D_03.005
-2.375092
1.216044
-2.411185
-2470.144
307.5529
633.684
1.0
LinkTagAnd
0
2.792527
0
-2769.072
308.3754
221.9451
1.0
EventTag
0
-2.858063
0
-2748.987
309.3935
223.7334
1.0
LinkTagOr
0
0.18
0
-2469.904
312.7518
550.7668
1.0
Area
0
0
0
-2288.856
461.7162
413.6455
2
Obj_Plant_IvyBurn_A_01.008
0.3823751
0.4126939
0.294629
-2731.636
220.2089
761.0281
1.0
Item_Fruit_D
0
-2.32
0
-2197.712
410.7723
446.912
1.0
SwitchTimeLag
1.570796
0.09999935
3.141593
-2350.85
265.9822
843.1949
0.5
PosAfterDemoSkip
0
2.781593
0
-2299.944
439.5684
467.1188
1.0
Item_Fruit_A
0
0
0
-2466.64
312.4814
531.7231
1.0
FldObj_KorokTarget_A_01.001
0
0
0
-1999.016
291.8463
152.7415
1.0
LinkTagAnd
0
0
0
-2762.252
310.6786
201.5149
1.0
Obj_TreeConiferous_A_03.004
0
0.8916621
0
-2110.27
300.542
545.8737
1.0
LinkTagOr
0
2.619999
0
-2480.32
311.421
559.155
1.0
LinkTagOr
0
0.4742281
0
-2095.892
299.3661
540.9407
1.0
LinkTagOr
0
0
0
-1992.891
299.9713
161.3196
2
LinkTagPulse
0
0
0
-2297.86
463.6161
341.1622
0.25
FldObj_CliffYellowWall_A_11_Far.002
-0.2741062
0.05998984
0.06682315
-2554.387
217.8294
-28.48401
1.2
FldObj_RockDislocation_D_05
0.05652237
0.24938
-0.1994338
-2592.829
315.4078
624.2118
1.0
Item_Fruit_I
0
-2.562068
0
-2094.23
300.3944
529.265
1.0
Obj_Plant_Lotus_A_01.001
0
-3.130834
0
-2561.486
306.1292
650.6541
1.0
LinkTagOr
0
0
0
-2343.994
675.9454
334.9669
23.85638
Area
0
0.18
0
-2471.871
313.9518
551.1249
2
Area
0
0
0
-2218.923
372.4364
593.8209
2
Item_Fruit_A
0
1.705777
0
-2603.622
236.3586
308.7744
1.0
FldObj_CliffGrayParts_A_05_Far.001
-1.624025
0.06692669
-0.007573956
-2053.549
178.6246
837.722
1.0
LinkTagPulse
0
0
0
-2907.738
117.5645
796.266
0.25
Obj_Plant_Korok_A_01.001
-1.953842
-1.140106
1.487671
-2263.903
443.9254
440.5049
1.0
Item_Fruit_A
0
0
0
-2467.69
313.6314
531.5731
1.0
Item_Fruit_D
-3.052176
-0.930687
-3.020392
-2195.888
411.325
444.4308
1.0
Obj_Plant_IvyBurn_A_01.009
0.5948143
-0.7393395
-0.7685078
-2727.158
219.6622
761.1371
1.0
LinkTagOr
-0.1324961
0.0008297132
0.01250585
-2642.013
302.7097
546.5795
1.0
FldObj_CliffYellowWall_A_11.004
2.794183
0.3126915
2.886309
-2093.286
292.2864
231.7194
1.0
FldObj_CliffYellowWall_A_04.003
3.006242
-0.8599873
2.84156
-2665.324
284.6494
559.6333
1.3
Kibako_Contain_01
0.001407761
1.105175E-05
-0.002963338
-2683.502
115.1569
395.4998
1.0
FldObj_CliffYellowWall_A_05_Far.002
-3.06183
-0.7236881
3.048934
-2359.725
304.6501
177.1129
1.0
FldObj_CliffGrayParts_A_08.002
0.7840363
0.8387057
2.078538
-2049.168
204.1767
691.5477
1.0
LinkTagNAnd
0
0
0
-1990.891
296.4713
158.3196
2
Obj_TreeBroadleaf_B_L_01.001
0
-2.56
0
-2419
310.5
696
1.0
Npc_HiddenKorokGround
0
-6.020205E-08
0
-2918.603
118.2453
479.7349
1.0
Area
0
0
0
-2656
115.1023
379.5
10
LinkTagOr
0
2.603185
0
-2446.562
307.1206
573.6881
1.0
Item_Fruit_D
-2.541996
1.392244
-2.722867
-2196.75
410.2095
443.1503
1.0
Enemy_Giant_Bone
0
-1.4
0
-2217
372.3073
584
1.0
PosAfterDemoSkip
0
0.807128
0
-2748.16
309.3935
221.6177
1.0
Obj_TreeBaobab_A_02.003
0
-0.00758535
0
-2709
205.5933
819
1.0
FldObj_RockDislocation_D_03.006
0
-0.8415927
0
-2531.076
304.9322
610.7354
1.0
DgnObj_EntranceShutterSP
0
-2.334465
0
-2746.014
309.3937
223.8103
1.0
LinkTagAnd
-0.3141268
1.472857
-0.4698624
-2053.137
260.9584
636.8331
1.0
Item_Fruit_I
0
-2.998029
0
-2094.512
300.0377
526.7546
1.0
LinkTagAnd
0.9643087
0.6462216
-0.7316923
-2310.578
263.3412
24.44006
1.0
Npc_Musician_012
0
-2.532527
0
-2778.838
348.2394
206.3472
1.0
LinkTagPulse
0
0.7336295
0
-2040.298
426.4532
295.6832
0.25
Obj_RockYellow_A_L_04.001
-1.842126
0.1800949
-3.057128
-2885.939
143.4781
824.7975
1.0
LinkTagAnd
0
0
0
-2222
375.5
593.5
1.0
LocationTag
0
0
0
-2741.816
308.3295
227.8638
1.0
Item_Fruit_E
0.1212414
-0.3709424
-0.2343747
-2559.811
306.9926
652.8867
1.0
LinkTagAnd
0
-0.1584075
0
-2175.623
409.5975
463.2718
1.0
FldObj_CliffYellowRock_A_01.008
2.79753
-0.7871128
-2.47403
-2380.9
167.8
207.5
1.0
FldObj_CliffYellowWall_A_05.003
3.07515
0.222574
3.133157
-2166.703
310.429
145.7521
1.0
Obj_LiftRockWhite_A_01.003
0.8098857
0.09820792
-0.1167926
-2312.612
262.543
23.9671
1.0
Obj_Plant_IvyBurn_A_01.010
-2.900691
1.198057
-2.743798
-2648.633
300.1017
549.1461
1.0
Obj_Plant_KorokColor_A_01.005
2.875141
0.4643954
2.951096
-2483.032
307.8498
544.366
0.95
Obj_Plant_IvyBurn_A_01.011
0.5162606
-1.279006
-0.2596253
-2729.461
220.1097
760.8085
1.0
DestinationAnchor
0
0.283529
0
-2749.266
309.3935
222.7733
1.0
Obj_TreeDragonblood_A_02
0
0
0
-2774.954
308.7561
221.0341
1.5
FldObj_RockDislocation_D_03_Far.004
0
1.561593
0
-2565.999
304.8879
683.0273
1.0
LinkTagOr
0
0.7250436
0
-2105.503
299.2776
531.2394
1.0
LinkTagAnd
0
0
0
-2490.677
314.9172
589.3242
1.0
SpiritForest_Effect
0
0
0
-2279.664
461.4523
345.4883
1.0
Area
0
0
0
-1993.438
290.05
170.4446
3.399084
FldObj_CliffYellowHead_A_01.001
-0.5039544
0.2886148
0.2363279
-2154.125
206.208
805.0573
0.7
LinkTagOr
0
0.7336295
0
-2040.669
428.0532
296.0178
1.0
FldObj_CliffYellowWall_A_05_Far.003
-3.060909
-1.182093
3.119511
-2449.878
315.7756
365.6627
1.0
Obj_RockBroken_A_02.001
0.1199999
0.4833258
0
-2140.573
328.5914
505.3503
1.0
FldObj_RockDislocation_A_05
-0.0911708
0.5736032
-0.1669063
-2693.605
312.9773
120.6189
1.0
Obj_TreeBaobab_A_02.004
0
-3.047491
0
-2831
203.7905
762
0.9
LinkTagOr
0
-0.6200001
0
-2292.993
442.1872
466.495
1.0
Weapon_Lsword_056
-0.007222913
0.3302715
0.001503382
-2256.845
115.5893
92.00196
1.0
FldObj_RockDislocation_D_03.007
2.904809
1.005398
2.957052
-2539.51
304.6802
702.7314
0.9
MusicianSpotBgmTag
0
0
0
-2772.531
348
201.6764
5
FldObj_CliffYellowWall_A_04.004
0.1708018
-1.356171
-0.3713282
-2827.634
297.1235
226.7766
1.3
LinkTagAnd
0
0
0
-2323.07
723.6306
391.4214
10
LinkTagAnd
0
0
0
-2248.566
446.9056
462.7245
1.0
FldObj_CliffYellowRock_A_01_Far.009
2.516541
0.02214876
-2.949553
-2123.236
309.5987
185.6415
1.0
Item_Fruit_I
0
0.9134852
0
-2095.102
299.8784
521.1224
1.0
Area
0
-2.270658
0
-2741.816
308.3295
227.8638
25
LinkTagAnd
0.06067799
6.632302E-05
-0.002185393
-2216.5
371.5
625
1.0
ConstraintDummy
0
2.675538
0
-2111.516
299.9053
547.5531
1.0
LinkTagAnd
0
0
0
-2447.557
323.9434
365.7418
1.0
Obj_BreakBoxIron.003
3.138895
-0.4627402
-3.139404
-2712.08
117.1127
423.3663
1.0
LinkTagPulse
0.05995217
-0.002397924
0.0399281
-2728.955
220.7717
761.4346
0.25
LinkTagAnd
0
-0.36
0
-2300.949
439.5684
465.8152
0.3
FldObj_CliffYellowRock_A_01_Far.010
2.79753
-0.7871128
-2.47403
-2380.9
167.8
207.5
1.0
SwitchTimeLag
-1.570796
0.8199995
0
-2447.557
323.9434
365.7418
0.5
Obj_RockBroken_A_02.002
-2.025539
0.1927107
3.12088
-2073.5
217
160.5
1.0
FldObj_CliffYellowRock_A_01_Far.011
-0.9782083
-0.06028631
-0.3916225
-2323.631
440.0701
458.6765
0.8
Weapon_Lsword_020
0.1199997
0
0
-2050.233
396.7115
302.0352
1.0
Item_Fruit_A
0
0
0
-2465.49
312.5814
530.1732
1.0
FldObj_CliffYellowWall_A_05.004
0
1.08
0
-2543.031
225.2791
283.2443
1.0
ActorObserverTag
0
0
0
-2215.073
373.1106
592.7678
1.0
LinkTagOr
0
-0.6200001
0
-2293.807
441.0372
465.9139
1.0
Obj_TreeDorian_A_01.002
0
0.8215929
0
-2196.512
406.5223
445.7808
1.0
FldObj_CliffYellowWall_A_09_Far.002
-0.1671487
1.034669
-0.07797398
-2108.656
200.0367
680.3466
1.0
FldObj_CliffYellowWall_A_08
0
0.8415927
0
-2219.156
305.6934
576.9684
1.0
Item_Fruit_D
0
0
0
-2448.606
311.7451
569.0444
1.0
LinkTagAnd
0
0
0
-2225.193
372.5555
591.9195
1.0
Npc_HiddenKorokGround
0
6.306384E-08
0
-2312.609
262.63
24.0163
1.0
Item_Fruit_A
0
1.705777
0
-2600.357
236.1086
306.0604
1.0
Item_Fruit_I
0
-1.77667
0
-2093.901
300.2345
529.4533
1.0
Obj_Plant_IvyBurn_A_01.012
-0.7221153
1.074821
-0.709861
-2292.593
438.2301
466.3322
1.0
Obj_TreeBaobab_A_02.005
0
-2.127125
0
-2664
206.1951
875.5
1.0
LinkTagAnd
0
0
0
-2291.585
373.2971
608.8014
1.0
Obj_RockYellow_A_L_04.002
2.776793
0.3633398
-2.902469
-2096.631
350.8282
402.6811
0.7
MoveTriggerTag
0
0
0
-2296.371
418.4798
560.0644
1.0
Obj_Plant_KorokColor_A_01.006
1.75307
1.32906
1.689548
-2482.4
307.5296
545.5051
0.9200001
Item_Fruit_E
-3.109015
-0.01050369
-2.923414
-2561.665
306.9891
650.7433
1.0
Obj_Plant_ChiliPepper_A_01.003
0
0.9134852
0
-2095.182
298.9984
521.3207
1.0
Item_Fruit_D
0
1.739999
0
-2193.568
409.6903
431.8492
1.0
LinkTagOr
-0.1324961
0.0008297132
0.01250585
-2645.511
302.5998
547.5998
1.0
LinkTagAnd
0
2.792527
0
-2762.661
312.8968
187.3593
1.0
LinkTagAnd
0
0.8199995
0
-2447.557
322.9434
365.7418
1.0
Obj_LiftRockWhite_A_01.004
-0.1461321
-0.02253192
-0.3054436
-2918.633
118.1511
479.7495
1.0
FldObj_RockDislocation_A_06_Far
-0.04306202
-0.3812799
-0.04399969
-2709.815
308.9865
46.90549
1.0
LinkTagOr
0
0
0
-2483.191
328.3983
500.9054
1.0
FldObj_CliffYellowWall_A_09_Far.003
0
0.28
0
-2995.686
98.30011
462.0656
1.0
FldObj_CliffYellowHead_A_01.002
0
0
0
-2287.318
453.9481
412.4324
1.0
MoveTriggerTag
0
-1.04
0
-2281.885
394.8703
582.2344
1.0
LinkTagAnd
0.4906107
0.1435906
-1.196891
-2916.426
118.4924
479.649
1.0
Npc_HiddenKorokFly
0
0
0
-1992.891
291.315
161.3196
1.0
Obj_TreeBaobab_A_02.006
0
-0.1078385
0
-2754.5
202.4085
819
1.0
FldObj_CliffGashamahi_A_01_Far.001
-1.285083
1.396146
0.9404959
-2392.867
317.2852
645.8676
1.0
Enemy_Octarock_Desert
0
-0.6799999
0
-2663.523
115.0843
377.6055
1.0
Area
-0.2032992
0.04099941
0.3967203
-2483.662
328.9588
504.5545
3
LinkTagNAnd
0
0.4615937
0
-2281.487
459.2875
434.1364
1.0
LinkTagAnd
0
0
0
-2345.219
394.7641
545.3705
1.0
LinkTagAnd
1.034514
-0.1420879
-0.8426647
-2288.923
439.1872
469.4001
1.0
Area
-0.1324961
0.0008297132
0.01250585
-2645.991
301.0079
547.8119
3
LinkTagAnd
0
-0.5800001
0
-2493.122
312.9511
589.3969
1.0
LinkTagAnd
0
0
0
-2288.856
461.7162
413.6455
1.0
LinkTagOr
0
0
0
-2298.36
465.2161
341.1619
1.0
LinkTagOr
0
-0.8599998
0
-2540.374
310.7846
637.7382
1.0
FldObj_RockDislocation_D_03_Far.005
-3.062806
-0.06158646
-3.121619
-2518.161
304.7942
700.439
1.0
Obj_Plant_Lotus_A_01.002
0
-0.3804033
0
-2560.011
306.1326
652.9009
1.0
Obj_Plant_Korok_A_01.002
-2.686161
-0.6715705
3.03149
-2248.358
445.7983
463.1377
1.0
LinkTagAnd
0
0.4615937
0
-2279.696
459.2875
433.2456
1.0
Obj_Plant_ChiliPepper_A_01.004
0
-2.998029
0
-2094.316
299.1577
526.6676
1.0
Area
0
0
0
-2772.531
348
201.6764
5
Obj_Plant_KorokColor_A_01.007
0
-2.441455
0
-2476.105
308.421
559.8475
1.0
LookTag
0
-0.36
0
-2301.131
438.5684
470.5551
1.0
Area
0.191472
0.01110305
-0.1154938
-2200.856
359.2896
731.0168
3
Item_Fruit_I
0
2.675538
0
-2109.927
300.7853
548.3848
1.0
FldObj_CliffYellowTunnel_A_01_Far.001
0
0
0
-2832.141
123.4718
394.2672
1.0
FldObj_CliffYellowCurve_A_01
-0.1966162
1.257661
0.2392599
-2180.415
408.904
341.9387
1.0
LinkTagAnd
0
0
0
-2075.334
225.3969
150.7297
1.0
LinkTagOr
0
0
0
-2512.196
309.4428
712.5044
1.0
LinkTagOr
0.05122166
6.901399E-05
-0.002694128
-2214.5
371.5
623
1.0
Area
0
0
0
-2495.997
306.8238
586.694
1.0
FldObj_CliffGrayParts_A_08_Far.001
0.7840363
0.8387057
2.078538
-2049.168
204.1767
691.5477
1.0
LinkTagAnd
0
2.792527
0
-2769.208
310.7327
205.3358
1.0
Obj_LiftRockWhite_A_01.005
0
0.7336295
0
-2041.04
425.4532
296.3528
1.0
Area
0
0
0
-2200.972
358.8712
730.8265
0.856728
FldObj_CliffYellowWall_A_04.005
0
-3.080001
0
-2077.662
203.1633
144.3573
1.0
Obj_Mineral_B_01
0.4893552
0.1051878
0.08380221
-2080.401
332.8287
207.6448
1.0
AirWallHorse_HiddnKorok
0
-0.6200001
0
-2290.551
439.0465
468.2381
3
FldObj_CliffYellowWall_A_05.005
-3.060909
-1.182093
3.119511
-2449.878
315.7756
365.6627
1.0
LinkTagOr
0
0
0
-2464.9
307.2314
529.1088
1.0
FldObj_CliffYellowWall_A_11_Far.003
-0.7168362
-0.2980991
0.04860131
-2343.989
302.0977
678.7885
1.0
FldObj_CliffYellowRock_A_01_Far.012
0.2
0
0
-2371.961
92.45055
31.88278
1.0
TBox_Field_Iron
0.9756458
1.223772
0.9414429
-2304.339
106.1389
72.38111
1.0
LinkTagAnd
0
-2.279998
0
-2463.975
307.1859
554.4436
1.0
LinkTagOr
0
-1.39634
0
-2083.422
299.2145
529.2581
1.0
FldObj_CliffYellowWall_A_09.002
-0.5399417
-0.01511466
0.03449883
-2400.027
154.2901
911.3218
1.3
LinkTagOr
0
0
0
-2225.533
374.101
591.0964
1.0
LinkTagOr
0
0.18
0
-2469.546
312.7518
552.7345
1.0
FldObj_RockDislocation_D_03.008
0.2240296
-0.09504385
0.04897222
-2464.658
307.0493
658.7787
1.0
LinkTagAnd
0
2.792527
0
-2769.072
308.3754
221.9451
1.0
FldObj_CliffYellowWall_A_05_Far.004
0
1.08
0
-2543.031
225.2791
283.2443
1.0
LinkTagAnd
0
0
0
-2031.713
282.0769
500.2263
1.0
FldObj_TorchStandBone_A_01.003
0
-2.28
0
-2749
115.071
435.5
1.0
Item_Fruit_I
0
-2.512036
0
-2087.375
300.6305
541.1441
1.0
LinkTagAnd
0
1.86
0
-2304.324
388.6904
616.5561
1.0
LinkTagNone
0
0
0
-2739.494
115.0963
433.2847
1.0
LinkTagAnd
0
0
0
-2217.901
375.6494
592.7736
1.0
Obj_RaftWoodSail_A_S_01
0
-1.57999
0
-2257.438
115.0042
89.50519
1.0
FldObj_CliffYellowWall_A_03_Far.001
-0.2991433
1.020729
0.5424672
-2387.38
287.1555
814.4894
1.0
FldObj_CliffYellowWall_A_11.005
-0.4793276
0.1362328
0.06546877
-2286.832
350.2659
567.0917
1.0
Obj_RockYellow_A_L_04_Far.002
-1.842126
0.1800949
-3.057128
-2885.939
143.4781
824.7975
1.0
Obj_MineralBury_A_01
3.02446
-0.003705428
-2.585852
-2060.779
399.375
276.8344
1.0
LinkTagAnd
-0.1461321
-0.02253192
-0.3054436
-2918.328
120.7521
479.3599
1.0
FldObj_CliffYellowWall_A_05.006
0
-1.1
0
-2863.985
197.5745
815.3918
1.0
Obj_Plant_IvyBurn_A_01.013
0.1849484
-0.1766151
0.2110517
-2291.72
438.7086
466.9462
1.0
LinkTagOr
0
0
0
-1984.315
350.9926
362.9465
1.0
FldObj_RockDislocation_D_03_Far.006
0.01966214
-0.1386213
-0.1413651
-2586.526
314.6958
658.2638
1.0
FldObj_CliffYellowRock_A_01.009
-0.4050628
-0.6128702
-0.9302385
-2420.319
270.5715
-26.97162
0.8
Item_Fruit_A
0
0
0
-2031.102
252.6012
637.0405
1.0
FldObj_CliffGashamahi_A_04.002
-0.9732879
0.537041
0.9578781
-2390.659
340.2103
534.691
1.0
SwitchTimeLag
-1.570796
0
0
-1991.891
297.315
161.3196
0.5
FldObj_CliffGashamahi_A_04_Far.001
-0.9732879
0.537041
0.9578781
-2390.659
340.2103
534.691
1.0
Area
1.75307
1.32906
1.689548
-2482.732
308.8353
545.3195
2
Obj_RockBroken_A_02.003
0
0
0
-2483.191
326.9311
504.9054
1.0
FldObj_CliffYellowWall_A_01.006
-0.4076414
1.161402
-0.06391545
-2623.185
317.0623
74.35065
1.0
Enemy_Lizalfos_Middle
0
0
0
-2666
115.0335
447.5
1.0
Item_Fruit_E
0.2833313
-0.8370719
-0.3291277
-2558.291
306.9926
644.0942
1.0
LinkTagAnd
0
0
0
-2303.177
415.0142
560.8043
1.0
FldObj_FallingRock_A_03
0
0
0
-2365.212
344.1039
615.5984
1.0
SwitchTimeLag
-1.570796
1.001591
0
-2262.219
446.9254
441.5828
0.5
LinkTagAnd
0
0
0
-2400.263
358.0687
573.0769
1.0
Obj_Plant_Lotus_A_01.003
0
-1.126616
0
-2549.737
306.1326
664.3687
1.0
LinkTagAnd
0
0
0
-2341.489
396.8747
551.7852
1.0
LinkTagAnd
0
-2.334465
0
-2746.966
309.3935
223.1259
1.0
Area
0
0
0
-2670.5
115.0705
376.5
10
Area
0
0.4615937
0
-2281.032
457.4875
430.5596
2
Item_Fruit_I
0
-1.726638
0
-2087.036
300.4705
541.3157
1.0
Area
0
0
0
-2298.86
463.6162
341.1622
3
Area
-3.054049
0.1562638
-3.092046
-2187.651
375.1239
573.2342
0.7
LinkTagAnd
-0.1324961
0.0008297132
0.01250585
-2646.51
302.5874
547.6011
1.0
LinkTagAnd
0
0
0
-2138.044
330.5148
507.68
1.0
ActorObserverTag
0
-0.8599998
0
-2539.069
307.7846
639.2539
2
Obj_TreeApple_A_L_01.001
0
0
0
-2464.49
307.2314
532.7731
1.0
FldObj_CliffYellowCurve_A_01.001
0
2.56
0
-2906.256
117.0754
806.4683
1.0
LinkTagOr
0
0.4615937
0
-2281.032
459.2875
430.5596
1.0
FldObj_RockDislocation_D_03_Far.007
0.2240296
-0.09504385
0.04897222
-2464.658
307.0493
658.7787
1.0
LinkTagAnd
0
0
0
-2297.432
442.6777
460.7282
1.0
FldObj_RockDislocation_A_05.001
0
0.5399999
0.22
-2773.231
310.5623
86.26648
1.0
Obj_Plant_ChiliPepper_A_01.005
0
2.675538
0
-2109.718
299.9053
548.4253
1.0
Obj_TreeDorian_A_01.003
0
-2.461593
0
-2189.547
406.4578
448.0024
1.0
LinkTagAnd
0
0
0
-2067.23
400.6
270.375
1.0
Enemy_Lizalfos_Middle
0
0
0
-2685.5
115.0335
457.5
1.0
Area
0
0.2800001
0
-2291.585
373.2971
608.8014
1.0
Obj_Plant_IvyBurn_A_01.014
-0.101062
-0.0001736766
-0.2996373
-2729.236
219.7092
758.7408
1.0
FldObj_PushRock_Korok.002
2.840899
0.09901775
3.127593
-2355.213
311.3596
740.6058
0.8
Npc_HiddenKorokGround
0
0
0
-2645.98
300.1651
547.9241
1.0
LinkTagOr
0
-2.279998
0
-2462.457
310.1859
555.7461
1.0
FldObj_FallingRock_A_01.001
1.305292
-0.4273824
0.4866453
-2359.92
378.9682
542.681
1.0
Item_Fruit_D
0
0
0
-2470.077
321.0465
721.2952
1.0
LinkTagAnd
0
0
0
-2283.85
396.4017
587.334
1.0
Obj_TreeDragonblood_A_02.001
0
0
0
-2793.995
307.8892
204.7802
1.0
FldObj_CliffYellowRock_A_01.010
1.524378
0.9955763
2.4095
-2239.391
415.8682
457.1082
1.0
LinkTagAnd
0
0
0
-1997.891
294.9713
155.3196
2
Obj_Plant_Lotus_A_01.004
0
-0.8644179
0
-2558.474
306.1326
644.014
1.0
ConstraintDummy
0
-2.998029
0
-2096.29
299.1577
526.9819
1.0
Item_Fruit_E
0.4617474
-1.079155
-0.4762923
-2549.581
306.9926
664.4935
1.0
LinkTagAnd
0.5142446
0.009440615
-0.0358999
-2313.019
264.8227
25.25082
1.0
Obj_LiftRockWhite_A_01.006
0
-0.6200001
0
-2290.551
438.1872
468.2381
1.0
LinkTagAnd
0
0
0
-2412.13
346.6937
619.8191
1.0
Obj_Plant_KorokColor_A_01.008
-0.2024056
1.392929
-0.3961491
-2472.569
312.4178
551.501
0.96
LinkTagAnd
0.03160455
0.0007135649
-0.0451444
-2215
372
616
1.0
FldObj_CliffYellowWall_A_04_Far.004
0.1708018
-1.356171
-0.3713282
-2827.634
297.1235
226.7766
1.3
Obj_Plant_IvyBurn_A_01.015
1.642255
-1.179227
-1.905225
-2726.875
219.1626
762.3909
1.0
Obj_Plant_IvyBurn_A_01.016
-0.4920151
-0.5593458
0.5313685
-2645.687
299.2785
545.315
1.0
Item_Fruit_A
0
0
0
-2029.302
252.9512
632.4405
1.0
FldObj_CliffYellowWall_A_03
-0.3979684
0.03538475
-0.1053117
-2834.453
125.2014
418.7633
1.0
LinkTagOr
0
2.619999
0
-2476.593
308.421
556.6833
1.0
Area
0.5799999
-1.340003
0
-2419.433
312.8215
630.6351
1.0
Obj_TreeBaobab_A_02.007
0
1.479901
0
-2793
208.6539
734.5
0.9
ConstraintDummy
0
0.9134852
0
-2093.983
298.9984
519.7214
1.0
FldObj_CliffGrayParts_A_01.001
1.196401
0.7734025
2.030682
-2123.26
331.2491
472.6663
1.0
FldObj_CliffYellowWall_A_04_Far.005
2.740605
-0.05376992
-3.123069
-2045.87
382.8587
283.8055
1.1
LinkTagOr
0
0
0
-2469.449
307.837
541.7733
1.0
FldObj_RockDislocation_D_03_Far.008
0
-0.8415927
0
-2531.076
304.9322
610.7354
1.0
EventTag
0
0
0
-2282.319
455.0581
346.5944
1.0
Item_Fruit_D
0
-1.08
0
-2182.082
410.7602
446.5149
1.0
Item_Fruit_D
0
0
0
-2531.572
312.9846
543.7798
1.0
FldObj_CliffYellowWall_A_11.006
-0.3598085
-0.1804561
-0.3075276
-2088.185
336.2473
335.0925
1.0
Obj_TreeApple_A_M_01.001
0
0
0
-2538.671
309.4715
529.9929
1.0
Obj_BreakBoxIron.004
0.002938202
-0.739905
-0.0007961828
-2712.687
115.1153
422.7929
1.0
FldObj_CliffYellowWall_A_11_Far.004
0.3558342
0.5511996
-0.1588658
-2253.3
350.6341
524.5135
0.7
FldObj_RockDislocation_D_01.002
0.04313906
-0.2969755
-0.1464541
-2549.425
306.4994
575.6445
1.0
LinkTagOr
0
-1.126616
0
-2551.297
306.1236
662.5535
1.0
LinkTagPulse
0
-0.6200001
0
-2289.737
439.1872
468.8191
0.25
LinkTagNAnd
0
0
0
-1992.891
297.9713
158.3196
2
FldObj_CliffYellowRock_A_01_Far.013
-0.7175177
-0.06587624
-0.07528961
-2464.462
240.9816
-7.026306
1.2
Obj_TreeApple_A_M_01.002
0
0
0
-2785.189
210.1012
652.7047
1.0
Kibako_Contain_01
-0.0009485121
-0.0799982
0.00289061
-2676
115.1578
389.501
1.0
FldObj_CliffYellowTunnel_A_01
0
0
0
-2832.141
123.4718
394.2672
1.0
FldObj_RockDislocation_D_03.009
-3.062806
-0.06158646
-3.121619
-2518.161
304.7942
700.439
1.0
Area
0
2.603185
0
-2175.129
407.0475
463.3505
1.7
Obj_BreakBoxIron.005
3.138575
-0.3200138
3.141518
-2727.103
115.1166
416.8617
1.0
LinkTagAnd
0
3.041593
0
-2350.652
265.9041
846.2297
1.0
Obj_TreeConiferous_A_03.005
0
0
0
-2064.887
302.0704
494.3185
1.0
FldObj_CliffYellowWall_A_04_Far.006
-0.4011968
-1.480734
-0.07402638
-2337.773
417.885
493.1486
1.1
Obj_KorokIronRock_A_01
-0.4878613
-0.1142088
-0.2115459
-2498.473
304.332
594.1745
1.0
FldObj_CliffGrayParts_A_07_Far.002
-0.7465221
-0.2182967
0.1155174
-2319.167
226.2161
893.3719
1.0
FldObj_CliffYellowWall_A_03.001
-0.2991433
1.020729
0.5424672
-2387.38
287.1555
814.4894
1.0
Obj_TreeBaobab_A_02.008
0
1.945155
0
-2787
204.2495
791.5
0.9
LinkTagOr
0.05995217
-0.002397924
0.0399281
-2734.025
222.4173
761.5334
1.0
Obj_LiftRockWhite_Korok_A_01
0
0.8199993
0
-2447.206
318.1486
371.1325
1.0
LinkTagOr
-0.1324961
0.0008297132
0.01250585
-2642.014
302.974
548.562
1.0
FldObj_RockDislocation_D_03.010
0
-0.3599999
0
-2487.719
305.6682
602.6527
0.8
Item_Fruit_A
0
0
0
-2028.402
251.9512
632.4905
1.0
LinkTagAnd
0
-0.36
0
-2300.949
439.5684
465.8152
0.3
FldObj_CliffGrayParts_A_07.004
-0.8159583
-0.7843519
-1.110899
-2098.985
212.1126
754.5315
1.0
Obj_Plant_IvyBurn_A_01.017
-2.391149
1.231435
-2.233036
-2732.683
219.6886
761.0038
1.0
Obj_Plant_IvyBurn_A_01.018
-2.600311
-0.544806
2.597164
-2643.748
300.2135
548.0286
1.0
FldObj_CliffGrayParts_A_07.005
2.280965
0.06601916
-3.108322
-2380.361
217.9431
1026.673
1.0
Obj_RockYellow_A_L_04.003
1.34
0
0
-2875.656
177.5459
847.9093
1.0
FldObj_RockDislocation_D_04.001
-0.14
0
0.07999995
-2624.308
322.9429
609.1035
1.0
LinkTagOr
0
0.6799999
0
-2186.835
406.4578
445.873
1.0
ActorObserverTag
0
0.8199993
0
-2446.523
320.3486
370.4014
1.0
FldObj_CliffYellowWall_A_01.007
2.677271
-1.22618
-3.05369
-2334.432
451.2193
384.2989
0.7
ConstraintDummy
0
1.103123
0
-2093.087
299.2845
527.4351
1.0
LinkTagAnd
0
0
0
-1992.891
297.9713
153.3196
2
Obj_TreeConiferous_A_03.006
0
3.288727
0
-2209.045
373.8002
599.2692
1.0
Obj_Plant_ChiliPepper_A_01.006
0
1.153156
0
-2087.109
299.5205
541.0973
1.0
Obj_Plant_Korok_A_01.003
-2.887415
-0.8059399
2.736602
-2257.349
440.1331
452.4697
1.0
Obj_TreeApple_A_L_01.002
0
1.705777
0
-2602.871
231.1086
306.5027
1.0
Item_Fruit_D
0.1786265
0.1123219
-0.07273591
-2473.136
321.5992
721.6498
1.0
Npc_HiddenKorokGround
0
2.201591
0
-2450.164
317.9307
373.4799
1.0
LinkTagAnd
0
0
0
-2263.903
445.1255
440.5049
1.0
Obj_TreeDorian_A_01.004
0
-1.52
0
-2197.284
405.4068
441.7622
1.0
FldObj_CliffYellowRock_A_01.011
2.843326
-0.7144443
-2.725296
-2390.4
126.7
197.8
1.0
Obj_Plant_KorokColor_A_01.009
0.6797112
1.186897
0.5742351
-2483.092
307.5228
545.7297
1.02
LinkTagPulse
-0.2032992
0.04099941
0.3967203
-2482.741
329.3448
504.5136
0.25
FldObj_CliffYellowRock_A_01_Far.014
1.524378
0.9955763
2.4095
-2239.391
415.8682
457.1082
1.0
KorokAnswerResponce
0
0
0
-2489.739
313.1985
589.3242
0.5
Obj_Mineral_B_01.001
-1.280906
-0.1692387
-0.07530683
-2073.527
217.1117
159.8683
1.0
FldObj_CliffGrayParts_A_08.003
-1.282799
0.01788203
-0.2260755
-2110.623
190.5154
817.6258
1.0
FldObj_CliffGrayParts_A_07.006
-0.9366083
0.9364451
-0.06860436
-2071.749
274.9771
528.7744
1.0
FldObj_CliffGashamahi_A_01.004
-1.490897
-1.325288
0.8659611
-2414.472
310.1123
587.3303
0.8
LinkTagAnd
0.6100296
0.3150063
-0.8216668
-2727.956
220.8116
761.437
1.0
DgnObj_EntranceTerminalSP
0
-2.858063
0
-2748.987
309.3937
223.7334
1.0
ForceSetPosDirAutoSaveAnchor
0
0.807128
0
-2748.16
309.3935
221.6177
1.0
Obj_TreeDorian_A_01.005
0
3.141593
0
-2533.241
308.7267
543.6874
1.0
FldObj_RockDislocation_D_03_Far.009
-2.375092
1.216044
-2.411185
-2470.144
307.5529
633.684
1.0
Area
0
0
0
-2908.738
117.5646
796.266
3
LinkTagAnd
0
-2.02
0
-2476.4
309.7358
547.2173
1.0
Item_Fruit_I
0
-0.2042556
0
-2109.496
300.8553
548.3629
1.0
FldObj_CliffYellowWall_A_01_Far.007
0
-2.12
0
-2848.497
193.083
618.8846
1.0
LinkTagAnd
0
0
0
-1993.391
293.815
161.3198
1.0
LinkTagOr
-0.2032992
0.04099941
0.3967203
-2483.819
330.5919
504.211
1.0
FldObj_RockDislocation_A_01_Far
-3.141593
-0.5584076
-3.061593
-2760.256
302.7255
163.5967
1.0
LinkTagAnd
0
0
0
-2741.816
308.3295
227.8638
1.0
FldObj_CliffGashamahi_A_05.001
-2.138021
0.3470987
-0.2566159
-2242.493
439.848
355.1676
0.8
FldObj_CliffGrayParts_A_07_Far.003
-0.4081259
0.4121365
-0.02010466
-2199.962
405.8472
460.6017
0.9
FldObj_CliffYellowWall_A_11_Far.005
-0.3220886
-0.9643199
0.1615165
-2329.154
367.2698
537.4227
0.75
Item_Fruit_A
0
0
0
-2029.202
251.6512
634.6405
1.0
Obj_Plant_IvyBurn_A_01.019
1.490873
-1.055039
-1.55466
-2288.178
437.9909
469.6488
1.0
FldObj_PushRock_A_M_01
0.04757499
-0.8804163
0.00820805
-2200.91
360.5226
731.0441
1.0
Obj_RockLayerMoss_A_Cliff_02
0.1689414
-0.9344523
-0.128139
-2733.689
223.682
721.8172
1.0
LinkTagAnd
0
0
0
-1991.891
297.315
161.3196
1.0
FldObj_CliffGashamahi_A_01_Far.002
1.787786
0.5082565
-3.034714
-2423.422
305.1211
583.0817
0.7
LinkTagAnd
0
0
0
-2741.816
308.3295
227.8638
1.0
LinkTagOr
0
1.739999
0
-2193.929
405.4403
430.082
1.0
LinkTagAnd
0
0
0
-2288.856
463.5161
416.6455
1.0
SwitchTimeLag
0.3212208
0.1628712
0.1561171
-2075.334
225.3969
150.7297
1.0
FldObj_CliffYellowCurve_A_01_Far.003
0
2.56
0
-2906.256
117.0754
806.4683
1.0
FldObj_CliffGrayParts_A_07_Far.004
-2.765654
-1.513183
0.876756
-2208.654
199.0301
1123.467
1.0
FldObj_CliffGashamahi_A_01_Far.003
1.519655
0.7707839
2.659808
-2213.823
430.1671
356.4592
1.0
Item_Fruit_A
0
0
0
-2785.158
215.9012
655.4218
1.0
FldObj_CliffYellowWall_A_04.006
-0.4011968
-1.480734
-0.07402638
-2337.773
417.885
493.1486
1.1
FldObj_RockDislocation_D_05_Far
0.05652237
0.24938
-0.1994338
-2592.829
315.4078
624.2118
1.0
FldObj_CliffYellowRock_A_01.012
-0.05817182
-0.03736575
-0.5577968
-2288.85
426.858
447.4346
1.0
LinkTagAnd
0
0
0
-2492.02
317.8031
589.3093
2
FldObj_CliffYellowRock_A_01_Far.015
-0.24
0.48
0
-2291.609
419.9815
485.9793
0.85
Obj_TreeBaobab_A_02.009
0
-2.450047
0
-2775.5
201.5595
570
0.8
LinkTagNAnd
0
0
0
-2290.856
463.5161
416.6455
1.0
LinkTagOr
1.75307
1.32906
1.689548
-2480.875
308.0307
543.0084
1.0
Obj_BreakBoxIron.006
3.140597
-0.05954795
-3.138983
-2689.638
117.1543
416.0622
1.0
LinkTagNone
0
0
0
-2295.994
418.4322
563.2943
1.0
LinkTagAnd
0
0
0
-2223.086
375.5
590.0156
1.0
LinkTagOr
0
-0.8644179
0
-2560.451
306.1236
642.6653
1.0
Area
0
-1.340003
0
-2405.275
326.0816
582.2689
1.0
FldObj_FallingRock_A_01.002
0
1.86
0
-2285.4
397.4427
583.7943
1.2
Item_Fruit_I
0
-0.9896539
0
-2109.684
301.0153
548.6931
1.0
Area
0
0.7336295
0
-2041.04
426.4533
296.3528
3
BM_Relief
0
2.352527
0
-2772.582
308.1194
197.7867
1.0
LinkTagOr
0
0.2300591
0
-2085.646
299.3915
535.6396
1.0
Area
0
-0.14
0
-2766
119.7369
411
10
WallCrack
-0.6015918
-0.8052174
0.1451956
-2341.734
395.6671
549.4968
1.0
Obj_LiftRockWhite_A_01.007
0.191472
0.01110305
-0.1154938
-2200.972
358.3145
730.8265
1.0
Obj_RockSetYellow_A_L_01_Far
0.5995262
-0.8629823
-0.5029839
-2897.575
115.1555
801.5156
1.0
LinkTagNone
0
0
0
-2351.149
264.4041
846.18
1.0
FldObj_RockDislocation_D_01.003
-0.1168962
0.6295314
0.3366116
-2512.558
300.5189
703.7178
1.0
LinkTagOr
0
0
0
-1985.416
350.9926
362.9465
1.0
Obj_TreeConiferous_A_03.007
0
1.27627
0
-2197.681
372.3733
571.9077
1.0
LinkTagOr
0
0.7336295
0
-2043.719
423.3022
293.382
1.0
ActorObserverTag
0
0
0
-2497.145
311.2097
585.704
2
FldObj_CliffYellowWall_A_05_Far.005
-0.05357725
-1.429641
-0.45597
-2668.504
332.9409
679.3928
1.0
FldObj_TorchStandBone_A_01.004
0
0
0
-2656
115.1023
379.5
1.0
FldObj_CliffYellowCurve_A_01.002
-0.09614503
0.4243143
0.3368537
-2866.748
148.7172
363.9041
1.0
Obj_Plant_IvyBurn_A_01.020
-3.00711
-1.230672
-3.05939
-2289.832
438.5096
468.0327
1.0
Npc_HiddenKorokGround
0
1.480001
0
-2053.485
258.4682
636.411
1.0
LinkTagNAnd
0
0.18
0
-2472.229
315.7518
549.1572
1.0
LinkTagOr
0.04934049
0.0006910554
-0.02800418
-2217.5
372
616
1.0
Npc_HiddenKorokFly
0
-0.1584075
0
-2175.129
407.0975
463.3505
1.0
Obj_TreeBroadleaf_B_L_01.002
0
0
0
-2424
309.3125
743
1.0
FldObj_CliffYellowWall_A_05.007
-0.05706567
0.2183921
0.04676357
-2742.46
308.9548
275.0607
0.8
LinkTagOr
0
1.705777
0
-2606.447
231.1086
307.4026
1.0
Item_Fruit_I
0
1.153156
0
-2087.078
300.4005
540.8857
1.0
FldObj_CliffGrayParts_A_07.007
-0.3589737
1.206209
0.3831077
-2047.819
196.5766
765.5576
1.0
FldObj_CliffYellowWall_A_08_Far
0
0.8415927
0
-2219.156
305.6934
576.9684
1.0
FldObj_RockDislocation_D_03_Far.010
0
-0.3599999
0
-2487.719
305.6682
602.6527
0.8
LinkTagOr
0.05995217
-0.002397924
0.0399281
-2733.072
223.6043
761.6047
1.0
LinkTagOr
-0.1324961
0.0008297132
0.01250585
-2642.027
303.9651
548.4299
1.0
LinkTagOr
0
0.2874568
0
-2557.84
306.1236
664.1713
1.0
FldObj_CliffYellowRock_A_01_Far.016
0.36
0
0
-2313.961
95.31773
41.90817
1.0
Item_Fruit_A
0
0
0
-2034.402
253.7512
632.3405
1.0
FldObj_CliffGrayParts_A_08.004
-1.410914
0.1297241
-0.7809592
-2201.921
339.0103
514.3361
1.0
FldObj_CliffYellowWall_A_01_Far.008
-0.07999999
0
0
-2241.237
293.3856
3.619202
1.0
FldObj_RockDislocation_D_03_Far.011
2.904809
1.005398
2.957052
-2539.51
304.6802
702.7314
0.9
FldObj_CliffGashamahi_A_05.002
-2.04531
0.6342123
-0.2645986
-2595.426
298.1745
550.4073
1.0
FldObj_FallingRock_A_03.001
0
0
0.6199999
-2346.771
397.2773
549.6693
1.0
Kibako_Contain_01
0.0008378011
-0.08002009
-0.001430314
-2677.501
115.1655
408.4993
1.0
WallCrack
-0.3661769
0.1697316
0.125595
-2028.374
277.6502
499.7877
1.0
Obj_TreeConiferous_A_03.008
0
0
0
-2172.916
404.2213
379.4326
1.0
FldObj_CliffGashamahi_A_01_Far.004
-1.769764
-0.5510715
0.105187
-2485.01
312.2974
511.5039
0.85
LinkTagAnd
0
0
0
-1990.891
297.9713
158.3196
2
FldObj_CliffGashamahi_A_03_Far.001
2.61972
0.5827054
2.663525
-2241.768
424.2797
306.0503
0.8
SwitchTimeLag
-1.570796
0
0
-2288.856
463.5161
415.6455
0.5
BeeHome
0
0
0
-2514.728
311.4692
713.4142
1.0
Obj_BreakBoxIron.007
3.120045
1.14023
3.124291
-2689.142
115.1488
417.1249
1.0
FldObj_RockDislocation_A_01_Far.001
0.06
0
-0.02
-2741.848
306.0948
180.6592
1.0
FldObj_CliffYellowWall_A_08_Far.001
0
0.7015928
0
-2207.947
201.1777
786.8571
1.0
FldObj_CliffYellowWall_A_08.001
0
0.7015928
0
-2207.947
201.1777
786.8571
1.0
LinkTagAnd
0
0
0
-2064.234
401.6
266.5
1.0
EventTag
0
-2.334465
0
-2743.27
308.3935
226.4383
1.0
LinkTagOr
0
0
0
-2785.788
210.1012
656.1769
1.0
Obj_Plant_IvyBurn_A_01.021
0.385784
-0.8663054
-0.6451545
-2643.224
299.7765
547.7458
1.0
FldObj_CliffGrayParts_A_07_Far.005
1.011093
1.200195
2.172102
-2044.631
229.8328
647.0348
1.0
LinkTagOr
0.05995217
-0.002397924
0.0399281
-2726.031
222.7966
760.5544
1.0
Obj_LiftRockWhite_A_01.008
0
0
0
-2908.738
116.5645
796.266
1.0
FldObj_CliffYellowCurve_A_01.003
0.8318186
1.358937
1.433868
-2149.798
379.1921
350.8073
1.32
ActorObserverTag
0
3.041593
0
-2350.85
263.9822
843.1949
2
LinkTagAnd
0
0
0
-2475.856
309.621
559.4139
1.0
FldObj_CliffYellowWall_A_02_Far.001
2.561876
-0.8890321
2.959096
-2597.61
221.3659
257.9017
1.0
LinkTagAnd
0
0
0
-2223
375.5
593
1.0
FldObj_RockDislocation_A_05_Far.001
0
0.5399999
0.22
-2773.231
310.5623
86.26648
1.0
FldObj_CliffYellowWall_A_04.007
2.921593
-0.1615924
-3.141593
-2720.409
187.7421
507.7233
1.0
FldObj_RockDislocation_A_01.001
0.06
0
-0.02
-2741.848
306.0948
180.6592
1.0
LinkTagAnd
0
0
0
-2223
375.5
592
1.0
LinkTagNone
0
0
0
-2285.4
397.4427
583.7943
1.0
LinkTagAnd
0
0
0
-2297.674
439.5685
467.0481
1.0
LinkTagAnd
0
-0.36
0
-2299.54
452.0684
462.0716
0.6
LinkTagAnd
0.5676367
0.270813
-0.873912
-2906.738
117.5645
796.266
1.0
FldObj_CliffYellowWall_A_05_Far.006
-0.8267623
1.049615
-0.2764431
-2163.86
321.5435
662.0028
0.8
KorokAnswerResponce
0
3.041593
0
-2348.86
263.9822
843.3947
1.0
FldObj_CliffYellowWall_A_02.001
2.561876
-0.8890321
2.959096
-2597.61
221.3659
257.9017
1.0
LinkTagNone
0
0
0
-2469.111
319.0291
746.3075
1.0
FldObj_FallingRock_A_01.003
0
1.701593
0
-2305.049
420.2603
553.7992
1.2
Item_CookSet
0
0.22
0
-2739.494
115.0963
433.2847
1.0
LinkTagOr
0
-0.6200001
0
-2287.877
442.0372
471.3761
1.0
LinkTagOr
0
0.2011295
0
-2556.043
306.1236
645.7972
1.0
MoveTriggerTag
0
-1.04
0
-2344.536
396.0982
548.2981
1.0
Item_Fruit_I
0
0.2300591
0
-2085.505
300.2715
537.6679
1.0
Obj_Plant_KorokColor_A_01.010
2.465072
1.185293
2.433091
-2483.611
307.7184
545.0717
1.05
Obj_TreeConiferous_A_03.009
0
0
0
-2316.536
371.0975
631.9333
1.0
FldObj_KorokTarget_A_01.002
0
0
0
-1989.524
303.4009
145.4368
1.0
Obj_Mineral_A_01.001
-0.9347277
1.292263
-1.898805
-2082.935
333.4032
207.9183
1.0
LinkTagAnd
0.6925398
0.422545
-0.9478616
-2198.87
359.059
730.9946
1.0
Area
0
-0.8599998
0
-2541.89
304.9846
639.0431
1.2
Obj_Plant_IvyBurn_A_01.022
2.833436
1.226746
3.051164
-2732.567
219.5649
762.5693
1.0
FldObj_CliffGrayParts_A_08_Far.002
-1.004311
0.139351
-0.1920404
-2112.266
289.1071
556.9213
0.9
Obj_Plant_IvyBurn_A_01.023
-0.1550791
-1.271031
0.357008
-2645.515
300.2151
547.3274
1.0
LinkTagOr
0
1.153156
0
-2088.781
299.5205
539.7746
1.0
LinkTagPulse
0.5142446
0.009440615
-0.0358999
-2311.577
263.377
24.44952
0.25
FldObj_CliffYellowRock_A_01_Far.017
-2.961593
-0.7853982
3.141593
-2317
174.8
147.5
1.0
FldObj_CliffGrayParts_A_07_Far.006
2.26109
0.3341459
-3.117127
-2322.65
220.7762
1042.322
1.0
LinkTagAnd
0
2.792527
0
-2776.093
309.0363
190.9188
1.0
FldObj_SkullRockMoss_Moss_A_01_Far
-0.43348
-0.8884351
0.3667237
-2427.894
300.3156
545.0719
1.0
Npc_HiddenKorokGround
0
-2.02
0
-2476.617
307.2358
547.6678
1.0
Item_Fruit_I
0
1.221654
0
-2085.354
300.3245
528.9068
1.0
WallCrack
2.781088
-1.047845
2.922023
-2061.2
396.9
274.6
1.0
FldObj_CliffYellowWall_A_11_Far.006
-0.3598085
-0.1804561
-0.3075276
-2088.185
336.2473
335.0925
1.0
ActorObserverTag
0
0.8199993
0
-2447.206
320.3486
371.1325
1.0
LinkTagOr
0
0
0
-2446.804
307.4951
568.9861
1.0
ActorObserverTag
0
0
0
-2197.972
358.3145
730.8265
1.0
FldObj_CliffYellowRock_A_01.013
0.791945
0.9636573
1.289041
-2224.298
330.33
611.7813
1.0
Obj_Plant_IvyBurn_A_01.024
-3.010892
-0.04415865
2.751706
-2288.797
438.3932
469.6229
1.0
LinkTagAnd
0
0
0
-2343.59
396.1748
548.1661
1.0
Item_Fruit_A
0
1.396263
0
-2784.439
213.1412
652.2046
1.0
Npc_HiddenKorokGround
0
0
0
-2200.96
358.412
730.8455
1.0
Obj_TreeConiferous_A_03.010
0
0
0
-2137.461
320.6365
528.6859
1.0
ConstraintDummy
-0.3141268
1.472857
-0.4698624
-2053.182
257.0794
634.4879
0.5
Obj_TreeBroadleaf_B_L_01.003
-0.4916382
-1.09023
0.4433182
-2558.21
317.3932
574.3035
1.0
LinkTagOr
0
0.8199993
0
-2447.206
321.3486
371.1325
1.0
LinkTagOr
0
-0.6200001
0
-2287.877
441.0372
471.3761
1.0
FldObj_CliffYellowRock_A_01.014
-0.7175177
-0.06587624
-0.07528961
-2464.462
240.9816
-7.026306
1.2
Obj_TreeConiferous_A_03.011
0
5.887346
0
-2118.407
322.7297
500.1032
1.0
FldObj_CliffYellowRock_A_01.015
2.98444
-0.7693699
-2.889714
-2347.9
91.1
128.4
1.0
LinkTagOr
0
3.041593
0
-2351.647
265.9041
846.1304
1.0
Npc_HiddenKorokGround
0
-2.461593
0
-2247.72
446.0183
464.6729
1.0
FldObj_CliffYellowWall_A_05_Far.007
0
-1.1
0
-2863.985
197.5745
815.3918
1.0
Npc_HiddenKorokFly
0
2.281593
0
-2542.837
307.7846
639.8586
1.0
KorokAnswerResponce
0
2.983185
0
-2171.693
405.0975
460.8613
1.0
SwitchTimeLag
0
0
0
-2078.404
334.0957
203.236
1.0
Item_Fruit_A
0
0
0
-2032.202
252.7012
630.9405
1.0
LinkTagAnd
0
0
0
-2350.85
265.9822
843.1949
1.0
LinkTagAnd
0.3212208
0.1628712
0.1561171
-2072.695
225.6516
153.2
1.0
Obj_BreakBoxIron.008
3.090837
-1.521013
-3.092501
-2727.251
117.1141
416.9157
1.0
LinkTagAnd
1.75307
1.32906
1.689548
-2482.926
308.6226
541.1533
1.0
LinkTagOr
0
0.8129944
0
-2556.169
306.1236
668.4915
1.0
LinkTagPulse
-0.1324961
0.0008297132
0.01250585
-2644.99
300.9707
547.8176
0.25
FldObj_CliffYellowRock_A_01.016
-2.961593
-0.7853982
3.141593
-2317
174.8
147.5
1.0
LinkTagAnd
0
0
0
-2299.941
383.0955
589.3173
1.0
Item_Fruit_E
0.06576604
0.002071338
-0.06294765
-2563.4
306
660.4
1.0
Item_Fruit_I
0
2.007052
0
-2085.731
300.1645
528.9536
1.0
Npc_HiddenKorokFly
0
0
0
-1984.865
348.4926
362.9465
1.0
Obj_TreeDorian_A_01.006
0
3.141593
0
-2459.604
307.1079
544.8159
1.0
Npc_HiddenKorokGround
0
0
0
-2908.738
116.6645
796.266
1.0
FldObj_RockDislocation_D_01_Far.002
0.04313906
-0.2969755
-0.1464541
-2549.425
306.4994
575.6445
1.0
Area
0
0.48
0
-2710.5
115.1342
406.5
10
FldObj_CliffYellowWall_A_11_Far.007
0.3739795
0.7801065
0.05638806
-2236.881
217.8687
749.4782
1.0
FldObj_CliffYellowRock_A_01.017
0.4298261
-1.15836
-0.4659792
-2422.405
92.49959
197.6219
1.0
FldObj_CliffYellowWall_A_05_Far.008
3.07515
0.222574
3.133157
-2166.703
310.429
145.7521
1.0
Area
0.05995217
-0.002397924
0.0399281
-2729.956
220.7818
761.4351
3
ActorObserverTag
0
1.86
0
-2307.715
372.1558
603.6705
1.0
SwitchTimeLag
0
0
0
-2083.388
334.0957
202.861
1.0
LinkTagAnd
0
0
0
-2078.404
334.0957
203.236
1.0
SwitchTimeLag
0
0
0
-2097.718
277.9119
695.1938
1.0
LinkTagPulse
-0.1461321
-0.02253192
-0.3054436
-2917.379
118.793
479.6264
0.25
FldObj_CliffGashamahi_A_03.001
2.644944
0.1910885
-3.066402
-2182.355
411.6253
296.5528
0.75
Obj_TreeDorian_A_01.007
0
2.061593
0
-2182.762
406.5102
445.0128
1.0
FldObj_CliffGrayParts_A_01.002
0.6528744
1.093304
1.061964
-2101.891
275.584
629.9575
1.0
LinkTagNAnd
0
-2.334465
0
-2745.161
321.7594
226.188
1.0
Area
-0.2541778
0.8059397
-0.4049906
-2257.091
441.2864
452.2608
2
BeeHome
-1.865512
-1.302501
2.829435
-2469.111
319.0291
746.3075
1.0
Obj_Plant_ChiliPepper_A_01.007
0
0.2300591
0
-2085.692
299.3915
537.7714
1.0
LinkTagOr
0.05995217
-0.002397924
0.0399281
-2729.521
222.3975
761.5319
1.0
FldObj_CliffGrayParts_A_08_Far.003
-1.282799
0.01788203
-0.2260755
-2110.623
190.5154
817.6258
1.0
LinkTagOr
-0.2541778
0.8059397
-0.4049906
-2256.705
443.0163
451.9474
1.0
FldObj_CliffYellowWall_A_01.008
-0.7375585
-0.4808948
0.03908865
-2520.138
316.4314
764.6055
0.85
TimeControlTag
0
0
0
-2566
307.2
649.8
1.0
FldObj_CliffYellowWall_A_04.008
-0.7818543
0.8386714
-0.03259843
-2274.951
270.2838
799.9225
1.15
ConstraintDummy
0
0.4742281
0
-2093.656
299.3661
542.0823
1.0
Obj_SweepCollision
0
-2.334465
0
-2742.547
323.3935
227.1299
1.0
Obj_Plant_KorokColor_A_01.011
0
2.3582
0
-2475.279
308.421
559.5146
1.05
FldObj_CliffGrayParts_A_07.008
-0.7465221
-0.2182967
0.1155174
-2319.167
226.2161
893.3719
1.0
LinkTagAnd
0.03842104
0.004281909
-0.2219512
-2198.682
355.3965
505.5848
1.0
Npc_HiddenKorokGround
0
-0.6200001
0
-2290.551
438.3871
468.2381
1.0
Obj_Plant_ChiliPepper_A_01.008
0
-1.39634
0
-2085.548
299.2145
529.094
1.0
DgnObj_EntranceElevatorSP
0
-2.334465
0
-2743.27
309.3937
226.4383
1.0
Obj_TreeDorian_A_01.008
0
3.141593
0
-2450.252
307.4951
568.9363
1.0
TBox_Field_Stone
3.005999
1.053218
2.553984
-2198.976
351.7566
509.9233
1.0
LinkTagAnd
0
0
0
-1993.438
290.05
170.4446
1.0
FldObj_CliffGrayParts_A_07_Far.007
-0.3589737
1.206209
0.3831077
-2047.819
196.5766
765.5576
1.0
Obj_Plant_KorokColor_A_01.012
0
0
0
-2471.449
307.837
541.7733
1.0
FldObj_RockDislocation_D_04_Far.001
0.1596175
0.3377906
0.0292956
-2494.178
304.9254
577.1702
1.0
TBox_Field_Iron
0.2601679
0.2201924
-0.4179064
-2703
114.3792
431
1.0
FldObj_CliffGashamahi_A_04_Far.002
-1.123606
-0.4974539
0.5370744
-2390.065
340.6334
494.8248
1.0
FldObj_CliffYellowWall_A_01.009
-0.07999999
0
0
-2241.237
293.3856
3.619202
1.0
Area
-0.4554316
0.6715704
-0.1101022
-2248.566
446.9056
462.7245
2
SwitchTimeLag
0
0
0
-2064.234
401.6
266.5
1.0
LinkTagOr
0
2.583185
0
-2187.938
374.7445
567.6459
1.0
Obj_Plant_Korok_A_01.004
-3.023897
-0.4473861
2.874788
-2281.032
456.2875
430.5596
1.0
FldObj_RockDislocation_D_03.011
0
0.09840689
0
-2548.715
304.9322
614.3282
1.0
SwitchTimeLag
-1.570796
-0.8599998
0
-2541.784
310.7846
637.6328
0.5
LinkTagAnd
0
-0.6200001
0
-2290.958
440.8372
467.9477
1.0
Obj_TreeConiferous_A_03.012
0
1.003314
0
-2099.364
321.9828
489.2093
1.0
LinkTagOr
0
-2.279998
0
-2462.672
307.1859
552.9258
1.0
Npc_HiddenKorokGround
0
0
0
-2298.86
462.7161
341.1622
1.0
LinkTagNone
0
0
0
-2346.771
397.2773
549.6693
1.0
FldObj_CliffYellowWall_A_05_Far.009
3.070546
0.4221052
3.118697
-1989.993
287.4777
174.0607
0.9
LinkTagAnd
0
0.18
0
-2467.936
312.7518
550.4088
1.0
FldObj_FallingRock_A_03.002
0
0
0
-2363.939
374.6114
543.916
1.0
Obj_TreeBaobab_A_02.010
0
-1.401142
0
-2810.5
206.0499
652.5
1.0
FldObj_RockDislocation_D_03.012
0.01966214
-0.1386213
-0.1413651
-2586.526
314.6958
658.2638
1.0
TimeControlTag
0
0
0
-2050.9
396.5508
304.4
1.0
FldObj_CliffGrayParts_A_07_Far.008
-0.8159583
-0.7843519
-1.110899
-2098.985
212.1126
754.5315
1.0
Item_Fruit_I
0
-2.649734
0
-2085.822
300.3415
537.9614
1.0
Obj_Plant_Lotus_A_01.005
0
0.2011295
0
-2553.906
306.1326
644.72
1.0
Item_Fruit_D
0
1.621592
0
-2197.26
409.6568
440.1136
1.0
Item_Fruit_D
0
0
0
-2457.935
311.3657
544.9083
1.0
Obj_TreeApple_A_M_01.003
0
2.603185
0
-2442.615
307.1206
574.8806
1.0
FldObj_CliffYellowRock_A_01.018
-0.2662959
0.6680166
0.1475196
-2026.905
334.0164
359.7809
1.0
ConstraintDummy
0
0.7250436
0
-2103.054
299.2776
531.7905
1.0
FldObj_FallingRock_A_03.003
0
0
0
-2357.552
352.9223
622.3044
1.0
Npc_HiddenKorokFly
0
-0.5800001
0
-2492.704
310.4511
589.6708
1.0
Npc_HiddenKorokGround
0
0.7336295
0
-2041.04
425.5532
296.3528
1.0
Obj_Plant_IvyBurn_A_01.025
-0.9588973
-1.122488
0.9261461
-2288.749
437.8493
466.2027
1.0
Obj_RockBroken_A_02.004
0.04364849
-0.2583326
-0.2272769
-2082.116
332.6689
208.8097
1.0
DgnObj_WarpPointSP
0
-2.334465
0
-2749.911
309.3565
220.0792
1.0
FldObj_CliffYellowRock_A_01_Far.018
-0.2662959
0.6680166
0.1475196
-2026.905
334.0164
359.7809
1.0
LinkTagOr
0.5142446
0.009440615
-0.0358999
-2312.019
264.787
25.24097
1.0
FldObj_CliffGrayParts_A_07.009
1.011093
1.200195
2.172102
-2044.631
229.8328
647.0348
1.0
Obj_LiftRockWhite_A_01.009
-0.1324961
0.0008297132
0.01250585
-2645.978
299.967
547.9506
1.0
Obj_Plant_Lotus_A_01.006
0
0.2874568
0
-2555.803
306.1326
662.9137
1.0
FldObj_CliffGashamahi_A_03.002
0
2.679999
0
-2283.92
434.996
370.2011
0.8
KorokAnswerResponce
0
0.8199995
0
-2449.263
321.9434
367.5697
1.0
Item_Fruit_E
-0.1899531
0.7882652
-0.3120111
-2554.978
306.9926
666.1914
1.0
FldObj_CliffGashamahi_A_01.005
-0.8678291
-1.310492
-0.5843523
-2243.83
455.6241
371.0601
0.75
LinkTagOr
0
2.583185
0
-2187.938
373.7445
567.6459
1.0
FldObj_CliffYellowRock_A_01.019
-0.7809126
0.6989257
-0.119891
-2237.87
393.5639
501.3228
1.0
MoveTriggerTag
0
-1.98
0
-2354.93
352.6269
623.1577
1.0
Item_Fruit_A
0
0
0
-2031.102
252.3512
636.0905
1.0
LinkTagAnd
0
0
0
-2279.945
455.4037
346.8871
1.0
SignalFlowchart
0
2.792527
0
-2759.65
312.8427
194.3665
1.0
Area
0
0
0
-2271.437
441.6239
368.5854
85.90728
Item_Fruit_E
-0.009193865
0.196299
-0.2225093
-2553.747
306.9926
644.5985
1.0
Item_Fruit_I
0
2.848053
0
-2085.89
300.5015
537.5877
1.0
Area
0
2.792527
0
-2772.582
314.4007
197.7867
100
Area
0
2.792527
0
-2772.582
309.1856
197.7867
1.0
Obj_TreeConiferous_A_03.013
0
6.1144
0
-2115.677
300.7711
558.6368
1.0
Obj_RockSetYellow_A_L_01
0.5995262
-0.8629823
-0.5029839
-2897.575
115.1555
801.5156
1.0
FldObj_RockDislocation_D_03_Far.012
0
0.09840689
0
-2548.715
304.9322
614.3282
1.0
LinkTagAnd
0
0
0
-2342.426
396.8121
550.0594
1.0
FldObj_CliffYellowRock_A_01.020
2.516541
0.02214876
-2.949553
-2123.236
309.5987
185.6415
1.0
LinkTagOr
0
2.675538
0
-2111.12
299.9053
550.0318
1.0
Obj_RockLayerMoss_A_Cliff_02_Far
0.1689414
-0.9344523
-0.128139
-2733.689
223.682
721.8172
1.0
FldObj_CliffYellowWall_A_11.007
-0.1239809
0.1082949
-0.1989969
-2041.452
243.8947
474.71
1.0
FldObj_CliffGashamahi_A_03_Far.002
2.644944
0.1910885
-3.066402
-2182.355
411.6253
296.5528
0.75
FldObj_CliffYellowWall_A_05.008
3.070546
0.4221052
3.118697
-1989.993
287.4777
174.0607
0.9
LinkTagAnd
0
0
0
-1994.891
297.9713
158.3196
2
Obj_TreeBroadleaf_B_L_01.004
0
1.600001
0
-2479.407
310.2936
614.1749
1.0
LinkTagAnd
-0.1396052
0.6595797
-1.208307
-2039.555
426.4532
295.0136
1.0
Obj_KorokIronRock_A_01.001
-0.4878613
-0.1142088
-0.2115459
-2507.749
306.8464
589.105
1.0
FldObj_CliffGashamahi_A_05.003
-1.320608
0.02173014
-0.05593114
-2273.227
446.1925
310.4
0.8
DgnObj_WarpPoint_A_01
0
-0.36
0
-2300.671
439.5314
469.334
1.0
FldObj_CliffYellowRock_A_01_Far.019
2.98444
-0.7693699
-2.889714
-2347.9
91.1
128.4
1.0
FldObj_CliffGrayParts_A_07_Far.009
2.089135
0.8870087
-2.978737
-2295.93
219.0647
1081.002
1.0
Area
0
3.041593
0
-2350.85
259.0681
843.1949
2.5
FldObj_CliffYellowWall_A_05.009
-3.06183
-0.7236881
3.048934
-2359.725
304.6501
177.1129
1.0
LinkTagNAnd
0.05995217
-0.002397924
0.0399281
-2733.026
222.4572
761.5358
1.0
FldObj_CliffYellowWall_A_09.003
0
0.28
0
-2995.686
98.30011
462.0656
1.0
FldObj_CliffGrayParts_A_01.003
-0.6882147
0.5164312
-0.7461601
-2142.338
347.8268
469.967
1.0
AirWallHorse_HiddnKorok
-0.1324961
0.0008297132
0.01250585
-2645.988
300.8188
547.837
3
FldObj_CliffGashamahi_A_05.004
1.97918
0.4314184
-3.102853
-2499.651
307.0057
765.3678
1.0
Item_Fruit_D
-2.710366
1.280095
-2.886902
-2192.704
410.2431
434.8044
1.0
Item_Fruit_I
0
-1.39634
0
-2085.456
300.0945
529.2864
1.0
FldObj_CliffYellowTunnel_A_01.001
-0.2200001
0.86
0
-2231.408
304.9382
697.7042
1.25
LinkTagOr
0
0
0
-2282.403
462.9391
418.1143
1.0
LinkTagAnd
0.06319164
0.0005004146
-0.0158324
-2216.5
372
621
1.0
Obj_RockYellow_A_L_04_Far.003
2.776793
0.3633398
-2.902469
-2096.631
350.8282
402.6811
0.7
AnchorAction1
0
-3.141593
0
-2772.467
347.7301
202.5178
1.0
Obj_Mineral_B_01.002
-0.1487602
-0.05912882
-0.05559257
-2102.276
273.045
695.6346
1.0
Area
0
-2.279998
0
-2461.37
308.3859
551.4081
2
FldObj_CliffGrayParts_A_08_Far.004
-0.579947
-1.099892
-1.279126
-2057.909
239.1534
634.3652
1.0
Item_Fruit_A
0
0
0
-2033.352
252.6012
632.4905
1.0
LinkTagAnd
0.5676367
0.270813
-0.873912
-2296.86
463.6161
341.1622
1.0
LinkTagAnd
0
0
0
-2350.85
263.9822
843.1949
1.0
Item_Fruit_E
-0.02899564
0.280456
-0.2271893
-2555.656
306.9926
662.7791
1.0
Obj_Plant_Lotus_A_01.007
0
0.8129944
0
-2555.038
306.1326
666.382
1.0
LinkTagAnd
0
1.001591
0
-2261.376
446.9254
442.1217
1.0
LinkTagAnd
0
0
0
-2281.032
457.4875
430.5596
1.0
FldObj_CliffYellowHead_A_01_Far.002
-0.5039544
0.2886148
0.2363279
-2154.125
206.208
805.0573
0.7
Obj_LiftRockWhite_A_01.010
0.3706075
0.04663501
-0.2174178
-2298.86
462.6161
341.1622
1.0
LinkTagNAnd
0
1.001591
0
-2262.454
446.9254
443.8064
1.0
LinkTagAnd
0
0
0
-1992.891
295.9713
161.3196
2
FldObj_CliffYellowWall_A_04_Far.007
-0.0119546
-0.9988531
-0.3358628
-2640.964
227.8446
332.9698
1.0
Obj_Plant_KorokColor_A_01.013
-0.3000001
0.6235991
0
-2471.502
312.5018
551.8403
0.9299999
FldObj_RockDislocation_A_05_Far.002
0.1221474
0.08262505
-0.3852208
-2752.447
318.1884
0.8333435
1.0
FldObj_CliffYellowWall_A_01_Far.009
-0.1771228
0.8844785
-0.0263911
-2438.039
229.6234
65.33795
1.0
LinkTagOr
0
0
0
-1992.391
293.815
161.3193
1.0
LinkTagAnd
-0.2032992
0.04099941
0.3967203
-2484.741
330.206
504.2525
1.0
FldObj_CliffYellowWall_A_04_Far.008
3.006242
-0.8599873
2.84156
-2665.324
284.6494
559.6333
1.3
FldObj_RockDislocation_D_01_Far.003
-0.1168962
0.6295314
0.3366116
-2512.558
300.5189
703.7178
1.0
Item_Fruit_A
0
0
0
-2783.379
212.6662
652.2343
1.0
FldObj_CliffYellowWall_A_11.008
-0.2741062
0.05998984
0.06682315
-2554.387
217.8294
-28.48401
1.2
Obj_Plant_IvyBurn_A_01.026
0.1756102
0.4563093
0.1797393
-2647.686
300.4135
547.5144
1.0
Obj_Plant_KorokColor_A_01.014
0
-2.965054
0
-2476.09
308.421
558.818
0.95
Area
0
0
0
-2487.012
307.0348
592.1393
1.0
FldObj_RockDislocation_A_05.002
0.1221474
0.08262505
-0.3852208
-2752.447
318.1884
0.8333435
1.0
LinkTagAnd
0
0
0
-2772.582
314.4007
197.7867
1.0
FldObj_CliffGashamahi_A_01_Far.005
-0.8678291
-1.310492
-0.5843523
-2243.83
455.6241
371.0601
0.75
LinkTagOr
-0.1461321
-0.02253192
-0.3054436
-2917.375
120.4514
479.382
1.0
FldObj_CliffYellowRock_A_01_Far.020
-0.8572063
0.5914163
-0.3265536
-2245.251
320.0323
681.6934
1.35
Obj_TreeDragonblood_A_02.002
0
0
0
-2795.786
307.9448
233.1565
0.8
LinkTagOr
0
0
0
-2469.449
307.837
543.7733
1.0
LinkTagNone
0
0
0
-2365.212
344.1039
615.5984
1.0
FldObj_CliffYellowWall_A_11_Far.008
-0.1239809
0.1082949
-0.1989969
-2041.452
243.8947
474.71
1.0
FldObj_CliffYellowWall_A_11_Far.009
2.794183
0.3126915
2.886309
-2093.286
292.2864
231.7194
1.0
FldObj_CliffYellowWall_A_11.009
0.1863772
1.461748
0.6241956
-2227.558
392.0081
390.8298
1.0