UnitConfigName/__text
Rotate/value/0
Rotate/value/1
Rotate/value/2
Translate/value/0
Translate/value/1
Translate/value/2
_Scale
FldObj_CliffDeathMt_E_12_Far
-1.83781
-0.86219
1.648504
-1357.884
440.0832
-3035.905
1.0
Npc_HiddenKorokGround
0
2.441592
0
-1095.986
413.9733
-3399.873
1.0
FldObj_CliffSnowWall_D_07_Far
2.295105
1.244511
2.221002
-1365.253
305.1482
-3670.084
0.95
BarrelBomb3
-0.1137825
0.001397853
-0.007520334
-1258.984
486.6598
-3327.041
1.0
LinkTagAnd
0
0
0
-1673.169
346.5435
-3758.446
1.0
FldObj_CliffDeathMt_D_10
2.783123
0.1193855
-3.120405
-1154.01
365.5135
-3446.041
1.0
FldObj_CliffSnowEdgeWall_B_02
-3.072617
-0.1766126
3.092036
-1874.865
358.245
-3816.152
1.0
Obj_RockDeathMt_D_L_01_Far
0
0
0
-1302.204
378.5806
-3464.38
1.1
LinkTagOr
0
-2.8
0
-1970.933
427.5867
-3791.733
2
Obj_RockDeathMt_D_L_01
0
0
0
-1161.009
466.0201
-3244.649
1.0
FldObj_CliffSnowWall_D_27_Far
2.827499
1.351509
-2.708097
-1965.18
368.0316
-3317.671
1.0
LinkTagOr
0
-1.500003
0
-1110.763
440.5612
-3043.357
1.0
FldObj_CliffDeathMt_E_14_Far
0.1601105
0.03960845
0.005584646
-1279.203
530.3278
-3277.624
1.0
Obj_RockDeathMt_D_L_03_Far
-2.840578
1.166842
-2.791102
-1329.783
509.0357
-3140.489
1.0
Obj_RockDeathMt_D_L_01.001
0
0
0
-1250.394
265.9335
-3608.818
1.0
FldObj_CliffDeathMt_D_11
-0.3978176
-0.6254387
-0.362214
-1282.526
459.0014
-3099.327
1.1
FldObj_CliffSnowWall_D_27
2.827499
1.351509
-2.708097
-1965.18
368.0316
-3317.671
1.0
FldObj_CliffDeathMt_D_10.001
2.553016
-0.9830049
-3.091611
-1406.061
392.5998
-3373.641
1.0
Obj_RockDeathMt_D_L_01_Far.001
0
0
-0.72
-1265.513
444.5487
-3062.65
1.0
FldObj_CliffDeathMt_D_10.002
-0.8360263
-1.296262
0.08256409
-1452.699
393.6052
-3153.175
1.0
FldObj_CliffDeathMt_E_14_Far.001
0.0008783889
1.35306
-0.4456857
-1396.802
447.4793
-3264.026
1.0
Area
0
0
0
-1091.899
421.8591
-3337.288
9
FldObj_CliffDeathMt_E_12
0.4275599
0.6492455
0.6458594
-1100.211
419.6739
-3216.438
1.0
Obj_RockDeathMt_D_L_01.002
-0.2904498
0.8735971
1.27157
-1008.609
329.4619
-3078.94
1.0
FldObj_CliffDeathMt_D_10.003
2.547014
-0.9965765
-3.098325
-1395.744
366.587
-3416.495
1.0
ConstraintDummy
2.176189
0.07372775
-2.921902
-1312.457
446.1626
-3061.666
1.0
Enemy_Bokoblin_Guard_Middle
0
0
0
-1287.3
508.7138
-3148.2
1.0
Obj_RockDeathMt_D_L_01.003
0
0
0
-1050.96
383.4285
-3298.137
1.0
FldObj_CliffDeathMt_E_12_Far.001
0.6063939
1.283972
0.656186
-1272.335
359.6239
-3494.064
1.2
FldObj_CliffDeathMt_D_10_Far
-3.102184
-0.3484345
-2.776776
-1400.192
336.7554
-3451.958
1.0
Enemy_Bokoblin_Guard_Middle_TreeHouseTop
0
2.503185
0
-1302.143
506.3749
-3353.462
1.0
FldObj_CliffSnowWall_D_27.001
-0.5799997
0.7200001
0
-1977.744
363.8606
-3029.485
1.0
FldObj_CliffDeathMt_D_15
2.969724
0.3769099
2.759405
-1159.107
303.8648
-3582.973
1.0
FldObj_CliffSnowEdgeWall_END_B_02
-3.117188
0.58885
-3.034364
-1412.395
239.623
-3732.923
1.2
FldObj_CliffDeathMt_D_27_Far
1.671245
-0.9877576
-2.399133
-1339.975
502.399
-3140.292
1.0
FldObj_CliffDeathMt_D_10_Far.001
2.841526
0.0206285
3.135211
-1278.334
360.5626
-3480.65
1.0
FldObj_CliffSnowEdgeWall_END_B_02_Far
3.092393
0.3414992
3.110586
-1604.421
223.0559
-3807.617
1.2
Enemy_Bokoblin_Senior
0
1.18
0
-1275.2
487.798
-3333.4
1.0
Obj_RockDeathMt_D_L_01_Far.002
0
0
0
-1045.284
377.7278
-3328.787
1.0
LinkTagOr
-0.1022399
1.185127
0.2632585
-1534.552
346.8466
-3476.613
1.0
Obj_RockDeathMt_D_L_03
-0.008972221
-1.160311
-0.1517376
-1290.795
498.1536
-3127.424
1.0
KorokAnswerResponce
0
-2.8
0
-1973.759
421.5867
-3790.728
0.5
FldObj_CliffDeathMt_D_08_Far
-0.5577446
0.5790757
-0.4784233
-1243.954
395.8612
-3411.892
1.0
FldObj_CliffDeathMt_D_10_Far.002
2.547014
-0.9965765
-3.098325
-1395.744
366.587
-3416.495
1.0
FldObj_CliffDeathMt_E_12.001
0.9035822
1.053872
0.9703397
-1276.847
433.0217
-3423.548
1.0
EnemyLookTag
0
0
0
-1348.5
520.0598
-3140.2
1.0
FldObj_CliffDeathMt_D_06_Far
-0.1667807
0.1991179
0.3098377
-1244.353
456.3135
-3132.083
1.0
FldObj_CliffSnowEdgeWall_B_02_Far
3.117539
0.5411115
3.094921
-1391.852
336.4279
-3706.921
1.0
Obj_RockDeathMt_D_L_01_Far.003
0
-0.5600001
0
-1199.256
457.646
-3364.432
1.0
FldObj_PushRock_Korok
3.056484
-0.8992437
-3.062708
-1254.746
529.0518
-3230.49
0.8
TBox_Field_Stone
0.09195952
1.017118
0.1192862
-1210.898
466.9092
-3059.532
1.0
FldObj_CliffDeathMt_D_06_Far.001
0.5599999
0
0
-1311.651
432.0548
-3373.831
1.0
FldObj_CliffDeathMt_E_14
0.1601105
0.03960845
0.005584646
-1279.203
530.3278
-3277.624
1.0
Obj_RockDeathMt_D_L_01.004
0
0.6200001
0
-1246.676
297.7872
-3592.941
1.0
FldObj_KorokTarget_A_01
0
-2.8
0
-1969.792
428.5164
-3784.036
1.0
FldObj_CliffDeathMt_D_08_Far.001
-0.2755103
0.3104683
-0.6572598
-1147.688
373.9471
-3411.892
1.0
Npc_HiddenKorokGround
0
2.421592
0
-1375.173
361.9268
-3640.943
1.0
FldObj_CliffSnowLargeWall_D_01_Far
2.410453
0.289834
2.863012
-2120.839
480.7846
-3278.588
1.0
Enemy_Bokoblin_Senior
0
-3.061593
0
-1280.812
507.107
-3123.946
1.0
Obj_RockDeathMt_D_L_01_Far.004
0
-0.58
0
-1172.915
434.9107
-3384.543
1.0
FldObj_CliffDeathMt_E_14.001
-2.8552
0.2273594
-3.141095
-1200.405
428.3139
-3020.589
1.0
FldObj_CliffDeathMt_C_05_Far
-0.3238864
-0.7878763
-0.1737569
-1165.394
482.0156
-3163.647
0.8
FldObj_CliffDeathMt_END_D_27
-3.137595
0.1655047
-2.992405
-1126.192
267.0518
-3619.529
1.0
Obj_LiftRockWhite_Korok_A_01
0
0
0
-1373.767
361.6439
-3642.904
1.0
FldObj_CliffSnowEdgeWall_B_02_Far.001
-3.072617
-0.1766126
3.092036
-1874.865
358.245
-3816.152
1.0
Enemy_Bokoblin_Guard_Middle_TreeHouseTop
0
2.8708
0
-1254.071
512.0215
-3141.518
1.0
FldObj_KorokStone_A_01
0
-2.0728
0
-1089.138
411.903
-3400.04
1.0
FldObj_CliffSnowEdgeWall_END_B_02_Far.001
-3.141439
-0.05834331
-3.133927
-1848.057
219.101
-3824.048
1.2
Obj_RockDeathMt_D_L_03_Far.001
-0.24
0
0
-1292.393
496.7142
-3305.709
1.0
LinkTagAnd
0
-2.8
0
-1971.812
425.5867
-3788.236
2
ActorObserverTag
0
0
0
-1372.767
363.8439
-3642.904
1.0
FldObj_PushRock_Korok.001
3.084799
-0.498715
3.014137
-1265.788
530.0163
-3219.438
0.8
LinkTagAnd
0
0
0
-1972.608
420.5867
-3796.444
1.0
FldObj_CliffSnowEdgeWall_END_B_02.001
-3.059791
-0.009030099
3.083019
-2035.474
216.1678
-3799.98
1.0
Obj_RockDeathMt_D_L_03.001
0
0.6200002
-0.12
-1338.802
506.045
-3168.121
1.0
FldObj_CliffDeathMt_D_27_Far.001
1.823542
0.9356136
2.476548
-1135.95
467.3986
-3122.759
1.0
Obj_RockDeathMt_D_L_03.002
0
0
0.12
-1276.648
530.6256
-3267.745
1.0
Area
0
-2.0728
0
-1088.731
412.753
-3400.159
0.1
SwitchTimeLag
-1.570796
0
0
-1373.142
366.7213
-3642.763
0.5
Obj_RockDeathMt_D_L_01.005
0
0
0
-1331.291
504.1512
-3279.186
1.0
Obj_RockDeathMt_D_L_01.006
0
0.7200001
0
-1098.532
404.2997
-3249.354
1.0
FldObj_CliffDeathMt_D_27
-3.127128
0.1547144
-3.052192
-1121.288
301.2027
-3607.139
1.0
LinkTagNone
0
0
0
-1254.071
512.0215
-3141.518
1.0
KorokAnswerResponce
0
0
0
-1375.642
364.7213
-3642.763
1.0
Obj_RockDeathMt_D_L_01_Far.005
0
0.6000004
0
-1263.704
468.0997
-3352.642
1.0
FldObj_CliffDeathMt_D_10_Far.003
-0.55946
0.0405367
0.005969859
-1295.672
456.9994
-3091.593
1.0
LinkTagAnd
0
2.192389
0
-1670.67
359.0669
-3758.391
0.6
FldObj_CliffSnowLargeWall_D_02
3.030918
1.030451
2.97588
-2072.877
410.7755
-3476.841
1.0
FldObj_CliffDeathMt_E_12_Far.002
2.402067
0.7741774
2.412869
-1361.524
437.7744
-3383.299
1.0
FldObj_CliffDeathMt_D_08
-0.2755103
0.3104683
-0.6572598
-1147.688
373.9471
-3411.892
1.0
LinkTagAnd
0
-2.8
0
-1969.928
427.0867
-3788.906
2
FldObj_CliffSnowEdgeWall_B_02.001
3.117539
0.5411115
3.094921
-1391.852
336.4279
-3706.921
1.0
FldObj_CliffSnowWall_D_07
2.295105
1.244511
2.221002
-1365.253
305.1482
-3670.084
0.95
Obj_RockDeathMt_D_L_01_Far.006
0
0
0
-1152.562
453.8302
-3267.948
1.0
FldObj_CliffDeathMt_D_10_Far.004
1.970797
-1.240009
-2.368647
-1372.259
475.4067
-3182.68
1.0
FldObj_CliffDeathMt_E_14.002
-2.83787
-0.1543172
2.853456
-1264.387
429.5097
-3042.337
1.0
FldObj_CliffSnowLargeWall_D_02_Far
2.482001
1.201192
3.024796
-2017.353
432.6762
-3237.351
1.0
FldObj_CliffDeathMt_E_14_Far.002
0.42
1
0
-1421.557
406.5055
-3342.367
1.0
FldObj_CliffDeathMt_D_06_Far.002
0
2.18
0
-1325.362
478.7755
-3128.048
0.8
LinkTagAnd
0
2.192389
0
-1667.418
346.5669
-3760.72
0.3
Obj_RockDeathMt_D_L_01_Far.007
0
0
0
-1331.291
504.1512
-3279.186
1.0
FldObj_CliffSnowWall_D_27.002
-3.141592
1.181592
-2.061593
-2028.382
355.8388
-3519.323
1.0
Obj_RockDeathMt_D_L_01.007
0
0
0
-1108.105
435.0047
-3223.617
1.0
FldObj_CliffDeathMt_D_10_Far.005
-0.8360263
-1.296262
0.08256409
-1452.699
393.6052
-3153.175
1.0
PlayerOnScaffoldCheckTag
0
2.361591
0
-1306.047
528.4302
-3124.296
1.0
FldObj_CliffDeathMt_D_08.001
-0.5577446
0.5790757
-0.4784233
-1243.954
395.8612
-3411.892
1.0
Obj_RockDeathMt_D_L_03_Far.002
-0.5215915
-0.9864648
0.4968237
-1170.538
473.0959
-3268.713
1.0
FldObj_KorokTarget_A_01.001
0
-2.8
0
-1972.223
423.571
-3786.498
1.0
Obj_RockDeathMt_D_L_01_Far.008
0
1.461596
0
-1457.654
340.6131
-3434.855
1.0
LinkTagAnd
0
2.192389
0
-1667.418
346.5669
-3760.72
0.3
LinkTagNone
0
0
0
-1309.602
526.5178
-3127.813
1.0
Obj_RockDeathMt_D_L_03_Far.003
0
0
0.12
-1276.648
530.6256
-3267.745
1.0
LinkTagAnd
0
0
0
-1669.456
346.5671
-3763.566
1.0
LinkTagOr
0
0
0
-1098.08
417.8192
-3392.484
1.0
Obj_RockDeathMt_D_L_01_Far.009
0
0
0
-1205.119
391.7011
-3440.479
1.0
FldObj_CliffDeathMt_D_10.004
-3.102184
-0.3484345
-2.776776
-1400.192
336.7554
-3451.958
1.0
Area
0
3.063185
0
-1246.473
500.1425
-3356.121
2
ActorObserverTag
0
-2.0728
0
-1089.237
413.903
-3400.38
1.0
FldObj_CliffSnowEdgeWall_B_02_Far.002
3.121785
-0.2001999
-3.104923
-2127.549
358.2068
-3754.809
1.0
FldObj_CliffDeathMt_D_10_Far.006
2.581662
0.04145938
-3.138267
-1151.057
326.9588
-3474.002
1.0
KorokAnswerResponce
0
0
0
-1097.08
411.8192
-3392.484
1.0
FldObj_CliffDeathMt_E_12.002
-1.967723
-1.068576
2.016877
-1342.673
461.6613
-3074.358
1.0
Enemy_Bokoblin_Guard_Middle_TreeHouseTop
0
2.361591
0
-1309.602
526.5178
-3127.813
1.0
FldObj_CliffDeathMt_D_10.005
2.841526
0.0206285
3.135211
-1278.334
360.5626
-3480.65
1.0
FldObj_CliffDeathMt_D_14
0.6068241
0.6036595
-0.04264909
-1293.849
511.9058
-3243.992
0.8
DgnObj_WarpPoint_A_01
0
2.192389
0
-1665.694
346.5299
-3763.801
1.0
Obj_RockDeathMt_D_L_01_Far.010
-0.2904498
0.8735971
1.27157
-1008.609
329.4619
-3078.94
1.0
FldObj_CliffDeathMt_E_12_Far.003
2.6982
0.7617504
2.375981
-1382.796
377.0755
-3455.45
1.0
FldObj_CliffDeathMt_E_14_Far.003
-2.750367
0.2242544
2.83186
-1305.811
427.7831
-3034.157
1.0
Obj_RockDeathMt_D_L_03.003
-0.5215915
-0.9864648
0.4968237
-1170.538
473.0959
-3268.713
1.0
LinkTagNone
0
0
0
-1272.6
507.4168
-3126.8
1.0
FldObj_CliffSnowWall_D_02
0.1924946
-1.008403
-0.2264414
-1396.875
312.6615
-3635.931
1.2
ValleyEffectLocater
0
0
0
-1805.003
0.3527403
-4212.707
1.0
LinkTagAnd
0
0
0
-1118.202
429.1393
-3041.088
1.0
BarrelBomb3
-0.1068644
0.09323811
-0.1108437
-1278.509
487.8975
-3336.904
1.0
Enemy_Bokoblin_Senior
0
-1.490797
0
-1277.603
507.4908
-3127.715
1.0
FldObj_CliffSnowWall_D_02_Far
0.1924946
-1.008403
-0.2264414
-1396.875
312.6615
-3635.931
1.2
FldObj_CliffDeathMt_D_14.001
-3.141592
1.160003
3.021593
-1078.485
375.6189
-3340.29
1.0
Enemy_Bokoblin_Senior
0
0.07999995
0
-1281.372
507.4826
-3130.924
1.0
FldObj_CliffDeathMt_D_10_Far.007
2.787287
0.1216252
-3.09145
-1133.885
336.0367
-3460.922
1.0
FldObj_CliffDeathMt_D_08.002
-0.2748449
-0.147214
0.3074579
-1052.651
269.2706
-3598.717
1.0
Obj_RockDeathMt_D_L_01.008
0
0
0
-1151.511
478.8282
-3142.078
1.0
FldObj_CliffDeathMt_E_14_Far.004
0.3999998
-1.02
0
-1248.098
522.062
-3276.598
1.0
LinkTagNone
0
0
0
-1110.798
439.0612
-3043.856
1.0
LinkTagAnd
0
-2.0728
0
-1089.138
414.903
-3400.04
1.0
FldObj_CliffDeathMt_D_10.006
0.06175308
-1.426658
-0.5150697
-1411.36
429.7331
-3120.481
1.0
Npc_HiddenKorokGround
0
1.179999
0
-1535.295
346.8846
-3475.819
1.0
Obj_RockDeathMt_D_L_03_Far.004
0
0.82
0
-1126.199
439.2771
-3239.658
1.0
FldObj_CliffSnowWall_D_27.003
2.361593
1.541592
-3.141592
-2057.801
359.1738
-3552.136
1.0
ActorObserverTag
0
0
0
-1373.767
363.8439
-3642.904
1.0
DgnObj_EntranceElevator_A_01
0
2.192389
0
-1673.169
346.5671
-3758.446
1.0
FldObj_CliffDeathMt_D_08_Far.002
0.687443
-1.282944
-0.7398766
-1236.481
453.9767
-3130.935
1.0
SwitchTimeLag
1.570796
-1.068792
3.141593
-1089.138
415.903
-3400.04
0.5
FldObj_CliffDeathMt_D_27.001
-0.8167963
-0.526284
-0.692311
-1257.668
373.2287
-3015.235
1.0
LinkTagOr
3.141479
-0.04199219
3.141479
-1312.202
445.7148
-3062.48
1.0
Area
0
-2.0728
0
-1089.545
412.753
-3399.921
0.1
LookTag
0
2.192389
0
-1664.633
345.5669
-3764.56
1.0
PlayerOnScaffoldCheckTag
0
2.8708
0
-1249.253
513.934
-3140.18
1.0
Obj_RockDeathMt_D_L_01_Far.011
0
-0.9000002
0
-1310.26
478.9948
-3353.147
1.0
LinkTagOr
0
0
0
-1373.767
364.8439
-3642.904
1.0
Obj_RockDeathMt_D_L_01.009
0
-0.3600001
0
-1181.532
488.2115
-3223.368
1.0
EnemyLookTag
0
0
0
-1282.3
470.2786
-3402.1
1.0
FldObj_CliffDeathMt_D_14_Far
-2.577368
1.45099
-2.695467
-1078.485
372.2282
-3268.798
1.0
Enemy_Bokoblin_Senior
0
0
0
-1269.2
486.9762
-3336.9
1.0
Obj_RockDeathMt_D_L_01_Far.012
0
0
0
-1108.105
435.0047
-3223.617
1.0
Obj_RockDeathMt_D_L_01_Far.013
0
0.7200001
0
-1098.532
404.2997
-3249.354
1.0
Obj_RockDeathMt_D_L_01.010
0
0
0
-1152.562
453.8302
-3267.948
1.0
FldObj_CliffDeathMt_E_12.003
-2.188083
-1.011892
2.076503
-1073.859
355.4563
-2923.952
1.0
FldObj_CliffDeathMt_D_10.007
-0.55946
0.0405367
0.005969859
-1295.672
456.9994
-3091.593
1.0
Obj_RockDeathMt_D_L_01.011
0
0.6000004
0
-1263.704
468.0997
-3352.642
1.0
EventTag
0
1.668791
0
-1669.456
346.5669
-3763.566
0.6
LinkTagNAnd
0
-2.8
0
-1968.043
424.0867
-3789.576
2
FldObj_CliffDeathMt_F_03
2.461594
1.481593
2.841592
-1108.912
383.7865
-3365.437
1.0
FldObj_CliffSnowLargeWall_D_01
0.3134638
1.311134
0.8673775
-2275.164
495.2671
-3472.247
1.0
SwitchTimeLag
1.570796
-0.3415929
3.141593
-1971.875
423.5867
-3791.398
0.5
Obj_RockDeathMt_D_L_01.012
0
1.461596
0
-1418.966
346.3397
-3450.316
1.0
FldObj_CliffDeathMt_END_D_27_Far
1.037377
1.47111
1.155125
-989.1803
319.6652
-3208.535
1.0
Obj_RockDeathMt_D_L_01_Far.014
0
0
0
-1107.649
415.7771
-3219.798
1.0
FldObj_CliffDeathMt_E_14.003
0.3999998
-1.02
0
-1248.098
522.062
-3276.598
1.0
FldObj_CliffDeathMt_D_15.001
1.587259
0.5685374
1.697314
-1231.211
516.5046
-3235.773
1.0
LocationTag
0
0
0
-1673.169
346.5435
-3758.446
1.0
DgnObj_EntranceShutter_A_01
0
2.192389
0
-1670.08
346.5671
-3760.659
1.0
FldObj_CliffDeathMt_D_06_Far.003
0.2062515
0.903406
0.5603364
-1063.089
364.3498
-3403.834
1.0
FldObj_KorokTarget_A_01.002
0
-2.8
0
-1967.12
420.8679
-3785.894
1.0
WallCrack
2.685995
0.5054296
-3.12568
-1136.508
453.0544
-3211.449
1.0
FldObj_CliffSnowLargeWall_D_02.001
2.482001
1.201192
3.024796
-2017.353
432.6762
-3237.351
1.0
Obj_KorokPot_A_01
0.4134445
0.3291316
1.038804
-1534.517
345.8493
-3475.749
1.0
FldObj_CliffSnowLargeWall_D_03
2.49167
1.435019
3.030468
-2092.716
359.9668
-3589.488
1.0
Obj_RockDeathMt_D_L_01_Far.015
0
0
0
-1126.048
429.2025
-3299.173
1.0
Obj_RockDeathMt_D_L_01_Far.016
0
0
0
-1250.394
265.9335
-3608.818
1.0
LinkTagAnd
0
0
0
-1210.274
473.2557
-3055.162
1.0
FldObj_CliffDeathMt_D_10_Far.008
2.553016
-0.9830049
-3.091611
-1406.061
392.5998
-3373.641
1.0
LinkTagAnd
0
-1.500003
0
-1110.834
440.5612
-3044.355
1.0
Obj_RockDeathMt_D_L_01.013
0
0
0
-1302.204
378.5806
-3464.38
1.1
FldObj_SkullRockSnow_A_01
0
1.34
0
-1844.76
352.1629
-3176.263
1.0
FldObj_CliffDeathMt_E_14_Far.005
-2.83787
-0.1543172
2.853456
-1264.387
429.5097
-3042.337
1.0
LinkTagAnd
0
-2.8
0
-1964.212
422.5867
-3787.754
2
FldObj_CliffDeathMt_D_15_Far
2.969724
0.3769099
2.759405
-1159.107
303.8648
-3582.973
1.0
Item_Fruit_B
-3.141479
0.04199219
-0.0001133123
-1310.276
446.7039
-3062.739
1.0
PlayerOnScaffoldCheckTag
0
2.503185
0
-1298.128
508.3349
-3350.482
1.0
Obj_RockDeathMt_D_L_01.014
0
1.461596
0
-1457.654
340.6131
-3434.855
1.0
Obj_RockDeathMt_D_L_03.004
-2.840578
1.166842
-2.791102
-1329.783
509.0357
-3140.489
1.0
Npc_HiddenKorokFly
0
-2.8
0
-1970.932
420.7117
-3792.569
1.0
FldObj_CliffDeathMt_E_12_Far.004
0.4275599
0.6492455
0.6458594
-1100.211
419.6739
-3216.438
1.0
FldObj_CliffSnowWall_D_27_Far.001
-0.5799997
0.7200001
0
-1977.744
363.8606
-3029.485
1.0
FldObj_CliffSnowEdgeWall_B_02.002
3.121785
-0.2001999
-3.104923
-2127.549
358.2068
-3754.809
1.0
WallCrack
-0.2422231
0.6204566
0.2424871
-1210.208
465.8217
-3059.685
1.0
Obj_RockDeathMt_D_L_01.015
0
-0.34
0
-1343.79
461.4821
-3338.344
1.0
Obj_RockDeathMt_D_L_01_Far.017
0
1.14
0
-1292.684
483.7083
-3114.602
1.0
LinkTagAnd
0
0
0
-1134.122
457.0629
-3214.672
1.0
LinkTagNone
0
0
0
-1280.667
469.6659
-3399.596
1.0
FldObj_CliffDeathMt_D_15.002
-1.285114
-1.406396
0.5570521
-1138.631
454.9118
-3103.365
1.0
FldObj_CliffDeathMt_D_14_Far.001
-2.924798
0.2715333
-3.080104
-1180.761
380.5707
-3404.588
1.0
FldObj_CliffDeathMt_E_12_Far.005
2.934728
0.392993
2.640271
-1349.678
511.3663
-3249.176
1.0
Obj_RockDeathMt_D_L_01.016
0
-0.5600001
0
-1199.256
457.646
-3364.432
1.0
FldObj_CliffDeathMt_D_14.002
-3.062982
0.5818858
3.084338
-1151.876
418.8611
-3288.712
1.0
Obj_LiftRockWhite_A_01
0
0
0
-1361.184
362.3727
-3660.76
1.0
LinkTagAnd
-0.4575222
-0.04715457
-0.201871
-1033.607
325.2929
-3459.598
1.0
FldObj_CliffDeathMt_D_14.003
0
0
0
-1308.254
403.8214
-3057.026
1.0
ConstraintDummy
-0.1022399
1.185127
0.2632585
-1533.838
346.0085
-3477.501
0.5
LinkTagOr
-1.147627
0.2521612
0.3872893
-1099.08
413.3192
-3392.484
1.0
FldObj_CliffDeathMt_E_14_Far.006
-2.8552
0.2273594
-3.141095
-1200.405
428.3139
-3020.589
1.0
FldObj_CliffDeathMt_D_19
2.45653
-0.3822611
2.995525
-1157.852
482.0359
-3160.288
1.0
FldObj_CliffDeathMt_E_12_Far.006
2.641025
0.5725605
2.35137
-1408.69
361.2522
-3464.356
1.0
FldObj_CliffDeathMt_D_10_Far.009
0.06175308
-1.426658
-0.5150697
-1411.36
429.7331
-3120.481
1.0
FldObj_CliffSnowWall_D_27.004
2.512585
-1.280055
2.566227
-1448.404
342.5215
-3690.063
1.0
FldObj_PushRock_Korok.002
-3.018342
-1.304075
2.978142
-1267.902
530.2667
-3216.023
0.8
FldObj_CliffSnowEdgeWall_END_B_02_Far.002
-3.117188
0.58885
-3.034364
-1412.395
239.623
-3732.923
1.2
FldObj_CliffSnowEdgeWall_B_02.003
-3.089618
0.3827116
3.120072
-1581.038
348.3974
-3799.07
1.0
FireWood
0
0
0
-1269.2
487.5184
-3330.4
1.0
FldObj_CliffDeathMt_E_12_Far.007
0.9035822
1.053872
0.9703397
-1276.847
433.0217
-3423.548
1.0
FldObj_CliffDeathMt_D_14.004
-2.577368
1.45099
-2.695467
-1078.485
372.2282
-3268.798
1.0
LinkTagAnd
-0.1022399
1.185127
0.2632585
-1536.352
349.1755
-3475.452
1.0
LinkTagAnd
0
0
0
-1091.899
421.8591
-3337.288
1.0
FldObj_CliffSnowWall_D_27_Far.002
2.840039
1.142152
-2.677796
-2006.708
375.5746
-3435.757
1.0
FldObj_CliffDeathMt_E_12.004
2.934728
0.392993
2.640271
-1349.678
511.3663
-3249.176
1.0
FldObj_CliffDeathMt_E_12.005
2.402067
0.7741774
2.412869
-1361.524
437.7744
-3383.299
1.0
FldObj_CliffDeathMt_D_10.008
2.581662
0.04145938
-3.138267
-1151.057
326.9588
-3474.002
1.0
FldObj_CliffSnowLargeWall_D_03.001
-2.942126
0.5619723
3.034732
-2173.973
559.3409
-3308.188
1.0
FldObj_CliffDeathMt_D_14.005
3.13116
-0.7068038
2.936574
-1290.89
439.5218
-3382.783
0.8
FldObj_CliffDeathMt_E_12.006
2.641025
0.5725605
2.35137
-1408.69
361.2522
-3464.356
1.0
FldObj_CliffDeathMt_D_15_Far.001
-1.285114
-1.406396
0.5570521
-1138.631
454.9118
-3103.365
1.0
GrassCutTag
0
0.07999995
0
-1281.092
507.2696
-3127.435
1.0
FldObj_CliffDeathMt_D_14_Far.002
0.6068241
0.6036595
-0.04264909
-1293.849
511.9058
-3243.992
0.8
FldObj_CliffDeathMt_D_14_Far.003
-3.062982
0.5818858
3.084338
-1151.876
418.8611
-3288.712
1.0
FldObj_CliffSnowEdgeWall_END_B_02_Far.003
-3.059791
-0.009030099
3.083019
-2035.474
216.1678
-3799.98
1.0
FldObj_CliffSnowEdgeWall_B_02_Far.003
-3.089618
0.3827116
3.120072
-1581.038
348.3974
-3799.07
1.0
Enemy_Chuchu_Ice_Senior
0
-0.3368148
0
-1272.6
507.4168
-3126.8
1.0
PosAfterDemoSkip
0
-0.9492031
0
-1667.529
346.5669
-3762.363
1.0
FldObj_CliffSnowTopHalf_D_01_Far
0
2.18
0
-2213.637
480.5345
-3370.902
1.0
LinkTagOr
0
2.441592
0
-1096.368
416.4733
-3400.195
1.0
FldObj_CliffDeathMt_D_27.002
-0.5841435
-0.5684292
-0.4229889
-1113.707
423.0881
-3014.45
1.0
FldObj_CliffDeathMt_F_03_Far
2.461594
1.481593
2.841592
-1108.912
383.7865
-3365.437
1.0
FldObj_CliffDeathMt_D_27_Far.002
-0.5841435
-0.5684292
-0.4229889
-1113.707
423.0881
-3014.45
1.0
Npc_HiddenKorokFly
0
-1.500003
0
-1110.798
438.0612
-3043.856
1.0
TBox_Field_Stone
-3.073512
0.208022
-2.978395
-1025.87
320.986
-3458.338
1.0
FldObj_CliffDeathMt_D_27_Far.003
-0.8167963
-0.526284
-0.692311
-1257.668
373.2287
-3015.235
1.0
LinkTagNone
0
0
0
-1287.3
508.7138
-3148.2
1.0
FldObj_CliffDeathMt_D_06
0.2062515
0.903406
0.5603364
-1063.089
364.3498
-3403.834
1.0
LinkTagAnd
0
0
0
-1373.142
365.7213
-3642.763
1.0
Obj_RockDeathMt_D_L_01_Far.018
0
-0.34
0
-1343.79
461.4821
-3338.344
1.0
FldObj_CliffDeathMt_E_14.004
0.42
1
0
-1421.557
406.5055
-3342.367
1.0
LinkTagAnd
0
0
0
-1971.875
423.5867
-3791.398
1.0
LinkTagAnd
0
-2.8
0
-1970.933
423.5867
-3791.733
2
Enemy_Chuchu_Ice_Middle
0
-2.360001
0
-1275.8
468.4828
-3401.1
1.0
Barrel
-0.2656761
0.1122715
-0.04428016
-1258.229
486.5555
-3328.427
1.0
Obj_RockDeathMt_D_L_01_Far.019
0
1.24
0
-1244.345
470.585
-3350.969
1.0
Obj_RockDeathMt_D_L_03.005
-0.24
0
0
-1292.393
496.7142
-3305.709
1.0
Area
0
2.361591
0
-1309.602
528.4302
-3127.813
2
LinkTagAnd
0
0
0
-1089.138
415.903
-3400.04
1.0
FldObj_CliffSnowLargeWall_D_03_Far
-2.942126
0.5619723
3.034732
-2173.973
559.3409
-3308.188
1.0
FldObj_CliffDeathMt_D_15_Far.002
1.564718
0.8751041
1.544407
-1208.35
473.174
-3104.458
1.0
Obj_RockDeathMt_D_L_01_Far.020
0
0
0
-1050.96
383.4285
-3298.137
1.0
Enemy_Bokoblin_Guard_Middle_TreeHouseTop
0
3.063185
0
-1246.473
498.1825
-3356.121
1.0
Enemy_Bokoblin_Guard_Middle
0
-0.6199999
0
-1347.7
519.9518
-3141
1.0
Area
0
-2.0728
0
-1089.257
412.153
-3400.448
0.1
LinkTagAnd
0
-2.8
0
-1968.043
425.5867
-3789.576
2
FldObj_SkullRockSnow_A_01_Far
0
1.34
0
-1844.76
352.1629
-3176.263
1.0
DgnObj_DungeonEntrance_A_01_Far
0
2.192389
0
-1673.169
345.5669
-3758.446
1.0
FldObj_CliffDeathMt_D_06.001
0
2.18
0
-1325.362
478.7755
-3128.048
0.8
Area
0
0
0
-1373.767
362.2439
-3642.904
1.0
Obj_RockDeathMt_D_L_01.017
0
1.14
0
-1292.684
483.7083
-3114.602
1.0
FldObj_CliffSnowEdgeWall_END_B_02.002
3.092393
0.3414992
3.110586
-1604.421
223.0559
-3807.617
1.2
ActorObserverTag
0
-2.0728
0
-1089.039
413.903
-3399.701
1.0
FldObj_CliffSnowWall_D_27_Far.003
2.361593
1.541592
-3.141592
-2057.801
359.1738
-3552.136
1.0
FldObj_CliffDeathMt_E_12_Far.008
-1.967723
-1.068576
2.016877
-1342.673
461.6613
-3074.358
1.0
FldObj_CliffDeathMt_E_14.005
-2.750367
0.2242544
2.83186
-1305.811
427.7831
-3034.157
1.0
ActorObserverTag
0
-2.0728
0
-1089.478
413.903
-3399.941
1.0
FldObj_CliffDeathMt_E_12_Far.009
2.255483
0.8903705
2.136286
-1362.109
373.6418
-3477.526
1.0
FldObj_CliffDeathMt_D_14_Far.004
0
0
0
-1308.254
403.8214
-3057.026
1.0
FldObj_CliffDeathMt_D_27_Far.004
-3.127128
0.1547144
-3.052192
-1121.288
301.2027
-3607.139
1.0
FldObj_CliffSnowWall_D_27_Far.004
2.512585
-1.280055
2.566227
-1448.404
342.5215
-3690.063
1.0
FldObj_CliffDeathMt_D_14_Far.005
3.13116
-0.7068038
2.936574
-1290.89
439.5218
-3382.783
0.8
FldObj_CliffDeathMt_E_12.007
2.255483
0.8903705
2.136286
-1362.109
373.6418
-3477.526
1.0
Obj_RockDeathMt_D_L_03.006
0
0.82
0
-1126.199
439.2771
-3239.658
1.0
Obj_RockDeathMt_D_L_01.018
0
0
0
-1107.649
415.7771
-3219.798
1.0
LinkTagAnd
0
-2.8
0
-1973.634
422.5867
-3784.405
2
LinkTagAnd
0
0
0
-1118.202
431.1393
-3041.088
1.0
Obj_RockDeathMt_D_L_03_Far.005
-0.008972221
-1.160311
-0.1517376
-1290.795
498.1536
-3127.424
1.0
DestinationAnchor
0
-1.472802
0
-1668.461
346.5669
-3763.664
1.0
FldObj_CliffDeathMt_D_10_Far.010
-0.5387605
0.1204863
0.006041864
-1037.633
313.8587
-2899.156
1.0
FldObj_CliffSnowLargeWall_D_01_Far.001
2.796277
0.2551422
2.984619
-2195.263
420.2451
-3597.738
1.0
Obj_RockDeathMt_D_L_01.019
0
0
0
-1045.284
377.7278
-3328.787
1.0
FldObj_CliffDeathMt_E_14.006
-2.985634
-1.135329
-3.0611
-1056.6
377.8132
-3305.604
1.0
Obj_RockDeathMt_D_L_01_Far.021
0
1.461596
0
-1418.966
346.3397
-3450.316
1.0
EnemyFortressMgrTag
0
0.07999995
0
-1281.092
507.2696
-3127.435
1.0
LinkTagOr
0
2.421592
0
-1375.549
364.4268
-3641.272
1.0
Enemy_Bokoblin_Senior
0
1.650796
0
-1284.581
507.551
-3127.156
1.0
ValleyEffectLocater
0
0
0
-1453.635
5.41219
-4430.916
1.0
FldObj_CliffDeathMt_E_12_Far.010
-2.188083
-1.011892
2.076503
-1073.859
355.4563
-2923.952
1.0
Area
0
-2.0728
0
-1089.019
412.153
-3399.633
0.1
LinkTagNAnd
0
2.192389
0
-1672.417
359.0669
-3760.83
0.6
Area
0
2.8708
0
-1254.071
513.934
-3141.518
2
FldObj_CliffDeathMt_D_10_Far.011
2.783123
0.1193855
-3.120405
-1154.01
365.5135
-3446.041
1.0
Barrel
-0.1601523
-0.7585158
-0.04432096
-1279.694
488.2883
-3334.396
1.0
Obj_RockDeathMt_D_L_01.020
0
-0.9000002
0
-1310.26
478.9948
-3353.147
1.0
FldObj_KorokPinwheel_A_01
0.2399998
1.634093E-09
4.337776E-08
-1973.163
419.4163
-3795.41
1.0
ActorObserverTag
0
0
0
-1374.767
363.8439
-3642.904
1.0
ValleyEffectLocater
0
0
0
-1134.27
5.589581
-3936.758
1.0
ForceSetPosDirAutoSaveAnchor
0
-0.9492031
0
-1667.529
346.5669
-3762.363
1.0
FldObj_CliffSnowWall_D_27_Far.005
-3.141592
1.181592
-2.061593
-2028.382
355.8388
-3519.323
1.0
Item_CookSet
0
0.07999995
0
-1281.092
507.2696
-3127.435
1.0
LinkTagAnd
0
2.421592
0
-1374.797
364.4268
-3640.613
1.0
Obj_RockDeathMt_D_L_01.021
0
0
-0.72
-1265.513
444.5487
-3062.65
1.0
DgnObj_EntranceTerminal_A_01
0
1.668791
0
-1669.456
346.5671
-3763.566
1.0
Obj_RockDeathMt_D_L_01.022
0
0
0
-1126.048
429.2025
-3299.173
1.0
Obj_RockDeathMt_D_L_01_Far.022
-0.2170075
0.5889884
-0.06187373
-1172.573
445.4322
-3321.027
1.0
FldObj_CliffDeathMt_E_14.007
0.0008783889
1.35306
-0.4456857
-1396.802
447.4793
-3264.026
1.0
FldObj_CliffDeathMt_E_12.008
-1.498096
-1.169677
1.491853
-1047.687
355.4563
-2925.717
1.0
FldObj_CliffDeathMt_END_D_27_Far.001
-3.137595
0.1655047
-2.992405
-1126.192
267.0518
-3619.529
1.0
FldObj_CliffSnowWall_D_02_Far.001
0.2310681
-0.2329673
-0.153391
-1403.883
320.4222
-3680.388
1.2
FldObj_CliffSnowTopHalf_D_01
0
2.18
0
-2213.637
480.5345
-3370.902
1.0
FldObj_CliffDeathMt_D_19_Far
2.45653
-0.3822611
2.995525
-1157.852
482.0359
-3160.288
1.0
FldObj_CliffDeathMt_D_06.002
-0.1667807
0.1991179
0.3098377
-1244.353
456.3135
-3132.083
1.0
FldObj_CliffDeathMt_D_15_Far.003
1.772577
0.53548
2.048031
-1271.622
508.2731
-3171.165
1.0
Enemy_Guardian_A_Fixed_Snow
0.3738017
-0.9654952
-0.390204
-1091.512
420.5427
-3337.892
1.0
LinkTagOr
0
-2.8
0
-1971.403
423.2117
-3792.401
1.0
LinkTagAnd
0
0
0
-1673.169
346.5435
-3758.446
1.0
FldObj_CliffDeathMt_D_14_Far.006
-3.141592
1.160003
3.021593
-1078.485
375.6189
-3340.29
1.0
LinkTagOr
0
0
0
-1098.08
415.8817
-3392.484
1.0
FldObj_CliffDeathMt_END_D_27.001
1.037377
1.47111
1.155125
-989.1803
319.6652
-3208.535
1.0
Obj_RockDeathMt_D_L_03.007
-0.4629635
-1.22089
0.579762
-1160.306
459.674
-3303.009
1.0
LinkTagNone
0
0
0
-1347.7
519.9518
-3141
1.0
FldObj_CliffDeathMt_D_11_Far
-0.3978176
-0.6254387
-0.362214
-1282.526
459.0014
-3099.327
1.1
ActorObserverTag
0
-2.240001
0
-1118.202
429.1393
-3041.088
2
TBox_Field_Stone
-2.926922
0.4444218
3.112538
-1138.043
454.7747
-3210.668
1.0
Item_Fruit_B
-3.141479
0.04199219
-0.0001134873
-1310.108
446.5238
-3061.785
1.0
KorokAnswerResponce
0
-2.240001
0
-1116.961
429.1393
-3042.657
1.0
FldObj_CliffDeathMt_D_15.003
1.564718
0.8751041
1.544407
-1208.35
473.174
-3104.458
1.0
FldObj_CliffDeathMt_D_27.003
1.671245
-0.9877576
-2.399133
-1339.975
502.399
-3140.292
1.0
Obj_RockDeathMt_D_L_01.023
0
-0.58
0
-1172.915
434.9107
-3384.543
1.0
FldObj_CliffSnowWall_D_02.001
0.2310681
-0.2329673
-0.153391
-1403.883
320.4222
-3680.388
1.2
ActorObserverTag
0
-2.0728
0
-1088.799
413.903
-3400.139
1.0
FldObj_CliffSnowLargeWall_D_02_Far.001
3.030918
1.030451
2.97588
-2072.877
410.7755
-3476.841
1.0
LinkTagOr
-0.1022399
1.185127
0.2632585
-1535.989
349.2732
-3476.379
1.0
PlayerOnScaffoldCheckTag
0
3.063185
0
-1241.488
500.1425
-3355.729
1.0
SwitchTimeLag
1.570796
-0.9015914
3.141593
-1118.202
431.1393
-3041.088
0.5
FldObj_CliffSnowLargeWall_D_01_Far.002
0.3134638
1.311134
0.8673775
-2275.164
495.2671
-3472.247
1.0
FldObj_CliffDeathMt_E_14_Far.007
-2.985634
-1.135329
-3.0611
-1056.6
377.8132
-3305.604
1.0
LinkTagNAnd
0
-2.8
0
-1971.812
424.0867
-3788.236
2
WallCrack
2.765039
0.1330632
-2.813972
-1025.699
320.2837
-3459.09
1.0
FldObj_CliffSnowLargeWall_D_01.001
2.410453
0.289834
2.863012
-2120.839
480.7846
-3278.588
1.0
Area
0
2.503185
0
-1302.143
508.3349
-3353.462
2
Obj_RockDeathMt_D_L_01.024
-0.2170075
0.5889884
-0.06187373
-1172.573
445.4322
-3321.027
1.0
LinkTagNone
0
0
0
-1278.5
487.8488
-3336.9
1.0
FldObj_CliffDeathMt_C_05
-0.3238864
-0.7878763
-0.1737569
-1165.394
482.0156
-3163.647
0.8
FldObj_CliffDeathMt_C_05_Far.001
2.796622
0.06047992
3.013521
-1020.946
315.3872
-3574.494
1.0
LinkTagOr
-1.570796
0
0
-1099.08
415.8817
-3392.484
1.0
FldObj_SkullRockSnow_A_01.001
0
0.7000001
0
-1906.5
355.3565
-3069.5
1.0
FldObj_CliffDeathMt_D_06.003
0.5599999
0
0
-1311.651
432.0548
-3373.831
1.0
Area
0
-2.8
0
-1972.608
420.5867
-3796.444
3
FldObj_CliffDeathMt_C_05.001
2.796622
0.06047992
3.013521
-1020.946
315.3872
-3574.494
1.0
FldObj_CliffDeathMt_D_10.009
-0.5387605
0.1204863
0.006041864
-1037.633
313.8587
-2899.156
1.0
FldObj_CliffDeathMt_D_08.003
0.687443
-1.282944
-0.7398766
-1236.481
453.9767
-3130.935
1.0
Area
0
-2.240001
0
-1119.155
423.5533
-3040.42
5
LinkTagAnd
0
0
0
-1373.142
366.7213
-3642.763
1.0
Obj_TreeConiferous_A_Snow_03
0
0.32
0
-1907.66
351.7513
-2987.781
1.0
Area
0
-1.500003
0
-1110.798
439.0612
-3043.856
2
LinkTagNone
0
0
0
-1302.143
506.3749
-3353.462
1.0
LinkTagAnd
0
2.441592
0
-1095.603
416.4733
-3399.551
1.0
FldObj_CliffSnowLargeWall_D_01.002
2.796277
0.2551422
2.984619
-2195.263
420.2451
-3597.738
1.0
Obj_RockDeathMt_D_L_01_Far.023
0
0
0
-1151.511
478.8282
-3142.078
1.0
FldObj_CliffDeathMt_D_14.006
-2.924798
0.2715333
-3.080104
-1180.761
380.5707
-3404.588
1.0
FldObj_CliffDeathMt_D_10.010
2.787287
0.1216252
-3.09145
-1133.885
336.0367
-3460.922
1.0
FldObj_CliffDeathMt_D_15.004
1.772577
0.53548
2.048031
-1271.622
508.2731
-3171.165
1.0
Enemy_Moriblin_Senior
0
-2.5
0
-1280.667
469.6659
-3399.596
1.0
FldObj_CliffDeathMt_D_15_Far.004
1.587259
0.5685374
1.697314
-1231.211
516.5046
-3235.773
1.0
Obj_TreeSnowberry_A
3.141479
-0.04199219
3.141479
-1310.189
445.7039
-3062.322
1.0
FldObj_CliffDeathMt_E_12.009
0.6063939
1.283972
0.656186
-1272.335
359.6239
-3494.064
1.2
FldObj_CliffDeathMt_E_12.010
2.6982
0.7617504
2.375981
-1382.796
377.0755
-3455.45
1.0
Obj_RockDeathMt_D_L_03_Far.006
0
0.6200002
-0.12
-1338.802
506.045
-3168.121
1.0
Obj_RockDeathMt_D_L_01_Far.024
0
-0.3600001
0
-1181.532
488.2115
-3223.368
1.0
FldObj_CliffDeathMt_D_08_Far.003
-0.2748449
-0.147214
0.3074579
-1052.651
269.2706
-3598.717
1.0
Area
0
2.192389
0
-1673.169
346.5435
-3758.446
25
Obj_RockDeathMt_D_L_01_Far.025
0
0
0
-1161.009
466.0201
-3244.649
1.0
FldObj_KorokStoneLift_A_01
-0.0001098719
-0.520001
2.683501E-05
-1097.884
413.9728
-3396.366
1.0
FldObj_SkullRockSnow_A_01_Far.001
0
0.7000001
0
-1906.5
355.3565
-3069.5
1.0
FldObj_CliffDeathMt_D_10.011
1.970797
-1.240009
-2.368647
-1372.259
475.4067
-3182.68
1.0
FldObj_CliffSnowLargeWall_D_03_Far.001
2.49167
1.435019
3.030468
-2092.716
359.9668
-3589.488
1.0
LinkTagAnd
0
-2.8
0
-1968.253
425.5867
-3784.195
2
FldObj_CliffSnowEdgeWall_END_B_02.003
-3.141439
-0.05834331
-3.133927
-1848.057
219.101
-3824.048
1.2
FldObj_CliffSnowWall_D_27.005
2.840039
1.142152
-2.677796
-2006.708
375.5746
-3435.757
1.0
Barrel
-0.2163303
0.4431197
-0.2064069
-1280.292
488.1476
-3336.306
1.0
Obj_RockDeathMt_D_L_03_Far.007
-0.4629635
-1.22089
0.579762
-1160.306
459.674
-3303.009
1.0
EnemyFortressMgrTag
0
0
0
-1269.2
487.5184
-3330.4
1.0
Enemy_Chuchu_Ice_Middle
0
0
0
-1321.9
514.5239
-3163.3
1.0
Obj_RockDeathMt_D_L_01.025
0
1.24
0
-1244.345
470.585
-3350.969
1.0
FldObj_CliffDeathMt_E_12.011
-1.83781
-0.86219
1.648504
-1357.884
440.0832
-3035.905
1.0
DgnObj_DungeonEntrance_A_01
0
2.192389
0
-1673.169
345.5669
-3758.446
1.0
Enemy_Bokoblin_Senior
0
-0.9999999
0
-1263.2
486.7045
-3333.9
1.0
FldObj_CliffDeathMt_D_27.004
1.823542
0.9356136
2.476548
-1135.95
467.3986
-3122.759
1.0
FldObj_CliffDeathMt_E_12_Far.011
-1.498096
-1.169677
1.491853
-1047.687
355.4563
-2925.717
1.0
LinkTagNone
0
0
0
-1246.473
498.1825
-3356.121
1.0
LinkTagNAnd
0
-2.8
0
-1969.928
425.5867
-3788.906
2
Obj_RockDeathMt_D_L_01_Far.026
0
0.6200001
0
-1246.676
297.7872
-3592.941
1.0
LinkTagAnd
0
-2.8
0
-1970.461
423.2117
-3792.737
1.0
Obj_RockDeathMt_D_L_01.026
0
0
0
-1205.119
391.7011
-3440.479
1.0