UnitConfigName/__text
Rotate/value/0
Rotate/value/1
Rotate/value/2
Translate/value/0
Translate/value/1
Translate/value/2
_Scale
LinkTagNAnd
0
-1.103189
0
-1184.884
119.6868
-237.6031
1.0
Area
0
-2.5
0
-1869.353
243.4323
-30.97034
0.3
FldObj_FissureValleyWall_A_01
-2.862151
-1.219603
3.027184
-1431.781
147.8689
-623.6528
1.0
FldObj_FissureValley_A_03_Far
0.1183562
0.08741914
-0.09576429
-1547.184
117.5855
-568.1152
1.0
LinkTagOr
0
2.861587
0
-1513.365
178.4449
57.52728
1.0
LinkTagAnd
0
0
0
-1113.3
147.1
-459.3
1.0
FldObj_FissureValleyWall_A_01_Far
-0.9537754
-0.8940521
1.065595
-1157.363
145.1475
-560.9534
1.0
FldObj_FissureValley_A_03
0.1530686
0.8693463
-0.01448921
-1664.043
124.7613
-495.9121
1.0
FldObj_FissureValley_A_06
0.3730848
1.090754
0.1546478
-1602.488
181.3635
-638.6184
1.0
FldObj_FissureValley_A_04_Far
-2.832602
-0.5277798
-3.119617
-1708.785
234.004
-673.6921
1.0
Area
0
0.8726646
0
-1751.628
273.9172
-778.8292
2.75
FldObj_FissureValleyWall_A_01.001
0.9376397
1.064927
1.000041
-1294.406
153.2565
-470.09
1.0
LinkTagAnd
0
-0.1745329
0
-1744.467
254.7
-772.3899
1.0
Area
0.07999994
-1.479999
0
-1643.536
226.7708
-39.62421
2
LinkTagNone
0
0
0
-1210.331
116.4813
-172.2892
1.0
LinkTagAnd
0
0
0
-1713.98
304.3515
-859.3485
1.0
ActorObserverTag
0
-2.5
0
-1870.892
245.0463
-37.02304
1.5
KorokAnswerResponce
0
-2.5
0
-1884.34
245.9507
-27.13895
0.5
Enemy_Lizalfos_Senior
0
-1.66
0
-1655.4
256.5114
-848.3
1.0
FldObj_FissureValley_A_03_Far.001
0.3042597
0.9670953
0.3592534
-1564.456
188.5667
-725.7061
1.0
Item_RoastFish_01
-1.605329
0.5015907
3.141593
-1622.867
255.3031
-853.5779
1.2
FldObj_FenceWoodDamage_A_01_NearEnemy
-0.2055854
-1.284606
0.214043
-1240.277
169.5809
-234.2283
1.0
EnemyChatFortMgrTag
0
0.52
0
-1249.836
135.9184
-551.7266
1.0
LinkTagAnd
0
0
0
-1109.693
148.7578
-452.6349
1.0
FldObj_KorokGoal_A_01
0
2.18
0
-1631.543
208.4313
-515.1945
1.0
FldObj_FissureValley_A_01_Far
-0.6979133
-1.451376
0.7173787
-1184.773
162.378
-577.5771
1.0
Enemy_AirOctarock
0
1.954602
0
-1107.02
148.7265
-460.7039
1.0
LinkTagOr
-0.08308997
-1.019678
-1.555858
-1192.491
129.2381
-233.9195
1.0
FldObj_FissureValleyWall_A_01.002
0
-0.05999999
0.32
-1118.463
138.6232
-610.8235
1.2
Enemy_Wizzrobe_Electric
0
1.64
0
-1789.7
254.9
-767.8
1.0
LinkTagNone
0
0
0
-1992.029
262.1584
-78.63702
1.0
Area
0
-0.1745329
0
-1749.541
291.6172
-773.3842
2.75
EnemyLookTag_Noise
0
0
0
-1620.87
254.6377
-853.6
1.0
FldObj_FissureValleyWall_A_01_Far.001
1.028325
1.315394
1.042791
-1391.552
150.6853
-524.9006
1.0
FldObj_FenceWoodDamage_A_01_NearEnemy.001
0
-1.649204
0
-1255.889
169.5621
-239.6858
1.0
FldObj_FissureValleyWall_A_01.003
0.1530305
1.195398
0.1642869
-1339.583
157.4859
-478.4269
1.0
FldObj_BridgeNorthWest_A_01_Far
0
0.8400001
0
-1087.787
140.7143
-474.6086
1.0
Obj_BoardWood_Triangle_01
0
-2.725397
0
-1721.31
302.6938
-861.2748
1.0
Obj_Plant_KorokColor_A_01
-0.02868399
0.5309571
0.1095037
-1649.593
225.015
-45.77277
0.95
LinkTagAnd
0
2.96706
0
-1766.133
307.7
-776.2101
1.0
Npc_Attacked_005
0
-3.141593
0
-1864.5
216.0041
-275
1.0
FldObj_FissureValley_A_03.001
-2.539579
-0.3868349
2.81463
-1683.25
161.863
-404.7793
1.0
FldObj_MapTower_A_01_Far
0
-2.792527
0
-1755.3
254.4
-774.3
1.0
LinkTagOr
0
-2.700001
0
-1968.292
221.2041
-582.4553
1.0
LinkTagAnd
0
0
0
-1107.02
148.7265
-460.7039
1.0
Area
0
0
0
-1755.3
326
-774.3
1.0
EnemyLookTag
0
1.621584
0
-1259
141.8
-514.2
1.0
Item_Fruit_A
0
-2.5
0
-1866.911
244.6869
-33.50598
1.0
LookTag
0
-0.3231867
0
-1435.633
137.319
-584.2378
1.0
Obj_BoardWood_Triangle_01.001
0
2.74
0
-1113.3
147.1
-459.3
1.0
FldObj_HyliaStoneRuinHouse_A_03_Far
0
1.781593
0
-2019.079
262.0768
-67.36301
1.0
PlayerForbidComebackTag
0
-2.792527
0
-1753.772
315.1646
-770.3252
1.0
LinkTagAnd
0
0
0
-1881.029
247.6907
-32.73264
1.0
DgnObj_EntranceElevator_A_01
0
-0.3231867
0
-1432.298
138.3191
-594.1942
1.0
LinkTagOr
0
-2.700001
0
-1962.416
219.2041
-585.2332
1.0
Area
0
-1.22173
0
-1753.214
309.3172
-768.855
2.75
Area
0
-0.6584082
0
-1212.691
123.4562
-163.6375
2
FldObj_FissureValley_A_01_Far.001
3.140056
0.03837654
3.101563
-1478.735
187.0499
-811.465
1.0
Item_Fruit_A
0
-2.5
0
-1881.517
247.9069
-24.69168
1.0
AnchorAction1
0
-1.96
0
-1993.633
262.0576
-73.02728
1.0
Obj_TreeApple_A_M_01
0
-2.5
0
-1868.23
240.8869
-32.30823
1.0
LinkTagAnd
0
0
0
-1128.254
160.3634
-675.0388
1.0
LinkTagNone
0
0
0
-1125.279
158.9102
-675.4301
1.0
Obj_TreeDragonblood_A_04
0
0
0
-1784.218
235.9524
-743.9946
0.6
LinkTagNone
0
0
0
-2026.746
262.1768
-69.63083
1.0
LinkTagAnd
0
0
0
-1659.878
224.6913
-31.40289
1.0
Enemy_AirOctarock
0
-3.056191
0
-1726.244
300.7203
-884.5072
1.0
Enemy_Moriblin_Middle
0
0
0
-1205.081
116.4813
-176.047
1.0
SwitchTimeLag
0
-0.6584082
0
-1203.757
136.4464
-173.9038
1.0
FldObj_FenceWoodDamage_A_01_NearEnemy.002
0
-1.609201
0
-1229.519
169.3681
-235.3511
1.0
FldObj_CliffYellowWall_A_04_Far
0
-0.4199998
0
-1788.215
234.5312
-569.4722
1.0
Area
0
0.9399999
0
-1395.463
195.1015
-360.7702
1.0
PosAfterDemoSkip
0
2.818406
0
-1434.573
138.319
-587.7154
1.0
LinkTagNone
0
0
0
-1700.5
255
-778.6
1.0
LinkTagAnd
0
0
0
-1194.287
129.3386
-233.8413
1.0
Weapon_Sword_002
-1.910844
-0.4972728
-0.1138365
-1196.216
116.6862
-181.3511
1.0
Area
0
-2.792527
0
-1759.384
317.6493
-769.4183
2
Weapon_Spear_004
1.396263
0.5015907
3.141593
-1622.745
253.9041
-853.8011
0.6666666
FldObj_CliffYellowWall_A_04
0
0.84
0
-1756.652
219.1562
-545.941
1.0
LinkTagAnd
3.121593
-0.2415924
-3.141592
-1589.541
213.2334
-229.2059
1.0
LinkTagAnd
0
0
0
-1726.564
299.5938
-879.625
1.0
FldObj_CliffWhiteWall_A_02_Far
-0.4199999
1.441593
0
-1182.809
154.3289
-432.2939
1.226516
FldObj_FissureValleyWall_A_01.004
-1.590203
-1.203032
1.493401
-1357.065
155.1873
-598.9639
1.1
FldObj_RockDislocation_A_01_Far
0.1820391
0.09837912
-0.1808842
-1468.644
195.1623
-762.3073
1.0
FldObj_FissureValleyWall_A_01_Far.002
0.1178551
0.3409591
0.3403118
-1105.202
118.4972
-568.9636
1.0
LinkTagOr
0
-2.5
0
-1878.304
246.2032
-31.88425
1.0
FldObj_CliffYellowWall_A_10
0
-1.4
0
-1834.909
208.0083
-583.7928
1.0
LinkTagAnd
0
2.861587
0
-1511.537
179.5386
56.59766
1.0
ActorObserverTag
0.03074398
-0.1366034
0.3578972
-1146.856
187.4373
-758.4633
1.0
LinkTagAnd
0
0
0
-1171.657
160.8094
-232.9277
1.0
LinkTagOr
0
0
0
-1130.768
183.5535
-766.098
1.0
LinkTagAnd
0
0
0
-1775.176
328.75
-730.599
1.0
Obj_Plant_KorokColor_A_01.001
-0.02843554
-0.5158873
0.1380613
-1650.922
224.8475
-45.84305
0.92
ActorObserverTag
0.03074398
-0.1366034
0.3578972
-1146.333
187.6491
-758.8903
1.0
Enemy_Wizzrobe_Electric
0
-2.84
0
-1736
254.9
-745.4
1.0
Area
0
-2.268928
0
-1758.972
256.3172
-769.7709
2.75
Enemy_Chuchu_Junior
0
-1.52
0
-1398.249
197.7475
-356.611
1.0
EnemyFortressMgrTag
0
-1.96
0
-1993.633
262.0576
-73.02728
1.0
SwitchTimeLag
-1.570796
-1.439999
0
-1128.254
160.3634
-675.0388
0.5
FldObj_FissureValleyWall_A_01.005
-1.881052
-1.022955
1.953631
-1313.215
149.0752
-593.5455
1.0
FldObj_HyliaStoneRuinDebris_A_01
-1.273792
-1.241091
1.440291
-2027.015
259.1102
-124.5147
1.3
FldObj_CliffWhiteWall_A_01
-0.7290899
1.260572
-0.4280017
-1198.81
201.5386
-970.6094
1.0
LinkTagNone
0
0
0
-1705
306.5938
-870
1.0
LinkTagAnd
0
0.28
0
-1392.181
186.6661
-369.9861
1.0
FldObj_FissureValleyWall_A_01.006
2.663377
0.6588194
2.427921
-1682.743
184.4496
-379.0798
1.0
FldObj_CliffWhiteWall_A_02_Far.001
2.012028
-0.5464475
-2.994093
-984.9669
167.9451
-271.9109
0.9
FldObj_CliffWhiteWall_A_02
-0.4199999
1.441593
0
-1182.809
154.3289
-432.2939
1.226516
EnemyFortressMgrTag
0
0
0
-1205.084
116.4691
-167.5105
1.0
ActorObserverTag
0.03074398
-0.1366034
0.3578972
-1146.392
187.6108
-758.3951
1.0
Enemy_Lizalfos_Guard_Junior_LongVisibility
0
0.2584099
0
-1727.773
299.6484
-876.5004
1.0
LinkTagAnd
0
0.4415913
0
-1965.128
223.7041
-583.9509
1.0
Obj_KorokPot_A_01
0
0
0
-1092.084
130.9829
-497.5138
1.0
FldObj_RockDislocation_A_05_Far
2.856307
0.8910455
2.97643
-1449.099
181.2689
-426.3483
1.0
Enemy_Bokoblin_Middle
0
-0.5431861
0
-1247.978
136.0816
-554.5189
1.0
Obj_Plant_Korok_A_01
-1.698112
0.4727434
0.7230467
-1148.418
151.5071
-223.1422
1.0
Obj_Plant_Korok_A_01.001
0
2.038404
0
-1181.305
116.6868
-237.1701
1.0
LinkTagOr
3.051427
0.01903685
3.08492
-1372.898
118.3613
-107.771
1.0
Enemy_Bokoblin_Middle
0
-1.38
0
-1286.894
135.7728
-518.8379
1.0
LinkTagNone
0
0
0
-1195.472
116.7303
-180.9425
1.0
FldObj_SkullRockBone_A_01
0
-3.06
0
-1249.899
137.0018
-489.385
1.0
Item_CookSet
0
-0.38
0
-1292.5
135.8027
-518.5
1.0
Obj_RockYellow_A_L_04
0.7138807
-0.7422178
-0.9082187
-1914.533
235.5286
-839.6616
1.0
LinkTagAnd
0
-2.268928
0
-1762.371
290
-765.8735
1.0
Enemy_Bokoblin_Senior
0
1.62
0
-1253.185
135.8224
-551.5377
1.0
FldObj_FissureValleyWall_A_01_Far.003
-3.086849
0.6148752
2.994509
-1560.111
156.2568
-467.2124
1.0
LinkTagAnd
0.2767954
1.179638
0.3193285
-1658.355
223.9789
-35.2258
1.0
FldObj_RockDislocation_A_06_Far
-2.894909
-0.3387587
3.057396
-1311.276
171.1344
-690.1434
1.0
Area
-0.02
0
0
-1590.039
210.8929
-229.1417
0.557
Enemy_AirOctarock
0
-0.6999969
0
-1731.541
300.7515
-871.3278
1.0
LinkTagAnd
0
0
0
-1857.5
216.0041
-285.5
1.0
LinkTagAnd
0
0
0
-1706.772
309.2938
-870.4342
1.0
FldObj_MapTowerStairWood_A_01_Far
0
2.96706
0
-1755.3
307.7
-774.3
1.0
FldObj_FissureValleyWall_A_01_Far.004
2.663377
0.6588194
2.427921
-1682.743
184.4496
-379.0798
1.0
FldObj_FissureValleyWall_A_01.007
0.07509132
-0.05515757
0.2868592
-1560.253
205.9515
-789.1815
1.0
LinkTagOr
-0.1224887
-0.009079102
-0.14779
-1034.223
152.6017
-446.5234
1.0
FldObj_CliffYellowWall_A_05
3.10105
0.7179941
3.075813
-1627.626
252.3697
-914.2036
1.0
Area
0
0.4399999
0
-1660.042
225.1546
-43.68756
2
LinkTagPulse
-0.1224887
-0.009079102
-0.14779
-1033.964
150.9576
-446.3231
0.25
LocationTag
0
0
0
-1755.3
258.7195
-774.3
1.0
FldObj_FissureValley_A_03.002
0.02952532
0.6004736
-0.2092537
-1623.034
122.4205
-539.7769
1.0
Area
0
1.390797
0
-1205.822
175.9986
-232.0938
2
Obj_Plant_KorokColor_A_01.002
3.131531
-0.8667063
-3.054189
-1650.711
224.5635
-28.73581
1.05
Area
0
1.24
0
-1224.981
122.8968
-196.5959
2
LinkTagNone
0
0
0
-1253.185
135.8224
-551.5377
1.0
LinkTagAnd
0
0
0
-1723.159
300.7203
-872.7416
1.0
EnemyLookTag
0
1.16
0
-1230.645
141.6772
-546.3102
1.0
LinkTagAnd
0
-0.6584082
0
-1212.502
116.4668
-173.7074
1.0
Obj_Plant_KorokColor_A_01.003
0.01702612
-1.131166
0.06426443
-1642.864
225.6226
-39.88632
0.98
FldObj_CliffYellowWall_A_10_Far
0
-1.38
0
-1866.647
204.7036
-620.7008
1.0
LinkTagOr
-1.570796
0
0
-1131.768
183.5535
-766.098
1.0
FldObj_CliffWhiteWall_A_02_Far.002
2.63586
-0.9004598
-3.080399
-1067.83
170.334
-234.1141
0.85
FldObj_FissureValley_A_02
-0.1741096
0.8080477
-0.198806
-1281.913
140.3373
-458.1195
1.0
LinkTagAnd
0
-2.268928
0
-1762.371
290
-765.8735
1.0
Enemy_Bokoblin_Senior
0
-1.46
0
-1329.685
198.5554
-848.5153
1.0
LinkTagAnd
0
0
0
-1112.26
147.4645
-460.2554
1.0
FldObj_FissureValleyWall_A_01.008
0
0
0
-1584.311
162.1794
-679.9437
1.0
FldObj_CliffWhiteParts_A_06
0
0.4000001
0
-1511.109
108.5937
68.43427
1.15
FldObj_FissureValleyWall_A_01_Far.005
0
0
0.3800002
-1105.202
117.8331
-523.8074
1.0
FldObj_MapTowerStairWood_A_01
0
2.96706
0
-1755.3
272.3
-774.3
1.0
KorokAnswerResponce
0
-2.5
0
-1871.222
243.3869
-36.3139
0.5
FldObj_FenceWoodDamage_A_01_NearEnemy.003
2.985099
-1.202908
-2.97408
-1237.905
169.9778
-241.9705
1.0
LinkTagNOr
0
2.640002
0
-1618.727
254.5581
-854.888
1.0
FldObj_RockDislocation_A_02
-0.07928817
-0.4040437
-0.1798802
-1380.072
185.8106
-661.8364
1.0
FldObj_FenceWoodDamage_A_01_NearEnemy.004
0
-1.730793
0
-1238.389
169.795
-239.4674
1.0
LinkTagPulse
0.09014942
0.002469175
-0.05472877
-1371.488
116.6872
-107.9083
0.25
Obj_Plant_Korok_A_01.002
-0.9730644
0.9603463
2.750359
-1172.151
161.7437
-232.3591
1.0
FldObj_RockDislocation_A_01
0.1820391
0.09837912
-0.1808842
-1468.644
195.1623
-762.3073
1.0
AnchorAction1
0
1.14
0
-1745.723
328.6
-770.0117
1.0
Area
0
-2.792527
0
-1755.3
288.9367
-774.3
1.0
FldObj_FissureValley_A_03.003
-2.800385
0.6035564
-3.068852
-1824.006
243.9887
-695.2104
1.0
FldObj_CliffYellowWall_A_09
0
0.5
0
-1664.509
178.113
-675.6985
1.0
FldObj_FissureValleyWall_A_01.009
-2.236914
1.12344
-2.34443
-1607.196
150.0358
-466.616
1.0
LinkTagAnd
0
0
0
-1147.303
189.4126
-758.6158
1.0
Obj_TreeDragonblood_A_04.001
0
0.1400002
0
-1690.359
231.679
-834.0024
0.6
FldObj_CliffWhiteWall_A_01_Far
-0.251458
0.5737942
-0.04283009
-1366.299
165.6431
-215.2647
1.0
Weapon_Lsword_011
-1.993485
-0.5434154
-0.1039345
-1198.292
116.9371
-182.5272
1.0
Weapon_Spear_021
0.03254408
0.2272456
-1.923591
-1746.74
253.2789
-860.6923
1.0
FldObj_CliffYellowWall_A_10_Far.001
0
-1.38
0
-1845.213
200.1177
-512.7789
1.0
FldObj_SkullRockBone_A_01_Far
2.90574
-0.9354842
2.906534
-1328.566
129.5689
-518.8113
1.0
FldObj_FenceWoodDamage_A_01_NearEnemy.005
2.93446
-1.255735
-2.674472
-1255.854
169.9113
-242.3822
1.0
LinkTagAnd
0
-0.3415969
0
-1148.669
151.8743
-226.8527
1.0
SwitchTimeLag
-1.599232
-0.5158873
0.1380613
-1647.095
227.3861
-44.02042
0.5
Npc_HiddenKorokFly
0
-1.439999
0
-1125.279
157.9102
-675.4301
1.0
DgnObj_WarpPoint_A_01
0
-2.792527
0
-1758.378
328.5522
-782.7573
1.0
Enemy_Lizalfos_Senior
0
1.992596
0
-1839.7
256.3024
-835.6
1.0
FldObj_FissureValley_A_01
0.8339756
1.466908
0.8091326
-1356.437
177.4263
-485.7132
1.0
FldObj_CliffWhiteLumpRock_A_01
2.239815
-0.6987641
-2.913878
-1102.691
120.7189
-114.5054
1.0
LinkTagOr
0
-2.5
0
-1876.237
242.1907
-30.66098
1.0
LinkTagNAnd
-2.168528
-0.9603463
-0.391234
-1169.752
161.6102
-236.3872
1.0
FldObj_FissureValley_A_01_Far.002
0
0
0
-1570.458
207.8219
-870.8318
1.0
KorokAnswerResponce
0
0
0
-1129.768
179.491
-766.098
1.0
LinkTagAnd
0
0
0
-1092.584
131.5204
-497.5136
1.0
FldObj_FenceWoodDamage_A_01_NearEnemy.006
0
1.185398
0
-1172.296
169.1987
-224.1749
1.0
LinkTagAnd
0
2.483185
0
-1200.397
136.4679
-167.4029
1.0
EnemyLookTag
0
-2.96
0
-1250.912
136.3398
-499.0527
1.0
LinkTagOr
0
1.721592
0
-1142.494
185.1268
-762.4409
1.0
DestinationAnchor
0
2.294807
0
-1433.056
138.319
-587.2072
1.0
FldObj_RockDislocation_A_06
0.2029761
0.6145674
0.06371046
-1593.687
187.8329
-319.079
1.0
FldObj_BridgeStone_A_01_Far
0
1.396263
0
-1202.386
172.2891
-230.4146
1.0
FldObj_FissureValleyWall_A_01_Far.006
0.1530305
1.195398
0.1642869
-1339.583
157.4859
-478.4269
1.0
LinkTagOr
0
-0.9615927
0
-1631.257
212.9313
-514.7845
1.0
LinkTagOr
0
0
0
-1727.394
335.9715
-762.7681
1.0
FldObj_KorokStartingBlock_A_01
3.106527
0.8606967
3.063172
-1787.71
237.4535
-377.9661
1.0
FldObj_HyliaStoneRuinHouse_A_03
0
1.781593
0
-2019.079
262.0768
-67.36301
1.0
LinkTagOr
-1.703827
-1.030164
0.3830819
-1192.306
143.132
-238.1495
1.0
AnchorAction1
0
2.943186
0
-1864.5
216.1354
-274.5
1.0
FldObj_FissureValley_A_03.004
-2.90291
-0.4847412
3.11213
-1523.487
140.7879
-503.2847
1.045768
Obj_BoardWood_Triangle_01.002
0
2.834611
0
-1706.772
306.2938
-870.4342
1.0
LinkTagOr
3.135058
-0.08133142
-3.061327
-1652.439
224.4396
-30.90225
1.0
Enemy_Moriblin_Middle
0
0.7853982
0
-1210.331
116.4813
-172.2892
1.0
WildHorseCreateTag01
0
0
0
-1538.95
198.5426
-349.1744
1.0
Enemy_Lizalfos_Electric
0
1.770796
0
-1758
255.0821
-797.5
1.0
FldObj_HyliaStoneRuinDebris_A_01.001
0
-0.4399993
0
-2032.637
261.7301
-90.45154
1.3
FldObj_FenceWoodDamage_A_01_NearEnemy.007
0.09959141
0.8922062
0.1276608
-1182.295
169.0255
-223.2296
1.0
FldObj_FissureValley_A_01_Far.003
0.8339756
1.466908
0.8091326
-1356.437
177.4263
-485.7132
1.0
FldObj_CliffYellowWall_A_06
-0.376445
-0.5918688
-0.05608759
-1904.532
353.8153
-1091.522
1.0
LinkTagOr
0.07999994
-1.479999
0
-1643.26
225.5747
-37.64114
1.0
FldObj_FissureValleyWall_A_01_Far.007
0.4514116
0.7391683
0.7262322
-1216.368
159.8721
-454.6957
1.0
FldObj_FissureValley_A_03_Far.002
0.7885801
1.406009
0.4422371
-1563.631
208.9776
-826.8615
1.0
FldObj_FissureValley_A_06_Far
0.2848193
1.118561
-0.08280078
-1850.038
226.3165
-791.0535
1.0
LinkTagOr
0.2767954
1.179638
0.3193285
-1660.402
226.9174
-35.64673
1.0
LinkTagAnd
0
2.640002
0
-1620.17
254.5581
-852.2576
1.0
FldObj_FissureValleyWall_A_01.010
3.068427
1.009953
2.914583
-1650.376
160.4446
-423.8527
1.0
ActorObserverTag
0
1.559999
0
-1145.943
116.4736
-282.3724
2
FldObj_CliffYellowWall_A_04.001
3.021593
1.421592
3.141593
-1817.975
204.7613
-398.8771
1.0
FldObj_KorokTarget_A_01
0
0
0
-1258.401
160.7504
-240.5181
1.0
Obj_RockYellow_A_L_04_Far
0.7138807
-0.7422178
-0.9082187
-1914.533
235.5286
-839.6616
1.0
Enemy_AirOctarock
0
2.356194
0
-1060.514
147.4547
-500.1484
1.0
DgnObj_EntranceShutter_A_01
0
-0.3231867
0
-1433.505
138.3191
-590.5909
1.0
LinkTagAnd
0
0
0
-1432.307
138.3191
-587.8696
1.0
LinkTagAnd
0
-2.792527
0
-1755.3
258.7195
-774.3
1.0
Enemy_AirOctarock
0
0.3838053
0
-1109.693
148.7578
-452.6349
1.0
LinkTagOr
3.121593
-0.2415924
-3.141592
-1590.512
213.2333
-228.9661
1.0
LinkTagOr
0.2767954
1.179638
0.3193285
-1659.079
223.7396
-33.37686
1.0
ForceSetPosDirAutoSaveAnchor
0
2.818406
0
-1434.573
138.319
-587.7154
1.0
SwitchTimeLag
0
0.28
0
-1397.821
186.6661
-375.1276
1.0
FldObj_FissureValley_A_01_Far.004
2.950346
-1.276479
-2.928324
-1453.132
173.0197
-627.4729
1.0
LinkTagOr
0
-1.581594
0
-1142.676
118.9736
-283.8372
1.0
FldObj_FissureValleyWall_A_01_Far.008
3.068427
1.009953
2.914583
-1650.376
160.4446
-423.8527
1.0
Enemy_Bokoblin_Guard_Middle_Ambush
0
1.66
0
-1262.44
140.6756
-513.9415
1.0
ChangeWeatherTag
0
-2.792527
0
-1755.3
374.4
-774.3
1.0
LookTag
0
1.959586
0
-1211.523
123.2562
-163.698
1.0
LinkTagAnd
0
0.4399999
0
-1656.424
223.9546
-45.39133
1.0
FldObj_MapTowerStairWood_A_01.001
0
-0.1745329
0
-1755.3
254.7
-774.3
1.0
FldObj_FissureValleyEye_A_01_Far
-0.01989157
-0.01317974
0.05972487
-1121.711
140.4019
-513.9322
1.0
Enemy_Lizalfos_Middle
0
2.806991
0
-1623.1
255.2393
-847.3
1.0
LinkTagOr
-1.147627
0.2521612
0.3872893
-1131.768
180.991
-766.098
1.0
LinkTagNAnd
3.135058
-0.08133142
-3.061327
-1650.365
227.5898
-27.0585
1.0
LinkTagOr
0
2.861587
0
-1512.498
179.5386
56.32178
1.0
FldObj_DLC_FlyShield_Wood_A_02
-2.588458
1.06439
-2.464388
-1725.519
301.5438
-868.3248
1.0
LinkTagAnd
0
1.721592
0
-1142.344
185.1268
-761.4524
1.0
Obj_TreeApple_A_M_01.001
0
-2.5
0
-1874.639
242.1907
-27.52051
1.0
LinkTagOr
0
0
0
-1091.584
131.5204
-497.5141
1.0
FldObj_FissureValley_A_06_Far.001
3.030121
-1.491237
-2.66951
-1653.749
226.3165
-811.6395
1.0
FldObj_RockDislocation_A_01.001
0.08946127
1.007841
-0.1974231
-1485.997
192.9487
-714.379
1.0
FldObj_FissureValley_A_01.001
2.950346
-1.276479
-2.928324
-1453.132
173.0197
-627.4729
1.0
Obj_Plant_KorokColor_A_01.004
0.007983139
-0.4330784
0.07632147
-1643.283
225.5827
-38.99463
1.0
FldObj_FissureValleyWall_A_01_Far.009
-1.590203
-1.203032
1.493401
-1357.065
155.1873
-598.9639
1.1
FldObj_FenceWoodDamage_A_01_NearEnemy.008
0
1.605409
0
-1171.113
169.2686
-229.3048
1.0
FldObj_HyliaStoneRuinDebris_A_01_Far
0
-1.5
0
-2014.293
262.1988
-101.2797
1.3
Area
0
-1.439999
0
-1125.279
158.9102
-675.4301
2
LinkTagAnd
0
0
0
-1064.2
145.9
-496.2
1.0
Weapon_Sword_007
2.264114
-0.6297091
-0.954231
-1787.8
255.2
-775.7
1.0
LinkTagAnd
0
0
0
-1725.519
301.5438
-868.3248
1.0
LinkTagOr
0
0.4415913
0
-1964.224
223.7041
-584.3787
1.0
FldObj_KorokStartingBlock_A_01.001
0.06759817
0.4619167
-0.06326115
-1984.917
206.8169
-624.0948
1.0
PlayerInAreaAutoEnemyForbidTag
0
-2.792527
0
-1758.72
314.4
-783.6969
1.0
FldObj_MapTowerStairWood_A_01.002
0
2.96706
0
-1755.3
307.7
-774.3
1.0
BoarMeat_Frame
0
0
0
-1205.084
116.4691
-167.5105
1.0
LinkTagAnd
0
0
0
-1731.541
300.7515
-871.3278
1.0
LinkTagAnd
0
0
0
-1060.375
147.5328
-492.4219
1.0
FldObj_CliffWhiteWall_A_02.001
2.012028
-0.5464475
-2.994093
-984.9669
167.9451
-271.9109
0.9
Area
0
-2.5
0
-1875.108
246.6502
-29.47949
0.3
Area
0
-3.04
0
-2010.016
269.211
-98.49991
2
LinkTagAnd
0
0.28
0
-1387.237
186.6661
-370.8874
1.0
LinkTagNAnd
0
-0.3231867
0
-1431.511
150.819
-591.8214
0.6
FldObj_FissureValley_A_01.002
3.140056
0.03837654
3.101563
-1478.735
187.0499
-811.465
1.0
Area
0
1.559999
0
-1143.921
113.6736
-284.3506
1.2
GrassCutTag
0
-1.96
0
-1993.633
262.5756
-73.02728
1.0
LinkTagAnd
0
0
0
-1067.825
147.5094
-499.9406
1.0
FldObj_FissureValley_A_02_Far
-0.1741096
0.8080477
-0.198806
-1281.913
140.3373
-458.1195
1.0
FldObj_CliffYellowWall_A_09.001
0
0.5
0
-1748.443
183.5036
-599.9681
1.0
SwitchTimeLag
2.543861
-0.9603463
-0.391234
-1169.433
160.5847
-234.4259
0.5
FldObj_FenceWoodDamage_A_01_NearEnemy.009
0.2769571
1.347251
0.1813754
-1180.387
169.1818
-227.8704
1.0
FldObj_FissureValley_A_03_Far.003
0.02952532
0.6004736
-0.2092537
-1623.034
122.4205
-539.7769
1.0
FldObj_CliffWhiteWall_A_02.002
2.361593
1.52
3.141593
-1138.679
149.4555
-669.4437
1.0
Area
0
1.12
0
-1234.125
143.1556
-548.1602
2
Obj_TreeDragonblood_A_04.002
0
-1.64
0
-1700.273
235.9524
-782.6821
0.6
LinkTagAnd
0
0
0
-1712.704
307.9203
-874.0735
1.0
LinkTagAnd
0
0
0
-1755.3
328.582
-774.2997
1.0
FldObj_CliffWhiteWall_A_01_Far.001
-0.7290899
1.260572
-0.4280017
-1198.81
201.5386
-970.6094
1.0
FldObj_FissureValleyWall_A_01_Far.010
-2.775281
-1.26556
2.705957
-1239.374
155.1821
-587.612
1.0
Enemy_AirOctarock
0
2.77239
0
-1718.04
304.3203
-866.8168
1.0
FldObj_FissureValley_A_01.003
0
-0.4999999
0
-1567.828
207.5658
-729.4561
1.0
FldObj_CliffYellowWall_A_05_Far
3.10105
0.7179941
3.075813
-1627.626
252.3697
-914.2036
1.0
AirOcta_Tag
0
2.834611
0
-1706.772
309.2938
-870.4342
1.0
FldObj_RockDislocation_A_02.001
3.049474
-0.3450167
3.062747
-1734.634
207.0254
-319.8745
1.0
Npc_HiddenKorokFly
0
-0.3415969
0
-1148.198
149.3743
-226.6854
1.0
Npc_HiddenKorokFly
0
0
0
-1258.401
159.7504
-240.5181
1.0
Area
0
2.659999
0
-1431.651
138.4818
-596.6024
25
TBox_Field_Wood
0
-1.325399
0
-1705
306.5938
-870
1.0
Area
-2.168528
-0.9603463
-0.391234
-1171.657
160.8094
-232.9277
2
LinkTagNone
0
0
0
-1864.5
216.0041
-275
1.0
FldObj_CliffYellowWall_A_09_Far
0
0.7
0
-1699.618
181.3864
-631.972
1.0
FldObj_FissureValleyWall_A_01_Far.011
-0.03198325
-0.4787259
0.1095599
-1710.984
169.4739
-539.4387
1.063233
Obj_TreeDragonblood_A_04.003
0
-1.52
0
-1745.25
228.429
-734.0649
0.6
ShelterFromRainTag
0
1.38
0
-1589.088
149.7743
-638.0435
1.0
LinkTagAnd
0
0
0
-1727.773
299.6484
-876.5004
1.0
FldObj_CliffYellowRock_A_01_Far
0.1502237
1.106525
0.2476629
-1781.245
194.2793
-511.4148
1.0
FldObj_MapTowerStairWood_A_01_Far.001
0
-1.22173
0
-1755.3
272.3
-774.3
1.0
Enemy_Bokoblin_Guard_Junior_TreeHouseTop
0
2.356194
0
-1112.26
147.4645
-460.2554
1.0
LinkTagAnd
0
-0.6584082
0
-1203.026
116.4562
-162.7796
1.0
LinkTagAnd
-1.703827
-1.030164
0.3830819
-1193.101
146.0175
-238.3543
1.0
Weapon_Lsword_003
0.2944212
1.035722
0.2241843
-1709.704
251.5622
-705.7716
1.0
FldObj_FenceWoodDamage_A_01_NearEnemy.010
0
1.230798
0
-1154.624
169.2542
-222.2834
1.0
LinkTagNone
0
0
0
-1213.164
121.4962
-163.0257
1.0
FldObj_FissureValleyWall_A_01_Far.012
2.545484
0.7695987
2.383246
-1520.023
165.6855
-480.48
1.0
Obj_Plant_KorokColor_A_01.005
3.134986
-0.168596
-3.060749
-1650.114
224.6154
-29.38663
0.95
FldObj_CliffWhiteWall_A_01.001
1.699696
1.35825
2.076973
-1210.967
190.5861
-868.2884
1.0
FldObj_FissureValleyWall_A_01.011
-0.9537754
-0.8940521
1.065595
-1157.363
145.1475
-560.9534
1.0
Obj_TreeDragonblood_A_04.004
0
-0.6
0
-1759.093
230.8118
-728.8149
0.7106568
Obj_TreeDragonblood_A_04.005
0
-1.64
0
-1745.632
233.054
-829.2368
0.6
LinkTagAnd
0
-2.792527
0
-1760.795
328.5522
-769.7539
1.0
LinkTagAnd
0
-2.792527
0
-1760.795
328.5522
-769.7539
1.0
Enemy_Bokoblin_Middle
0
0
0
-1864.5
214.3664
-280
1.0
FldObj_MapTowerStairWood_A_01_Far.002
0
-1.22173
0
-1755.3
307.7
-774.3
1.0
FldObj_FissureValleyWall_A_01.012
0.1178551
0.3409591
0.3403118
-1105.202
118.4972
-568.9636
1.0
LinkTagOr
0.07999994
-1.479999
0
-1641.332
228.7249
-35.80841
1.0
FldObj_MapTowerStairWood_A_01_Far.003
0
0.8726646
0
-1755.3
307.7
-774.3
1.0
FldObj_CliffYellowWall_A_10_Far.002
0
-1.4
0
-1834.909
208.0083
-583.7928
1.0
FldObj_KorokStoneLift_A_01
0.02167932
-0.1122225
0.4175684
-1143.8
183.6754
-764.7521
1.0
LinkTagNAnd
0
-2.5
0
-1869.496
246.176
-38.06573
1.0
FldObj_PushRock_Korok
-3.11442
-0.9837319
-3.060925
-1201.524
186.8224
-627.2368
0.8
FldObj_CliffWhiteWall_A_01_Far.002
2.478498
0.5745587
-2.927882
-943.3494
174.6936
-213.0584
1.0
LinkTagNAnd
0.2767954
1.179638
0.3193285
-1661.85
226.4386
-31.94885
1.0
FldObj_MapTowerStairWood_A_01.003
0
-2.268928
0
-1755.3
290
-774.3
1.0
LinkTagAnd
0
0.8726646
0
-1748.229
307.7
-782.7265
1.0
SwitchTimeLag
0
1.559999
1.570796
-1144.932
119.4736
-283.3615
0.5
LinkTagAnd
0
0
0
-1256.901
163.7504
-240.5181
2
FldObj_FissureValley_A_02_Far.001
-2.661129
0.9175434
-2.560779
-1599.974
126.1192
-448.7727
0.8292545
FldObj_CliffWhiteWall_A_02_Far.003
-0.48
-1.14
0
-1072.119
171.6738
-181.3563
1.0
Area
0
-1.103189
0
-1181.305
117.8868
-237.1701
2
Area
0.03074398
-0.1366034
0.3578972
-1146.431
186.3871
-759.0497
0.1
FldObj_DownloadTerminal_A_01
0
-2.792527
0
-1755.3
328.582
-774.2997
1.0
Area
0
0.8400008
0
-1087.787
145
-474.6085
1.0
Area
0
1.919862
0
-1757.386
256.3172
-779.745
2.75
LinkTagAnd
0
0
0
-1128.254
158.3634
-675.0388
1.0
ShelterFromRainTag
0
-1.34
0
-1501.668
193.3413
-809.3871
1.0
LinkTagNone
0
0
0
-1621.3
255.2081
-857.9
1.0
LinkTagAnd
0
-2.5
0
-1877.503
246.2032
-32.48312
1.0
FldObj_FissureValley_A_01_Far.005
-0.14
-0.7999999
0
-1726.347
149.5215
-471.243
1.0
LinkTagAnd
0
0
0
-1144.932
119.4736
-283.3615
1.0
LinkTagAnd
0
0
0
-1755.3
327.5757
-774.3
1.0
FldObj_HyliaStoneRuinDebris_A_01.002
0
-1.5
0
-2014.293
262.1988
-101.2797
1.3
LinkTagAnd
0
-0.9615927
0
-1631.83
212.9313
-515.6044
1.0
LinkTagNone
0
0
0
-1748.6
256.4
-858.7
1.0
FldObj_FenceWoodDamage_A_01_NearEnemy.011
0
1.350797
0
-1171.344
169.2455
-226.6655
1.0
LinkTagAnd
-0.08308997
-1.019678
-1.555858
-1192.281
131.7885
-232.354
1.0
LinkTagAnd
0
0
0
-1148.723
151.0342
-224.2019
1.0
FldObj_FissureValleyWall_A_01.013
-2.775281
-1.26556
2.705957
-1239.374
155.1821
-587.612
1.0
LinkTagAnd
0
2.96706
0
-1766.133
272.3
-776.2101
1.0
FldObj_CliffYellowTunnel_A_01_Far
0
-0.12
0
-1796.281
181.2261
-503.7797
1.0
Area
0
0.8726646
0
-1751.628
309.3172
-778.8292
2.75
LinkTagOr
-0.02843554
-0.5158873
0.1380613
-1648.571
225.1627
-44.95758
1.0
Area
0.03074398
-0.1366034
0.3578972
-1145.662
186.0345
-758.9863
0.1
LinkTagAnd
3.051427
0.01903685
3.08492
-1371.9
118.3047
-107.7525
1.0
TBox_Field_Enemy
0
2.483185
0
-1213.164
121.4962
-163.0257
1.0
LocationTag
0
0
0
-1431.651
138.4818
-596.6024
1.0
FldObj_MapTowerStairWood_A_01_Far.004
0
0.8726646
0
-1755.3
272.3
-774.3
1.0
Weapon_Sword_008
-1.23481
-0.4841365
2.497894
-1791.2
255.2
-781.5
1.0
FldObj_CliffWhiteLumpRock_A_01.001
-1.249632
-1.314356
0.142249
-1059.554
117.7974
-301.4938
1.0
FldObj_PushRock_Korok.001
0.3604353
-1.153987
-0.4912896
-1203.258
186.8963
-630.9852
0.8
Enemy_Lizalfos_Guard_Junior_LongVisibility
0
-0.6838233
0
-1708.5
306.6953
-871
1.0
LinkTagNone
0
0
0
-1060.375
147.5328
-492.4219
1.0
LinkTagAnd
0
-0.3231867
0
-1435.626
138.319
-588.9812
0.3
FldObj_FissureValley_A_04_Far.001
0
0.8
0
-1788.55
167.3008
-489.3809
1.0
FldObj_FissureValleyWall_A_01_Far.013
-0.2127284
-1.293592
0.2209047
-1143.87
109.3467
-467.1715
1.0
Obj_BoardWood_Square_01
0
0
0
-1064.2
145.9
-496.2
1.0
DestinationAnchor
0
0.3490658
0
-1755.642
328.5872
-775.2397
1.0
LinkTagAnd
0
0
0
-1718.04
304.3203
-866.8168
1.0
LinkTagAnd
0
0
0
-1087.787
145
-474.6085
1.0
FldObj_FissureValleyWall_A_01.014
0.67284
0.7888695
0.8885047
-1190.654
144.8197
-478.0225
0.9
FldObj_CliffYellowTunnel_A_01
0
-0.12
0
-1796.281
181.2261
-503.7797
1.0
LinkTagAnd
0
2.96706
0
-1766.133
272.3
-776.2101
1.0
FldObj_FissureValley_A_03_Far.004
-3.047304
-0.4820631
-3.130344
-1561.713
126.0111
-484.9767
1.0
Area
0
-2.5
0
-1869.786
246.6901
-34.39117
0.3
LinkTagOr
0
2.18
0
-1630.113
208.4313
-513.1442
1.0
SwitchTimeLag
0
0.28
0
-1395.761
186.6661
-375.1997
1.0
FldObj_FissureValley_A_03_Far.005
0.03613837
-0.176739
-0.1828433
-1403.144
170.4062
-628.8743
1.0
LinkTagOr
0
2.18
0
-1633.832
210.4313
-518.4749
1.0
FldObj_FissureValleyWall_A_01_Far.014
-2.729152
-1.188053
2.70087
-1283.829
160.6273
-596.4567
1.0
Obj_RockCover
-0.002409373
0.0008247297
-0.005142336
-1589.465
211.3153
-228.6056
0.6
FldObj_FissureValleyWall_A_01.015
-3.086849
0.6148752
2.994509
-1560.111
156.2568
-467.2124
1.0
FldObj_FissureValley_A_04
0
0.8
0
-1788.55
167.3008
-489.3809
1.0
LinkTagOr
0
2.959999
0
-1651.651
227.3122
-39.15842
1.0
PlayerOnScaffoldCheckTag
0
1.66
0
-1261.995
142.6356
-508.9613
1.0
FldObj_CliffWhiteWall_A_02_Far.004
-0.2947016
1.118953
0.3452296
-1180.206
196.2592
-1013.051
1.0
Enemy_AirOctarock
0
-0.7853982
0
-1067.686
147.5094
-492.2141
1.0
FldObj_SkullRockBone_A_01.001
2.90574
-0.9354842
2.906534
-1328.566
129.5689
-518.8113
1.0
Area
0
-2.5
0
-1868.699
245.3463
-34.26724
0.3
ActorObserverTag
0
-2.5
0
-1883.71
247.6101
-27.44751
1.5
FldObj_DLC_FlyShield_Wood_A_02.001
0.2509818
0.5764714
0.3723412
-1712.691
305.1172
-865.5218
1.0
Obj_TreeDragonblood_A_04.006
0
-2.24
0
-1717.154
235.6321
-758.6669
0.7106568
Obj_BreakBoxIron
0.004548826
-0.001512949
-0.007563974
-1210.044
116.4921
-180.4229
1.0
EnemyChatFortMgrTag
0
-2.96
0
-1250.912
136.3365
-499.0527
1.0
Npc_Minigame_BirdMan001
0
1.063185
0
-1745.723
328.6
-770.0117
1.0
Weapon_Sword_021
0.1110783
0.002473111
-0.08842918
-1786.29
255.0257
-774.8834
1.0
FldObj_ChainEyeBolt_A_01
0
1.570796
-3.141593
-1092.084
134.0204
-497.5138
1.0
Obj_KorokPot_A_01.001
0
2.861587
0
-1512.404
177.4449
57.80365
1.0
Area
0
-1.22173
0
-1753.214
273.9172
-768.855
2.75
LinkTagPulse
3.121593
-0.2415924
-3.141592
-1591.005
211.6337
-228.8779
0.25
LinkTagAnd
0
1.919862
0
-1759.062
254.7
-784.6366
1.0
ActorObserverTag
0
-2.5
0
-1874.779
243.1323
-34.11951
1.5
Obj_Plant_KorokColor_A_01.006
-0.02484552
0.09477536
0.1216793
-1650.177
224.9553
-45.24396
1.0
LinkTagAnd
0
0
0
-1755.3
258.7195
-774.3
1.0
FldObj_FenceWoodDamage_A_01_NearEnemy.012
0
-1.269204
0
-1226.486
169.4562
-231.1494
1.0
FldObj_FissureValleyWall_A_01_Far.015
-0.7002206
-1.371854
0.5940207
-1378.617
147.0232
-610.927
1.1
Enemy_Moriblin_Middle
0
3.015988
0
-1994.416
262.2278
-66.88678
1.0
Item_Fruit_A
0
-2.5
0
-1868.699
245.3432
-34.26721
1.0
LinkTagAnd
0
0
0
-1706.772
306.2938
-870.4342
1.0
FldObj_FissureValley_A_03_Far.006
-2.539579
-0.3868349
2.81463
-1683.25
161.863
-404.7793
1.0
FldObj_FenceWoodDamage_A_01_NearEnemy.013
2.683965
-1.347491
-2.673923
-1229.107
169.5012
-237.884
1.0
Area
0.2767954
1.179638
0.3193285
-1659.878
224.6913
-31.40289
2
FldObj_CliffWhiteWall_A_02.003
2.63586
-0.9004598
-3.080399
-1067.83
170.334
-234.1141
0.85
FldObj_FissureValley_A_04.001
-2.832602
-0.5277798
-3.119617
-1708.785
234.004
-673.6921
1.0
Area
-0.1224887
-0.009079102
-0.14779
-1034.953
151.105
-446.3322
3
DgnObj_DungeonEntrance_A_01_Far
0
-0.3231867
0
-1432.298
137.319
-594.1942
1.0
Enemy_Bokoblin_Senior
0
-1.2
0
-1333.728
197.9411
-840.5653
1.0
FldObj_FissureValley_A_03_Far.007
-2.800385
0.6035564
-3.068852
-1824.006
243.9887
-695.2104
1.0
Enemy_Moriblin_Middle
0
-0.125605
0
-1992.029
262.1584
-78.63702
1.0
LinkTagAnd
0
0.28
0
-1384.696
186.6661
-371.0977
1.0
Item_Fruit_A
0
-1.103737
0
-1868.322
244.1869
-31.17838
1.0
FldObj_KorokGoal_A_01.001
0
-2.700001
0
-1964.676
219.2041
-584.1647
1.0
LinkTagAnd
0
-1.22173
0
-1751.538
307.7
-763.9634
1.0
FldObj_FissureValleyWall_A_01_Far.016
0
-0.05999999
0.32
-1118.463
138.6232
-610.8235
1.2
FldObj_FissureValleyWall_A_01.016
-2.833094
-1.309259
2.827055
-1488.222
166.535
-634.4792
1.0
LocationTag
0
0
0
-1087.787
145
-474.6085
1.0
SwitchTimeLag
-1.570796
-1.103189
0
-1183.09
119.6868
-236.2686
0.5
Enemy_Bokoblin_Guard_Junior
0
1.24
0
-1224.981
120.9844
-196.5959
1.0
FldObj_SkullRockBone_A_01.002
0
0.3815927
0
-1253.248
136.4393
-559.9709
1.0
LinkTagNAnd
0
-2.5
0
-1874.779
244.5197
-34.11951
1.0
FldObj_MapTowerWingBefore_A_01
0
-2.792527
0
-1755.3
254.3999
-774.3005
1.0
FldObj_FissureValleyWall_A_01_Far.017
-2.236914
1.12344
-2.34443
-1607.196
150.0358
-466.616
1.0
AirOcta_Tag
0
-2.725397
0
-1721.31
305.6938
-861.2748
1.0
Enemy_AirOctarock
0
2.049213
0
-1700.653
307.9203
-872.4251
1.0
Area
0
1.919862
0
-1757.386
291.6172
-779.745
2.75
FldObj_FissureValley_A_04_Far.002
0.4600001
-0.28
0
-1269.578
165.3969
-621.3203
1.0
FldObj_Chain_A_03
0
0
0
-1092.084
134.1313
-497.5138
1.0
LinkTagOr
0
1.559999
0
-1145.921
119.4736
-284.3723
1.0
LinkTagOr
0
0
0
-1130.768
185.491
-766.098
1.0
Enemy_Lizalfos_Middle
0
0.09999992
0
-1621.3
255.2081
-857.9
1.0
Obj_Plant_KorokColor_A_01.007
0.1737726
0.9240466
0.2016841
-1659.816
223.4383
-30.94611
1.05
FldObj_FenceWoodDamage_A_01_NearEnemy.014
0
1.756194
0
-1182.767
169.3564
-235.0988
1.0
LinkTagAnd
0
-1.22173
0
-1751.538
307.7
-763.9634
1.0
Weapon_Spear_003
-0.0376465
-0.1243501
1.632162
-1852.34
251.7142
-775.8914
1.0
PlayerOnScaffoldCheckTag
0
1.390797
0
-1206.717
175.9986
-227.1746
1.0
Obj_LiftRockWhite_A_01
-0.1224887
-0.009079102
-0.14779
-1035.1
150.1234
-446.21
1.0
Area
0
0
0
-1505.108
200.1544
-799.3798
50
LinkTagAnd
0
0
0
-1721.31
305.6938
-861.2748
1.0
LinkTagAnd
0
-2.268928
0
-1762.371
254.7
-765.8735
1.0
TBox_Field_Iron
0
-0.42
0
-1062.8
146.3
-497.7
1.0
LinkTagOr
0
0
0
-1091.084
130.5204
-497.5138
1.0
Area
0
-2.792527
0
-1755.3
327.5757
-774.3
15
FireWoodDie
0
-1.96
0
-1993.633
262.0576
-73.02728
1.0
Obj_Plant_KorokColor_A_01.008
0
0.4399999
0
-1660.042
223.9546
-43.68756
1.0
FldObj_KorokStone_A_01
0.03074398
-0.1366034
0.3578972
-1145.886
185.6737
-758.7377
1.0
Area
0
2.96706
0
-1761.059
309.3172
-775.2158
2.75
FldObj_FissureValleyWall_A_01.017
0
1.801593
0
-1465.982
144.002
-520.1325
1.0
FldObj_CliffYellowWall_A_09.002
0
0.7
0
-1699.618
181.3864
-631.972
1.0
LinkTagOr
3.135058
-0.08133142
-3.061327
-1652.276
224.4396
-28.90891
1.0
ActorObserverTag
-0.02
0
0
-1590.039
213.3955
-226.1912
1.0
FldObj_CliffYellowRock_A_01
0.1502237
1.106525
0.2476629
-1781.245
194.2793
-511.4148
1.0
LinkTagAnd
0.07999994
-1.479999
0
-1643.078
225.5747
-35.64938
1.0
LinkTagAnd
0
-0.1745329
0
-1744.467
290
-772.3899
1.0
Npc_HiddenKorokGround
0
3.119999
0
-1372.536
115.847
-107.9869
1.0
FldObj_FissureValleyWall_A_01.018
-0.7002206
-1.371854
0.5940207
-1378.617
147.0232
-610.927
1.1
LinkTagAnd
0
0
0
-1708.5
306.6953
-871
1.0
Obj_LiftRockWhite_A_01.001
0.09014942
0.002469175
-0.05472877
-1372.541
115.7475
-107.9959
1.0
FldObj_CliffWhiteWall_A_01_Far.003
1.699696
1.35825
2.076973
-1210.967
190.5861
-868.2884
1.0
Area
0
-2.792527
0
-1755.3
329.4
-774.3
40
Weapon_Spear_038
1.570796
0
0
-1722.5
257.2
-764.5
1.0
LinkTagAnd
0.626976
0.3410487
-0.9108645
-1370.49
116.6325
-107.9108
1.0
Obj_Plant_Korok_A_01.003
-1.437766
1.030164
-2.758511
-1194.819
142.5481
-236.6191
1.0
Weapon_Shield_002
-1.86943
-0.4778929
0.2987998
-1195.472
116.7303
-180.9425
1.0
Enemy_AirOctarock
0
0.8707993
0
-1723.159
300.7203
-872.7416
1.0
AirOcta_Tag
0
2.74
0
-1113.3
150.1
-459.3
1.0
LinkTagNone
0
0
0
-1752
255.0738
-757.4797
1.0
FldObj_CliffYellowWall_A_04.002
2.709201
1.428411
2.705318
-1608.399
251.1805
-767.6226
1.0
ActorObserverTag
0.03074398
-0.1366034
0.3578972
-1146.797
187.4755
-758.9584
1.0
LinkTagAnd
0
0
0
-1205.084
116.4691
-167.5105
1.0
FldObj_FissureValleyWall_A_01_Far.018
-0.03787369
-0.7612815
0.1503807
-1612.778
154.4274
-600.4882
1.0
FldObj_FissureValley_A_03.005
0.3042597
0.9670953
0.3592534
-1564.456
188.5667
-725.7061
1.0
Weapon_Spear_004
-1.745329
1.4
0
-1622.186
253.9003
-852.4804
0.6666666
Enemy_Bokoblin_Senior
0
-0.5799998
0
-1330.843
197.7216
-831.5626
1.0
LinkTagAnd
0
0
0
-1755.3
258.7195
-774.3
1.0
Enemy_Lizalfos_Senior
0
0.92
0
-1692.4
256.1348
-719.4
1.0
FldObj_FissureValleyWall_A_01_Far.019
0.67284
0.7888695
0.8885047
-1190.654
144.8197
-478.0225
0.9
LinkTagAnd
0
-1.22173
0
-1751.538
272.3
-763.9634
1.0
FldObj_FissureValley_A_03_Far.008
-2.90291
-0.4847412
3.11213
-1523.487
140.7879
-503.2847
1.045768
Enemy_Chuchu_Middle
0
-1.88
0
-1391.205
201.2628
-352.1308
1.0
LinkTagAnd
0
0.8726646
0
-1748.229
272.3
-782.7265
1.0
Area
0
-0.1745329
0
-1749.541
256.3172
-773.3842
2.75
Enemy_Bokoblin_Senior
0
-1.2
0
-1341.029
197.5416
-837.257
1.0
Npc_HiddenKorokGround
0
-2.5
0
-1877.903
243.7032
-32.18372
1.0
FldObj_HyliaStoneRuinDebris_A_01_Far.001
-1.273792
-1.241091
1.440291
-2027.015
259.1102
-124.5147
1.3
LinkTagAnd
0
0
0
-1727.338
299.0938
-877.6342
1.0
FldObj_FissureValleyWall_A_01_Far.020
0
1.801593
0
-1465.982
144.002
-520.1325
1.0
Area
0
-2.268928
0
-1758.972
291.6172
-769.7709
2.75
Obj_TreeDragonblood_A_04.007
0
0.1400002
0
-1730.39
231.679
-767.2446
0.6
LinkTagOr
-2.168528
-0.9603463
-0.391234
-1170.916
159.4081
-233.7807
1.0
ActorObserverTag
0
1.559999
0
-1145.921
116.4736
-284.3723
2
FldObj_CliffWhiteWall_A_01_Far.004
-0.2159643
0.2233255
0.04717513
-1617.903
203.9932
56.2962
1.0
LinkTagAnd
0
-2.792527
0
-1763.335
328.5522
-768.8294
1.0
Obj_TreeDragonblood_A_04.008
0
-2.24
0
-1756.622
235.4603
-817.3701
0.7106568
LinkTagOr
0
-0.3415969
0
-1147.726
151.8743
-226.5182
1.0
FldObj_MapTowerStairWood_A_01_Far.005
0
1.919862
0
-1755.3
290
-774.3
1.0
LinkTagAnd
0
0
0
-1643.536
226.7708
-39.62421
1.0
Weapon_Shield_003
3.141592
-1.154064
8.506693E-08
-1793.5
254.6226
-777.1
1.0
LinkTagAnd
0
0
0
-1064.9
146.3
-495.3
1.0
Area
3.121593
-0.2415924
-3.141592
-1590.034
211.6338
-229.1171
3
LinkTagAnd
0
-2.5
0
-1868.23
250.8869
-32.3082
1.0
Enemy_Moriblin_Senior
0
2.22879
0
-1998.821
262.1014
-69.0141
1.0
KorokAnswerResponce
0
-2.700001
0
-1963.246
219.2041
-588.1591
1.0
LinkTagAnd
0
-2.792527
0
-1790.11
254.4
-758.4143
1.0
LinkTagAnd
0
-2.268928
0
-1762.371
254.7
-765.8735
1.0
FldObj_FissureValley_A_01.004
3.109718
0.4733654
2.927192
-1754.778
188.101
-351.5014
1.0
Obj_TreeDragonblood_A_04.009
0
0
0
-1751.351
233.7415
-743.9946
0.8
PlayerOnScaffoldCheckTag
0
-0.6584082
0
-1216.645
123.4562
-166.6967
1.0
FldObj_RockDislocation_A_01_Far.001
0.08946127
1.007841
-0.1974231
-1485.997
192.9487
-714.379
1.0
LinkTagOr
0
-2.5
0
-1882.646
243.4507
-25.8732
1.0
Item_Fruit_A
0
-2.5
0
-1869.353
243.4369
-30.97034
1.0
EventTag
0
0
0
-1760.212
330.0527
-724.591
1.0
FldObj_CliffWhiteWall_A_03_Far
3.045986
0.5364337
-3.014791
-1480.374
212.3792
-272.3627
1.0
LinkTagNAnd
-1.703827
-1.030164
0.3830819
-1194.056
145.6327
-240.069
1.0
Area
0
-2.5
0
-1866.911
244.6901
-33.50595
0.3
FldObj_FissureValley_A_03_Far.009
-0.417363
1.247809
-0.4929342
-1787.921
171.004
-417.7204
1.0
Area
0
-1.439999
0
-1128.307
153.4024
-675.4451
2.5
Area
3.135058
-0.08133142
-3.061327
-1650.384
225.7956
-29.06357
2
EnemyLookTag
0
-2.94
0
-2027.566
262.1768
-73.15817
1.0
LinkTagAnd
0
1.919862
0
-1759.062
290
-784.6366
1.0
DgnObj_EntranceTerminal_A_01
0
-0.8467855
0
-1432.307
138.3191
-587.8696
1.0
LinkTagOr
0
0
0
-1984.917
208.8169
-621.0948
1.0
FldObj_CliffYellowWall_A_04_Far.001
0
0.84
0
-1756.652
219.1562
-545.941
1.0
FldObj_FenceWoodDamage_A_01_NearEnemy.015
0
1.330798
0
-1182.599
169.2011
-230.3062
1.0
Item_RoastFish_01
1.536264
1.4
0
-1622.437
255.2992
-852.5237
1.2
FldObj_FenceWoodDamage_A_01_NearEnemy.016
2.111424
1.454305
2.108428
-1182.212
169.3134
-232.6553
1.0
FldObj_FissureValleyWall_A_01.019
0.4514116
0.7391683
0.7262322
-1216.368
159.8721
-454.6957
1.0
FldObj_FissureValleyWall_A_01.020
0
1.82
0
-1726.577
172.3
-383.8605
1.0
ActorObserverTag
0
-2.5
0
-1873.176
243.8823
-35.31644
1.5
Obj_Plant_KorokColor_A_01.009
0.01257461
-0.9566521
0.0693948
-1644.118
225.5187
-39.37045
0.9299999
LinkTagNone
0
0
0
-1205.084
116.4691
-167.5105
1.0
FldObj_FissureValley_A_01_Far.006
-2.802122
1.070662
-2.758992
-1610.252
176.8428
-466.5367
1.0
FldObj_CliffWhiteWall_A_02.004
-0.2947016
1.118953
0.3452296
-1180.206
196.2592
-1013.051
1.0
FldObj_FissureValley_A_06.001
3.030121
-1.491237
-2.66951
-1653.749
226.3165
-811.6395
1.0
Obj_LiftRockWhite_A_01.002
3.121593
-0.2415924
-3.141592
-1590.039
210.6339
-229.1365
1.0
Obj_BreakBoxIron.001
3.132736
-1.200191
-3.13922
-1209.212
118.4853
-180.4357
1.0
FldObj_RockDislocation_A_05
2.856307
0.8910455
2.97643
-1449.099
181.2689
-426.3483
1.0
Obj_Plant_KorokColor_A_01.010
2.820539
1.234321
2.899921
-1659.25
223.5679
-31.84344
0.95
FldObj_FissureValley_A_03.006
0.1183562
0.08741914
-0.09576429
-1547.184
117.5855
-568.1152
1.0
LinkTagOr
0
0.4399999
0
-1657.381
223.9546
-42.72995
1.0
Area
0
2.18
0
-1631.543
210.3813
-515.1945
1.7
ConstraintDummy
0
2.861587
0
-1514.326
177.4449
57.25092
0.5
LinkTagAnd
0
0
0
-1702.552
307.9515
-864.1396
1.0
FldObj_CliffYellowWall_A_04_Far.002
3.021593
1.421592
3.141593
-1817.975
204.7613
-398.8771
1.0
LinkTagOr
0
-1.103189
0
-1181.305
119.6868
-237.1701
1.0
FldObj_MapTowerStairWood_A_01_Far.006
0
-2.268928
0
-1755.3
254.7
-774.3
1.0
Enemy_Lizalfos_Electric
0
-1.410796
0
-1752
255.0738
-757.4797
1.0
Weapon_Spear_007
1.450796
0
-0.09999999
-1789.7
257.6
-785.7
1.0
FldObj_RockDislocation_A_05.001
0.4862778
-0.827744
-0.449838
-1682.362
255.2535
-916.7921
1.0
LinkTagAnd
0
0
0
-1060.514
147.4547
-500.1484
1.0
LinkTagAnd
0
1.4
0
-1622.81
254.5542
-849.5436
1.0
EventTag
0
-2.792527
0
-1755.3
328.582
-774.3
1.0
LinkTagAnd
0
0
0
-1431.651
138.4818
-596.6024
1.0
FldObj_CliffWhiteWall_A_03
3.045986
0.5364337
-3.014791
-1480.374
212.3792
-272.3627
1.0
FldObj_FissureValley_A_01.005
0
0
0
-1570.458
207.8219
-870.8318
1.0
FldObj_CliffYellowWall_A_05_Far.001
-0.1558945
-0.9797021
0.02980836
-1896.075
259.9843
-670.4996
1.0
LinkTagAnd
0
0
0
-1726.244
300.7203
-884.5072
1.0
KorokAnswerResponce
0
-2.5
0
-1877.931
244.6907
-31.92673
0.5
LinkTagNAnd
-0.08308997
-1.019678
-1.555858
-1192.296
132.8357
-234.0579
1.0
FldObj_MapTowerStairWood_A_01.004
0
0.8726646
0
-1755.3
307.7
-774.3
1.0
FldObj_FissureValleyWall_A_01_Far.021
0
0
0
-1584.311
162.1794
-679.9437
1.0
LinkTagAnd
0
0
0
-1067.686
147.5094
-492.2141
1.0
WildHorseCreateTag
0
0
0
-1684.929
215.1727
-255.057
1.0
LinkTagAnd
0
0
0
-1861.5
216.0041
-285
1.0
DgnObj_DungeonEntrance_A_01
0
-0.3231867
0
-1432.298
137.319
-594.1942
1.0
FldObj_FissureValley_A_01.006
0
-1.92
0
-1524.23
155.8642
-605.1315
1.0
FldObj_CliffYellowRock_A_01.001
0.3024104
1.148299
0.5436385
-1813.186
186.0441
-424.4454
1.0
ShelterFromRainTag
0
-1.48
0
-1502.454
192.128
-802.9501
1.0
Npc_HiddenKorokGround
0
1.721592
0
-1142.419
182.6268
-761.9467
1.0
ActorObserverTag
0
-1.439999
0
-1128.254
158.3634
-675.0388
2
FldObj_CliffYellowWall_A_09_Far.001
0
-1.6
0
-1917.375
187.8994
-798.4592
1.0
Item_Fruit_A
0
-2.5
0
-1875.108
246.647
-29.47946
1.0
Obj_Plant_KorokColor_A_01.011
-0.02555527
-0.254182
0.1304583
-1649.901
224.955
-46.6398
1.05
FldObj_CliffYellowWall_A_06_Far
-0.08186532
0.3199425
-0.1865402
-1897.504
245.8379
17.78137
1.0
FldObj_CliffWhiteWall_A_01.002
2.478498
0.5745587
-2.927882
-943.3494
174.6936
-213.0584
1.0
FldObj_FenceWoodDamage_A_01_NearEnemy.017
1.358038
-1.468508
-1.359117
-1240.955
169.6613
-236.817
1.0
LinkTagAnd
0
-1.581594
0
-1142.666
118.9736
-284.8371
1.0
KorokAnswerResponce
0
-1.439999
0
-1128.515
158.3634
-677.0217
1.0
LinkTagAnd
0
-2.792527
0
-1752.503
328.5819
-775.3181
0.5
GrassCutTag
0
-2.96
0
-1250.912
136.3398
-499.0527
1.0
LinkTagOr
0
-1.439999
0
-1125.214
160.4102
-674.9344
1.0
LinkTagAnd
0
0
0
-1857.5
216.0041
-282.5
1.0
FldObj_CliffWhiteTilt_A_01_Far
-0.03567097
1.059643
-0.04089314
-1443.93
107.8672
-29.29974
1.0
FldObj_CliffWhiteWall_A_02_Far.005
2.361593
1.52
3.141593
-1138.679
149.4555
-669.4437
1.0
LinkTagAnd
0
0
0
-1064.2
148.9
-496.2
1.0
FldObj_FissureValley_A_03.007
0.3200279
-0.001998454
-0.05992404
-1732.529
244.6371
-873.0776
1.0
Area
3.106527
0.8606967
3.063172
-1787.635
238.9012
-377.933
0.7
FldObj_MapTowerStairWood_A_01_Far.007
0
1.919862
0
-1755.3
254.7
-774.3
1.0
FldObj_MapTowerStairWood_A_01.005
0
1.919862
0
-1755.3
254.7
-774.3
1.0
FldObj_MapTowerStairWood_A_01_Far.008
0
-0.1745329
0
-1755.3
290
-774.3
1.0
FldObj_FissureValleyWall_A_01.021
-0.03787369
-0.7612815
0.1503807
-1612.778
154.4274
-600.4882
1.0
Npc_HiddenKorokFly
0
-1.581594
0
-1142.671
116.4736
-284.3372
1.0
Npc_HiddenKorokGround
0
2.959999
0
-1651.16
224.8122
-39.06839
1.0
Obj_TreeDragonblood_A_04.010
0
0
0
-1796.8
228.5
-776.9
1.0
LinkTagAnd
0
-2.5
0
-1881.029
249.6907
-32.73264
1.0
FldObj_CliffWhiteWall_A_01.003
-1.038298
-0.1493583
-0.3221014
-982.5719
168.4737
-194.5481
0.9
FldObj_FissureValley_A_03_Far.010
0.3200279
-0.001998454
-0.05992404
-1732.529
244.6371
-873.0776
1.0
FldObj_CliffWhiteWall_A_01.004
-0.2159643
0.2233255
0.04717513
-1617.903
203.9932
56.2962
1.0
FldObj_CliffYellowWall_A_09.003
0
-1.6
0
-1917.375
187.8994
-798.4592
1.0
Npc_HiddenKorokFly
0
-0.9615927
0
-1631.543
210.4313
-515.1945
1.0
FldObj_FissureValley_A_02.001
-2.661129
0.9175434
-2.560779
-1599.974
126.1192
-448.7727
0.8292545
FldObj_FenceWoodDamage_A_01_NearEnemy.018
0
-1.509204
0
-1226.857
169.4065
-233.6426
1.0
ShelterFromRainTag
0
1.68
0
-1595.039
148.7307
-631.048
1.0
FldObj_HyliaStoneRuinDebris_A_01_Far.002
0
-0.4399993
0
-2032.637
261.7301
-90.45154
1.3
FldObj_MapTowerStairWood_A_01.006
0
1.919862
0
-1755.3
290
-774.3
1.0
Enemy_Bokoblin_Guard_Junior_Ambush
0
1.390797
0
-1205.822
174.0386
-232.0939
1.0
Obj_BreakBoxIron.002
3.141565
0.001424996
-3.141434
-1208.029
116.4816
-180.4352
1.0
FldObj_FissureValley_A_02_Far.002
2.208942
-1.179487
-2.171795
-1325.62
152.5036
-598.4003
1.0
FldObj_CliffWhiteLumpRock_A_01.002
2.788796
-1.033323
-2.976564
-1045.305
132.1249
-439.4675
1.0
LinkTagNOr
0
1.4
0
-1619.854
254.5542
-849.0338
1.0
Area
0
0.9399999
0
-1388.812
196.9919
-351.4404
1.0
FldObj_FissureValleyWall_A_01_Far.022
0.07509132
-0.05515757
0.2868592
-1560.253
205.9515
-789.1815
1.0
EnemyLookTag
0
0.52
0
-1249.836
135.921
-551.7266
1.0
TBox_Field_Wood
0
-0.02180216
0
-1726.564
299.5938
-879.625
1.0
FldObj_MapTower_A_01
0
-2.792527
0
-1755.3
254.4
-774.3
1.0
LinkTagAnd
-0.02843554
-0.5158873
0.1380613
-1646.848
225.4021
-43.97095
1.0
LinkTagAnd
-0.02
0
0
-1590.039
213.3655
-227.6909
1.0
FldObj_FissureValley_A_03.008
0.03613837
-0.176739
-0.1828433
-1403.144
170.4062
-628.8743
1.0
Enemy_AirOctarock
0
0.7853982
0
-1060.375
147.5328
-492.4219
1.0
Weapon_Spear_038
1.570796
-1.34
0.1600001
-1763.9
257.5
-814.8
1.0
LinkTagAnd
0
0
0
-1755.3
326
-774.3
1.0
FldObj_MapTowerStairWood_A_01.007
0
-1.22173
0
-1755.3
272.3
-774.3
1.0
FldObj_FissureValley_A_06_Far.002
0.3730848
1.090754
0.1546478
-1602.488
181.3635
-638.6184
1.0
Obj_Plant_Korok_A_01.004
-3.058503
1.019677
1.585734
-1195.484
129.4055
-233.7892
1.0
FldObj_CliffWhiteWall_A_05
2.177392
1.280153
2.276686
-1189.97
181.9087
-747.6697
1.0
AirOcta_Tag
0
1.656198
0
-1727.338
302.0938
-877.6342
1.0
LinkTagAnd
-0.1224887
-0.009079102
-0.14779
-1035.212
152.749
-446.532
1.0
Area
0
0
0
-1591.742
149.3767
-634.4733
50
FldObj_SkullRockBone_A_01_Far.001
0
0.3815927
0
-1253.248
136.4393
-559.9709
1.0
LinkTagOr
0
0
0
-1984.917
207.8169
-621.0948
1.0
LinkTagAnd
0
0
0
-1258.901
162.2504
-240.5179
1.0
SwitchTimeLag
0
0.28
0
-1391.64
186.6661
-375.3441
1.0
FldObj_FissureValley_A_03.009
0.1314572
0.9627652
-0.03339308
-1686.547
154.3983
-548.0582
1.0
FldObj_FenceWoodDamage_A_01_NearEnemy.019
0.1354157
1.152132
0.1480383
-1181.265
169.0585
-225.458
1.0
LinkTagAnd
0
-0.3231867
0
-1434.355
150.819
-592.7741
0.6
Enemy_Chuchu_Junior
0
2.94
0
-1389.914
200.0446
-361.5745
1.0
FldObj_BridgeStone_A_01
0
1.396263
0
-1202.386
172.2891
-230.4146
1.0
LinkTagNOr
0
-0.6584082
0
-1218.484
116.4593
-168.4624
1.0
FldObj_FissureValley_A_02.002
2.208942
-1.179487
-2.171795
-1325.62
152.5036
-598.4003
1.0
FldObj_FissureValleyWall_A_01_Far.023
-2.833094
-1.309259
2.827055
-1488.222
166.535
-634.4792
1.0
LinkTagAnd
0
-1.103189
0
-1183.983
119.6868
-235.8178
1.0
LinkTagAnd
0
-0.1745329
0
-1744.467
290
-772.3899
1.0
TBox_Field_Wood
0
-3.141593
0
-1111.6
147.5
-456.5
1.0
Area
-1.443481
-0.4727434
-2.418546
-1148.723
151.0342
-224.2019
2
GrassCutTag
0
0.52
0
-1249.836
135.921
-551.7266
1.0
FldObj_FissureValley_A_03_Far.011
0.1530686
0.8693463
-0.01448921
-1664.043
124.7613
-495.9121
1.0
LinkTagAnd
0
-2.792527
0
-1755.425
328.5522
-776.2664
0.5
LinkTagOr
0
2.18
0
-1785.25
238.4535
-379.6827
1.0
Npc_HiddenKorokFly
0
2.861587
0
-1512.017
177.0386
56.45966
1.0
FldObj_RockDislocation_A_05_Far.001
0.4862778
-0.827744
-0.449838
-1682.362
255.2535
-916.7921
1.0
LinkTagAnd
0
0
0
-1431.651
138.4818
-596.6024
1.0
FldObj_MapTowerStairWood_A_01.008
0
-1.22173
0
-1755.3
307.7
-774.3
1.0
FldObj_CliffYellowWall_A_06_Far.001
-0.376445
-0.5918688
-0.05608759
-1904.532
353.8153
-1091.522
1.0
FldObj_MapTowerStairWood_A_01.009
0
-0.1745329
0
-1755.3
290
-774.3
1.0
FldObj_CliffWhiteWall_A_05.001
0.1290107
0.8935412
0.1598639
-1245.013
147.4951
-335.2745
1.078918
Area
0
-2.792527
0
-1749.091
317.6102
-773.2312
2
DgnObj_WarpPoint_A_01
0
-0.3231867
0
-1435.218
138.282
-585.4749
1.0
Obj_TreeDragonblood_A_04.011
0
1.041593
0
-1722.35
230.8118
-818.5018
0.7106568
Area
-0.08308997
-1.019678
-1.555858
-1194.287
129.3386
-233.8413
2
FldObj_FissureValleyWall_A_01.022
-2.729152
-1.188053
2.70087
-1283.829
160.6273
-596.4567
1.0
FldObj_FissureValley_A_01.007
-0.6979133
-1.451376
0.7173787
-1184.773
162.378
-577.5771
1.0
LinkTagNAnd
0
-2.5
0
-1872.306
247.4338
-35.96634
1.0
LinkTagAnd
0
-0.1745329
0
-1744.467
254.7
-772.3899
1.0
FldObj_CliffWhiteTilt_A_01
-0.03567097
1.059643
-0.04089314
-1443.93
107.8672
-29.29974
1.0
Npc_HiddenKorokGround
0
-0.2415924
0
-1590.039
210.7338
-229.1346
1.0
FldObj_BridgeNorthWest_A_01
0
0.8400001
0
-1087.787
140.7143
-474.6086
1.0
LinkTagAnd
0
0
0
-1727.338
302.0938
-877.6342
1.0
FldObj_FissureValley_A_02_Far.003
0
-2.3
0
-1496.104
170.5739
-670.6757
1.0
FldObj_FissureValleyWall_A_01_Far.024
-2.862151
-1.219603
3.027184
-1431.781
147.8689
-623.6528
1.0
FldObj_CliffYellowWall_A_09_Far.002
0
1.06
0
-1629.618
181.3864
-717.0071
1.0
Enemy_Wizzrobe_Electric
0
-0.9400002
0
-1722.4
254.9
-792.4
1.0
Obj_Plant_KorokColor_A_01.012
-0.03812703
-0.8647678
0.1530495
-1650.75
224.8514
-46.55035
1.02
FldObj_SkullRockBone_A_01_Far.002
0
-3.06
0
-1249.899
137.0018
-489.385
1.0
LinkTagOr
0
0
0
-1257.901
162.2504
-240.5184
1.0
FldObj_ScaffoldWood_B_02_Far
0
-0.4800007
0
-1394.913
185.9661
-364.8095
1.0
Obj_BoardWood_Triangle_01.003
0
1.656198
0
-1727.338
299.0938
-877.6342
1.0
LinkTagAnd
0
0
0
-1700.653
307.9203
-872.4251
1.0
FldObj_FissureValley_A_04.002
2.668837
-1.110691
-2.620507
-1500.325
163.6043
-691.3036
1.0
FldObj_MapTowerStairWood_A_01.010
0
0.8726646
0
-1755.3
272.3
-774.3
1.0
FldObj_FissureValleyWall_A_01_Far.025
0.9376397
1.064927
1.000041
-1294.406
153.2565
-470.09
1.0
Enemy_AirOctarock
0
-1.972389
0
-1118.862
148.7266
-463.4835
1.0
LinkTagAnd
0
0
0
-1111.6
147.5
-456.5
1.0
LinkTagNone
0
0
0
-1329.685
198.5554
-848.5153
1.0
LinkTagAnd
0
0
0
-1755.3
329.4
-774.3
1.0
LinkTagNAnd
0
-0.6584082
0
-1209.303
116.4788
-169.3175
1.0
LinkTagAnd
0
2.959999
0
-1650.668
227.3122
-38.9783
1.0
Enemy_Bokoblin_Guard_Junior_TreeHouseTop
0
-0.6800001
0
-1064.9
146.3
-495.3
1.0
Npc_HiddenKorokFly
0
0.4415913
0
-1964.676
221.2041
-584.1647
1.0
BattleBgmRequestFinishTag
0
-0.6584082
0
-1200.015
136.4143
-161.8976
1.0
FldObj_FissureValley_A_02.003
0
-2.3
0
-1496.104
170.5739
-670.6757
1.0
FldObj_CliffYellowWall_A_09_Far.003
0
0.5
0
-1748.443
183.5036
-599.9681
1.0
Enemy_Moriblin_Middle
0
-0.7853982
0
-1200.198
116.48
-172.0939
1.0
PlayerOnScaffoldCheckTag
0
-3.04
0
-2005.042
269.211
-99.00699
1.0
FldObj_CliffYellowWall_A_06.001
-0.08186532
0.3199425
-0.1865402
-1897.504
245.8379
17.78137
1.0
WildHorseCreateTag02
0
0
0
-1336.081
196.9064
-807.0767
1.0
LinkTagAnd
0
0
0
-1864.5
221.0041
-275
2
ShelterFromRainTag
-2.841593
-1.441593
3.141593
-1558.385
151.6452
-636.3057
1.0
ActorObserverTag
0
-2.5
0
-1877.301
246.3501
-32.23529
1.5
FldObj_CliffYellowWall_A_10.001
0
-1.38
0
-1866.647
204.7036
-620.7008
1.0
Weapon_Spear_008
1.630796
0
-0.2
-1786.4
257.5
-772.5
1.0
Area
0.06759817
0.4619167
-0.06326115
-1984.782
208.258
-624.0071
0.7
SwitchTimeLag
1.570796
-0.6415929
3.141593
-1881.029
247.6907
-32.73264
0.5
FldObj_MapTowerStairWood_A_01.011
0
-2.268928
0
-1755.3
254.7
-774.3
1.0
Enemy_AirOctarock
0
0.4784164
0
-1702.552
307.9515
-864.1396
1.0
Area
0
1.66
0
-1262.44
142.6356
-513.9414
2
FldObj_MapTowerStairWood_A_01_Far.009
0
2.96706
0
-1755.3
272.3
-774.3
1.0
Enemy_AirOctarock
0
-1.154601
0
-1728.166
304.3203
-860.0775
1.0
FldObj_CliffWhiteWall_A_05_Far
0.1290107
0.8935412
0.1598639
-1245.013
147.4951
-335.2745
1.078918
LinkTagAnd
0
0.8726646
0
-1748.229
272.3
-782.7265
1.0
SwitchTimeLag
0
0.28
0
-1393.701
186.6661
-375.2719
1.0
FldObj_MapTowerStairWood_A_01_Far.010
0
-0.1745329
0
-1755.3
254.7
-774.3
1.0
FldObj_FissureValley_A_03.010
2.88144
-1.095844
-3.015296
-1478.151
186.2223
-781.2769
1.0
LinkTagOr
-0.02843554
-0.5158873
0.1380613
-1649.556
225.0833
-43.21857
1.0
Area
0
-2.792527
0
-1757.427
317.5946
-780.2819
2
FldObj_CliffWhiteWall_A_02.005
-0.48
-1.14
0
-1072.119
171.6738
-181.3563
1.0
LinkTagNone
0
0
0
-1622.186
253.9003
-852.4804
1.0
FldObj_FissureValleyEye_A_01
-0.01989157
-0.01317974
0.05972487
-1121.711
140.4019
-513.9322
1.0
Area
0
0
0
-1755.3
357
-774.3
1.0
LinkTagNone
0
0
0
-1210.039
116.4691
-180.435
1.0
EventTag
0
2.483185
0
-1216.379
136.4405
-173.2967
1.0
Enemy_Bokoblin_Guard_Middle_Ambush
0
1.12
0
-1234.125
141.1956
-548.1602
1.0
FldObj_RockDislocation_A_06_Far.001
0.2029761
0.6145674
0.06371046
-1593.687
187.8329
-319.079
1.0
FldObj_CliffYellowWall_A_09.004
0
1.06
0
-1629.618
181.3864
-717.0071
1.0
LinkTagAnd
0
0
0
-1721.31
302.6938
-861.2748
1.0
FldObj_CliffYellowTunnel_A_01_Far.001
-0.2
1.26
0
-1822.12
177.4214
-453.1649
1.0
FireWood
0
0
0
-1205.084
116.4691
-167.5105
1.0
SwitchTimeLag
-1.653886
-1.019678
-1.555858
-1192.351
130.9384
-232.8759
0.5
LinkTagAnd
0
0
0
-1650.443
226.1137
-45.97387
1.0
LinkTagNAnd
0.07999994
-1.479999
0
-1641.694
228.7249
-39.79193
1.0
LinkTagAnd
0
-1.439999
0
-1125.345
160.4102
-675.9258
1.0
FldObj_FissureValley_A_01_Far.007
0
-0.4999999
0
-1567.828
207.5658
-729.4561
1.0
Enemy_Chuchu_Junior
0
-1.579996
0
-1399.452
199.0608
-364.6307
1.0
LinkTagOr
0
1.459996
0
-1181.194
119.6868
-238.164
1.0
Enemy_Bokoblin_Senior
0
-1.46
0
-1339.008
198.1553
-850.4534
1.0
LinkTagNone
0
0
0
-1622.745
253.9041
-853.8011
1.0
Enemy_Bokoblin_Senior
0
-2.960001
0
-2026.746
262.1768
-69.63083
1.0
Npc_HiddenKorokFly
0
0
0
-1092.084
129.0204
-497.5138
1.0
FldObj_FissureValley_A_03.011
-3.047304
-0.4820631
-3.130344
-1561.713
126.0111
-484.9767
1.0
FldObj_FenceWoodDamage_A_01_NearEnemy.020
2.530602
1.466473
2.528037
-1154.146
169.2879
-224.9958
1.0
FldObj_FissureValley_A_01_Far.008
3.109718
0.4733654
2.927192
-1754.778
188.101
-351.5014
1.0
Area
0
-2.700001
0
-1964.676
221.1541
-584.1647
1.7
ActorObserverTag
0
1.559999
0
-1145.9
116.4736
-286.3721
2
FldObj_FissureValleyEye_A_01.001
-0.1030629
-0.4696502
0.2246772
-1691.218
207.1509
-594.1953
1.09856
Obj_Plant_KorokColor_A_01.013
3.002327
0.7219056
3.111726
-1660.268
223.4903
-31.7113
1.0
Area
0
-2.5
0
-1868.322
244.1823
-31.17838
0.3
Enemy_Moriblin_Senior
0
1.181592
0
-1998.635
262.1807
-76.10876
1.0
FldObj_FissureValley_A_01_Far.009
0
-1.92
0
-1524.23
155.8642
-605.1315
1.0
FldObj_FissureValley_A_03_Far.012
0.1314572
0.9627652
-0.03339308
-1686.547
154.3983
-548.0582
1.0
FldObj_FissureValleyWall_A_01.023
1.028325
1.315394
1.042791
-1391.552
150.6853
-524.9006
1.0
LinkTagAnd
0
0
0
-1118.862
148.7266
-463.4835
1.0
LinkTagAnd
0
0
0
-1787.635
238.9012
-377.933
1.0
Npc_HiddenKorokGround
0
0
0
-1035.085
150.2215
-446.2222
1.0
Obj_TreeApple_A_M_01.002
0
-2.5
0
-1881.048
243.4507
-22.73264
1.0
Item_Fruit_A
0
-2.5
0
-1869.786
246.6869
-34.39117
1.0
FldObj_CliffYellowWall_A_04_Far.003
2.709201
1.428411
2.705318
-1608.399
251.1805
-767.6226
1.0
LinkTagAnd
0
0
0
-1087.787
145
-474.6085
1.0
LinkTagAnd
0
0.8726646
0
-1748.229
307.7
-782.7265
1.0
PlayerOnScaffoldCheckTag
0
1.24
0
-1226.605
122.8968
-191.867
1.0
Enemy_AirOctarock
0
-1.877778
0
-1712.704
307.9203
-874.0735
1.0
LinkTagAnd
3.135058
-0.08133142
-3.061327
-1654.263
224.2798
-28.7464
1.0
Enemy_AirOctarock
0
1.201594
0
-1713.98
304.3515
-859.3485
1.0
Area
0
2.96706
0
-1761.059
273.9172
-775.2158
2.75
LinkTagOr
0.07999994
-1.479999
0
-1645.245
225.4148
-37.46039
1.0
LinkTagOr
0
0.28
0
-1400.29
186.6661
-372.8569
1.0
LinkTagNAnd
0
-2.5
0
-1873.176
245.1057
-35.31647
1.0
FldObj_FissureValleyEye_A_01_Far.001
-0.1030629
-0.4696502
0.2246772
-1691.218
207.1509
-594.1953
1.09856
LinkTagOr
0
2.18
0
-1785.25
239.4535
-379.6827
1.0
FldObj_FissureValley_A_06.002
0.2848193
1.118561
-0.08280078
-1850.038
226.3165
-791.0535
1.0
LinkTagAnd
0
-0.6584082
0
-1205.285
116.4478
-165.6104
1.0
FldObj_CliffYellowRock_A_01_Far.001
0.3024104
1.148299
0.5436385
-1813.186
186.0441
-424.4454
1.0
AirOcta_Tag
0
0
0
-1064.2
148.9
-496.2
1.0
Enemy_Bokoblin_Middle
0
2.26
0
-1253.592
136.5352
-497.0356
1.0
LinkTagAnd
0
0
0
-1062.8
146.3
-497.7
1.0
LinkTagAnd
0.4950673
0.1704322
-1.038166
-1032.975
150.8104
-446.314
1.0
FldObj_RockDislocation_A_02_Far
-0.07928817
-0.4040437
-0.1798802
-1380.072
185.8106
-661.8364
1.0
FldObj_CliffWhiteWall_A_01.005
-0.251458
0.5737942
-0.04283009
-1366.299
165.6431
-215.2647
1.0
FldObj_CliffYellowTunnel_A_01.001
-0.2
1.26
0
-1822.12
177.4214
-453.1649
1.0
LinkTagAnd
0
0
0
-1705
306.5938
-870
1.0
FldObj_RockDislocation_A_02_Far.001
3.049474
-0.3450167
3.062747
-1734.634
207.0254
-319.8745
1.0
FldObj_MapTowerStairWood_A_01_Far.011
0
-2.268928
0
-1755.3
290
-774.3
1.0
LinkTagAnd
0
-2.792527
0
-1755.425
328.5522
-776.2664
0.5
SwitchTimeLag
3.008562
-1.030164
0.3830819
-1192.836
145.0556
-238.286
0.5
ActorObserverTag
0
-2.5
0
-1872.306
246.3901
-35.96634
1.5
FldObj_CliffWhiteWall_A_05_Far.001
2.177392
1.280153
2.276686
-1189.97
181.9087
-747.6697
1.0
Npc_HiddenKorokGround
0
0
0
-1691.985
224.9699
-175.5285
1.0
KorokAnswerResponce
0
2.18
0
-1627.366
208.4313
-514.4508
1.0
LinkTagAnd
0
0
0
-1712.691
305.1172
-865.5218
1.0
LinkTagAnd
0
0
0
-1113.3
150.1
-459.3
1.0
PlayerOnScaffoldCheckTag
0
1.12
0
-1236.303
143.1556
-543.6597
1.0
Enemy_Bokoblin_Senior
0
-0.6999997
0
-1326.561
198.4572
-839.6487
1.0
LinkTagOr
0
-2.5
0
-1869.828
240.8869
-35.44873
1.0
Weapon_Spear_021
2.416124
-0.009928689
-1.6521
-1697.831
251.8767
-776.6586
1.0
LinkTagAnd
0
0.28
0
-1389.64
186.6661
-370.1965
1.0
Area
0
-2.5
0
-1881.517
247.9101
-24.69171
0.3
LinkTagAnd
-2.788708
-0.4042257
-2.198591
-1591.976
211.6337
-228.6386
1.0
Area
-0.02843554
-0.5158873
0.1380613
-1650.443
226.1137
-45.97387
2
FldObj_FissureValley_A_01.008
-0.14
-0.7999999
0
-1726.347
149.5215
-471.243
1.0
EventTag
0
-0.8467855
0
-1432.307
138.319
-587.8696
0.6
LinkTagAnd
0
2.96706
0
-1766.133
307.7
-776.2101
1.0
LinkTagAnd
0
0
0
-1728.166
304.3203
-860.0775
1.0
FldObj_CliffWhiteWall_A_01_Far.005
-1.038298
-0.1493583
-0.3221014
-982.5719
168.4737
-194.5481
0.9
Enemy_Bokoblin_Senior
0
0.7999998
0
-1295.87
135.822
-521.925
1.0
ActorObserverTag
0
-2.5
0
-1869.496
244.3901
-38.06567
1.5
LinkTagAnd
0
1.919862
0
-1759.062
254.7
-784.6366
1.0
AnchorAction2
0
2.22
0
-1870.484
218.6313
-264.3906
1.0
FldObj_CliffYellowWall_A_10.002
0
-1.38
0
-1845.213
200.1177
-512.7789
1.0
FldObj_FissureValleyWall_A_01_Far.026
-1.881052
-1.022955
1.953631
-1313.215
149.0752
-593.5455
1.0
LinkTagAnd
-2.168528
-0.9603463
-0.391234
-1168.692
161.173
-234.7485
1.0
LinkTagAnd
0.03074398
-0.1366034
0.3578972
-1146.949
188.4779
-758.6463
1.0
Area
3.051427
0.01903685
3.08492
-1372.487
116.742
-107.9059
3
LinkTagAnd
0
1.919862
0
-1759.062
290
-784.6366
1.0
FldObj_FissureValleyWall_A_01.024
2.545484
0.7695987
2.383246
-1520.023
165.6855
-480.48
1.0
LinkTagAnd
0
-0.3231867
0
-1435.626
138.319
-588.9812
0.3
FldObj_FissureValleyWall_A_01.025
-0.03198325
-0.4787259
0.1095599
-1710.984
169.4739
-539.4387
1.063233
LinkTagAnd
0
0
0
-1984.782
208.258
-624.0071
1.0
LinkTagNone
0
0
0
-1112.26
147.4645
-460.2554
1.0
SwitchTimeLag
-1.540052
-0.1366034
0.3578972
-1147.303
189.4126
-758.6158
0.5
FldObj_CliffYellowWall_A_05.001
-0.1558945
-0.9797021
0.02980836
-1896.075
259.9843
-670.4996
1.0
FldObj_FissureValley_A_03_Far.013
2.88144
-1.095844
-3.015296
-1478.151
186.2223
-781.2769
1.0
FldObj_DownloadTerminalBody_A_01
0
-2.792527
0
-1755.3
328.582
-774.3
1.0
Enemy_AirOctarock
0
-2.356194
0
-1067.825
147.5094
-499.9406
1.0
FldObj_FissureValley_A_04.003
0.4600001
-0.28
0
-1269.578
165.3969
-621.3203
1.0
FldObj_FenceWoodDamage_A_01_NearEnemy.021
0
-1.410797
0
-1229.231
169.4326
-232.7517
1.0
FldObj_CliffYellowWall_A_09_Far.004
0
0.5
0
-1664.509
178.113
-675.6985
1.0
Area
0.03074398
-0.1366034
0.3578972
-1145.944
186.5494
-758.3739
0.1
FldObj_CliffYellowWall_A_04.003
0
-0.4199998
0
-1788.215
234.5312
-569.4722
1.0
Area
-1.703827
-1.030164
0.3830819
-1193.814
142.7816
-237.2312
2
ConstraintDummy
0
0
0
-1092.084
134.2329
-497.5138
0.1
FldObj_ScaffoldWood_B_02
0
-0.4800007
0
-1394.913
185.9661
-364.8095
1.0
LinkTagAnd
0
-1.22173
0
-1751.538
272.3
-763.9634
1.0
LinkTagAnd
0
0
0
-1193.814
142.7816
-237.2312
1.0
FldObj_RockDislocation_A_06.001
-2.894909
-0.3387587
3.057396
-1311.276
171.1344
-690.1434
1.0
FldObj_FissureValley_A_03.012
0.7885801
1.406009
0.4422371
-1563.631
208.9776
-826.8615
1.0
LinkTagOr
3.135058
-0.08133142
-3.061327
-1654.339
227.2702
-26.73352
1.0
EnemyFortressMgrTag
0
-0.38
0
-1292.5
135.8027
-518.5
1.0
BoarMeat
0
0
0
-1205.084
116.4691
-167.5105
1.0
Enemy_Bokoblin_Senior
0
-1.86
0
-1247.691
136.4319
-498.1192
1.0
FldObj_CliffWhiteParts_A_06_Far
0
0.4000001
0
-1511.109
108.5937
68.43427
1.15
FldObj_FissureValleyWall_A_01_Far.027
0
1.82
0
-1726.577
172.3
-383.8605
1.0
Obj_Plant_KorokColor_A_01.014
0.07999994
-1.479999
0
-1643.744
225.5547
-40.20782
0.96
FldObj_FissureValleyWall_A_01.026
0
0
0.3800002
-1105.202
117.8331
-523.8074
1.0
Area
0.03074398
-0.1366034
0.3578972
-1146.288
185.7804
-758.4739
0.1
FldObj_PushRock_Korok.002
1.16616
-1.312968
-0.7477931
-1203.036
186.4238
-622.8176
0.8
LinkTagNone
0
0
0
-1793.5
254.6226
-777.1
1.0
FldObj_FissureValley_A_01.009
-2.802122
1.070662
-2.758992
-1610.252
176.8428
-466.5367
1.0
FldObj_FissureValleyWall_A_01.027
-0.2127284
-1.293592
0.2209047
-1143.87
109.3467
-467.1715
1.0
KorokAnswerResponce
0
1.559999
0
-1144.932
118.4736
-283.3615
0.5
FldObj_FissureValley_A_04_Far.003
2.668837
-1.110691
-2.620507
-1500.325
163.6043
-691.3036
1.0
LinkTagOr
0.2767954
1.179638
0.3193285
-1657.219
223.779
-32.64337
1.0
LinkTagAnd
0
0
0
-1181.305
117.8868
-237.1701
1.0
LinkTagOr
0
0.4399999
0
-1658.233
223.9546
-44.53943
1.0
FldObj_FissureValley_A_03.013
-0.417363
1.247809
-0.4929342
-1787.921
171.004
-417.7204
1.0
LinkTagNone
0
0
0
-1205.822
174.0386
-232.0939
1.0