UnitConfigName/__text
Rotate/value/0
Rotate/value/1
Rotate/value/2
Translate/value/0
Translate/value/1
Translate/value/2
_Scale
Obj_RockSetDeathMt_C_03
-0.1105943
-0.02075902
-0.1507333
-843.3196
342.3106
-3360.021
0.8
Obj_RockSetDeathMt_C_01
0
-0.5800001
0
5.927277
267.1883
-3106.013
1.0
Obj_RockSetDeathMt_C_01.001
-0.9665123
-1.492303
0.7756484
-625.0063
336.4897
-3602.354
1.0
Obj_RockSetDeathMt_C_01.002
0.3307596
0.8873741
0.3704188
-55.00159
254.7524
-3169.145
1.0
Area
0
0
0
-401
207.7825
-3100.5
150
Obj_RockSetDeathMt_C_04
0.1621327
-0.6047499
-0.1721949
-764.105
341.4669
-3399.349
1.0
Obj_ArrowNormal_A_01
2.828494E-09
-1.450796
0.9907916
-754.1328
340.6781
-3536.7
1.0
EnvSeEmitPointInsectTemperate
0.08776856
-1.009033
0.3765869
-88.67969
247.7813
-3145.406
1.0
Weapon_Bow_035
0
0.7853982
0
-777.5
365.0313
-3535
1.0
Obj_RockSetDeathMt_C_01.003
0.4623678
0.8567737
0.5529392
49.41919
273.4265
-3219.995
1.0
Obj_RockSetDeathMt_C_04.001
-0.3973608
0.164329
0.4165092
-222.4269
202.0899
-3182.333
1.0
Obj_RockSetDeathMt_C_03.001
0.2023735
0.04494011
-0.4356638
-703.4835
339.7022
-3424.304
1.0
Weapon_Spear_008
1.231173
0.5924646
-0.4147908
-745.2
344.2359
-3554.8
1.0
Obj_RockSetDeathMt_C_01.004
0
0
0
-333.8389
209.9429
-3073.855
1.0
FldObj_HugeMazeFence_A_01
-1.570796
5.276431E-08
-1.570796
-778.8281
373.9
-3532.477
1.0
Obj_RockSetDeathMt_C_04.002
0
-1.178407
0
-980.2164
339.7679
-3462.195
1.0
Obj_RockSetDeathMt_A_02
-0.04387562
0.5236067
0.1890462
-0.3744202
261.6982
-3161.16
1.0
FldObj_HugeMazeTorchStand_A_01
0
-3.141593
0
-835.3203
344.8672
-3529.68
1.0
Obj_RockSetDeathMt_C_05
-0.404275
-1.209358
-0.1450387
-30.01486
195.3602
-3361.751
1.0
FldObj_RuinStatueDragon_A_04
-3.071233
0.1335189
3.137395
-236.0068
202.4855
-3106.322
1.0
Obj_RockSetDeathMt_C_04.003
-2.844515
0.5204831
-2.784705
-155.7038
231.0068
-3106.399
1.0
Obj_ArrowNormal_A_01.001
-0.8654963
-0.01296656
1.586024
-752.1403
340.0758
-3532.62
1.0
Obj_RockSetDeathMt_C_03.002
0
1.1
0
-726.512
342.8676
-3409.673
1.0
Obj_ArrowNormal_A_01.002
-0.07015097
0.5443066
-0.03636959
-735
340.4703
-3506.336
1.0
TBox_Field_Stone
0
1.570796
0
-825
385
-3535
1.0
Obj_Plant_HopBush_B_01
0.3913752
1.36093
0.4744123
-88.32346
199.0712
-3279.699
0.85
TBox_Field_Stone
0
0
0
-825
345
-3650
1.0
Item_Plant_O
-2.215698
0.69458
2.549438
-973.2813
362.4961
-3387.016
1.0
Obj_RockSetDeathMt_C_04.004
-2.762133
0.7477519
-2.611191
-319.1482
257.9164
-2990.273
1.0
FldObj_HugeMazeTorchStand_A_01.001
0
0
0
-825.0156
339.8595
-3499.797
1.0
Obj_RockSetDeathMt_C_03.003
-2.852274
-0.701205
2.673493
-848.9338
342.2178
-3370.33
1.0
Item_Mushroom_D
-1.136963
-1.168579
2.94812
-491.3516
211.0781
-3137.465
1.0
FldObj_HugeMazeTorchStand_A_01.002
0
1.570796
0
-829.6729
344.8672
-3645.311
1.0
Item_Plant_O
0.9382324
1.372558
-0.4465332
-1014.246
354.3281
-3233.992
1.0
FldObj_RuinStatueDragon_A_04.001
0
0
0
-85.78119
239.755
-3148.241
1.0
Obj_Plant_HopBush_B_01.001
-0.2085927
0.01793553
0.1709311
-85.09595
199.8512
-3274.587
1.0
Obj_RockSetDeathMt_C_03.004
0.1726566
0.7653362
0.05237434
-169.0783
200.0097
-3259.939
1.0
Obj_RockSetDeathMt_C_04.005
-2.869967
0.2675284
-2.817188
-966.7145
333.9906
-3593.332
1.2
Obj_RockSetDeathMt_C_03.005
0.08494934
-0.01551673
0.3611285
-86.78781
247.8866
-3144.515
1.0
Obj_RockSetDeathMt_C_03.006
-0.2288332
-0.03858467
-0.3326953
-703.3323
340.1634
-3670.817
1.0
Obj_RockSetDeathMt_C_03.007
-2.184957
-1.310947
2.174551
-991.4023
338.6354
-3504.884
1.0
Enemy_Lizalfos_Senior
0
0
0
-735.4
340
-3548.5
1.0
TBox_Field_Iron
0.3198264
-1.570796
-0.3202749
-778.5845
340.5
-3535.002
1.0
Obj_RockSetDeathMt_C_03.008
-0.3
0
0
-274.7795
209.5201
-3092.872
1.0
Obj_RockSetDeathMt_C_03.009
0.009581998
0.4898989
-0.2832159
-430.6134
211.9274
-3099.45
1.0
Obj_RockSetDeathMt_C_04.006
2.456221
1.396796
2.194544
-207.7149
201.9391
-3258.173
1.0
Enemy_Octarock_Desert
0
1.010802
0
-882.2537
340.3229
-3592.535
1.0
Obj_RockSetDeathMt_C_03.010
-0.1506198
0.8749524
-0.1045805
-392.1566
211.1375
-3061.442
1.0
Enemy_Chuchu_Electric_Junior
0
1.480001
0
-788.4
340.1575
-3525.8
1.0
Obj_RockSetDeathMt_C_01.005
0.2007142
0.8928983
0.4297929
-971.3681
333.714
-3543.002
1.0
FldObj_HugeMazeTorchStand_A_01.003
0
0
0
-830.3203
344.8672
-3545.328
1.0
Item_Plant_O
0.8051757
1.122314
-0.677246
-1045.441
398.1523
-3269.656
1.0
Obj_RockSetDeathMt_C_04.007
-0.2738087
0.02845196
0.205808
-141.0533
199.0814
-3222.819
1.0
Obj_RockSetDeathMt_C_02
-2.628908
-1.018818
2.429166
-233.5937
198.8644
-3251.156
1.0
Obj_RockSetDeathMt_C_03.011
0.212248
0.04935538
-0.4553835
-701.9174
339.3702
-3368.569
1.0
Obj_RockSetDeathMt_C_04.008
0
2.079997
0
-830.6071
334.2854
-3699.379
1.0
Obj_RockSetDeathMt_C_05.001
2.308296
1.31515
2.485701
-81.28021
199.2305
-3262.588
1.0
Obj_RockSetDeathMt_C_01.006
0
0.2600002
0
-640.2014
338.3759
-3449.814
1.0
Obj_RockSetDeathMt_C_01.007
0
0.5631858
0
-758.3665
341.5795
-3423.903
1.0
FldObj_HugeMazeTorchStand_A_01.004
0
0
0
-714.6729
344.8672
-3539.678
1.0
Obj_RockSetDeathMt_C_03.012
-1.263409
-1.234225
1.276945
-813.2201
334.7965
-3711.412
1.0
Obj_ArrowNormal_A_01.003
2.092274
1.073384
-1.103232
-759
341.0234
-3535.3
1.0
Obj_RockSetDeathMt_C_01.008
-0.03858176
0.1288406
-0.06015702
-972.4825
336.9162
-3485.013
1.0
Obj_RockSetDeathMt_C_01.009
0.07917134
-0.6369546
-0.09568196
-706.8359
339.2416
-3603.868
1.0
Obj_ArrowNormal_A_01.004
0.9107969
0.06000004
1.570796
-735.2109
340.4796
-3506.336
1.0
Obj_RockSetDeathMt_C_03.013
-0.1557303
0.01439526
0.1839828
-238.5865
210.2888
-3110.203
1.0
Obj_RockSetDeathMt_C_03.014
2.65066
-0.08014014
-3.103677
-219.296
202.631
-3248.654
1.0
Obj_RockSetDeathMt_C_04.009
-3.067738
-0.2511815
2.852263
-403.2551
252.0721
-2929.854
1.0
Obj_RockSetDeathMt_C_04.010
0
-1.58
0
-759.9933
336.7711
-3718.156
1.0
Obj_Mineral_A_01
1.881581
1.308492
1.925522
-637.2445
339.1035
-3536.628
1.0
TBox_Field_Stone
0
-1.570796
0
-812.5
375.5
-3533
1.0
Obj_RockSetDeathMt_C_03.015
-0.05889309
0.003675444
-0.01106489
-642.9202
341.4985
-3460.26
1.0
Obj_RockSetDeathMt_C_04.011
-2.252199
1.157469
-1.896598
35.53046
269.2154
-3172.616
1.0
FldObj_HugeMazeTorchStand_A_01.005
0
3.141593
0
-825.001
344.8672
-3415.334
1.0
FldObj_HugeMazeTorchStand_A_01.006
0
3.141593
0
-819.6875
344.8672
-3524.672
1.0
Obj_RockSetDeathMt_C_05.002
-0.3309145
-0.115796
0.2034866
-303.8367
213.3804
-3083.796
1.0
Obj_RockDeathMt_C_L_08
-0.3262193
-0.01459824
-0.08864791
-716.8112
337.4111
-3681.578
1.0
Barrel
-0.2711488
-0.7655701
0.2547543
-730.8553
340.3704
-3505.779
1.0
FldObj_RuinStatueDragon_A_02
0
0
0
-220.2441
207.103
-3150.75
1.0
Obj_RockSetDeathMt_C_04.012
0
-1.67999
0
-105.2059
237.3225
-3160.076
1.0
FldObj_RuinStonePillar_A_05
-2.161593
-0.9815936
3.141592
-134.2226
227.6269
-3141.795
1.0
Obj_RockSetDeathMt_C_02.001
2.899601
0.02630138
2.895427
-968.6879
334.1325
-3524.585
1.0
Obj_RockSetDeathMt_C_03.016
0.05861602
-0.0002866496
0.00977771
-682.381
340.4756
-3546.015
1.0
Obj_RockSetDeathMt_C_01.010
-0.03819453
0.8016435
0.1234349
-215.7401
210.6531
-3156.444
1.0
Item_Plant_O
-1.595459
-0.1098633
-3.054809
-941.4531
302.6719
-3686.578
1.0
Obj_RockSetDeathMt_C_03.017
0
0.2399988
0
-929.7669
333.0166
-3658.009
1.0
Obj_RockSetDeathMt_C_03.018
-0.3023094
0.2865288
0.1836642
-920.7218
338.3846
-3588.805
1.0
Obj_Mineral_A_01.001
-0.5399997
0.52
0
-800.114
338.757
-3692.042
1.0
Obj_RockDeathMt_C_L_08.001
-2.639502
1.08801
-2.158135
-991.7133
326.408
-3587.835
1.0
FldObj_HugeMazeTorchStand_A_01.007
0
1.570796
0
-774.6641
339.8472
-3515.617
1.0
Obj_RockSetDeathMt_C_01.011
-2.245899
-1.209529
2.254615
-886.6534
334.9351
-3684.516
1.0
Obj_RockSetDeathMt_C_01.012
-3.119971
-0.221274
3.080335
-747.2051
341.7039
-3672.799
1.0
FldObj_HugeMazeTorchStand_A_01.008
0
-1.570796
0
-820.3213
344.8672
-3645.311
1.0
Obj_RockSetDeathMt_C_04.013
0
2.100001
0
-910.7667
335.4053
-3644.682
1.0
Obj_RockSetDeathMt_C_02.002
-2.986659
0.1850256
-2.781854
-398.7034
225.4932
-2992.522
1.0
FireWoodDie
0
1.570796
0
-732.9
340.0114
-3509
1.0
Obj_BarrelOld_A_01
0.005771316
-0.9000582
-0.006067479
-882.4002
340.2843
-3594.35
1.0
FldObj_HugeMazeTorchStand_A_01.009
0
3.141593
0
-825
339.8595
-3570.32
1.0
Obj_RockSetDeathMt_C_01.013
-0.18
0.16
0
-871.9894
338.1655
-3673.669
1.0
Obj_RockSetDeathMt_C_02.003
-3.098148
0.6539624
-2.759273
-24.65002
262.7046
-3107.081
1.0
Item_Ore_G
0
0
0
-765.7001
340
-3595.7
1.0
Obj_RockSetDeathMt_C_05.003
-0.01837572
0.7430018
-0.02715915
-707.2719
341.6357
-3439.141
1.0
Item_Mushroom_D
-2.050781
0.7607421
3.073364
-841.8672
15.27344
-3003.227
1.0
Obj_RockSetDeathMt_C_03.019
-0.6568881
0.506505
-0.04544878
-65.05264
203.5791
-3235.708
1.0
Obj_BarrelOld_A_01.001
0.02711804
1.061682
-0.1273044
-881.2058
340.2132
-3594.438
1.0
Enemy_Chuchu_Electric_Junior
0
1.480001
0
-787.3
340.0268
-3529.1
1.0
Item_Plant_O
-1.509033
0.4449463
-2.573242
-878.1211
43.92188
-2997.379
1.0
Obj_RockSetDeathMt_C_03.020
-0.2433371
0.03079288
0.3031223
-987.0781
340.929
-3475.059
1.0
Obj_ArrowNormal_A_01.005
1.421724
-0.1012607
-0.9324318
-753.9734
340.4719
-3534.3
1.0
Obj_RockSetDeathMt_C_01.014
2.741592
-1.261593
-3.141592
-1000.991
327.7832
-3316.73
1.0
FldObj_HugeMazeTorchStand_A_01.010
0
3.141593
0
-830.3203
344.8672
-3524.672
1.0
Obj_ArrowNormal_A_01.006
1.650796
3.773143E-08
-0.3399999
-754.5734
340.7797
-3535
1.0
Obj_RockSetDeathMt_C_05.004
-2.94417
1.151158
-2.960911
-787.0454
335.7486
-3714.735
1.0
Obj_RockSetDeathMt_C_04.014
-0.4354522
0.04675561
0.2374511
-384.8617
215.8118
-3032.384
1.0
FldObj_HugeMazeTorchStand_A_01.011
0
-1.570796
0
-770.3281
339.8472
-3515.617
1.0
Obj_RockSetDeathMt_C_01.015
0
0.46
0
-909.0447
335.9608
-3609.531
1.0
Obj_RockDeathMt_A_L_03
0.28
0
-0.3200001
-808.1948
334.6398
-3704.501
1.0
Obj_RockSetDeathMt_C_03.021
-0.1686921
-0.00501013
-0.07771576
-858.117
339.0979
-3678.723
1.0
Obj_LiftRockWhite_A_01
0
1.48
0
-99.49994
198.3461
-3316.195
1.0
FldObj_RuinStonePillar_A_03
0
0
0
-3.805267
256.3264
-3164.911
1.0
Obj_MineralBury_A_01
2.820418
-1.422737
-3.064188
-798.2333
338.907
-3692.283
1.0
FldObj_HugeMazeTorchStand_A_01.012
0
-3.141593
0
-714.665
344.8672
-3530.334
1.0
Obj_RockSetDeathMt_C_04.015
-0.2320089
-0.6049313
0.2077333
-504.4579
221.9356
-3021.363
1.0
Enemy_Chuchu_Electric_Junior
0
1.480001
0
-778.2
340
-3523.2
1.0
TBox_Field_Stone
0
3.141593
0
-825
345
-3420
1.0
Obj_RockSetDeathMt_C_02.004
0
-0.28
0
-1034.277
274.2894
-3612.814
1.0
Obj_RockSetDeathMt_C_01.016
-0.04519078
0.005406247
0.238092
-208.403
199.6955
-3201.407
1.0
FldObj_HugeMazeTorchStand_A_01.013
0
0
0
-825.001
344.8672
-3654.686
1.0
Obj_RockSetDeathMt_C_03.022
0.00647669
-0.7995884
-0.1819339
-678.4829
335.2892
-3627.769
1.0
Enemy_Chuchu_Electric_Senior
0
1.480001
0
-784.5
340
-3527.5
1.0
Obj_RockSetDeathMt_A_02.001
-2.515785
-1.15741
2.600507
-352.8701
214.2567
-3058.615
1.0
Obj_Mineral_A_01.002
1.520251
1.095145
1.114996
-633.7527
339.4399
-3538.623
1.0
Obj_RockSetDeathMt_C_03.023
0.571203
-1.453573
-0.8179867
-394.8837
207.0808
-3117.292
1.0
Item_Ore_I
2.205398
0
-1.570796
-734.4594
340.2206
-3508.872
1.0
FldObj_HugeMazeTorchStand_A_01.014
0
-1.570796
0
-705.3369
344.8672
-3535.006
1.0
Obj_RockSetDeathMt_C_03.024
-0.1449351
0.01999553
0.2737278
-962.8292
332.835
-3614.774
1.0
Obj_RockSetDeathMt_C_04.016
-0.4916745
-0.387743
-0.02431635
-189.802
242.7251
-3070.985
1.0
Obj_BoxIron_A_M_01
-0.009323225
-0.0003458587
-0.003485521
-787.5147
340.3535
-3531.979
1.0
Weapon_Sword_048
0.322618
0.8341459
0.4239448
-756.6985
341
-3539
1.0
Obj_LiftRockWhite_A_01.001
0
-1.72
0
-100.0703
198.0717
-3323.25
1.0
Obj_RockSetDeathMt_C_01.017
-0.7729134
0.0729997
0.05069003
-49.12912
190.3647
-3374.752
1.0
Obj_RockSetDeathMt_C_03.025
-0.09992898
-0.02526129
0.05170773
-452.6639
217.8069
-2997.577
1.0
Obj_RockSetDeathMt_C_02.005
0
1.16
0
-48.39825
196.416
-3280.084
1.0
Item_Ore_G
0
0
0
-929.5
340
-3515.6
1.0
Obj_RockSetDeathMt_C_01.018
0.5083885
1.081724
0.07708773
-283.7062
198.812
-3200.042
1.0
FldObj_HugeMazeTorchStand_A_01.015
0
-3.141593
0
-810.3141
375.3672
-3530.325
1.0
EnvSeEmitPointInsectTemperate
2.827881
-0.2572021
-2.889893
-53.80469
259.7422
-3168.992
1.0
FldObj_HugeMazeTorchStand_A_01.016
0
0
0
-835.3203
344.8672
-3540.336
1.0
Obj_LiftRockWhite_A_01.002
0
0
0
-96.99994
198.1188
-3322.352
1.0
Obj_RockSetDeathMt_C_01.019
-0.02353398
0.2155031
-0.266513
-136.726
195.119
-3281.195
1.0
Obj_RockSetDeathMt_A_02.002
0.4027476
-1.533584
-0.6315835
-64.44211
196.7613
-3289.037
1.0
Obj_RockSetDeathMt_C_05.005
-2.86172
-0.8079993
3.00115
-367.0475
208.8264
-3078.655
1.0
Obj_RockSetDeathMt_C_01.020
0
-3.063184
0
-908.5215
325.1539
-3302.355
1.0
FldObj_HugeMazeTorchStand_A_01.017
0
1.570796
0
-829.6807
344.8672
-3424.678
1.0
Obj_RockSetDeathMt_C_04.017
3.037716
-0.7061517
-2.81354
-735.4373
339.0222
-3635.663
1.0
TBox_Field_Iron
3.094763
-1.5696
-3.094921
-710.0107
344.9998
-3534.999
1.0
Obj_RockSetDeathMt_C_04.018
-0.18
-0.9200002
0
-976.4133
341.4822
-3429.986
1.0
Obj_RockSetDeathMt_C_04.019
0.5367991
-0.9656497
-0.6263779
-319.9023
204.2642
-3170.24
1.0
Obj_RockSetDeathMt_C_03.026
0.2739809
-0.0327647
0.3336533
-173.9786
227.1887
-3141.918
1.0
Obj_RockSetDeathMt_C_03.027
0.09689882
-0.004618674
0.09518341
-366.5347
202.3943
-3150.146
1.0
Obj_RockSetDeathMt_C_03.028
-0.1124623
-0.2669897
0.3178878
-141.3165
230.6107
-3148.887
1.0
Obj_RockSetDeathMt_C_03.029
0.01534484
-0.1615058
-0.06753001
-59.11594
196.132
-3346.258
1.0
TBox_Field_Iron
-1.173705
-1.570024
1.172092
-790.7895
340.3246
-3560
1.0
Obj_RockSetDeathMt_C_03.030
-2.235973
1.217225
-2.040664
-264.4286
201.7504
-3153.315
1.0
Obj_Plant_HopBush_B_01.002
0.1031236
-0.001450079
0.02809601
-18.88925
196.9564
-3302.126
1.0
FldObj_RuinStatueDragon_A_02.001
0
3.063185
0
-158.8343
226.2443
-3105.309
1.0
Obj_RockSetDeathMt_C_05.006
0.1700347
-0.009422839
-0.04954422
-466.8385
215.6608
-3054.147
1.0
FldObj_TravelerTrace_Mark_A_01
0
0
0
-739.2
340
-3509.1
1.0
Enemy_Chuchu_Electric_Middle
0
1.480001
0
-781.3
340
-3528.4
1.0
Obj_RockSetDeathMt_A_02.003
0
-1.18
0
-946.1539
338.8115
-3560.07
1.0
FldObj_HugeMazeTorchStand_A_01.018
0
0
0
-810.3219
375.3672
-3539.669
1.0
Enemy_Chuchu_Electric_Junior
0
1.480001
0
-777.3
340.0312
-3527.2
1.0
Obj_Plant_HopBush_B_01.003
0
1.380001
0
-24.86243
197.2973
-3310.498
0.85
Obj_RockSetDeathMt_C_04.020
-0.3836098
-0.3713641
0.4772404
-443.3334
235.2272
-2921.992
1.0
Obj_RockSetDeathMt_C_01.021
2.284398
-1.262402
-2.764837
-685.9875
337.8735
-3638.455
1.0
Obj_RockSetDeathMt_C_03.031
-2.924985
0.5439399
-2.663013
-866.8048
339.2713
-3646.095
1.0
Obj_RockSetDeathMt_C_03.032
-0.4128154
-1.396026
0.265229
-438.7772
212.8058
-3058.362
1.0
Obj_RockSetDeathMt_C_04.021
-2.551979
1.284316
-2.478114
-355.7528
201.5074
-3166.775
1.0
Weapon_Shield_031
-2.861593
-0.7852131
0
-748.6
341
-3523.7
1.0
Obj_MineralBury_A_01.001
0.2453128
-0.8752644
-0.3152311
-804.0867
338.949
-3691.641
1.0
Obj_ArrowNormal_A_01.007
1.014961
-0.02111421
1.536821
-759.1
341.0391
-3536.9
1.0
Obj_RockSetDeathMt_C_03.033
0.07323238
-0.00054723
-0.03740741
-260.0107
201.2964
-3235.582
1.0
Obj_RockSetDeathMt_C_03.034
-0.3133065
-0.01891934
-0.1196432
-929.2725
339.8738
-3443.925
1.0
TBox_Field_Stone
0
-1.570796
0
-812.5
375.5
-3535
1.0
Item_Plant_O
-2.333252
0.5517578
2.752807
-1001.395
350.4375
-3435.313
1.0
FldObj_HugeMazeTorchStand_A_01.019
0
0
0
-819.6875
344.8672
-3545.328
1.0
Obj_RockSetDeathMt_C_01.022
-0.1397121
-0.01816709
-0.2582046
-72.74207
195.2473
-3324.615
1.0
Item_Mushroom_F
0
1.170532
0
-343.7734
209.6114
-3082.664
1.0
TBox_Field_Stone
0
-1.570796
0
-812.5
375.5
-3537
1.0
Obj_RockSetDeathMt_C_05.007
-0.4919212
0.5876729
0.03662753
-819.6235
338.0114
-3685.552
1.0
Obj_TreeBroadleaf_A_L
0
0
0
-874
328.9826
-3316
1.0
Item_Plant_O
-1.881958
0.8205566
2.795654
-974.8203
347.3555
-3392.633
1.0
Obj_RockSetDeathMt_C_04.022
-0.2015626
0.03887227
0.379818
-466.0117
220.9096
-2958.719
1.0
FldObj_PlantBokoFortress_A_02
0
1.670622
0
-839.9141
374.008
-3535.009
1.2
FldObj_HugeMazeTorchStand_A_01.020
0
-1.570796
0
-820.3291
344.8672
-3424.686
1.0
Obj_RockSetDeathMt_C_03.035
0.004724253
-0.0002561477
0.2483328
-6.266266
261.3742
-3165.052
1.0
Enemy_Lizalfos_Senior
0
1.570796
0
-735.4
340
-3520.1
1.0
Obj_RockSetDeathMt_C_04.023
-2.414856
1.044989
-2.226065
-237.1794
205.0001
-3163.402
1.0
Obj_ArrowNormal_A_01.008
2.05811
-1.038358
-2.019112
-750.8597
340.0665
-3534.221
1.0
Obj_BarrelOld_A_01.002
4.453407E-05
-0.8974565
-0.00278264
-884.4042
340.2784
-3591.499
1.0
Obj_RockSetDeathMt_C_01.023
-0.6160031
0.2602369
0.03131849
-420.4058
226.5771
-2966.914
1.0
Enemy_Lynel_Senior
0
0
0
-401
207.7825
-3100.5
1.0