UnitConfigName/__text
Rotate/value/0
Rotate/value/1
Rotate/value/2
Translate/value/0
Translate/value/1
Translate/value/2
_Scale
TimeControlTag
0
0
0
-260.1
264
-2195.1
1.0
FldObj_CliffCheeseStone_A_02
1.635268
0.3645559
-3.080592
-231.215
246.6205
-2175.784
1.0
Obj_Plant_ChiliPepper_A_01
0
0
0
-690
322.3331
-2177
1.0
LinkTagAnd
0
0
0
-260.7
262.8
-2198
1.0
Obj_Plant_ChiliPepper_A_01.001
0
0
0
-796
296.9119
-2385
1.0
FldObj_CliffGrayParts_A_01
-0.3741851
-1.157119
-0.3265201
-773.3004
307.1852
-2480.584
1.0
FldObj_CliffDeathMt_E_12
2.046845
0.9866245
2.061778
-911.9395
327.0524
-2824.23
1.0
FldObj_CliffDeathMt_D_27_Far
2.519372
0.4713406
-2.76565
-805.2876
407.8575
-2741.702
1.0
FldObj_CliffGrayParts_A_07
0.3664607
-1.291769
-0.8342131
-805.7458
345.5475
-2594.93
1.0
DragonDropItemTarget
0
0
0
-991.8047
294.1814
-2832.725
1.0
FldObj_CliffCheeseRock_A_01
-0.0658059
-0.2769215
-0.01740071
-10.5
273
-2322.5
1.0
FldObj_CliffCheeseStone_A_02_Far
-0.5547807
0.8686457
1.091521
-255.151
242.6918
-2158.997
1.0
ConstraintDummy
2.624505
0.2463524
3.003784
-42.61499
305.8115
-2987.122
0.5
DragonDropItemTarget
0
0
0
-898.1597
301.1831
-2959.206
1.0
ConstraintDummy
0
0
0
-692.002
320.5265
-2168.029
1.0
DgnObj_EntranceTerminal_A_01
0
-0.1667829
0
-22.45987
280.3418
-2453.701
1.0
Obj_Plant_ChiliPepper_A_01.002
0
0
0
-837
305.1284
-2538
1.0
Enemy_Chuchu_Junior
0
0.4
0
-269.3
247.941
-2208.5
1.0
FldObj_CliffCheeseRock_A_01_Far
-0.0658059
-0.2769215
-0.01740071
-10.5
273
-2322.5
1.0
FldObj_CliffCheeseWall_A_01_Far
-0.1692214
0.4607983
0.05577912
-99
272
-2368
1.0
Item_Fruit_I
0
0
0
-795.7944
297.7919
-2385.058
1.0
Item_Fruit_I
0
0
0
-689.7944
323.2131
-2177.058
1.0
FldObj_CliffCheeseRock_A_01_Far.001
2.97009
-1.012344
-2.538349
-12
274.5
-2604.5
1.0
FldObj_CliffDeathMt_E_14
0.4148336
-0.644559
0.06493934
-658.9456
440.5239
-2644.253
1.0
LinkTagOr
0
0
0
-811.4694
290.4882
-2393.065
1.0
FldObj_CliffCheeseRock_A_01_Far.002
0.1480813
-0.3514299
0.06906519
-176
276
-2421
1.0
Enemy_Bokoblin_Bone_Junior
-0.03519903
0.7007991
0.05934135
-272.5
247.6604
-2209.6
1.0
Item_Fruit_I
0
0
0
-836.7944
306.0084
-2538.058
1.0
LocationTag
0
0
0
-26.42966
278.1776
-2458.625
1.0
FldObj_CliffCheeseWall_A_02
-0.2562459
-0.04604216
0.03137525
-257.2045
225.2617
-2149.425
1.0
DestinationAnchor
0
2.97481
0
-22.62589
280.3416
-2452.715
1.0
LinkTagOr
-0.1271033
-0.8348063
0.1217769
-567.5217
492.1312
-2599.045
1.0
DgnObj_EntranceShutter_A_01
0
0.3568159
0
-25.10236
280.3418
-2455.064
1.0
DragonDropItemTarget
0
0
0
-940.3264
299.0476
-2887.018
1.0
Enemy_Chuchu_Junior
0
2.319999
0
-270.3705
247.6193
-2183.71
1.0
DgnObj_EntranceElevator_A_01
0
0.3568159
0
-26.42966
280.3418
-2458.625
1.0
FldObj_CliffDeathMt_D_10
-0.3200381
0.2955095
0.1355333
-1015.438
316.4348
-2907.427
1.0
Item_Fruit_I
0
2.617994
0
-837.1506
306.2384
-2538.224
1.0
LinkTagAnd
0
0
0
-260.1
231.6
-2195.1
1.0
FldObj_CliffCheeseRock_A_01_Far.003
0.3673017
-0.5222319
-0.3430119
-155.5
273
-2389.5
1.0
FldObj_CliffGrayParts_A_07.001
-0.8625753
-0.8545775
-0.1168506
-597.3168
435.9849
-2580.408
1.0
ForceSetPosDirAutoSaveAnchor
0
-2.784777
0
-24.12512
280.3416
-2452.156
1.0
FldObj_CliffCheeseRock_A_01_Far.004
2.322816
-0.7364425
-2.616949
-107.5
267.5
-2379
1.0
Area
0
0
0
-260.5
247.4
-2198
12
Item_Fruit_I
0
2.617994
0
-796.1506
298.0219
-2385.224
1.0
FldObj_CliffGrayParts_A_07_Far
-0.8148238
-1.141539
-0.06226169
-769.13
331.8074
-2538.107
1.0
Enemy_Lizalfos_Bone_Junior
3.115654
-0.881797
3.116822
-249.2
247.3782
-2185.6
1.0
FldObj_CliffCheeseRock_A_01_Far.005
-0.2552691
1.184654
0.1941997
-35
271
-2281
1.0
DragonDropItemTarget
0
0
0
-989.9723
374.8088
-2939.387
1.0
Item_Fruit_I
0
2.617994
0
-690.1506
323.4431
-2177.224
1.0
DragonDropItemTarget
0
0
0
-617.0884
237.3845
-2959.864
1.0
LinkTagNAnd
0
0.3568159
0
-24.32556
292.8416
-2457.275
0.6
FldObj_CliffDeathMt_E_14_Far
0.4148336
-0.644559
0.06493934
-658.9456
440.5239
-2644.253
1.0
FldObj_CliffCheeseRock_A_01.001
-2.888807
-0.3195124
-2.819416
-35
274.5
-2615.5
1.0
FldObj_CliffCheeseWall_A_01_Far.001
-0.6608896
-1.148602
0.1447355
-112.5
274.5
-2101.5
1.0
Obj_RockSetGray_A_L_01
-1.362661
-0.03510935
0.4382637
-735.1774
320.6526
-2382.021
1.0
Item_Fruit_I
0
-2.879793
0
-837.17
306.0784
-2537.845
1.0
DgnObj_DungeonEntrance_A_01
0
0.3568159
0
-26.42966
279.3416
-2458.625
1.0
FldObj_MountainLakeHylia_A_05_Far
0
2.56
0
-366.9479
221.6548
-2153.021
1.0
LinkTagAnd
0
0
0
-26.5
326.5
-2459
5
FldObj_CliffCheeseWall_A_02.001
-0.06069437
-0.8013409
0.01976694
-144
245.5
-2132.5
1.0
BeeHome
0
1.742396
0
-96.44751
280.8869
-2475.232
1.0
Obj_RockDeathMt_D_L_01
0.3152857
-0.2043569
-0.8971466
-213.5334
362.7347
-2814.301
1.0
EventTag
0
-0.1667829
0
-22.45987
280.3416
-2453.701
0.6
FldObj_CliffCheeseStone_A_02_Far.001
1.496316
1.226391
-3.011326
-267.1408
247.2519
-2238.701
1.0
Item_Fruit_I
0
-2.879793
0
-690.17
323.2831
-2176.845
1.0
Item_Fruit_I
0
-2.879793
0
-796.17
297.8619
-2384.845
1.0
FldObj_CliffGrayParts_A_07.002
-0.1064129
-1.219501
-1.142722
-555.3949
380.5674
-2410.162
1.0
Obj_RockSetGray_A_L_01.001
0.6698701
0.2088626
-1.153254
-826.2597
268.7298
-2226.97
1.0
Area
-0.1271033
-0.8348063
0.1217769
-567.8115
490.4969
-2599.28
3
FldObj_CliffCheeseWall_A_01_Far.002
-0.1071398
-0.9601964
-0.004583295
-177
279
-2396
1.0
FldObj_CliffDeathMt_D_27
-0.579963
-0.0007258889
-0.0009547129
-59.02051
365.6293
-2831.007
1.0
FldObj_CliffGrayParts_A_07.003
-0.8148238
-1.141539
-0.06226169
-769.13
331.8074
-2538.107
1.0
Obj_RockSetGray_A_L_01.002
-1.479999
0
0
-880.6776
245.2184
-2147.548
1.0
FldObj_CliffCheeseRock_A_01.002
2.846578
0.9395477
3.118235
-134.5
269
-2144
1.0
Item_Fruit_I
0
-2.879793
0
-812.17
291.4382
-2390.845
1.0
FldObj_CliffCheeseWall_A_02.002
2.88823
-0.4389123
3.097907
-155.5313
245.5891
-2241.543
1.0
DragonDropItemTarget
0
0
0
-575.0995
226.6152
-2980.72
1.0
FldObj_CliffCheeseRock_A_01.003
-2.888807
-0.3195124
-2.819416
-125
278
-2586.5
1.0
FldObj_CliffDeathMt_D_10_Far
-0.3200381
0.2955095
0.1355333
-1015.438
316.4348
-2907.427
1.0
Obj_RockSetGray_A_L_01.003
0.0495372
0.2240044
-1.10799
-851.1161
260.5152
-2257.811
1.0
LinkTagAnd
0
0.3568159
0
-25.73941
280.3416
-2452.479
0.3
Obj_RockSetGray_A_L_01.004
-1.303233
-0.00558172
0.1959724
-869.6827
258.3431
-2327.584
1.0
FldObj_CliffGrayParts_A_07.004
-0.0129458
-1.399494
-1.135987
-616.0643
336.8731
-2303.059
1.0
FldObj_CliffCheeseWall_A_02.003
0.370744
-1.35067
-0.4295516
-195
255
-2443
1.0
FldObj_CliffCheeseWall_A_02.004
0.1259205
-0.6103374
-0.04190065
-153
233
-2360.5
1.0
FldObj_CliffCheeseWall_A_01
2.959039
-1.25292
2.861328
-49.76172
276.1263
-2275.164
1.0
Area
0
0.3568159
0
-26.42966
279.3416
-2458.625
40
FldObj_CliffCheeseRock_A_01.004
0.1480813
-0.3514299
0.06906519
-176
276
-2421
1.0
FldObj_CliffCheeseRock_A_01_Far.006
-3.040099
0.8965699
-3.097617
-127.5
274.5
-2217
1.0
FldObj_CliffCheeseWall_A_02.005
-0.1033638
1.329726
0.0294487
-219.1273
224.8124
-2181.234
1.0
Obj_KorokPot_A_01
2.223965
0.3297551
1.976743
-40.79922
305.5863
-2986.666
1.0
FldObj_CliffCheeseStone_A_02.001
-0.5547807
0.8686457
1.091521
-255.151
242.6918
-2158.997
1.0
FldObj_CliffCheeseWall_A_01.001
2.78068
-0.7006752
-3.128782
-137.0176
276.772
-2600.938
1.0
FldObj_CliffDeathMt_D_06_Far
-1.485377
-1.184799
1.484107
82.96887
287.4162
-2773.334
1.0
FldObj_CliffCheeseStone_A_02.002
-1.674597
0.1993588
-0.1789469
-224.381
244.8119
-2205.242
1.0
Item_Fruit_I
0
2.617994
0
-812.1506
291.5982
-2391.224
1.0
FldObj_CliffCheeseWall_A_02.006
2.920005
-0.250843
-3.100535
-271.4951
223.963
-2248.371
1.0
FldObj_RockDislocation_D_04
-2.960714
1.26982
3.07544
-499.4761
271.4984
-2083.49
1.0
DragonDropItemTarget
0
0
0
-711.5009
260.1155
-2929.142
1.0
FldObj_CliffCheeseRock_A_01_Far.007
0.23133
-0.9220517
-0.06516349
-188
275.5
-2488.5
1.0
LinkTagOr
0
0
0
-795.4694
296.9119
-2387.065
1.0
FldObj_CliffCheeseWall_A_01.002
-0.6608896
-1.148602
0.1447355
-112.5
274.5
-2101.5
1.0
FldObj_CliffDeathMt_C_01
2.958269
-0.09919749
2.732406
-935.8591
291.239
-2805.021
1.2
FldObj_CliffCheeseRock_A_01_Far.008
0.2963729
-1.076619
-0.1422514
-180
280
-2514
1.0
Enemy_Lizalfos_Bone_Junior
3.064326
-0.6999745
-3.086717
-247.4
247.1893
-2173.3
1.0
TimeControlTag
0
0
0
-260.1
231.6
-2195.1
1.0
Item_Fruit_I
0
0
0
-811.7944
291.3682
-2391.058
1.0
DragonDropItemTarget
0
0
0
-541.1284
223.2382
-2992.103
1.0
Enemy_Chuchu_Middle
0
2.319999
0
-276.5
247.4353
-2190.3
1.0
FldObj_CliffCheeseWall_A_02.007
2.969669
0.08543243
3.115073
-26.5
259
-2633
1.0
FldObj_CliffDeathMt_D_27_Far.001
-0.579963
-0.0007258889
-0.0009547129
-59.02051
365.6293
-2831.007
1.0
LinkTagOr
0
0
0
-689.4694
322.3331
-2179.065
1.0
FldObj_RockDislocation_D_03
-0.2185101
-1.075092
0.1863626
-485.3989
275.3372
-2056.427
1.0
LinkTagOr
0
0
0
-836.4694
305.1284
-2540.065
1.0
FldObj_CliffCheeseRock_A_01_Far.009
-0.145202
1.118362
-0.1661835
-78
272
-2222.5
1.0
LinkTagPulse
-0.1271033
-0.8348063
0.1217769
-567.1451
490.5784
-2598.538
0.25
PosAfterDemoSkip
0
-2.784777
0
-24.12512
280.3416
-2452.156
1.0
FldObj_CliffCheeseRock_A_01.005
-2.571594
-1.000615
2.804831
-144
270
-2224.5
1.0
FldObj_CliffDeathMt_D_27.001
2.519372
0.4713406
-2.76565
-805.2876
407.8575
-2741.702
1.0
FldObj_CliffDeathMt_D_10_Far.001
2.434679
0.8074917
2.769056
-988.9359
347.3651
-3017.106
1.0
Obj_Plant_ChiliPepper_A_01.003
0
0
0
-812
290.4882
-2391
1.0
FldObj_CliffCheeseWall_A_01_Far.003
2.78068
-0.7006752
-3.128782
-137.0176
276.772
-2600.938
1.0
FldObj_CliffGrayParts_A_07_Far.001
-0.8625753
-0.8545775
-0.1168506
-597.3168
435.9849
-2580.408
1.0
LinkTagNone
0
0
0
-96.44751
280.8869
-2475.232
1.0
FldObj_CliffCheeseWall_A_01_Far.004
-2.705211
-1.425222
2.616796
-199
274.5
-2502
1.0
FldObj_CliffGrayParts_A_07.005
-0.9765547
-0.968617
0.1527941
-786.8597
379.9771
-2689.844
1.0
Npc_HiddenKorokGround
0
2.86
0
-40.78424
306.5025
-2985.747
1.0
Enemy_Bokoblin_Middle
0
0
0
-872
270.8683
-2419
1.0
FldObj_CliffDeathMt_D_06
-0.4569041
0.5543162
-0.2477284
-194.1136
285.4838
-2771.024
1.0
FldObj_CliffGrayParts_A_04
-1.544496
-0.03595197
0.3776718
-746.8884
315.0068
-2352.478
1.0
LinkTagNone
0
0
0
-862
275.0316
-2425
1.0
LinkTagAnd
-0.1271033
-0.8348063
0.1217769
-568.1884
492.0497
-2599.786
1.0
FldObj_CliffCheeseRock_A_01.006
2.97009
-1.012344
-2.538349
-12
274.5
-2604.5
1.0
Item_Fruit_A
0
0
0
-816.9688
294.1485
-2400.283
1.0
Obj_RockDeathMt_D_L_01_Far
0
0
0
-577.5923
458.0826
-2591.311
1.4
Enemy_Chuchu_Middle
0
-1.080001
0
-241.3
247.4399
-2206.5
1.0
FldObj_CliffCheeseRock_A_01.007
-0.2552691
1.184654
0.1941997
-35
271
-2281
1.0
FldObj_CliffDeathMt_D_27_Far.002
1.08509
1.123312
1.865245
-555.5571
427.7423
-2476.49
1.0
FldObj_CliffCheeseWall_A_01_Far.005
2.959039
-1.25292
2.861328
-49.76172
276.1263
-2275.164
1.0
LinkTagOr
0
0
0
-693.4694
320.5265
-2170.065
1.0
FldObj_CliffCheeseRock_A_01.008
-2.696689
0.2709053
-2.82431
-101.5
278
-2609
1.0
Obj_RockDeathMt_D_L_01_Far.001
3.10455
0.180782
1.545816
-525.0623
223.934
-2931.561
1.0
DragonDropItemTarget
0
0
0
-848.201
285.6727
-2926.41
1.0
Obj_RockSetGray_A_L_01.005
-1.311204
-0.2521616
2.222144
-699.4515
349.4268
-2427.501
1.0
FldObj_CliffCheeseWall_A_02.008
3.051347
-1.007503
-3.05886
-25
255.5
-2320
1.0
Obj_RockSetGray_A_L_01.006
-0.1990138
-0.387267
2.183451
-671.5419
356.2628
-2408.421
1.0
Obj_RockDeathMt_D_L_01_Far.002
-1.392666
0.9272496
1.490961
-112.8062
360.7705
-2832.608
1.2
Obj_TreeApple_A_M_01
0
0
0
-817
288.3485
-2403
1.0
Obj_RockSetGray_A_L_01.007
2.098174
0.4518194
0.8142281
-762.9589
304.4117
-2348.312
1.0
DragonDropItemTarget
0
0
0
-982.7302
374.645
-2970.382
1.0
FldObj_CliffCheeseWall_A_02.009
-0.3183239
-1.435543
0.2917517
-172
230
-2190.5
1.0
ConstraintDummy
0
0
0
-810.002
290.4882
-2391.029
1.0
FldObj_CliffCheeseRock_A_01.009
0.3673017
-0.5222319
-0.3430119
-155.5
273
-2389.5
1.0
FldObj_CliffCheeseRock_A_01_Far.010
-2.888807
-0.3195124
-2.819416
-35
274.5
-2615.5
1.0
FldObj_CliffDeathMt_D_27.002
-1.006588
1.271962
-0.295808
-528.7974
358.7428
-2328.537
1.0
FldObj_CliffCheeseWall_A_02.010
2.96641
-0.210127
-3.116394
-89.5
229.5
-2638
1.0
LinkTagAnd
0
0
0
-22.45987
280.3418
-2453.701
1.0
FldObj_MountainLakeHylia_A_05
0
2.56
0
-366.9479
221.6548
-2153.021
1.0
FldObj_CliffCheeseRock_A_01.010
-0.145202
1.118362
-0.1661835
-78
272
-2222.5
1.0
FldObj_CliffDeathMt_D_10.001
2.434679
0.8074917
2.769056
-988.9359
347.3651
-3017.106
1.0
FldObj_CliffDeathMt_D_27_Far.003
-0.9127125
0.4867796
-0.175684
-354.8354
373.0278
-2755.464
1.0
FldObj_CliffCheeseRock_A_01_Far.011
2.846578
0.9395477
3.118235
-134.5
269
-2144
1.0
LookTag
0
0.3568159
0
-22.76208
279.3416
-2448.786
1.0
FldObj_CliffDeathMt_D_06_Far.001
-0.4569041
0.5543162
-0.2477284
-194.1136
285.4838
-2771.024
1.0
LinkTagAnd
1.146345
-0.3502205
-0.8333814
-566.4788
490.6599
-2597.797
1.0
FldObj_CliffCheeseRock_A_01.011
0.1724728
-0.01856906
0.2139793
-93.5
275
-2093.5
1.0
FldObj_CliffCheeseRock_A_01_Far.012
0.1724728
-0.01856906
0.2139793
-93.5
275
-2093.5
1.0
LinkTagAnd
0
0
0
-26.42966
278.1776
-2458.625
1.0
DragonDropItemTarget
0
0
0
-654.3492
242.0351
-2928.295
1.0
Enemy_Chuchu_Junior
0
-1.080001
0
-249.9566
247.8195
-2208.942
1.0
FldObj_CliffCheeseRock_A_01.012
-0.0658059
-0.2769215
-0.01740071
-13
274.5
-2299
1.0
LinkTagAnd
0
0.3568159
0
-25.73941
280.3416
-2452.479
0.3
Enemy_Moriblin_Bone_Junior
3.107456
0.4771466
3.058487
-268
247.4444
-2181.9
1.0
FldObj_CliffCheeseRock_A_01_Far.013
-2.888807
-0.3195124
-2.819416
-125
278
-2586.5
1.0
DragonDropItemTarget
0
0
0
-922.3296
309.9799
-2922.729
1.0
FldObj_CliffCheeseRock_A_01.013
-3.040099
0.8965699
-3.097617
-127.5
274.5
-2217
1.0
Enemy_Bokoblin_Senior
0
0.3600001
0
-862
273.1419
-2409.5
1.0
FldObj_CliffDeathMt_E_12_Far
1.314113
0.8706865
1.393259
-56.65384
349.7968
-2855.198
1.0
FldObj_CliffCheeseRock_A_01_Far.014
0.3673017
-0.5222319
-0.3430119
-88
269
-2387
1.0
FldObj_CliffDeathMt_C_04_Far
-0.1275217
0.4748594
0.3868546
-379.0378
206.9301
-2407.857
1.0
FldObj_CliffCheeseRock_A_01.014
0.1664594
-0.04900742
0.3914946
-146.5
267.5
-2156.5
1.0
FldObj_CliffCheeseWall_A_01.003
-0.1692214
0.4607983
0.05577912
-99
272
-2368
1.0
Obj_TreeApple_A_M_01.001
0
1.742396
0
-96.30414
278.6079
-2474.314
1.0
DgnObj_DungeonEntrance_A_01_Far
0
0.3568159
0
-26.42966
279.3416
-2458.625
1.0
LinkTagAnd
0
0
0
-260.1
264
-2195.1
1.0
FldObj_CliffDeathMt_E_12_Far.001
2.046845
0.9866245
2.061778
-911.9395
327.0524
-2824.23
1.0
FldObj_CliffCheeseWall_A_02.011
-3.072268
-1.169697
3.003443
-299.5135
223.0386
-2221.476
1.0
FldObj_CliffDeathMt_D_06.001
-1.485377
-1.184799
1.484107
82.96887
287.4162
-2773.334
1.0
FldObj_CliffCheeseWall_A_01.004
-2.705211
-1.425222
2.616796
-199
274.5
-2502
1.0
Enemy_Bokoblin_Middle
0
-0.5999998
0
-862
275.0316
-2425
1.0
FldObj_CliffCheeseRock_A_01.015
0.3673017
-0.5222319
-0.3430119
-88
269
-2387
1.0
FldObj_MountainLakeHylia_A_05.001
0
1.781593
0
-247.6036
218.2663
-2013.756
1.0
Obj_RockSetGray_A_L_01.008
-1.489838
0.01069434
0.4226726
-743.538
301.0447
-2284.592
1.0
FldObj_CliffCheeseStone_A_02.003
1.496316
1.226391
-3.011326
-267.1408
247.2519
-2238.701
1.0
FldObj_CliffDeathMt_D_27_Far.004
2.33378
-0.47577
2.862579
-361.4252
374.9581
-2730.894
1.0
Obj_RockDeathMt_D_L_01.001
-1.392666
0.9272496
1.490961
-112.8062
360.7705
-2832.608
1.2
FldObj_CliffGrayParts_A_07_Far.002
-0.9765547
-0.968617
0.1527941
-786.8597
379.9771
-2689.844
1.0
Obj_RockDeathMt_D_L_01.002
3.10455
0.180782
1.545816
-525.0623
223.934
-2931.561
1.0
FldObj_CliffCheeseWall_A_02.012
-0.1608292
-1.020807
0.04509529
-301.593
224.4368
-2174.42
1.0
LinkTagAnd
0
0
0
-26.42966
278.1776
-2458.625
1.0
FldObj_CliffGrayParts_A_07.006
-1.111257
-1.178197
0.1016866
-860.3507
281.3023
-2588.314
1.0
Obj_RockDeathMt_D_L_01_Far.003
-1.734181
0.0499907
-2.847278
-940.2931
307.126
-2943.208
1.2
LinkTagOr
2.624505
0.2463524
3.003784
-41.65436
306.5558
-2986.399
1.0
FldObj_CliffCheeseStone_A_02_Far.002
1.635268
0.3645559
-3.080592
-231.215
246.6205
-2175.784
1.0
DragonDropItemTarget
0
0
0
-954.6504
296.7556
-2860.549
1.0
FldObj_CliffDeathMt_E_12.001
1.314113
0.8706865
1.393259
-56.65384
349.7968
-2855.198
1.0
Enemy_Moriblin_Bone_Junior
0.02135217
-0.07945763
0.09858435
-257.3
247.6595
-2214.5
1.0
Item_Fruit_I
0
2.617994
0
-694.1506
321.6364
-2168.224
1.0
FldObj_CliffDeathMt_D_27_Far.005
-1.006588
1.271962
-0.295808
-528.7974
358.7428
-2328.537
1.0
FldObj_RockDislocation_D_04_Far
-2.960714
1.26982
3.07544
-499.4761
271.4984
-2083.49
1.0
DgnObj_WarpPoint_A_01
0
0.3568159
0
-23.2178
280.3047
-2450.009
1.0
FldObj_CliffCheeseRock_A_01.016
0.2963729
-1.076619
-0.1422514
-180
280
-2514
1.0
FldObj_CliffCheeseWall_A_01.005
-3.012306
-1.0752
2.935243
-176.5771
280.5625
-2565.281
1.0
Obj_RockDeathMt_D_L_01_Far.004
0.3152857
-0.2043569
-0.8971466
-213.5334
362.7347
-2814.301
1.0
FldObj_CliffGrayParts_A_07_Far.003
-0.0129458
-1.399494
-1.135987
-616.0643
336.8731
-2303.059
1.0
Enemy_Bokoblin_Bone_Junior
0
-1.300001
0
-241.1
247.3874
-2198.6
1.0
Obj_LiftRockWhite_A_01
-0.1271033
-0.8348063
0.1217769
-567.7842
489.5008
-2599.194
1.0
FldObj_CliffDeathMt_C_05_Far
-0.4185177
0.1273519
-0.2378988
-862.5905
283.3518
-2913.752
0.8
FldObj_CliffCheeseRock_A_01.017
0.23133
-0.9220517
-0.06516349
-188
275.5
-2488.5
1.0
FldObj_CliffCheeseRock_A_01.018
-3.020744
-0.63906
-2.757718
-168
280
-2556.5
1.0
FldObj_CliffDeathMt_D_11
2.801914
-0.4426332
2.537988
-560.7808
414.6388
-2651.523
1.0
Obj_RockDeathMt_D_L_01.003
-1.734181
0.0499907
-2.847278
-940.2931
307.126
-2943.208
1.2
FldObj_CliffGrayParts_A_04_Far
-1.544496
-0.03595197
0.3776718
-746.8884
315.0068
-2352.478
1.0
Item_Fruit_A
0
0
0
-815.1901
290.9135
-2403.47
1.0
Obj_RockDeathMt_D_L_01.004
0
0
0
-577.5923
458.0826
-2591.311
1.4
Area
0
0
0
-260.5
247.4
-2198
11
FldObj_CliffCheeseRock_A_01_Far.015
-3.020744
-0.63906
-2.757718
-168
280
-2556.5
1.0
FldObj_CliffDeathMt_D_27.003
-0.9127125
0.4867796
-0.175684
-354.8354
373.0278
-2755.464
1.0
Item_Fruit_I
0
-2.879793
0
-694.17
321.4765
-2167.845
1.0
LinkTagOr
2.624505
0.2463524
3.003784
-41.26462
308.7629
-2984.67
1.0
LinkTagOr
0
0
0
-862
289.4911
-2547
1.0
FldObj_CliffCheeseRock_A_01_Far.016
0.1664594
-0.04900742
0.3914946
-146.5
267.5
-2156.5
1.0
LinkTagAnd
0
0
0
-260.8
234.7
-2197.1
1.0
Npc_HiddenKorokGround
0
-0.8400002
0
-567.7869
489.6004
-2599.203
1.0
FldObj_CliffDeathMt_D_27.004
2.33378
-0.47577
2.862579
-361.4252
374.9581
-2730.894
1.0
FldObj_MountainLakeHylia_A_01_Far
3.061593
1.101593
3.141593
-389.7606
217.9278
-1966.645
1.059488
FldObj_CliffCheeseWall_A_02.013
0.2725365
-0.4117437
-0.0146714
-38.5
233.5
-2380
1.0
Item_Fruit_A
0
1.396263
0
-816.25
291.3885
-2403.5
1.0
FldObj_MountainLakeHylia_A_05_Far.001
0
1.781593
0
-247.6036
218.2663
-2013.756
1.0
FldObj_CliffCheeseWall_A_02.014
3.025522
0.8247048
3.091481
-231.8392
223.8162
-2234.501
1.0
ConstraintDummy
0
0
0
-794.002
296.9119
-2385.029
1.0
Enemy_Bokoblin_Bone_Junior
0
0.009200109
0
-262.9
247.8237
-2230.6
1.0
FldObj_CliffCheeseRock_A_01_Far.017
-2.571594
-1.000615
2.804831
-144
270
-2224.5
1.0
ConstraintDummy
0
0
0
-688.002
322.3331
-2177.029
1.0
FldObj_CliffDeathMt_C_05
-0.4185177
0.1273519
-0.2378988
-862.5905
283.3518
-2913.752
0.8
FldObj_CliffCheeseStone_A_02.004
1.800422
-1.108281
2.777056
-241.6916
244.9506
-2230.654
1.0
Enemy_Chuchu_Junior
0
-2.563186
0
-251.7
247.5497
-2186.8
1.0
FldObj_CliffCheeseWall_A_01_Far.006
-3.012306
-1.0752
2.935243
-176.5771
280.5625
-2565.281
1.0
ConstraintDummy
0
0
0
-835.002
305.1284
-2538.029
1.0
DragonDropItemTarget
0
0
0
-802.2585
273.6426
-2927.309
1.0
Enemy_Lizalfos_Bone_Junior
0
1.561596
0
-277.2
247.4221
-2199.4
1.0
Area
0
-0.8631841
0
-26.42966
278.1776
-2458.625
25
FldObj_CliffDeathMt_D_27.005
1.08509
1.123312
1.865245
-555.5571
427.7423
-2476.49
1.0
FldObj_CliffCheeseRock_A_01_Far.018
-2.696689
0.2709053
-2.82431
-101.5
278
-2609
1.0
Obj_Plant_ChiliPepper_A_01.004
0
0
0
-694
320.5265
-2168
1.0
FldObj_CliffCheeseRock_A_01_Far.019
-0.0658059
-0.2769215
-0.01740071
-13
274.5
-2299
1.0
FldObj_CliffCheeseRock_A_01.019
2.322816
-0.7364425
-2.616949
-107.5
267.5
-2379
1.0
Obj_TreeApple_A_M_01.002
0
0
0
-866
289.4911
-2546
1.0
LinkTagAnd
0
0.3568159
0
-27.1366
292.8416
-2456.227
0.6
FldObj_CliffDeathMt_C_04
-0.1275217
0.4748594
0.3868546
-379.0378
206.9301
-2407.857
1.0
LinkTagAnd
0
0
0
-26.5
326.5
-2459
5
FldObj_MountainLakeHylia_A_01
3.061593
1.101593
3.141593
-389.7606
217.9278
-1966.645
1.059488
FldObj_CliffGrayParts_A_07_Far.004
0.3664607
-1.291769
-0.8342131
-805.7458
345.5475
-2594.93
1.0
FldObj_CliffDeathMt_D_06.002
0
-0.9968185
0.4599997
-391.7929
274.7458
-2535.607
1.0
FldObj_CliffGrayParts_A_07_Far.005
-0.1064129
-1.219501
-1.142722
-555.3949
380.5674
-2410.162
1.0
FldObj_CliffCheeseStone_A_02_Far.003
1.800422
-1.108281
2.777056
-241.6916
244.9506
-2230.654
1.0
LinkTagOr
0
0
0
-817.5994
288.3485
-2399.528
1.0
FldObj_CliffDeathMt_D_06_Far.002
0
-0.9968185
0.4599997
-391.7929
274.7458
-2535.607
1.0
BeeHome
0
0
0
-864.5314
291.5176
-2546.09
1.0
FldObj_CliffCheeseWall_A_02.015
2.910773
-0.1280728
3.018322
-93.5
254
-2245
1.0
Item_Fruit_I
0
0
0
-693.7944
321.4065
-2168.058
1.0
FldObj_CliffCheeseStone_A_02_Far.004
-1.674597
0.1993588
-0.1789469
-224.381
244.8119
-2205.242
1.0
FldObj_CliffGrayParts_A_07_Far.006
-1.111257
-1.178197
0.1016866
-860.3507
281.3023
-2588.314
1.0
LinkTagOr
0
1.742396
0
-96.59631
277.1447
-2476
1.0
FldObj_CliffDeathMt_C_01_Far
2.958269
-0.09919749
2.732406
-935.8591
291.239
-2805.021
1.2
FldObj_CliffDeathMt_D_11_Far
2.801914
-0.4426332
2.537988
-560.7808
414.6388
-2651.523
1.0
Enemy_Bokoblin_Bone_Junior
0
0.7000003
0
-273.6
247.471
-2213.8
1.0
LinkTagAnd
2.624505
0.2463524
3.003784
-40.30386
308.6299
-2984.427
1.0
FldObj_RockDislocation_D_03_Far
-0.2185101
-1.075092
0.1863626
-485.3989
275.3372
-2056.427
1.0
FldObj_CliffCheeseWall_A_01.006
-0.1071398
-0.9601964
-0.004583295
-177
279
-2396
1.0