UnitConfigName/__text
Rotate/value/0
Rotate/value/1
Rotate/value/2
Translate/value/0
Translate/value/1
Translate/value/2
_Scale
EnvSeEmitPointBirdTemperate
3.141479
0.07397461
3.141479
-38.98828
311.2227
-2981.371
1.0
Obj_RockGray_A_M_06
0.04016393
-0.008604766
0.422049
-683.2615
321.5896
-2186.331
1.0
Obj_Plant_HopBush_A_02
0.06796388
0.8050362
0.3458665
-881.0963
251.3837
-2223.952
0.98
Obj_TreeGhost_A_01
0
2.384343
0
-42.99997
280.0214
-2531
1.0
Obj_RockSetGray_A_L_02
0.01313113
0.003459936
-0.01526261
-756.1377
313.0127
-2385.519
1.0
Obj_Plant_CypressLow_A_01
0.808117
-1.423844
-0.4474204
-707.1133
314.2972
-2298.359
1.057129
Item_Plant_O
0.8593749
-0.4143066
0.1408691
-1109.207
384.4453
-2958.699
1.0
Obj_TreeConiferous_A_02
0
0.9305176
0
-471.1278
276.4646
-2014.153
1.0
Obj_Plant_HopBush_A_02.001
-0.04188397
-1.045328
0.2458494
-879.8867
251.9871
-2234.515
0.95
Obj_Plant_CypressLow_A_02
0.6186393
1.028045
0.588689
-786.8868
226.8606
-1946.672
0.9607203
Obj_RockSetDeathMt_C_03
-0.4102945
-0.2502967
-0.6744698
-926.6562
313.8156
-2960.522
1.0
Obj_TreeGhost_A_01.001
0
4.920575
0
-143
278.765
-2471.5
1.0
FldObj_HyrulePrairieRock_A_02
-2.623353
1.332468
-2.293066
-905.7931
256.8655
-2430.463
1.0
Obj_TreeGhost_A_02
0
1.445533
0
-15.5
279.0539
-2405
1.0
Obj_Plant_CypressLow_A_02.001
0.3348356
1.351421
0.3658534
-600.125
239.2504
-1950.609
0.93457
Animal_WildGoat_A
0
4.201765
0
-758.8352
293.8689
-2224.844
1.0
Obj_TreeGhost_A_04
0
4.845743
0
-38.5
280.0214
-2504.5
1.0
Obj_RockSetDeathMt_C_01
-2.811314
-1.340636
2.520257
-612.684
236.913
-2942.141
1.0
Obj_RockGray_A_M_06.001
0.2756768
-0.05000171
0.3567
-619.2225
380.8827
-2422.218
1.0
Obj_TreeGhost_A_01.002
0
3.371073
0
-8.999969
281.0419
-2164
1.0
Obj_RockGray_A_L_03
1.519505
-1.167896
-1.029821
-803.8617
291.2917
-2388.476
1.0
Obj_Plant_CypressLow_A_01.001
0.2444387
0.03174851
-0.01643075
-788.8104
224.2151
-1938.013
1.0
Obj_Plant_HopBush_A_02.002
-0.1204892
-0.6812238
0.2484773
-434.0039
281.2402
-1995.836
1.052734
Obj_Plant_CypressLow_A_02.002
0.5850128
-1.14335
-0.2050675
-768.582
345.4229
-2543.605
0.930664
FldObj_HyrulePrairieRock_A_01
0.1611138
-0.02717169
0.3334641
-807.0093
287.3655
-2340.999
1.0
Obj_TreeGhost_A_04.001
0
5.280532
0
-162.2529
280.1076
-2516.688
1.0
Animal_WildGoat_A
0
2.312784
0
-763.8848
291.3844
-2217.409
1.0
Obj_Plant_CypressLow_A_02.003
-0.03060718
-0.4784026
0.3901809
-837.75
263.0548
-2137.672
0.87793
Obj_Mineral_A_01
0.4588742
1.080688
0.2170207
-919.9877
309.5549
-2928.755
1.0
Obj_Plant_HopBush_A_01
-0.4051706
1.374176
-0.2348053
-432.3047
281.1778
-1999.891
0.87207
Obj_TreeConiferous_A_02.001
0
0.8037379
0
-485.1219
271.7783
-2006.849
1.0
FldObj_CliffCheeseStone_A_01
-1.804675
-0.095465
0.1501236
-301.1045
246.2903
-2195.831
1.0
Obj_Plant_HopBush_A_01.001
0.2182468
1.001001
0.2884964
-118.3711
278.4155
-2526.156
0.914063
Obj_TreeGhost_A_04.002
0
4.834508
0
-56.005
278.963
-2438.731
1.0
Obj_TreeGhost_A_01.003
0
0.3166319
0
-37.99994
283.0205
-2149
1.0
Obj_Plant_HopBush_A_02.003
-0.04012174
0.6628257
0.236794
-511.7432
256.801
-1945.405
0.98
Obj_MineralBury_A_01
-0.2
-0.9800003
0
-692.8525
259.3209
-2882.435
1.0
Item_Mushroom_L
3.141479
0.9196777
3.141479
-392.8164
253.7376
-2930.66
1.0
Obj_RockSetDeathMt_C_05
-0.03157776
-0.007844021
-0.4869141
-698.4264
251.3701
-2925.666
1.0
Obj_TreeGhost_A_01.004
0
5.890005
0
-81.5
279.8127
-2450.5
1.0
Obj_TreeGhost_A_01.005
0
1.177037
0
-128.5
277.7477
-2448
1.0
Obj_MineralBury_A_01.001
0
0
0
-925.9285
310.8158
-2925.311
1.0
GrassCutTag
0
0
0
-482
276.1366
-2019.5
1.0
Obj_Plant_CypressLow_A_02.004
0.1219376
0.1284736
0.07165078
-604.6836
239.1239
-1950.863
1.098145
Obj_Plant_HopBush_A_01.002
-0.3285955
-0.660156
0.1274237
-393.678
290.4721
-1959.01
0.9
Obj_Plant_CypressLow_A_02.005
0.04982567
0.9450603
0.3348171
-880.2667
251.7978
-2228.114
1.040755
Obj_TreeGhost_A_01.006
0
0.6238452
0
-59.99997
280.0214
-2554
1.0
Obj_Plant_HopBush_A_02.004
0.001968334
-0.5310839
0.3770525
-746.1992
296.3853
-2204.215
0.969238
Obj_Plant_CypressLow_A_02.006
-0.4511585
0.9325559
-0.06078872
-485.4112
268.6465
-1912.162
0.9607203
Obj_Plant_CypressLow_A_01.002
0.9383285
1.198541
0.9426805
-796.0002
228.2964
-1952.473
1.0
Obj_Plant_HopBush_A_01.003
0.3254571
1.195156
0.5853978
-933.1948
241.5864
-2288.631
0.89
Obj_Plant_CypressLow_A_01.003
-0.1968719
-1.320482
0.4194272
-907.5195
244.4885
-2042.258
1.067871
Obj_Plant_CypressLow_A_01.004
-0.007365295
-0.1516892
0.1793296
-910.7227
243.8458
-2042.477
1.095703
Obj_Plant_CypressLow_A_01.005
-0.2486369
-1.174487
0.2800142
-413
282.2471
-2005.441
0.871094
Obj_Plant_CypressLow_A_02.007
0.3129836
1.199162
0.5439316
-936.3282
239.9199
-2281.166
0.8999999
Obj_Plant_CypressLow_A_01.006
0.5430729
1.091184
0.4915887
-800.2364
227.1061
-1948.368
0.9
Item_Mushroom_L
3.141479
1.523804
3.141479
-504.3047
278.2207
-2045.141
1.0
Obj_MineralBury_A_01.002
-0.1387188
0.3332804
-0.7433689
-914.5923
307.9358
-2945.738
1.0
Obj_Mineral_A_01.001
-0.272667
-0.06947459
0.1082319
-778.4
282.3596
-2861.837
1.0
Obj_Plant_HopBush_A_01.004
-0.1092834
-0.1895363
0.05754849
-397.0742
283.2427
-2003.113
1.018555
Obj_Plant_CypressLow_A_02.008
0.7080092
-1.039443
-0.6624826
-855.0898
240.6924
-1992.348
0.958984
Obj_Plant_CypressLow_A_02.009
0.1099183
-0.2127011
0.1594219
-833.7734
285.8371
-2429.121
1.089844
Obj_TreeConiferousSnowFallenTree_A_M_01
0
-0.4800001
0
-39.11325
303.1831
-2983.392
1.0
Obj_TreeGhost_A_01.007
0
3.160631
0
-123
278.0573
-2527
1.0
Obj_TreeGhost_A_01.008
0
0.2583559
0
-60.5
277.3967
-2456
1.0
Obj_RockSetDeathMt_C_04
1.478764
-0.2320981
-1.466185
-99.86066
301.1506
-2770.074
1.0
Obj_Plant_HopBush_A_01.005
-0.117115
0.5823644
-0.003166876
-420.5625
281.5504
-2008.406
1.001953
Obj_Plant_CypressLow_A_02.010
0.042239
-0.436627
0.3519242
-850.7461
270.3731
-2341.211
0.905762
FldObj_CliffCheeseStone_A_03
-2.879499
-1.045863
-2.916541
-297.2207
246.2573
-2207.521
1.0
Obj_TreeGhost_A_01.009
0
3.66147
0
-14.99997
279.9555
-2023
1.0
Animal_WildGoat_A
0
2.394888
0
-705.1077
317.2156
-2313.282
1.0
Item_Mushroom_L
3.141479
0.9212646
3.141479
-154.7813
279.8846
-2536.473
1.0
Item_Mushroom_L
0
-1.4646
0
-455.9336
278.2183
-2032.598
1.0
Obj_Plant_HopBush_A_01.006
0.7622695
1.499101
1.041154
-927.4922
240.7567
-2267.75
0.952637
Obj_Plant_CypressLow_A_02.011
1.140878
1.51407
1.464594
-882.7753
250.8237
-2223.293
1.040755
Obj_RockGray_A_L_02
-0.1769684
-0.5154495
0.5130932
-793.4843
284.8428
-2255.481
1.0
Obj_Plant_CypressLow_A_01.007
3.051434
1.014048
-2.905199
-886.7151
249.6815
-2225.599
1.0
Obj_Plant_CypressLow_A_02.012
0.3057929
0.305415
0.05074937
-680.7383
240.5587
-1973.715
1.074219
Obj_Plant_CypressLow_A_01.008
0.2854607
1.278557
0.5018425
-528.2336
252.627
-1940.354
0.8999999
Obj_TreeGhost_A_02.001
0
3.195567
0
-153.7176
280.0214
-2428.428
1.0
Item_Mushroom_L
0
-1.504639
0
-472.418
276.272
-2014.504
1.0
Obj_TreeGhost_A_01.010
0
3.199977
0
-84
278.2197
-2427
1.0
Obj_TreeGhost_A_01.011
0
3.913538
0
-77.99997
279.8159
-2586
1.0
Obj_TreeGhost_A_02.002
0
0.6086492
0
-53.5
280.0214
-2496
1.0
Obj_RockSetDeathMt_C_04.001
-2.288614
-0.06824452
2.48175
-617.7266
252.7355
-2860.267
1.0
Area
0
0
0
-867
272.5858
-2419
100
Obj_Plant_HopBush_A_02.005
0.8497728
-1.150461
-0.7866182
-781.7473
227.7176
-1948.697
0.95
Obj_Plant_CypressLow_A_02.013
0.03046759
1.040007
0.3306847
-878.4562
252.3665
-2228.836
0.9607203
Obj_Plant_CypressLow_A_01.009
0.2864014
0.6176746
0.3536299
-527.5834
253.9483
-1946.217
1.0
Obj_Plant_HopBush_A_02.006
0.6343388
-1.475009
-0.1725916
-941.0472
238.4921
-2290.809
0.95
Obj_Plant_HopBush_A_02.007
0.9737285
1.183896
0.9632834
-784.3079
225.3802
-1941.756
0.9800001
Obj_Plant_HopBush_A_01.007
-0.3588894
-0.9488991
0.1164202
-396.7852
293.6025
-1947.797
1.0
Obj_TreeGhost_A_02.003
0
0.2082322
0
-88.48187
278.8341
-2403.404
1.0
Obj_RockGray_A_L_02.001
0.4932314
-1.262585
0.3112777
-709.323
358.1506
-2454.426
1.0
Obj_Plant_HopBush_A_01.008
-0.3720507
1.173209
-0.3625467
-394.8477
281.8277
-2019.113
1.088379
Obj_Plant_CypressLow_A_01.010
0.08821517
-0.6986715
0.3120414
-845.8711
272.238
-2341.535
0.925781
Obj_Plant_CypressLow_A_01.011
1.158961
1.132873
1.244297
-744.4766
264.4743
-2035.844
0.945801
FldObj_CliffCheeseStone_A_01.001
-2.15782
-1.29173
0.7043093
-282.9873
245.3723
-2234.984
1.0
Obj_Plant_CypressLow_A_01.012
0.6805528
1.188106
0.6256721
-886.8008
226.2687
-1947.359
1.089355
Obj_Plant_CypressLow_A_01.013
0.4146512
0.4448213
0.2315882
-656.5938
269.2194
-2047.047
1.091797
Obj_TreeGhost_A_04.003
0.1631015
0.599402
0.1876614
-65.5
278.7008
-2485.5
1.0
Obj_RockGray_A_L_02.002
2.395146
0.02230499
-2.442258
-813.7875
328.5075
-2556.606
1.0
Obj_Plant_CypressLow_A_01.014
0.06039108
-0.08229202
0.4350479
-940.3278
239.0368
-2293.656
1.062152
Obj_Plant_HopBush_A_02.008
0.1898441
-1.488986
0.115183
-878.8193
252.2444
-2228.339
0.95
Obj_Plant_CypressLow_A_01.015
0.01586502
-0.6630523
0.3340454
-512.8293
256.7225
-1939.651
1.0
Animal_WildGoat_A
0
2.650012
0
-866.7749
254.4422
-2151.969
1.0
Obj_Plant_CypressLow_A_01.016
0.06024202
0.1643303
0.2974997
-884.5005
250.8128
-2240.859
0.9
FldObj_CliffCheeseStone_A_03.001
3.064761
0.5649623
-3.000929
-267.6259
246.5288
-2168.83
1.0
Obj_Plant_CypressLow_A_01.017
0.1667566
0.4465898
0.3350026
-775.7734
341.9111
-2535.563
1.012695
Obj_Plant_CypressLow_A_02.014
0.200503
0.4120924
0.1913618
-516.8634
255.9354
-1947.552
0.9607203
Obj_RockSetDeathMt_C_01.001
-0.2381034
-0.9606099
0.4981951
-539.8614
239.6059
-2891.857
1.0
Obj_MineralGrain_A_04
-2.227494
-0.810446
2.391414
-688.7321
258.1814
-2883.429
1.0
Animal_WildGoat_A
0
0
0
-658.8116
330.9027
-2208.479
1.0
Obj_Plant_CypressLow_A_01.018
1.244764
-1.122336
-1.125903
-645.6523
273.5642
-2054.293
0.918457
Obj_Plant_CypressLow_A_02.015
0.9909969
1.169019
0.8925755
-854.1563
243.1104
-1999.457
0.867188
Obj_Plant_CypressLow_A_01.019
0.05029773
0.8096759
0.2046561
-878.73
252.1772
-2239.636
1.0
Obj_Plant_CypressLow_A_02.016
0.7071568
1.070056
0.6844846
-783.5958
225.6654
-1942.557
1.040755
Obj_Plant_CypressLow_A_02.017
0.1609433
1.37269
0.6045033
-944.0743
236.7931
-2285.157
1.040755
Item_Plant_O
1.43396
0.9957275
0.5177002
-966.2891
320.543
-2888.805
1.0
Obj_Plant_HopBush_A_02.009
0.02311434
-0.4471847
0.07418223
-443.4883
279.4908
-2005.375
0.96582
Obj_RockSetGray_A_L_02.001
-1.847733
1.047548
-1.543365
-890.6042
256.1165
-2351.56
1.0
Obj_RockSetGray_A_L_02.002
0.6410871
0.04679134
0.009904698
-661.5143
359.0372
-2407.732
1.0
Obj_Plant_CypressLow_A_02.018
0.03994701
-0.3892228
0.3939052
-679.6445
332.6819
-2335.277
1.043457
Obj_TreeBroadleafLow_Branch_A_02
0
4.420884
0
-261.3
247.4577
-2202
1.0
Obj_RockDeathMt_C_L_08
0.5771399
0.759975
-0.5617466
-492.8918
412.2383
-2672.027
1.0
Obj_RockGray_A_L_01
0.8595474
0.4514627
0.5131285
-807.6233
334.1717
-2558.674
1.0
Obj_MineralBury_A_01.003
-3.038366
0.2390592
-2.729185
-910.9234
305.7506
-2944.52
1.0
Obj_Plant_HopBush_A_01.009
-0.1025672
0.6669545
0.1945883
-524.1972
253.7411
-1931.78
0.9
Animal_WildGoat_A
0
1.095456
0
-866.8148
280.2064
-2480.361
1.0
Obj_TreeGhost_A_04.004
0
4.848804
0
-109.5
277.7403
-2435.5
1.0
Obj_TreeGhost_A_04.005
0
4.717175
0
-67.5
277.8628
-2407
1.0
FireWoodDie
0
-1.919998
0
-260.8
247.4284
-2194.7
1.0
Obj_RockGray_A_L_01.001
-0.01966043
0.003990811
0.40052
-775.6765
293.1923
-2254.742
1.0
GrassCutTag
0
0
0
-465.5
278.4309
-2031.5
1.0
Item_Plant_O
1.514648
0.4451904
0.2113037
-943.043
323.4609
-2905.027
1.0
Obj_RockSetDeathMt_C_04.002
-2.612763
-0.5148696
3.049292
-874.6719
298.0982
-2861.55
1.0
Obj_Plant_CypressLow_A_01.020
0.142329
1.050605
0.4379945
-949.8067
234.8975
-2290.143
1.062152
Obj_Plant_HopBush_A_02.010
-0.54452
-0.6155967
0.2726374
-406.3712
296.4824
-1945.608
0.98
Obj_Plant_CypressLow_A_01.021
0.4502825
0.8108687
0.3623124
-790.2017
226.6178
-1946.31
1.062152
FldObj_HyrulePrairieRock_A_02.001
0.1274413
-0.01982265
0.3082124
-886.2741
264.0885
-2392.463
1.0
Obj_Plant_HopBush_A_01.010
1.34934
1.274799
1.364371
-793.168
226.4245
-1946.02
1.0
PointWindSetTag
0
0
0
-356.7
307
-2271.5
1.0
Obj_Plant_CypressLow_A_02.019
0.08351766
-0.2321865
0.4050664
-832.1406
279.1273
-2382.434
1.013184
Obj_Plant_CypressLow_A_01.022
0.8622827
1.248894
0.9328473
-486.7148
277.8052
-2058.375
0.949219
Obj_Plant_CypressLow_A_01.023
0.8946906
1.157002
0.8050076
-875.3906
226.203
-1948.227
0.927246
Obj_RockSetDeathMt_C_04.003
-0.5452265
-0.04303658
0.09123623
-576.6708
251.5555
-2860.449
1.0
Obj_Plant_CypressLow_A_01.024
0
-0.9553223
0
-114.0352
277.1242
-2508.484
0.966797
Obj_TreeGhost_A_04.006
0
0.9633028
0
-23.5
278.7628
-2414
1.0
Obj_Plant_CypressLow_A_01.025
0.3090408
0.5602742
0.186159
-885.9609
227.3187
-1951.551
1.098145
EnvSeEmitPointBirdTemperate
0
-1.519287
0
-420.4961
289.3984
-2009.902
1.0
Obj_MineralBury_A_01.004
-1.155593
1.000911
-1.027315
-877.7928
308.1171
-2836.111
1.0
EnvSeEmitPointInsectTemperate
0
1.212036
0
-506.0898
277.9063
-2043.797
1.0
Obj_Plant_HopBush_A_01.011
-0.1568122
0.4955297
-0.1354586
-387.9414
282.5703
-2012.219
0.963867
Obj_TreeGhost_A_01.012
0
2.21562
0
-22.99997
280.0685
-2561
1.0
Obj_TreeGhost_A_02.004
0
5.438079
0
-90.5
279.0237
-2439.5
1.0
Obj_Plant_CypressLow_A_02.020
0.06631391
0.08067636
0.3620743
-850.5898
270.0826
-2335.457
1.002441
Obj_Plant_HopBush_C_02
0
-0.2626953
0
-173.9531
280.0536
-2469.855
1.066895
Obj_Plant_HopBush_A_01.012
0.06548775
0.8071572
0.2674391
-893.4299
247.9187
-2237.686
0.9
Obj_RockGray_A_L_01.002
0.3788092
1.357766
0.5629886
-806.6035
279.9319
-2289.267
1.0
Obj_Mineral_A_01.002
-1.645666
1.257755
-1.271935
-688.0488
258.3854
-2883.178
1.0
Obj_Plant_HopBush_B_01
0.7480027
-1.176257
-1.046678
-803.7513
274.1214
-2914.673
0.85
Obj_TreeGhost_A_02.005
0
0.1873267
0
-28
280.0214
-2494
1.0
Obj_Plant_HopBush_A_01.013
-1.337271
1.263393
-1.042789
-490.1797
267.7164
-1910.145
1.0
FldObj_CliffCheeseStone_A_03.002
-0.2217224
-0.1890209
-0.09675058
-256.3183
248.324
-2240.317
1.0
Obj_Plant_CypressLow_A_02.021
-0.03793288
-1.364373
0.2210271
-948.7188
245.8868
-2506.238
0.993164
Obj_Plant_CypressLow_A_02.022
0.1887823
-0.6204931
0.1903071
-683.2969
365.9201
-2437.816
1.046387
Obj_TreeBroadleafLow_Branch_A_01
0
0
0
-257.1
247.456
-2200.1
1.0
Obj_Plant_CypressLow_A_01.026
0.08919351
1.232923
0.4335799
-887.5625
249.5229
-2229.193
1.062152
Obj_RockGray_A_M_06.002
0.2349632
-0.05903314
0.4902585
-682.6434
360.7884
-2419.352
1.0
PointWindSetTag
0
0
0
-265.9
307
-2071.7
1.0
Obj_Plant_HopBush_A_02.011
0.0768987
0.4686757
0.4159567
-946.6076
235.7263
-2286.034
0.95
EnvSeEmitPointBirdTemperate
0
1.212036
0
-506.0898
285.957
-2043.797
1.0
Obj_TreeGhost_A_01.013
0
1.514668
0
-11.99997
280.0214
-2509
1.0
GrassCutTag
0
0
0
-493
278.7751
-2039.5
1.0
Animal_WildGoat_A
0
0.08434434
0
-863.3472
255.4097
-2158.897
1.0
Obj_Plant_CypressLow_A_01.027
0.7324838
-1.123133
-0.7358932
-850.9922
239.4528
-1989.234
0.875488
Animal_WildGoat_A
0
1.781458
0
-861.5458
282.134
-2475.238
1.0
Obj_Plant_HopBush_A_02.012
-0.004484879
-0.9565279
0.1998971
-946.5742
246.3088
-2506.367
1.084473
Obj_RockSetDeathMt_C_04.004
2.592212
-0.05683881
2.551852
-469.9485
395.4305
-2665.56
1.0
Obj_Plant_CypressLow_A_01.028
0.3904612
0.05783462
0.1724087
-799.8164
256.799
-2029.434
1.006348
Animal_WildGoat_A
0
0
0
-625.6814
347.7675
-2295.818
1.0
Obj_TreeGhost_A_01.014
0
2.488179
0
-110
280.0092
-2557
1.0
Obj_RockGray_A_L_03.001
0.2202915
0.05654657
-0.04070832
-807.2907
274.6307
-2212.951
1.0
Obj_Plant_HopBush_A_02.013
-0.1171105
-0.4300645
0.1395538
-424.1875
281.9761
-2002.824
1.026855
Obj_Plant_CypressLow_A_01.029
-0.4828304
0.5630161
-0.3904953
-405.1835
293.8258
-1951.342
1.0
Obj_Plant_CypressLow_A_01.030
-0.2038761
1.329561
-0.05123156
-438.9219
280.2273
-1998.145
1.088379
Obj_TreeGhost_A_04.007
0
0.1907347
0
-115
279.924
-2474.5
1.0
Obj_TreeGhost_A_01.015
0
4.580026
0
-38
280.0214
-2486
1.0
Obj_TreeGhost_A_01.016
0
1.832241
0
-66.5
278.9041
-2422
1.0
Obj_Plant_CypressLow_A_02.023
0.07195231
-1.300794
0.1280156
-945.6328
246.5055
-2513.984
1.065918
Obj_TreeGhost_A_01.017
0
0.9135182
0
-18.99997
280.2852
-2201
1.0
Obj_Plant_HopBush_A_01.014
0.1342196
-1.037163
0.1259154
-1000.543
229.6143
-2378.031
0.932617
Obj_LiftRockWhite_A_01
0
-1.480001
0
-260.9
247.5443
-2192.9
1.0
Obj_Plant_CypressLow_A_02.024
0.006582221
0.09220499
0.427601
-741.043
298.5132
-2205.691
1.044922
Obj_Plant_CypressLow_A_02.025
-1.336275
1.285941
-0.9985672
-495.3404
266.5016
-1909.017
0.9236203
Obj_TreeGhost_A_02.006
0
2.345534
0
-31.5
279.3719
-2408
1.0
Obj_Plant_CypressLow_A_01.031
0.07728849
0.6220204
0.3717823
-887.5608
249.5681
-2230.239
1.062152
Obj_Plant_HopBush_A_01.015
0.03791846
0.5235697
0.3210358
-882.5039
251.372
-2233.684
1.0
Obj_Plant_CypressLow_A_02.026
0.1551548
0.2572585
0.1566833
-905.9531
242.8473
-1997.695
0.963379
Obj_Plant_CypressLow_A_02.027
1.267543
-1.32769
-0.9865844
-771.3828
344.5598
-2543.797
0.911133
Obj_RockSetDeathMt_C_02
-0.1273887
-0.806459
-0.1744284
-574.2207
228.0427
-2970.511
1.0
Obj_RockGray_A_L_01.003
0.1405263
-0.02281469
0.4413877
-748.2468
306.4481
-2303.674
1.0
Obj_Plant_HopBush_A_01.016
0.4785122
0.5280063
0.2632263
-855.8281
228.8018
-1956.254
0.975098
Obj_Plant_CypressLow_A_02.028
-0.3218445
-0.4707819
-0.1602297
-401.2899
296.0111
-1943.371
0.9607203
Obj_RockGray_A_L_03.002
0.7109901
-0.05826762
0.423688
-822.6967
321.0078
-2562.841
1.0
Obj_Plant_CypressLow_A_01.032
0.2135896
-0.610279
0.01445356
-613.3008
237.1828
-1944.043
0.858887
Animal_WildGoat_A
0
0
0
-666.1127
328.2416
-2202.644
1.0
Obj_Plant_CypressLow_A_02.029
0.1922001
0.563766
0.365878
-772.9453
343.3588
-2539.699
0.938965
Obj_RockGray_A_L_03.003
1.404306
-1.052632
-0.8594126
-696.6976
353.8134
-2423.596
1.0
Obj_Plant_CypressLow_A_01.033
-0.4886869
-1.300298
0.2532476
-389.794
291.5985
-1950.366
0.8999999
Obj_TreeGhost_A_04.008
0
2.250965
0
-106.518
280.0092
-2540.258
1.0
Item_Mushroom_L
0
-1.516602
0
-392.5898
253.6634
-2927.113
1.0
Obj_TreeGhost_A_01.018
0
4.265087
0
-17.99997
283.0916
-2129
1.0
Obj_TreeBroadleafLow_Branch_A_02.001
-0.02646628
-0.001680223
-0.1267933
-764.7312
269.0381
-2893.58
1.0
Obj_TreeGhost_A_01.019
0
2.190016
0
-77.99997
280.0214
-2526
1.0
Obj_Plant_HopBush_A_01.017
0.2309989
-0.9373887
-0.08017369
-607.2773
238.0226
-1944.457
1.004883
Obj_TreeGhost_A_01.020
0
0.5050507
0
-51
279.2752
-2478.5
1.0
Obj_Plant_HopBush_A_02.014
0.2318263
-0.88825
-0.01072931
-583.7773
240.4391
-1951.754
0.920898
Obj_TreeConiferous_A_02.002
0
1.224809
0
-513.968
274.0179
-2026.344
1.0
Obj_Plant_HopBush_A_02.015
-0.9297932
-1.429637
0.9153045
-395.0156
282.3228
-2015.348
0.938477
PointWindSetTag
0
0
0
-260
263.5
-2197.3
10
Obj_RockGray_A_L_01.004
0.0929172
-0.07413773
0.4276487
-705.2187
315.3417
-2175.125
1.0
Obj_TreeGhost_A_01.021
0
5.638943
0
-134
280.0474
-2563
1.0
Obj_Plant_CypressLow_A_02.030
0.4284346
0.6885865
0.2783155
-857.6289
242.1424
-1996.41
1.075195
Obj_TreeGhost_A_01.022
0
4.362117
0
-44.99997
279.9985
-2068
1.0
Obj_Plant_CypressLow_A_01.034
0.2064169
0.1162167
0.007064055
-941.3125
226.2564
-1944.246
1.066406
Obj_Plant_HopBush_A_01.018
0.2530827
0.9099224
0.4315078
-521.2891
254.434
-1943.047
1.0
Obj_TreeGhost_A_02.007
0
5.503513
0
-13.5658
277.398
-2431.878
1.0
Obj_Plant_CypressLow_A_01.035
0.09430491
0.8407868
0.2414269
-627.0195
230.7326
-1913.086
0.936523
Obj_TreeGhost_A_04.009
0
3.724431
0
-65.5
277.1964
-2471
1.0
Obj_Plant_CypressLow_A_02.031
0.4562045
0.9550086
0.6018271
-869.3164
264.312
-2321.547
1.016602
Obj_TreeGhost_A_02.008
0
3.913441
0
-49.60309
280.0911
-2575.495
1.0
Obj_Plant_HopBush_A_01.019
0.8155471
1.2553
0.7819249
-802.5872
224.9734
-1939.188
0.9
Obj_RockSetDeathMt_C_04.005
-1.002817
0.8325979
-1.734634
-553.0283
457.7711
-2609.58
1.0
Obj_Plant_CypressLow_A_01.036
-0.2626833
-0.6852509
-0.08270155
-390.5479
292.7627
-1944.516
1.0
Animal_WildGoat_A
0
0
0
-812.576
278.2583
-2275.628
1.0
FldObj_CliffCheeseStone_A_03.003
-2.879499
-1.045863
-2.916541
-288.5293
245.7134
-2226.042
1.0
Animal_WildGoat_A
0
1.451375
0
-757.2448
293.0298
-2217.853
1.0
Obj_TreeGhost_A_01.023
0
4.91581
0
-12.99997
280.0214
-2070
1.0
Obj_RockGray_A_M_06.003
0.2189068
-0.04874169
0.4365589
-750.2677
317.3331
-2375.856
1.0
Obj_Plant_HopBush_A_01.020
0.79934
1.027801
0.7248245
-846.8555
228.3957
-1955.289
0.983398
Obj_TreeGhost_A_04.010
0
3.023233
0
-168.1988
280.0214
-2472.074
1.0
Obj_TreeGhost_A_04.011
0
0.6563898
0
-157.9513
280.4037
-2535.107
1.0
Obj_TreeGhost_A_01.024
0
1.567939
0
-81
277.1322
-2482
1.0
EnvSeEmitPointInsectTemperate
0
-0.6473388
0
-409.2773
280.8281
-2023.563
1.0
Obj_Plant_HopBush_C_01
-0.0132993
-0.3632171
-0.1464921
-165.5742
280.3199
-2528.512
0.920898
FldObj_HyrulePrairieRock_A_02.002
0.06971087
0.8103657
0.3976143
-815.6476
284.9094
-2349.568
1.0
Obj_RockSetDeathMt_C_01.002
-3.01587
-0.9584483
2.644802
-917.7736
307.3286
-2938.892
1.0
Animal_WildGoat_A
0
0
0
-798.009
342.2958
-2576.432
1.0
Obj_RockSetDeathMt_C_04.006
2.090596
-1.290183
-2.475941
-975.812
367.6944
-2946.197
1.2
Obj_Plant_CypressLow_A_02.032
0.07555145
-0.9763279
0.2643714
-886.0652
250.1496
-2231.594
0.9607203
Obj_RockGray_A_L_03.004
-2.790209
0.7015184
-2.189164
-805.2914
288.8308
-2348.278
1.0
Obj_TreeBroadleafLow_Branch_A_01.001
0
0.42
0
-264.6
247.4335
-2197.5
1.0
Obj_RockSetDeathMt_C_03.001
-0.3914471
-0.0153383
-0.6198966
-835.794
290.0378
-2868.112
1.0
Obj_Plant_CypressLow_A_01.037
0.2014273
-0.9359534
0.2118937
-834.4492
278.5785
-2386.324
0.863281
Item_Mushroom_J
0
0.6293945
0
-486.3516
271.4615
-2006.309
1.0
GrassCutTag
0
0
0
-480.5
278.9931
-2036
1.0
Obj_TreeGhost_A_04.012
0
0.7969199
0
-131.0172
279.0773
-2541.572
1.0
Obj_RockSetDeathMt_C_02.001
-2.28287
1.231711
-2.328997
-710.7183
261.8492
-2874.538
1.0
Animal_WildGoat_A
0
0
0
-628.0043
348.7074
-2302.808
1.0
Obj_RockGray_A_L_02.003
0.3455181
-0.9708871
-0.09305547
-790.2177
282.9185
-2214.527
1.0
Area
0
0
0
-480.5
278.9252
-2036
75
Obj_Plant_HopBush_A_02.016
0.002353526
-0.08793849
0.2085936
-520.8342
254.3535
-1938.25
0.95
Item_Mushroom_F
3.141479
-0.6348877
3.141479
-396.3789
282.4671
-2013.766
1.0
Animal_WildGoat_A
0
5.880282
0
-708.0258
317.0968
-2315.573
1.0
Obj_MineralGrain_A_04.001
-2.814378
-0.9129968
-3.127464
-683.5042
258.8133
-2881.932
1.0
Obj_TreeGhost_A_01.025
0
1.605196
0
-21.99997
280.0214
-2540
1.0
Obj_Plant_HopBush_A_01.021
0.2080883
1.211838
0.4931028
-952.933
233.1781
-2282.407
0.8999999
Obj_TreeGhost_A_04.013
0
2.063303
0
-12.5
277.2136
-2420
1.0
Obj_Plant_HopBush_A_01.022
-0.4637428
-0.6364784
0.2145335
-407.2039
297.5309
-1943.346
0.89
Obj_RockGray_A_L_03.005
0.06422145
-0.2286245
0.07056843
-694.5013
316.3074
-2181.764
1.0
Obj_TreeGhost_A_04.014
0
1.963303
0
-5
277.485
-2410
1.0
Obj_RockGray_A_L_02.004
-3.060352
-0.8894932
-2.836791
-777.2503
292.4918
-2242.82
1.0
GrassCutTag
0
0
0
-478
278.2617
-2051
1.0
Obj_TreeGhost_A_01.026
0
0.2199211
0
-52.99997
279.8481
-2186
1.0
Obj_RockSetDeathMt_C_04.007
-2.162719
-1.328294
2.209656
-724.7977
254.3505
-2934.699
1.0
Obj_TreeGhost_A_04.015
0
2.432777
0
-79.88345
280.0214
-2548.847
1.0
TBox_Field_Iron
2.47238
-1.224831
-2.442469
-577.4961
490.6641
-2600.513
1.0
Obj_RockSetGray_A_L_02.003
0.2855725
0.01986547
-0.2620467
-819.5037
273.5441
-2292.074
1.0
Obj_TreeConiferous_A_02.003
0
6.056008
0
-455.1278
278.251
-2033.153
1.0
Obj_Mineral_A_01.003
-0.18
-0.6200001
0
-683.7709
258.4531
-2882.405
1.0
Obj_Mineral_A_01.004
-0.1000697
0.49996
0.07457986
-880.6796
310.1547
-2834.358
1.0
Obj_TreeGhost_A_01.027
0
6.116068
0
-105
277.4466
-2491.5
1.0
Obj_Plant_CypressLow_A_02.033
-0.4719146
-0.6444318
0.1698502
-408.4593
294.2307
-1951.344
0.9
EnvSeEmitPointInsectTemperate
3.141479
0.07397461
3.141479
-38.98828
303.1836
-2981.371
1.0
Obj_TreeGhost_A_02.009
0
3.415128
0
-150.158
279.9183
-2490.722
1.0
Obj_RockSetDeathMt_C_02.002
0
0.52
0
19.96283
367.289
-2836.482
1.2
Obj_Plant_CypressLow_A_02.034
0.1444991
-1.149451
0.1860588
-948.7456
235.442
-2292.766
0.9607203
Obj_Plant_CypressLow_A_02.035
0.0597348
-0.2013368
0.2337493
-997.8633
230.45
-2380.625
1.07666
Obj_TreeGhost_A_04.016
0
0.997958
0
-131.9268
279.9694
-2419.01
1.0
Obj_Plant_CypressLow_A_02.036
0.9606457
-1.198503
-0.8774105
-789.6807
227.4937
-1949.091
0.9607203
Obj_TreeGhost_A_02.010
0
4.978963
0
-66.5
279.1121
-2446
1.0
Obj_Plant_HopBush_A_02.017
0
1.560149
0.3457543
-887.3225
249.7722
-2233.703
0.95
Obj_TreeGhost_A_02.011
0
5.829861
0
-23.5
280.0214
-2506.5
1.0
Obj_Plant_HopBush_A_02.018
-0.3532017
0.4467976
0.1442316
-490.8997
268.7845
-1906.42
0.95
Obj_RockGray_A_M_06.004
0.1063206
-0.01540496
0.2875188
-816.8542
283.8094
-2337.901
1.0
Obj_Plant_HopBush_A_02.019
-0.3300385
1.29207
-0.1245732
-440.6641
280.1911
-1994.242
1.072754
Obj_TreeGhost_A_02.012
0
0.2964656
0
-55
279.7702
-2428.5
1.0
Obj_TreeGhost_A_04.017
0
1.569914
0
-80.51407
278.4328
-2462.87
1.0
Obj_MineralGrain_A_04.002
0.3956248
-0.07219633
-0.5974587
-933.1582
308.5648
-2918.933
1.0
Obj_Plant_CypressLow_A_01.038
0.7722402
-0.9765295
-0.8038099
-633.5781
305.5433
-2126.934
0.885742
Obj_Plant_HopBush_A_02.020
0.0635929
-0.365069
0.20709
-898.0625
244.9192
-2189.125
1.036133
Obj_RockGray_A_L_01.005
0.2655011
-0.03188656
0.2376813
-788.3229
281.5341
-2204.956
1.0
Obj_Plant_HopBush_A_01.023
0.6592929
1.486033
1.055869
-944.3984
236.9411
-2290.316
1.0
Obj_Plant_CypressLow_A_01.039
0.24331
-1.095653
0.1610173
-838.9297
276.7177
-2385.566
1.069336
Obj_RockSetDeathMt_C_01.003
-0.5437139
0.7473574
-0.668859
-844.6053
292.1733
-2865.765
1.0
Obj_Plant_CypressLow_A_02.037
-0.3221978
-0.8269659
0.6238227
-773.5938
287.8167
-2142.594
0.863281
Obj_MineralGrain_A_04.003
-3.113459
0.5843517
2.907732
-783.7867
283.7504
-2862.707
1.0
Item_Mushroom_F
0
1.141479
0
-397.9063
282.2773
-2015.324
1.0
Obj_RockSetDeathMt_C_02.003
-2.54213
0.9962413
-2.647761
-658.2947
252.7583
-2873.644
1.0
Obj_TreeGhost_A_04.018
0
5.998466
0
-161.3527
280.0214
-2433.5
1.0
Obj_Plant_CypressLow_A_02.038
-0.3049373
-1.564727
0.650683
-887.6965
249.6388
-2233.065
0.9607203
Obj_Plant_HopBush_A_02.021
0.264886
0.5903714
0.1142953
-795.8735
225.4644
-1942.032
0.95
Obj_Plant_CypressLow_A_02.039
-0.3063406
-0.270443
0.3686122
-494.3337
266.0049
-1911.835
1.040755
Obj_RockGray_A_L_03.006
0.04972361
0.02280541
0.02249328
-850.1262
263.4905
-2272.779
1.0
Obj_Plant_CypressLow_A_02.040
0.2945995
-0.06625503
-0.03318036
-972.8555
273.1196
-2646.785
0.927246
Obj_Plant_CypressLow_A_01.040
-0.09551705
0.6425564
0.3267257
-721.7266
308.6849
-2167.578
1.050293
Obj_RockSetDeathMt_C_04.008
0.7303522
-0.7859002
-1.357553
-399.3424
380.514
-2710.468
1.0
PointWindSetTag
0
0
0
-265.9
307
-2324.4
1.0
Obj_Plant_CypressLow_A_01.041
-2.900224
-0.4398035
2.73892
-398.4945
295.1969
-1942.817
1.062152
Obj_RockGray_A_L_03.007
-0.02711142
-0.6565869
0.3156397
-765.4149
294.739
-2248.036
1.0
FldObj_CliffCheeseStone_A_03.004
0.2000841
-1.238541
-0.007553757
-293.9834
246.8661
-2184.063
1.0
FldObj_CliffCheeseStone_A_03.005
-0.3833065
1.302239
-0.2973447
-291.082
247.1545
-2215.453
1.0
Obj_TreeGhost_A_04.019
0
4.724848
0
-165.4379
280.0214
-2456.146
1.0
Obj_Plant_CypressLow_A_01.042
0.1965008
-0.89591
0.1695213
-845.1484
262.1043
-2194.453
1.04834
Obj_Plant_HopBush_A_02.022
0.1758342
-0.5857829
-0.05035211
-594.5508
240.0573
-1957.313
1.018066
PointWindSetTag
0
0
0
-352
307
-2117.6
1.0
Obj_TreeGhost_A_04.020
0
5.500709
0
-130.1172
279.8473
-2387.756
1.0
EnvSeEmitPointBirdTemperate
0.3649902
1.270508
1.307007
-42.41016
311.1836
-2983
1.0
Obj_TreeConiferous_A_02.004
0
2.598413
0
-505.1278
278.1012
-2044.153
1.0
Obj_Plant_CypressLow_A_01.043
0.2327222
0.2113029
0.2726762
-605.4766
353.9349
-2309.781
1.097656
FldObj_CliffCheeseStone_A_01.002
-1.184676
-0.095465
0.1501236
-281.013
246.7112
-2166.108
1.0
Obj_RockSetGray_A_L_02.004
-0.1643526
0.8662618
2.619276
-764.567
296.5822
-2261.768
1.0
Obj_Plant_HopBush_A_02.023
0.2658736
1.202436
0.5741777
-935.092
240.8186
-2287.143
0.98
Obj_Plant_CypressLow_A_02.041
0.3255755
-0.4839351
-0.03834261
-713.3281
314.0324
-2305.496
0.904785
Item_Mushroom_L
0
0.31958
0
-393.3281
253.7434
-2931.363
1.0
Obj_Plant_HopBush_A_02.024
0.0999874
0.2111423
0.110534
-589.0078
239.8129
-1951.504
0.900879
Obj_MineralBury_A_01.005
-2.664611
0.762855
-3.052492
-783.6077
284.0515
-2862.637
1.0
Animal_WildGoat_A
0
0.28
0
-773.5994
338.7325
-2518.673
1.0
Obj_Plant_HopBush_B_01.001
-0.1964523
-0.02112322
-0.2135467
-808.2743
275.2494
-2925.198
1.0
Obj_TreeGhost_A_04.021
0
1.750161
0
-83.38583
280.0214
-2563.682
1.0
Obj_RockSetDeathMt_C_01.004
-0.7694317
-0.2954043
-0.006989251
-683.193
254.0074
-2883.487
1.0
Obj_TreeGhost_A_01.028
0
5.231143
0
-9.5
280.0214
-2472.5
1.0
Obj_Plant_HopBush_A_01.024
0.03610631
-0.4617822
0.2946083
-882.5703
251.0885
-2227.773
1.0
Obj_Plant_HopBush_A_01.025
0.04794908
0.6533437
0.2985153
-510.9507
257.0177
-1947.682
0.89
Animal_WildGoat_A
0
0
0
-800.1897
281.5271
-2279.507
1.0
Obj_Plant_CypressLow_A_02.042
-0.07776234
0.6667527
0.2496608
-509.554
257.832
-1939.707
0.9
Obj_RockGray_A_L_03.008
0.01851204
0.00559295
-0.08679615
-798.0432
281.5313
-2244.799
1.0
EnvSeEmitPointBirdTemperate
2.587768
-0.3948975
-2.223511
-818.0508
295.8438
-2403.004
1.0
Obj_TreeGhost_A_04.022
0
3.103303
0
-36
279.5055
-2415.5
1.0
Obj_Plant_CypressLow_A_02.043
-0.01820006
-1.058972
0.3114003
-877.8024
252.5761
-2229.812
0.9236203
Animal_WildGoat_A
0
0
0
-661.5285
330.3018
-2210.471
1.0
Obj_Plant_HopBush_A_02.025
-0.2131379
0.8179849
-0.1979413
-390.1953
282.3436
-2014.375
0.865234
Obj_Plant_CypressLow_A_02.044
0.07226922
0.02691217
0.2305114
-997.2734
230.3969
-2377.621
0.902344
Obj_Plant_CypressLow_A_01.044
-0.2655686
0.03464508
0.3259813
-487.1739
267.4369
-1914.376
1.062152
Obj_RockGray_A_M_06.005
0.1898931
-0.02279314
0.2382187
-782.5784
284.0714
-2213.401
1.0
Obj_TreeGhost_A_04.023
0
3.600157
0
-52.90662
279.2625
-2416.44
1.0
Obj_RockSetDeathMt_C_05.001
0.0106101
0.001028246
-0.1932188
-622.1962
237.143
-2920.222
1.0
Obj_TreeGhost_A_04.024
0
5.648272
0
-94
279.8876
-2459
1.0
Obj_RockGray_A_L_03.009
0.4150517
-0.7836225
-0.06865437
-815.0015
284.6712
-2366.856
1.0
EnvSeEmitPointInsectTemperate
0.6165771
1.062012
0.9582519
-420.2773
231.1719
-2966.504
1.0
Obj_Plant_CypressLow_A_01.045
0.2410939
-1.034925
0.1622712
-854.0469
260.2946
-2204.504
1.094727
Animal_WildGoat_A
0
0
0
-802.6877
280.4041
-2273.367
1.0
Item_Plant_O
-3.029175
1.106812
1.692383
-943.2031
341.5234
-2974.043
1.0
Obj_Plant_HopBush_A_01.026
-0.1657744
0.9624903
-0.02140956
-428.2734
281.306
-2005.477
1.004883
Obj_RockGray_A_M_06.006
0.00114082
-0.0002600498
0.4482406
-832.005
269.2914
-2230.927
1.0
Obj_Plant_HopBush_A_01.027
0.04548306
0.8076195
0.3542965
-878.9084
252.0338
-2222.939
0.89
Obj_RockSetDeathMt_C_04.009
1.137453
-0.6639867
-1.2581
-362.172
378.9456
-2734.419
1.0
Obj_RockSetDeathMt_C_04.010
0.3038686
0.03340606
-0.2255733
-930.2643
300.2278
-2904.403
1.0
Obj_RockSetDeathMt_C_01.005
0.1671304
-0.2802625
-0.02473641
-639.3135
239.601
-2928.413
1.0
Obj_RockSetDeathMt_C_03.002
-0.302349
0.05854293
0.2314901
-965.1669
297.8928
-2838.123
1.0
Obj_RockSetGray_A_L_02.005
-0.06934701
-0.01496428
-0.04489991
-812.3729
274.4828
-2252.082
1.0
Obj_Plant_HopBush_A_02.026
-0.2095472
0.05488655
-0.1436836
-397.155
292.6183
-1952.601
0.95
Enemy_Giant_Middle
0
-1.540002
0
-480.5544
278.9875
-2039.64
1.0
Obj_TreeGhost_A_02.013
0
5.200446
0
-132.2115
280.0458
-2400.82
1.0
Obj_Plant_CypressLow_A_02.045
0.0847498
0.8026484
0.357395
-886.9816
249.4024
-2222.334
0.9
Obj_Plant_CypressLow_A_01.046
-1.231541
-1.531076
1.625895
-755.0664
293.0384
-2146.988
1.038086
Obj_Plant_CypressLow_A_02.046
0.001933147
-0.895232
0.3478622
-760.8828
290.588
-2151.07
0.98291
EnvSeEmitPointBirdTemperate
0.4552002
0.4759521
-0.1782227
-814.2461
347.6836
-2565.77
1.0
Obj_Plant_HopBush_A_01.028
0.4491419
-0.7846681
-0.2813477
-785.0352
226.9899
-1946.805
1.0
Obj_Plant_CypressLow_A_01.047
0.3093702
-0.187161
-0.01103675
-788.7272
227.4643
-1948.848
1.062152
Obj_Plant_HopBush_A_01.029
0.08426971
-0.6421121
0.3477717
-944.6446
236.7957
-2289.605
1.0
Obj_MineralGrain_A_04.004
-2.836164
-0.2545631
2.352396
-911.3285
305.7458
-2943.426
1.0
Obj_Plant_HopBush_A_01.030
-0.3020722
-0.5502188
0.01280943
-382.1484
289.6993
-1955.234
0.959961
Obj_TreeGhost_A_01.029
0
1.125253
0
-48.99997
279.9365
-2211
1.0
Obj_TreeGhost_A_04.025
0
4.340333
0
-158.1397
279.9961
-2493.678
1.0
Obj_Plant_CypressLow_A_02.047
0.4491267
-0.7825763
-0.2800529
-780.806
226.1187
-1943.639
0.9236203
Obj_Plant_CypressLow_A_01.048
0.2709649
0.4777373
0.1995506
-519.6681
255.7775
-1948.056
1.062152
Obj_Plant_CypressLow_A_02.048
0.03836288
-0.6347548
0.4297326
-941.1254
238.2092
-2285.666
0.9236203
Obj_TreeGhost_A_04.026
0
0.2284425
0
-22.80057
277.3284
-2426.338
1.0
Obj_Plant_CypressLow_A_01.049
0.02509975
-0.09502182
0.3856564
-939.1145
239.0572
-2282.888
1.0
Obj_TreeGhost_A_02.014
0
3.945534
0
-50
278.4661
-2408.5
1.0
Obj_TreeGhost_A_01.030
0
3.568425
0
-39.99997
280.0092
-2039
1.0
Obj_Plant_HopBush_A_02.027
0.1781256
-0.356779
0.02148619
-607.6836
238.6935
-1949.105
0.962891
Obj_MineralGrain_A_04.005
1.045705
-1.063075
-0.8997653
-870.637
308.0896
-2843.136
1.0
Obj_Plant_HopBush_A_01.031
-0.03132498
-1.193466
0.2341566
-948.2383
245.9976
-2502.367
1.057129
Animal_WildGoat_A
0
0
0
-768.3718
339.2435
-2516.355
1.0
FldObj_CliffCheeseStone_A_03.006
-0.115657
-0.5270608
-0.05755865
-249.33
248.4519
-2236.288
1.0
Obj_Plant_CypressLow_A_02.049
0.09493485
0.9867592
0.518762
-938.2405
239.8994
-2291.716
0.9607202
Obj_Plant_CypressLow_A_01.050
0.4504549
-0.2645581
-0.01366133
-649.1758
269.2977
-2045.684
0.949707
Obj_Plant_HopBush_A_02.028
-0.4020865
1.315749
-0.336353
-415.4961
282.4825
-2001.742
0.994629
Obj_Plant_CypressLow_A_01.051
0.08903097
0.2408581
0.3329841
-926.3906
241.3326
-2272.094
0.947266
Obj_TreeBroadleafLow_Branch_A_02.002
0
0.4066262
0
-258.4
247.4559
-2195.4
1.0
Obj_RockSetDeathMt_C_04.011
-2.378917
-1.323502
1.854968
-872.859
293.6069
-2934.838
1.0
Obj_TreeConiferous_A_02.005
0
2.054102
0
-450.5564
279.1555
-2018.244
1.0
Obj_TreeGhost_A_01.031
0
3.843673
0
-103
279.5015
-2523
1.0
Obj_TreeGhost_A_02.015
0
2.8924
0
-41.22073
278.8012
-2466.614
1.0
Obj_TreeGhost_A_01.032
0
4.430456
0
-145
278.4409
-2528
1.0
Obj_TreeConiferous_A_02.006
0
4.732363
0
-496.1278
274.3229
-2020.153
1.0
Obj_TreeDeadLeaf_A_LL_01
0
-1.919998
0
-260.5
247.4394
-2198.4
1.0
Obj_TreeGhost_A_04.027
0
1.265047
0
-159.2805
279.9614
-2482.859
1.0
Item_Mushroom_L
3.141479
-0.586914
3.141479
-159.9803
280.4964
-2532.82
1.0
Obj_Plant_HopBush_A_02.029
-0.1444219
0.5253478
-0.2366174
-375.6094
284.6972
-1966.199
1.021973
Obj_Plant_CypressLow_A_01.052
0.7446749
-1.020673
-0.6536309
-854.3281
226.0403
-1949.613
1.016602
Obj_RockGray_A_L_02.005
-0.02160715
1.17441
0.3270149
-693.6175
318.3411
-2192.033
1.0
Obj_Plant_HopBush_A_01.032
0.1027062
-1.067345
0.1911049
-882.6484
251.2344
-2231.914
1.0
Obj_TreeConiferousSnowFallenTree_A_M_01.001
1.034404
0.9791142
0.9492111
-42.39182
303.308
-2981.942
1.0
Obj_Plant_CypressLow_A_01.053
-0.03906487
-1.165067
0.3114256
-877.678
252.5871
-2231.578
1.062152
Obj_Plant_HopBush_C_02.001
0
-0.1403808
0
-175.2383
280.035
-2466.871
1.046387
FldObj_CliffCheeseStone_A_03.007
-2.935194
1.062503
-3.076611
-232.8408
247.1411
-2220.177
1.0
Obj_RockSetDeathMt_C_04.012
-0.4069557
-0.744776
-0.5982857
-992.7007
369.3331
-3010.357
1.2
Obj_Plant_HopBush_A_01.033
0.2185916
0.9798088
0.580837
-922.6797
243.1987
-2276.434
1.025879
Obj_RockGray_A_M_06.007
-0.00378491
0.001020815
0.5268761
-852.6467
264.5098
-2265.8
1.0
Obj_Plant_HopBush_A_01.034
0.06642297
-0.137091
0.1776751
-899.2188
244.9976
-2194.734
0.962402
Obj_Plant_CypressLow_A_02.050
0.444315
0.2193372
0.1393385
-732.5234
253.3989
-2008.977
1.068359
Animal_WildGoat_A
0
4.517972
0
-861.0088
254.5878
-2141.104
1.0
Obj_Plant_CypressLow_A_01.054
0.2506647
1.251518
0.515607
-951.6969
234.4363
-2291.803
0.8999999
Obj_Plant_CypressLow_A_02.051
0.8927302
1.226774
0.8630595
-786.25
223.6382
-1935.969
0.9
Obj_Mineral_A_01.005
0
-0.4800002
0
-933.3929
308.2151
-2918.58
1.0
Obj_TreeGhost_A_04.028
0
0.1590707
0
-114.8896
280.0453
-2399.949
1.0
FldObj_CliffCheeseStone_A_03.008
0.2307508
-0.007757447
0.06691335
-242.482
245.5156
-2160.693
1.0
Obj_TreeGhost_A_01.033
0
1.932517
0
-18.5
280.0214
-2486
1.0
Item_Mushroom_F
0
0.4036865
0
-145.1015
278.5548
-2531.289
1.0
Obj_TreeGhost_A_04.029
0
1.116361
0
-70
279.8506
-2438.5
1.0
Obj_MineralBury_A_01.006
3.052955
-0.5061375
-2.74662
-871.4924
308.3157
-2842.762
1.0
Obj_RockGray_A_L_03.010
-0.1808576
-0.05378585
3.003232
-734.5092
320.6058
-2342.246
1.0
Obj_TreeGhost_A_02.016
0
2.796662
0
-4.5
280.0214
-2488.5
1.0
Animal_WildGoat_A
0
3.362627
0
-712.1249
314.2178
-2305.529
1.0
PointWindSetTag
0
0
0
-386.1
307
-2197
1.0
Obj_RockGray_A_L_02.006
2.563898
1.16149
3.082555
-743.4233
309.1989
-2309.814
1.0
Obj_Plant_HopBush_A_01.035
0.9620191
1.18786
0.960345
-782.2465
225.8654
-1943.006
0.89
Obj_Plant_CypressLow_A_02.052
0.04141562
-0.4600747
0.2831527
-879.7828
251.7609
-2223.286
0.9236203
Obj_Plant_CypressLow_A_01.055
0.152138
1.216961
0.4871935
-947.9821
235.9137
-2296.385
1.0
Obj_TreeBroadleafLow_Branch_A_01.002
-0.124717
-0.007780881
-0.1244545
-767.3022
269.6278
-2890.926
1.0
Obj_RockSetDeathMt_C_04.013
-0.6374174
-0.3488431
0.312787
-786.5916
272.9757
-2882.526
1.0
Obj_Plant_CypressLow_A_02.053
-0.05802481
-0.9083372
0.4257514
-738.3672
301.2283
-2127.031
1.083008
Obj_MineralGrain_A_04.006
-2.043101
-0.7513499
1.950298
-880.3071
309.6668
-2834.639
1.0
Obj_TreeGhost_A_01.034
0
0.9963647
0
-38.99997
278.7261
-2427
1.0
Obj_Plant_HopBush_A_01.036
-1.185023
-1.486174
1.203607
-391.6484
284.53
-1995.961
0.944824