UnitConfigName/__text
Rotate/value/0
Rotate/value/1
Rotate/value/2
Translate/value/0
Translate/value/1
Translate/value/2
_Scale
PlayerForbidHangTag
0
0
0
-959.8135
379.7776
2582.783
1.0
LinkTagAnd
-1.465374
0.7909791
2.837019
-10.53699
134.9549
2575.772
1.0
LinkTagNAnd
0
0
0
-957.3
194
2345
1.0
Obj_DiaryKing_A_01
0
-2.094395
0
-784.7
194.4163
2253.5
1.0
LinkTagAnd
0
1.56159
0
-31.71005
233
2950.68
1.0
DragonDropItemTarget
0
0
0
-499.4063
90.00381
2736.008
1.0
FldObj_CliffWhiteEdgeParts_A_04_Far
0
0.08000018
0
-795.8134
190
2325.912
1.0
Enemy_Bokoblin_Junior
0
-0.5999998
0
-853.2593
239.6948
2748.381
1.0
FldObj_CliffGashamahi_A_01
-2.066261
-1.366653
0.1187024
-709.7006
195.7549
2753.26
1.0
BattleBgmRequestFinishTag
0
0.05999999
0
-875.8578
199.2244
2215.051
1.0
LinkTagAnd
0
0
0
-413.5958
201.1877
2095.896
1.0
FldObj_RockDislocation_D_01
0
0.14
-0.4799998
58.96899
158.5796
2917.079
1.0
Enemy_Bokoblin_Junior
0
-0.7253982
0
-892.954
179.4073
2214.578
1.0
FldObj_RockDislocation_D_01.001
-3.102219
-0.1360438
2.85891
-57.10162
167.861
2866.163
1.0
FldObj_CliffGashamahi_A_03
1.583427
1.138402
-3.139534
-829.2122
252.149
2634.133
1.0
LinkTagNone
0
0
0
-903.0802
179.4704
2214.99
1.0
KibakoDesert_Contain_01
0
2.470797
0
-87.31381
145
2365.566
1.0
DragonDropItemTarget
0
0
0
-581.6875
90.00381
2560.633
1.0
FldObj_CliffGashamahi_A_05
-1.815679
0.800427
0.005964044
-425.8302
75.36871
2538.189
1.0
LinkTagOr
-1.570796
0
0
-461.718
94.20695
2896.236
1.0
LinkTagOr
0
0
0
-805
195
2257
1.0
KibakoDesert_Contain_01
0
-0.6107959
0
-84.81152
145
2364.889
1.0
LinkTagAnd
0
0
0
-668.7503
91.9506
2392.704
1.0
Area
0
0
0
-892.9547
168
2282.292
1.0
PlayerForbidHangTag
0
0
0
-839.5713
342.098
2496.197
1.0
TwnObj_HunterHouseLamp_A_02
0
4.712389
0
-791.1053
196.2116
2253.787
1.0
LinkTagAnd
0
-3.141593
0
-935.03
272.8397
2316.229
1.0
LinkTagOr
0
0
0
-65.74554
126.5046
2440.657
1.0
LinkTagOr
0
0.5417855
0
-855.5594
189.688
2278.575
1.0
LinkTagAnd
0
0
0
-34.79211
280.4806
2961.601
0.5
EnemyLookTag
0
-0.12
0
-12.99219
178.0753
2879.573
1.0
Item_Fruit_I
0
2.823392
0
-977.5347
249.6922
2025.783
1.0
Obj_TreeApple_A_M_01
0
0
0
-741.5228
190.1032
2183.559
1.0
LinkTagNone
0
0
0
-644.5711
189.7127
2189.61
1.0
PosAfterDemoSkip
0
1.748456E-07
0
-924.9303
274.1685
2314.363
1.0
FldObj_MountainLakeHylia_A_01
0
-2.859999
0
-429.5522
77.81042
3042.984
1.0
LinkTagAnd
0
-0.5231856
0
-22.21991
233
2967.042
1.0
FldObj_HyliaBridge_A_02_Far
0
-2.790799
0
1.078033
145.0145
2623.095
1.0
EnemyLookTag
0
0.4
0
-156.1719
179.0938
3015.07
1.0
FldObj_RockDislocation_D_03
-3.135012
-0.4687804
3.119692
-4.505035
177.1387
2877.875
1.0
FldObj_CliffGashamahi_A_05.001
1.670948
-0.4235035
2.418531
-518.8853
125.6375
2916.575
1.0
FldObj_CliffWhiteEdgeParts_A_03_Far
0
-0.3292035
0
-978.6589
190
2342.98
1.0
LinkTagAnd
0
0
0
-31.81555
210.6182
2961.601
1.0
FldObj_RockDislocation_D_03.001
-2.486223
0.6424679
-2.673801
16.30695
162.9151
2837.224
1.0
EventTag
0
-3.081593
0
-895.6802
199.2507
2217.24
1.0
FldObj_MapTowerStairWood_A_01
0
2.599999
0
-31.83282
219
2961.583
1.0
Area
0
-2.191195
0
-924.5289
272.968
2310.805
20
LinkTagOr
0
0
0
-38.91052
195.6334
2904.836
1.0
LinkTagOr
0
0
0
-400.32
106.1
2557.27
1.0
LinkTagAnd
0
1.56159
0
-31.71857
261
2950.499
1.0
CollaboShootingStarArea
0
0
0
-44
145.0145
2496
1.0
FldObj_RockDislocation_D_01_Far
-2.8172
0.4610842
3.007266
-36.42627
180.2297
2900.893
1.0
FireWood
0
0.05999999
0
-897.5555
179.4229
2219.446
1.0
FldObj_MountainLakeHylia_A_03
-3.135112
-0.8473635
-3.12024
-124.2747
80.86208
2726.964
1.0
TwnObj_TempleOfTime_Wall_B_04
0
0.0782082
0
-565.0504
130.811
2105.072
1.0
Area
0
-2.497552
0
-932.4336
273.4177
2319.06
17
Area
0
0
0
-802
193.155
2263
1.0
Obj_RaftWoodSail_A_S_01
0
1.087294
0
-213.9194
90.00382
2309.803
1.0
FldObj_MapTowerStairWood_A_01_Far
0
0.5199998
0
-31.83527
247
2961.566
1.0
LinkTagOr
0
0.5417855
0
-911.3881
190.2297
2322.215
1.0
TwnObj_TempleOfTime_Wall_B_01
0
0.5690995
0
-714.294
138.5055
2310.044
1.0
FldObj_RockDislocation_D_01_Far.001
0
0.14
-0.4799998
58.96899
158.5796
2917.079
1.0
LinkTagAnd
0
0
0
-32.37024
280.4509
2963.491
0.5
LinkTagNAnd
0
0
0
-772.6016
214
2096.766
3
FldObj_CliffGashamahi_A_05.002
2.465703
0.9681654
2.781181
-663.4468
159.1026
2625.49
1.0
FldObj_HyliaBridge_A_02
0
-2.790799
0
1.078033
145.0145
2623.095
1.0
PlayerForbidHangTag
0
0
0
-845.4852
300.4292
2294.457
1.0
LinkTagAnd
0
0
0
-334.3477
67.44113
2597.28
1.0
DragonDropItemTarget
0
0
0
-344.9922
90.00381
2455
1.0
FldObj_RockDislocation_D_03_Far
-0.488573
-0.08852083
0.1440438
-42.47092
192.9559
2896.366
1.0
FldObj_CliffWhiteWall_A_05_Far
2.377277
-0.2393081
-2.975661
-937.2781
233.4658
2610.286
1.0
FldObj_CliffGashamahi_A_03_Far
1.583427
1.138402
-3.139534
-829.2122
252.149
2634.133
1.0
LinkTagOr
0
0
0
-742.1222
190.1032
2187.031
1.0
LinkTagAnd
0
0
0
-80.5
145.0145
2420
1.0
LinkTagAnd
0
0
0
-757.5
195
2263.5
1.0
FldObj_FirstGateSnowEntrance_A_01_Far
3.141593
1.570796
3.141593
-981.9872
247.9314
2017.427
1.0
LinkTagAnd
0
0
0
-892.0386
184.1729
2219.869
5
Area
0
0
0
-862.5
189.92
2293.05
4
LinkTagNAnd
0
-3.141593
0
-926.5303
286.6685
2319.229
0.6
LocationTag
0
0
0
-334.3477
67.44113
2597.28
1.0
FldObj_CliffGashamahi_A_03.001
-1.103315
-0.5947651
-0.3060887
-685.3384
239.513
2989.631
1.0
LinkTagAnd
0
0
0
-816.457
193.132
2139.173
3
FldObj_CliffGashamahi_A_01_Far
-0.8922629
-1.122256
-0.8233792
-718.3558
200.8376
2757.558
1.0
LinkTagAnd
0
0
0
-784
195
2240
1.0
FldObj_CliffWhiteBroken_A_03_Far
0
0
0
15.25922
167.4492
2987.318
1.0
FldObj_MapTowerStairWood_A_01.001
0
0.5199998
0
-31.83527
247
2961.566
1.0
Obj_TreeApple_A_M_01.001
0
0.5417855
0
-856.8365
189.688
2275.291
1.0
LinkTagNAnd
0
0
0
-792.5
200
2255
1.0
LinkTagOr
0
0
0
-39.5325
155.2867
2513.643
1.0
AreaCulling_InnerHide
0
0.223518
0
41.68182
172.5029
2991.467
1.0
Area
0
-1.579999
0
-780.6497
195
2258.621
1.0
LinkTagNAnd
0
0
0
-776.1364
269.8148
2133.179
3
LinkTagAnd
0
0.05999999
0
-878.7057
179.2664
2216.369
1.0
LinkTagAnd
0
-2.919999
0
128.0303
95.14844
2710.938
1.0
FldObj_CliffWhiteParts_A_06_Far
-0.2428171
-1.220492
0.8718728
-843.6605
134.6927
2313.042
1.15
LinkTagAnd
0
0
0
-31.81561
280.4806
2961.601
1.0
FldObj_CliffGashamahi_A_05.003
2.38885
0.2936778
2.848573
-696.6859
161.4561
2572.318
1.0
Obj_ShieldFenceWood_A_M_02
0.1745329
-1.570796
0
-926.2
179.3
2208.4
1.0
FldObj_CliffGashamahi_A_03_Far.001
1.7756
1.243315
2.868549
-962.3594
268.2952
2614.554
1.0
BottomTag
0
-5.960464E-08
0
-846.5853
337.6459
2500.2
1.0
FldObj_MountainLakeHylia_A_01_Far
0
-2.859999
0
-429.5522
77.81042
3042.984
1.0
ActorObserverTag
0
0
0
195.3586
90.98733
2595.981
1.0
FldObj_RockDislocation_D_01.002
-0.4208069
0.7971113
-0.5926726
-43.61182
188.353
2903.624
1.0
SwitchTimeLag
1.570796
1.220003
3.141593
-69.78955
94.39095
2334.329
0.5
LinkTagOr
0
3.02319
0
-12.96866
122.2731
2586.262
1.0
Item_Fruit_A
0
0
0
-200.6902
175.3428
2987.159
1.0
Obj_Plant_Korok_A_01
-1.629985
-0.4912579
-0.1283581
-10.69836
129.9953
2581.496
1.0
FldObj_CliffWhiteParts_A_06_Far.001
0.5
-0.36
0
-866.2574
141.7364
2229.533
1.0
Area
0
0
0
-775
181.4
2133
80
LinkTagOr
2.984679
-1.500063
-2.865571
-925.6055
236.6907
2937.413
1.0
LinkTagAnd
0
-2.191195
0
-928.5972
272.968
2307.898
1.0
Enemy_AirOctarock
0
-0.1638045
0
-78.19717
158.5547
2387.856
1.0
FldObj_MountainLakeHylia_A_05_Far
-2.940483
0.3588718
3.12522
-362.407
75.27917
2933.989
1.0
Item_Fruit_A
0
0.5417855
0
-907.2563
195.4797
2328.09
1.0
Obj_BoxIron_A_M_01
0
-0.7853982
0
211.9127
86.59116
2609.689
0.8
FldObj_HyliaStoneRuinGate_A_01_Far
0
2.094395
0
-690.5305
136.9445
2311.473
1.3
LinkTagAnd
0
0
0
-37.40747
161.8359
2518.481
1.0
LinkTagAnd
0
1.080001
0
-55.01053
131.4469
2492.881
1.0
FldObj_MapTowerStairWood_A_01.002
0
-0.4831856
0
-31.96011
261
2961.605
1.0
FldObj_CliffGashamahi_A_03.002
2.365115
-0.3231918
2.934655
-856.9962
138.1421
2423.247
1.0
Enemy_Bokoblin_Middle
0
0
0
-181.4999
174.5583
3009.836
1.0
Obj_Plant_ChiliPepper_A_01
0
-0.32
0
-985.1968
250.8029
2009.003
1.0
Item_Fruit_A
0
0
0
-38.39996
200.8834
2912
1.0
LinkTagNAnd
0
0
0
-117.9772
189.0659
2306.464
2
FldObj_RockDislocation_D_01.003
-2.800186
-0.4630981
2.660347
-85.53378
188.5678
2928.721
1.0
LinkTagNone
0
0
0
-944
275.5
2327
1.0
Enemy_Lizalfos_Junior
0
-2.84
0
-21.85739
170.4983
2872.443
1.0
FldObj_CliffWhiteTop_A_01
0
0.7599999
0
-963.2297
246.5883
2069.25
1.0
LinkTagAnd
0
0
0
195.3586
90.98733
2595.981
1.0
FldObj_CliffWhite_A_S_01_Far
0.1573888
0.4972163
-0.08600027
-631.8701
80.91621
2386.35
1.0
LinkTagNAnd
-1.465374
0.7909791
2.837019
-9.195435
134.5332
2577.195
1.0
TwnObj_TempleOfTime_Wall_B_02_Far
0
0.8308989
0
-668.404
138.5055
2271.391
1.0
Area
0
-1.66
0
-827.9
188.3
2143.4
30
FldObj_CliffGashamahi_A_04
2.207203
0.3189449
2.75167
-795.0231
250.1012
2629.432
1.0
Obj_EyeBolt_A_01
0
-1.094368
0
-396.9518
90.80381
2633.03
1.0
LinkTagOr
0
-1.459999
0
-609.7518
97.74519
2391.149
1.0
FldObj_CliffWhiteBroken_A_05
-2.742452
0.7817379
-3.036727
-10.06561
191.2103
2933.241
1.0
LinkTagNone
0
0
0
-12.54587
177.95
2876.631
1.0
BottomTag
0
-5.960464E-08
0
-621.2477
274.0163
2402.029
1.0
LinkTagOr
0
-0.32
0
-984.0435
250.8029
2007.21
1.0
FldObj_CliffGashamahi_A_04_Far
1.837075
1.242949
3.008738
-913.3795
230.4536
2977.376
1.0
FldObj_RockDislocation_D_01.004
0.06694905
0.1485972
-0.4369719
-12.30585
205.4088
2972.316
1.0
LinkTagNone
0
0
0
-58.37497
172.152
2867.105
1.0
FldObj_CliffGashamahi_A_06_Far
1.599537
0.3600168
3.140345
-352.6314
82.35437
2638.615
1.0
FldObj_MountainLakeHylia_A_04
-2.961593
0.1984076
-3.141592
-188.6385
89.47417
2800.86
1.098079
Enemy_Bokoblin_Middle
0
2.179999
0
65.0625
151.5356
2836.762
1.0
LinkTagAnd
0
0
0
-652.6
189.9174
2189.4
1.0
Obj_BoxIron_A_M_01.001
0
-0.7853982
0
216.444
86.59116
2605.189
0.8
Item_Fruit_A
0
0
0
-38.39996
200.6334
2911.05
1.0
FldObj_CliffWhiteEdgeParts_A_03_Far.001
0
-0.3292035
0
-965.2761
190
2347.553
1.0
FldObj_CliffGashamahi_A_03.003
-0.6087241
-1.164816
-0.7838725
-316.595
78.88168
2640.64
1.0
FidObj_TorchStand_A_01
0
0
0
-791.5001
193
2259.45
1.0
Area
0
0
0
-38.98251
144.8438
2513.643
30
ChangeWeatherTag
0
0
0
-31.81555
326.2986
2961.601
1.0
Item_Fruit_A
0
0.5417855
0
-907.7462
195.2297
2327.276
1.0
FldObj_CliffGashamahi_A_03.004
-1.166295
1.364767
0.4012994
-371.8653
77.96352
2685.542
1.0
DragonDropItemTarget
0
0
0
-60.42966
90.00381
2668.18
1.0
FldObj_CliffWhiteEdgeParts_A_03_Far.002
0
-1.632388
0
-867.3455
190
2292.849
1.0
FldObj_CliffWhiteEdgeParts_A_03
0
-1.492388
0
-866.2888
190.0078
2258.871
1.0
Enemy_Bokoblin_Junior
0
0.4
0
-157.5819
178.8664
3011.969
1.0
Npc_HiddenKorokGround
0
-3.021592
0
-468.6423
98.70972
2908.232
1.0
DgnObj_DungeonEntrance_A_01_Far
0
-3.141593
0
-925.0303
273.1685
2321.229
1.0
FldObj_CliffWhiteEdgeParts_A_03.001
0
-0.3292035
0
-991.366
189.3125
2339.898
1.0
FldObj_CliffGashamahi_A_01_Far.001
-2.117262
-1.033526
0.4815284
202.1098
76.16626
2645.431
1.0
Enemy_Lizalfos_Junior
0
2.24
0
-7.148407
181.3871
2911.578
1.0
LinkTagAnd
0
-3.141593
0
-915.03
272.8396
2301.229
1.0
FldObj_MountainLakeHylia_A_03_Far
-3.036294
-0.6273673
-3.118493
-253.8185
81.95424
2796.481
1.054155
FldObj_MountainLakeHylia_A_05
-3.070556
0.2869566
3.037838
-17.65689
82.33016
2676.521
1.0
LinkTagAnd
0
0
0
-757.5
195
2266.5
1.0
LinkTagAnd
0
0
0
-791.0175
196.3148
2134.496
3
FldObj_CliffGashamahi_A_01_Far.002
1.776978
-0.4375201
2.696395
-533.861
167.9444
2973.792
1.0
LinkTagAnd
0
0
0
-862.65
192
2290
1.0
LinkTagAnd
0
0
0
-792.5
200
2253
1.0
LinkTagAnd
0
-1.583188
0
-31.95322
219
2972.463
1.0
TwnObj_TempleOfTime_Wall_B_01_Far
0
0.5690995
0
-714.294
138.5055
2310.044
1.0
LinkTagOr
0
0
0
-775
195
2265
1.0
FldObj_CliffWhiteParts_A_03_Far
-0.3928377
-0.9883554
0.3695274
-866.7556
166.5206
2242.231
1.0
AirOcta_Tag
0
-0.5235988
0
-89
159.5
2425.5
1.0
Enemy_Bokoblin_Middle
0
2.1
0
55.34961
164.7436
2860.301
1.0
Area
0
0
0
-776
189.8
2133.5
90
FldObj_MountainLakeHylia_A_03.001
-2.961593
1.380004
-3.141592
-571.134
91.29404
2618.099
1.06609
FldObj_CliffGashamahi_A_04_Far.001
0
-1.04
0
-302.6838
100.2527
2580.967
1.0
LinkTagOr
0
1.561596
0
-674.4264
91.77316
2394.792
1.0
FldObj_CliffGashamahi_A_03.005
-2.24335
0.9599826
-0.9989188
-620.3244
221.305
2991.549
1.0
FldObj_CliffWhite_A_S_01_Far.001
3.096637
-0.5169099
-2.902808
-614.921
83.56827
2389.431
1.0
FldObj_RockDislocation_D_03.002
-0.488573
-0.08852083
0.1440438
-42.47092
192.9559
2896.366
1.0
Item_CookSet
0
0
0
-804.5
193.2351
2262.8
1.0
PlayerInAreaAutoEnemyForbidTag
0
-3.141593
0
-925.03
272.8397
2291.229
1.0
Enemy_Bokoblin_Junior
0
-0.7418007
0
-756
189.7
2166.2
1.0
LinkTagAnd
0
0
0
-960.2
193.7
2344.8
1.0
FldObj_MountainLakeHylia_A_05_Far.001
0
-2.894532
0
-307.8353
87.75618
2893.495
1.0
LinkTagAnd
0
0
0
-928.5703
266.824
2321.728
1.0
Item_Fruit_A
0
2.32
0
7.739777
199.8084
2957.882
1.0
Enemy_Lizalfos_Junior
0
-2.84
0
-25.91016
145.0145
2497.766
1.0
LinkTagOr
0
1.080001
0
-54.53964
131.4469
2491.999
1.0
Area
0
-1.6
0
-406.5714
163
2062.219
1.0
FldObj_CliffGashamahi_A_03.006
-1.30785
0.2058412
-0.2738642
-909.6884
233.5835
2784.371
1.0
DgnObj_DungeonEntrance_A_01
0
-3.141593
0
-925.0303
273.1685
2321.229
1.0
LinkTagOr
0
-1.659999
0
-819.9556
193.8
2155.543
3
FldObj_CliffGashamahi_A_01.001
-0.9647914
-1.141479
-0.6378239
-924.5312
261.1586
2630.402
1.0
GrassCutTag
0
0.6800001
0
-656.8474
189.9982
2184.349
1.0
LinkTagAnd
0
0
0
-836.5465
336.5212
2495.882
1.0
LinkTagAnd
0
-2.919999
0
126
99
2710.5
1.0
FldObj_CliffGashamahi_A_05.004
1.719367
-0.6742892
2.31161
-547.1002
156.4891
2949.989
1.0
DragonDropItemTarget
0
0
0
-465.3516
90.00381
2516.828
1.0
FldObj_MountainLakeHylia_A_03.002
-0.2507681
0.8379369
-0.2145509
-562.2866
112.9102
2754.865
1.06609
FldObj_HyliaStoneRuinDebris_A_01_Far
-2.84189
0.9015385
2.932075
-663.5384
139.777
2266.732
1.0
Obj_Plant_Korok_A_01.001
1.426091
-0.4675204
-2.997841
-11.9613
120.7097
2582.161
1.0
Item_Fruit_I
0
-2.879793
0
-978.9214
250.0055
2025.307
1.0
LinkTagNone
0
0
0
-78.38174
145.0145
2420.666
1.0
BoarMeat
0
0.05999999
0
-897.5555
179.4229
2219.446
1.0
FldObj_CliffGashamahi_A_01_Far.003
-0.9647914
-1.141479
-0.6378239
-924.5312
261.1586
2630.402
1.0
ActorObserverTag
0
0.04
0
-468.872
98.27178
2908.558
1.0
Area
0
1.570796
0
-784.5
191
2256
6
DragonDropItemTarget
0
0
0
-237.9141
90.00381
2296.367
1.0
LinkTagAnd
0
-3.141593
0
-923.5303
274.1685
2315.229
0.3
LinkTagOr
0
1.520004
0
-792.064
203.8972
2257.772
1.0
LinkTagOr
-1.437421
0.4113796
-3.092485
-4.602112
143.1765
2577.396
1.0
LinkTagAnd
0
0
0
-943
288
2298.5
1.0
LinkTagAnd
0
-1.220003
0
-68.19223
93.89095
2332.147
1.0
LinkTagAnd
0
0
0
-746.1951
193.6759
2151.437
3
LinkTagAnd
0
0
0
-751.9998
192.9884
2133.015
3
FldObj_CliffWhiteParts_A_06_Far.002
0.4055527
-0.2977762
-0.03701441
-894.2049
129.1416
2227.554
1.2
FldObj_CliffGashamahi_A_01.002
-0.3391034
1.278014
1.022721
-671.2373
172.1948
2693.301
1.0
LinkTagAnd
0
0
0
-763.9766
214
2098
3
Enemy_Bokoblin_Middle
0
1.42
0
67.23926
152.7819
2875.843
1.0
Area
0
0
0
-37.28479
269.5089
2958.473
2
FldObj_MountainLakeHylia_A_03_Far.001
-0.2507681
0.8379369
-0.2145509
-562.2866
112.9102
2754.865
1.06609
LinkTagOr
0
-1.659999
0
-840.1935
193.8
2153.848
3
FldObj_CliffWhiteParts_A_03
-0.3928377
-0.9883554
0.3695274
-866.7556
166.5206
2242.231
1.0
Area
0
1.56159
0
-31.85568
234.6172
2955.849
2.75
FldObj_MountainLakeHylia_A_03.003
0
2.16
0
-493.6732
87.35669
2775.125
1.0
FldObj_CliffGashamahi_A_05.005
-2.32
0
0
-856.9419
121.6131
2400.635
1.0
LinkTagAnd
0
0
0
-829.2765
189.8002
2141.593
1.0
LinkTagAnd
0
0
0
-942
288
2300.5
1.0
LinkTagAnd
0
0
0
-857
192
2300
1.0
Obj_TreeConiferous_A_03
0
2.590165
0
-892.47
189.9518
2299.76
1.0
FldObj_RockDislocation_D_03_Far.001
-1.105868
1.047852
-0.7854187
-55.64911
193.965
2911.613
1.0
Area
0
-3.141593
0
-925.03
272.8396
2306.229
15
LinkTagAnd
0
-3.141593
0
-923.5303
274.1685
2315.229
0.3
Npc_HiddenKorokGround
0
2.217623
0
-601.9537
90.30075
2656.119
1.0
FldObj_RockDislocation_D_04_Far
-2.897116
-0.315976
3.119753
-49.61957
165.1068
2836.779
1.0
LinkTagAnd
-0.9708031
0.6643123
-1.731963
-601.5937
91.10091
2654.109
1.0
FldObj_RockDislocation_D_01_Far.002
0.06694905
0.1485972
-0.4369719
-12.30585
205.4088
2972.316
1.0
TwnObj_TempleOfTime_Wall_B_04.001
0
0.4381998
0
-742.679
138.5058
2323.689
1.0
SwitchTimeLag
0
0
0
-960.2
193.7
2344.8
1.0
FldObj_CliffWhite_A_S_01
3.096637
-0.5169099
-2.902808
-614.921
83.56827
2389.431
1.0
FldObj_FirstPlateauSouthPlatform_A_01
0
2.923185
0
-944.8819
188.2437
2252.064
1.0
Area
0
1.681594
0
-609.8074
95.19519
2390.653
1.7
ActorObserverTag
0
0
0
-800
195
2245
1.0
DgnObj_EntranceElevatorSP
0
1.830657
0
-834.5612
189.8002
2145.068
1.0
Area
0
0
0
-31.81555
240.8354
2961.601
1.0
DgnObj_EntranceElevator_A_01
0
-1.741593
0
-328.1811
68.02243
2600.29
1.0
FldObj_CliffWhiteParts_A_03_Far.001
1.581593
1.08
-3.141593
-127.5786
121.7986
2162.508
1.0
FldObj_MountainLakeHylia_A_03.004
-3.036294
-0.6273673
-3.118493
-253.8185
81.95424
2796.481
1.054155
LinkTagAnd
0.6900513
0.4283175
-1.004076
-72.68454
90.97233
2412.985
0.8
Area
-1.437421
0.4113796
-3.092485
-5.326388
143.3806
2579.031
2
EventTag
0
2.356194
0
-925.03
272.8397
2306.129
1.0
LinkTagNAnd
0
0
0
-780
195
2270
1.0
FldObj_RockDislocation_D_03_Far.002
-3.061474
-0.5386482
2.637887
62.24377
157.2275
2893.956
1.0
AreaCulling_InnerHide
0
2.094951
0
35.99164
171.4771
2894.362
1.0
FldObj_CliffGashamahi_A_04.001
0
-1.04
0
-302.6838
100.2527
2580.967
1.0
SwitchTimeLag
-1.570796
0.04
0
-468.6322
100.2718
2908.298
0.5
FldObj_CliffWhiteWall_A_05
2.377277
-0.2393081
-2.975661
-937.2781
233.4658
2610.286
1.0
Area
0
-0.5231856
0
-26.64923
234.6172
2964.374
2.75
DgnObj_WarpPoint_A_01
0
-3.141593
0
-925.0303
274.1315
2312.034
1.0
TwnObj_HunterHouseLamp_A_02.001
0
1.570796
0
-783.8397
196.446
2254.998
1.0
FldObj_CliffWhiteWall_A_02
0
0.6
0
-923.8722
274.4825
2148.318
1.0
LinkTagAnd
0
0
0
-776.9187
270.1401
2132.711
3
FldObj_MapTowerStairWood_A_01_Far.001
0
-1.563185
0
-31.82202
247
2961.625
1.0
Npc_HiddenKorokFly
0
0.8199998
0
200.8704
92.34924
2603.86
1.0
FldObj_CliffGashamahi_A_06_Far.001
1.892188
0.1064668
2.981715
-873.7508
263.3077
2610.442
1.293421
ConstraintDummy
0
-1.530701
0
74.2674
92.93114
2653.723
1.0
LinkTagAnd
0
1.830657
0
-829.809
189.8
2143.634
1.0
LinkTagOr
0
0
0
-785.5
254
2133
1.0
TBox_Field_Stone
0.1396263
0.4886922
0.06981317
-931.28
179.28
2206.72
1.0
FldObj_CliffGashamahi_A_05.006
-2.106903
-0.7692891
0.05001476
-293.1383
82.523
2559.301
1.0
FldObj_CliffGashamahi_A_03_Far.002
-0.6087241
-1.164816
-0.7838725
-316.595
78.88168
2640.64
1.0
FldObj_MountainLakeHylia_A_05.001
0
-2.894532
0
-307.8353
87.75618
2893.495
1.0
Area
0
1.56159
0
-31.8642
262.6172
2955.667
2.75
Enemy_AirOctarock
0
-2.879793
0
-90.26904
158.1094
2420.448
1.0
Npc_King_Vagrant004
0
-1.570796
0
-797
193.104
2255.5
1.0
LinkTagNOr
0
0
0
-779
197
2136.5
1.0
FldObj_CliffWhiteEdgeParts_A_03.002
0
2.570797
0
-909.8718
190
2283.553
1.0
FldObj_CliffWhiteEdgeParts_A_03_Far.003
0
-0.3292035
0
-991.366
189.3125
2339.898
1.0
LinkTagAnd
0
0
0
-468.6322
100.2718
2908.298
1.0
Area
0
0
0
-74.39691
90.98301
2412.857
0.4456
LinkTagAnd
0
0
0
-10.14702
129.8525
2580.44
1.0
PlayerForbidComebackTag
0
0
0
-785
195
2270
1.0
Item_Fruit_I
1.22173
0
0
-784
194.5
2254
1.0
Area
0
-1.079999
0
-438.7043
165
2093.287
1.0
FldObj_CliffGashamahi_A_01.003
1.659817
-0.6796523
3.085552
-696.1678
247.6759
2966.307
1.0
LinkTagAnd
0
0
0
-31.81555
281.2986
2961.601
1.0
FldObj_RockDislocation_D_03_Far.003
-2.486223
0.6424679
-2.673801
16.30695
162.9151
2837.224
1.0
EnemyLookTag
0
0
0
-186.3047
175.2123
2971.117
1.0
LinkTagAnd
0
0
0
-956.7887
374.2009
2582.468
1.0
Rope
-0.6800256
1.087293
0
-217.334
92.58574
2308.086
1.0
FldObj_CliffGashamahi_A_05.007
-2.621096
-0.3266268
-0.06864306
-354.9576
60.18238
2622.821
1.0
FldObj_CliffWhiteEdgeParts_A_04_Far.001
0
1.321593
0
-616.7045
189.8
2168.642
1.0
Obj_ShieldFenceWood_A_M_01
0.1396263
-1.919862
0
-926.8
179.1
2210.7
0.8
LinkTagAnd
0
0
0
-51.64471
128.9469
2493.945
1.0
FldObj_KorokStartingBlock_A_01
2.03512
1.354828
1.97601
-668.8478
90.53081
2392.426
1.0
Area
0
-1.570796
0
-892.2223
174
2378.624
1.0
LinkTagAnd
0
0
0
-663.1279
138.9474
2284.531
1.0
LinkTagAnd
0
0
0
-855
192
2298
1.0
Obj_TreeConiferous_A_03.001
0
1.591562
0
-722.5066
243.8317
2985.852
1.0928
SwitchTimeLag
0
-1.660001
0
-828.5619
199.9
2150.315
1.0
LinkTagNone
0
0
0
-115.4848
187.8435
2303.392
1.0
SwitchTimeLag
-1.570796
1.26
6.769239E-08
-3.47406
132.0328
2584.71
0.5
FldObj_RockDislocation_D_03.003
-2.083311
1.141478
-2.312086
-14.39044
186.8177
2920.537
1.0
DestinationAnchor
0
-1.834534
0
-828.3111
189.8
2141.854
1.0
FldObj_CliffWhiteParts_A_06
0.4055527
-0.2977762
-0.03701441
-894.2049
129.1416
2227.554
1.2
Enemy_Keese_Swarm_AllDay
0
1.300001
0
-964.7
193.5
2344.6
1.0
Enemy_Bokoblin_Middle
0
-1.62
0
-113
189.0936
2985
1.0
Enemy_Bokoblin_Junior
0
3.061593
0
-192.9584
135.001
2202.968
1.0
FldObj_KorokTarget_A_01
0
0
0
-66.24554
125.0046
2440.657
1.0
Item_Mushroom_A
0
0
-0.2617994
-930.6
179.0783
2211
1.0
Area
0
0.5000002
0
-26.8147
220.6172
2958.66
2.75
FldObj_CliffWhite_A_S_01_Far.002
0
0
0
-204.4958
129.0781
2052.325
1.0
Obj_TreeConiferous_A_03.002
0
4.358487
0
-868.8862
189.9745
2310.092
1.0
Obj_TreeConiferous_A_03.003
0
-2.711622
0
-828.273
229.6935
2905.063
1.0928
FldObj_CliffWhiteParts_A_03.001
-0.52
-0.7799999
0
-866.0611
141.2779
2250.777
1.0
ConstraintDummy
0
-0.32
0
-983.2911
250.8029
2009.604
1.0
LinkTagAnd
0
3.141593
0
-468.0648
103.5895
2909.767
1.0
FldObj_CliffWhiteLumpRock_A_01
-0.06843566
-0.5158877
0.1380613
-313.5243
120.4875
2148.19
1.0
LocationTag
0
0
0
-31.81555
210.6182
2961.601
1.0
Npc_Zora010
0
0
0
-226.889
90.02752
2577.468
1.0
LinkTagAnd
0
1.56159
0
-31.71005
233
2950.68
1.0
EventTag
0
-2.356194
0
-925.03
272.8396
2306.229
1.0
AreaCulling_InnerHide
-0.4
0.16899
0
-46.77932
198.4532
2903.397
1.0
LinkTagAnd
2.130811E-07
1.26
6.769239E-08
-2.521973
132.0328
2585.016
1.0
LinkTagAnd
0
0
0
-842.193
309.4492
2309.456
1.0
FldObj_CliffGashamahi_A_05.008
-1.625898
0.1188562
-0.9571121
-503.1746
104.0711
2891.769
1.0
FldObj_CliffWhiteEdgeParts_A_03.003
0
0.9599997
0
-638.1287
190
2231.466
1.0
PlayerOnScaffoldCheckTag
0
2.720001
0
-167.9003
132.0862
2186.526
1.0
FldObj_HyliaBridgeFoot_A_01_Far
0
0.8199999
0
-110.3091
145.0606
2305.638
1.0
DgnObj_WarpPoint_A_01
0
-1.741593
0
-337.2426
67.98526
2598.727
1.0
Area
0
-1.570796
0
-897.0426
251.2656
2428.624
1.0
Item_Fruit_I
0
-0.58
0
-977.1034
249.6222
2025.81
1.0
FldObj_HyliaBridge_A_01
0
-2.790799
0
-38.95642
145.0145
2513.689
1.0
DragonDropItemTarget
0
0
0
-155.9531
90.00381
2640
1.0
Obj_BoardWood_Square_01
0
-2.519999
0
-77.5
157
2382.5
1.0
Enemy_Bokoblin_Bone_Junior
0
-2.714794
0
-927.8336
272.9661
2303.451
1.0
FldObj_CliffGashamahi_A_05.009
-2.080595
1.22581
-1.443321
-682.3296
165.4385
2611.7
1.0
AreaCulling_OuterNPCMementary
0
0
0
-37.1875
181.303
2902.47
216.0893
FarModelCullingArea
0
0
0
-892.812
199.8963
2212.442
1.0
Area
0
2.62
0
-36.94437
248.6172
2958.743
2.75
FidObj_TorchStandOn_A_01
0
0
0
-128.1553
185.8946
2307.803
1.0
Obj_TreeConiferous_A_03.004
0
1.909183
0
-890.9768
190.1391
2311.07
1.0
Area
0
0.05999999
0
-886.546
186.2664
2222.084
2
ConstraintDummy
0
0.4764285
0
-398.3454
92.93113
2630.829
1.0
FldObj_CliffWhiteParts_A_03.002
1.581593
1.08
-3.141593
-127.5786
121.7986
2162.508
1.0
FldObj_MountainLakeHylia_A_05.002
-2.940483
0.3588718
3.12522
-362.407
75.27917
2933.989
1.0
AnchorSleep
0
-1.579994
0
-779.7602
194.4451
2260.58
1.0
FldObj_MapTowerStairWood_A_01_Far.002
0
-0.4831856
0
-31.96011
261
2961.605
1.0
Area
0
0
0
-399.77
105.1
2557.27
3
FldObj_CliffGashamahi_A_07
0.8787051
1.461116
2.58438
-605.7644
85.92886
2553.647
1.0
LinkTagAnd
0
-2.919999
0
126
101
2710.5
1.0
FldObj_CliffWhiteParts_A_03_Far.002
0.1953468
1.359678
0.01572566
-901.4208
159.2604
2300.758
1.0
Obj_BoxIron_A_M_01.002
0
-0.7853982
0
202.9127
86.59116
2618.729
0.8
FldObj_RockDislocation_D_03_Far.004
-3.138348
-0.7363486
2.970068
-39.24512
167.5845
2851.878
1.0
LinkTagAnd
0
-3.141593
0
-940.03
282.8396
2311.229
1.0
Area
0
-1.600001
0
-406.5713
157
2062.219
1.0
LinkTagAnd
0
-1.563185
0
-31.73831
247
2972.625
1.0
FldObj_RockDislocation_D_02_Far
-0.1131276
0.4674923
-0.2469627
-8.490784
161.6317
2837.009
1.0
FldObj_RockDislocation_D_04
-2.897116
-0.315976
3.119753
-49.61957
165.1068
2836.779
1.0
Area
0
0
0
-964.3
191.4
2344.9
1.0
Enemy_Lynel_Senior
0
3.141593
0
-669.3652
190.3057
2081.474
1.0
Enemy_Bokoblin_Bone_Junior_AllDay
0
3.123186
0
-645.5
189.6668
2187.6
1.0
Area
0
0
0
-26.30823
269.548
2958.41
2
FldObj_MapTowerStairWood_A_01_Far.003
0
1.56159
0
-31.81128
233
2961.68
1.0
FldObj_CliffWhiteEdgeParts_A_03.004
0
-0.7323877
0
-857.6609
190
2323.09
1.0
AreaCulling_InnerHide
-0.2600001
-1.110152
0
-40.13705
173.7695
2853.496
1.0
Area
0
-0.9599999
0
-679.318
173
2298.734
1.0
Area
0
0.04
0
-468.9199
96.52178
2908.61
0.1
FldObj_CliffGashamahi_A_03.007
1.323588
-0.3708476
-2.601548
171.3193
72.43761
2623.248
1.0
FldObj_CliffWhiteScaffold_A_01
0.3305549
1.234238
0.1681867
-922.4242
230.8286
2317.473
1.0
Area
0
0
0
-38.9826
149.3726
2513.643
6
KorokAnswerResponce
0
1.681594
0
-606.4941
93.24519
2393.302
1.0
FldObj_HyliaBridgeGate_A_01
0
-2.790799
0
-115.8708
145.0145
2303.5
1.0
FldObj_ScaffoldWood_B_01
0
-1.66
0
-188.4282
125.4084
2198.193
1.0
Area
0
-2.623186
0
-36.81229
262.6172
2964.524
2.75
Item_CookSet
0
0
0
-804.5
193.2351
2262.8
1.0
LinkTagNone
0
0
0
200.8704
93.34924
2603.86
1.0
ForceSetPosDirAutoSaveAnchor
0
1.748456E-07
0
-924.9303
274.1685
2314.363
1.0
FldObj_RockDislocation_D_03_Far.005
-1.477482
-0.8937354
1.477356
-62.1283
200.0251
2934.117
1.0
Area
0
0.34
0
-37.40747
161.8359
2518.481
1.0
AreaCulling_InnerHide
0
0.6722369
0
8.583405
179.9615
2918.843
1.0
FldObj_MountainLakeHylia_A_05.003
-2.978637
0.7822733
-3.138922
-426.4412
77.66148
2890.153
1.0
LinkTagAnd
0
0
0
-5.326388
143.3806
2579.031
1.0
LinkTagAnd
0
0
0
-764
222
2090
3
LinkTagAnd
0
0
0
-755.9932
192.7649
2166.182
3
LinkTagAnd
0
0
0
-227.3911
91.48907
2581.809
1.0
KibakoDesert_Contain_01
0
2.701592
0
-79.5
145
2418
1.0
FldObj_CliffGashamahi_A_05.010
2.821593
-1.341593
-3.141592
-296.7644
78.88353
2609.34
1.0
LinkTagAnd
0
-2.623186
0
-41.31174
233
2967.058
1.0
Item_Fruit_A
0
1.396263
0
-201.7502
175.8178
2987.129
1.0
KibakoDesert_Contain_01
0
-0.44
0
-80.5
145.0145
2420
1.0
Obj_Plant_Korok_A_01.002
-1.704172
-0.4113796
0.04910713
-5.809235
143.5166
2580.121
1.0
FldObj_CliffGashamahi_A_04_Far.002
2.305456
0.2362845
2.978791
-714.7003
129.9815
2448.112
1.0
LinkTagAnd
-3.050925
0.9213186
-3.044867
-601.7136
92.82545
2656.38
1.0
Weapon_Bow_004
-2.183127
0.4590248
-0.3356802
-905.9357
180.0938
2205.824
1.0
FldObj_CliffGashamahi_A_05.011
-2.194656
0.1420224
-0.5828752
-596.5084
180.5687
2938.827
1.0
Area
0
0
0
-649.9703
190.4
2191.5
20
FldObj_HyliaStoneRuinStraightWall_A_07_Far
0
2.094395
0
-686.8104
136.989
2318.458
1.0
FldObj_MountainLakeHylia_A_05_Far.002
-2.985088
-1.177721
-3.136647
-414.5349
83.91148
2953.535
1.0
LinkTagAnd
0
-3.141593
0
-935.03
272.8396
2301.229
1.0
FldObj_CliffGashamahi_A_01.004
1.783772
0.384793
-3.090901
-322.9528
86.79819
2545.462
1.0
Enemy_Lizalfos_Junior
0
2.720001
0
-11.22702
182.6688
2897.746
1.0
FldObj_CliffWhite_A_S_01.001
0
0
0
-815.4842
190.3322
2105.323
1.0
LinkTagOr
0
1.681594
0
-610.2496
95.24519
2386.677
1.0
FldObj_CliffWhiteParts_A_05_Far
0
1.441594
0
-897.0365
179.2167
2119.35
1.0
ConstraintDummy
2.984679
-1.500063
-2.865571
-925.5543
235.6786
2938.4
0.5
LinkTagAnd
0
0
0
-81.61823
145
2417.334
1.0
LinkTagAnd
0
0
0
-827.9
188.3
2143.4
1.0
Item_Fruit_I
0
2.297994
0
-985.2693
251.9129
2008.743
1.0
Obj_RaftWood_A_S_02
0
-1.530701
0
69.40802
89.99313
2654.698
1.0
FldObj_CliffWhiteEdgeParts_A_03.005
0
0.7431825
0
-442.2869
177.8787
2051.4
1.0
Item_Fruit_A
0
0
0
-35.69998
200.2334
2907.45
1.0
FldObj_CliffGashamahi_A_03.008
1.752646
-0.7967877
-2.955954
-718.1082
241.1124
2946.574
1.0
LinkTagAnd
0
0
0
-22.39426
280.4509
2959.208
1.0
DestinationAnchor
0
3.141593
0
-31.81555
280.4858
2962.601
1.0
FldObj_CliffWhiteEdgeParts_A_03.006
0
-0.3292035
0
-978.6589
190
2342.98
1.0
ActorObserverTag
0
0.04
0
-468.3924
98.27178
2908.038
1.0
Npc_King_Parasail005
0
1.748456E-07
0
-925.03
272.8397
2306.129
1.0
FldObj_CliffWhiteParts_A_03_Far.003
-0.52
-0.7799999
0
-866.0611
141.2779
2250.777
1.0
FldObj_CliffWhiteEdgeParts_A_04
0
0.3199999
0
-615.9073
189.375
2116.852
1.0
Item_Roast_03
0.2617994
1.570796
0
-787.5
194.5769
2259.3
1.0
LinkTagNAnd
0
0
0
-795
200
2254
1.0
FldObj_CliffWhiteEdgeParts_A_03.007
0
-0.05238855
0
-895.3489
179.3906
2233.404
1.0
LinkTagAnd
0
0
0
-658.0295
197.1402
2201.46
2
Area
0
-1.583188
0
-31.79108
220.6172
2967.294
2.75
Item_Fruit_A
0
0.5417855
0
-907.2892
194.8297
2322.799
1.0
Weapon_Bow_004
-2.349357
0.7935591
-0.4346416
-656.1535
190.6455
2188.295
1.0
Enemy_AirOctarock
0
2.977788
0
-76.98724
158.6094
2377.23
1.0
LinkTagAnd
0
0
0
-786
200
2255.5
1.0
Area
0
0.3415925
0
-115.4848
187.8435
2303.392
2
FldObj_CliffGashamahi_A_05.012
-0.54
-0.98
0
-294.8328
97.77218
2580.2
1.0
Item_Fruit_A
0
0
0
-202.469
178.5778
2990.346
1.0
FldObj_CliffWhiteEdgeParts_A_03_Far.004
0
0.1707964
0
-938.9031
190
2350.084
1.0
Npc_HiddenKorokFly
0
-1.220003
0
-68.0202
91.39095
2332.616
1.0
Obj_RockSetWhite_A_L_01_Far
-1.676648
-1.144629
1.179627
-881.1456
222.4304
2055.276
1.0
FldObj_MountainLakeHylia_A_05_Far.003
-2.978637
0.7822733
-3.138922
-426.4412
77.66148
2890.153
1.0
LinkTagNAnd
2.130811E-07
1.26
6.769239E-08
-3.133606
132.0328
2586.92
1.0
Enemy_Bokoblin_Senior
0
0
0
-93.49991
195.3514
2976
1.0
Item_Fruit_A
0
0.5417855
0
-912.5073
196.6297
2325.765
1.0
LinkTagOr
2.984679
-1.500063
-2.865571
-925.5718
239.4853
2936.967
1.0
FldObj_CliffWhiteEdgeParts_A_03.008
0
0.1707964
0
-938.9031
190
2350.084
1.0
LinkTagAnd
0
0
0
-87.31381
145
2365.566
1.0
LookTag
0
-1.741593
0
-338.5284
67.02226
2598.505
1.0
LinkTagAnd
0
-0.5231856
0
-22.21991
233
2967.042
1.0
LinkTagAnd
0
0
0
-897.5555
179.4229
2219.446
1.0
LocationTag
0
0
0
-37.40747
161.8359
2518.481
1.0
FldObj_CliffWhiteBroken_A_03_Far.001
-0.4968176
0.7958521
-0.3695662
-31.85156
199.9063
2972.07
1.0
Enemy_Bokoblin_Middle
0
1.661593
0
80.47266
143.6136
2856.496
1.0
Item_Fruit_A
0
0
0
-41.69998
202.0334
2907.3
1.0
LinkTagAnd
0
0
0
-334.3477
67.44113
2597.28
1.0
Area
0
0.5759587
0
-334.3477
67.44113
2597.28
25
KorokAnswerResponce
0
0
0
-459.718
90.14445
2896.236
1.0
LinkTagOr
0
0
0
-945
288
2301
1.0
Area
0
-3.141593
0
-925.03
267.8396
2319.229
13
LinkTagAnd
0
0.05999999
0
-893.0323
179.2769
2214.379
1.0
FldObj_MountainLakeHylia_A_04_Far
-2.961593
0.1984076
-3.141592
-188.6385
89.47417
2800.86
1.098079
Kibako_Contain_01
-0.1339419
1.532458
-0.1367888
-645.7626
189.5342
2181.229
1.0
FldObj_RockDislocation_D_03.004
-3.061474
-0.5386482
2.637887
62.24377
157.2275
2893.956
1.0
FldObj_CliffGashamahi_A_06
1.892188
0.1064668
2.981715
-873.7508
263.3077
2610.442
1.293421
FldObj_CliffGashamahi_A_03_Far.003
-1.166295
1.364767
0.4012994
-371.8653
77.96352
2685.542
1.0
AreaCulling_InnerHide
0
0
0
-41.56671
208.3257
2987.049
1.0
FldObj_CliffSnowWall_D_18
0
0.8200002
0
-957.6127
305.2794
2147.656
1.0
AreaCulling_InnerHide
0
-0.417271
0
28.93945
172.2363
2935.711
1.0
FldObj_CliffWhiteEdgeParts_A_03_Far.005
0
0.4276116
0
-918.3098
179.3906
2235.973
1.0
LinkTagAnd
0
0
0
-32.37024
280.4509
2963.491
0.5
Area
0
-1.570796
0
-1016.668
201.2891
2377.085
1.0
Area
0
0.05999999
0
-897.5555
179.4229
2219.446
100
LinkTagAnd
0
0
0
-753.9998
192.9884
2133.015
3
FldObj_MountainLakeHylia_A_03.005
0
1.86159
0
-506.3547
95.56748
2685.177
1.0
Obj_TreeApple_A_M_01.002
0
2.32
0
9.19046
197.2504
2958.854
1.0
FidObj_TorchStandOff_A_01
0
0
0
-791.5
193
2259.45
1.0
FldObj_CliffWhiteParts_A_03.003
2.961593
-1.341593
3.141593
-866.3231
161.5975
2301.531
1.0
FldObj_ScaffoldWood_B_01_Far
0
-1.66
0
-188.4282
125.4084
2198.193
1.0
LinkTagAnd
0
0
0
-765
195
2265
1.0
DgnObj_EntranceShutter_A_01
0
-3.141593
0
-925.0303
274.1687
2317.429
1.0
ForceSetPosDirAutoSaveAnchor
0
-1.310935
0
-827.9
189.8
2143.4
1.0
FldObj_CliffWhiteLumpRock_A_01.001
-0.1587578
1.116993
0.3557028
-688.7047
125.2467
2332.221
1.0
Area
0
0
0
-31.81555
279.4743
2961.601
15
FldObj_CliffGashamahi_A_03_Far.004
-1.361145
0.1510976
-0.3783588
-285.0887
87.32401
2602.39
1.0
PlayerOnScaffoldCheckTag
0
1.62
0
-860.7798
184.847
2207.868
1.0
LinkTagAnd
0
-1.583188
0
-31.95322
219
2972.463
1.0
FldObj_MapTowerWingBefore_A_01
0
0
0
-31.8158
206.2986
2961.601
1.0
LinkTagAnd
0
0
0
-669.3652
190.3057
2081.474
1.0
LinkTagNAnd
0
0
0
-796
195
2247.5
1.0
LinkTagAnd
0
-3.141593
0
-915.03
272.8397
2301.229
1.0
LinkTagAnd
0
1.56159
0
-31.71857
261
2950.499
1.0
LinkTagAnd
0
0
0
-89
159.5
2425.5
1.0
FldObj_CliffGashamahi_A_05.013
-1.826152
0.2888001
-0.5449483
-639.8582
180.0491
2862.505
1.0
Enemy_Bokoblin_Junior
0
-2.16
0
-184.8623
135.0127
2207.651
1.0
Obj_BoxIron_A_M_01.003
0
-0.7853982
0
193.9127
86.59116
2609.689
0.8
AreaCulling_InnerHide
-0.2399998
-1.097493
0
-10.17691
163.4355
2838.825
1.0
Npc_HiddenKorokGround
0
0
0
-74.38333
90.54819
2412.872
0.8
FldObj_RockDislocation_D_03.005
-2.981414
0.08872195
-3.100763
-62.10699
205.8277
2946.429
1.0
Npc_HiddenKorokFly
0
0.3415925
0
-115.4848
186.8435
2303.392
1.0
LookTagAoC
0
1.830657
0
-824.8969
188.8
2142.498
1.0
LinkTagAnd
0
0
0
-83.83368
158.0547
2423.924
1.0
Item_Fruit_I
0
0
0
-978.5458
249.9355
2025.094
1.0
Area
0
0
0
-775
196
2133
5
FldObj_CliffWhiteParts_A_06_Far.003
0.251027
0.5048208
-0.05176141
-923.6038
119.9888
2239.207
1.1
FldObj_CliffGashamahi_A_04.002
-1.251876
-1.042482
0.08471959
-762.0483
229.948
2940.128
1.0
LinkTagAnd
0
0
0
-928.5703
266.824
2321.728
1.0
FldObj_CliffGashamahi_A_01_Far.004
-2.066261
-1.366653
0.1187024
-709.7006
195.7549
2753.26
1.0
FldObj_CliffGashamahi_A_01_Far.005
1.659817
-0.6796523
3.085552
-696.1678
247.6759
2966.307
1.0
LinkTagNone
0
0
0
-132.3007
190.8788
2964.045
1.0
FldObj_CliffGashamahi_A_01_Far.006
-1.76
0
0
-825.1592
223.6152
2537.364
1.0
LinkTagAnd
0
0
0
-94.01187
158.1094
2427.209
1.0
LinkTagAnd
0
0
0
-787.4764
196.5822
2134.547
3
LinkTagNone
0
0
0
-7.148407
181.3871
2911.578
1.0
Enemy_Bokoblin_Bone_Junior_AllDay
0
-1.16
0
-652.7
190.1482
2192.2
1.0
Enemy_Bokoblin_Middle
0
0.2615927
0
-185.8256
139.0805
2189.744
1.0
LinkTagNAnd
0
0
0
-770
195
2265
1.0
LinkTagAnd
0.1942184
0.01666339
-0.1706432
-74.4379
92.54887
2413.265
0.8
ActorObserverTag
0
0
0
-957.1
192.6
2345.5
1.0
FldObj_CliffGashamahi_A_03.009
1.7756
1.243315
2.868549
-962.3594
268.2952
2614.554
1.0
Enemy_Bokoblin_Junior
0
1.114602
0
-748.3
189.199
2149.5
1.0
ActorObserverTag
0
1.921589
0
-71.75958
91.39095
2331.855
2
LinkTagAnd
0
3.02319
0
-11.97562
122.2731
2586.38
1.0
Enemy_Lizalfos_Fire
0
1.14
0
22.88672
175.0543
2933.336
1.0
LinkTagNAnd
0
-1.659999
0
-835.4285
193.8
2152.052
3
Obj_LiftRockWhite_A_01
-0.2813389
1.37227
-0.2516459
-601.9513
90.20093
2656.125
1.0
Enemy_Bokoblin_Guard_Junior_TreeHouseTop
0
2.86
0
-88.5
157
2424.5
1.0
Area
0
1.520004
0
-788.059
201.1526
2257.425
6.122609
LinkTagOr
-1.511608
0.4912579
3.013235
-9.319977
129.6384
2578.856
1.0
FldObj_CliffWhiteParts_A_02
2.626641
1.231171
2.827935
-884.2176
213.1326
2090.605
1.1
ActorObserverTag
0
1.921589
0
-71.0723
91.39095
2333.733
2
FldObj_RockDislocation_D_03.006
-3.138348
-0.7363486
2.970068
-39.24512
167.5845
2851.878
1.0
FldObj_MountainLakeHylia_A_03.006
2.981593
-1.360001
3.141593
-447.0338
137.8531
3019.593
1.0
Obj_SweepCollision
0
1.830657
0
-835.5276
203.8
2145.324
1.0
FldObj_MapTowerStairWood_A_01_Far.004
0
2.62
0
-31.84064
247
2961.563
1.0
DragonDropItemTarget
0
0
0
-372.1328
90.00381
2706.5
1.0
FldObj_RockDislocation_D_03_Far.006
-2.083311
1.141478
-2.312086
-14.39044
186.8177
2920.537
1.0
Obj_EyeBolt_A_01.001
0
-3.101497
0
71.68414
90.80382
2654.056
1.0
FldObj_CliffGashamahi_A_06_Far.002
-3.134708
0.1957842
-0.3947289
-629.5822
82.86222
2422.914
1.0
Enemy_Bokoblin_Middle
0
-0.6600001
0
-132.3007
190.8788
2964.045
1.0
FldObj_HyliaBridge_A_02_Far.001
0
0.3507939
0
-78.99088
145.0145
2404.284
1.0
LinkTagOr
0
0
0
-925.03
292.8396
2321.229
1.0
LinkTagAnd
0
0.5000002
0
-22.23068
219
2956.267
1.0
LinkTagAnd
0
0
0
-85.5
145
2367
1.0
Area
0
0.04
0
-468.3444
96.52178
2907.986
0.1
FldObj_RockDislocation_D_01_Far.003
-0.4339271
-0.5496505
0.1709259
-6.542633
160.0721
2840.052
0.9924756
Npc_King_Parasail004
0
1.748456E-07
0
-925.03
272.8396
2306.229
1.0
FldObj_CliffWhiteParts_A_03.004
-2.741472
1.142588
-2.864947
-898.2352
179.7512
2293.463
1.0
Enemy_Bokoblin_Middle
0
2.14
0
-58.37497
172.152
2867.105
1.0
Obj_RockCover
-4.607662E-05
0.4632516
0.1995137
-73.49471
91.24474
2414.65
0.48
Enemy_Bokoblin_Guard_Middle_TreeHouseTop
0
1.899999
0
27.30096
185.4163
2904.064
1.0
LinkTagNAnd
0
-1.741593
0
-330.407
80.52226
2601.428
0.6
FldObj_CliffGashamahi_A_03.010
-1.361145
0.1510976
-0.3783588
-285.0887
87.32401
2602.39
1.0
FldObj_RockDislocation_D_03_Far.007
-2.767749
-0.3780992
-3.071935
-77.83084
198.9294
2936.441
1.0
LinkTagAnd
0
0
0
-31.81555
210.6182
2961.601
1.0
FldObj_CliffGashamahi_A_04.003
2.305456
0.2362845
2.978791
-714.7003
129.9815
2448.112
1.0
FldObj_CliffWhiteSet_A_01_Far
0
-2.26
0
-244.8885
124.7437
2159.651
1.0
FldObj_CliffGashamahi_A_05.014
2.761592
0.761593
-3.141592
-493.1332
100.0587
2917.331
1.0
LinkTagAnd
0
-3.141593
0
-915.03
272.8396
2316.229
1.0
FldObj_CliffGashamahi_A_05.015
-0.519655
0.01987121
0.03471734
-333.2229
91.67635
2553.335
1.0
DragonDropItemTarget
0
0
0
-581.1563
90.00381
2637.461
1.0
Enemy_Bokoblin_Junior
0
1.126991
0
-652.1089
190.1171
2192.29
1.0
FldObj_CliffWhiteParts_A_06.001
-0.2428171
-1.220492
0.8718728
-843.6605
134.6927
2313.042
1.15
Enemy_AirOctarock
0
0.2617993
0
-87.57651
158.1328
2430.685
1.0
FldObj_CliffWhite_A_05_Far
0
0.2215926
0
-872.7929
176.0777
2142.053
1.0
LinkTagAnd
0
0
0
-808.3674
201.1357
2107.642
3
FldObj_MountainLakeHylia_A_05.004
-2.985088
-1.177721
-3.136647
-414.5349
83.91148
2953.535
1.0
FldObj_RockDislocation_D_03_Far.008
-2.981414
0.08872195
-3.100763
-62.10699
205.8277
2946.429
1.0
SwitchTimeLag
-1.570796
0
0
198.9484
90.98083
2594.114
0.5
FldObj_HyliaStoneRuinStraightWall_A_07
0
2.094395
0
-686.8104
136.989
2318.458
1.0
AreaCulling_InnerHide
0
0.6181276
0
-52.2684
197.5934
2931.676
1.0
LinkTagAnd
0
0.8199998
0
200.5295
94.84924
2604.226
1.0
DgnObj_EntranceTerminalSP
0
1.307058
0
-829.2765
189.8002
2141.593
1.0
FldObj_CliffWhiteParts_A_03_Far.004
0.05534686
1.359678
0.01572566
-892.9867
179.726
2323.608
1.0
BeeHome
0
-3.12
0
-659.5232
193.3042
2198.146
1.0
FldObj_RockDislocation_D_02_Far.001
-1.608575
1.416564
-1.652171
-74.17346
180.2261
2899.514
1.0
LinkTagAnd
0
0
0
-816.1795
192.9884
2137.383
3
FldObj_CliffWhite_A_05
0
0.2215926
0
-872.7929
176.0777
2142.053
1.0
Area
-1.511608
0.4912579
3.013235
-10.14702
129.8525
2580.44
2
LinkTagAnd
0
2.62
0
-41.37793
247
2956.083
1.0
FldObj_CliffWhiteBroken_A_03
-0.4968176
0.7958521
-0.3695662
-31.85156
199.9063
2972.07
1.0
LinkTagAnd
0
0
0
-77.5
157
2382.5
1.0
FldObj_MapTowerStairWood_A_01.003
0
-1.563185
0
-31.82202
247
2961.625
1.0
LinkTagAnd
0
0
0
-74.39691
92.93741
2414.057
0.8
FldObj_CliffGashamahi_A_07_Far
0.8787051
1.461116
2.58438
-605.7644
85.92886
2553.647
1.0
GrassCutTag
0
0.32
0
-904.7355
179.4466
2201.759
1.0
LinkTagAnd
0
0
0
-82.80966
158.6328
2381.656
1.0
DgnObj_EntranceTerminal_A_01
0
-2.265192
0
-334.4338
68.02243
2601.24
1.0
FldObj_CliffGashamahi_A_01.005
-1.559999
-0.5800001
0
-293.7528
89.55807
2630.39
1.0
LookTag
0
-3.141593
0
-925.03
282.3396
2317.229
1.0
LinkTagNone
0
0
0
-13.37668
161.7921
2840.505
1.0
AnchorAction1
0
-2.792527
0
-775
196.3777
2133
1.0
LinkTagNAnd
0
1.830657
0
-833.3635
202.1659
2143.583
1.0
LinkTagAnd
0
0
0
-642.1964
189.8358
2195.367
5
DragonDropItemTarget
0
0
0
-91.00003
145.0145
2376.273
1.0
LinkTagAnd
0
-1.659999
0
-830.6234
211.8
2157.257
3
PlayerForbidHangTag
0
0
0
-461.176
218.8293
2180.741
1.0
FldObj_CliffGashamahi_A_01.006
-0.8922629
-1.122256
-0.8233792
-718.3558
200.8376
2757.558
1.0
FldObj_CliffWhiteEdgeParts_A_03_Far.006
0
0.9599997
0
-638.1287
190
2231.466
1.0
FldObj_MountainLakeHylia_A_03_Far.002
0
2.16
0
-493.6732
87.35669
2775.125
1.0
LinkTagNone
0
0
0
-76.94791
180.1366
2901.228
1.0
Area
0
0
0
-500
100
2500
1.0
FldObj_CliffGashamahi_A_03_Far.005
-0.9989008
-0.9290323
-0.3381556
-353.0882
79.69613
2561.371
1.0
FldObj_CliffWhiteEdgeParts_A_03_Far.007
0
1.570796
0
-895.3562
190
2312.498
1.0
EnemyChatFortMgrTag
0
0
0
27.8938
185.2867
2901.676
1.0
LinkTagAnd
0
0
0
-72.37476
158.6094
2383.43
1.0
SwitchTimeLag
-3.03617
0.7909791
2.837019
-10.16739
135.8811
2575.698
0.5
LinkTagAnd
0
0
0
6.328766
206.2987
2958.579
1.0
Obj_RaftWoodSail_A_S_01.001
0
0.476429
0
-395.8526
90.00381
2635.051
1.0
LinkTagNone
0
0
0
-42.6405
202.6141
2980.351
1.0
LinkTagAnd
0
0
0
-806.6717
202.3478
2110.945
3
ActorObserverTag
0
0
0
-784
195
2245
1.0
AreaCulling_InnerHide
0
0.4122368
0
-14.35031
182.0417
2887.283
1.0
Obj_BoxIron_A_M_01.004
-0.0007907074
-1.814798E-05
0.0004787255
187.4388
86.61214
2577.083
0.8
FldObj_CliffWhiteLumpRock_A_01.002
-0.5522917
1.140673
-0.1522026
-601.1922
127.2025
2193.089
1.2
FldObj_MapTowerStairWood_A_01_Far.005
0
-1.583188
0
-31.81693
219
2961.463
1.0
Obj_BoxIron_A_M_01.005
0
-0.7853982
0
203.0221
86.59116
2591.869
0.8
PlayerInAreaAutoEnemyForbidTag
0
0
0
-786
256
2134
1.0
FldObj_MapTowerStairWood_A_01.004
0
-2.623186
0
-31.75702
233
2961.608
1.0
LinkTagAnd
0
-2.623186
0
-41.3515
261
2967.001
1.0
SwitchTimeLag
0
0
0
-660.7
190
2191.8
1.0
FldObj_RockDislocation_D_03_Far.009
-0.6642073
-0.4580398
0.6386518
8.306946
166.7276
2842.404
1.0
LinkTagAnd
0
0
0
-797.5
200
2253
1.0
FldObj_RockDislocation_D_03.007
-0.5121465
0.9415115
-0.8242616
12.35413
189.9942
2946.054
1.0
LinkTagAnd
0
0
0
-31.81555
279.4743
2961.601
1.0
Npc_HiddenKorokGround
0
1.080001
0
-54.77505
128.9469
2492.44
1.0
LinkTagAnd
0
-0.4831856
0
-22.21939
261
2966.716
1.0
LinkTagNone
0
0
0
-933.5
179.4497
2209.4
1.0
TBox_Field_Iron
0
-2.480003
0
-76.63916
157.5372
2383.042
1.0
LinkTagOr
0
0
0
-38.43253
155.2867
2513.643
1.0
FldObj_CliffWhiteParts_A_06.002
-2.781528
-1.35517
2.974582
-857.4203
120.0533
2280.392
1.0
LinkTagOr
0
-0.58
0
-975.7317
248.7422
2024.31
1.0
Item_Fruit_A
0
0
0
-739.7128
192.6682
2183.088
1.0
Area
0
-1.579999
0
-780.2497
195.1
2260.521
1.0
FldObj_HyliaBridge_A_02.001
0
0.3507939
0
-78.99088
145.0145
2404.284
1.0
Area
0.1942184
0.01666339
-0.1706432
-74.26108
91.24408
2413.011
2.4
LinkTagOr
-1.721593
0.5415927
-3.141592
-4.039856
143.5941
2578.157
1.0
LinkTagNone
0
0
0
-182.3475
175.6611
2972.495
1.0
Area
0
2.720001
0
-172.4625
132.0862
2184.48
2
LinkTagAnd
0
0
0
-897.0386
189.1729
2219.869
2
FldObj_CliffGashamahi_A_05.016
-2.382521
-1.056971
0.3512608
-709.5891
213.0178
2869.566
1.0
LinkTagAnd
0
0
0
-11.6111
120.694
2583.064
1.0
LinkTagAnd
0
-1.741593
0
-329.8971
80.52226
2598.471
0.6
LinkTagAnd
0
-3.141593
0
-935.03
272.8397
2301.229
1.0
FldObj_MountainLakeHylia_A_05_Far.004
0
-2.42
0
-79.33328
76.6468
2660.781
1.0
LinkTagAnd
0
0
0
-87.57651
158.1328
2430.685
1.0
LinkTagAnd
0
0
0
-79.5
145
2418
1.0
FldObj_CliffGashamahi_A_05.017
-2.430286
-0.7186489
0.3686255
-732.4406
202.6662
2841.195
1.0
LinkTagAnd
0
0
0
-751.3514
194.0743
2097.023
3
FldObj_CliffWhiteBroken_A_05.001
3.126581
-0.1522143
3.090438
-38.28891
196.8909
2935.135
1.0
FldObj_RockDislocation_D_03_Far.010
3.122007
-0.07773481
2.806631
30.90466
146.7629
2775.896
1.0
LinkTagAnd
0
0
0
-764
240
2090
3
TwnObj_HunterHouseLamp_A_01
0
1.570796
0
-783.8397
196.446
2254.998
1.0
LinkTagAnd
0
-1.659999
0
-829.7296
193.8
2151.938
3
FldObj_CliffWhiteLumpRock_A_01.003
-0.6133547
0.01701913
-0.04036839
-425.8507
110.9023
2134.406
1.15
LinkTagNone
0
0
0
25.71503
185.6329
2899.984
1.0
LinkTagAnd
0
0
0
-927.0303
274.1687
2315.229
1.0
LinkTagAnd
0
0
0
-775
195
2270
1.0
FldObj_MapTowerStairWood_A_01_Far.006
0
0.5000002
0
-31.88409
219
2961.541
1.0
Enemy_Bokoblin_Middle
0
-2.343186
0
-74.08292
181.0772
2904.019
1.0
LinkTagAnd
0
0
0
-90.26904
158.1094
2420.448
1.0
LinkTagAnd
0
0
0
-64.74554
128.0046
2440.657
2
Obj_RockSetWhite_A_L_01_Far.001
1.581119
-0.1465834
-1.526702
-776.631
189.2996
2120.657
1.0
LinkTagOr
0
0
0
-399.22
106.1
2557.27
1.0
PlayerForbidHangTag
0
0
0
-391.9515
202.4021
2095.107
1.0
ActorObserverTag
0
0
0
-922
275
2301
1.0
LinkTagOr
0.1942184
0.01666339
-0.1706432
-73.6496
92.41312
2413.251
0.8
LinkTagAnd
0
0
0
-764
230
2090
3
FldObj_RockDislocation_D_01_Far.004
-2.800186
-0.4630981
2.660347
-85.53378
188.5678
2928.721
1.0
FldObj_CliffGashamahi_A_07_Far.001
-1.216675
0.9164096
0.4360498
-373.11
84.13515
2585.145
1.0
Obj_Plant_ChiliPepper_A_01.001
0
-0.58
0
-977.3073
248.7422
2025.746
1.0
FldObj_CliffGashamahi_A_03_Far.006
-1.30785
0.2058412
-0.2738642
-909.6884
233.5835
2784.371
1.0
FldObj_MapTowerStairWood_A_01_Far.007
0
1.56159
0
-31.81979
261
2961.498
1.0
FldObj_CliffGashamahi_A_04.004
1.837075
1.242949
3.008738
-913.3795
230.4536
2977.376
1.0
Obj_RaftWoodSail_A_S_01.002
0
-1.530701
0
69.388
90.00381
2654.198
1.0
PlayerForbidComebackTag
0
0
0
-31.8916
267.0632
2957.343
1.0
LinkTagAnd
0
0
0
-857
192
2298
1.0
AirWallForE3
0
-1.658063
0
-943.7
273.5
2327.2
1.0
LinkTagAnd
0
0
0
-649.9
190.4
2191.5
1.0
LinkTagAnd
0
0
0
-76.63916
157.5372
2383.042
1.0
LinkTagNAnd
0
0.05999999
0
-887.7346
179.2889
2215.578
1.0
FldObj_RockDislocation_D_03_Far.011
-0.3869734
-0.06942758
0.08065113
-52.90219
174.5094
2875.035
1.0
LinkTagNAnd
0
0
0
-945
277
2325
1.0
LinkTagOr
0
0
0
-460.718
94.20695
2896.236
1.0
FldObj_KorokStone_A_01
0
0.04
0
-468.6322
96.27178
2908.298
1.0
TwnObj_TempleOfTime_Wall_B_04_Far
0
0.6999998
0
-691.349
138.5058
2290.718
1.0
EnemyLookTag
0
2.2
0
-54.957
172.7262
2864.551
1.0
LinkTagNone
0
0
0
-111.539
189.2635
2992.277
1.0
LinkTagAnd
0
0
0
-779.3904
199.6368
2133.015
3
Enemy_Bokoblin_Junior
0
1.361592
0
-182.7013
125.4084
2194.134
1.0
Item_Fruit_A
0
0.5417855
0
-855.5283
192.253
2273.955
1.0
Area
-3.050925
0.9213186
-3.044867
-601.9758
91.19923
2656.07
3
FldObj_RockDislocation_D_03.008
-2.315796
0.8423571
-2.703887
-36.17264
174.1745
2869.056
0.7
Enemy_Bokoblin_Junior
0
-1.9
0
-182.3475
175.6611
2972.495
1.0
FldObj_CliffGashamahi_A_01.007
-1.559999
-0.5800001
0
-242.2665
78.29592
2669.883
1.0
LinkTagOr
0
-1.220003
0
-67.84811
93.89095
2333.086
1.0
EnemyLookTag
0
-2.343186
0
-75.51535
180.3255
2902.623
1.0
Enemy_Bokoblin_Middle
0
-0.5235989
0
-816.5
190.0632
2139.2
1.0
LinkTagAnd
0
-2.623186
0
-41.3515
261
2967.001
1.0
LinkTagAnd
0
0
0
-89
156.5
2425.5
1.0
LinkTagAnd
-1.511608
0.4912579
3.013235
-9.786346
126.679
2579.012
1.0
FldObj_CliffWhiteBroken_A_03.001
0
0
0
15.25922
167.4492
2987.318
1.0
Enemy_Bokoblin_Bone_Junior
0
-1.667596
0
-932.5568
272.7828
2310.061
1.0
LinkTagOr
0
1.921589
0
-71.0723
94.39095
2333.733
1.0
Npc_HiddenKorokFly
0
3.02319
0
-12.47214
119.7731
2586.321
1.0
Area
0
-1.570796
0
-897.0426
251.2656
2418.429
1.0
Area
0
-0.9599999
0
-679.3181
167
2298.734
1.0
Enemy_Lizalfos_Junior
0
-0.8799998
0
-0.06246948
180.7111
2905.805
1.0
FldObj_HyliaStoneRuinGate_A_01
0
2.094395
0
-690.5305
136.9445
2311.473
1.3
Area
0
0.04
0
-468.9439
97.12178
2908.01
0.1
FldObj_MapTowerStairWood_A_01.005
0
-0.5231856
0
-31.74847
233
2961.545
1.0
FldObj_CliffWhiteParts_A_06_Far.004
-2.781528
-1.35517
2.974582
-857.4203
120.0533
2280.392
1.0
FldObj_CliffGashamahi_A_05.018
1.930566
0.7668762
2.671298
-766.9172
198.3775
2574.523
1.0
Item_Fruit_A
0
0.5417855
0
-911.3443
195.5797
2323.431
1.0
LookTag
0
2.677994
0
-885.7067
186.0664
2221.27
1.0
FldObj_CliffWhiteLumpRock_A_01.004
-0.9334761
0.7240155
-0.1124229
-757.6742
122.9338
2386.229
1.0
Enemy_Bokoblin_Junior
0
0.798407
0
-76.94791
180.1366
2901.228
1.0
FldObj_PushRock_A_M_01
-3.14131
-1.044332
-1.564564
-943.9801
275.57
2327.005
1.5
Item_Fruit_A
0
0
0
-39.49997
200.9834
2905.9
1.0
Area
0
-3.141593
0
-925.03
272.8397
2316.229
10
LinkTagAnd
0
0
0
-783
200
2257
1.0
LinkTagOr
0
1.681594
0
-609.5309
93.24519
2393.137
1.0
Weapon_Sword_004
-1.945861
0.2739224
-0.1382764
-904.1136
179.6485
2205.325
1.0
FldObj_CliffGashamahi_A_03_Far.007
1.323588
-0.3708476
-2.601548
171.3193
72.43761
2623.248
1.0
LinkTagAnd
0
0
0
-78.19717
158.5547
2387.856
1.0
Enemy_Lizalfos_Guard_Junior_LongVisibility
0
-2.356194
0
-808
197.5
2108
1.0
Enemy_AirOctarock
0
-1.734601
0
-82.80966
158.6328
2381.656
1.0
FldObj_CliffGashamahi_A_01_Far.007
-0.3391034
1.278014
1.022721
-671.2373
172.1948
2693.301
1.0
FldObj_RockDislocation_D_03.009
-1.105868
1.047852
-0.7854187
-55.64911
193.965
2911.613
1.0
FldObj_CliffLakeHylia_A_02_Far
0
0
0
70.258
121.394
2119.674
1.0
LinkTagAnd
0
0
0
-675.656
139.573
2284.905
1.0
ActorObserverTag
0
0.04
0
-468.3724
98.27178
2908.538
1.0
BottomTag
0
-5.960464E-08
0
-485.2152
225.3728
2182.992
1.0
TwnObj_TempleOfTime_Wall_B_04_Far.001
0
0.4381998
0
-742.679
138.5058
2323.689
1.0
LinkTagAnd
0
0
0
-76.98724
158.6094
2377.23
1.0
FldObj_MapTowerStairWood_A_01.006
0
1.56159
0
-31.81128
233
2961.68
1.0
FldObj_CliffWhiteParts_A_06.003
-2.981592
0.8215924
3.141593
-915.4391
112.0691
2283.513
1.2
Obj_TreeApple_A_M_01.003
0
0
0
-202.5003
172.7778
2987.629
1.0
SignalFlowchart
0
0
0
-671.0852
139.1867
2283.607
1.0
PlayerInAreaAutoEnemyForbidTag
0
-3.141593
0
-925.03
272.8396
2291.229
1.0
FldObj_CliffGashamahi_A_04_Far.003
2.417927
-0.4073515
2.730729
-706.3594
162.3487
2479.448
1.0
LinkTagNAnd
-1.511608
0.4912579
3.013235
-8.037384
126.4533
2579.956
1.0
FldObj_CliffWhiteWall_A_02.001
2.609719
0.9365101
3.017736
-929.3773
271.4145
2089.016
0.85
LinkTagAnd
0
0
0
-10.58559
138.296
2576.809
1.0
Item_Fruit_I
0
3.083392
0
-985.407
251.7529
2009.097
1.0
FldObj_CliffWhiteScaffold_A_01_Far
0
1.46
0
-922.3031
207.4321
2321.104
1.0
LinkTagAnd
0
0.5199998
0
-22.28925
247
2956.101
1.0
FldObj_CliffGashamahi_A_06.001
-2.780395
0.801182
-2.689155
-748.326
232.7215
2864.679
1.293421
Item_Fruit_A
0
0
0
-36.49997
199.9334
2909.6
1.0
EnemyLookTag
0
-1.659999
0
-116.3246
190.0709
2991.968
1.0
LinkTagAnd
0
0
0
-780
195
2252
1.0
Obj_TreeConiferous_A_01
0
2.094395
0
-862.5
189.92
2293.05
1.0
FldObj_CliffGashamahi_A_01_Far.008
1.783772
0.384793
-3.090901
-322.9528
86.79819
2545.462
1.0
KibakoDesert_Contain_01
0
-2.170796
0
-78.38174
145.0145
2420.666
1.0
Item_Fruit_A
0
0.5417855
0
-906.866
194.5297
2325.054
1.0
BoarMeat_Frame
0
0.05999999
0
-897.5555
179.4229
2219.446
1.0
FldObj_MapTower_A_01_Far
0
0
0
-31.81555
206.2987
2961.601
1.0
FldObj_CliffGashamahi_A_05.019
-0.3901611
1.074759
0.135833
-366.1472
81.26633
2574.289
1.0
LinkTagOr
0
0
0
-203.0996
172.7778
2991.101
1.0
FldObj_RockDislocation_D_03.010
-2.767749
-0.3780992
-3.071935
-77.83084
198.9294
2936.441
1.0
FireWood
0
-2.8
0
-647
190.1171
2194.719
1.0
FldObj_HyliaBridgeGate_A_01_Far
0
-2.790799
0
37.93109
145.0145
2723.806
1.0
FldObj_RockDislocation_D_03.011
-2.587389
0.8553688
-2.69072
26.67401
156.7194
2826.467
1.0
Obj_Plant_Korok_A_01.003
-1.676219
-0.7909791
-0.304574
-11.35718
138.6709
2577.648
1.0
LinkTagAnd
0
0
0
-77.5
160
2382.5
1.0
FldObj_HyliaBridge_A_01_Far
0
-2.790799
0
-38.95642
145.0145
2513.689
1.0
GrassCutTag
0
1.04
0
-15.1015
162.0625
2839.492
1.0
FldObj_CliffGashamahi_A_03_Far.008
-1.103315
-0.5947651
-0.3060887
-685.3384
239.513
2989.631
1.0
BottomTag
0
-5.960464E-08
0
-966.8275
375.3256
2586.786
1.0
FldObj_MountainLakeHylia_A_03_Far.003
2.981593
-1.360001
3.141593
-447.0338
137.8531
3019.593
1.0
LinkTagAnd
0
0
0
-769.5
214
2098
3
LinkTagAnd
0
0
0
-84.81152
145
2364.889
1.0
LinkTagAnd
0
0
0
-37.40747
161.8359
2518.481
1.0
FldObj_RockDislocation_D_03.012
-0.1912081
0.07990887
-0.3154686
-65.79169
179.7399
2855.174
1.0
LinkTagAnd
0
2.599999
0
-41.25861
219
2955.913
1.0
FldObj_CliffWhiteEdgeParts_A_03_Far.008
0
-0.05238855
0
-895.3489
179.3906
2233.404
1.0
FldObj_MapTowerStairWood_A_01.007
0
1.56159
0
-31.81979
261
2961.498
1.0
FldObj_CliffGashamahi_A_04_Far.004
2.464254
0.7372028
-3.00544
-696.0921
256.4912
2965.254
1.0
FldObj_MountainLakeHylia_A_03_Far.004
0
-2.822497
0
-360.1776
87.19814
2883.335
1.151777
ActorObserverTag
0
0
0
-803.5
195
2260
1.0
Kibako_Contain_01
-3.136325
0.03845397
3.141288
-643.7374
189.5246
2180.984
1.0
LinkTagAnd
0
0
0
-928.5703
266.824
2321.728
1.0
LinkTagAnd
0
0.05999999
0
-882.2695
179.2579
2215.725
1.0
Area
0
-3.141593
0
-925.03
272.8397
2306.229
15
FldObj_DownloadTerminalBody_A_01
0
0
0
-31.81555
280.4807
2961.601
1.0
BottomTag
0
-5.960464E-08
0
-850.1079
294.4847
2272.326
1.0
Obj_BoardWood_Square_01.001
0
-0.5235988
0
-89
156.5
2425.5
1.0
FldObj_CliffWhiteParts_A_03_Far.005
2.961593
-1.341593
3.141593
-866.3231
161.5975
2301.531
1.0
FldObj_CliffGashamahi_A_03_Far.009
-2.24335
0.9599826
-0.9989188
-620.3244
221.305
2991.549
1.0
KorokAnswerResponce
0
0
0
-113.6198
192.2931
2307.351
0.5
LinkTagAnd
0
0
0
-802.7828
194.1611
2124.458
3
FldObj_CliffWhiteEdgeParts_A_03_Far.009
0
-1.492388
0
-866.2888
190.0078
2258.871
1.0
AreaCulling_InnerHide
-0.2000002
0.00928477
0
-74.91904
181.5445
2893.178
1.0
FldObj_CliffGashamahi_A_04_Far.005
-1.251876
-1.042482
0.08471959
-762.0483
229.948
2940.128
1.0
Obj_RockSetWhite_A_L_01
1.581119
-0.1465834
-1.526702
-776.631
189.2996
2120.657
1.0
ForceSetPosDirAutoSaveAnchor
0
1.4
0
-334.9302
68.02226
2599.024
1.0
LinkTagOr
0
1.520004
0
-792.0081
203.8972
2256.674
1.0
LinkTagOr
2.130811E-07
1.26
6.769239E-08
-5.378235
132.0328
2584.098
1.0
FldObj_CliffWhite_A_S_01.002
0
0
0
-204.4958
129.0781
2052.325
1.0
FldObj_DownloadTerminal_A_01
0
0
0
-31.81561
280.4806
2961.601
1.0
LinkTagAnd
0
0
0
-78
157.5
2381.5
1.0
LocationTag
0
0
0
-827.9
188.3
2143.4
1.0
Obj_Plant_ChiliPepper_A_01.002
0
0
0
-978.7513
249.0555
2025.152
1.0
FldObj_CliffGashamahi_A_05.020
-2.409275
0.2933541
-0.2939624
-833.042
170.7858
2468.11
1.0
FldObj_KorokStoneLift_A_01
0.07427889
-0.02708698
-0.2227789
-449.7741
84.99406
2884.454
1.0
DungeonBird_test
0
0
0
-334.5161
57.18787
2591.609
1.0
Obj_ShieldFenceWood_A_M_01.001
0.2617994
-1.134464
0
-926.6
179.4
2205.8
0.9
DragonDropItemTarget
0
0
0
-229.6719
90.00382
2688.313
1.0
Item_Mushroom_A
0.3490658
0
-1.047198
-789
194.4029
2259.5
1.0
FldObj_CliffGashamahi_A_05.021
-1.872175
0.2263002
-0.5310605
-685.1731
171.784
2626.625
1.0
Enemy_Bokoblin_Junior
0
-2.990796
0
-191.3513
134.9997
2211.799
1.0
LinkTagAnd
0
0.5199998
0
-22.28925
247
2956.101
1.0
FldObj_CliffGashamahi_A_01_Far.009
-1.559999
-0.5800001
0
-293.7528
89.55807
2630.39
1.0
FldObj_CliffWhiteParts_A_05
0
1.441594
0
-897.0365
179.2167
2119.35
1.0
FldObj_CliffWhiteParts_A_02.001
-0.3166384
0.3956763
0.2691898
-215.8142
103.5352
2232.917
1.0
Obj_BoxIron_A_M_01.006
0
-0.7853982
0
212.1783
86.59116
2600.838
0.8
FldObj_MountainLakeHylia_A_05_Far.005
-3.070556
0.2869566
3.037838
-17.65689
82.33016
2676.521
1.0
Enemy_Bokoblin_Junior
0
0
0
-863.2593
240.9629
2754.381
1.0
LinkTagAnd
0
0
0
-795
200
2252
1.0
Area
0
1.62
0
-861.0258
184.847
2202.875
2
AnchorAction2
0
-1.658063
0
-802
193.155
2263
1.0
Obj_RockSetWhite_A_L_01.001
-1.676648
-1.144629
1.179627
-881.1456
222.4304
2055.276
1.0
TwnObj_TempleOfTime_Wall_B_02
0
0.4709073
0
-477.1134
130.811
2082.291
1.0
ConstraintDummy
0
0
0
215.3163
86.60267
2594.799
1.0
LinkTagAnd
0
0
0
-729.0233
196.7072
2120.719
3
LinkTagNAnd
0
0
0
-659.4201
199.6089
2201.46
2
LinkTagAnd
0
0
0
-855
192
2300
1.0
LinkTagAnd
0
2.62
0
-41.37793
247
2956.083
1.0
FldObj_CliffSnowWall_D_19_Far
0
0
0
-1016.376
311.7314
2319.599
1.0
AreaCulling_InnerHide
0
-0.09999999
0
-22.21991
195.552
2933.429
1.0
Area
0
0.5199998
0
-26.82449
248.6172
2958.584
2.75
Obj_KorokPot_A_01
-2.474845
-0.5459633
2.479708
-925.4442
235.7343
2936.518
1.0
DgnObj_EntranceTerminal_A_01
0
2.617994
0
-927.0303
274.1687
2315.229
1.0
TwnObj_TempleOfTime_Wall_B_04.002
0
0.9617985
0
-649.694
138.5058
2245.173
1.0
FldObj_CliffWhiteEdgeParts_A_03.009
0
0.4276116
0
-918.3098
179.3906
2235.973
1.0
FldObj_MountainLakeHylia_A_03_Far.005
-0.5716179
1.343461
-0.5429326
-404.4908
100.8276
3015.815
1.0
FldObj_CliffGashamahi_A_05.022
-1.390655
0.7630596
-0.67869
-769.0602
190.9626
2505.242
1.0
FldObj_CliffWhiteEdgeParts_A_03.010
0
1.570796
0
-895.3562
190
2312.498
1.0
Area
0
-2.8
0
-647
190.1171
2194.719
100
Area
0
-1.08
0
-516.5762
173
2139.924
1.0
TwnObj_TempleOfTime_Wall_B_04_Far.002
0
0.9617985
0
-649.694
138.5058
2245.173
1.0
LinkTagAnd
0
0
0
-947
288
2298.5
1.0
FldObj_CliffWhiteParts_A_06_Far.005
-2.981592
0.8215924
3.141593
-915.4391
112.0691
2283.513
1.2
Enemy_Bokoblin_Guard_Junior_TreeHouseTop
0
1.481593
0
-165.4071
145.6494
2201.205
1.0
LinkTagAnd
0
0
0
-25.09738
280.4509
2959.208
1.0
LinkTagAnd
0
0.04
0
-468.6322
99.27178
2908.298
1.0
FldObj_CliffWhiteWall_A_02_Far
2.609719
0.9365101
3.017736
-929.3773
271.4145
2089.016
0.85
FldObj_CliffWhiteEdgeParts_A_04.001
0
0.08000018
0
-795.8134
190
2325.912
1.0
LinkTagAnd
0
0
0
-31.81555
210.6182
2961.601
1.0
Area
0
2.599999
0
-36.87915
220.6172
2958.662
2.75
FldObj_MountainLakeHylia_A_05_Far.006
-2.966681
1.262291
3.115425
-569.5427
77.66148
2542.028
1.0
Obj_TreeConiferous_A_03.005
0
6.061981
0
-871.3584
189.9559
2303.552
1.0
Area
0
0
0
198.3997
86.8812
2596.468
1.5
ActorObserverTag
0
0
0
-859
192
2298
1.0
FldObj_CliffGashamahi_A_01.008
1.776978
-0.4375201
2.696395
-533.861
167.9444
2973.792
1.0
FldObj_CliffGashamahi_A_01.009
-1.76
0
0
-825.1592
223.6152
2537.364
1.0
LinkTagOr
0
0
0
-978.2208
249.0555
2023.087
1.0
Area
0
-1.570796
0
-892.2223
168
2378.624
1.0
FldObj_CliffWhiteEdgeParts_A_03.011
0
-1.632388
0
-867.3455
190
2292.849
1.0
SwitchTimeLag
-3.008217
0.4113796
-3.092485
-4.611023
141.1915
2577.64
0.5
LinkTagAnd
0
0
0
-764
232
2090
3
FldObj_CliffSnowWall_D_19
0
0
0
-1016.376
311.7314
2319.599
1.0
TwnObj_TempleOfTime_Wall_B_04.003
0
0.6018069
0
-450.3675
130.811
2064.344
1.0
EnemyLookTag
0
2.62
0
-9.724426
183.043
2895.177
1.0
AreaCulling_InnerHide
-0.2
-0.9101525
0
-63.36137
176.2873
2871.304
1.0
Area
0
1.080001
0
-54.77505
129.9469
2492.44
2
Area
0
-0.4831856
0
-26.75186
262.6172
2964.227
2.75
FldObj_MountainLakeHylia_A_05.005
-2.966681
1.262291
3.115425
-569.5427
77.66148
2542.028
1.0
LinkTagAnd
0
0
0
-86.5
145
2363.5
1.0
Enemy_Lizalfos_Junior
0
-0.1599999
0
-12.54587
177.95
2876.631
1.0
FldObj_RockDislocation_D_03.013
3.122007
-0.07773481
2.806631
30.90466
146.7629
2775.896
1.0
FldObj_CliffWhiteLumpRock_A_01.005
0.1180421
-0.7761647
-0.2812031
-268.3446
121.2258
2179.775
1.0
Area
0
0
0
-500
260
2680
1.0
LinkTagAnd
0
-3.141593
0
-910.03
282.8397
2311.229
1.0
LinkTagNone
0
0
0
-84.81152
145
2364.889
1.0
DestinationAnchor
0
0.8764015
0
-335.2022
68.02226
2600.601
1.0
LinkTagAnd
0
-2.919999
0
126.0303
97.14844
2710.438
1.0
FldObj_CliffGashamahi_A_05.023
2.581412
0.062681
-3.139563
-657.4703
97.50393
2431.528
1.0
Npc_HiddenKorokGround
0
-1.640002
0
-925.2401
237.0128
2936.44
1.0
DgnObj_EntranceShutter_A_01
0
-1.741593
0
-331.9258
68.02243
2599.644
1.0
FldObj_CliffGashamahi_A_04_Far.006
2.317104
0.6726241
-2.977906
-716.147
195.3828
2844.494
1.0
FldObj_FirstPlateauSouthPlatform_A_01_Far
0
2.923185
0
-944.8819
188.2437
2252.064
1.0
Area
0
1.570796
0
-802.5
185
2258
12
LinkTagAnd
0
0.5000002
0
-22.23068
219
2956.267
1.0
FldObj_CliffGashamahi_A_05.024
2.388081
0.8373105
3.123276
-628.5638
208.2693
2947.123
1.0
FldObj_RockDislocation_D_02_Far.002
-0.2771045
0.4534043
0.540769
-174.447
187.045
2952.051
1.0
LinkTagNAnd
0
0
0
-783
200
2254
1.0
Enemy_Bokoblin_Junior
0
2.44
0
37.50006
142.2184
2787.5
1.0
TwnObj_HunterHouseLamp_A_01.001
0
4.712389
0
-791.1053
196.2116
2253.787
1.0
Weapon_Spear_021
-1.313486
0.3009
3.102117
-654.9
193.1
2192
1.0
LinkTagAnd
0
0
0
-671.0852
139.1867
2283.607
1.0
EnemyChatFortMgrTag
0
-2.8
0
-647
190.1171
2194.719
1.0
FldObj_MapTowerStairWood_A_01_Far.008
0
-2.623186
0
-31.79678
261
2961.55
1.0
LinkTagNAnd
0
0
0
-776.0303
290.252
2133.496
5
LinkTagAnd
0
0
0
-114.823
190.9337
2307.351
1.0
LinkTagAnd
0
1.830657
0
-832.7687
202.6614
2145.92
1.0
LinkTagNAnd
0
0
0
-652.1964
189.8358
2195.367
5
LookTag
0
-3.141593
0
-925.0303
273.1685
2310.729
1.0
Area
1.715501
0.4675204
0.1437517
-11.6111
120.694
2583.064
1.0
LinkTagAnd
0
-3.141593
0
-935.03
272.8396
2316.229
1.0
ActorObserverTag
0
0
0
-770
195
2260
1.0
LinkTagAnd
0
0
0
-948.5
288
2300.5
1.0
FldObj_RockDislocation_D_02
-1.608575
1.416564
-1.652171
-74.17346
180.2261
2899.514
1.0
FldObj_RockDislocation_D_03_Far.012
-2.315796
0.8423571
-2.703887
-36.17264
174.1745
2869.056
0.7
LinkTagAnd
2.984679
-1.500063
-2.865571
-925.5043
239.5045
2935.969
1.0
FldObj_CliffGashamahi_A_05.025
0.2808519
-0.07687815
3.101033
-325.6929
60.89722
2567.754
1.0
FldObj_CliffWhiteEdgeParts_A_03.012
0
0.7107965
0
-906.5906
190
2337.865
1.0
LinkTagOr
0
-3.12
0
-663.1348
190.0464
2198.443
1.0
LinkTagAnd
0
0
0
-672.5604
138.4003
2281.962
1.0
FldObj_RockDislocation_D_03.014
-0.6642073
-0.4580398
0.6386518
8.306946
166.7276
2842.404
1.0
Item_Mushroom_A
-0.03612135
-1.205094
-0.1645129
-933.5
179.4497
2209.4
1.0
ConstraintDummy
0
1.087293
0
-218.3827
92.93114
2307.775
1.0
FldObj_CliffGashamahi_A_05.026
1.846971
-0.1350276
2.835857
-791.7673
142.605
2444.024
1.0
FldObj_MapTowerStairWood_A_01_Far.009
0
-0.5231856
0
-31.74847
233
2961.545
1.0
FldObj_RockDislocation_D_02.001
-0.5985606
-1.042335
-0.4243552
58.5968
157.7298
2859.375
1.0
Area
0
0
0
-31.81555
281.2986
2961.601
40
LinkTagAnd
0
0
0
-66.74554
126.5046
2440.657
1.0
TBox_Field_Enemy
0
-3.081593
0
-886.4996
184.3064
2222.856
1.0
FldObj_RockDislocation_D_01_Far.005
-2.860833
-0.5256963
2.940669
26.93658
174.0917
2868.612
1.0
LinkTagNone
0
0
0
-925.03
272.8397
2306.129
1.0
Area
0
0.8199998
0
200.8704
93.34924
2603.86
2
EventTag
0
-2.265192
0
-334.4338
68.02226
2601.24
0.6
FldObj_CliffWhiteParts_A_03.005
0.063981
-0.1798437
-0.2346817
-843.3114
179.9697
2334.407
1.0
LinkTagAnd
0
2.599999
0
-41.25861
219
2955.913
1.0
Area
0
2.356194
0
-929
272.9293
2311
20
Area
2.130811E-07
1.26
6.769239E-08
-5.378234
130.2328
2584.098
2
FldObj_CliffWhiteParts_A_03.006
0.05534686
1.359678
0.01572566
-892.9867
179.726
2323.608
1.0
DgnObj_EntranceShutterSP
0
1.830657
0
-830.8887
189.8002
2144.091
1.0
Obj_RockSetWhite_A_L_01_Far.002
-0.0945778
-0.1046595
-0.8120794
-782.4923
187.9782
2204.245
1.0
LinkTagAnd
0
0
0
-797.5
200
2255
1.0
FldObj_RockDislocation_D_01.005
-2.860833
-0.5256963
2.940669
26.93658
174.0917
2868.612
1.0
LinkTagAnd
0
0
0
-754.0953
193.018
2097.008
3
AnchorAction1
0
2.356194
0
-922
272.9293
2304
1.0
Weapon_Sword_044
1.408938
-0.04952854
2.847203
-53.06088
129.0923
2492.836
1.0
FldObj_CliffGashamahi_A_05.027
2.421046
1.09196
-3.073169
-597.569
169.9607
2912.007
1.0
FldObj_CliffGashamahi_A_05.028
-1.744662
-1.174999
0.02138483
-894.3453
220.4058
2915.893
1.0
Rope
-0.6800256
0.4764285
0
-397.6645
92.58573
2631.685
1.0
Rope
-0.6800256
-1.530701
0
73.20398
92.58574
2653.978
1.0
FldObj_CliffGashamahi_A_03.011
-0.9989008
-0.9290323
-0.3381556
-353.0882
79.69613
2561.371
1.0
EnemyChatFortMgrTag
0
-2.343186
0
-75.51541
180.3255
2902.623
1.0
PosAfterDemoSkip
0
-1.310935
0
-827.9
189.8
2143.4
1.0
LocationTag
0
0
0
-928.5703
266.824
2321.728
1.0
Enemy_Lizalfos_Fire_Guard_Ambush
0
-0.523599
0
-802.5
190.5
2124
1.0
Enemy_Bokoblin_Senior
0
-1.38
0
-42.99997
195.7639
2909
1.0
FldObj_CliffWhiteTop_A_01_Far
0
0.7599999
0
-963.2297
246.5883
2069.25
1.0
FldObj_CliffLakeHylia_A_02
0
0
0
70.258
121.394
2119.674
1.0
FldObj_CliffWhiteParts_A_06.004
0.5
-0.36
0
-866.2574
141.7364
2229.533
1.0
FldObj_CliffWhiteScaffold_A_01.001
0
1.46
0
-922.3031
207.4321
2321.104
1.0
FldObj_RockDislocation_D_03_Far.013
-0.9294499
1.027712
-0.5655625
-64.54285
186.7509
2901.272
1.0
EnemyChatFortMgrTag
0
-0.72
0
-45.93744
202.5808
2984.109
1.0
Enemy_AirOctarock
0
-1.308997
0
-94.01187
158.1094
2427.209
1.0
FldObj_CliffGashamahi_A_01.010
-1.64
0
0
-833.2623
220.1005
2831.262
1.0
FldObj_CliffSnowWall_D_18_Far
0
0.8200002
0
-957.6127
305.2794
2147.656
1.0
BottomTag
0
-5.960464E-08
0
-401.1581
203.1504
2090.56
1.0
FldObj_MapTower_A_01
0
0
0
-31.81555
206.2987
2961.601
1.0
FldObj_RockDislocation_D_03_Far.014
-3.135012
-0.4687804
3.119692
-4.505035
177.1387
2877.875
1.0
TwnObj_TempleOfTime_Wall_B_04.004
0
0.3399999
0
-505.3958
130.8105
2092.296
1.0
PlayerInAreaAutoEnemyForbidTag
0
0
0
-31.81555
266.2986
2971.601
1.0
TwnObj_TempleOfTime_Wall_B_01.001
0
0.2091079
0
-533.6786
130.811
2102.301
1.0
Item_Fruit_A
0
1.396263
0
-740.7728
193.1432
2183.059
1.0
FldObj_RockDislocation_D_01.006
-0.4339271
-0.5496505
0.1709259
-6.542633
160.0721
2840.052
0.9924756
FldObj_CliffWhiteScaffold_A_01_Far.001
0.3305549
1.234238
0.1681867
-922.4242
230.8286
2317.473
1.0
FldObj_HyliaBridgeGate_A_01.001
0
-2.790799
0
37.93109
145.0145
2723.806
1.0
LinkTagAnd
0
0
0
-764
236
2090
3
LinkTagNAnd
0
0
0
-902.0386
184.1729
2219.869
5
LinkTagAnd
0
-3.141593
0
-915.03
272.8397
2316.229
1.0
TwnObj_TempleOfTime_Wall_B_04_Far.003
0
0.0782082
0
-565.0504
130.811
2105.072
1.0
LinkTagAnd
0
-2.919999
0
127.5
99
2710
1.0
LinkTagAnd
0
0
0
-855
192
2302
1.0
FldObj_MapTowerStairWood_A_01_Far.010
0
-2.623186
0
-31.75702
233
2961.608
1.0
FldObj_CliffWhite_A_S_01_Far.003
0
0
0
-815.4842
190.3322
2105.323
1.0
LinkTagOr
-1.147627
0.2521612
0.3872893
-461.718
91.64445
2896.236
1.0
EventTag
0
2.617994
0
-927.0303
274.1685
2315.229
0.6
AirOcta_Tag
0
-2.519999
0
-77.5
160
2382.5
1.0
Item_Fruit_A
0
0.5417855
0
-855.4086
195.488
2277.603
1.0
Enemy_Bokoblin_Junior
0
0.05999999
0
-898.0649
179.3944
2210.925
1.0
FldObj_CliffWhiteEdgeParts_A_03_Far.010
0
-0.7323877
0
-857.6609
190
2323.09
1.0
SwitchTimeLag
0
0.05999999
0
-886.5776
199.2565
2208.475
1.0
FldObj_RockDislocation_D_03_Far.015
-2.587389
0.8553688
-2.69072
26.67401
156.7194
2826.467
1.0
FldObj_CliffGashamahi_A_06_Far.003
-2.780395
0.801182
-2.689155
-748.326
232.7215
2864.679
1.293421
LinkTagAnd
0
0
0
-777.5
197
2135.5
1.0
Area
0
-1.579999
0
-781.1497
195.1
2259.621
1.0
FldObj_CliffWhiteParts_A_03_Far.006
-2.741472
1.142588
-2.864947
-898.2352
179.7512
2293.463
1.0
FldObj_MountainLakeHylia_A_03_Far.006
-2.961593
1.380004
-3.141592
-571.134
91.29404
2618.099
1.06609
Enemy_Bokoblin_Middle
0
0.3600001
0
-853.2593
236.8602
2763.881
1.0
FldObj_RockDislocation_D_01_Far.006
-0.4208069
0.7971113
-0.5926726
-43.61182
188.353
2903.624
1.0
TwnObj_TempleOfTime_Wall_B_04.005
0
0.6999998
0
-691.349
138.5058
2290.718
1.0
Obj_TreeApple_A_L_01
0
0
0
-38.5
195.6334
2908.5
1.0
LinkTagAnd
0
0
0
-857
192
2302
1.0
LinkTagAnd
0
0
0
-764
218
2090
3
FldObj_MountainLakeHylia_A_03.007
-3.021593
-0.8888601
-3.141592
-176.1163
90.77132
2775.466
1.0
Obj_BoxIron_A_M_01.007
0
-0.7853982
0
189.7408
86.59116
2605.275
0.8
Obj_TreeApple_A_L_01.001
0
0.5417855
0
-909.1468
190.2297
2325.143
1.0
FldObj_CliffWhiteEdgeParts_A_03.013
0
-0.3292035
0
-965.2761
190
2347.553
1.0
FldObj_RockDislocation_D_05
-0.1296439
0.6973966
-0.4071512
36.1554
171.8874
2880.75
1.0
FldObj_CliffWhiteParts_A_03_Far.007
0.063981
-0.1798437
-0.2346817
-843.3114
179.9697
2334.407
1.0
KibakoDesert_Contain_01
0
-2.081592
0
-86.5
145
2363.5
1.0
EnemyLookTag
0
-0.6599999
0
-133.8515
190.8056
2966.01
1.0
LinkTagOr
0
0
0
-460.718
96.14445
2896.236
1.0
LinkTagAnd
0
0
0
-770.6719
214
2094.008
3
FldObj_CliffGashamahi_A_05.029
-1.897704
-0.3466559
-0.4600323
-574.1012
194.2696
2989.684
1.0
FldObj_HyliaStoneRuinStraightWall_A_01
0
2.094395
0
-698.3403
138.8917
2299.017
1.0
LinkTagAnd
0
0
0
-759.3826
192.9884
2168.578
3
EnemyFortressMgrTag
0
0.05999999
0
-897.5555
179.4229
2219.446
1.0
Area
0
0
0
-649.9
190.4
2191.5
20
Npc_HiddenKorokFly
0
0
0
-38.98267
152.9507
2513.643
1.0
Item_Fruit_A
0
1.938049
0
-856.4518
192.728
2274.476
1.0
FldObj_RockDislocation_D_03_Far.016
-0.5121465
0.9415115
-0.8242616
12.35413
189.9942
2946.054
1.0
LinkTagOr
0
0
0
-803.5
195
2254.5
1.0
FldObj_HyliaBridgeFoot_A_01
0
0.8199999
0
-110.3091
145.0606
2305.638
1.0
Item_Fruit_I
0
2.037994
0
-977.3105
249.8522
2025.477
1.0
Item_Fruit_A
0
0
0
-741.4916
195.9032
2186.276
1.0
Enemy_Bokoblin_Guard_Middle_TreeHouseTop
0
2.239999
0
25.71503
185.6329
2899.984
1.0
EnemyChatFortMgrTag
0
1.04
0
-15.1015
162.0625
2839.492
1.0
FldObj_CliffGashamahi_A_07.001
-1.216675
0.9164096
0.4360498
-373.11
84.13515
2585.145
1.0
Weapon_Sword_004
-1.960962
0.3433568
0.05844779
-902.3405
179.6336
2204.811
0.9915404
Enemy_Lizalfos_Middle
0
2.421593
0
-49.23438
202.6103
2987.869
1.0
Item_Mushroom_A
-0.2617994
0
0
-931
179.1153
2210.703
1.0
LinkTagAnd
-1.437421
0.4113796
-3.092485
-4.615509
140.1989
2577.762
1.0
LinkTagAnd
0
-1.659999
0
-854.3928
217.8
2119.025
3
MusicianSpotBgmTag
0
0
0
-775
196
2133
5
FldObj_HyliaStoneRuinDebris_A_01
-2.84189
0.9015385
2.932075
-663.5384
139.777
2266.732
1.0
TwnObj_TempleOfTime_Wall_B_02.001
0
0.8308989
0
-668.404
138.5055
2271.391
1.0
LinkTagOr
0
0
0
-668.3983
139.3753
2277.409
1.0
FldObj_RockDislocation_D_02_Far.003
-0.5985606
-1.042335
-0.4243552
58.5968
157.7298
2859.375
1.0
LinkTagNone
0
0
0
-853.2593
239.6948
2748.381
1.0
Enemy_Bokoblin_Middle
0
-0.62
0
-143.5
181.0166
2991.5
1.0
AreaCulling_InnerHide
0
-0.7519816
0
-146.7281
186.6548
2988.813
1.0
ActorObserverTag
0
0
0
-940
277
2325
1.0
FldObj_CliffGashamahi_A_05.030
1.569368
1.148727
2.141406
-735.8843
208.5104
2719.367
1.0
FldObj_RockDislocation_D_03_Far.017
-0.1912081
0.07990887
-0.3154686
-65.79169
179.7399
2855.174
1.0
Weapon_Sword_004
-2.022986
0.6549378
-0.06942183
-654.1935
190.185
2186.897
0.9915404
Npc_HiddenKorokFly
0
-2.656194
0
-398.4
103.87
2559.24
1.0
LinkTagOr
0
0.3415925
0
-115.0138
189.3435
2303.224
1.0
LinkTagAnd
0
0
0
-802.1014
194.7618
2126.187
3
KibakoDesert_Contain_01
0
1.12
0
-85.5
145
2367
1.0
LinkTagOr
0
1.561596
0
-674.4264
92.77316
2394.792
1.0
FldObj_CliffWhiteParts_A_02.002
-0.06858703
1.299918
-0.00896169
-906.039
139.4264
2309.688
1.0
FldObj_HyliaStoneRuinStraightWall_A_01_Far
0
2.094395
0
-698.3403
138.8917
2299.017
1.0
FldObj_CliffWhiteSet_A_01
0
-2.26
0
-244.8885
124.7437
2159.651
1.0
Enemy_Moriblin_Senior
0
-2.617994
0
-791
190
2134.5
1.0
AnchorAction1
0
-1.256637
0
-860.9999
189.9994
2292.5
1.0
FldObj_CliffGashamahi_A_01_Far.010
-1.559999
-0.5800001
0
-242.2665
78.29592
2669.883
1.0
Item_Fruit_A
0
0
0
-40.64996
200.8834
2907.45
1.0
TwnObj_TempleOfTime_Wall_B_01_Far.001
0
0.2091079
0
-533.6786
130.811
2102.301
1.0
LinkTagAnd
0
0
0
-778.442
269.8431
2134.282
5
PlayerOnScaffoldCheckTag
0
0.05999999
0
-891.537
186.2664
2222.384
1.0
FldObj_CliffWhiteWall_A_02_Far.001
0
0.6
0
-923.8722
274.4825
2148.318
1.0
SwitchTimeLag
0
0
0
-672.5604
138.4003
2281.962
1.0
FldObj_CliffGashamahi_A_01_Far.011
0
-2.54
0
-318.2639
62.67612
2634.999
1.0
LinkTagAnd
0
-0.4831856
0
-22.21939
261
2966.716
1.0
Obj_LiftRockWhite_A_01.001
0.1942184
0.01666339
-0.1706432
-74.39691
90.47088
2412.857
0.8
Area
0
-1.08
0
-516.5762
167
2139.924
1.0
FidObj_TorchStandOff_A_01
0
0
0
-103.6984
185.8946
2299.415
1.0
Item_Fruit_A
0
0.5417855
0
-911.5303
195.4797
2325.352
1.0
LinkTagOr
0
0
0
-760
195
2265
1.0
Obj_RockSetWhite_A_L_01.002
-0.0945778
-0.1046595
-0.8120794
-782.4923
187.9782
2204.245
1.0
Obj_RaftWood_A_S_02.001
0
1.087294
0
-213.6869
89.99314
2309.361
1.0
FldObj_CliffWhiteEdgeParts_A_03_Far.011
0
0.7107965
0
-906.5906
190
2337.865
1.0
Area
0.05235988
-1.658063
0
-943.7417
272.7989
2327.196
1.0
LinkTagNAnd
-1.437421
0.4113796
-3.092485
-2.784576
140.2889
2578.562
1.0
PlayerForbidHangTag
0
0
0
-612.0355
265.9854
2394.039
1.0
FldObj_MountainLakeHylia_A_05.006
0.02060297
0.3682326
0.05580678
-624.6379
101.9652
2677.192
1.0
LinkTagAnd
0
-3.141593
0
-923.5303
286.6685
2319.229
0.6
FldObj_MountainLakeHylia_A_04_Far.001
0
-2.375918
0
-263.0134
85.39013
2896.648
1.0
LinkTagNone
0
0
0
-54.77505
129.9469
2492.44
1.0
FldObj_CliffGashamahi_A_04_Far.007
-2.344841
-0.2276272
-0.3847007
-683.1731
99.28879
2531.625
1.0
Npc_HiddenKorokFly
0
0
0
-66.24554
124.0046
2440.657
1.0
EventTag
0
-2.919999
0
128.5303
98.14844
2709.938
1.0
Item_Fruit_A
0
0.5417855
0
-908.0861
195.8297
2323.221
1.0
Obj_BoxIron_A_M_01.008
0
-0.7853982
0
207.4049
86.59116
2614.244
0.8
FldObj_CliffGashamahi_A_01_Far.012
-1.266101
-0.4340625
-0.3265953
-619.5745
134.9038
2769.462
1.0
Area
0
-2.623186
0
-36.77252
234.6172
2964.582
2.75
FldObj_CliffGashamahi_A_03_Far.010
1.752646
-0.7967877
-2.955954
-718.1082
241.1124
2946.574
1.0
FldObj_CliffWhiteLumpRock_A_01.006
5.925103E-08
-0.8000003
0
-243.165
122.2915
2212.272
1.0
Obj_TreeConiferous_A_03.006
0
2.856709
0
-872.2155
190.2346
2295.196
1.0
Area
0
0
0
-100
260
2180
1.0
FldObj_RockDislocation_D_02.002
-0.2771045
0.4534043
0.540769
-174.447
187.045
2952.051
1.0
FldObj_CliffWhiteParts_A_03.007
0.1953468
1.359678
0.01572566
-901.4208
159.2604
2300.758
1.0
LinkTagAnd
0
0
0
-764
228
2090
3
FldObj_CliffWhiteEdgeParts_A_04.002
0
1.321593
0
-616.7045
189.8
2168.642
1.0
Item_Fruit_I
0
-0.32
0
-984.9833
251.683
2009.013
1.0
FldObj_CliffWhiteLumpRock_A_01.007
-0.5816748
0.8758469
0.04355616
-568.825
94.71133
2184.616
1.3
LinkTagAnd
0
0
0
-940
277
2325
1.0
LinkTagAnd
0
0
0
-114.6192
186.1217
2307.847
2
FldObj_MountainLakeHylia_A_03_Far.007
-3.021593
-0.8888601
-3.141592
-176.1163
90.77132
2775.466
1.0
FldObj_RockDislocation_D_03.015
-0.7820199
-0.6110995
0.4377607
-39.61288
196.6095
2921.65
1.0
Item_CookSet
0
-0.72
0
-45.93744
202.5808
2984.109
1.0
Item_Fruit_A
0
0
0
-36.59998
201.2334
2907.4
1.0
FldObj_CliffGashamahi_A_01.011
-1.266101
-0.4340625
-0.3265953
-619.5745
134.9038
2769.462
1.0
FldObj_CliffGashamahi_A_05.031
2.621593
-0.9215929
3.141593
-294.0093
94.35619
2623.905
1.0
FldObj_CliffGashamahi_A_05.032
-3.017142
0.3602629
-0.6903091
-480.7172
84.07431
2924.319
1.0
LinkTagAnd
0
0
0
-800
195
2240
1.0
LinkTagAnd
0
0
0
-776.3635
199.6407
2133.534
3
LinkTagAnd
0
-2.919999
0
124.5
99
2711
1.0
TBox_Field_Iron_NoReaction_Collabo
0
3.023186
0
126.0303
92.64844
2710.938
1.0
EnemyLookTag
0
0
0
-3.140594
181.0215
2908.367
1.0
Enemy_AirOctarock
0
1.406991
0
-72.37476
158.6094
2383.43
1.0
Area
0
-1.563185
0
-31.67957
248.6172
2967.455
2.75
FldObj_MountainLakeHylia_A_05_Far.007
0.02060297
0.3682326
0.05580678
-624.6379
101.9652
2677.192
1.0
FldObj_CliffWhiteParts_A_03_Far.008
-0.1009814
-0.139296
0.01406778
-839.3712
148.2201
2329.943
1.0
FarModelCullingArea
0
0
0
-796.4227
199.8963
2220.25
1.0
FldObj_CliffWhiteParts_A_03.008
-0.1009814
-0.139296
0.01406778
-839.3712
148.2201
2329.943
1.0
ConstraintDummy
0
-0.58
0
-975.6202
248.7422
2026.817
1.0
Obj_Plant_Korok_A_01.004
0
-1.881592
0
-5.378235
129.0328
2584.098
1.0
LinkTagAnd
0
0
0
-764
224
2090
3
FldObj_CliffGashamahi_A_04.005
2.317104
0.6726241
-2.977906
-716.147
195.3828
2844.494
1.0
Area
2.03512
1.354828
1.97601
-668.7503
91.9506
2392.704
0.7
LinkTagAnd
0
-3.081593
0
-879.7692
199.278
2211.158
1.0
BattleBgmRequestFinishTag
0
0
0
-769.368
214.8854
2089.617
1.0
FldObj_CliffWhiteLumpRock_A_01.008
0.4407983
-0.8012431
-3.122407
-727.2191
107.2698
2366.39
1.0
FldObj_MapTowerStairWood_A_01.008
0
2.62
0
-31.84064
247
2961.563
1.0
LinkTagAnd
0
-1.741593
0
-333.8389
68.02226
2597.792
0.3
Npc_Musician_AoC_BalladOfHeroes
0
2.96706
0
-775
195.8552
2134
1.0
Enemy_Lizalfos_Guard_Junior_LongVisibility
0
2.356194
0
-732
192.5
2121
1.0
LinkTagOr
-1.465374
0.7909791
2.837019
-9.428192
137.7336
2575.55
1.0
KorokAnswerResponce
0
0
0
200.1125
93.37146
2594.114
0.5
LinkTagAnd
0
-1.741593
0
-333.8389
68.02226
2597.792
0.3
FldObj_CliffWhiteEdgeParts_A_04_Far.002
0
0.3199999
0
-615.9073
189.375
2116.852
1.0
FldObj_CliffWhiteBroken_A_05.002
0.1557191
-0.8614423
-0.08071883
-65.61288
201.3124
2984.233
1.0
EventTag
0
0
0
-672.1329
142.0263
2278.303
1.0
Weapon_Shield_004
-1.828451
0.1948598
0.2949091
-901.6378
179.6692
2204.504
1.0
LinkTagAnd
0
0
0
-797.5
195
2249
1.0
TBox_Field_Stone
-0.122173
-1.658063
0
-942.1
272.9993
2327.7
1.0
LinkTagAnd
0
0
0
-78.38174
145.0145
2420.666
1.0
LinkTagAnd
0
-2.919999
0
126
103
2710.5
1.0
FldObj_RockDislocation_D_03.016
-0.5504063
0.1902107
0.1251226
-60.19174
182.5533
2883.403
1.0
Area
0
-3.141593
0
-925.03
272.8396
2316.229
10
Item_Fruit_I
1.745329
-1.22173
2.96706
-784.2
194.5
2254.4
1.0
Enemy_Bokoblin_Guard_Junior_TreeHouseTop
0
-2.18
0
-78
157.5
2381.5
1.0
LinkTagAnd
0
0
0
-764
238
2090
3
LinkTagAnd
0
0
0
-795.5
195
2249.5
1.0
FldObj_CliffGashamahi_A_01.012
-2.117262
-1.033526
0.4815284
202.1098
76.16626
2645.431
1.0
Weapon_Lsword_032
3.141593
1.396263
1.22173
-778
194.95
2254
1.0
Enemy_Bokoblin_Junior
0
-2.101592
0
-13.37668
161.7921
2840.505
1.0
Area
0
0
0
-931
179.5
2208.1
5.5
TBox_Field_Wood
0.003747489
-0.0962669
0.001890176
-180.8474
144.7453
2193.16
1.0
FldObj_CliffGashamahi_A_05.033
2.380806
-0.3212309
2.59243
-505.2692
152.1294
2962.192
1.0
FldObj_MapTowerStairWood_A_01.009
0
0.5000002
0
-31.88409
219
2961.541
1.0
LinkTagNAnd
0
0
0
-947
288
2296
1.0
FldObj_CliffWhite_A_01
0
0
0
-774.8737
184.5217
2052.553
1.0
Obj_RaftWood_A_S_02.002
0
0.476429
0
-395.4082
89.99313
2634.822
1.0
FldObj_RockDislocation_D_03.017
-0.9294499
1.027712
-0.5655625
-64.54285
186.7509
2901.272
1.0
LinkTagNAnd
0
0
0
-806.5
195
2254
1.0
FldObj_RockDislocation_D_03.018
-2.964375
-0.272141
2.995778
-12.91876
172.703
2854.544
1.0
Item_Fruit_I
0
2.617994
0
-978.902
250.1655
2024.928
1.0
Weapon_Shield_004
-1.708977
0.5373995
0.3383614
-653.5598
190.2209
2186.255
1.0
FldObj_CliffGashamahi_A_05.034
-0.7034311
0.2992317
-0.4703055
-493.0847
99.76181
2877.783
1.0
FldObj_CliffGashamahi_A_04_Far.008
1.397955
1.254735
2.693683
-994.9148
270.7885
2694.624
1.0
SwitchTimeLag
-1.570796
0
0
-114.823
190.9337
2307.351
0.5
LinkTagAnd
0
0
0
-748.3462
192.5722
2149.471
3
Enemy_Lizalfos_Guard_Junior_LongVisibility
0
0.2617995
0
-776.5
196
2133
1.0
Obj_BoxIron_A_M_01.009
0
-0.7853982
0
193.9987
86.59116
2601.018
0.8
FldObj_RockDislocation_D_03.019
-0.3869734
-0.06942758
0.08065113
-52.90219
174.5094
2875.035
1.0
FldObj_MountainLakeHylia_A_03.008
-0.5716179
1.343461
-0.5429326
-404.4908
100.8276
3015.815
1.0
TwnObj_TempleOfTime_Wall_B_04_Far.004
0
0.3399999
0
-505.3958
130.8105
2092.296
1.0
LinkTagAnd
0
-2.623186
0
-41.31174
233
2967.058
1.0
FldObj_MapTowerStairWood_A_01.010
0
-2.623186
0
-31.79678
261
2961.55
1.0
FldObj_CliffGashamahi_A_05.035
2.923383
-0.9254146
1.585726
-713.6799
163.0922
2565.947
1.0
Area
0
0
0
-892.9547
174
2282.292
1.0
GrassCutTag
0
-2.343186
0
-75.51535
180.3255
2902.623
1.0
FldObj_CliffGashamahi_A_04_Far.009
2.207203
0.3189449
2.75167
-795.0231
250.1012
2629.432
1.0
LinkTagPulse
0.1942184
0.01666339
-0.1706432
-73.47281
91.10816
2412.998
0.2
Area
0
-1.570796
0
-1016.668
200.7
2377.085
1.0
LinkTagAnd
0
0
0
-88.5
157
2424.5
1.0
LinkTagNAnd
0
0
0
-765
195
2260
1.0
KorokAnswerResponce
0
1.921589
0
-69.78955
93.39095
2334.329
0.5
Enemy_Bokoblin_Junior
0
0.8453981
0
-903.0802
179.4704
2214.99
1.0
LinkTagOr
0
2.32
0
5.254883
197.266
2958.14
1.0
FldObj_CliffGashamahi_A_04.006
-2.344841
-0.2276272
-0.3847007
-683.1731
99.28879
2531.625
1.0
Area
0
0
0
-31.86292
269.4933
2967.949
2
FldObj_HyliaBridgeGate_A_01_Far.001
0
-2.790799
0
-115.8708
145.0145
2303.5
1.0
FldObj_CliffWhiteParts_A_06.005
0.251027
0.5048208
-0.05176141
-923.6038
119.9888
2239.207
1.1
Npc_HiddenKorokFly
0
1.520004
0
-792.036
201.3972
2257.223
1.0
DgnObj_EntranceElevator_A_01
0
-3.141593
0
-925.0303
274.1687
2321.229
1.0
LinkTagAnd
0
0
0
-764
226
2090
3
LinkTagAnd
0
0
0
-603.4703
272.2383
2391.687
1.0
LinkTagOr
-3.050925
0.9213186
-3.044867
-602.316
92.76705
2655.584
1.0
FldObj_CliffGashamahi_A_04.007
2.464254
0.7372028
-3.00544
-696.0921
256.4912
2965.254
1.0
TwnObj_TempleOfTime_Wall_B_02_Far.001
0
0.4709073
0
-477.1134
130.811
2082.291
1.0
LinkTagAnd
0
0
0
-5.378234
130.2328
2584.098
1.0
FldObj_CliffGashamahi_A_06.002
1.599537
0.3600168
3.140345
-352.6314
82.35437
2638.615
1.0
FldObj_HyliaStoneRuinDebris_A_01_Far.001
0.1209295
0.002726667
-0.04503258
-693.7797
139.0972
2304.747
1.0
FldObj_MountainLakeHylia_A_03_Far.008
-3.135112
-0.8473635
-3.12024
-124.2747
80.86208
2726.964
1.0
FldObj_CliffGashamahi_A_03_Far.011
2.365115
-0.3231918
2.934655
-856.9962
138.1421
2423.247
1.0
Enemy_Bokoblin_Junior
0
-0.4438052
0
-644.5711
189.7127
2189.61
1.0
DestinationAnchor
0
-0.5235985
0
-926.5303
274.1685
2314.363
1.0
FldObj_KorokGoal_A_01
0
1.681594
0
-609.8074
93.24519
2390.653
1.0
FldObj_CliffWhite_A_S_01.003
0.1573888
0.4972163
-0.08600027
-631.8701
80.91621
2386.35
1.0
Obj_TreeApple_A_M_01.004
0
-3.12
0
-661.4243
190.0464
2198.406
1.0
LinkTagAnd
0
-1.563185
0
-31.73831
247
2972.625
1.0
FldObj_RockDislocation_D_05_Far
-0.1296439
0.6973966
-0.4071512
36.1554
171.8874
2880.75
1.0
ActorObserverTag
0
0.04
0
-468.892
98.27178
2908.058
1.0
Obj_EyeBolt_A_01.002
0
-0.483503
0
-215.979
90.80382
2308.778
1.0
FldObj_RockDislocation_D_03_Far.018
-2.964375
-0.272141
2.995778
-12.91876
172.703
2854.544
1.0
LinkTagAnd
0
-1.459999
0
-609.8629
97.74519
2390.156
1.0
FldObj_CliffGashamahi_A_06.003
-3.134708
0.1957842
-0.3947289
-629.5822
82.86222
2422.914
1.0
LinkTagAnd
0
0
0
-802
195
2253
1.0
DgnObj_WarpPoint_A_01
0
0
0
-31.8158
280.4509
2970.601
1.0
FldObj_MapTowerStairWood_A_01.011
0
-1.583188
0
-31.81693
219
2961.463
1.0
FldObj_RockDislocation_D_01.007
-2.8172
0.4610842
3.007266
-36.42627
180.2297
2900.893
1.0
FldObj_CliffWhiteEdgeParts_A_03_Far.012
0
0.7431825
0
-442.2869
177.8787
2051.4
1.0
FldObj_CliffGashamahi_A_01_Far.013
-1.64
0
0
-833.2623
220.1005
2831.262
1.0
DgnObj_WarpPointSP
0
1.830657
0
-825.6749
189.763
2142.705
1.0
FldObj_HyliaStoneRuinDebris_A_01.001
0.1209295
0.002726667
-0.04503258
-693.7797
139.0972
2304.747
1.0
LinkTagAnd
0
0
0
-465.627
226.5627
2189.556
1.0
SwitchTimeLag
-3.082404
0.4912579
3.013235
-9.63089
127.6655
2578.96
0.5
Area
0
1.921589
0
-69.19409
88.59094
2333.046
1.2
ConstraintDummy
0
0
0
-976.7533
249.0555
2025.123
1.0
LinkTagNone
0
0
0
-11.22702
182.6688
2897.746
1.0
Enemy_AirOctarock
0
1.832596
0
-83.83368
158.0547
2423.924
1.0
Enemy_Bokoblin_Middle
0
1.04
0
-16.82632
162.2558
2838.48
1.0
PosAfterDemoSkip
0
1.4
0
-334.9302
68.02226
2599.024
1.0
LinkTagNone
0
0
0
-925.03
267.8396
2319.229
1.0
EventTag
0
0
0
-31.81555
280.4807
2961.601
1.0
ActorObserverTag
0
1.921589
0
-70.38501
91.39095
2335.611
2
LinkTagAnd
0
0
0
-25.09738
280.4509
2959.208
1.0
TwnObj_HunterHouseBed_A_01
0
-1.58
0
-780.1498
193.4976
2260.621
1.0
Enemy_Lizalfos_Fire_Guard_Ambush
0
0
0
-754
189.1996
2132.5
1.0
EventTag
0
1.307058
0
-829.2765
189.8
2141.593
1.0
LinkTagAnd
0
0
0
-647.1964
194.8358
2195.367
2
DgnObj_DungeonEntrance_A_01_Far
0
-1.741593
0
-328.1811
67.02226
2600.29
1.0
Obj_BoxIron_A_M_01.010
0
-0.7853982
0
198.3737
86.59116
2614.244
0.8
DragonDropItemTarget
0
0
0
-2.070343
145.0145
2617.5
1.0
LinkTagAnd
0
0
0
-655.7717
199.5308
2201.46
2
Npc_HiddenKorokFly
0
-1.459999
0
-609.8074
95.24519
2390.653
1.0
FldObj_CliffWhiteBroken_A_05.003
0.199892
1.084787
0.0002034228
-11.23877
202.8888
2976.052
1.0
Enemy_Lizalfos_Junior
0
-0.72
0
-42.6405
202.6141
2980.351
1.0
LinkTagNone
0
0
0
-157.5819
178.8664
3011.969
1.0
EventTag
0
1.830657
0
-827.9
189.8
2143.4
1.0
Area
0
0.04
0
-468.3204
97.12178
2908.586
0.1
ActorObserverTag
0
0
0
-74.39691
92.93741
2415.257
0.8
KibakoDesert_Contain_01
0
0.9707959
0
-81.61823
145
2417.334
1.0
Obj_BoxIron_A_M_01.011
0
-0.7853982
0
207.7408
86.59116
2596.432
0.8
TBox_Field_Stone
0
-1.570796
0
-786
193.5223
2255.5
1.0
FldObj_CliffWhite_A_01_Far
0
0
0
-774.8737
184.5217
2052.553
1.0
FldObj_RockDislocation_D_03_Far.019
-0.7820199
-0.6110995
0.4377607
-39.61288
196.6095
2921.65
1.0
Area
-1.465374
0.7909791
2.837019
-10.58559
138.296
2576.809
2
DgnObj_DLC_ChampionsDungeonEntrance_A_01
0
1.830657
0
-834.5612
188.8
2145.068
1.0
FldObj_RockDislocation_D_02.003
-0.1131276
0.4674923
-0.2469627
-8.490784
161.6317
2837.009
1.0
FldObj_MountainLakeHylia_A_03.009
0
-2.822497
0
-360.1776
87.19814
2883.335
1.151777
LinkTagNOr
0
0.05999999
0
-894.083
179.2694
2222.264
1.0
FldObj_MountainLakeHylia_A_03_Far.009
0
1.86159
0
-506.3547
95.56748
2685.177
1.0
LinkTagAnd
0
-1.659999
0
-816.0363
193.8
2161.466
3
LinkTagAnd
0
0
0
-799
195
2250.5
1.0
LinkTagOr
0
0
0
-777.5
197
2137
1.0
FldObj_RockDislocation_D_03_Far.020
-0.5504063
0.1902107
0.1251226
-60.19174
182.5533
2883.403
1.0
FldObj_RockDislocation_D_03.020
-1.477482
-0.8937354
1.477356
-62.1283
200.0251
2934.117
1.0
LinkTagNAnd
0
0
0
-780
195
2265
1.0
EnemyLookTag
0
1.04
0
-15.1015
162.0625
2839.492
1.0
PlayerForbidComebackTag
0
0
0
-931
190
2208.2
1.0
LinkTagAnd
0
0
0
198.9484
90.98083
2594.114
1.0
LinkTagAnd
0
0
0
-940
277
2330
1.0
FldObj_CliffGashamahi_A_04.008
2.417927
-0.4073515
2.730729
-706.3594
162.3487
2479.448
1.0
LinkTagNAnd
0
0
0
-943
288
2296
1.0
LinkTagOr
0
0.8199998
0
201.2113
94.84924
2603.494
1.0
LinkTagAnd
0
0
0
-731.6438
196.2469
2120.656
3
LinkTagAnd
0
0
0
-827.9
188.3
2143.4
1.0
FldObj_CliffGashamahi_A_05.036
1.422653
-0.4821379
2.303417
-663.379
135.6678
2595.241
1.0
FldObj_CliffGashamahi_A_01.013
0
-2.54
0
-318.2639
62.67612
2634.999
1.0
FldObj_MountainLakeHylia_A_04.001
0
-2.375918
0
-263.0134
85.39013
2896.648
1.0
LinkTagOr
0
3.141593
0
-469.0648
103.5895
2909.768
1.0
LinkTagAnd
0
0
0
-334.4338
68.02243
2601.24
1.0
TwnObj_TempleOfTime_Wall_B_04_Far.005
0
0.6018069
0
-450.3675
130.811
2064.344
1.0
LinkTagNone
0
0
0
-180.8597
144.8104
2193.167
1.0
LinkTagAnd
0
0
0
-69.78955
94.39095
2334.329
1.0
FldObj_FirstGateSnowEntrance_A_01
3.141593
1.570796
3.141593
-981.9872
247.9314
2017.427
1.0
Enemy_Bokoblin_Middle
0
-1.619996
0
-111.539
189.2635
2992.277
1.0
FldObj_MountainLakeHylia_A_05.007
0
-2.42
0
-79.33328
76.6468
2660.781
1.0
FldObj_CliffWhiteEdgeParts_A_03_Far.013
0
2.570797
0
-909.8718
190
2283.553
1.0
Enemy_Bokoblin_Junior
0
0.8615914
0
-191.6868
139.1033
2188.714
1.0
FldObj_RockDislocation_D_01_Far.007
-3.102219
-0.1360438
2.85891
-57.10162
167.861
2866.163
1.0
LinkTagNone
0
0
0
-886.4996
184.3064
2222.856
1.0
LinkTagPulse
-0.2813389
1.37227
-0.2516459
-601.7847
91.15002
2655.09
0.25
Area
0
1.830657
0
-834.5612
188.8
2145.068
40
LinkTagAnd
0
0.3415925
0
-115.9559
189.3435
2303.56
1.0
FldObj_MapTowerStairWood_A_01_Far.011
0
2.599999
0
-31.83282
219
2961.583
1.0
DgnObj_DungeonEntrance_A_01
0
-1.741593
0
-328.1811
67.02226
2600.29
1.0
FldObj_CliffGashamahi_A_04.009
1.397955
1.254735
2.693683
-994.9148
270.7885
2694.624
1.0
Enemy_Bokoblin_Middle
0
1.570796
0
-754
190
2097
1.0
Enemy_Bokoblin_Guard_Junior
0
1.62
0
-861.0258
182.9345
2202.874
1.0