UnitConfigName/__text
Rotate/value/0
Rotate/value/1
Rotate/value/2
Translate/value/0
Translate/value/1
Translate/value/2
_Scale
Obj_TreeBroadleaf_A_L
0
4.308435
0
-361.8541
126.1941
3188.449
1.0
Obj_Plant_CypressLow_A_01
-0.1004624
-0.4612105
-0.285184
-264.9219
188.6003
3064.832
0.887207
Area
0
-2.36
0
-400.875
130.9078
3137.348
100
Item_Mushroom_C
3.141479
0.3251953
3.141479
-803.8379
194.5454
3254.793
1.0
Obj_TreePalmBeach_A_01
0
6.242356
0
-150.2834
105.9704
3808.329
1.0
Item_Mushroom_D
1.583512
0.1613433
-0.1593133
-399.8745
130.1574
3927.857
1.0
Obj_Plant_CypressLow_A_02
0
-0.2098584
0
-327.8377
120.6724
3518.338
1.0
Obj_TreeBroadleaf_A_L.001
0
5.366626
0
-300.2873
122.6445
3558.993
1.0
EnvSeEmitPointInsectTropical
-3.022339
-1.17749
-3.018188
-288.4102
128.9063
3603.957
1.0
Obj_TreeBroadleaf_A_L.002
0
2.926212
0
-279.7186
120.216
3519.791
1.0
Obj_MineralGrain_A_02
0.7668553
-0.9426563
-1.06551
-328.1937
110.3546
3920.645
1.0
Obj_TreeBroadleafLow_Branch_A_01
0.0385698
1.481217
0.09572118
-822.5646
193.7024
3245.713
0.9815875
Obj_TreeBroadleaf_A_L.003
0
0
0
-301.9194
120.916
3499.533
1.0
Obj_Plant_CypressLow_A_01.001
2.157088
1.397641
1.730701
-653.0244
256.4758
3442.297
1.0
Obj_TreeBroadleafLow_A_02
0
4.379056
0
-358.3739
126.9342
3212.589
1.0
FldObj_RockOrangeStone_A_01
-0.3690796
-0.8762805
0.4156937
-990.1846
188.0331
3092.754
1.0
Obj_Plant_HopBush_A_02
0.01676827
-1.165256
-0.2653225
-78.06641
140.0672
3122.387
0.894531
FldObj_KorokStone_A_01
-1.58
-0.6799999
0
-882.9158
249.2802
3568.457
1.0
Barrel
3.14157
-0.5384111
-3.141559
-57.75901
107.6537
3884.155
1.0
Item_Mushroom_D
0.1008731
-0.7214319
2.875535
-118.244
111.2538
3417.896
1.0
Obj_TreeConiferous_A_01
0
2.659483
0
-621.4169
240.4092
3119.059
1.07753
Obj_Plant_CypressLow_A_02.001
0.4809209
-0.8831965
0.1384538
-339.5859
128.4581
3157.008
0.99707
Item_Plant_O
0.4752197
1.13147
-0.6649169
-897.9414
222.5078
3283.223
1.0
Obj_TreeConiferous_A_01.001
0
1.029549
0
-550.0594
223.8833
3118.311
1.0
Obj_Plant_CypressLow_A_02.002
0
1.115723
0
-363.4336
124.8486
3536.668
1.092773
Obj_TreeBroadleafLow_Branch_A_02
3.067404
0.09940246
-3.042984
-797.7424
195.638
3230.666
0.9173
Obj_TreeBroadleaf_A_L.004
0
4.080853
0
-383.7628
127.2714
3517.26
1.0
Animal_Fish_G
0
0
0
-154.9117
105.3742
3866.08
1.0
Obj_Plant_CypressLow_A_01.002
-0.1158001
-0.9684305
0.1141165
-319.4961
121.7249
3554.207
1.026855
Obj_TreeBroadleafLow_A_01
0
0
0
-371.6906
128.3574
3469.807
1.0
Obj_Plant_CypressLow_A_01.003
0.4552057
0.4613
0.2217894
-313.0117
181.9573
3088.738
1.09668
Obj_RockSetGray_A_02
0
-1.00001
0
-381.8466
132.3981
3264.205
1.0
FldObj_RockOrangeStone_A_02
0.6243104
0.892756
3.131704
-957.8138
220.702
3336.435
1.0
Item_Mushroom_E
3.141479
-0.7653809
3.141479
-331.6367
120.5501
3537.398
1.0
Obj_TreePalmBeach_A_02
0
0
0
-95.75235
105.9923
3740.265
1.0
Obj_Plant_HopBush_C_01
0
0.973877
0
-819.9297
177.7902
3641.734
1.01709
Obj_TreeConiferous_A_01.002
0
-1.21465
0
-608.5836
236.7837
3133.861
1.088446
FldObj_EnemyLookout_B_01
0
2.585399
0
-343.5059
122.7468
3539.453
1.0
Area
0
2.739997
0
-418.8258
173.6583
3789.582
100
Obj_LiftRockWhite_Korok_A_01
0
3.063186
0
-129.5996
105.6141
3809.437
1.0
Obj_TreeConiferous_A_01.003
0
-2.840026
0
-727.162
245.5875
3103.07
1.0
Obj_TreeBroadleaf_A_L.005
0
1.130832
0
-363.3092
125.5679
3154.667
1.0
Obj_TreeBroadleaf_A_L.006
0
2.154319
0
-280.5174
123.2281
3560.649
1.0
Obj_TreeBroadleafLow_A_01.001
0
0.9062499
0
-355.1572
128.2625
3582.468
1.0
Obj_Plant_CypressLow_A_02.003
0
-2.518929
0
-372.8328
124.4691
3521.516
1.0
Obj_Mineral_C_01
0.6558162
0.2692363
-0.1341128
-323.4604
116.6604
3909.788
1.0
Obj_TreeBroadleafLow_Branch_A_02.001
2.967095
0.789081
-3.09734
-758.5217
184.7193
3580.511
0.9293516
FldObj_RockGashamahi_A_03
1.292641
-0.6780657
-0.84215
-628.1108
240.6625
3138.178
1.0
FldObj_EnemyBaseRiverside_Slope_A_01
0
-1.032389
0
-82.33853
107.5976
3891.394
1.0
Obj_TreeBroadleaf_A_L.007
0
0.1774147
0
-358.8853
126.8402
3209.044
1.0
Obj_Plant_CypressLow_A_02.004
0.3120215
-0.9795704
-0.3044298
-382.9079
130.4117
3133.388
1.0
Obj_Plant_HopBush_A_01
-0.05437156
-0.8380929
-0.117813
-436.6055
138.2004
3320.652
0.987305
Obj_Plant_CypressLow_A_01.004
0.4407642
1.495009
0.2006429
-437.543
140.3471
3382.352
1.024414
Item_Mushroom_D
1.034394
-0.1371423
0.2403042
-395.1226
171.9679
3916.613
1.0
FldObj_BirdNest_A_01
-0.22058
0.8235419
-0.2966529
-333.2595
140
3608.334
1.0
Obj_Plant_HopBush_C_01.001
-0.07600465
-0.2489172
0.07244311
-547.5898
161.1724
3916.098
0.991211
Item_Mushroom_D
-0.04688055
0.4052589
2.914348
-108.6754
110.6387
3414.595
1.0
FldObj_RockGashamahi_A_07
2.98575
0.8264027
2.957539
-560.6371
225.3334
3116.16
1.0
Item_Material_04
2.364476
-0.01033743
-2.498188
-390.3627
136.0891
3546.059
1.0
FldObj_KorokStone_A_01.001
0
1.010796
0
-33.41772
114.4882
3006.84
1.0
Obj_TreeBroadleaf_A_L.008
0
4.454984
0
-363.9267
128.9175
3585.63
1.0
Obj_TreeBroadleafLow_Branch_A_02.002
0
0.6639701
0
-832.7956
193.3394
3264.24
0.9173
Obj_TreeBroadleaf_A_LL
0
5.934203
0
-380.191
130.039
3588.922
1.0
Item_Fruit_A
0
2.094395
0
-413.1147
138.3134
3377.875
1.0
Obj_Plant_CypressLow_A_01.005
-0.8166733
1.148455
-0.7077902
-157.7188
148.0288
3105.742
0.858887
Obj_TreePalmBeach_A_01.001
0
0
0
-98.6532
106.0885
3736.432
1.0
Obj_TreeBroadleaf_A_L.009
0
5.396858
0
-382.1959
126.2475
3209.859
1.0
FldObj_Coral_A_02
0
-0.1714534
0
-36.69592
100
3876.601
1.0
FldObj_KorokStone_A_01.002
0
1.010796
0
-32.5705
113.4804
3007.371
1.0
Obj_TreeBroadleaf_A_L.010
0
0.8434317
0
-408.5435
127.6585
3180.855
1.0
Obj_TreeBroadleaf_A_L.011
0
1.226457
0
-70.30157
123.6605
3357.799
1.0
Obj_TreeBroadleafLow_Branch_A_02.003
0
-2.419215
0
-875.4052
189.8931
3147.822
0.9173
Obj_LiftRockWhite_Korok_A_01.001
0
0.7200001
0
-135.0245
105.665
3808.441
1.0
TBox_Field_Wood
3.141348
-0.7959439
-3.141301
-63.26459
107.6374
3891.517
1.0
Obj_Plant_CypressLow_A_01.006
-0.1581095
-0.7837942
-0.006180807
-348.4727
122.0768
3527.254
0.967285
TBox_Field_Wood
-0.0002398959
1.530238E-06
-1.617318E-06
-139.7337
105.2622
3859.569
1.0
Obj_TreeBroadleaf_A_LL.001
0
2.36
0
-203.642
129.641
3481.2
1.0
EnvSeEmitPointBirdTemperate
0
0.6091309
0
-563.9141
234.7734
3110.383
1.0
Obj_RockSetGray_A_02.001
0
3.729006
0
-318.9238
120.1106
3502.188
1.0
FldObj_TorchStandBone_A_01
0
0.4199999
0
-387.8594
130.9801
3146.383
1.0
Obj_Plant_CypressLow_A_01.007
-2.670931
-1.109563
2.648553
-320.702
130.7261
3607.161
1.0
Obj_Plant_CypressLow_A_01.008
0
1.264771
0
-318.8047
131.6281
3190.34
1.072754
EnvSeEmitPointBirdSubarctic
0.5795898
-0.2442627
-0.3183594
-840.7695
189.625
3784.801
1.0
FldObj_Coral_A_01
0
0.368236
0
-40.41833
100
3890.563
1.0
FldObj_RockOrangeStone_A_01.001
-0.5408769
0.8639423
-0.546282
-855.6347
193.0903
3295.828
1.0
AnchorAction1
0
-2.603185
0
-77.82172
106.8986
3869.093
1.0
EnvSeEmitPointBirdTemperate
3.141479
0.3742675
3.141479
-845.625
236.9492
3023.254
1.0
Obj_TreeBroadleafLow_A_01.002
0
0
0
-274.3488
120.8912
3507.533
1.0
FldObj_CliffWhiteLumpRock_A_02
2.955239
-0.4288398
3.124383
-14.89807
99.12291
3055.179
1.0
Obj_Plant_CypressLow_A_01.009
0.6005121
1.342521
0.1687791
-665.6558
258.6928
3461.387
1.0
Obj_LiftRockWhite_Korok_A_01.002
0
-2.48
0
-98.95355
144.078
3124.01
1.0
Obj_Plant_CypressLow_A_02.005
-0.1552024
-1.26835
0.1459128
-323.2139
121.1316
3542.888
1.0
Obj_Plant_CypressLow_A_01.010
-2.908786
1.040195
-3.114043
-350.7863
122.715
3529.836
1.0
Item_Plant_O
1.396973
-0.09423828
0.158081
-983.4883
328.5469
3649.781
1.0
Obj_TreeConiferous_A_01.004
0
-0.8086717
0
-566.0275
226.9737
3110.048
1.0
Obj_LiftRockWhite_Korok_A_01.003
0
0.4584086
0
-134.444
105.6856
3804.957
1.0
EnvSeEmitPointInsectTropical
3.141479
-0.8101806
3.141479
-353.7773
127.5039
3577.32
1.0
Obj_Plant_CypressLow_A_01.011
3.128875
0.8777726
2.990036
-402.1611
126.3494
3169.649
1.0
FldObj_RockOrangeStone_A_02.001
0.7977288
1.306491
-0.9677165
-875.2535
196.0894
3395.088
1.0
FldObj_TorchStandBone_A_01.001
0
0
0
-374
125.9258
3204
1.0
Obj_Plant_HopBush_C_01.002
0
-0.03149413
-0.07789941
-827.1406
178.3965
3676.086
0.865723
Obj_TreeBroadleafLow_Branch_A_02.004
0.0137334
0.7003836
0.1414193
-833.984
193.9149
3185.19
0.9573191
BarrelBomb2
3.14154
-0.6415985
3.141538
-402.5037
140.5546
3154.938
1.0
Item_Mushroom_D
1.192013
0.2856138
-0.4177808
-335.8431
127.68
3915.887
1.0
Obj_Plant_HopBush_C_01.003
-0.181406
0.7114778
0.02731054
-559.6992
158.9602
3907.898
0.867676
EnvSeEmitPointBirdTropical
-2.828857
0.961914
-3.036011
-275.6758
131.043
3551.48
1.0
Obj_RockGray_A_L_03
0.2543953
-0.004615902
0.03608943
-304.6074
117.9884
3474.974
1.0
FldObj_KorokStone_A_01.003
0
2.581593
0
-32.5705
115.4726
3007.371
1.0
Obj_Plant_HopBush_C_01.004
0.01558696
0.6605366
0.07740399
-789.3594
195.0033
3318.586
1.081055
Obj_Plant_CypressLow_A_01.012
-2.967417
0.6431738
3.064061
-355.3456
124.2422
3538.371
1.0
FldObj_KorokStone_A_01.004
0
-0.6799999
0
-885.1832
249.4279
3571.521
1.0
Obj_RockGray_A_L_02
-1.382852
0.1085285
-1.257689
-81.51941
102.6794
3415.636
1.0
Obj_RockGray_A_M_06
0
-0.7599999
0
-400.9644
126.6758
3198.55
1.0
Obj_TreeBroadleafLow_Branch_A_02.005
0
-2.819214
0
-827.0316
193.4572
3408.054
0.9173
Obj_Plant_CypressLow_A_01.013
-3.088016
-1.042984
-3.116545
-289.5547
119.3342
3526.392
1.0
Obj_Plant_CypressLow_A_02.006
1.195413
1.373804
1.251984
-382.744
125.9582
3161.403
1.0
AirWall
0
-0.9534762
0
-405.4621
481.5853
4020.121
1.0
FldObj_KorokStone_A_01.005
0
2.581593
0
-32.03931
113.4804
3006.524
1.0
Obj_Plant_HopBush_C_01.005
0.01102659
-1.318197
0.04498428
-787.7539
195.0305
3321.965
0.875977
Obj_TreeBroadleafLow_A_01.003
0
0.6362163
0
-358.8762
135.176
3607.477
1.0
FldObj_CliffWhiteLumpRock_A_03
0
-2.040002
0
-53.58539
101.1438
3051.289
1.0
Obj_TreeBroadleafLow_Branch_A_02.006
0.06354567
-0.1153539
-0.06540468
-821.8723
176.7726
3727.649
0.9094421
FldObj_RockGashamahi_A_02
3.121547
-0.08016806
-2.796875
-635.5477
241.1661
3135.097
1.0
Obj_Plant_HopBush_A_02.001
-0.02086325
-0.6796414
0.2008441
-220.3398
127.4919
3256.535
1.053223
Item_Material_04
-0.07005219
0.510478
0.8047693
-340.5593
132.5152
3571.024
1.0
TBox_Field_Iron
2.636357
-1.176782
-2.75575
-111.0227
101.714
3873.309
1.0
Obj_TreeBroadleafLow_A_01.004
0
-2.06
0
-280.0953
127.0433
3594.5
1.0
Obj_Plant_CypressLow_A_01.014
0.1569161
0.3137874
0.2062128
-766.9375
232.557
2998.992
0.990234
EnvSeEmitPointInsectTropical
0.7836913
0.003662102
0.7525634
-294.3789
126.875
3507.352
1.0
Enemy_Lynel_Junior
0
0.6200001
0
-781.8098
176.9208
3656.406
1.0
Obj_Plant_CypressLow_A_02.007
0.008194128
0.4898486
-0.1959116
-629.4609
244.3463
3363.129
1.027344
Obj_TreeBroadleaf_A_L.012
0
0.02885269
0
-419.9097
134.2445
3514.825
1.0
Obj_LiftRockWhite_Korok_A_01.004
0
-2.48
0
-96.20947
144.1483
3127.707
1.0
BarrelBomb2
-3.141547
-1.001962
3.141543
-399.4113
140.5665
3151.926
1.0
Obj_MineralGrain_A_02.001
0.3783787
-0.8962248
-0.5412348
-175.7305
149.0236
3091.415
1.0
Obj_TreeBroadleafLow_A_01.005
0
-2.350442
0
-290.1746
119.9885
3530.864
1.0
Item_Mushroom_E
3.141479
1.266968
3.141479
-291.625
120.7185
3493.445
1.0
Obj_Plant_HopBush_C_01.006
0
-0.05725097
0
-811.6016
177.4783
3639.316
1.074707
FldObj_RockOrangeStone_A_01.002
-0.2099605
0.3473283
0.5324711
-949.287
217.3656
3344.29
1.0
Enemy_Keese
0
-2.36
0
-397.7401
138.9078
3149.734
1.0
Obj_RockGray_A_L_03.001
1.76472
0.4326274
-2.89434
-74.87155
105.0042
3413.189
1.0
Obj_Plant_CypressLow_A_01.015
-3.010503
-1.089417
3.014374
-371.0317
125.5281
3186.793
1.0
Obj_LiftRockWhite_Korok_A_01.005
0
-0.2199997
0
-129.4808
105.5869
3803.745
1.0
Item_Mushroom_H
0
-0.2806396
0
-900.0898
190.7339
3776.172
1.0
Obj_TreeBroadleafLow_A_01.006
0
0
0
-349.791
123.0835
3534.2
1.0
Obj_TreeBroadleaf_A_L.013
0
4.801081
0
-4.41333
123.2406
3407.373
1.0
FldObj_RockOrangeStone_A_01.003
0.4834211
0.2605669
1.078393
-993.424
190.09
3096.878
1.0
Obj_Plant_CypressLow_A_01.016
-2.95729
-1.204409
2.948468
-355.3504
126.9049
3209.469
1.0
Obj_Plant_CypressLow_A_01.017
0
-2.564796
0
-380.6367
126.3126
3211.594
1.0
Obj_TreePalmBeach_A_02.001
0
1.979999
0
-117.6802
106.0041
3778.419
1.0
Item_Plant_O
-2.612304
1.015259
2.08789
-944.2656
243.8047
3426.102
1.0
Obj_TreeBroadleafLow_Branch_A_02.007
0
-0.08569547
0
-851.829
192.9684
3229.232
0.9587757
TBox_Field_Iron
-3.025949
-0.9032181
2.747514
-31.81836
105.1537
3612.397
1.0
FldObj_CliffWhiteLakeHylia_A_02
0
0.2
0
-151.2675
143.2865
3067.083
1.0
Obj_Plant_CypressLow_A_02.008
-0.2097332
-0.1622832
0.2467499
-236.6797
136.0043
3634.43
0.990234
Obj_TreeBroadleaf_A_L.014
0
1.752051
0
-325.3926
120.9742
3508.875
1.0
Item_Mushroom_D
1.697708
0.279911
-0.2468258
-365.0878
159.3297
3914.155
1.0
Obj_TreeBroadleaf_A_L.015
0
0.8299654
0
-330.5887
120.4882
3536.767
1.0
FldObj_RockGashamahi_A_07.001
0.5721228
-0.828209
-0.2664365
-649.4669
243.5052
3122.068
1.0
FldObj_RockOrangeStone_A_02.002
0.2361804
-0.18574
-3.007336
-872.4708
195.036
3342.307
1.0
Obj_TreeBroadleaf_A_L.016
0
0.7193794
0
-335.6286
123.0154
3561.235
1.0
Obj_TreeBroadleafLow_Branch_A_01.001
0.0839532
1.242574
0.1520461
-770.0396
188.5575
3518.45
0.9505806
Obj_Plant_HopBush_C_01.007
-0.2689874
-0.8324934
0.2839491
-569.2773
159.3708
3917.043
0.871094
AnchorAction1
0
-2.603185
0
-56.71674
106.733
3877.126
1.0
FldObj_RockGashamahi_A_03.001
0.535264
-0.43142
-0.6946507
-550.5372
227.1183
3106.721
1.0
Obj_Plant_CypressLow_A_01.018
-0.2766396
0.05116881
0.03360688
-303.3594
125.5105
3582.565
1.0
Obj_Plant_CypressLow_A_02.009
0.06687725
-0.9379377
-0.3583148
-580.2109
226.565
3156.16
1.023438
FldObj_RockOrange_A_M_01
0
0
0
-881.1266
241.5551
3582.51
1.0
FldObj_RockOrangeStone_A_02.003
1.557658
-0.6637235
2.577035
-990.8496
231.8812
3341.603
1.0
FldObj_RockOrangeStone_A_02.004
0
1.561836
-1.318474
-894.9594
202.7661
3436.791
1.0
Obj_Plant_CypressLow_A_02.010
-0.1117644
0.2281144
-0.3473605
-46.50391
118.2276
3397.59
0.995117
FldObj_RockGashamahi_A_07.002
-2.954784
-1.410238
2.392912
-481.6182
185.0479
3149.92
1.0
Obj_Plant_CypressLow_A_02.011
0
-1.081336
0
-318.0816
122.6635
3567.154
1.0
Obj_Plant_CypressLow_A_02.012
-0.1922447
0.6345206
0.1685506
-36.15234
124.8328
3346.02
0.905762
Obj_Plant_CypressLow_A_01.019
0.1818031
0.8547294
-0.4505596
-407.7545
127.6671
3179.03
1.0
Obj_TreeBroadleaf_A_LL.002
0
1.96
0
-243.4154
130.1202
3449.684
1.0
Obj_MineralBury_A_01
-2.909864
-1.348665
3.082286
-384.3172
130.0842
3240.254
1.0
Obj_TreeBroadleafFallenTree_A_M_01
-2.860043
-0.9525353
2.918249
-322.664
120.6147
3540.087
1.0
Obj_Plant_CypressLow_A_02.013
-0.1081562
-0.6305804
0.02593337
-525.2656
200.7612
3632.805
0.98877
Obj_TreeBroadleafLow_A_02.001
0
3.085669
0
-422.4432
138.1691
3175.501
1.0
AirWall
0
0.2665234
0
-549.8606
482.2713
3998.412
1.0
FldObj_KorokStone_A_01.006
0
-1.570796
0
-43.32404
113.4804
3006.598
1.0
Obj_RockSetGray_A_02.002
-0.2608598
-0.002899892
-0.02210623
-302.5071
125.7613
3587.325
1.0
Obj_TreeBroadleafLow_Branch_B_01
0
2.808103
0
-810.0461
225.5903
3037.914
1.03893
FldObj_BirdNest_A_01.001
2.825823
-0.9924915
-2.769613
-303.703
128.0347
3527.815
1.0
FldObj_RockBeach_A_S_02
0
0
0
-171.7145
106.0214
3857.002
1.0
Obj_Plant_HopBush_A_02.002
0.4508312
1.19345
0.2078847
-639.0664
235.9703
3550.055
1.087402
Obj_Plant_HopBush_C_01.008
-0.009636253
0.2504148
0.1148941
-753.3477
190.2567
3525.824
0.916992
Obj_TreeBroadleaf_A_L.017
0
0.3892978
0
-357.8558
123.8061
3530.395
1.0
Obj_Plant_CypressLow_A_01.020
0
0.6741184
0
-278.8165
121.0265
3498.625
1.0
Obj_TreeBroadleafLow_A_01.007
0
0
0
-362.3873
123.9312
3499.414
1.0
Obj_Plant_CypressLow_A_02.014
0
0.4505615
0
-379.8438
151.3979
3665.98
1.007324
Animal_Fish_G
0
0
0
-160.5173
105.3742
3865.102
1.0
Obj_TreeBroadleaf_A_L.018
0
0
0
-337.0797
121.7547
3495.564
1.0
Obj_Mineral_C_01.001
0.3027175
0.5868962
0.1035386
-252.5856
130.0948
3834.22
1.0
FldObj_CliffGashamahi_A_02
-1.149418
-0.9457819
-0.386994
-552.0297
223.4487
3107.211
1.0
Obj_MineralBury_A_01.001
3.052755
-0.008880724
-2.702647
-382.0524
133.5266
3245.583
1.0
Obj_Plant_HopBush_A_01.001
-1.208297
1.377897
-1.06252
-247.7148
178.0018
3772.27
0.999023
Obj_Plant_CypressLow_A_02.015
-0.01681439
-1.321879
-0.2518588
-399.9283
127.1788
3200.471
1.0
Obj_TreeBroadleafLow_A_02.002
0
1.36
0
-287.1629
123.9307
3568.156
1.0
FldObj_KorokStone_A_01.007
0
-0.5599999
0
-32.5705
112.496
3007.371
1.0
Obj_TreeBroadleafLow_Branch_A_02.008
3.005192
-1.316456
-2.892545
-762.2856
189.0889
3531.127
0.9173
Obj_TreeBroadleaf_A_L.019
0
3.352532
0
-401.3608
130.1619
3567.695
1.0
Item_Mushroom_D
-2.010254
0.8648681
2.743164
-921.1641
264.7344
3482.566
1.0
ObservationPoint
0
-1.56
0
-165.7685
123.9045
3453.935
1.0
FldObj_KorokStone_A_01.008
0
0.8907964
0
-885.9608
249.4279
3570.892
1.0
Obj_TreeBroadleaf_A_L.020
0
6.14927
0
-386.3575
128.1768
3528.427
1.0
Obj_Plant_HopBush_C_01.009
-0.02010312
-0.04105911
0.04428148
-779.3203
195.479
3320.641
1.020508
Obj_TreeBroadleaf_A_L.021
0
4.175104
0
-329.9488
127.4293
3587.727
1.0
Obj_LiftRockWhite_Korok_A_01.006
0
-0.08000003
0
-135.9077
105.6383
3810.058
1.0
Obj_Plant_CypressLow_A_01.021
-0.06451914
1.022966
0.1959315
-491.1289
163.3841
3870.781
0.906738
EnvSeEmitPointInsectTropical
1.882324
-0.8812255
-2.806274
-379.3359
138.0859
3588.355
1.0
Obj_Plant_HopBush_C_01.010
-0.1523691
-0.2605425
0.1152718
-546.3594
162.181
3925.352
0.972656
TBox_Field_Iron
0.06820852
0.2670092
0.007886195
-244.6604
104.6549
3906.618
1.0
EnvSeEmitPointBirdSubarctic
0.204956
0.01232909
0.0006103591
-804.5
202.5078
3259.16
1.0
Obj_TreeBroadleaf_A_L.022
0
4.267477
0
-273.6298
122.7326
3550.372
1.0
Obj_Plant_CypressLow_A_02.016
0.1906664
-1.136255
-0.5001107
-404.2031
134.7788
3461.176
0.973145
Item_Plant_O
2.689087
0.9267578
0.6929931
-895.2617
243.1758
3604.09
1.0
Item_Mushroom_H
0
-0.9564208
0
-901.0743
191.0974
3770.852
1.0
Obj_Plant_CypressLow_A_01.022
-0.01173908
-0.4574963
0.2224996
-341.2874
127.0162
3170.943
1.0
Obj_TreeBroadleafLow_A_02.003
0
1.604247
0
-343.387
126.6777
3173.544
1.0
FldObj_RockBeachLump_A_L_01
0
0.4599999
0
-253.9026
125.1388
3836.551
1.0
Obj_TreeBroadleaf_A_L.023
0
4.373929
0
-394.9918
131.536
3579.892
1.0
EnvSeEmitPointBirdTropical
-0.2258301
-0.6427001
0.3869629
-37.94141
114.5742
3620.152
1.0
AirWall
0
1.486545
0
-1026.66
481.2619
4007.718
1.0
AnchorAction1
0
-2.36
0
-400.875
130.9078
3137.348
1.0
EnvSeEmitPointBirdSubarctic
2.012085
1.036743
1.354858
-811.082
201.0664
3415.098
1.0
FldObj_BirdNest_A_01.002
0
-0.4000001
0
-769.9363
185.6462
3901.611
1.0
Obj_Plant_CypressLow_A_01.023
0.2553996
0.7202227
0.3733624
-714.1328
236.1606
3016.125
1.070313
Obj_TreeBroadleafLow_Branch_A_01.002
0.05018599
1.126536
-0.03439466
-829.2422
178.2617
3698.235
0.9275569
FldObj_KorokStone_A_01.009
0
1.570796
0
-42.30841
115.4882
3006.598
1.0
Obj_Plant_HopBush_C_02
0.2186616
0.9139817
0.3307862
-699.4414
171.4692
3728.84
0.957031
Obj_Plant_CypressLow_A_02.017
2.933243
-1.100405
-3.119675
-375.4454
124.5781
3521.817
1.0
Obj_TreeBroadleaf_A_LL_Set_01
0
0.6794413
0
-340.3799
124.2941
3571.178
1.0
FldObj_KorokStone_A_01.010
0
0
0
-43.32404
114.4882
3006.598
1.0
FldObj_Coral_A_01.001
0
4.36972
0
-141.4304
100
3913.326
1.0
FldObj_Coral_A_01.002
0
0
0
-89.90509
100
3874.504
1.0
Obj_Plant_HopBush_C_02.001
0.1006174
1.424712
0.02757482
-820.0664
177.6693
3693.445
1.001465
FldObj_KorokStone_A_01.011
0
-3.141593
0
-42.30841
114.4882
3006.598
1.0
Item_Fruit_A
0
2.094395
0
-411.025
138.3491
3381.446
1.0
Obj_TreeBroadleafLow_Branch_A_02.009
-0.08253127
0.03271446
0.04207853
-956.3358
185.1729
3077.493
0.9173
Obj_LiftRockWhite_Korok_A_01.007
0
-1.460001
0
-133.0158
105.661
3799.728
1.0
Obj_LiftRockWhite_Korok_A_01.008
0
-0.92
0
-133.0158
105.6383
3803.517
1.0
FldObj_RockOrangeStone_A_01.004
0
-2.090829
0
-844.5764
193.0493
3459.669
1.0
Item_Plant_O
1.017212
0.6697998
-0.6721191
-949.8672
258.0898
3665.133
1.0
Item_Material_04
2.745986
0.7424274
-2.490188
-578.9562
185.9424
3886.26
1.0
Obj_TreeBroadleafLow_A_01.008
0
5.243835
0
-296.6406
126.828
3588.656
1.0
FldObj_RockOrange_A_M_01.001
0
-0.7400001
0
-933.3356
352.4025
3228.613
1.0
Obj_Plant_CypressLow_A_01.024
-2.98128
0.9170457
-2.993562
-316.1219
122.8726
3568.717
1.0
Obj_TreeBroadleaf_A_L.024
0
2.167078
0
-383.1334
127.8714
3230.659
1.0
Obj_TreeConiferous_A_01.005
0
-2.270964
0
-724.9766
247.7955
3138.008
1.089468
Obj_Plant_CypressLow_A_02.018
-0.1263902
0.2621761
0.136941
-806.9961
228.2083
3081.168
0.861816
FldObj_RockOrangeStone_A_01.005
1.918092
0.7014083
1.440197
-873.151
173.1521
3833.003
1.0
Obj_TreeBroadleaf_A_L.025
0
1.274562
0
-307.3979
131.3999
3611.645
1.0
FldObj_TorchStandBone_A_01.002
0
2.12
0
-376
127.6202
3568.5
1.0
FldObj_Coral_A_01.003
0
3.710112
0
-154.4773
100
3901.873
1.0
Obj_TreeBroadleafLow_Branch_A_01.003
0
-0.9378328
0
-884.9016
189.947
3153.357
0.9815875
Obj_Plant_CypressLow_A_01.025
0.4110048
-0.8390573
-0.5410454
-575.6484
208.784
3604.215
1.016602
Obj_Plant_HopBush_C_02.002
0.2739637
0.5959492
0.3691911
-850.293
195.8518
3111.727
1.03418
Obj_Plant_CypressLow_A_01.026
-2.618253
-0.8862585
2.808659
-375.2334
128.0967
3549.385
1.0
Obj_Plant_HopBush_C_01.011
-0.02159024
-0.8121166
-0.0632718
-934.8281
189.0595
3118.129
1.012207
FldObj_KorokStone_A_01.012
0
2.461593
0
-884.5565
252.3889
3570.74
1.0
Obj_TreeBaobab_A_01
0
0
0
-667.0795
156.2768
3891.087
1.0
Animal_Fish_G
0
0
0
-152.6016
105.3742
3854.267
1.0
EnvSeEmitPointBirdTemperate
0
-0.3792725
0
-622.5195
248.7578
3120.363
1.0
Item_Mushroom_D
1.697708
0.279911
-0.2468258
-367.792
157.9605
3914.549
1.0
Obj_TreeBroadleafLow_Branch_B_01.001
0
2.03205
0
-810.8467
226.1807
3051.469
1.01922
FldObj_RockBeach_A_M_02
0
0
0
-28.03186
96.24741
3858.286
1.0
Item_Material_04
1.401179
0.6565665
1.803522
-578.9715
185.8991
3886.448
1.0
FldObj_RockOrangeStone_A_01.006
-2.876927
-0.3818494
-1.017549
-940.0004
213.3055
3341.43
1.0
AnchorAction1
0
-2.603185
0
-76.11707
107.5527
3887.548
1.0
FldObj_RockOrangeStone_A_01.007
0.3284004
-1.338562
2.58005
-1006.592
197.8757
3118.804
1.0
FldObj_BirdNest_A_01.003
0
2.341593
0
-854.7099
205.0295
3720.814
0.8705921
Obj_Plant_HopBush_A_01.002
0.2236904
0.1291228
-0.2511525
-561.582
218.6219
3169.957
0.944824
FldObj_Coral_A_01.004
0
0.5177823
0
-212.7195
100
3920.802
1.0
Item_Mushroom_D
-1.509643
1.226074
-2.812256
-1100.23
280.0195
3904.09
1.0
EnvSeEmitPointInsectTropical
-0.5599365
-0.9041747
0.2808838
-387.457
133.3594
3494.883
1.0
Obj_Plant_HopBush_C_01.012
0
1.375732
0
-778.0078
195.5607
3310.387
1.005859
Enemy_Keese
0
2.094395
0
-361.6017
130.6515
3557.705
1.0
Obj_TreeConiferous_A_01.006
0
-1.21465
0
-631.0186
242.776
3129.32
1.088446
Obj_TreeBroadleafLow_Branch_A_02.010
3.085756
0.4642046
3.100212
-793.2166
191.2077
3456.577
0.9573191
FldObj_Coral_A_01.005
0
5.870013
0
-187.3757
100
3925.044
1.0
TravelersGuardianDeity_A_01
0
2.094395
0
-412.5503
138.1893
3382.247
1.0
Obj_Mineral_C_01.002
2.895427
0.4976028
2.561125
-314.2119
119.258
3900.846
1.0
Enemy_Keese
0
-2.36
0
-394.4546
142.9078
3122.523
1.0
Obj_TreeBroadleafLow_A_01.009
0
0
0
-403.1133
126.6798
3185.271
1.0
Item_Mushroom_F
3.141479
-0.9720458
3.141479
-29.50391
124.0712
3334.313
1.0
Obj_TreeBroadleaf_A_L.026
0
0
0
-279.3751
121.7681
3484.751
1.0
FldObj_RockOrange_A_M_01.002
0
0
0
-1009.891
353.0448
3225.929
1.138424
EnvSeEmitPointInsectTropical
-1.782959
-0.6186523
1.225098
-380.3906
130.7734
3131.484
1.0
Obj_TreeBroadleafLow_Branch_A_01.004
0
-2.396178
0
-866.4186
190.5569
3159.659
0.9505806
FldObj_RockGashamahi_A_07.003
0.1832739
-0.7972193
-0.1991958
-587.8254
229.989
3043.832
1.0
Obj_LiftRockWhite_Korok_A_01.009
0
-1.880001
0
-134.0912
105.661
3806.733
1.0
Item_Plant_B
3.141479
1.297851
3.141479
-283.6953
125.0683
3578.355
1.0
FldObj_RockGashamahi_A_07.004
-2.78855
-0.1136661
-2.961424
-612.4981
237.0077
3125.925
1.0
Obj_TreeBroadleaf_A_L.027
0
5.847758
0
-276.8102
124.5556
3570.764
1.0
FldObj_RockBeach_A_S_02.001
0
-0.4599999
0
-123.257
105.2342
3860.88
1.0
Obj_Plant_CypressLow_A_02.019
0
-0.7353516
0
-39.64844
124.0348
3344.719
1.043945
FldObj_RockOrange_A_M_01.003
0.22
0
0
-951.1479
349.7488
3260.586
1.0
EnvSeEmitPointBirdTropical
0
-1.185303
0
-118.9961
114.4609
3809.016
1.0
Obj_Plant_HopBush_A_02.003
-0.2990233
0.9927878
-0.2489462
-163.4844
161.6307
3650.703
0.949219
Obj_Plant_CypressLow_A_01.027
3.053599
-0.553754
-3.096721
-399.7315
126.2727
3167.859
1.0
Obj_Plant_HopBush_C_02.003
0.03840033
0.003073667
-0.05833737
-812.5039
177.5937
3635.949
0.93457
Enemy_Bokoblin_Guard_Junior
0
3.120001
0
-373.8125
130.0853
3525.184
1.0
FldObj_KorokStone_A_01.013
0
-3.141593
0
-43.32404
112.496
3007.598
1.0
FldObj_RockOrange_A_M_01.004
0
2.723186
0
-1004.062
352.7242
3232.389
1.138424
Obj_Plant_CypressLow_A_01.028
0.08636023
1.013986
0.252757
-342.5441
126.5731
3184.177
1.0
Obj_Plant_HopBush_A_02.004
-0.2940974
-0.8021573
0.3559625
-544.9336
167.1372
3949.152
1.085449
Obj_Plant_CypressLow_A_01.029
-0.4065298
0.568764
0.00724778
-279.5
159.0243
3722.738
0.875
FldObj_RockGashamahi_A_07.005
0.22
0
-0.16
-570.802
227.5872
3101.019
1.0
FldObj_KorokStone_A_01.014
0
2.581593
0
-32.88654
114.4882
3005.992
1.0
Obj_TreeBroadleafLow_Branch_A_01.005
0
-0.9983445
0
-823.3474
193.193
3422.451
0.9505806
EnvSeEmitPointBirdTemperate
0.3127441
0.8521728
0.1512451
-726.4727
253.4961
3103.129
1.0
Obj_TreeBroadleafLow_A_01.010
0
4.360996
0
-388.0176
127.284
3222.66
1.0
Obj_Plant_CypressLow_A_01.030
0.05603865
-0.2820708
-0.00164291
-278.949
120.0887
3521.234
1.0
BarrelBomb2
-3.141456
-0.7817369
-3.1414
-390.677
150.2588
3141.414
1.0
Obj_Plant_CypressLow_A_01.031
-2.820918
-0.2846282
3.137544
-323.3318
120.4028
3537.282
1.0
Obj_TreeBroadleaf_A_L.028
0
4.692574
0
-309.1262
129.0039
3598.872
1.0
Obj_Plant_CypressLow_A_02.020
-0.7715411
1.305685
-0.6171132
-245.6641
176.8563
3764.281
0.876465
Obj_TreeBroadleaf_A_LL_Set_01.001
0
2.677263
0
-390.1667
127.8604
3545.974
1.0
FldObj_CliffWhiteLumpRock_A_02.001
-0.9225565
0.38405
-0.07325704
-394.4685
125.2205
3159.192
1.0
Obj_TreeBroadleaf_A_L.029
0
4.074008
0
-317.8394
120.6653
3521.896
1.0
TravelersGuardianDeity_A_01
0
2.094395
0
-420.5503
138.1893
3368.391
1.0
Obj_LiftRockWhite_Korok_A_01.010
0
-2.46
0
-94.03717
143.6483
3127.865
1.0
FldObj_RockOrangeStone_A_02.005
-0.0684965
-0.9297138
-1.344876
-825.2802
192.0589
3375.7
1.0
EnvSeEmitPointInsectTropical
0.8122558
0.9503173
0.1932373
-253.2422
130.0938
3835.984
1.0
Obj_TreeBroadleafLow_A_01.011
0
1.501536
0
-402.6361
126.7877
3179.437
1.0
FldObj_Coral_A_02.001
0
-1.35409
0
-79.776
100
3905.147
1.0
Obj_Plant_CypressLow_A_01.032
-0.4788374
-1.265727
0.5327921
-293.3633
124.0197
3570.355
0.994629
Obj_Plant_HopBush_A_02.005
-0.2182914
-0.4192111
0.0889376
-759.6367
247.6544
3134.102
1.004883
Obj_Plant_CypressLow_A_01.033
-0.2973432
-0.4059667
0.2048591
-321.6758
166.8484
3760.984
1.01416
Obj_TreeBroadleafMossStump_B_L_01
0
-0.52
0
-374.0511
125.3645
3507.935
1.0
Obj_TreeBroadleafLow_A_01.012
0
2.390785
0
-379.4874
126.0492
3205.001
1.0
Obj_TreeBroadleafLow_A_02.004
0
0.5627753
0
-396.9793
130.9719
3150.408
1.0
Obj_Plant_CypressLow_A_01.034
-0.05181297
-0.1719581
-0.06058502
-527.207
200.1257
3624.176
0.999023
FldObj_Coral_A_01.006
0
3.386729
0
-164.2351
100
3910.654
1.0
Obj_MineralBury_A_01.002
0.6717005
0.9608651
0.2273467
-176.9076
149.024
3092.36
1.0
EnvSeEmitPointBirdSubarctic
0
-0.2606201
0
-769.0469
164.3359
3903.645
1.0
FldObj_KorokStone_A_01.015
-1.58
-0.6799999
0
-882.2902
251.2644
3567.683
1.0
Obj_TreeBroadleafLow_A_01.013
0
0
0
-404.0545
133.0471
3544.79
1.0
EnvSeEmitPointBirdTropical
0.5963135
1.106323
-0.02441407
-409.6016
136.0469
3181.742
1.0
Obj_RockSetGray_A_02.003
0
5.313437
0
-320.5583
120.5529
3547.146
1.0
Obj_Plant_CypressLow_A_02.021
3.051291
-0.5840299
-3.083427
-281.8363
120.6
3505.657
1.0
EnvSeEmitPointBirdSubarctic
0
-0.4315185
0
-658.4961
164.2695
3851.027
1.0
FldObj_Coral_A_01.007
0
-2.46
0
-102.4698
100
3896.323
1.0
Obj_Plant_CypressLow_A_02.022
0.01940265
0.7574323
-0.0437461
-335.2167
120.7196
3531.162
1.0
Item_Mushroom_E
0
1.331665
0
-324.9219
122.2914
3560.141
1.0
TBox_Field_Iron
-0.1644199
0.4724144
-0.3095705
-56.3652
106.4659
3558.745
1.0
Obj_Plant_HopBush_A_01.003
-0.06139808
0.3758088
-0.01447635
-280.7422
124.8207
3575.012
0.998535
Obj_TreeBroadleaf_A_L.030
0
2.99862
0
-347.1818
124.6705
3566.608
1.0
Area
0
-2.36
0
-400.875
130.9078
3137.348
50
Obj_Plant_HopBush_C_01.013
0.2307168
-0.7376828
-0.008405294
-700.3984
170.7142
3732.574
0.886719
Obj_TreeBroadleaf_A_L.031
0
2.511155
0
-321.9525
128.5193
3593.574
1.0
Obj_Plant_HopBush_A_01.004
0.1491892
0.7474963
-0.2194552
-557.7734
218.3004
3164.832
1.04541
Obj_LiftRockWhite_Korok_A_01.011
0
-2.020001
0
-91.57736
142.8089
3125.585
1.0
FldObj_RockOrangeStone_A_01.008
0.15649
0.6967742
0.04373757
-904.6075
204.8291
3418.847
1.107395
Obj_Plant_CypressLow_A_02.023
-0.1594335
0.9026083
-0.2098347
-600.3008
230.1731
3032.137
0.854004
FldObj_RockOrangeStone_A_01.009
-3.119411
-0.237597
-2.8986
-868.0748
194.7435
3350.349
1.0
AirWall
0
-0.07347658
0
-458.8342
481.833
3986.492
1.0
FldObj_RockBeach_A_M_04
0
-2.119999
0
-111.0273
95.32521
3885.592
1.0
FldObj_KorokStone_A_01.016
0
1.570796
0
-44.32404
115.4882
3006.598
1.0
AnchorAction1
0
-2.603185
0
-63.58493
107.6295
3881.228
1.0
Item_Mushroom_D
-1.895874
0.6710204
-2.818848
-904.2227
223.5273
3487.035
1.0
Obj_LiftRockWhite_Korok_A_01.012
0
1.26
0
-133.0157
105.665
3801.675
1.0
Obj_Plant_HopBush_C_01.014
0.1777935
0.6135833
0.2741415
-856.5664
194.0259
3115.051
0.864746
EnvSeEmitPointInsectTemperate
3.141479
-0.7725829
3.141479
-99.89844
144.6172
3124.711
1.0
Item_Mushroom_H
3.141479
0.4730225
3.141479
-901.3047
191.0048
3774.285
1.0
EnvSeEmitPointBirdTropical
0.1170654
0.6810302
0.7255859
-317.6523
141.4961
3620.988
1.0
FldObj_Coral_A_03
0
5.06675
0
-61.76425
100
3866.146
1.0
Item_Mushroom_H
3.141479
-0.4528808
3.141479
-667.9805
157.2275
3783.852
1.0
Obj_Plant_CypressLow_A_01.035
0
-0.434082
0
-278.8125
179.6024
3776.949
1.010742
FldObj_RockOrange_A_M_01.005
0
0.1231859
0
-1012.22
351.3068
3235.054
1.138424
Obj_Plant_CypressLow_A_02.024
0.1277189
-1.028054
-0.1043667
-587.4102
234.1417
3080.191
1.004395
Obj_Plant_HopBush_C_02.004
0.01521384
-0.9167266
-0.05731473
-816.7422
177.649
3643.555
1.066895
Obj_Plant_HopBush_C_01.015
-0.1145478
-0.7383118
-0.1297482
-869.543
182.1121
3747.246
1.069336
Obj_Plant_HopBush_C_01.016
-1.033652
-1.390515
0.9238412
-919.5117
192.2878
3155.527
0.883301
FldObj_KorokStone_A_01.017
0
-0.5599999
0
-32.5705
114.4882
3007.371
1.0
FldObj_Coral_A_01.008
0
4.833822
0
-190.2664
100
3897.896
1.0
Obj_TreeBroadleafLow_Branch_A_01.006
0
0
0
-771.1434
194.0232
3395.098
1.0
EnvSeEmitPointBirdTemperate
2.591308
-1.321533
-2.90332
-616.7422
248.0664
3130.859
1.0
Obj_Plant_HopBush_A_02.006
-0.08845183
0.8972051
-0.2654589
-76.28516
139.9395
3126.992
1.025879
FldObj_CliffWhiteLumpRock_A_02.002
-1.498052
0.4515969
0.05206305
-129.5834
102.5989
3081.602
1.0
Obj_TreeBroadleaf_A_L.032
0
6.15622
0
-381.1295
130.6339
3132.156
1.0
Obj_Plant_HopBush_C_02.005
-0.0205069
-0.934939
0.1197561
-802.8438
193.985
3322.285
0.910156
Obj_TreeBroadleafLow_Branch_A_01.007
0.113707
-0.01562124
-0.008559305
-806.7094
182.288
3575.185
1.024215
Obj_TreeConiferous_A_01.007
0
1.174231
0
-835.088
227.2461
3033.426
1.0
Obj_TreeBroadleaf_A_LL.003
0
0
0
-366.7589
126.0042
3487.5
1.0
FldObj_CliffWhiteLumpRock_A_03.001
0
0.2999988
0
-31.94913
102.6365
3063.169
0.9
Obj_Plant_CypressLow_A_02.025
-0.04261858
0.2657486
-0.1775908
-100.7734
144.6533
3122.547
1.077148
Item_Plant_O
-0.5761718
1.147827
-2.166626
-1107.516
329.4844
3917.176
1.0
FldObj_RockOrangeStone_A_02.006
1.410271
0.1243946
2.97963
-905.5806
201.8721
3379.48
1.0
Obj_TreeBroadleaf_A_L.033
0
3.5756
0
-370.4936
125.5423
3533.348
1.0
FldObj_RockOrangeStone_A_02.007
-1.711761
-0.00437697
0.1607016
-799.6943
176.5594
3679.292
1.0
Obj_Plant_HopBush_C_01.017
0.2279144
-1.267894
-0.1092884
-813.1719
195.3856
3213.055
1.001465
Obj_TreeBroadleaf_A_L.034
0
0.6975838
0
-343.5075
133.1167
3611.732
1.0
FldObj_RockOrange_A_M_02
-0.24
0
0
-934.8086
350.0445
3237.119
1.0
Obj_TreeConiferous_A_01.008
0
-2.654598
0
-834.0909
227.2502
3024.981
1.0
Obj_Plant_HopBush_A_01.005
-0.2237999
-0.5818951
0.2543585
-547.5234
167.7637
3954.121
0.95166
Item_Mushroom_D
-2.081177
0.4349365
3.134765
-896.3203
256.1328
3209.785
1.0
EnvSeEmitPointBirdTemperate
0.3574218
0.7651367
-0.001342769
-542.5508
227.332
3132.145
1.0
Obj_Plant_CypressLow_A_02.026
-2.887
-1.067017
2.928447
-302.334
120.1147
3530.758
1.0
EnvSeEmitPointInsectTropical
-2.988403
-0.8757324
2.753296
-204.2891
137.7109
3481.855
1.0
Item_Fruit_A
0
2.094395
0
-417.2218
138.0209
3370.704
1.0
FldObj_RockGashamahi_A_04
0.271177
-0.8354943
-0.4887066
-613.9125
237.9555
3136.99
1.0
FldObj_CliffWhiteEdgeParts_A_01
-0.5311585
0.5263134
0.015781
-37.12772
124.4904
3346.688
1.1
EnvSeEmitPointBirdTropical
2.458008
0.974121
-2.833374
-93.60156
114.0898
3735.844
1.0
FldObj_TorchStandBone_A_01.003
0
0.7
0
-356.25
126.4471
3193.406
1.0
Obj_TreeBroadleafLow_Branch_B_01.002
0
1.977881
0
-832.7382
227.4677
3017.328
1.068659
FldObj_RockOrangeStone_A_01.010
2.918003
0.05764978
-2.969352
-811.1599
184.7247
3540.981
1.0
Obj_TreeBroadleaf_A_L.035
0
0
0
-289.0079
121.9314
3476.384
1.0
Obj_Plant_CypressLow_A_02.027
-0.1286368
-0.5976584
0.1215987
-284.8828
124.7939
3575.711
0.907715
Obj_Plant_CypressLow_A_02.028
2.958091
0.8996745
2.563293
-658.4904
259.3839
3439.732
1.0
FldObj_EnemyTrace_Garbage_A_01
0
-2.201584
0
-414.5935
131.4505
3151.389
1.0
FldObj_KorokStone_A_01.018
0
1.010796
0
-31.1788
115.4882
3007.063
1.0
Obj_Plant_CypressLow_A_01.036
-0.492918
-1.267144
0.7338612
-207.6055
134.4714
3593.039
0.962402
Obj_Plant_HopBush_C_01.018
0.01594508
0.9236193
0.06880754
-810.6406
194.0271
3286.266
1.000977
EnvSeEmitPointBirdTropical
-2.4646
0.09277343
-3.014526
-4.203125
134.2383
3394.199
1.0
Item_Plant_G
0
1.386719
0
-324.5859
120.9545
3506.926
1.0
Obj_TreeBroadleaf_A_L.036
0
0
0
-330.9175
122.7092
3481.718
1.0
FldObj_KorokStone_A_01.019
-2.250817
0.007156395
1.565009
-882.2844
252.2722
3567.676
1.0
FldObj_TorchStandBone_A_01.004
0
0.42
0
-352.5
126.3791
3158
1.0
Obj_TreePalmBeach_A_01.002
0
0
0
-53.03122
106.0286
3668.198
1.0
EnvSeEmitPointInsectTropical
-0.8480224
0.01513672
1.148438
-339.6211
123.2656
3549.66
1.0
Obj_Plant_HopBush_C_01.019
1.051821
-1.472642
-0.72294
-767.668
199.1178
3264.367
0.930176
Obj_TreeBroadleafLow_Branch_A_02.011
0.03331808
-0.3276259
0.05090288
-824.6965
192.3247
3343.149
0.9587757
FldObj_RockGashamahi_A_06
0
0
-0.2
-565.5027
226.9758
3105.221
1.0
Obj_TreeBroadleaf_A_L.037
0
5.982246
0
-370.2436
134.2588
3603.781
1.0
Barrel
3.141116
-0.9983825
-3.14115
-70.42362
107.6538
3870.157
1.0
FldObj_RockOrangeStone_A_01.011
-2.520611
-0.417054
2.086007
-841.6301
191.6015
3491.274
1.0
Obj_Plant_CypressLow_A_02.029
0.04202813
-0.2987121
-0.2897151
-392.793
129.6435
3536.211
0.938965
Obj_Plant_HopBush_A_02.007
-0.2398975
1.250581
-0.4197305
-94.99219
143.7659
3123.855
0.96582
Item_Mushroom_D
-2.786986
-1.081404
-0.2143358
-111.1486
110.8663
3419.117
1.0
Item_Mushroom_D
1.702902
0.2234372
-0.1959003
-395.278
130.5315
3927.117
1.0
Obj_TreePalmBeach_A_02.002
0
-0.3
0
-73.5788
105.9831
3697.332
1.0
FldObj_RockOrange_A_M_01.006
0.2589167
-0.9147321
-0.2978139
-957.5801
350.4009
3256.862
1.0
FldObj_KorokStone_A_01.020
0
2.581593
0
-31.1788
114.4882
3007.063
1.0
Obj_TreeBroadleafLow_Branch_A_01.008
-3.126896
1.419389
-3.068725
-795.3777
195.0274
3291.991
0.9835922
Item_Mushroom_F
3.141479
-0.5209961
3.141479
-303.207
120.9627
3498.777
1.0
SpotBgmTag
0
-0.8456048
0
-985.2891
338.5
3564.992
25
Item_Mushroom_D
1.572219
0.2535345
-0.2531779
-336.9395
179.0821
3894.65
1.0
Obj_TreeBroadleaf_A_L.038
0
5.354167
0
-58.94171
122.5449
3335.591
1.0
Obj_Plant_CypressLow_A_01.037
-1.369851
-1.454225
1.112556
-384.3164
140.0253
3613.027
1.041504
Item_Mushroom_C
0
-1.429932
0
-856.6719
179.2302
3817.234
1.0
EnvSeEmitPointInsectTropical
2.740234
-0.5637207
-2.974609
-379.8594
130.168
3134.527
1.0
Obj_Mineral_C_01.003
0.4682645
0.7366892
0.06147578
-313.1394
119.2982
3899.104
1.0
AnchorAction1
0
-2.36
0
-397.2203
144.5799
3131.857
1.0
Obj_Plant_CypressLow_A_01.038
3.046654
0.5147173
2.962359
-406.6891
127.069
3181.354
1.0
Obj_RockGray_A_L_01
0
0
0
-698.5824
156.4445
3912.368
1.2
FldObj_KorokStone_A_01.021
0
-3.141593
0
-42.30841
115.4882
3007.598
1.0
Obj_TreeBroadleaf_A_L.039
0
4.568318
0
-316.6479
133.5549
3621.683
1.0
Obj_TreeBroadleaf_A_L.040
0
4.899974
0
-401.0613
131.5114
3514.864
1.0
FldObj_RockOrangeStone_A_02.008
-0.5064631
-0.7737352
-2.69344
-847.4197
192.7968
3314.841
1.0
Obj_TreeBroadleafLow_A_01.014
0
0
0
-321.9593
134.4187
3628.744
1.0
Enemy_Lynel_Junior
0
0.2199999
0
-864.864
191.7068
3181.605
1.0
TBox_Field_Iron
-0.9398041
-1.444167
1.116315
-133.1645
102.4893
3404.19
1.0
Obj_Plant_HopBush_C_01.020
0
0.6955566
0
-769.2188
191.008
3464.219
1.067871
Obj_Plant_CypressLow_A_02.030
-2.272996
-1.378242
2.236227
-276.8746
120.98
3531.263
1.0
Item_Material_04
-1.707847
0.8219229
-1.078264
-340.3761
132.5228
3570.964
1.0
Obj_Plant_CypressLow_A_02.031
0
1.912649
0
-379.8917
127.6206
3547.008
1.0
Obj_Plant_HopBush_A_02.008
-0.1753772
0.6306116
-0.08442453
-281.6719
121.1205
3543.992
0.858887
Obj_TreeBroadleaf_A_L.041
0
2.220997
0
-73.48212
114.9462
3325.062
1.0
EnvSeEmitPointBirdSubarctic
3.11914
0.4338379
-2.947021
-813.1016
185.3125
3681.148
1.0
Obj_LiftRockWhite_Korok_A_01.013
0
-0.6600002
0
-92.39716
143.5668
3132.774
1.0
Obj_TreeBroadleafLow_Branch_A_01.009
0
-2.242975
0
-798.0515
193.3789
3409.698
0.9815875
Obj_TreeBroadleafLow_Branch_A_02.012
-0.01177156
-0.7865183
0.07320645
-787.0661
195.6287
3297.213
0.9587757
Obj_RockSetGray_A_02.004
0
0
0
-528.3594
156.4226
3791.103
1.0
Obj_Plant_HopBush_C_01.021
-0.1916767
-0.5433135
0.2290104
-558.5508
159.7597
3912.438
0.880859
Obj_TreePalmBeach_A_01.003
0
0
0
-50.46817
106.8695
3556.387
1.0
FldObj_RockOrangeStone_A_01.012
0.8202191
1.113473
0.04974831
-945.233
215.753
3334.99
1.0
FldObj_CliffWhiteLumpRock_A_03.002
0
0.6400002
-0.22
-24.59155
101.8395
3042.899
1.0
FldObj_KorokStone_A_01.022
0
-1.570796
0
-43.32404
114.4882
3007.598
1.0
Obj_Plant_CypressLow_A_01.039
-3.072676
-0.5450372
2.968908
-370.7709
124.9219
3503.702
1.0
Obj_TreeBroadleaf_A_L.042
0
0.9853627
0
-331.5
121.1874
3525
1.0
Obj_TreeBroadleafLow_A_01.015
0
0.2149233
0
-373.1528
125.8254
3159.318
1.0
Obj_Plant_HopBush_C_01.022
-0.1814083
-0.4409175
0.1693411
-570.9688
158.6434
3913.898
1.004883
FldObj_RockOrangeStone_A_02.009
2.104135
1.05649
-1.717903
-909.3765
203.637
3382.984
1.0
Obj_Plant_CypressLow_A_01.040
1.2826
-1.396448
-1.305817
-317.793
131.0835
3194.746
0.954102
Obj_Plant_HopBush_C_02.006
0.05865651
0.3759464
0.2019442
-833.5352
194.5385
3156.48
1.020508
FldObj_RockGashamahi_A_07.006
0.05820835
-0.03817441
0.2101061
-446.5893
140.6604
3024.424
1.0
Area
0
-2.36
0
-400.875
130.9078
3137.348
25
Obj_LiftRockWhite_Korok_A_01.014
0
0.7631859
0
-130.7955
105.6885
3807.901
1.0
Obj_TreeBroadleaf_A_L.043
0
1.517039
0
-404.8092
126.6001
3189.8
1.0
Obj_Plant_CypressLow_A_01.041
-0.2599966
0.2441338
-0.3694858
-406.4141
138.8812
3394.066
1.041504
Obj_TreeBroadleaf_A_L.044
0
0
0
-379.9861
129.7081
3482.004
1.0
Obj_TreeBroadleafLow_A_01.016
0
-1.88001
0
-406.2626
133.2329
3548.06
1.0
Obj_Plant_CypressLow_A_01.042
-0.4380592
-1.051986
0.4222895
-665.7617
237.8288
3078.449
1.095215
Obj_RockGray_A_L_02.001
-0.04258096
0.010191
-0.2616365
-17.42545
108.0632
3467.294
1.2
Obj_Plant_CypressLow_A_02.032
0.1097642
-0.5608562
-0.247733
-387.2007
127.9717
3540.062
1.0
Obj_Mineral_A_01
2.865825
0.6366183
2.790195
-191.824
132.0813
3443.004
1.0
Obj_TreeBroadleaf_A_LL.004
0
5.761289
0
-331.6892
121.4578
3550.242
1.0
FldObj_CliffWhiteEdgeParts_A_01.001
0
-2.16
0
-78.57059
113.4722
3321.362
1.0
Obj_TreeBroadleafLow_A_01.017
0
-0.84
0
-321.9128
124.046
3575.656
1.0
EnvSeEmitPointBirdTropical
-0.3222656
1.231445
-1.38208
-341.043
131.125
3484.91
1.0
Obj_TreeConiferous_A_01.009
0
2.714356
0
-805.3339
225.8286
3042.325
1.0
Obj_Plant_CypressLow_A_02.033
-0.7639551
1.441718
-1.145632
-658.3914
252.9878
3366.082
1.0
EnvSeEmitPointBirdSubarctic
3.141479
-1.437012
3.141479
-856.3633
188.7773
3720.582
1.0
Obj_TreeBroadleafFallenTree_A_M_01.001
0.03701441
-0.2977762
-0.1255527
-342.1266
121.1249
3519.345
1.0
Obj_LiftRockWhite_Korok_A_01.015
0
-2.16
0
-90.42993
142.5601
3124.458
1.0
Obj_TreeBroadleaf_A_L.045
0
4.154771
0
-361.0381
123.3173
3521.165
1.0
FldObj_KorokStone_A_01.023
0
-0.5599999
0
-31.7099
114.4882
3007.91
1.0
Obj_Plant_HopBush_A_02.009
-0.1255792
0.6851913
-0.2853292
-241.4609
130.0461
3446.25
0.984863
Obj_TreeBroadleaf_A_L.046
0
0
0
-291.0724
120.7357
3494.75
1.0
Obj_TreeConiferous_A_01.010
0
1.104615
0
-723.8729
247.5373
3126.644
1.0
Obj_TreePalmBeach_A_02.003
0
1.18
0
-50.50253
106.0391
3649.673
1.0
Obj_Plant_HopBush_C_01.023
0.1570823
-0.9213718
0.06111024
-834.418
194.6982
3152.371
0.869629
Item_Plant_O
-1.932739
0.06884766
2.929809
-938.0234
256.0508
3149.707
1.0
Obj_Plant_HopBush_C_01.024
0.002991021
-0.6629848
-0.08574091
-832.3867
178.8275
3677.145
0.899902
Obj_TreeBroadleaf_A_L.047
0
1.249061
0
-310.2379
121.9982
3557.148
1.0
FldObj_EnemyLookout_B_01.001
0
1.32
0
-320.9727
123.2272
3567.438
1.0
EnvSeEmitPointBirdTropical
1.882324
-0.8812255
-2.806274
-379.3359
137.8789
3588.355
1.0
Item_Mushroom_D
-0.7116699
1.366211
-2.432007
-955.7031
239.0273
3665.805
1.0
Area
0
-0.28
0
-384.8047
125.5433
3173.688
40
Obj_TreeConiferous_A_01.011
0
2.498657
0
-845.1462
228.8919
3023.716
1.0
Obj_LiftRockWhite_Korok_A_01.016
0
2.383185
0
-91.23154
143.2044
3134.263
1.0
Obj_Plant_HopBush_A_02.010
0.02355418
0.5610561
0.1689207
-299.4766
120.1971
3512.77
1.078613
AirWall
0
0.1799996
0
-636.3465
888.5455
4111.101
1.0
Obj_TreeBroadleaf_A_L.048
0
0.2070339
0
-54.54559
121.638
3326.75
1.0
Obj_Plant_CypressLow_A_01.043
0.08631555
1.149177
-0.06937594
-78.14063
140.2704
3129.93
0.88623
Obj_Plant_HopBush_A_02.011
-0.1579689
0.4873229
-0.2214219
-404.7031
137.214
3388.246
1.05127
Item_Material_04
2.296493
0.3556668
2.406341
-390.2322
136.0815
3546.201
1.0
Obj_TreeBroadleaf_A_L.049
0
3.618558
0
-356.9361
130.9761
3593.932
1.0
FldObj_RockGashamahi_A_01
0.2343026
0.01365164
-0.1158684
-549.6681
224.0866
3126.795
1.0
Obj_Plant_CypressLow_A_02.034
0
1.008057
0
-377.7422
132.3362
3271.645
0.95166
Obj_Plant_HopBush_C_01.025
-0.8982704
1.42762
-1.008198
-918.75
192.7617
3159.645
0.861816
Obj_TreeConiferous_A_01.012
0
-0.3208122
0
-719.6383
245.314
3145.312
1.0
FldObj_RockOrange_A_M_01.007
0
0
0
-994.3934
352.8596
3254.142
1.0
Obj_Plant_HopBush_C_01.026
-0.1206537
-0.5451257
-0.1147043
-863.4648
180.696
3744.758
0.90918
Obj_TreeBroadleaf_A_L.050
0
3.748955
0
-296.5518
120.0646
3516.396
1.0
FldObj_RockOrange_A_M_01.008
-0.01989965
-1.158402
-3.971688E-05
-970.7648
352.3792
3196.053
1.0
Obj_Plant_HopBush_C_02.007
0.08702365
-0.6179149
0.0891351
-781.0703
196.549
3256.395
0.98291
EnvSeEmitPointInsectTropical
0.9774169
0.2178955
1.51062
-341.2539
136.5781
3625.18
1.0
Item_Mushroom_D
0.06987472
0.5298394
-2.885341
-119.4898
111.1205
3418.402
1.0
Obj_Plant_CypressLow_A_02.035
-2.793902
0.3753624
-2.942563
-307.1917
125.8928
3584.382
1.0
FldObj_RockOrangeStone_A_01.013
-0.6434625
0.9862137
-0.7849982
-961.0954
187.5696
3094.98
1.0
Obj_Plant_HopBush_C_02.008
0.1084271
-0.01861237
-0.003437034
-790.457
179.3262
3600.449
1.015137
Obj_Plant_CypressLow_A_01.044
0.1757158
0.9867308
-0.1256867
-401.9414
135.716
3448.66
0.989746
Obj_TreeBroadleafLow_Branch_A_01.010
3.056677
0.9573682
3.055587
-793.0184
192.0815
3438.858
0.9835922
Obj_Plant_CypressLow_A_02.036
-0.310368
0.499437
0.001232471
-198.3242
176.6038
3733.43
1.037598
Obj_Plant_CypressLow_A_02.037
1.419296
1.179
1.346184
-309.8789
183.7126
3082.582
0.936035
Obj_TreeBroadleaf_A_L.051
0
0.4347764
0
-293.4951
122.0244
3550.661
1.0
Obj_TreeBroadleaf_A_L.052
0
3.423555
0
-30.75909
124.3172
3334.175
1.0
Obj_TreeBaobab_A_03
0
1.719997
0
-598.4425
156.2099
3845.099
1.0
Item_Mushroom_D
0.1083706
0.6723965
-2.833642
-126.1604
109.996
3421.773
1.0
FldObj_RockOrangeStone_A_01.014
-3.113456
-1.19588
2.863744
-932.3201
211.3743
3380.609
1.0
Obj_Plant_CypressLow_A_02.038
0.005753989
-0.2947043
-0.1671659
-627.8438
244.1056
3365.047
0.955078
Obj_TreeBroadleafLow_A_01.018
0
0
0
-421.9703
131.6278
3135.175
1.0
Obj_TreePalmBeach_A_01.004
0
0
0
-41.96854
106.0197
3614.127
1.0
Obj_TreeBroadleafLow_A_01.019
0.2553695
0.00205884
-0.01603633
-309.8878
121.3362
3475.865
1.0
EnvSeEmitPointBirdTropical
0
-0.7602538
0
-39.01172
114.793
3572.332
1.0
Obj_TreeBroadleafLow_A_01.020
0
0
0
-423.532
138.2241
3171.33
1.0
FldObj_RockOrangeStone_A_01.015
0.04569265
-0.7232074
0.1018467
-804.9711
191.9648
3365.204
1.339095
FldObj_KorokStone_A_01.024
0
2.461593
0
-884.5565
251.3889
3570.74
1.0
FldObj_CliffWhiteLumpRock_A_02.003
-1.1
0.7799999
0
-382.191
125.0466
3150.93
1.0
Obj_LiftRockWhite_Korok_A_01.017
0
2.263185
0
-98.02148
144.0881
3125.224
1.0
Obj_Plant_CypressLow_A_02.039
0.2030669
0.7035963
0.4256019
-512.6992
204.3132
3647.867
1.09668
Obj_Plant_HopBush_C_01.027
0.2078249
0.3445413
0.2578262
-855.1563
194.8873
3111.652
0.926758
Obj_TreeConiferous_A_01.013
0
-0.3613432
0
-815.9427
225.9045
3042.206
1.0
Obj_Plant_HopBush_C_02.009
0.0590375
-0.8645682
0.04166038
-792.9023
194.9345
3311.656
0.885254
Obj_Plant_CypressLow_A_02.040
-2.81139
0.8976601
-2.874902
-302.3406
124.3377
3574.379
1.0
Obj_TreeBroadleafLow_A_02.005
0
0
0
-366.3319
124.1293
3506.397
1.0
Animal_Fish_G
0
0
0
-150.5063
105.3742
3859.896
1.0
AnchorAction1
0
-2.603185
0
-84.04504
106.4272
3892.283
1.0
Obj_TreeBroadleafLow_Branch_A_02.013
-3.139925
0.9251554
-2.976566
-803.4219
193.9718
3307.781
0.9573191
Item_Mushroom_H
0.3082346
-0.605143
-0.3701088
-893.0157
190.3932
3773.141
1.0
Item_Plant_O
-1.765747
1.208984
-3.054809
-1114.957
295.7383
3739.453
1.0
Obj_Plant_CypressLow_A_01.045
0.3960139
1.062358
0.3691814
-381.8848
125.7483
3162.823
1.0
Obj_TreeBroadleafLow_Branch_B_01.003
0
4.148639
0
-828.6251
226.3004
3040.227
1.04536
Obj_Plant_CypressLow_A_01.046
0.07743669
0.2540321
-0.1231088
-354.8434
122.1018
3514.555
1.0
Item_Plant_O
1.086304
1.028809
-0.3210449
-910.1328
221.2852
3470.992
1.0
Obj_TreeBroadleaf_A_L.053
0
4.552145
0
-327.1646
133.0725
3618.489
1.0
Area
0
0
0
-375
144.8356
3562.5
100
EnvSeEmitPointBirdSubarctic
3.141479
0.2298584
3.141479
-598.5547
164.1914
3845.352
1.0
EnvSeEmitPointInsectTropical
0.7965087
-0.4071045
0.8059081
-356.4297
137.2539
3595.066
1.0
FldObj_KorokStone_A_01.025
0
0
0
-44.32404
115.4882
3007.598
1.0
Obj_TreePalmBeach_A_02.004
0
1.3
0
-125.1036
106.0258
3790.604
1.0
Obj_Plant_HopBush_C_02.010
0.1746545
0.2165333
0.201243
-751.9453
183.4462
3595.906
1.02002
Item_Plant_O
-0.592163
0.7615966
-2.515869
-882.8516
246.9492
3505.039
1.0
FldObj_KorokStone_A_01.026
0
-1.570796
0
-44.32404
114.4882
3007.598
1.0
Obj_Plant_CypressLow_A_01.047
-0.3683035
0.9937972
-0.2366388
-290.9014
119.5402
3528.846
1.0
FldObj_RockGashamahi_A_03.002
0.3224211
0.2116117
0.3036376
-645.2737
241.4447
3126.759
1.0
Obj_TreeStump_Broadleaf_A_01
0
-1.04
0
-285.8199
124.7046
3574.99
1.0
Enemy_Keese
0
-2.36
0
-389.1661
142.9078
3126.432
1.0
Obj_TreeBroadleaf_A_L.054
0
3.514976
0
-393.3203
129.8323
3532.498
1.0
Obj_LiftRockWhite_Korok_A_01.018
0
0.9800003
0
-132.936
105.7087
3805.218
1.0
EnvSeEmitPointBirdTropical
0
0.5744629
0
-124.0938
114.2969
3791.422
1.0
FldObj_RockOrange_A_M_02.001
-0.2
1.14
0
-978.9607
350.8854
3201.231
1.0
Obj_Plant_CypressLow_A_01.048
0.376891
-1.037806
-0.3985176
-383.7972
130.8243
3131.538
1.0
Item_Mushroom_D
2.421758
-1.090388
0.4487845
-102.0871
108.2598
3410.94
1.0
Obj_TreeBroadleaf_A_L.055
0
1.325129
0
-42.23425
121.2809
3308.276
1.0
Item_Mushroom_D
1.865234
0.9412841
-0.07189941
-954.5586
236.25
3679.758
1.0
Obj_Plant_CypressLow_A_01.049
-0.2974925
0.337113
-0.01413509
-323.3008
169.9757
3772.668
1.037598
Obj_TreeBroadleaf_A_L.056
0
2.257952
0
-424.2545
131.5919
3130.593
1.0
Obj_Plant_HopBush_A_02.012
-0.6586384
0.9877555
-0.8319907
-365.1172
143.8592
3648.094
0.870117
Obj_TreeBroadleaf_A_L.057
0
5.386078
0
-361.8979
137.5665
3620.168
1.0
Obj_Plant_HopBush_C_02.011
0
1.203003
0
-824.8438
192.5367
3329.25
1.003418
FldObj_KorokStone_A_01.027
0
-2.130796
0
-31.7099
115.4882
3007.91
1.0
Obj_Plant_CypressLow_A_01.050
0.1020248
0.9041112
0.08092857
-320.6884
121.2222
3498.941
1.0
Kibako_Contain_01
-3.141424
1.282283
-3.141451
-72.94711
107.5976
3890.901
1.0
Item_Plant_O
2.360351
1.037476
1.065063
-975.1836
247.3633
3782.512
1.0
TBox_Field_Iron
-3.139244
0.9219865
-3.120321
-379.8072
127.7266
3567.26
1.0
Obj_TreeBroadleafLow_Branch_B_01.004
0
0.649187
0
-841.2838
228.369
3032.283
1.000902
Obj_TreeConiferous_A_01.014
0
3.024476
0
-837.333
227.5349
3007.72
1.0
Obj_TreeBroadleaf_A_L.058
0
3.02997
0
-306.0678
120.829
3543.322
1.0
AirWall
0
0.3865238
0
-973.8431
481.2619
3985.117
1.0
Obj_TreeStump_Broadleaf_A_01.001
-0.1537767
-0.00918009
-0.1190199
-352.8922
122.5218
3526.093
1.0
FldObj_TorchStandBone_A_01.005
0
1.3
0
-369.3594
127
3147.375
1.0
Obj_Plant_CypressLow_A_01.051
0
-2.836858
0
-396.5278
130.9566
3147.345
1.0
Obj_TreeBroadleaf_A_L.059
0
0.9030386
0
-387.5162
126.062
3179.226
1.0
Item_Plant_O
2.301636
1.340698
1.438476
-891.1836
273.6719
3520.59
1.0
EnvSeEmitPointBirdTropical
-2.982178
-0.1866455
2.915527
-6.453125
114.207
3693.996
1.0
Obj_TreeBroadleaf_A_L.060
0
0
0
-281.1716
120.9265
3496.752
1.0
Obj_Plant_CypressLow_A_01.052
-0.07575805
0.2545672
-0.4037013
-641.855
251.0467
3388.92
1.0
Obj_Plant_HopBush_C_01.028
0.2424988
-1.005881
-0.005317508
-700.7656
172.3336
3721.332
0.939453
Obj_TreeBroadleafLow_A_01.021
0
0.98
0
-424.5196
135.8201
3531.604
1.0
Area
0
-2.603185
0
-70.10739
105.8976
3883.959
25
Obj_Plant_HopBush_C_02.012
0.1444625
0.6390806
0.08555736
-793.1172
180.3092
3592.465
0.898438
Obj_TreePalmBeach_A_01.005
0
0
0
-264.7986
106.2077
3887.799
1.0
FldObj_RockOrangeStone_A_02.010
2.889097
-1.115585
0.7699141
-902.6603
203.2184
3318.782
1.0
EnvSeEmitPointInsectSubarctic
3.11914
0.4338379
-2.947021
-813.1016
184.2891
3681.148
1.0
FldObj_RockOrangeStone_A_01.016
-2.990102
-0.3494768
1.894568
-928.191
218.7617
3439.02
1.0
Obj_LiftRockWhite_Korok_A_01.019
0
0
0
-95.2854
144.0578
3128.994
1.0
Obj_TreeBroadleafLow_Branch_A_02.014
0
-0.9023617
0
-788.2412
177.4824
3631.13
1.030712
TravelersGuardianDeity_A_01
0
2.094395
0
-416.5503
138.1893
3375.319
1.0
EnvSeEmitPointBirdTropical
0
0.6524658
0
-359.3828
133.9492
3167.605
1.0
FldObj_KorokStone_A_01.028
0
1.570796
0
-43.32404
112.496
3006.598
1.0
Obj_Plant_HopBush_C_02.013
0.233933
0.826793
0.4079203
-747.0117
185.2204
3591.453
0.929199
TBox_Field_Wood
-0.0003849571
0.003555925
-9.987301E-06
-182.603
105.2622
3856.734
1.0
Obj_TreeBroadleaf_A_L.061
0
4.561478
0
-405.3506
132.8021
3557.259
1.0
Area
0
-2.603185
0
-70.10739
105.8976
3883.959
100
Obj_Plant_CypressLow_A_02.041
0
1.911345
0
-315.1398
120.9279
3505.051
1.0
Obj_TreeBroadleaf_A_L.062
0
5.951552
0
-279.9801
125.5143
3583.594
1.0
FldObj_RockOrangeStone_A_02.011
-1.033501
-1.476036
-1.13395
-908.0895
190.2591
3145.154
1.0
FldObj_RockGashamahi_A_02.001
0.3988047
-0.8820649
-0.4594052
-550.0334
221.9132
3128.066
1.0
Obj_Plant_HopBush_A_01.006
0.06079957
-0.6415944
0.004723132
-273.8398
179.6523
3782.105
1.057617
EnvSeEmitPointBirdTropical
3.141479
0.9713134
3.141479
-309.1992
130.1406
3558.031
1.0
FldObj_TravelerTrace_Tent_A_01
0
-0.2199999
0
-210.7595
128.6918
3479.072
1.0
Obj_TreeBroadleaf_A_L.063
0
1.708152
0
-366.2389
125.6012
3172.566
1.0
Item_Plant_O
-2.163818
0.7392578
2.595581
-940.4141
316.5195
3512.848
1.0
FldObj_KorokStone_A_01.029
0
2.581593
0
-32.03931
112.496
3006.524
1.0
Item_Mushroom_D
1.034394
-0.1371423
0.2403042
-397.7526
170.6481
3916.611
1.0
FldObj_RockOrange_A_M_01.009
0.2589167
-0.9147321
-0.2978139
-980.0435
350.7224
3264.316
1.0
Obj_Plant_HopBush_C_02.014
0.004314349
-0.8103739
0.05126324
-787.293
195.0294
3325.523
1.026367
Obj_TreeBroadleafLow_A_01.022
0
1.888103
0
-387.6536
126.2871
3184.116
1.0
Obj_TreeBroadleafLow_Branch_A_01.011
-2.983225
0.4930214
-3.10797
-971.7637
183.7539
3069.169
0.9505806
Obj_Plant_CypressLow_A_02.042
2.697463
-1.201207
-2.767734
-334.6244
120.8329
3529.322
1.0
Obj_TreeBroadleafLow_A_01.023
0
3.151116
0
-398.4343
131.191
3513.738
1.0
FldObj_RockOrangeStone_A_01.017
-0.1084847
0.1818521
-0.1392483
-927.8661
208.302
3348.772
1.0
Obj_TreeBaobab_A_01.001
0
1.36
0
-804.1123
194.5351
3258.222
1.0
FldObj_BirdNest_A_01.004
-3.042415
0.4543708
-2.918648
-390.2722
135.9515
3546.266
1.0
Item_Mushroom_D
-1.752563
0.9554443
2.513184
-917.2734
256.2969
3487.066
1.0
Obj_TreeBroadleaf_A_L.064
0
3.995785
0
-284.4567
122.3467
3549.164
1.0
Obj_TreePalmBeach_A_02.005
0
1.501598
0
-106.6204
105.9393
3821.503
1.0
Obj_TreeBroadleafLow_Branch_A_01.012
3.025706
-0.5215679
-2.969298
-748.5107
178.2208
3647.112
1.060209
Item_Material_04
-1.941079
0.8877379
-1.254667
-333.0362
140.1376
3608.3
1.0
Obj_TreeBroadleaf_A_L.065
0
2.337303
0
-347.2129
128.6425
3589.024
1.0
Obj_TreeBroadleafLow_A_02.006
0
-0.9400001
0
-279.0548
125.8444
3586.44
1.0
Area
0
0.8
0
-633.53
244.808
3464.557
100
Obj_Plant_CypressLow_A_02.043
-0.2962472
-0.8296959
0.2564233
-297.9885
124.0918
3572.218
1.0
Obj_TreePalmBeach_A_01.006
0
4.930076
0
-117.5088
105.9415
3836.804
1.0
Obj_Plant_CypressLow_A_01.053
-0.1899639
0.4729434
0.05655674
-240.9609
175.9749
3756.141
1.074707
Item_Plant_O
1.307739
0.1254883
-0.085083
-952.6875
245.543
3311.219
1.0
EnvSeEmitPointInsectTropical
-1.676391
0.550537
-0.9058837
-337.3672
123.2031
3495.086
1.0
Item_Mushroom_D
-2.735292
-0.9909603
-0.2217427
-110.7592
110.8857
3414.257
1.0
Item_Mushroom_D
0.1008731
-0.7214319
2.875535
-118.0905
111.3425
3419.444
1.0
FldObj_RockGashamahi_A_06.001
-3.063194
-0.8698651
2.682882
-498.1086
208.0079
3097.296
1.0
Obj_TreeBroadleaf_A_L.066
0
5.250905
0
-428.4771
139.0829
3165.363
1.0
Obj_TreeBroadleaf_A_L.067
0
4.659631
0
-284.4567
120.565
3506.453
1.0
Obj_Plant_CypressLow_A_02.044
1.227117
-1.478051
-1.396896
-373.6846
125.4086
3500.217
1.0
Obj_RockGray_A_L_03.002
0.206604
0.970525
-3.006429
-404.7715
129.4572
3200.961
1.0
Item_Mushroom_D
1.101563
0.4719238
-0.09863282
-1027.793
266.6523
3829.348
1.0
Obj_TreeBroadleaf_A_L.068
0
3.044545
0
-423.9068
138.2466
3173.056
1.0
Obj_TreeBroadleaf_A_L.069
0
5.24825
0
-280.4106
121.3662
3533.723
1.0
Item_Mushroom_D
1.196167
-0.03979492
-0.234375
-927.1289
212.4297
3650.176
1.0
Obj_TreeBroadleafLow_Branch_A_01.013
0.06529764
-1.458311
-0.009121032
-815.2704
193.9563
3263.825
0.9505806
Obj_TreeBroadleafLow_A_01.024
0
5.030083
0
-379.6342
127.4397
3534.976
1.0
Obj_LiftRockWhite_Korok_A_01.020
0
2.278407
0
-136.2538
105.6263
3804.613
1.0
Obj_TreeBroadleaf_A_L.070
0
0
0
-352.6679
125.8662
3469.5
1.0
Obj_Plant_HopBush_A_02.013
0.2263117
-0.4351433
-0.2799845
-617.9219
233.9915
3529.602
1.099609
Obj_Plant_HopBush_A_01.007
0.05439194
0.8624734
-0.3429125
-405.9844
135.3399
3462.879
1.074219
FldObj_EnemyBaseRiverside_LadderA_01
0
-2.603185
0
-67.69177
107.6007
3888.003
1.0
EnvSeEmitPointInsectSubarctic
0.3105468
-0.1561279
-0.003662102
-667.2031
163.3711
3890.117
1.0
FldObj_RockGashamahi_A_02.002
0.6492149
-1.194515
-0.6842878
-646.8248
240.9905
3141.969
1.0
Obj_Plant_CypressLow_A_02.045
0.003825867
-0.7763308
0.2396739
-484.5039
164.903
3872.281
0.86377
Obj_TreeConiferous_A_01.015
0
0.3247274
0
-717.7087
240.0961
3093.059
1.0
Obj_Plant_HopBush_C_01.029
0.01901427
-1.102927
0.06195931
-775.75
195.7157
3325.688
0.897949
Obj_TreeBroadleaf_A_L.071
0
1.341894
0
-403.3326
127.9819
3209.249
1.0
Obj_Plant_CypressLow_A_02.046
-2.37921
1.386739
-2.367977
-355.1262
127.8888
3579.607
1.0
FldObj_RockOrangeStone_A_01.018
-2.352058
-0.4227872
2.228447
-958.1984
222.2113
3384.88
1.0
Obj_TreeBroadleaf_A_L.072
0
0.8519086
0
-4.549316
126.2068
3393.431
1.0
FldObj_RockOrange_A_M_02.002
-0.3
-0.7000007
0
-877.3876
237.7409
3579.09
1.0
Obj_RockGray_A_L_03.003
-2.930259
1.218521
-2.812463
-354.4657
123.2913
3577.063
1.0
Obj_Plant_CypressLow_A_02.047
-0.7913136
1.373611
-0.6092398
-188.8789
159.6708
3645.156
1.061523
Obj_Plant_CypressLow_A_02.048
-0.1939482
-0.7714835
0.1352654
-277.5938
126.1292
3588.602
0.995117
FldObj_KorokStone_A_01.030
0
-2.130796
0
-32.88654
115.4882
3005.992
1.0
EnvSeEmitPointBirdTropical
0
0.9241943
0
-51.32813
114.2539
3667.07
1.0
Item_Mushroom_D
1.383789
0.8547363
0.1457519
-1114.902
297.5781
3326.961
1.0
Obj_Plant_CypressLow_A_02.049
-0.110998
-1.080411
0.04796391
-383.5977
151.5745
3668.621
0.888672
FldObj_RockOrangeStone_A_01.019
-0.2318308
-0.5480381
0.4254354
-856.3644
194.6593
3462.847
1.0
Enemy_Bokoblin_Guard_Junior
0
2.585399
0
-343.5059
127.8344
3539.453
1.0
Obj_RockSetGray_A_02.005
0
2.804281
0
-359.4451
123.8615
3538.743
1.0
Obj_Plant_CypressLow_A_02.050
-0.1646563
-0.2487535
-0.2301251
-51.19922
119.6786
3396.371
0.900391
Obj_RockSetGray_A_02.006
0.03865566
0.02074917
-0.03876607
-19.8627
106.6403
3474.156
1.0
Obj_Plant_CypressLow_A_01.054
0.06058219
1.092788
0.1653703
-301.707
119.9837
3509.699
0.95166
Barrel
-3.141514
-0.7815933
3.141481
-388.6458
150.2617
3139.3
1.0
Obj_RockGray_A_L_01.001
-0.8603123
0.5899565
1.112525
-95.35992
105.6659
3386.915
1.0
Obj_Plant_CypressLow_A_01.055
-0.1291516
-0.1655872
0.1128397
-369.843
125.6985
3187.963
1.0
EnvSeEmitPointBirdTropical
3.141479
-0.180542
3.141479
-381.8438
134.1563
3208.426
1.0
Item_Mushroom_D
2.251091
-1.189866
0.6247357
-99.86072
109.5263
3414.531
1.0
Obj_LiftRockWhite_Korok_A_01.021
0
2.003185
0
-93.41095
143.7471
3131.468
1.0
Obj_TreeBroadleaf_A_L.073
0
1.795756
0
-344.903
126.5233
3184.503
1.0
Obj_LiftRockWhite_Korok_A_01.022
0
0.84
0
-97.04553
144.1056
3126.478
1.0
Obj_TreeBroadleafLow_A_01.025
0
0
0
-285.7096
124.9858
3577.526
1.0
EnvSeEmitPointBirdTemperate
3.141479
-0.04931641
3.141479
-805.9492
233.9336
3044.301
1.0
FldObj_KorokStone_A_01.031
0
0.8907964
0
-884.5621
249.4279
3570.748
1.0
Obj_Plant_HopBush_A_02.014
0.3302744
1.199294
0.09215082
-560.9336
215.5581
3188.426
0.99707
FldObj_TorchStandBone_A_01.006
0
2.14
0
-379.5
127.59
3563.5
1.0
Item_Mushroom_D
1.407496
0.3719521
-0.4363198
-334.4142
179.6873
3893.893
1.0
Obj_RockGray_A_M_06.001
0
0.34
0
-341.7829
126.5784
3158.068
1.0
Obj_Plant_HopBush_C_01.030
0.01017054
-0.09923511
-0.07392429
-821.2695
177.833
3686.559
0.853027
Obj_Plant_CypressLow_A_01.056
-2.916438
0.8152322
-3.056098
-317.6985
121.0921
3545.201
1.0
Obj_TreeStump_Broadleaf_A_01.002
0
1.100727
0
-325.6708
124.1132
3573.728
1.0
FldObj_TravelerTrace_Mark_A_01
0.1300276
-0.001474794
0.02265103
-205.0053
128.7788
3484.977
1.0
Item_Material_04
-0.8819581
0.02085242
-0.4632297
-769.8611
185.8156
3901.8
1.0
Obj_Plant_HopBush_C_02.015
0
0.6612548
0
-785.9023
195.6401
3299.336
0.90332
FldObj_Coral_A_01.009
0
3.3155
0
-125.5679
100
3894.123
1.0
Obj_TreeBroadleafLow_Branch_A_02.015
3.074245
-0.9132484
3.128941
-840.356
178.7667
3708.032
0.922856
FldObj_Coral_A_01.010
0
0.09254713
0
-110.3679
100
3908.498
1.0
AnchorAction1
0
-2.36
0
-393.7958
150.2807
3145.135
1.0
Obj_Plant_HopBush_A_01.008
0.4431248
1.239292
0.2288051
-557.8086
214.3646
3192.344
1.072266
FldObj_RockOrangeStone_A_01.020
0.2305974
0.4277167
0.2158633
-840.9207
179.5134
3689.441
1.0
Obj_Plant_CypressLow_A_02.051
0.1879298
1.073816
0.03890318
-172.4688
125.5214
3436.398
1.003906
Area
0
0.2199999
0
-864.864
191.7068
3181.605
150
FldObj_CliffWhiteLumpRock_A_03.003
-0.1715578
0.5357655
-0.3271961
-20.07251
101.7123
3091.189
1.0
Obj_Plant_CypressLow_A_01.057
-2.686229
1.064808
-2.836415
-322.257
130.5855
3605.634
1.0
Obj_Plant_CypressLow_A_01.058
-0.2360755
-0.7424151
0.1184184
-344.4574
128.4005
3588.753
1.0
FldObj_BirdNest_A_01.005
0
1.861593
0
-579.0537
185.773
3886.438
1.0
Obj_TreeBroadleafLow_Branch_A_01.014
0.07319093
0.7994242
0.02776803
-807.1201
178.0192
3622.084
1.074259
FldObj_EnemyBaseRiverside_Slope_A_01.001
0
-2.603185
0
-77.09711
107.5976
3870.764
1.0
FldObj_RockGashamahi_A_01.001
-3.126501
-0.6260519
2.76607
-543.6959
222.3699
3118.766
1.0
Item_Plant_O
1.227539
-0.04248046
-0.2979736
-894.7617
216.5273
3599.832
1.0
FldObj_Coral_A_01.011
0
1.019954
0
-221.782
100
3906.818
1.0
Obj_TreeBroadleafLow_Branch_A_01.015
-0.1253474
-0.9467808
0.08450699
-996.4681
183.1
3055.304
0.9815875
Obj_Plant_CypressLow_A_02.052
-0.6341936
1.340066
-0.6459509
-353.2165
128.1644
3581.814
1.0
EnvSeEmitPointBirdTropical
-0.05810547
0.6256103
0.3701172
-52.31641
114.9219
3551.66
1.0
Obj_TreeStump_Broadleaf_A_01.003
-0.06946098
-0.8191262
0.1040788
-285.0571
119.897
3527.503
1.0
Obj_Plant_CypressLow_A_02.053
-0.3360639
1.420113
-0.3440386
-382.1602
132.8707
3280.984
1.020996
Obj_TreeBroadleaf_A_L.074
0
0.1635142
0
-387.2732
140.3775
3609.052
1.0
Item_Material_04
1.930778
0.4746913
2.093345
-854.6427
205.1393
3720.788
0.8705921
Obj_Mineral_C_01.004
-0.1994883
0.8319972
0.105973
-328.4806
109.3872
3921.826
1.0
FldObj_KorokStone_A_01.032
0
0
0
-42.30841
114.4882
3007.598
1.0
Obj_TreeConiferous_A_01.016
0
4.520207
0
-540.5794
218.7651
3132.277
1.0
Obj_TreeBroadleaf_A_L.075
0
5.961521
0
-400.9771
126.4079
3167.439
1.0
Obj_TreeBroadleafLow_A_01.026
0
-1.739999
0
-288.8247
124.716
3574.825
1.0
Obj_TreeBroadleafLow_A_01.027
0
0
0
-378.2558
130.2812
3131.546
1.0
FldObj_CliffWhiteLumpRock_A_03.004
-0.3759595
-0.9064009
0.5247555
-116.1839
100.996
3072.168
1.0
Obj_Plant_CypressLow_A_01.059
0.1030174
-0.7044611
0.0246791
-283.8398
121.0135
3537.398
1.011719
Obj_Plant_HopBush_C_01.031
0.02994986
-1.153916
-0.1029563
-825.0742
178.1695
3682.91
1.006348
FldObj_Coral_A_01.012
0
3.748674
0
-198.0867
100
3909.521
1.0
Obj_TreeBroadleaf_A_L.076
0
2.628846
0
-343.1432
126.8888
3169.652
1.0
Obj_Plant_HopBush_C_01.032
-0.01208006
-1.387404
-0.06858055
-829.5938
178.5981
3675.203
1.017578
FldObj_KorokStone_A_01.033
0
-2.250796
0
-885.3397
249.4279
3570.119
1.0
FldObj_Coral_A_01.013
0
2.124583
0
-161.1257
100
3886.568
1.0
Obj_TreeBroadleafLow_A_01.028
0
3.743855
0
-425.5133
131.8168
3134.046
1.0
EnvSeEmitPointInsectTropical
2.866211
0.3703613
-2.127075
-19.64453
109.0547
3474.34
1.0
FldObj_RockOrangeStone_A_01.021
2.8328
1.13661
2.803474
-864.5234
193.043
3339.553
1.0
Obj_Plant_CypressLow_A_01.060
0.1588535
0.1029159
-0.08792921
-162.8242
138.1943
3206.035
0.924316
AnchorAction1
0
-2.603185
0
-73.09464
107.6276
3877.007
1.0
Obj_TreeBroadleafLow_Branch_A_01.016
0.2629068
1.182503
0.2932326
-790.468
186.2568
3538.077
0.9815875
Obj_Plant_CypressLow_A_02.054
-0.5190231
-1.14011
0.4076867
-319.4553
129.7043
3602.743
1.0
Obj_Plant_CypressLow_A_01.061
0
-1.176757
0
-318.5851
121.6929
3489.302
1.0
Obj_TreeBroadleaf_A_L.077
0
3.161681
0
-341.3541
123.3172
3483.788
1.0
Item_Plant_O
-2.098022
1.139282
2.710693
-943.4609
223.7891
3708.309
1.0
Obj_LiftRockWhite_Korok_A_01.023
0
2.603188
0
-138.1663
105.6614
3804.25
1.0
Obj_TreeBroadleaf_A_L.078
0
2.460863
0
-338.9898
122.5075
3549.636
1.0
Obj_Plant_CypressLow_A_01.062
-0.05648622
0.371955
0.02350508
-377.2552
127.6946
3547.525
1.0
Obj_LiftRockWhite_Korok_A_01.024
0
-3.08
0
-98.51828
145.0092
3131.897
1.0
Obj_Plant_CypressLow_A_02.055
2.977473
-0.746031
2.972764
-400.6057
127.3068
3202.038
1.0
FldObj_RockOrangeStone_A_01.022
2.84322
-0.4904439
1.057347
-830.9078
178.5597
3687.817
1.0
Item_Mushroom_D
1.061704
-1.210347
1.73417
-103.8188
108.4094
3409.992
1.0
EnvSeEmitPointBirdTemperate
3.141479
-0.1928711
3.141479
-70.57813
131.8359
3359.195
1.0
Obj_TreeBroadleafLow_Branch_A_02.016
-3.140159
0.1375875
-3.092234
-812.1801
194.1417
3249.289
0.9173
Item_Mushroom_D
0.001182491
-0.01382366
2.970928
-109.6121
110.8217
3415.744
1.0
Obj_Plant_CypressLow_A_02.056
-2.940657
0.7577603
-3.029839
-307.2807
123.6121
3569.622
1.0
Obj_TreeBroadleafLow_Branch_B_02
0
5.236398
0
-654.2488
243.4072
3101.163
1.004601
FldObj_RockOrangeStone_A_01.023
-0.1051367
-0.3055969
-2.912416
-802.0995
192.7966
3377.657
1.184531
EnvSeEmitPointInsectSubarctic
3.141479
0.220581
3.141479
-970.1563
184.0859
3049.453
1.0
EnvSeEmitPointBirdTropical
0
-0.4066162
0
-266.5078
114.793
3887.738
1.0
Obj_Plant_HopBush_C_01.033
0
-0.07958984
0
-777.7461
195.5251
3318.777
1.087402
Obj_Plant_CypressLow_A_02.057
-0.2704238
-0.5658492
0.02394465
-344.3376
127.8329
3585.501
1.0
Obj_LiftRockWhite_Korok_A_01.025
0
-2.48
0
-94.4231
144.0155
3130.117
1.0
Obj_Plant_CypressLow_A_02.058
-0.239948
1.209586
0.02836102
-375.8125
152.3184
3669.145
1.067383
Item_Material_04
0.9163086
-0.9242543
-1.662635
-303.9167
128.1723
3527.889
1.0
Obj_TreeBroadleaf_A_L.079
0
3.373356
0
-355.3385
126.6307
3160.995
1.0
FldObj_RockGashamahi_A_06.002
2.860834
-1.151774
-2.969337
-565.1476
225.8291
3114.46
1.0
Obj_Plant_CypressLow_A_02.059
-0.4402803
-0.8709329
0.3318096
-309.4648
131.1591
3610.043
1.077637
FldObj_RockOrangeStone_A_01.024
0.2845537
0.3931268
-2.116528
-732.0212
183.1197
3635.232
1.0
FldObj_KorokStone_A_01.034
-1.58
-0.6799999
0
-882.3018
249.2712
3567.697
1.0
Obj_MineralBury_A_01.003
0
2.423185
0
-187.6244
132.3204
3441.179
1.0
Obj_TreeBroadleafLow_A_02.007
0
2.752772
0
-426.4872
136.7338
3534.347
1.0
Obj_TreeBaobab_A_03.001
0
0
0
-670.2453
157.8575
3785.783
1.0
Obj_TreeBroadleaf_A_L.080
0
6.118627
0
-357.9205
125.7615
3177.927
1.0
Obj_TreeBroadleafLow_Branch_A_01.017
0
-1.515227
0
-843.2175
192.8615
3224.521
0.9835922
Item_Mushroom_F
3.141479
0.934082
3.141479
-278.5781
125.5522
3583.957
1.0
Obj_Plant_CypressLow_A_01.063
-0.3956517
-1.154123
0.4614984
-307.381
126.5978
3586.92
1.0
Obj_TreeBroadleafLow_A_01.029
0
-2.5
0
-368.9201
124.6567
3507.518
1.0
Obj_Plant_CypressLow_A_01.064
-0.3580784
-1.348631
0.07143772
-555.0664
217.553
3245.859
0.941406
FldObj_KorokStone_A_01.035
-2.250817
0.007156395
1.565009
-883.6934
249.2802
3567.828
1.0
Obj_TreeBroadleaf_A_L.081
0
0
0
-357.4939
123.7808
3495.199
1.0
Obj_TreeBroadleafLow_Branch_A_02.017
-0.2335407
-0.6256666
0.07721708
-981.6505
185.827
3080.264
0.9173
FldObj_RockOrangeStone_A_02.012
1.603123
-0.3172153
-0.1244923
-850.6111
192.1584
3132.65
1.0
Obj_TreeBroadleaf_A_L.082
0
6.013377
0
-340.8551
135.215
3624.594
1.0
Item_Mushroom_D
0.13006
0.5858539
-2.716284
-125.0233
110.3129
3421.556
1.0
Obj_RockGray_A_M_06.002
-0.3915688
-0.06861248
-0.3427017
-390.627
131.9635
3587.331
1.0
Obj_RockGray_A_L_01.002
0
0.36
0
-375.6601
126.3512
3538.254
1.0
Obj_TreeConiferous_A_01.017
0
-2.659739
0
-618.6284
238.5172
3141.875
1.054682
Obj_Plant_CypressLow_A_02.060
-0.2428586
0.8503501
0.05152319
-213.5508
130.8677
3582.637
1.032227
Obj_TreeBroadleafLow_Branch_A_02.018
0.08126056
0.4945298
-0.008323634
-808.8718
189.3649
3494.69
0.9573191
FldObj_Coral_A_01.014
0
5.882163
0
-205.2273
100
3897.896
1.0
Obj_Plant_HopBush_A_01.009
-0.1619144
-0.6229986
0.07868991
-291.0742
124.894
3575.883
1.09668
Obj_LiftRockWhite_Korok_A_01.026
0
-0.7799968
0
-131.9274
105.6618
3806.448
1.0
FldObj_RockGashamahi_A_04.001
-0.1621678
0.5999984
0.388129
-420.6782
146.7905
3025.974
1.0
FldObj_CliffWhiteLumpRock_A_03.005
-0.2317169
0.4883188
-0.06685266
-373.7226
131.5485
3243.488
1.0
Enemy_Keese
0
2.094395
0
-363.6017
130.6515
3554.241
1.0
FldObj_RockOrangeStone_A_02.013
-1.271269
-1.026438
-1.22162
-796.3514
176.5663
3675.353
1.0
Obj_Plant_CypressLow_A_02.061
0.01426034
-1.013194
-0.157595
-374.1426
125.3404
3503.125
1.0
Obj_TreeBaobab_A_01.002
0
0
0
-859.4447
179.155
3816.164
1.0
Item_Plant_O
2.246338
0.4177246
0.3239746
-913.125
274.0039
3280.039
1.0
Obj_TreeBroadleaf_A_L.083
0
0.1667601
0
-398.5748
126.3273
3194.14
1.0
EnvSeEmitPointInsectTemperate
-3.098511
-0.6672363
2.871216
-723.1172
247.2852
3126.059
1.0
Obj_Plant_HopBush_C_01.034
0.07320792
-0.9764489
-0.1127605
-814.6719
177.7094
3635.957
1.09668
Obj_TreeBroadleaf_A_L.084
0
5.361828
0
-370.69
125.8036
3165.667
1.0
Obj_TreeBroadleaf_A_LL.005
0
3.124531
0
-343.0298
121.1682
3511.406
1.0
Area
0
-0.28
0
-384.8047
125.5433
3173.688
25
Obj_TreeBroadleafLow_Branch_A_01.018
0.08047982
0.0377018
0.103399
-808.9279
195.2959
3220.882
0.9505806
Obj_TreeBroadleafLow_Branch_A_01.019
0.2936876
-1.270076
-0.2722005
-803.8518
188.1197
3511.685
0.9835922
FldObj_RockGashamahi_A_06.003
2.958681
-0.2794644
3.129601
-563.8831
224.5061
3123.111
1.0
FldObj_RockBeachLump_A_M_01
0
0
-0.12
-193.7677
108.3474
3834.993
1.0
Obj_TreeBroadleaf_A_L.085
0
5.2753
0
-312.3046
120.6551
3512.335
1.0
Obj_Plant_CypressLow_A_01.065
-0.09540794
-0.8157001
0.1410787
-323.7461
121.3031
3552.438
0.916016
Obj_TreeBroadleaf_A_LL_Set_01.002
0
0.8457629
0
-333.0046
131.9088
3608.511
1.0
FldObj_CliffWhiteLumpRock_A_02.004
2.279548
-0.4094578
2.825332
-355.3464
127.2144
3231.177
1.0
Obj_TreeBroadleafLow_Branch_A_02.019
3.059557
-0.1392474
3.121109
-813.4772
188.0721
3513.61
0.9587757
FldObj_CliffWhiteEdgeParts_A_01.002
-0.5204368
0.3943458
0.02786067
-22.48807
123.4415
3340.038
1.0
Obj_Plant_HopBush_A_02.015
-0.203313
-0.6399007
0.2481474
-589.1328
227.6976
3246.531
0.916016
Obj_Plant_CypressLow_A_01.066
-0.3324641
-0.05872469
0.1208594
-302.3711
150.575
3710.117
1.052734
EnvSeEmitPointBirdTropical
-2.988403
-0.8757324
2.753296
-204.2891
137.8438
3481.855
1.0
Obj_Plant_CypressLow_A_02.062
-0.5372602
1.197216
-0.5894409
-762.2188
247.5567
3132.816
1.082031
Obj_TreeBroadleafLow_A_02.008
0
0.6655193
0
-381.2575
125.9976
3200.3
1.0
Item_Material_04
-2.879472
-0.7266575
2.141894
-303.7646
128.1647
3527.77
1.0
Obj_Plant_HopBush_C_02.016
0.0242688
-0.6138221
0.02999678
-783.3242
195.2463
3324.711
1.078613
EnvSeEmitPointBirdTropical
2.91748
-0.07971191
1.87561
-369.707
142.293
3604.328
1.0
Area
0
0
0
-375
144.8356
3562.5
50
EnvSeEmitPointInsectTropical
0
-0.1053467
0
-330.6719
123.332
3470.82
1.0
Obj_RockGray_A_L_02.002
-0.2575182
-0.01652983
0.113935
-295.7579
124.3645
3581.117
1.0
Obj_TreeBroadleafLow_Branch_A_01.020
0.08996148
-0.2365751
-0.04506107
-796.7018
178.824
3607.114
1.051634
Obj_TreeBroadleafLow_A_02.009
0
1.926504
0
-369.8885
125.7124
3161.494
1.0
Obj_TreeBroadleafLow_Branch_B_01.005
0
3.574518
0
-817.0641
225.45
3029.082
1.088772
Obj_RockGray_A_L_01.003
0
0
0
-290.1776
128.8157
3607.574
1.0
Obj_TreeBroadleafLow_A_01.030
0
1.515488
0
-399.2902
131.0079
3150.581
1.0
Obj_Plant_CypressLow_A_02.063
0.06434584
0.962727
-0.1439439
-328.0438
120.6755
3522.245
1.0
Obj_Plant_HopBush_C_02.017
0.006941427
0.2583851
0.08424179
-798.8125
194.7404
3289.496
1.04541
FldObj_RockOrangeStone_A_01.025
-0.2808369
0.1381285
-0.3484426
-807.4214
175.5961
3710.098
1.0
Obj_RockGray_A_L_03.004
0
0
0
-564.2802
153.4184
3783.609
1.2
Obj_RockSetGray_A_02.007
0
0
0
-361.5754
125.749
3194.723
1.0
FldObj_RockOrange_A_M_02.003
-0.26
0
0
-891.6877
238.7659
3586.528
1.0
Obj_Plant_CypressLow_A_01.067
0.6636429
-1.121071
-0.4277231
8.285156
127.951
3393.473
1.038086
FldObj_RockOrangeStone_A_01.026
0.5121101
0.3411642
0.1877626
-865.0326
194.8313
3411.739
1.0
Item_CookSet
0
0
0
-210.7368
128.7033
3486.388
1.0
Obj_Plant_CypressLow_A_01.068
0.3166521
-0.6992741
-0.429065
-573.8555
207.6237
3606.926
1.029785
FldObj_Coral_A_01.015
0
6.261168
0
-55.64795
100
3905.193
1.0
Obj_Plant_CypressLow_A_02.064
1.662616
1.316774
1.422982
-68.42188
138.2705
3134.059
1.022461
Obj_Plant_CypressLow_A_01.069
-3.029247
0.06981579
3.1179
-278.3994
121.243
3532.694
1.0
Obj_Plant_CypressLow_A_01.070
0.089307
1.094829
0.1578928
-274.4512
121.1754
3500.54
1.0
Obj_Plant_CypressLow_A_02.065
0
2.797426
0
-281.7945
120.5339
3507.385
1.0
Enemy_Bokoblin_Guard_Junior
0
1.32
0
-320.9727
128.3148
3567.438
1.0
Obj_TreeBroadleaf_A_L.086
0
2.554448
0
-359.9576
125.891
3166.8
1.0
Obj_TreeBroadleaf_A_L.087
0
0.5153116
0
-285.5496
127.6321
3596.756
1.0
Obj_TreeBroadleafLow_A_01.031
0
0
0
-357.574
126.2033
3189.148
1.0
TravelersGuardianDeity_A_01
0
2.094395
0
-418.5503
138.1893
3371.855
1.0
Obj_MineralBury_A_01.004
0.2388462
0.0237329
-0.537152
-185.4005
130.2267
3439.906
1.0
Obj_Plant_CypressLow_A_02.066
0.1301415
-0.09961727
-0.1014921
-272.9648
121.0543
3536.344
0.881836
FldObj_KorokStone_A_01.036
0
2.581593
0
-33.41772
115.4882
3006.84
1.0
Obj_Plant_HopBush_A_01.010
0.1709165
1.250716
0.1051167
-295.418
120.0539
3516.051
0.862793
Obj_Plant_HopBush_A_02.016
-0.686327
-1.39985
0.6398351
-286.332
123.7699
3566.887
0.969727
Obj_TreeConiferous_A_01.018
0
3.822076
0
-557.1907
224.4397
3123.539
1.0
Obj_Plant_CypressLow_A_01.071
0
-2.153248
0
-385.0829
125.9802
3180.46
1.0
EnvSeEmitPointBirdTemperate
0.2666016
-0.7956542
-0.1114502
-724.2422
255.9141
3137.195
1.0
Obj_Plant_HopBush_C_01.035
-0.02942326
-0.598253
0.06139906
-776.707
195.6538
3306.863
0.924805
Enemy_Lizalfos_Guard_Junior_LongVisibility
0
-2.603185
0
-79.3512
107.5776
3874.775
1.0
Obj_Plant_CypressLow_A_01.072
0
1.386699
0
-344.5818
126.4913
3186.448
1.0
FldObj_RockOrangeStone_A_01.027
3.036144
-0.1604676
3.060324
-753.1268
180.3369
3610.684
1.0
Obj_TreeBroadleafLow_A_02.010
0
0
0
-316.045
123.2373
3571.564
1.0
Obj_Plant_CypressLow_A_02.067
-0.1350711
-0.2632842
-0.09634062
-317.9707
120.7724
3542.929
1.0
Area
0
0
0
-375
144.8356
3562.5
25
Obj_Plant_CypressLow_A_02.068
-1.321716
-1.373779
1.141865
-352.9853
123.8888
3538.887
1.0
Item_Fruit_A
0
2.094395
0
-415.1941
138.2797
3374.314
1.0
Obj_TreeBroadleafLow_Branch_A_01.021
3.11333
-0.4374245
-3.048449
-786.942
195.7556
3263.627
0.9815875
Item_Mushroom_D
2.371727
1.278441
-0.5850357
-113.001
111.0729
3418.009
1.0
Obj_Plant_CypressLow_A_02.069
0.1561035
0.610976
-0.07815765
-610.8359
234.3748
3522.516
1.004395
FldObj_KorokStone_A_01.037
0
-0.6799999
0
-885.3278
250.3967
3570.126
1.0
Obj_TreeBroadleaf_A_L.088
0
6.195358
0
-416.0101
139.7567
3580.071
1.0
Obj_Plant_CypressLow_A_02.070
0.3620211
-1.414053
-0.5286555
-386.3221
127.9107
3538.541
1.0
Item_Material_04
2.444966
0.335348
-2.648791
-854.7062
205.1769
3720.637
0.8705921
Obj_TreeBroadleaf_A_L.089
0
0.258514
0
-299.3583
129.5388
3604.85
1.0
EnvSeEmitPointBirdSubarctic
2.883789
-1.10376
3.06958
-670.3945
165.8242
3786.445
1.0
Obj_Plant_CypressLow_A_02.071
0.2969912
0.4484814
-0.06590403
-619.6133
233.8162
3531.691
0.945801
EnvSeEmitPointBirdTropical
-2.571899
-0.2145996
-2.82019
-400.1797
139.3945
3514.434
1.0
Obj_Plant_CypressLow_A_01.073
-0.2259043
-0.2967511
0.05519315
-278.8867
133.6456
3639.344
1.078125
Obj_Plant_HopBush_A_02.017
-0.09674147
-0.7744905
-0.1252515
-391.2031
129.3966
3530.77
1.003906
Obj_Plant_HopBush_C_01.036
0.1579753
1.03264
0.0953639
-797.2148
178.8443
3607.027
1.063965
Animal_Fish_G
0
0
0
-161.007
105.3742
3855.638
1.0
Area
0
0.6200001
0
-781.8098
176.9208
3656.406
150
Obj_TreeBroadleafLow_A_02.011
0
1.433395
0
-382.4811
127.0424
3221.598
1.0
Obj_RockGray_A_L_02.003
-0.01710443
-0.001307293
-0.1525598
-308.1046
119.0511
3482.933
1.0
BarrelBomb2
-3.141316
-0.6615919
3.141457
-400.8067
140.5546
3153.775
1.0
Obj_Plant_HopBush_A_02.018
-0.1092966
0.7330763
0.01609474
-297.7969
122.9313
3559.086
1.057617
Obj_TreeBroadleaf_A_L.090
0
5.679547
0
-318.8893
126.29
3584.866
1.0
TravelersGuardianDeity_A_01
0
2.094395
0
-414.5503
138.1893
3378.783
1.0
FldObj_CliffGashamahi_A_02.001
-1.360684
0.7615221
0.07584817
-642.0461
242.7636
3114.01
1.0
Obj_TreeBroadleafLow_Branch_B_01.006
0
5.632569
0
-846.0077
228.658
3014.663
1.041905
FldObj_KorokStone_A_01.038
0
1.570796
0
-44.32404
114.4882
3006.598
1.0
Obj_Plant_CypressLow_A_01.074
-0.2436638
0.08957436
0.0067999
-277.3555
134.3279
3642.215
0.898438
Item_Material_04
-0.8550124
-0.2507374
0.9200273
-769.9957
185.7723
3901.668
1.0
Obj_Plant_CypressLow_A_01.075
3.040121
0.7070324
3.015811
-316.5348
121.0847
3498.829
1.0
Obj_Plant_HopBush_A_02.019
-0.2022714
-1.128442
-0.05379339
-91.26172
143.3224
3128.637
0.880859
Obj_TreeBroadleafLow_A_01.032
0
4.589726
0
-362.7283
126.546
3213.003
1.0
Obj_TreeBaobab_A_01.003
0
-2.56
0
-811.0384
193.036
3416.379
1.0
Obj_Plant_CypressLow_A_01.076
-0.6926783
1.40594
-1.12518
-359.0508
143.0962
3652.453
0.854004
Enemy_Keese
0
-2.36
0
-402.6737
138.9078
3145.473
1.0
EnvSeEmitPointInsectTropical
1.386108
-0.3707275
-1.463013
-361.2656
137.5859
3620.531
1.0
Item_Material_04
0.077199
0.6211804
0.8839358
-333.2069
140.13
3608.39
1.0
Obj_TreeBroadleaf_A_L.091
0
1.072384
0
-350.5302
133.0137
3603.202
1.0
Area
0
0
0
-489.7373
193.0441
3680.426
100
EnvSeEmitPointInsectTemperate
-3.11145
0.4274902
-1.993408
-31.34766
125.8164
3334.082
1.0
Obj_TreeConiferous_A_01.019
0
1.054239
0
-635.2854
240.9304
3143.227
1.077317
Obj_TreeBroadleaf_A_LL_Set_01.003
0
-2.117155
0
-303.9853
119.9436
3527.686
1.0
Obj_TreeConiferous_A_01.020
0
-2.211512
0
-561.2056
227.6508
3103.076
1.0
Obj_Plant_CypressLow_A_02.072
-0.2043474
0.5424554
-0.02532353
-293.9414
122.6691
3555.09
0.956543
Item_Mushroom_D
2.121338
0.1239014
-0.4207764
-1012.316
326.1602
3649.902
1.0
Obj_Plant_CypressLow_A_01.077
-0.04408264
-0.4862392
-0.09253699
-329.1701
120.8338
3519.787
1.0
FldObj_RockOrangeStone_A_01.028
2.920051
-0.3287036
2.612962
-722.6749
185.9622
3632.573
1.0
FldObj_KorokStone_A_01.039
-2.250817
0.007156395
1.565009
-883.0709
250.2631
3567.064
1.0
Obj_Plant_CypressLow_A_01.078
-3.128309
0.09667455
2.680257
-655.513
257.1629
3396.917
1.0
Obj_Plant_HopBush_A_01.011
-0.8382756
-1.210437
1.091685
-202.082
137.9473
3604.32
0.931152
Obj_TreeBroadleafLow_Branch_A_01.022
3.063443
-1.134454
-3.134228
-823.5896
177.4012
3717.612
0.9475411
Obj_MineralBury_A_01.005
3.139007
0.02143792
3.021565
-175.7174
149.1202
3090.664
1.0
Obj_TreeBroadleafLow_Branch_A_01.023
2.598327
1.368284
2.766599
-969.1772
184.1739
3050.555
0.9835922
Obj_TreeBroadleafMossStump_B_L_01.001
0
2.07569
0
-289.2081
123.2494
3559.107
1.0
Obj_RockGray_A_L_03.005
0
0
0
-287.3156
125.6653
3604.235
1.0
Obj_LiftRockWhite_Korok_A_01.027
0
1.300001
0
-96.44849
144.4224
3129.914
1.0
Obj_Plant_HopBush_A_01.012
0.0615189
-1.355422
-0.2668926
-80.50781
140.8194
3127.172
1.052246
AirWall
0
1.766546
0
-1153.455
481.2619
4013.989
1.0
AnchorAction1
0
-2.603185
0
-63.77542
107.5852
3890.66
1.0
Obj_Plant_HopBush_C_02.018
-0.09687249
-0.2883573
-0.1628981
-864.3477
181.1495
3747.746
1.092773
FldObj_KorokStone_A_01.040
-1.58
-0.6799999
0
-882.2933
250.2631
3567.692
1.0
Obj_TreePalmBeach_A_02.006
0
-1.16
0
-71.86475
105.9728
3694.058
1.0
Obj_TreeConiferous_A_01.021
0
2.149592
0
-708.4194
239.4764
3104.04
1.0
Obj_Plant_CypressLow_A_02.073
-0.4866792
-1.261186
0.4805874
-272.9836
122.6939
3550.08
1.0
Obj_Plant_CypressLow_A_01.079
-0.580931
1.245103
-0.451849
-411.1641
175.3261
3806.793
0.95752
Obj_Plant_CypressLow_A_01.080
-2.617894
1.064684
-2.721562
-271.6754
122.2167
3547.579
1.0
Obj_Plant_HopBush_C_01.037
0.05500752
-0.4711261
0.116622
-779.0742
196.3389
3263.66
0.976074
Area
0
0
0
-643.3788
236.6966
3071.009
100
Animal_Gull_Swarm
0
0
0
-50.98972
155.9653
3700.697
1.0
Animal_Fish_G
0
0
0
-158.1435
105.3742
3860.109
1.0
Obj_TreeBroadleaf_A_L.092
0
0.6922645
0
-374.2662
126.2675
3153.964
1.0
Obj_TreeBroadleafLow_Branch_A_01.024
-3.045911
-0.9614735
3.086714
-940.3904
187.5203
3094.937
0.9815875
FldObj_RockGashamahi_A_02.003
3.136302
-0.3929919
3.014057
-625.0202
240.9856
3133.184
1.0
FldObj_RockOrangeStone_A_01.029
-2.423629
-1.147084
-0.6842573
-894.7132
199.3788
3395.796
1.0
Obj_Plant_CypressLow_A_01.081
-0.2752733
0.6570895
-0.1129757
-775.5898
245.3445
3122.793
0.931152
FldObj_KorokStone_A_01.041
0
0.8907964
0
-884.5621
250.3967
3570.748
1.0
Obj_RockGray_A_L_02.004
-1.22023
0.3291704
-1.261304
-138.6952
102.5052
3422.702
1.0
FldObj_KorokStone_A_01.042
-2.250817
0.007156395
1.565009
-882.2708
253.2643
3567.668
1.0
Obj_TreeBroadleafLow_A_01.033
0
0
0
-330.9236
123.6818
3468.854
1.0
EnvSeEmitPointInsectTemperate
3.141479
0.2128906
3.141479
-720.707
245.5391
3145.363
1.0
FldObj_RockOrangeStone_A_01.030
-2.876927
-0.3818494
-0.8175494
-973.9579
225.1033
3345.082
1.0
Obj_TreeBroadleaf_A_L.093
0
5.358624
0
-293.4951
120.7057
3507.95
1.0
Obj_TreeBroadleaf_A_L.094
0
0.78
0
-255.2744
129.6605
3461.472
1.0
EnvSeEmitPointInsectTropical
-0.6557617
-1.129516
0.7028809
-379.0586
129.793
3483.363
1.0
Obj_TreeBroadleaf_A_L.095
0
0
0
-324.665
121.4454
3494.968
1.0
Item_Mushroom_D
2.519897
1.425049
1.068848
-857.2383
200.9922
3566.109
1.0
EnvSeEmitPointInsectTemperate
3.141479
-0.04931641
3.141479
-805.9492
225.8984
3044.301
1.0
FldObj_RockOrange_A_M_02.004
0
0
0
-987.1268
352.0684
3250.273
1.0
AirWall
0
0.1665238
0
-676.6324
481.2619
3956.611
1.0
Item_Plant_O
-0.4822998
1.221069
-1.713745
-896.4727
223.6563
3275.52
1.0
Obj_TreeBroadleaf_A_L.096
0
3.512024
0
-377.7784
138.6932
3610.915
1.0
Obj_TreePalmBeach_A_01.007
0
5.755242
0
-138.028
105.8978
3827.21
1.0
Item_Mushroom_E
0
0.4134521
0
-285.5273
120.5061
3507.512
1.0
Obj_TreePalmBeach_A_02.007
0
-0.6200001
0
-47.34818
106.3631
3567.714
1.0
Obj_LiftRockWhite_Korok_A_01.028
0
0.5600006
0
-131.1697
105.6618
3804.48
1.0
Obj_Plant_CypressLow_A_01.082
2.941611
-1.323794
-2.979068
-315.4955
121.4752
3492.681
1.0
FldObj_EnemyLookout_B_01.002
0
3.120001
0
-373.8125
124.9978
3525.184
1.0
Obj_Plant_HopBush_A_01.013
-0.4319593
1.169206
-0.4167001
-286.7383
133.7196
3639.609
0.907227
Area
0
-2.603185
0
-70.10739
105.8976
3883.959
50
Obj_TreeBroadleaf_A_L.097
0
3.419556
0
3.210754
126.5015
3398.583
1.0
EnvSeEmitPointBirdTemperate
0
-1.384155
0
-836.5352
235.4258
3007.355
1.0
AirWall
0
-0.7534763
0
-588.1989
481.2619
3983.412
1.0
AirWall
0
-0.09347623
0
-779.3584
481.2619
3957.048
1.0
Obj_LiftRockWhite_Korok_A_01.029
0
-0.3799991
0
-97.4801
144.7448
3130.963
1.0
Item_Mushroom_D
1.940063
0.348999
-0.2266846
-950.7578
248.875
3663.34
1.0
Obj_TreeBroadleaf_A_L.098
0
5.959832
0
-342.4557
127.3333
3165.589
1.0
Obj_TreeBroadleaf_A_L.099
0
0
0
-301.1971
120.1919
3485.219
1.0
Obj_Plant_CypressLow_A_01.083
0.3579072
0.6936591
-0.03455497
-115.9531
126.2929
3200.203
1.064941
Obj_TreeBroadleaf_A_L.100
0
6.013723
0
-324.1708
122.5466
3561.205
1.0
EnvSeEmitPointBirdTropical
3.141479
-1.224365
3.141479
-357.2891
134.9063
3209.512
1.0
AnchorAction1
0
-2.36
0
-408.5207
140.591
3144.377
1.0
Obj_Plant_HopBush_C_02.019
-0.007739101
0.03083144
0.08110482
-797.0703
194.8728
3288.609
1.013672
Item_Mushroom_D
1.654412
0.190499
-0.1752825
-397.9671
132.597
3927.856
1.0
Obj_TreeBroadleaf_A_L.101
0
0
0
-320.967
121.9659
3483.564
1.0
Obj_TreeBaobab_A_01.004
0
-0.1200001
0
-811.7861
177.2189
3681.213
1.0
Obj_Plant_HopBush_C_01.038
-0.3796474
-1.071604
0.4273621
-566.3125
159.6317
3916.805
1.06543
Obj_TreePalmBeach_A_02.008
0
0.5
0
-107.9842
105.938
3802.676
1.0
FldObj_BirdNest_A_01.006
-0.1591161
0.663443
-0.2549096
-340.602
132.3852
3570.961
1.0
Obj_TreePalmBeach_A_01.008
0
1.04
0
-38.16953
106.0194
3620.938
1.0
Obj_TreeBroadleaf_A_L.102
0
2.290644
0
-24.61008
123.0025
3337.122
1.0
Obj_TreeBroadleaf_A_L.103
0
3.093145
0
-419.478
139.3455
3559.086
1.0
Obj_TreeBroadleaf_A_L.104
0
0.9159313
0
-54.94882
122.0591
3346.854
1.0
FldObj_RockBeach_A_S_02.002
0
-1.22
0
-52.44513
106.4286
3844.318
1.0
Obj_Plant_CypressLow_A_01.084
-0.003319354
-0.7153011
-0.1670907
-433.1641
139.4683
3384.359
1.082031
Obj_Plant_HopBush_C_01.039
0
0.4902343
0
-785.793
195.4589
3306.816
1.074707
Obj_LiftRockWhite_Korok_A_01.030
0
1.08
0
-99.48669
145.2981
3132.863
1.0
Obj_TreeBroadleafLow_A_01.034
0
6.118956
0
-274.6048
121.208
3535.08
1.0
Obj_TreeBroadleafLow_A_01.035
0
0
0
-368.1327
124.5129
3504.954
1.0
Obj_TreeBroadleafLow_A_01.036
0
3.221501
0
-320.3953
131.3057
3610.291
1.0
Obj_RockGray_A_M_06.003
0
-1.44
0
-307.0978
123.6657
3572.299
1.0
Obj_Plant_CypressLow_A_01.085
-3.060838
-0.9905192
3.097884
-302.5864
120.2474
3532.383
1.0
Obj_TreeBroadleaf_A_L.105
0
6.134812
0
-380.903
126.1046
3160.917
1.0
FldObj_TorchStandBone_A_01.007
0
0
0
-392
126.5449
3208.891
1.0
EnvSeEmitPointBirdTemperate
-3.111328
0.4274902
-1.993408
-31.34766
132.4805
3334.086
1.0
FldObj_EnemyBaseRiverside_Slope_A_01.002
0
2.089204
0
-57.83698
107.5976
3876.76
1.0
FldObj_KorokStone_A_01.043
0
-3.141593
0
-43.32404
113.4804
3007.598
1.0
Obj_Plant_CypressLow_A_01.086
-0.406241
1.353898
-0.7583844
-244.0078
183.4378
3033.613
1.050293
Obj_TreeBroadleaf_A_L.106
0
0.6929663
0
-392.5357
128.3707
3224.202
1.0
Obj_Plant_CypressLow_A_02.074
-0.03434757
1.00684
-0.2653646
-400.3281
137.8854
3397.113
1.097656
Obj_TreeConiferous_A_01.022
0
-2.542805
0
-699.7683
240.1079
3124.955
1.048722
FldObj_KorokStone_A_01.044
-0.8907756
-0.007156267
-1.576584
-883.0793
249.2712
3567.069
1.0
FldObj_KorokStone_A_01.045
0
-2.130796
0
-32.03931
114.4882
3006.524
1.0