UnitConfigName/__text
Rotate/value/0
Rotate/value/1
Rotate/value/2
Translate/value/0
Translate/value/1
Translate/value/2
_Scale
ActorObserverTag
0
0
0
-43.0665
117.4804
3007.339
1.0
FldObj_CliffWhite_A_S_01
-3.009939
0.2235861
-2.862705
-203.239
127.3268
3520.981
0.9
LinkTagOr
0
1.340002
0
-109.9053
105.9663
3786.107
1.0
FldObj_CliffWhiteParts_A_06
-0.4906212
-0.4658249
0.1842888
-288.6842
122.6512
3168.153
1.0
Obj_LiftRockWhite_Korok_A_01
0
0
0
-92.61502
143.2238
3126.79
1.0
YabusameTarget
0
1.16
0
-390.2082
136.9317
3292.283
0.75
Area
0
2.999999
0
-205.1157
157.5299
3370.463
2
ActorObserverTag
0
0
0
-91.61502
145.4238
3126.79
1.0
Area
2.094395
3.785517E-08
1.570796
-415.1599
138.3668
3374.323
0.2109886
FldObj_CliffGashamahi_A_01_Far
1.515226
-1.101991
3.103613
-584.7698
220.1066
3058.085
1.0
FldObj_CliffWhiteHill_C_02
-3.118616
-0.5211327
3.095466
-366.8281
191.8491
3830.664
1.0
WallCrack
2.834315
0.5133068
3.124826
-933.9558
241.9046
3458.841
1.0
Enemy_Bokoblin_Middle
0
1.879997
0
-422.2148
174.524
3802.208
1.0
FldObj_CliffWhiteParts_A_06.001
-0.05999999
1.06
0
-147.5184
97.30398
3311.554
1.1
DgnObj_DungeonEntrance_A_01
0
-1.584804
0
-984.7892
320.2154
3564.992
1.0
DungeonBird_test
0
2.315988
0
-981.0398
333.225
3551.287
1.0
LinkTagOr
0
1.36
0
-34.86636
106.5928
3576.374
1.0
ActorObserverTag
0
0
0
-128.7192
108.3613
3803.004
1.0
LinkTagAnd
0
0
0
-217.2049
171.3381
3353.685
1.0
FldObj_CliffWhiteWall_A_02_Far
-0.26
0
0
-869.2874
233.8302
3075.621
1.0
Enemy_Bokoblin_Middle
0
1.82
0
-359.0469
126.2776
3552.586
1.0
Item_Fruit_G
2.748317
0.8899638
-2.807833
-43.81329
118.681
3551.651
1.0
LinkTagAnd
-1.787765
0.3963888
-2.212619
-924.5504
215.4819
3434.678
1.0
SwitchTimeLag
1.570796
0.1415934
3.141593
-209.8917
148.2111
3397.533
0.5
LinkTagAnd
0
1.761593
0
-657.6705
190.1206
3852.328
1.0
LinkTagAnd
0
-3.141593
0
-127.2192
108.8613
3806.004
1.0
Obj_TreePalmBeach_A_02
0
1.340002
0
-114.5754
105.9663
3783.443
1.0
YabusameTarget
0
-0.5400003
0
-280.5806
129.6112
3211.464
0.75
FldObj_CliffWhiteLumpRock_A_01
-0.28
0
0
-33.57034
96.30516
3059.995
1.0
Npc_HiddenKorokGround
0
2.261593
0
-95.25006
144.6425
3128.957
1.0
Npc_HiddenKorokFly
0
1.761593
0
-657.7655
187.6206
3851.838
1.0
Npc_HiddenKorokGround
0
-0.4415937
0
-878.7282
245.8745
3567.743
1.0
FldObj_CliffOrange_A_03_Far
2.043163
1.11351
2.99207
-988.0784
200.0319
3854.602
1.0
ActorObserverTag
2.765151E-08
-0.6799994
1.242662E-08
-884.5873
255.3888
3570.389
1.0
Area
2.094395
3.785517E-08
1.570796
-413.1053
138.3904
3377.876
0.2109886
Item_Fruit_G
-0.5599999
0.6304534
0
-114.7478
117.8088
3815.326
1.0
LinkTagAnd
-0.4202202
-0.6704055
0.08001769
-892.4426
214.4269
3478.813
1.0
LinkTagAnd
0
0
0
-96.83377
149.2988
3126.563
1.0
Obj_TreeBaobab_A_02
0
2.341593
0
-854.9169
179.5042
3719.865
0.8705921
Npc_HiddenKorokGround
0
2.123185
0
-923.501
214.5819
3436.38
1.0
LinkTagOr
0
0.76
0
-103.2631
105.9381
3834.167
1.0
FldObj_RockOrange_A_L_02_Far
0
0
0
-821.4669
141.1714
3832.033
1.0
KorokAnswerResponce
0
2.094395
0
-413.6092
142.1013
3377.003
0.5
PosAfterDemoSkip
0
1.556788
0
-991.6531
321.2154
3564.796
1.0
Area
0
0
0
-43.61649
116.3304
3007.289
0.1
LinkTagNone
0
0
0
-391.8487
150.3098
3138.379
1.0
LinkTagAnd
0
2.123185
0
-923.2384
217.0819
3436.806
1.0
SwitchTimeLag
1.570796
1.047197
3.141593
-418.1561
148.3747
3366.984
0.5
FldObj_CliffWhite_A_01
0
0.1384071
0
-176.914
98.33074
3395.019
1.0
Animal_Boar_A
0
-2.636194
0
-384.8047
125.5433
3173.688
1.0
FldObj_CliffWhiteWall_A_02_Far.001
0
1.16
0
-94.38235
179.1339
3002.613
1.0
LinkTagAnd
0
3.141593
0
-26.39398
110.3101
3042.689
1.0
FldObj_RockBeach_A_L_01
3.059269
-0.4437846
3.082712
-199.2222
101.9534
3833.822
1.0
LinkTagOr
0
0.48
0
-67.56564
105.9763
3698.503
1.0
KorokAnswerResponce
0
2.094395
0
-415.6639
142.0777
3373.451
0.5
FldObj_CliffWhiteWall_A_01_Far
0.7797066
1.474363
1.81725
-600.8251
217.0938
3406.177
1.0
FldObj_CliffWhiteWall_A_03
-0.3836242
0.156079
-0.1487751
-122.2504
152.5898
3166.929
1.0
LinkTagAnd
0
-0.1415935
0
-227.7798
179.2279
3342.663
1.0
SwitchTimeLag
-1.570796
-0.6799994
1.242662E-08
-884.55
257.3889
3570.74
0.5
LinkTagAnd
0
-1.584804
0
-990.7676
321.2154
3563.408
0.3
LinkTagOr
0
2.999999
0
-205.1157
159.3299
3370.463
1.0
AnchorAction1_Rain
0
2.061592
0
-212.3853
128.7
3487.132
1.0
YabusameTarget
0
0.7199997
0
-281.0902
138.4227
3413.556
1.0
YabusameTarget
0
-2.760001
0
-106.0145
123.7474
3252.64
0.75
FldObj_CliffWhiteWall_A_01
-0.855944
-0.9997086
0.6769897
-803.7933
225.7396
3113.047
1.0
YabusameTarget
0
-2.619999
0
-176.2743
139.6822
3267.114
0.75
WallCrack
-0.09999999
0.4
0
-249.06
128.83
3827.76
1.0
FldObj_CliffWhite_A_01_Far
0
0.1384071
0
-176.914
98.33074
3395.019
1.0
ActorObserverTag
0
2.094395
0
-411.0428
141.1425
3381.453
1.0
LinkTagAnd
0.7383093
0.4796591
-0.9633911
-352.7256
183.152
3898.976
1.0
Enemy_Lizalfos_Middle
0
2.109204
0
-60.6636
107.5985
3878.319
1.0
FldObj_CliffWhiteWall_C_02
-0.2005698
0.6527605
-0.08903802
-204.4288
181.8676
3753.865
1.0
FldObj_RockBeach_A_M_01
0
-2.42
0
-185.1715
103.2877
3884.138
1.0
FldObj_CliffGashamahi_A_01
1.515226
-1.101991
3.103613
-584.7698
220.1066
3058.085
1.0
KorokAnswerResponce
0.08730441
-0.0004854667
0.01111406
-873.1886
245.9429
3567.667
1.0
FldObj_KorokStartingBlock_A_01
2.911352
-0.6017283
3.140181
-276.7599
153.6519
3316.469
1.0
DgnObj_DungeonEntrance_A_01_Far
0
-1.584804
0
-984.7892
320.2154
3564.992
1.0
FldObj_CliffWhiteWall_A_02_Far.002
-0.4275388
1.376734
0.5903075
-527.0399
183.828
3574.641
1.0
LinkTagOr
0
2.999999
0
-210.3285
145.4776
3444.795
1.0
Obj_Plant_Korok_A_01
0.08294797
-0.1433805
0.043503
-209.3385
142.4776
3444.937
1.0
Obj_KorokPlate_A_01
0
2.094395
0
-419.1209
138.028
3367.462
1.0
Area
0
0
0
-43.01651
115.7304
3007.289
0.1
Obj_RockSetGray_A_L_01
1.152871
0.2771881
-1.095131
8.50589
109.1015
3458.482
1.0
FldObj_CliffWhiteLumpRock_A_01.001
1.168638
1.419481
2.145012
-586.3035
213.717
3557.448
1.0
LinkTagOr
-1.483492
-0.0004854667
0.01111406
-875.2336
249.9675
3568.021
1.0
LinkTagPulse
0
0.2
0
-149.9399
144.2865
3067.101
0.25
FldObj_CliffWhiteWall_A_01.001
-0.4649983
-1.145058
0.07036772
-713.4803
253.1412
3343.238
1.0
FldObj_CliffWhiteWall_A_01_Far.001
0
0.02
0
-45.40509
194.9359
2988.393
0.8
LinkTagOr
0
3.023185
0
-923.593
216.1932
3435.59
1.0
FldObj_BridgeStoneSeaSide_A_01_Far
-3.10183
-0.6782539
3.09678
-112.0145
122.0002
3420.169
1.0
YabusameTarget
0
-0.8599829
0
-13.35034
115.7397
3184.979
0.75
FldObj_CliffWhiteParts_A_06.002
-0.3054263
0.8192035
0.09585294
-616.7362
137.245
3739.846
1.0
LinkTagAnd
0.2613613
0.01973891
-0.1499098
-354.9581
185.0523
3899.439
1.0
Area
0
0.74
0
-387.5938
152.9309
3151.553
1.7
FldObj_CliffOrangeWall_A_34_Far
0
-0.8999999
0
-1029.453
271.847
3745.574
1.0
LinkTagOr
0
1.961593
0
-89.02161
105.9753
3736.219
1.0
Weapon_Sword_029
1.283744
-0.7391661
0.07631038
-923.8618
213.7209
3415.632
1.0
Enemy_Bokoblin_Middle
0
0.3600001
0
-638.3788
237.9985
3080.509
1.0
LinkTagNAnd
2.79549
-0.5778847
-3.093833
-216.8677
174.0683
3350.74
1.0
Obj_RockSetGray_A_L_01.001
0
0
-1.12
-545.4568
147.8069
3777.736
1.0
LinkTagOr
0
-1.38
0
-658.2396
185.6206
3849.383
1.0
FldObj_CliffOrangeTop_A_01_Far
3.141593
1.528791
-2.861593
-953.4756
325.7863
3566.087
1.0
FldObj_RockBeachWall_A_02_Far
-0.14
0.62
0
-214.9605
115.6166
3824.314
0.8
Enemy_Bokoblin_Bone_Junior
0
0.8
0
-637.0135
246.0958
3468.144
1.0
LinkTagAnd
0
0
0
-567
165
3806
1.0
FldObj_CliffWhite_A_03
-1.836734
-1.229137
1.572255
-249.4453
118.2105
3374.868
1.0
Area
0
0.2
0
-150.92
144.2866
3067.3
3
FldObj_CliffWhiteWall_A_02
-0.16
1.554815E-08
0
-143.7814
174.5206
3036.768
1.0
EnemyLookTag
0
2.109204
0
-57.26303
107.532
3876.288
1.0
LinkTagAnd
2.79549
-0.5778847
-3.093833
-218.541
173.9883
3351.833
1.0
Area
0
2.585399
0
-343.5059
129.7468
3539.453
2
KorokAnswerResponce
0
0
0
-99.33377
147.2988
3126.563
1.0
FldObj_CliffWhiteWall_A_03_Far
-0.6129333
-0.8322378
0.2437669
-924.5569
231.1332
3032.265
1.0
Npc_HiddenKorokFly
0
1.979999
0
-266.3544
125.1503
3888.153
1.0
FldObj_CliffOrangeWall_A_33_Far
0.1047412
-0.9979975
-0.07874107
-752.117
252.2576
4142.274
1.815143
FldObj_CliffWhiteWall_C_01
-0.3601042
0.4867316
-0.01751207
-350.5764
194.9396
3841.294
1.0
LinkTagAnd
0
-1.584804
0
-990.7676
321.2154
3563.408
0.3
LinkTagAnd
0
0
0
-418.1561
148.3747
3366.984
1.0
FldObj_CliffWhite_A_01.001
0
0.5799999
0
-182.9961
97.97137
3348.355
1.1
FldObj_CliffWhite_A_03.001
2.350035
-1.133512
-2.535429
-211.0938
114.8176
3296.595
0.9
FldObj_CliffWhiteWall_A_01_Far.002
0.6277659
-1.252516
-1.189072
-680.4612
247.2113
3488.98
1.0
Area
0
2.999999
0
-209.3385
143.6776
3444.937
2
LinkTagOr
0
-2.401592
0
-387.9629
155.4809
3151.89
1.0
Obj_TreePalmBeach_A_02.001
0
1.641593
0
-50.28461
107.0358
3552.343
1.0
YabusameTarget
0
1.341591
0
-344.5141
143.0399
3407.919
1.0
FldObj_CliffWhiteLumpRock_A_01.002
-0.4246099
-0.07909743
0.06625556
-328.278
127.3764
3437.194
1.0
AnchorAction2
0.07503586
-0.3387215
-0.03611803
-245.3852
129.3949
3452.515
1.0
Item_Fruit_G
2.997154
1.164595
-2.59255
-108.1905
117.6115
3784.704
1.0
Obj_LiftRockWhite_A_01
0
0
0
-118.6871
106.0444
3798.201
1.0
ForceSetPosDirAutoSaveAnchor
0
1.556788
0
-991.6531
321.2154
3564.796
1.0
FldObj_CliffWhiteWall_A_02.001
-0.4813451
-0.8634651
-0.06740484
-768.2711
245.2963
3167.855
1.0
FldObj_EnemyBaseRiverside_A_01
0
-2.603185
0
-70.10739
106.8976
3883.959
1.0
FldObj_CliffWhite_A_03.002
-0.2067149
1.125794
-0.01146065
-200.7639
108.8142
3425.046
1.0
LinkTagAnd
0
0
0
-210.7645
133.5501
3484.699
1.0
FldObj_CliffWhiteParts_A_06_Far
-0.3399999
0
0
-581.9355
147.0486
3718.595
1.2
Enemy_Bokoblin_Junior
0
0
0
-494.7373
194.0926
3680.426
1.0
Obj_TreePalmBeach_A_02.002
0
1.36
0
-39.58884
106.5928
3573.805
1.0
FldObj_CliffWhiteLumpRock_A_01.003
-0.7374887
-0.4821056
0.1275807
-492.0788
177.3092
3724.792
1.2
YabusameTarget
0
-3.14
0
-231.2041
130.6053
3259.882
0.75
FldObj_EnemyBaseRiverside_A_01_Far
0
-2.603185
0
-70.10739
106.8976
3883.959
1.0
FldObj_CliffWhiteHill_C_02.001
-2.713897
1.426966
-2.709967
-148.7891
148.6827
3553.363
1.1
Area
2.094395
3.785517E-08
1.570796
-419.117
138.317
3367.469
0.2109886
Area
0
1.32
0
-320.9727
130.2272
3567.438
2
FldObj_ScaffoldWood_B_01
0
-2.36
0
-400.875
130.9078
3137.348
1.0
LinkTagAnd
0
0
0
-127.7192
110.3613
3803.004
1.0
FldObj_CliffWhiteWall_A_02_Far.003
1.918155
1.101063
2.902173
-585.4227
219.703
3512.711
1.0
FldObj_RockBeach_A_M_01_Far
0
-2.74
0
-249.7949
104.2167
3902.21
1.0
FldObj_CliffWhiteWall_A_01.002
-0.358297
-1.37603
-0.02585986
-728.4684
233.0082
3246.33
1.0
LinkTagOr
0
1.641593
0
-45.03415
107.0358
3553.499
1.0
Item_Fruit_G
-0.5599999
-1.02
0
-48.6629
117.8771
3620.833
1.0
SwitchTimeLag
1.224694
-0.5778847
-3.093833
-218.0115
173.674
3352.621
0.5
DgnObj_EntranceShutter_A_01
0
-1.584804
0
-988.5887
321.2156
3564.939
1.0
FldObj_CliffWhiteParts_A_02
-1.937137
-1.520926
1.613468
-90.99878
92.74027
3345.991
1.0
Npc_HiddenKorokGround
0
-3.184522E-08
0
-354.8371
182.5916
3898.783
1.0
Enemy_Bokoblin_Junior
0
0
0
-648.3788
236.8922
3071.009
1.0
YabusameTarget
0
-0.16
0
-147.2072
136.807
3221.392
0.75
LinkTagOr
0
0.74
0
-384.64
152.9809
3148.855
1.0
FldObj_CliffWhiteWall_A_03.001
-0.1645488
-1.082507
-0.3850877
-621.9516
229.3084
3623.47
1.0
FldObj_CliffWhiteWall_A_03.002
-0.2372783
-1.342804
-0.183905
-964.9866
224.5922
2937.285
1.0
FldObj_CliffGashamahi_A_05
0.5901853
1.439131
1.286867
-524.4443
203.9609
3127.982
1.0
FldObj_CliffWhiteLumpRock_A_01.004
2.815927
-0.2574655
-3.115594
-25.83286
96.42973
3040.239
0.8
KorokAnswerResponce
0
0.74
0
-387.7864
150.9809
3155.791
1.0
Area
0
-0.2199999
0
-210.4152
128.6918
3481.198
50
DestinationAnchor
0
1.033192
0
-991.6755
321.2154
3566.396
1.0
LinkTagOr
-1.570796
0
0
-23.27878
111.1356
3044.369
1.0
FldObj_KorokGoal_A_01
0
-1.38
0
-657.7655
185.6206
3851.838
1.0
Obj_TreePalmBeach_A_02.003
0
0.76
0
-105.71
105.9381
3829.38
1.0
FldObj_CliffWhite_A_03_Far
-1.836734
-1.229137
1.572255
-249.4453
118.2105
3374.868
1.0
LocationTag
0
0
0
-985.2891
338.5
3564.992
1.0
LinkTagOr
0
0.2
0
-150.43
145.8865
3067.2
1.0
FldObj_CliffWhiteLumpRock_A_01.005
-0.9144824
-0.5312046
-0.1854471
-218.5009
133.6008
3397.5
1.0
LinkTagOr
0
0
0
-422.4017
135.9494
3336.455
1.0
FldObj_CliffWhiteHill_C_02_Far
-3.118616
-0.5211327
3.095466
-366.8281
191.8491
3830.664
1.0
YabusameTarget
0
-0.8599829
0
-14.909
114.3618
3183.203
1.0
LinkTagAnd
0
0
0
-210.7349
128.8343
3519.911
1.0
Enemy_Bokoblin_Middle
0
2.139997
0
-419.8181
173.6713
3793.616
1.0
ActorObserverTag
0
2.094395
0
-417.2381
140.8292
3370.718
1.0
LinkTagOr
0
2.999999
0
-209.3385
145.4776
3444.937
1.0
FldObj_CliffWhite_A_01_Far.001
0
0.5799999
0
-182.9961
97.97137
3348.355
1.1
LinkTagOr
0
1.979999
0
-264.5106
125.3222
3888.306
1.0
KorokAnswerResponce
0
0
0
-21.27878
107.0731
3044.369
1.0
EventTag
0
-2.108401
0
-990.8166
321.2154
3566.908
0.6
FldObj_CliffOrangeWallEnd_A_15_Far
-3.101593
-0.2015926
-3.141592
-727.9501
197.177
3977.086
1.071747
Obj_TreePalmBeach_A_02.004
0
0.48
0
-68.5943
105.9763
3693.227
1.0
LinkTagAnd
0
0
0
-210.7645
133.5501
3484.699
1.0
YabusameTarget
0
-0.6199933
0
-347.5198
137.4941
3261.323
1.0
Enemy_Bokoblin_Middle
0
-0.4
0
-376.4078
125.6017
3163.039
1.0
KorokAnswerResponce
0
2.094395
0
-419.6209
142.028
3366.596
0.5
Enemy_Moriblin_Middle
0
2.881593
0
-350.5
122.2048
3504
1.0
Obj_TreeConiferous_A_03
0
2.051298
0
-710.9883
240.6775
3121.311
1.01586
LinkTagOr
0
0
0
-246.996
129.6542
3831.671
1.0
Area
0
-1.42
0
-597.8739
173.1863
3845.337
0.7
Area
2.765151E-08
-0.6799994
1.242662E-08
-884.1282
253.6388
3570.696
0.1
LocationTag
0
0
0
-210.7645
133.5501
3484.699
1.0
FldObj_CliffWhiteParts_A_02.001
0.4142157
1.206487
0.4599749
-3.484863
74.51285
3054.158
1.0
Obj_Plant_Korok_A_01.001
0.8756954
0.750446
0.6706655
-227.4968
176.2439
3344.203
1.0
SwitchTimeLag
-1.570796
0
0
-43.3165
119.4804
3007.589
0.5
Obj_TreeBaobab_A_02.001
0
-0.4000001
0
-769.2927
156.3256
3902.523
1.0
Obj_RockSetGray_A_L_01.002
-0.2799997
0
0
-51.51773
89.57677
3090.76
1.0
LinkTagAnd
0
0.4599983
0
-249.4377
132.8179
3828.672
1.0
LinkTagAnd
0
-1.584804
0
-986.7679
333.7154
3563.464
0.6
FldObj_CliffOrangeTop_A_01
3.141593
1.528791
-2.861593
-953.4756
325.7863
3566.087
1.0
Obj_KorokPlate_A_01.001
0
2.094395
0
-415.1639
138.0777
3374.317
1.0
FldObj_RockBeach_A_M_01_Far.001
0
-2.42
0
-185.1715
103.2877
3884.138
1.0
LinkTagOr
0
-0.1415935
0
-226.7897
179.2279
3342.804
1.0
FldObj_CliffOrangeWall_A_34
0
-0.8999999
0
-1029.453
271.847
3745.574
1.0
Obj_Plant_Korok_A_01.002
0
-0.1415933
0
-205.1157
156.3299
3370.463
1.0
Npc_HiddenKorokGround
0
0.4599983
0
-248.9898
130.3179
3828.45
1.0
FldObj_CliffWhiteWall_C_01_Far
-0.3601042
0.4867316
-0.01751207
-350.5764
194.9396
3841.294
1.0
LinkTagAnd
0
0
0
-227.4821
177.2366
3344.877
1.0
FldObj_CliffWhiteHill_C_03_Far
-3.017648
-1.279397
2.995655
-150.7989
142.1054
3522.044
1.0
LinkTagOr
0
1.979999
0
-264.9482
125.3222
3887.297
1.0
FldObj_CliffWhite_A_03_Far.001
-0.2067149
1.125794
-0.01146065
-200.7639
108.8142
3425.046
1.0
WallCrack
2.913567
1.0381
3.132166
-923.7306
213.3684
3436.111
1.0
FldObj_RockDislocation_D_01
-0.09160189
1.11835
-0.08242896
-226.0336
168.2835
3061.145
1.0
YabusameTarget
0
-1.440001
0
-359.473
132.9758
3328.214
0.75
FldObj_CliffWhiteParts_A_02.002
-0.07093588
-0.8371704
0.166874
-85.08234
78.37524
3402.295
1.2
LinkTagAnd
0.09653543
-0.4402791
-0.03009095
-879.2082
248.3785
3567.748
1.0
FldObj_CliffWhiteWall_A_02.002
-1.005267
1.060385
-0.03684651
-558.8949
202.9603
3222.863
1.0
LinkTagNAnd
0
2.999999
0
-207.7706
148.2111
3396.825
1.0
Obj_KorokPlate_A_01.002
0
2.094395
0
-413.1092
138.1013
3377.869
1.0
Area
2.765151E-08
-0.6799994
1.242662E-08
-884.5947
254.2388
3570.318
0.1
FldObj_CliffWhiteLumpRock_A_01.006
1.710814
1.116599
2.769399
-487.3479
165.6194
3453.223
1.0
SwitchTimeLag
-1.570796
0
0
-96.83377
149.2988
3126.563
0.5
LinkTagCount
0
0
0
-248.259
204.6253
3358.307
1.0
LinkTagNone
0
0
0
-80.3963
107.5403
3890.104
1.0
EnemyLookTag
0
-1.032389
0
-83.41455
108.7336
3891.907
1.0
Obj_TreePalmBeach_A_02.005
0
1.961593
0
-94.36911
105.9753
3736.774
1.0
FldObj_CliffWhiteWall_A_03.003
2.964195
0.1709449
3.067945
-128.9125
152.4345
3114.054
1.0
FldObj_CliffOrangeTop_A_02
0.3280751
-1.418406
-0.2575981
-1066.545
324.4662
3578.53
1.0
FldObj_CliffWhiteParts_A_06_Far.001
3.048271
-0.5023825
2.84389
-70.41016
72.09312
3036.885
1.0
Area
0
0
0
-127.7192
106.6363
3803.004
1.0
LinkTagAnd
0
0
0
-884.55
257.3889
3570.74
1.0
FldObj_CliffWhiteParts_A_06_Far.002
-0.4906212
-0.4658249
0.1842888
-288.6842
122.6512
3168.153
1.0
LinkTagAnd
0
0
0
-210.1739
146.4111
3399.513
1.0
WildHorseCreateTag02
0
0
0
-641.1896
232.5306
3257.158
1.0
LinkTagOr
0
-1.38
0
-602.1456
173.5907
3845.595
1.0
ActorObserverTag
0
0
0
-43.5665
117.4804
3007.339
1.0
LinkTagAnd
0
2.999999
0
-209.7505
148.2111
3396.543
1.0
FldObj_RockBeach_A_L_01_Far
3.121593
-0.4615924
3.141593
-220.4951
100.4783
3861.494
1.2
ActorObserverTag
0
0
0
-92.61502
145.4238
3126.79
1.0
FldObj_CliffWhiteParts_A_02.003
2.756783
0.6034574
2.830613
-143.3558
79.37427
3429.852
1.2
LinkTagOr
0
0
0
-92.61502
146.4238
3126.79
1.0
FldObj_CliffWhiteParts_A_01
3.02751
-1.032216
2.959211
-248.2792
135.5882
3332.525
1.0
Npc_HiddenKorokFly
0
3.141593
0
-26.89398
107.8101
3042.69
1.0
Item_Fruit_G
-0.5599999
-0.6151388
0
-141.9668
117.8443
3820.983
1.0
PlayerOnScaffoldCheckTag
0
3.120001
0
-368.8136
131.9978
3525.292
1.0
LinkTagOr
0
2.094395
0
-421.0044
143.8747
3368.051
1.0
FldObj_RockBeach_A_L_01.001
3.121593
-0.4615924
3.141593
-220.4951
100.4783
3861.494
1.2
ActorObserverTag
2.765151E-08
-0.6799994
1.242662E-08
-884.1985
255.3888
3570.703
1.0
FldObj_RockBeachWall_A_02
-0.1542225
0.7387099
-0.02259647
-244.0611
121.099
3849.251
1.0
FldObj_CliffWhiteTunnel_A_02_Far
-0.1742949
1.358397
-0.1839543
-166.0089
108.291
3079.702
0.8
FldObj_RockBeach_A_M_03
-0.42
0
0
-145.7739
91.22043
3876.659
1.0
Obj_LiftRockWhite_A_01.001
0.2613613
0.01973891
-0.1499098
-354.8521
182.4962
3898.757
1.0
FldObj_CliffWhite_A_03.003
0.1020395
-0.4113077
-0.2628131
-263.4961
116.6871
3317.426
1.0
FldObj_CliffWhiteWall_A_03_Far.001
-0.1645488
-1.082507
-0.3850877
-621.9516
229.3084
3623.47
1.0
FldObj_CliffGashamahi_A_07_Far
1.721592
-0.7215926
-3.141592
-643.4248
237.0379
3112.371
1.0
LinkTagOr
0
-3.141593
0
-128.2192
108.8613
3806.005
1.0
LinkTagAnd
0
0
0
-127.7192
111.3613
3803.004
1.0
LinkTagAnd
-1.802303
0.3862864
-2.218164
-250.0677
131.2179
3826.765
1.0
LinkTagAnd
2.765151E-08
-0.6799994
1.242662E-08
-884.55
256.3889
3570.74
1.0
DgnObj_EntranceTerminal_A_01
0
-2.108401
0
-990.8166
321.2156
3566.908
1.0
FldObj_RockBeachWall_A_02_Far.001
-0.1542225
0.7387099
-0.02259647
-244.0611
121.099
3849.251
1.0
FldObj_KorokStartingBlock_A_01.001
0
-1.42
0
-597.8739
171.7363
3845.337
1.0
Obj_TreePalmBeach_A_02.006
0
0.6304534
0
-118.7447
105.9546
3810
1.0
FldObj_CliffWhiteWall_A_02.003
-0.26
0
0
-869.2874
233.8302
3075.621
1.0
FldObj_CliffWhiteHill_C_03_Far.001
-3.106292
0.3382335
-3.035564
-153.1994
144.4415
3522.894
1.0
FldObj_CliffGashamahi_A_06
-0.07163189
0.01443693
0.3975993
-364.6335
166.0546
3074.326
1.0
FldObj_CliffOrangeTop_A_02.001
0.02418832
0.09158567
-0.05271963
-1003.24
324.3881
3621.311
1.0
Obj_TreeBaobab_A_02.002
0
0
0
-897.7267
189.3505
3773.942
1.0
FldObj_CliffGashamahi_A_04
2.125435
0.6782048
2.810784
-557.3815
223.3422
3084.798
1.0
AnchorAction1
0
2.061592
0
-212.0962
128.6988
3491.128
1.0
Enemy_Lizalfos_Middle
0
-1.032389
0
-80.3963
107.5403
3890.104
1.0
SwitchTimeLag
1.570796
0.1415934
3.141593
-204.8334
159.3299
3368.483
0.5
FldObj_CliffWhiteLumpRock_A_01.007
-0.9838308
1.025751
-0.1497526
-196.3417
133.6228
3384.004
1.0
Item_Fruit_G
1.915058
-0.6594495
-1.515794
-44.19629
118.6556
3551.233
1.0
LinkTagOr
0
-1.02
0
-48.2265
106.0229
3618.672
1.0
SwitchTimeLag
-1.570796
0
0
-127.7192
111.3613
3803.004
0.5
Enemy_Moriblin_Middle
0
1.82
0
-313.5
120.5899
3525
1.0
LinkTagOr
0
0.4599983
0
-248.5419
132.8179
3828.228
1.0
FldObj_SkullRock_A_01
0
2.094395
0
-375.5921
127.6515
3563.473
1.0
FldObj_CliffWhiteWall_A_03_Far.002
-0.2372783
-1.342804
-0.183905
-964.9866
224.5922
2937.285
1.0
Npc_HiddenKorokGround
0
0.2
0
-150.92
143.3865
3067.3
1.0
FldObj_KorokStoneLift_A_01
-0.1256067
-0.011971
-0.1809508
-878.243
245.0774
3555.869
1.0
FldObj_CliffOrangeWallEnd_A_33
2.260375
1.493307
2.2565
-529.1752
214.514
4011.07
1.0
LinkTagNone
0
0
0
-384.8047
125.5433
3173.688
1.0
Area
2.094395
3.785517E-08
1.570796
-417.2342
138.1182
3370.724
0.2109886
LinkTagAnd
0
0
0
-985.2891
338.5
3564.992
1.0
FldObj_CliffGashamahi_A_07
1.721592
-0.7215926
-3.141592
-643.4248
237.0379
3112.371
1.0
LinkTagAnd
0
0
0
-315.1059
207.39
3344.3
1.0
Area
0
2.999999
0
-210.1739
146.4111
3399.513
2
FldObj_CliffWhiteWall_A_01_Far.003
-0.4649983
-1.145058
0.07036772
-713.4803
253.1412
3343.238
1.0
LinkTagOr
0
0.74
0
-389.44
150.9809
3153.238
1.0
Area
0
0.4599983
0
-248.9898
131.218
3828.45
3
FldObj_CliffWhiteWall_A_02.004
0
1.101593
0
-192.9806
169.1621
3065.663
1.0
Item_Fruit_G
-0.68
0.5578903
0
-108.3417
117.6193
3785.198
1.0
Area
0
-1.38
0
-657.7655
187.5706
3851.838
1.7
FldObj_CliffWhiteHill_C_03
-3.017648
-1.279397
2.995655
-150.7989
142.1054
3522.044
1.0
Enemy_Bokoblin_Middle
0
-0.22
0
-386.8464
125.5674
3162.695
1.0
ShelterFromRainTag
0
-0.2199999
0
-210.4152
128.6918
3481.198
1.0
PlayerOnScaffoldCheckTag
0
2.585399
0
-339.2595
129.7468
3542.093
1.0
LinkTagOr
0.2613613
0.01973891
-0.1499098
-353.9695
184.9032
3899.419
1.0
LinkTagAnd
0
2.094395
0
-420.504
143.8747
3368.917
1.0
LinkTagNAnd
0
-1.584804
0
-986.8099
333.7154
3566.464
0.6
FldObj_CliffWhiteLumpRock_A_01.008
2.239532
1.416939
2.907238
-454.8167
152.2878
3449.996
1.0
FldObj_RockOrangeBridge_A_01_Far
-0.009676656
0.1597096
-0.1807744
-1086.447
328.2296
3578.378
1.0
FldObj_CliffWhiteWall_A_01.003
0.7797066
1.474363
1.81725
-600.8251
217.0938
3406.177
1.0
LinkTagOr
-1.147627
0.2521612
0.3872893
-23.27878
108.5731
3044.369
1.0
PlayerInAreaAutoEnemyForbidTag
0
0
0
-325.5256
199.0061
3334.005
1.0
LinkTagOr
0
2.999999
0
-210.1739
148.2111
3399.513
1.0
Enemy_Bokoblin_Bone_Junior
0
0.2000001
0
-634.3506
245.5041
3456.79
1.0
FldObj_CliffOrangeWallEnd_A_33_Far
2.260375
1.493307
2.2565
-529.1752
214.514
4011.07
1.0
KorokAnswerResponce
0
2.094395
0
-417.7381
141.8292
3369.852
0.5
LinkTagOr
0
-3.141593
0
-97.33377
146.7988
3129.564
1.0
Npc_HiddenKorokGround
0
2.094395
0
-420.7542
141.3747
3368.484
1.0
FldObj_CliffWhiteWall_A_02_Far.004
0
1.101593
0
-192.9806
169.1621
3065.663
1.0
FldObj_BridgeStoneSeaSide_A_01
-3.10183
-0.6782539
3.09678
-112.0145
122.0002
3420.169
1.0
Obj_LiftRockWhite_A_01.002
0
2.139998
0
-248.9898
130.2179
3828.45
1.0
FldObj_RockBeachWall_A_02.001
-0.1284772
0.4812531
0.0219692
-304.1275
113.6522
3900.581
1.0
Area
0
0
0
-92.61502
143.8238
3126.79
1.0
FldObj_CliffWhiteLumpRock_A_01.009
-0.872828
-0.4069845
0.02387876
-539.0729
158.4039
3724.667
1.2
Obj_RockSetGray_A_L_01.003
-1.650086
0.5094553
2.693657
-711.1736
151.6116
3914.467
1.0
ActorObserverTag
0
2.094395
0
-419.1209
141.028
3367.462
1.0
FldObj_CliffWhiteWall_A_02_Far.005
-1.005267
1.060385
-0.03684651
-558.8949
202.9603
3222.863
1.0
FldObj_CliffWhiteWall_A_01.004
0
0.02
0
-45.40509
194.9359
2988.393
0.8
ActorObserverTag
0
0
0
-127.7192
108.3613
3803.004
1.0
FldObj_CliffWhiteWall_C_03_Far
-0.4322334
1.18407
-0.1100592
-165.1992
163.0412
3653.09
1.0
LinkTagOr
0
0
0
-22.27878
113.0731
3044.369
1.0
FldObj_CliffWhiteParts_A_06_Far.003
-0.05999999
1.06
0
-147.5184
97.30398
3311.554
1.1
FldObj_CliffOrange_A_07
0.05999999
1.300002
0
-432.5303
115.6028
3923.506
1.0
FldObj_CliffWhite_A_S_01_Far
-3.034695
0.6571288
2.993425
-409.5848
172.8251
3736.805
1.0
LinkTagOr
0
0
0
-127.7192
109.3613
3803.004
1.0
Area
0
0
0
-43.01651
116.3304
3007.889
0.1
FldObj_CliffWhiteWall_C_02_Far
-0.2005698
0.6527605
-0.08903802
-204.4288
181.8676
3753.865
1.0
Enemy_Bokoblin_Middle
0
2.759997
0
-424.4213
173.9497
3785.359
1.0
LinkTagNAnd
0
2.999999
0
-206.9352
145.4776
3442.249
1.0
Obj_KorokPlate_A_01.003
0
2.094395
0
-411.0428
138.1425
3381.453
1.0
LinkTagPulse
0
2.139998
0
-249.5288
131.2179
3827.608
0.25
DgnObj_WarpPoint_A_01
0
-1.584804
0
-993.9835
321.1784
3564.863
1.0
Enemy_Bokoblin_Middle
0
2.139997
0
-413.3125
173.7333
3788.934
1.0
TBox_Field_Stone
2.864505
0.4070699
-3.098877
-933.8246
242.0029
3459.44
1.0
LinkTagAnd
0
0
0
-276.5706
155.0633
3316.742
1.0
WallCrack
2.574704
0.447453
2.746838
-897.0267
206.6602
3481.706
1.0
LinkTagAnd
0
0
0
-209.3385
143.6776
3444.937
1.0
Npc_FaronWoods008
0
2.061593
0
-212.3852
128.7
3487.132
1.0
FldObj_CliffWhiteWall_A_06_Far
0
-0.4399998
0
-107.7746
179.5787
3042.826
1.0
FldObj_CliffWhiteParts_A_01.001
-0.1349434
-0.5613086
-0.05887039
-84.13345
92.13808
3366.586
1.0
Enemy_Bokoblin_Guard_Junior_TreeHouseTop
0
0.7815931
0
-385.2078
151.1489
3154.482
1.0
FldObj_CliffWhiteParts_A_02.004
-0.2990967
0.0236186
0.07644115
-660.3759
136.3429
3763.59
1.2
LinkTagOr
0.08730441
-0.0004854667
0.01111406
-874.2338
249.9786
3568.021
1.0
FldObj_CliffWhiteWall_A_03_Far.003
-0.3836242
0.156079
-0.1487751
-122.2504
152.5898
3166.929
1.0
FldObj_KorokStone_A_01
2.765151E-08
-0.6799994
1.242662E-08
-884.55
253.3888
3570.74
1.0
LookTag
0
-1.584804
0
-995.2881
320.2154
3564.845
1.0
ActorObserverTag
0
0
0
-43.5665
117.4804
3007.839
1.0
TBox_Field_Iron_NoReaction_Aoc
0
1.350798
0
-164.3279
97.54435
3078.888
1.0
FldObj_SkullRock_A_01_Far
0
2.094395
0
-375.5921
127.6515
3563.473
1.0
LinkTagAnd
0
-2.401592
0
-387.2247
155.4809
3151.215
1.0
LinkTagOr
0
3.141593
0
-27.39398
110.3101
3042.69
1.0
Obj_LiftRockWhite_A_01.003
0
0
0
-75.85596
139.9547
3126.727
1.0
FldObj_CliffOrangeWallEnd_A_34_Far
0
-1.56
0
-483.6934
211.2682
4069.77
1.086999
FldObj_RockBeach_A_M_03.001
-0.8589514
0.05961354
-1.535628
-214.4525
104.7733
3856.233
1.0
Obj_Plant_Korok_A_01.003
0.3461024
0.5778847
0.04775996
-217.3731
170.1999
3353.344
1.0
WildHorseCreateTag01
0
0
0
-267.0192
133.3403
3635.129
1.0
FldObj_CliffWhiteTunnel_A_02
-0.1742949
1.358397
-0.1839543
-166.0089
108.291
3079.702
0.8
ActorObserverTag
0
0
0
-217.2632
127.5243
3519.58
1.0
FldObj_RockBeach_A_M_01.001
0
-2.74
0
-249.7949
104.2167
3902.21
1.0
Obj_RockSetGray_A_L_01.004
1.152871
0.2771881
-1.095131
-294.1816
142.4765
3361.263
1.0
LinkTagAnd
0
0
0
-96.83377
148.2988
3126.563
1.0
FldObj_CliffOrangeWall_A_33
0.1047412
-0.9979975
-0.07874107
-752.117
252.2576
4142.274
1.815143
FldObj_CliffWhiteTop_A_01_Far
0
0
0
-224.4397
134.1265
3343.953
1.1
Npc_HiddenKorokFly
0
-2.401592
0
-387.5938
152.9809
3151.553
1.0
Enemy_Bokoblin_Middle
0
0.7923897
0
-404.655
140.5224
3150.441
1.0
FldObj_RockOrange_A_L_02
0
0
0
-821.4669
141.1714
3832.033
1.0
LinkTagAnd
0
0
0
-597.8739
173.1863
3845.337
1.0
FldObj_CliffWhiteWall_A_02_Far.006
-2.977659
-1.393124
2.561129
-692.3105
272.3821
3410.271
1.0
FldObj_CliffOrange_A_03
2.043163
1.11351
2.99207
-988.0784
200.0319
3854.602
1.0
Obj_TreeBaobab_A_02.003
0
2.260004
0
-658.2841
156.2731
3851.667
1.0
LinkTagAnd
0
0
0
-990.8166
321.2156
3566.908
1.0
Area
2.765151E-08
-0.6799994
1.242662E-08
-884.9719
253.6388
3570.785
0.1
LinkTagOr
0
-0.6151388
0
-142.4169
105.9902
3818.824
1.0
FldObj_CliffWhiteWall_A_01_Far.004
-0.358297
-1.37603
-0.02585986
-728.4684
233.0082
3246.33
1.0
AnchorAction1
0
-0.4406521
0
-209.8114
128.7
3484.531
1.0
YabusameTarget
0
-0.8599829
0
-13.34534
112.9796
3184.979
0.75
FldObj_CliffWhiteLumpRock_A_01.010
-0.983561
1.342281
-0.1401563
-461.1995
148.741
3511.418
1.0
LinkTagAnd
0
2.999999
0
-208.9152
145.4776
3441.967
1.0
FldObj_CliffWhiteLumpRock_A_01.011
1.777324
0.6551827
2.660649
-507.6468
180.2532
3528.211
1.0
Obj_LiftRockWhite_A_01.004
0
0.2
0
-150.92
143.2865
3067.3
1.0
YabusameTarget
0
-3.119999
0
-212.4283
141.3609
3274.19
0.75
Npc_HiddenKorokGround
0
0.8400004
0
-240.1111
106.0764
3882.502
1.0
ActorObserverTag
2.765151E-08
-0.6799994
1.242662E-08
-884.5128
255.3888
3571.092
1.0
TBox_Field_Wood
0.001373709
-0.7936527
0.002692327
-391.8336
150.2449
3138.379
1.0
YabusameTarget
0
-0.8599829
0
-16.4682
115.7402
3181.41
0.75
FldObj_CliffGashamahi_A_06_Far
-0.07163189
0.01443693
0.3975993
-364.6335
166.0546
3074.326
1.0
Area
0
0
0
-210.7645
133.5501
3484.699
35
FldObj_CliffWhiteHill_C_03.001
-3.106292
0.3382335
-3.035564
-153.1994
144.4415
3522.894
1.0
YabusameTarget
0
-0.8599829
0
-16.4859
112.9792
3181.415
0.75
FldObj_CliffWhiteHill_C_02_Far.001
-2.713897
1.426966
-2.709967
-148.7891
148.6827
3553.363
1.1
FldObj_CliffGashamahi_A_05.001
2.172464
1.453602
-2.835545
-738.3358
235.0645
3123.625
1.0
TBox_Field_Stone
3.097246
0.6562971
2.841858
-897.864
208.5044
3481.938
1.0
Enemy_Moriblin_Middle
0
0.7799999
0
-345.3906
126.3888
3579
1.0
Obj_TreeBaobab_A_02.004
0
1.52
0
-840.2786
180.0061
3782.422
0.8705921
ActorObserverTag
0
0
0
-43.0665
117.4804
3007.839
1.0
Enemy_Bokoblin_Middle
0
2.639997
0
-427.0246
174.6626
3794.13
1.0
FldObj_RockDislocation_D_05_Far
-0.06001947
0.3241986
0.06309896
-223.204
170.5806
3096.614
0.8
Area
2.265897
-0.750446
-2.470927
-227.4821
177.2366
3344.877
2
FldObj_CliffGashamahi_A_03_Far
-1.365281
0.5407121
0.004821377
-499.6163
187.826
3187.841
1.0
Area
2.094395
3.785517E-08
1.570796
-411.0388
138.4316
3381.459
0.2109886
LinkTagOr
0
0.6304534
0
-116.9367
105.9546
3815.063
1.0
SwitchTimeLag
1.570796
0.1415934
3.141593
-209.0563
145.4776
3442.957
0.5
Item_Fruit_G
-0.6799999
0.8594812
0
-43.81091
118.6888
3552.167
1.0
Obj_TreePalmBeach_A_02.007
0
-1.02
0
-43.03564
106.0229
3617.273
1.0
FldObj_CliffWhiteWall_C_03
-0.4322334
1.18407
-0.1100592
-165.1992
163.0412
3653.09
1.0
AnchorSleep
0
-0.440652
0
-209.8114
128.7
3484.531
1.0
Enemy_Wizzrobe_Electric
0
-1.570796
0
-567
165
3806
1.0
Obj_RockSetGray_A_L_01.005
2.041634
0.1491224
-0.6621162
-387.0804
129.7292
3495.816
1.0
LinkTagAnd
0
2.094395
0
-418.1561
146.3747
3366.984
1.0
Area
0
0
0
-43.61649
115.7304
3007.889
0.1
FldObj_RockBeachWall_A_02.002
-0.14
0.62
0
-214.9605
115.6166
3824.314
0.8
Item_Fruit_G
-0.5599999
1.36
0
-33.05923
118.4469
3575.111
1.0
FldObj_CliffWhiteParts_A_01.002
0
-0.6200001
0
-62.6524
69.59097
3061.609
1.2
AnchorSleep
0
2.061592
0
-212.3853
128.7
3487.132
1.0
LinkTagAnd
0
0
0
-131.3235
125.6481
3079.92
5
Npc_FaronWoods009
0
0.12
0
-211.747
128.7
3484.388
1.0
Item_Fruit_G
2.294092
-0.6409217
-1.746998
-108.4322
117.5861
3784.192
1.0
Obj_RockSetGray_A_L_01.006
0.2140329
0.4554242
2.029778
-347.2475
135.7598
3628.974
1.0
DgnObj_EntranceElevator_A_01
0
-1.584804
0
-984.7892
321.2156
3564.992
1.0
Area
2.79549
-0.5778847
-3.093833
-217.2049
171.3381
3353.685
2
FldObj_CliffGashamahi_A_03
-1.365281
0.5407121
0.004821377
-499.6163
187.826
3187.841
1.0
Area
0
1.979999
0
-264.7294
120.8535
3887.802
7
LinkTagAnd
0
0
0
-922.95
214.3044
3412.756
1.0
FldObj_CliffWhiteWall_A_01_Far.005
-0.855944
-0.9997086
0.6769897
-803.7933
225.7396
3113.047
1.0
FldObj_CliffGashamahi_A_04_Far
2.125435
0.6782048
2.810784
-557.3815
223.3422
3084.798
1.0
Obj_TreeConiferous_A_03.001
0
1.850437
0
-616.7452
240.1865
3129.584
1.062069
LinkTagAnd
0
0
0
-205.1157
157.5299
3370.463
1.0
LinkTagOr
0.09653543
-0.4402791
-0.03009095
-878.3038
248.3513
3568.174
1.0
KorokAnswerResponce
0
0
0
-130.2192
109.3613
3803.004
1.0
LinkTagOr
0
0
0
-422.4017
136.9494
3336.455
1.0
FldObj_CliffGashamahi_A_07_Far.001
1.339071
-0.6946317
-2.902337
-625.769
233.4935
3119.599
1.0
FldObj_CliffOrange_A_07_Far
0.05999999
1.300002
0
-432.5303
115.6028
3923.506
1.0
FldObj_RockDislocation_D_05
-0.06001947
0.3241986
0.06309896
-223.204
170.5806
3096.614
0.8
ActorObserverTag
0
2.094395
0
-413.1092
141.1013
3377.869
1.0
ActorObserverTag
2.765151E-08
-0.6799994
1.242662E-08
-884.9016
255.3888
3570.777
1.0
Item_Fruit_G
-0.5599999
0.48
0
-65.44089
117.8305
3699.092
1.0
FldObj_ScaffoldWood_B_01_Far
0
-2.36
0
-400.875
130.9078
3137.348
1.0
FldObj_CliffWhiteEdgeParts_A_03_Far
2.994557
-0.905555
-3.119223
-46.56097
121.1568
3309.788
1.0
LinkTagPulse
0
2.123185
0
-924.0256
215.4819
3435.529
0.25
FldObj_CliffWhiteParts_A_06.003
-0.3399999
0
0
-581.9355
147.0486
3718.595
1.2
FldObj_CliffWhite_A_S_01.001
-3.034695
0.6571288
2.993425
-409.5848
172.8251
3736.805
1.0
LinkTagAnd
-0.1221247
-0.02570083
-0.4143626
-930.1835
247.5553
3453.934
1.0
LinkTagOr
2.79549
-0.5778847
-3.093833
-216.9526
173.0453
3354.197
1.0
FldObj_CliffWhiteParts_A_02.005
2.869345
0.9772561
3.05559
-2.678467
77.39873
3040.523
1.0
ActorObserverTag
0
2.094395
0
-415.1639
141.0777
3374.317
1.0
FldObj_RockBeach_A_L_01_Far.001
3.059269
-0.4437846
3.082712
-199.2222
101.9534
3833.822
1.0
Area
2.765151E-08
-0.6799994
1.242662E-08
-884.5054
254.2388
3571.162
0.1
FldObj_CliffWhiteWall_A_02.005
-0.9864045
-0.1179246
0.1083897
-204.0306
160.0741
3123.368
1.0
FldObj_CliffWhite_A_S_01_Far.001
-3.009939
0.2235861
-2.862705
-203.239
127.3268
3520.981
0.9
YabusameTarget
0
-0.6199933
0
-350.433
137.494
3259.212
1.0
FldObj_CliffWhiteLumpRock_A_01.012
3.114823
1.431569
-2.201842
-595.8504
229.8889
3324.284
1.0
LinkTagOr
0
0
0
-22.27878
111.1356
3044.369
1.0
Item_Fruit_G
-0.5599999
0.76
0
-101.0586
117.7922
3834.146
1.0
FldObj_KorokStone_A_01.001
0
0
0
-43.3165
115.4804
3007.589
1.0
Area
0
3.120001
0
-373.8125
131.9978
3525.184
2
Obj_RockSetGray_A_L_01.007
1.042642
-0.4508006
-1.321871
-732.9022
153.5647
3907.018
1.0
FldObj_CliffWhiteParts_A_01.003
0
-2.319999
0
-16.17252
95.56777
3280.703
1.0
FldObj_CliffWhiteWall_A_02.006
-0.4275388
1.376734
0.5903075
-527.0399
183.828
3574.641
1.0
FldObj_CliffWhiteWall_A_02_Far.007
-0.16
1.554815E-08
0
-143.7814
174.5206
3036.768
1.0
KorokAnswerResponce
0
2.094395
0
-411.5428
142.1425
3380.587
0.5
YabusameTarget
0
-2.66
0
-95.56433
120.9019
3250.202
0.75
LinkTagAnd
0
-3.141593
0
-96.33377
146.7988
3129.563
1.0
Item_Fruit_G
2.581593
1.18
3.141593
-88.24649
117.8295
3734.155
1.0
FldObj_CliffWhiteWall_A_02_Far.008
-0.9864045
-0.1179246
0.1083897
-204.0306
160.0741
3123.368
1.0
PlayerOnScaffoldCheckTag
0
1.32
0
-322.2135
130.2272
3572.281
1.0
LinkTagOr
0
1.761593
0
-657.8606
190.1206
3851.347
1.0
Area
0
-0.8456048
0
-985.2891
338.5
3564.992
25
Enemy_Bokoblin_Middle
0
-0.5999998
0
-484.7373
195.2731
3674.426
1.0
FldObj_CliffWhiteWall_A_03_Far.004
2.964195
0.1709449
3.067945
-128.9125
152.4345
3114.054
1.0
FldObj_FlagChallengeGoal_A
0
-0.8799998
0
-2.486389
106.8126
3172.897
1.0
LinkTagAnd
0
0
0
-43.3165
119.4804
3007.589
1.0
LinkTagNAnd
0
2.999999
0
-202.7123
159.3299
3367.776
1.0
LinkTagOr
0.08730441
-0.0004854667
0.01111406
-874.2552
251.9086
3568.19
1.0
Npc_HiddenKorokGround
0
-3.141593
0
-135.8379
105.9709
3802.004
1.0
LinkTagAnd
0.401801
0.3952591
-0.9283425
-148.9599
144.2865
3066.903
1.0
FldObj_CliffWhiteWall_A_01.005
0.6277659
-1.252516
-1.189072
-680.4612
247.2113
3488.98
1.0
Obj_LiftRockWhite_Korok_A_01.001
0
0
0
-127.7192
105.6847
3803.004
1.0
FldObj_CliffWhiteEdgeParts_A_04_Far
-0.2254562
0.4560747
-0.1453852
-67.8587
115.0137
3242.631
1.0
FldObj_CliffOrangeWallEnd_A_34
0
-1.56
0
-483.6934
211.2682
4069.77
1.086999
LinkTagAnd
0
0.2
0
-151.41
145.8865
3067.4
1.0
Obj_Plant_Korok_A_01.004
0
-0.1415933
0
-210.1739
145.2111
3399.513
1.0
FldObj_RockOrangeBridge_A_01
-0.009676656
0.1597096
-0.1807744
-1086.447
328.2296
3578.378
1.0
Obj_KorokPlate_A_01.004
0
2.094395
0
-417.2381
137.8292
3370.718
1.0
FldObj_CliffWhiteLumpRock_A_01.013
-2.016003
1.423979
-1.334671
-489.4651
159.5378
3341.449
1.0
FldObj_CliffWhiteWall_A_02.007
0
1.16
0
-94.38235
179.1339
3002.613
1.0
FldObj_CliffOrangeWallEnd_A_15
-3.101593
-0.2015926
-3.141592
-727.9501
197.177
3977.086
1.071747
WallCrack
3.011357
1.252226
-3.005285
-922.9893
210.9892
3416.697
1.0
FldObj_CliffWhite_A_03_Far.002
0.1020395
-0.4113077
-0.2628131
-263.4961
116.6871
3317.426
1.0
Enemy_Bokoblin_Junior
0
-0.5999998
0
-638.3788
235.7198
3065.009
1.0
YabusameTarget
0
-3.119999
0
-193.3089
151.6146
3278.992
0.75
ActorObserverTag
0
0
0
-126.7192
108.3613
3803.004
1.0
LinkTagAnd
0
0
0
-131.3235
109.0153
3077.709
5
LinkTagPulse
0.2613613
0.01973891
-0.1499098
-353.7142
183.3013
3898.996
0.25
ActorObserverTag
0
0
0
-93.61502
145.4238
3126.79
1.0
LinkTagOr
-1.06503
0.2179433
0.4176743
-875.2052
247.4149
3567.797
1.0
LinkTagOr
0
-1.38
0
-657.007
187.6206
3855.765
1.0
Obj_LiftRockGerudo_A_01
0
2.123185
0
-923.501
214.4819
3436.38
1.0
FldObj_CliffWhiteWall_A_06
0
-0.4399998
0
-107.7746
179.5787
3042.826
1.0
FldObj_KorokGoal_A_01.001
0
0.74
0
-387.5938
150.9809
3151.553
1.0
Area
0.2613613
0.01973891
-0.1499098
-354.7027
183.4507
3899.016
3
Enemy_Bokoblin_Middle
0
1.879997
0
-412.6929
174.596
3802.27
1.0
FldObj_CliffWhiteTop_A_01
0
0
0
-224.4397
134.1265
3343.953
1.1
FldObj_CliffWhiteWall_A_03.004
-0.6129333
-0.8322378
0.2437669
-924.5569
231.1332
3032.265
1.0
FldObj_CliffWhiteWall_A_02_Far.009
-0.4813451
-0.8634651
-0.06740484
-768.2711
245.2963
3167.855
1.0
KorokAnswerResponce
0
-1.38
0
-661.28
185.6206
3849.461
1.0
YabusameTarget
0
0.7599998
0
-372.1901
134.4498
3358.387
1.0
FldObj_CliffGashamahi_A_07.001
1.339071
-0.6946317
-2.902337
-625.769
233.4935
3119.599
1.0
FldObj_CliffWhiteWall_A_02.008
1.918155
1.101063
2.902173
-585.4227
219.703
3512.711
1.0
FldObj_KorokStoneLift_A_01.001
-0.1478309
0.003119667
-0.004052663
-41.2662
96.67651
3054.031
1.0
FldObj_CliffOrangeTop_A_02.002
-2.936528
0.02355291
-3.046182
-1001.411
322.0283
3511.902
1.0
LinkTagNone
0
0
0
-638.3788
235.7198
3065.009
1.0
FldObj_CliffWhite_A_03_Far.003
2.350035
-1.133512
-2.535429
-211.0938
114.8176
3296.595
0.9
FldObj_CliffWhiteParts_A_06.004
3.048271
-0.5023825
2.84389
-70.41016
72.09312
3036.885
1.0
YabusameTarget
0
-0.7599993
0
-258.3139
126.6096
3220.414
0.75
LinkTagOr
0
-1.38
0
-602.1456
172.5907
3845.595
1.0
LinkTagAnd
0
0
0
-985.2891
338.5
3564.992
1.0
LinkTagNone
0
0
0
-60.6636
107.5985
3878.319
1.0
Obj_TreePalmBeach_A_02.008
0
-0.6151388
0
-138.1969
105.9902
3815.494
1.0
FldObj_CliffWhiteEdgeParts_A_03
2.994557
-0.905555
-3.119223
-46.56097
121.1568
3309.788
1.0
YabusameTarget
0
-1.119999
0
-61.94604
114.7106
3228.119
0.5
FldObj_CliffWhiteWall_A_02.009
-2.977659
-1.393124
2.561129
-692.3105
272.3821
3410.271
1.0
Enemy_Lizalfos_Middle
0
3.021591
0
-395.5053
144.5995
3123.945
1.0
LinkTagNone
0
0
0
-422.2148
174.524
3802.208
1.0
LinkTagAnd
0
2.999999
0
-204.6923
159.3299
3367.493
1.0
Area
0
2.123185
0
-923.501
215.482
3436.38
3
FldObj_RockBeachWall_A_02_Far.002
-0.1284772
0.4812531
0.0219692
-304.1275
113.6522
3900.581
1.0
LinkTagAnd
0
0
0
-43.3165
118.4804
3007.589
1.0
Npc_HiddenKorokGround
0
-0.1415935
0
-227.2847
176.7279
3342.734
1.0
YabusameTarget
0
-1.02
0
-71.18936
114.5071
3213.587
0.5
FldObj_RockDislocation_D_01_Far
-0.09160189
1.11835
-0.08242896
-226.0336
168.2835
3061.145
1.0
LinkTagNone
0
0
0
-634.3506
245.5041
3456.79
1.0
FldObj_CliffWhiteParts_A_06_Far.004
-0.3054263
0.8192035
0.09585294
-616.7362
137.245
3739.846
1.0
LinkTagNone
0
0
0
-484.7373
195.2731
3674.426
1.0
YabusameTarget
0
-0.2199993
0
-307.6185
134.5123
3204.124
0.75
YabusameTarget
0
-0.1568157
0
-134.9322
132.8046
3220.003
0.75
Obj_TreeBaobab_A_02.005
0
1.861593
0
-578.7609
156.4694
3885.361
1.0
Area
2.911352
-0.6017283
3.140181
-276.5706
155.0633
3316.742
0.7
FldObj_CliffWhiteEdgeParts_A_04
-0.2254562
0.4560747
-0.1453852
-67.8587
115.0137
3242.631
1.0
FldObj_CliffWhiteLumpRock_A_01.014
1.400207
1.303463
2.284433
-527.7308
185.3816
3307.191
1.0
LinkTagOr
0
2.123185
0
-923.7635
217.0819
3435.955
1.0