UnitConfigName/__text
Rotate/value/0
Rotate/value/1
Rotate/value/2
Translate/value/0
Translate/value/1
Translate/value/2
_Scale
FldObj_CliffGashamahi_A_01
-2.500996
-1.329257
1.074704
935.7004
123.1873
-1010.097
1.0
LinkTagAnd
0
0
0
751.3483
280.7969
-1934.593
1.0
FldObj_RockDislocation_B_05_Far
0
-0.7199998
0
838.6353
195.5022
-1365.621
1.0
Area
0
0
0
883.8369
339.2289
-1599.362
2
LinkTagAnd
0
0
0
398.2904
126.2466
-1167.307
1.0
FldObj_RockDislocation_D_03
0.9342725
0.6374168
1.664537
332.9662
146.5877
-1273.115
1.0
FldObj_SignboardStone_A_01
0
0.68
0
85.5
280.6
-1841.1
1.0
FldObj_RockDislocation_D_01
0.7757811
1.002645
1.042978
962.6611
192.7581
-1419.392
1.0
FldObj_SignboardWood_A_01
0
-2.141592
0
468.1968
249.7223
-2098.584
1.0
Area
0
0
0
318
398.5
-1979
1.0
FldObj_CliffCheeseWall_A_02
0.2040888
-0.2380544
0.118749
757
252.5
-1810
1.0
Area
0
-0.8472663
0
875.5
381.5
-1977
1.0
FldObj_CliffCheeseRock_A_01
0.3013989
0.02998552
-0.2435442
646.5
260
-1778.5
1.0
LinkTagAnd
0
0
0
367.9264
127.8803
-1165.575
1.0
EnemyLookTag
0
0
0
779.441
202.8221
-1397.428
1.0
FldObj_RockDislocation_D_03.001
1.845831
1.142586
1.951857
231.1019
170.7638
-1343.75
1.0
TBox_Field_Iron_GodTree
0
0.2792527
0
63.90002
282.7218
-1907.8
1.0
Area
0
-0.56
0
889.0621
303.6172
-1602.728
2.75
Obj_TreeBroadleafRoot_B_L_01
3.141593
-1.021593
2.961593
984.0869
172.3507
-1320.883
1.0
FldObj_SkullRockBroken_A_01_Far
-0.08542423
-0.90488
0.4795021
882.4506
351.7294
-1608.738
1.0
FldObj_CliffCheeseWall_A_02.001
-0.4648205
1.043131
-0.1610404
637
251
-1734.5
1.0
DgnObj_EntranceElevatorSP
0
0.8028514
0
17.72519
281.4001
-1944.399
1.0
Obj_TreeBroadleafRoot_B_L_01.001
0
2.273204
0
325.6348
284.9148
-1994.173
1.0
Area
0
-0.08726646
0
666.5
380
-2004
1.0
FldObj_CliffGashamahi_A_05
-1.495528
0.8374901
0.1094019
602.4905
102.6573
-1058.051
1.0
FldObj_CliffCheeseWall_A_01
-0.3361796
0.881673
0.1123084
391.5
271
-1702
1.0
LinkTagAnd
0
0
0
717.5288
287.7239
-1847.761
1.0
Area
0
0
0
-63.5
410
-1873.5
1.0
Obj_TreeApple_A_M_01
0
0
0
881.7689
200.9448
-1371.634
1.0
FldObj_RockDislocation_B_01
0.5568461
-1.253849
-0.5748805
715.6062
142.2112
-1266.449
1.0
Item_Fruit_A
0
0
0
500.81
128.4973
-1075.47
1.0
FldObj_RockDislocation_B_01.001
2.040837
-0.9618527
-1.710469
741.979
173.5919
-1316.144
1.0
FldObj_CliffWhite_A_01
0
2.821594
0
477.6969
262.8283
-1936.431
1.0
FldObj_CliffWhite_A_03
0.26
-0.76
0
504.4475
263.0467
-2008.794
1.0
FldObj_CliffGashamahi_A_04_Far
1.818033
0.469937
-3.140072
827.1834
109.8373
-1047.367
1.0
LinkTagAnd
0
2.42
0
912.5083
122.3147
-1208.497
1.0
Area
0
-0.14
0
83.30002
281.5
-1843.4
1.0
EventTag
0
-0.08726646
0
750
283
-1937.5
1.0
TwnObj_BrownStoneRuinArch_A_02_Far
0
1.44353
0
876.377
280.0675
-1895.4
1.0
Item_Fruit_A
0
0
0
510.8
221.3979
-1418.2
1.0
DgnObj_DungeonEntranceSP
0
0.8028514
0
17.72519
280.4
-1944.399
1.0
FldObj_RockDislocation_D_03.002
1.67218
-1.291159
-1.703821
771.5711
220.5934
-1515.974
1.0
Area
0
0
0
381.5
611
-1955
1.0
Obj_Mineral_B_01
-0.1
1.520003
0
971.0712
250.651
-1547.161
1.0
TwnObj_BrownStoneRuinArch_A_02
0
1.44353
0
876.377
280.0675
-1895.4
1.0
FldObj_EnemyLookout_C_01
1.272262
-0.4073359
0.1825315
967.4885
257.2338
-1569.392
1.0
FldObj_RockDislocation_D_03_Far
1.67218
-1.291159
-1.703821
771.5711
220.5934
-1515.974
1.0
FldObj_MapTowerStairWood_A_01
0
-0.56
0
884.0704
302
-1605.742
1.0
Item_CookSet
0
2.96
0
909.2481
122.3078
-1210.094
1.0
EventTag
0
-0.8
0
78.96585
313.5309
-1839.86
1.0
TBox_Field_Iron
0
1.819997
0
366.4407
128.131
-1165.957
1.0
LinkTagAnd
0
1.56159
0
883.9685
330
-1616.735
1.0
EventTag
0
0
0
404
510.5
-1830.5
1.0
FldObj_CliffCheeseRock_A_01.001
-0.04397812
-0.2389116
0.05094014
283.5
260
-1708
1.0
FldObj_RockDislocation_D_01_Far
2.407861
1.308225
2.168576
200.4776
130.54
-1276.695
1.0
FldObj_CliffCheeseRock_A_01_Far
0.5562261
-0.2189305
0.05003967
540
267.5
-1736.5
1.0
ActorObserverTag
0
-0.6907964
0
44.60001
286.3
-1904.5
1.0
FldObj_CliffGashamahi_A_04
1.819922
-0.006475526
-3.122603
748.0654
109.3621
-1061.216
1.0
FldObj_CliffCheeseWall_A_01_Far
-0.5600109
0.8843703
-0.1188351
689
267
-1790.5
1.0
Area
0
0
0
32
410
-1837
1.0
FldObj_RockDislocation_B_01.002
0.646467
-0.5522642
-0.1739054
777.6317
145.3163
-1265.31
1.2
LookTag
0
0.8028514
0
24.91858
280.4
-1937.452
1.0
Area
0
0
0
261.5
383.5
-1842.5
1.0
FldObj_CliffCheeseRock_A_01_Far.001
0.9940374
-1.175688
-0.9987165
357.5
260.5
-1705.5
1.0
FldObj_CliffDeathMt_C_05
-3.136039
-0.2409531
3.059926
907.4136
244.1678
-1743.744
1.0
FldObj_CliffDeathMt_D_06_Far
0.8526254
-1.11665
-0.9554879
967.7527
224.2747
-1763.207
1.0
FldObj_RockDislocation_B_02_Far
0.92
-0.32
0
783.2979
146.6473
-1283.483
1.2
Item_Fruit_A
0
0
0
513
220.3479
-1419.6
1.0
Enemy_Bokoblin_Bone_Junior_AllDay
0.237961
-0.8019918
0.02392835
97.23962
282.0498
-1823.729
1.0
LinkTagOr
-1.570796
0
0
581.6517
120.5452
-1102.309
1.0
FldObj_RockDislocation_D_03_Far.001
1.845831
1.142586
1.951857
231.1019
170.7638
-1343.75
1.0
FldObj_RockDislocation_D_01.001
1.973677
1.29949
2.018122
558.4716
230.0163
-1453.42
1.0
LinkTagNAnd
0
0
0
67
285.7
-1895.7
1.0
FldObj_CliffWhiteWall_A_03
1.926665
0.2251093
3.042278
20.58939
241.1382
-1557.238
1.0
LinkTagAnd
0
-0.56
0
893.3901
302
-1599.899
1.0
FldObj_CliffCheeseRock_A_01_Far.002
3.064321
-0.002456645
-3.101172
854
272
-1823
1.0
EnemyLookTag
0
1.561592
0
708.5605
241.399
-1557.111
1.0
FldObj_RockDislocation_D_06
2.411062
0.614027
2.752331
205.5253
126.2565
-1276.979
1.0
Item_Fruit_A
0
0
0
881.8002
206.7448
-1368.917
1.0
DestinationAnchor
0
-0.7853982
0
255.3
294
-1983.6
1.0
Npc_Attacked_011
0
-0.1761971
0
649.7813
143.6455
-1245.892
1.0
FldObj_CliffCheeseWall_A_01.001
-0.2719271
-0.4260637
-0.0019242
77.5
280.5
-1742
1.0
LinkTagAnd
0
0
0
811.7331
196.5
-1460.955
1.0
Area
0
0
0
878.415
339.2445
-1608.838
2
FldObj_RockDislocation_D_04_Far
2.074801
0.7346628
2.338932
337.7399
226.8307
-1475.536
1.0
Area
0
0
0
191.2141
400
-1716.546
1.0
Obj_TreeBroadleafRoot_B_L_01.002
0
1.667438
0
377.7371
286.4706
-1974.77
1.0
Area
0
0
0
-100.8359
405.6097
-1849.648
1.0
Item_Fruit_A
0
0
0
514.1
219.9979
-1414.45
1.0
FldObj_MountainLakeHylia_A_01_Far
2.895628
-0.08849308
-3.107126
475.8008
203.4187
-1544.75
1.0
LinkTagNone
0
0
0
936.2
261.0063
-1631.8
1.0
TwnObj_HyruleCastleGround_Cliff_A_01_Far
3.101593
-0.4415936
3.141593
151.8937
127.842
-1071.613
1.0
Area
0
0
0
70
394.5
-1810
1.0
Item_Fruit_A
0
1.396263
0
499.75
128.9723
-1075.5
1.0
DgnObj_WarpPoint_A_01
0
0
0
883.884
350.1865
-1596.71
1.0
FldObj_CliffWhiteLumpRock_A_01
-0.5694162
0.06852221
0.08810822
931.9857
204.4519
-1474.012
1.0
FldObj_RockDislocation_D_02_Far
2.348181
0.9655374
2.521947
288.2874
230.4424
-1479.954
1.0
Area
0
-0.08726646
0
728
380
-1812.5
1.0
FldObj_RockDislocation_B_01.003
0.2064465
-0.8930796
-0.1069002
776.6786
197.7498
-1380.034
1.0
FldObj_CliffCheeseRock_A_01.002
0.01492353
-0.2227038
-0.2164408
627.5
268
-1765
1.0
FldObj_CliffDeathMt_D_06_Far.001
0
-0.6584071
0
961.3856
241.5253
-1798.461
1.0
LinkTagAnd
0
1.845398
0
76.79999
289.9
-1854
1.0
FldObj_RockDislocation_B_01_Far
2.040837
-0.9618527
-1.710469
741.979
173.5919
-1316.144
1.0
FldObj_CliffWhite_A_03.001
-0.05999999
0.8800001
0
533.9264
269.1527
-1913.613
1.0
LinkTagAnd
0
0
0
17.60001
280.4
-1942.9
1.0
Item_Fruit_A
0
0
0
453.0313
135.551
-1056.283
1.0
Obj_RaftWood_A_S_02
0
-1.134464
0
86.44522
278.8144
-1874.187
1.0
Obj_TreeApple_A_M_01.001
0
0
0
533
122.3739
-1110
1.0
FldObj_CliffCheeseWall_A_01_Far.001
-0.3016543
-0.2618487
0.06280299
877.5
280
-1816.5
1.0
Area
0
-0.08726646
0
610
380
-1966.5
1.0
FldObj_CliffCheeseWall_A_02.002
-0.0531262
0.2782798
0.0563094
345.5
229
-1676.5
1.0
FldObj_RockDislocation_D_04_Far.001
2.4232
-0.05291901
-3.084071
280.3116
165.0215
-1330.345
1.0
Area
0
2.42
0
913.3318
129.3041
-1218.535
2
LinkTagOr
0
0
0
582.6517
120.5452
-1102.309
1.0
FldObj_CliffCheeseWall_A_01_Far.002
-0.5157797
0.3264986
-0.1470331
569
272.5
-1733
1.0
FldObj_CliffCheeseRock_A_01.003
-0.01289439
0.7549013
-0.07760668
551
271.5
-1740
1.0
FldObj_ForestCandle_01
0
-0.08726646
0
865.1305
280.8504
-1896.29
1.0
FldObj_CliffDeathMt_C_05.001
0
-0.7600001
0
979.3647
260.6795
-1701.475
1.0
LinkTagOr
0
0
0
892.8055
281.179
-1895.642
1.0
LinkTagXOr
0
0
0
77.10001
284.4
-1854.6
1.0
LinkTagAnd
2.920995
-0.4926949
3.028278
1009.101
272.6066
-1563.773
1.0
Area
0
0
0
363.5
611
-1813.5
1.0
DgnObj_EntranceTerminalSP
0
0.2792526
0
23.43054
281.4001
-1941.669
1.0
FldObj_CliffWhiteLumpRock_A_01.001
-0.2684053
-0.006175809
0.1148289
878.5315
211.0886
-1513.064
1.0
Enemy_Bokoblin_Middle
0
0
0
781.3399
194.6861
-1405.766
1.0
FldObj_CliffCheeseRock_A_01_Far.003
2.351969
-1.065197
-2.229338
233.5
265.5
-1726.5
1.0
FldObj_RockDislocation_D_01_Far.001
3.046736
-0.9331341
-2.70615
760.4822
235.1975
-1616.609
1.0
LinkTagPulse
2.920995
-0.4926949
3.028278
1007.447
271.2235
-1563.372
0.25
EnemyLookTag
0
0
0
833.172
220.0577
-1521.214
1.0
LinkTagNone
0
0
0
712.0526
241.3159
-1556.645
1.0
Obj_BoardWood_Square_01
0
-1.54
0
367.161
127.6267
-1165.467
1.0
Area
0
0
0
193
410
-1746
1.0
FldObj_CliffCheeseRock_A_01_Far.004
-2.969371
-1.318884
3.015231
672
263.5
-1786
1.0
EnemyLookTag
0
0
0
811
218.4766
-1521
1.0
EnemyLookTag
0
0
0
908.1763
216.3294
-1506.074
1.0
ActorObserverTag
0
0
0
589.499
120.4821
-1107.403
1.0
Area
0
1.56159
0
883.8229
331.6172
-1611.566
2.75
LinkTagAnd
0
0
0
194.959
296.2394
-1851.238
1.0
Area
0
0
0
618.5
400
-1703.5
1.0
Enemy_Bokoblin_Middle
0
-1.579992
0
980.9
259.5253
-1560.8
1.0
WarpTag
0
3.054327
0
887.25
282.6548
-1894.448
1.0
FldObj_RockDislocation_D_06.001
2.995877
0.1026564
-3.124181
393.9792
201.9494
-1443.556
1.0
LinkTagAnd
0
0
0
723
293.5
-1918.5
1.0
FldObj_DownloadTerminalBody_A_01
0
0
0
883.8843
350.2162
-1605.71
1.0
LinkTagAnd
0
0
0
820.6359
400
-1816.439
1.0
Area
0
0
0
75.5
410
-1781
1.0
Enemy_Moriblin_Middle
0
-0.3800002
0
968.0779
253.2242
-1492.495
1.0
FldObj_RockDislocation_D_04
-2.846018
-1.127127
-2.946048
738.2721
225.1594
-1659.971
1.0
LinkTagAnd
0
0
0
371.2211
129.1814
-1161.904
1.0
Obj_TreeApple_A_M_01.002
0
0
0
453
129.751
-1059
1.0
Area
0
0
0
213.5
390.5
-1768.5
1.0
FldObj_CliffCheeseWall_A_02.003
-0.1673094
-0.3402732
0.02706734
31.5
258.5
-1792.5
1.0
Item_Fruit_A
0
0
0
533.0313
128.1739
-1107.283
1.0
LinkTagAnd
0.3367404
0.602383
0.6926668
919.1204
220.8217
-1474.705
1.0
LinkTagAnd
0
0
0
883.3296
350.1864
-1603.82
0.5
FldObj_CliffGashamahi_A_03
3.061574
1.220423
-1.655967
889.9185
126.5088
-1009.427
1.0
LinkTagAnd
0
0
0
589.749
121.4821
-1107.153
1.0
FldObj_CliffCheeseWall_A_01.002
-0.1570726
-0.09055836
-0.05924373
197
278.5
-1725.5
1.0
Weapon_Sword_002
-1.955598
-0.09667674
-0.1004707
904.8698
122.4968
-1220.108
1.0
FldObj_CliffWhiteLumpRock_A_01.002
0.2322875
1.123498
0.8588496
848.5134
201.4548
-1484.313
1.0
FldObj_CliffGashamahi_A_03_Far
-1.663185
1.28
0
898.7163
111.8612
-1057.642
1.0
FldObj_RockDislocation_B_01.004
0.4740956
0.7225942
0.8773355
679.7843
147.9534
-1294.263
1.2
LinkTagAnd
0
0
0
363.0696
129.2361
-1168.828
1.0
Area
0
0
0
590.049
119.3321
-1106.853
0.1
LocationTag
0
0
0
704
144
-1251.5
1.0
BeeHome
0
0.1199984
0
916.9362
125.5517
-1210.636
1.0
FldObj_CliffWhite_A_04_Far
0
0
0
891.3913
275.96
-1924.255
1.0
LinkTagOr
0
0
0
498.4006
125.9323
-1071.528
1.0
FldObj_CliffGashamahi_A_04.001
-1.733441
-0.1095669
0.1504175
672.8826
121.8405
-1037.468
1.0
FldObj_PushRockIron_A_M_01
0
-0.02759557
0
176.0371
283.7592
-1816.641
0.8
FldObj_CliffCheeseRock_A_01.004
-0.2007682
-1.354927
0.2367553
447
261.5
-1742
1.0
Item_Fruit_A
0
0
0
511.85
220.2479
-1418.05
1.0
LinkTagOr
0
0
0
25.5
288
-1942
1.0
Enemy_AirOctarock
0
-2.325398
0
363.0696
129.2361
-1168.828
1.0
Area
0
-0.08726646
0
808
381.5
-2014.5
1.0
Area
0
-0.08726646
0
836.7432
381.5
-1989.07
1.0
SwitchTimeLag
-1.570796
0
0
589.749
122.4821
-1107.153
0.5
Enemy_Bokoblin_Middle
0
-0.5999998
0
399.5
215.8131
-1440.5
1.0
Enemy_Bokoblin_Middle
0
-0.7599999
0
925.4553
221.0739
-1479.717
1.0
FldObj_SkullRockBroken_A_01
-0.08542423
-0.90488
0.4795021
882.4506
351.7294
-1608.738
1.0
KorokAnswerResponce
0
0
0
583.6517
116.4827
-1102.309
1.0
LinkTagAnd
0
-2.623185
0
874.3322
330
-1600.23
1.0
Obj_KorokPot_A_01
0
1.8
0
866.654
210.2214
-1361.848
1.0
FldObj_MapTowerStairWood_A_01.001
0
1.56159
0
883.8672
330
-1605.735
1.0
LinkTagNone
0
0
0
833.172
220.0577
-1521.214
1.0
FldObj_RockDislocation_D_01.002
1.41291
-0.6969155
-0.8786337
883.1272
257.4721
-1570.029
1.1
Area
0
0
0
873.5
400
-1799.5
1.0
LinkTagOr
0
-2.04
0
478.7266
285.1147
-2042.34
1.0
FldObj_CliffGashamahi_A_04.002
-1.66036
-0.9673913
0.2961483
676.4691
110.0108
-1086.95
1.0
FldObj_RockDislocation_B_01_Far.001
0.2064465
-0.8930796
-0.1069002
776.6786
197.7498
-1380.034
1.0
LinkTagAnd
0
0
0
888.5
400
-1979.5
1.0
LinkTagAnd
0
0
0
82.26102
312.1844
-1842.403
1.0
Area
0
0
0
883.8843
310.571
-1605.71
1.0
Area
0
1.347335
0
17.60001
280.4
-1942.9
25
DgnObj_EntranceShutterSP
0
0.8028514
0
20.45868
281.4001
-1941.759
1.0
LinkTagAnd
0
-0.56
0
893.3901
302
-1599.899
1.0
LinkTagAnd
0
0
0
367.161
130.6267
-1165.467
1.0
Area
0
0
0
181.5
412.5
-1988.5
1.0
FldObj_KorokStone_A_01
0
0
0
589.749
118.4821
-1107.153
1.0
LinkTagAnd
0
0
0
873.5
400
-1799.5
1.0
FldObj_PushRockIron_A_M_01.001
0
-1.954769
0
206.8122
288.7206
-1837.958
0.8
Area
0
0
0
160.5
395
-1847
1.0
FldObj_RockDislocation_D_01.003
-2.32829
1.028956
-2.585196
715.7558
236.4532
-1561.592
1.0
TwnObj_HyruleCastleGround_Cliff_A_01_Far.001
2.98423
-1.122437
3.116825
107.2191
127.3554
-1016.064
1.0
EventTag
0
0
0
86.06573
295.7583
-1833.397
1.0
Item_Fruit_A
0
1.396263
0
453.75
132.791
-1059.5
1.0
Enemy_Guardian_A_Fixed_Moss
0.3479571
0.7360576
0.4953347
834.1942
261.6858
-1610.63
1.0
LinkTagAnd
0
0
0
20.5
302.8
-1928.9
1.0
LinkTagOr
0
0
0
532.4006
122.3739
-1106.528
1.0
Obj_TreeApple_A_M_01.003
0
0.1199984
0
918.8025
122.2939
-1211.081
1.0
Area
0
0.04
0
-109.3713
400
-1952.172
1.0
FldObj_RockDislocation_B_01.005
-0.1067507
-0.8858687
0.9510019
680.3751
151.0094
-1360.856
1.2
Area
0
0
0
164.5
379
-1764.5
1.0
FldObj_CliffGashamahi_A_01_Far
-2.500996
-1.329257
1.074704
935.7004
123.1873
-1010.097
1.0
Item_Fruit_A
0
0
0
514.1
220.2479
-1413.5
1.0
Area
0
-0.08726646
0
531.437
380
-1872.618
1.0
Item_Fruit_A
0
0
0
499.0313
131.7323
-1072.283
1.0
LinkTagAnd
0
0
0
23.43054
281.4001
-1941.669
1.0
FldObj_ForestCandle_01.001
0
2.268928
0
739.1
281.7738
-1931.6
1.0
FldObj_SkullRock_A_01
1.474401
1.289445
1.665127
903.1851
186.0879
-1398.281
1.0
LinkTagAnd
0
1.560004
0
883.9075
302
-1616.697
1.0
FldObj_CliffGashamahi_A_04_Far.001
-2.478757
-0.2690229
0.0697109
786.5503
96.83025
-1064.229
1.0
LinkTagAnd
0
0
0
890.6024
350.1864
-1608.103
1.0
Area
0
-0.5999998
0
-23
400
-1803
1.0
FldObj_CliffCheeseWall_A_01_Far.003
3.1371
0.6810862
3.107449
889.5
280.5
-1974
1.0
FldObj_CliffGashamahi_A_03.001
1.940376
-0.651205
2.572223
1010.274
109.7964
-986.919
1.0
LinkTagAnd
0
0.8028514
0
21.40775
281.4
-1941.071
1.0
FldObj_CliffWhite_A_01.001
0
2.3
0
947.3531
259.2758
-1896.315
1.0
LinkTagNAnd
0
0
0
62.89999
286.5
-1899.8
1.0
DestinationAnchor
0
1.48353
0
882.5
280.4008
-1895
1.0
LinkTagAnd
0
0
0
887.25
282.6548
-1894.448
1.0
LinkTagNone
0
0
0
908.1763
216.3294
-1506.074
1.0
FldObj_CliffWhite_A_05_Far
-0.26
0
0
437.2041
262.743
-1984.103
1.0
WarpTag
0
-1.547267
0
751.3483
280.7969
-1934.593
1.0
Area
0
0
0
44
410
-1780
1.0
LinkTagOr
0
1.8
0
867.902
212.3152
-1362.652
1.0
LinkTagAnd
0
0
0
922.0286
276.0342
-1608.732
1.0
FldObj_CliffCheeseRock_A_01.005
-0.04379094
0.2206613
0.03093622
416.5
264.5
-1738.5
1.0
FldObj_RockDislocation_D_01.004
0.8564541
-0.1026072
-0.3788186
934.4303
223.5451
-1482.122
0.9
Area
0
0
0
398.2904
126.2466
-1167.307
16
FldObj_CliffCheeseWall_A_01_Far.004
-0.3361796
0.881673
0.1123084
391.5
271
-1702
1.0
FldObj_MapTowerStairWood_A_01_Far
0
-0.56
0
884.0704
302
-1605.742
1.0
LinkTagOr
0
0
0
91.38129
301.2045
-1827.089
1.0
LinkTagAnd
0
0
0
883.3296
350.1864
-1603.82
0.5
FldObj_EnemyLookout_C_01.001
0
-0.334297
0
949.1
237.633
-1648.4
1.0
Area
0
0
0
272
405.6097
-1709.5
1.0
FldObj_CliffCheeseRock_A_01_Far.005
0.3013989
0.02998552
-0.2435442
646.5
260
-1778.5
1.0
FldObj_CliffWhite_A_01_Far
0
2.3
0
947.3531
259.2758
-1896.315
1.0
Obj_TreeApple_A_M_01.004
0
0
0
499
125.9323
-1075
1.0
LinkTagAnd
0
0
0
651.25
148.6455
-1242.039
2
FldObj_CliffGrayParts_A_07_Far
-0.8878341
0.2737949
0.3248216
228.9343
134.9062
-1058.245
1.0
LinkTagNone
0
0
0
916.9362
125.5517
-1210.636
1.0
Area
0
-0.08726646
0
810
381.5
-1864
1.0
FldObj_CliffCheeseRock_A_01.006
-3.086772
0.676807
-3.066711
708.5
260.5
-1819.5
1.0
Item_Fruit_A
0
0
0
515.9
220.5979
-1418.1
1.0
LinkTagNone
0
0
0
867.1055
256.7097
-1684.105
1.0
ActorObserverTag
0
0.8799999
0
87.48663
304.9563
-1843.317
1.0
FldObj_RockDislocation_D_06_Far
2.411062
0.614027
2.752331
205.5253
126.2565
-1276.979
1.0
FldObj_RockDislocation_B_01_Far.002
0.5176886
-0.09700084
-0.4447007
633.0563
143.2926
-1360.711
1.0
FldObj_CliffCheeseWall_A_02.004
-0.1534304
-0.1590084
0.1061809
311
247.5
-1682.5
1.0
Enemy_Bokoblin_Senior
0
0.7600076
0
867.1055
256.7097
-1684.105
1.0
Area
0
0
0
883.8843
351.0342
-1605.71
40
FldObj_RockDislocation_D_01_Far.002
1.973677
1.29949
2.018122
558.4716
230.0163
-1453.42
1.0
TwnObj_BrownStoneRuinWall_A_04
0
1.38353
0
859.4393
279.9956
-1888.608
1.0
FldObj_CliffCheeseWall_A_02.005
0.1405973
0.3153523
0.03187858
929.5
261.5
-1817
1.0
LinkTagOr
0
0
0
452.4006
129.751
-1055.528
1.0
FldObj_CliffGashamahi_A_01.001
-1.810511
0.3698592
-0.005142288
968.1279
125.7631
-965.3938
1.0
LocationTag
0
0
0
398.2904
126.2466
-1167.307
1.0
Item_Fruit_A
0
1.396263
0
533.75
125.4139
-1110.5
1.0
Item_Fruit_A
0
0
0
883.5789
203.5098
-1372.104
1.0
AnchorAction2
0
2.268928
0
684
143.324
-1257
1.0
LinkTagOr
0
0
0
892.8055
281.179
-1894.408
1.0
Area
0
0
0
240.5
410
-1752.5
1.0
Area
0
0
0
883.8843
349.2099
-1605.71
15
DestinationAnchor
0
-1.658062
0
744.8
281.8838
-1935.32
1.0
FldObj_RockDislocation_D_04_Far.002
-0.2546612
-0.6192979
0.3421528
281.9379
241.4366
-1526.625
1.0
FldObj_CliffGashamahi_A_01_Far.001
-1.82
0.6799999
0
696.3571
123.5818
-1055.227
1.0
FldObj_MapTowerStairWood_A_01_Far.001
0
2.62
0
883.8538
316
-1605.759
1.0
FldObj_RockDislocation_B_02
0.7184129
-0.6165407
-0.301873
713.9634
145.3036
-1286.446
1.2
FldObj_CliffCheeseRock_A_01.007
0.9940374
-1.175688
-0.9987165
357.5
260.5
-1705.5
1.0
Area
0
0
0
589.449
118.7321
-1106.853
0.1
LinkTagAnd
0
0
0
857.6342
400
-2025.098
1.0
FldObj_CliffWhite_A_05
-0.26
0
0
437.2041
262.743
-1984.103
1.0
LinkTagAnd
0
0
0
704
144
-1251.5
1.0
FldObj_CliffWhite_A_01_Far.001
0.1184817
-0.01907349
0.1588687
549.6175
273.7319
-1982.526
1.0
FldObj_RockDislocation_D_04.001
2.074801
0.7346628
2.338932
337.7399
226.8307
-1475.536
1.0
LinkTagNone
0
0
0
905.7144
122.5409
-1220.024
1.0
LinkTagNone
0
0
0
399.5
215.8131
-1440.5
1.0
LinkTagNone
0
0
0
779.441
202.8221
-1397.428
1.0
EventTag
0
0.2792526
0
23.43054
281.4
-1941.669
1.0
FldObj_RockDislocation_D_01_Far.003
2.589872
-0.8952646
-2.036916
911.882
205.2594
-1475.707
1.0
Area
0
0
0
479.6261
400
-1899.633
1.0
FldObj_CliffWhiteWall_A_03_Far
1.926665
0.2251093
3.042278
20.58939
241.1382
-1557.238
1.0
LinkTagNone
0
0
0
649.4384
142.6503
-1235.897
1.0
FldObj_RockDislocation_D_06_Far.001
0.3572676
-0.5204558
-0.229143
133.5978
184.6964
-1396.703
1.0
EnemyLookTag
0
-2.601593
0
869.9579
257.1804
-1681.087
1.0
TwnObj_BrownStoneRuinWall_A_01
1.302847
-1.487849
-1.303725
872.7094
281.3035
-1904.807
1.0
FldObj_CliffCheeseWall_A_01_Far.005
-0.1570726
-0.09055836
-0.05924373
197
278.5
-1725.5
1.0
FldObj_CliffCheeseWall_A_01.003
-3.128333
0.5210192
3.134067
914.8704
279.9063
-1961.253
1.0
EventTag
0
-0.84
0
472.7266
276.3413
-2042.34
1.0
Area
0
0
0
400.0526
400
-1766.429
1.0
Area
0
0
0
169
386.5
-1934
1.0
FldObj_RockDislocation_D_04_Far.003
0.1465704
-0.8104025
-0.3783725
337.9775
150.1466
-1277.786
1.0
FldObj_ScaffoldWood_A_01
0
0.1600016
0
965.4265
217.6877
-1495.252
1.0
EventTag
0
-0.7215923
0
916.4028
142.2884
-1208.662
1.0
Enemy_Lizalfos_Middle
0
2.84
0
714.1914
239.8751
-1546.914
1.0
FldObj_RockDislocation_D_06_Far.002
2.995877
0.1026564
-3.124181
393.9792
201.9494
-1443.556
1.0
AnchorAction1
0
0
0
653.5
143.6851
-1238.5
1.0
LinkTagNone
0
0
0
25.5
288
-1934.5
1.0
FldObj_RockDislocation_D_05
-2.821512
0.1040293
-2.79611
797.5587
238.5815
-1701.22
1.0
FldObj_RockDislocation_D_03_Far.002
0
1.819999
0
299.6659
246.5595
-1517.811
1.0
FldObj_CliffGashamahi_A_04_Far.002
-1.828294
0.2517913
-0.0655155
684.8877
96.38921
-1126.692
1.0
Weapon_Lsword_006
-0.09510369
1.176829
-0.01406203
929.7132
260.7633
-1671.972
1.0
LinkTagNAnd
0
0.8028514
0
19.61505
293.7659
-1944.141
1.0
LinkTagAnd
0
1.8
0
868.1296
212.3152
-1361.679
1.0
FldObj_MapTowerStairWood_A_01_Far.002
0
-1.543187
0
883.7535
316
-1605.545
1.0
Enemy_Bokoblin_Middle
0
1.96
0
903.8184
122.3288
-1208.657
1.0
Area
0
0
0
31
379
-2006
1.0
FldObj_CliffWhite_A_01_Far.002
0
2.821594
0
477.6969
262.8283
-1936.431
1.0
FldObj_RockDislocation_D_04.002
1.8699
-0.3397814
-1.499373
928.2735
196.5368
-1460.017
0.8
EnemyFortressMgrTag
0
2.96
0
909.2481
122.3078
-1210.094
1.0
FldObj_MapTowerStairWood_A_01.002
0
1.560004
0
883.7888
302
-1605.697
1.0
FldObj_EnemyLookout_C_01.002
0
2.22159
0
874.0222
254.984
-1632.108
1.0
LinkTagAnd
0
0
0
883.8843
351.0342
-1605.71
1.0
FldObj_RockDislocation_D_05.001
2.94428
0.6327636
2.751506
631.2098
228.7102
-1461.936
1.0
AnchorAction1
0
-1.18
0
248.3683
286.2554
-1977.34
1.0
FldObj_CliffCheeseWall_A_02.006
-0.0273094
-0.3402732
0.02706734
242
246
-1711.5
1.0
ConstraintDummy
0
1.8
0
866.1996
210.2214
-1363.795
0.5
Area
0
0
0
100.9678
283.0799
-1826.788
15
FldObj_CliffCheeseRock_A_01.008
-0.2386728
1.201682
-0.07022089
69.5
272
-1753.5
1.0
EnemyLookTag
0
0
0
811.7396
195.8434
-1441.537
1.0
FldObj_RockDislocation_B_05
0
-0.7199998
0
838.6353
195.5022
-1365.621
1.0
FldObj_RockDislocation_D_05_Far
2.94428
0.6327636
2.751506
631.2098
228.7102
-1461.936
1.0
Npc_HiddenKorokGround
0
-1.641592
0
589.7725
121.4821
-1107.129
1.0
Area
0
0
0
89
392.5
-1995
1.0
Enemy_Bokoblin_Senior
0
-0.4400001
0
811.3364
218.3078
-1521.661
1.0
Area
0
0
0
539
400
-1706
1.0
FldObj_CliffGrayParts_A_07
2.264093
0.4562969
-2.685596
234.2407
119.2616
-1126.085
1.0
PlayerSetComebackPositionTag
0
-2.696534
0
88.88181
279.7632
-1855.498
1.0
Item_Fruit_A
0
0
0
516.8
219.5979
-1418.05
1.0
BattleBgmRequestFinishTag
0
2.42
0
900.7912
142.2622
-1221.072
1.0
LinkTagAnd
0
0
0
17.60001
280.4
-1942.9
1.0
FldObj_SkullRockBroken_A_02
0
1.186071
0
887.1425
253.5851
-1605.683
1.0
TwnObj_HyruleCastleGround_Cliff_A_02
2.958937
-0.7253969
3.115395
118.5284
127.9743
-1033.625
1.062276
FldObj_CliffCheeseRock_A_01_Far.006
-3.086772
0.676807
-3.066711
708.5
260.5
-1819.5
1.0
Item_Fruit_A
0
0
0
454.81
132.316
-1059.47
1.0
FldObj_MapTowerStairWood_A_01_Far.003
0
1.560004
0
883.7888
302
-1605.697
1.0
FldObj_CliffCheeseRock_A_01_Far.007
-0.2007682
-1.354927
0.2367553
447
261.5
-1742
1.0
Area
0
-0.08726646
0
871
465
-1897
1.0
FldObj_CliffGashamahi_A_07
-1.54
0
0
130.5671
250.0079
-1525.701
1.0
FldObj_MapTowerWingBefore_A_01
0
0
0
883.884
276.0342
-1605.71
1.0
DgnObj_DungeonEntranceSP_Far
0
0.8028514
0
17.72519
280.4
-1944.399
1.0
FldObj_CliffGrayParts_A_07_Far.001
2.264093
0.4562969
-2.685596
234.2407
119.2616
-1126.085
1.0
ConstraintDummy
0
-1.954769
0
204.555
297.5514
-1838.562
1.0
FldObj_RockLayerMossTreeBroadleaf_A_02
0
-2.639999
0
853.1039
116.8284
-1226.881
1.0
LinkTagOr
0
0
0
881.1696
200.9448
-1368.162
1.0
FldObj_CliffCheeseWall_A_02.007
0.0874261
0.0382247
0.06143082
137
244.5
-1724
1.0
FldObj_RockDislocation_B_01_Far.003
-0.1067507
-0.8858687
0.9510019
680.3751
151.0094
-1360.856
1.2
FldObj_CliffCheeseRock_A_01_Far.008
2.254833
-1.171681
-2.163756
598.5
266.5
-1748.5
1.0
FldObj_RockDislocation_D_04.003
-0.2546612
-0.6192979
0.3421528
281.9379
241.4366
-1526.625
1.0
Npc_HiddenKorokGround
0
-2.659999
0
1008.131
270.2619
-1564.019
1.0
Area
0
0
0
98.5
410
-1795
1.0
Area
0
1.560004
0
883.7536
303.6172
-1611.528
2.75
LinkTagAnd
0
0
0
28
288
-1938.5
1.0
Area
0
-0.08726646
0
877
381.5
-1850
1.0
Area
0
0
0
-23.5
367.5
-1981
1.0
FldObj_RockDislocation_D_06.002
0.3572676
-0.5204558
-0.229143
133.5978
184.6964
-1396.703
1.0
LinkTagAnd
0
0.8028514
0
17.9213
294.2614
-1942.423
1.0
FldObj_DownloadTerminal_A_01
0
0
0
883.8842
350.2162
-1605.711
1.0
TwnObj_HyruleCastleGround_Cliff_A_01
2.98423
-1.122437
3.116825
107.2191
127.3554
-1016.064
1.0
FldObj_CliffGashamahi_A_04_Far.003
1.819922
-0.006475526
-3.122603
748.0654
109.3621
-1061.216
1.0
ConstraintDummy
0
-0.02759557
0
176.2582
292.59
-1814.315
1.0
FldObj_CliffCheeseRock_A_01_Far.009
-0.04671488
-0.06395409
0.0922583
893.5
277
-1951.5
1.0
LinkTagOr
0
0
0
25.5
288
-1937
1.0
FldObj_CliffCheeseRock_A_01.009
-3.098865
-0.002456645
-3.101172
748.5
271
-1819.5
1.0
Npc_Kokiri010
0
-0.84
0
251.0306
285.3385
-1979.928
1.0
Area
0
-0.08726646
0
764
380
-1821
1.0
FldObj_CliffWhite_A_03_Far
0.26
-0.76
0
504.4475
263.0467
-2008.794
1.0
FldObj_CliffCheeseRock_A_01.010
3.064321
-0.002456645
-3.101172
854
272
-1823
1.0
LinkTagAnd
0
-2.563185
0
874.5356
302
-1599.909
1.0
FldObj_EnemyLookout_C_01.003
0
0.6415942
0
927.028
250.445
-1673.458
1.0
LinkTagNone
0
0
0
980.9
259.5253
-1560.8
1.0
Item_Fruit_A
0
1.396263
0
882.5189
203.9848
-1372.134
1.0
Area
0
0
0
11
391
-1836.5
1.0
LinkTagOr
-1.147627
0.2521612
0.3872893
581.6517
117.9827
-1102.309
1.0
LinkTagAnd
0
2.179997
0
641.0938
143.6455
-1243.488
1.0
Area
0
-0.08726646
0
884.5
381.5
-1936.5
1.0
LinkTagAnd
0
0
0
235.509
305.4761
-1983.031
1.0
FldObj_RockDislocation_B_01.006
0.2478776
-0.7469443
-0.2473001
612.1938
144.2303
-1272.855
1.0
Enemy_AirOctarock
0
0.8161944
0
371.2211
129.1814
-1161.904
1.0
FldObj_RockDislocation_D_03.003
2.932523
-1.033111
-2.945406
234.779
238.1636
-1523.697
1.0
Item_Fruit_A
0
0
0
534.81
124.9389
-1110.47
1.0
FldObj_CliffCheeseWall_A_01.004
-0.5600109
0.8843703
-0.1188351
689
267
-1790.5
1.0
Item_Fruit_A
0
0
0
516
219.2979
-1415.9
1.0
Barrel
-0.6448116
-0.4028647
1.752204
923.7568
217.4569
-1468.885
1.0
LinkTagAnd
0
0
0
967.8101
250.2903
-1540.793
1.0
Enemy_Bokoblin_Middle
0
2.179997
0
649.4384
142.6503
-1235.897
1.0
LinkTagAnd
0
-1.543187
0
884.0571
316
-1594.55
1.0
Area
0
-1.134464
0
857.6342
400
-2025.098
1.0
LinkTagOr
0
-1.567275
0
748
284.5
-1934.5
1.0
LinkTagAnd
0
2.42
0
903.7412
122.3041
-1220.001
1.0
EventTag
0
0
0
883.8843
350.2162
-1605.71
1.0
Enemy_Bokoblin_Bone_Junior_AllDay
0.4698489
1.384769
0.2662503
103.4
282.5007
-1826.1
1.0
Area
0
0
0
888.5
400
-1979.5
1.0
FldObj_MapTowerStairWood_A_01.003
0
0.5200004
0
883.889
316
-1605.681
1.0
FldObj_CliffGashamahi_A_03_Far.001
-1.826673
-0.2143429
-0.301123
854.4028
129.3057
-999.7159
1.0
EnemyLookTag
0
-0.8568134
0
879.5458
284.6035
-1636.179
1.0
Area
0
0
0
140.5
410
-1866
1.0
FldObj_CliffGashamahi_A_01_Far.002
-1.810511
0.3698592
-0.005142288
968.1279
125.7631
-965.3938
1.0
FldObj_SkullRock_A_01_Far
1.474401
1.289445
1.665127
903.1851
186.0879
-1398.281
1.0
LinkTagAnd
0
0
0
893.3055
350.1864
-1608.103
1.0
Area
0
0
0
680
400
-1750.5
1.0
FldObj_CliffGashamahi_A_04.003
1.818033
0.469937
-3.140072
827.1834
109.8373
-1047.367
1.0
LinkTagAnd
0
0.8028514
0
21.40775
281.4
-1941.071
1.0
FldObj_CliffWhite_A_01_Far.003
0
0.3999999
0
905.0062
262.1774
-1848.386
1.0
WarpSafeTag
0
0
0
407
510.5
-1830.5
1.0
Item_Fruit_A
0
1.396263
0
547.75
232.0127
-1443.5
1.0
Obj_TreeGhost_A_01
0
0.2399999
0
9
283.6
-1958
1.0
FldObj_CliffCheeseRock_A_01_Far.010
-0.09381972
-1.097348
0.1240769
67.5
267
-1794.5
1.0
LinkTagAnd
0
-1.641592
0
589.8076
123.9821
-1107.628
1.0
EnemyLookTag
0
0
0
936
261.1139
-1637.3
1.0
WarpTag
0
1.561593
0
235.509
305.4761
-1983.031
1.0
Area
0
0
0
764.4701
242.542
-1621.813
12
LinkTagAnd
0
-0.7215923
0
900.8251
142.3158
-1215.553
1.0
Enemy_Bokoblin_Middle
0
-2.143185
0
913.2275
122.3301
-1207.4
1.0
Enemy_Lizalfos_Middle
0
0
0
721.528
241.0824
-1562.053
1.0
FldObj_MountainLakeHylia_A_01
2.895628
-0.08849308
-3.107126
475.8008
203.4187
-1544.75
1.0
LinkTagAnd
0
-1.543187
0
884.0571
316
-1594.55
1.0
Npc_Attacked_006
0
-0.9615951
0
653.5388
143.6455
-1238.759
1.0
Enemy_Guardian_A
-0.05418783
-0.005306581
-0.1951893
429.5
133.0413
-1092
1.0
Obj_LiftRockWhite_A_01
2.920995
-0.4926949
3.028278
1008.109
270.1661
-1564.038
1.0
Enemy_Bokoblin_Guard_Junior_TreeHouseTop
0
1.679999
0
367.9264
127.8803
-1165.575
1.0
FldObj_CliffGashamahi_A_03.002
-1.663185
1.28
0
898.7163
111.8612
-1057.642
1.0
FldObj_SkullRockMoss_Moss_A_01
3.104661
0.8992137
3.053482
970.0017
113.6443
-1019.323
1.0
LinkTagAnd
0
0
0
723
293.5
-1918.5
1.0
LinkTagAnd
0
0
0
28
285.5
-1938.5
1.0
LinkTagAnd
0
-0.5200001
0
893.4328
330
-1600.187
1.0
LinkTagOr
0
0
0
234.4034
328.402
-1978.546
1.0
Area
0
0
0
-0.5
410
-1818.5
1.0
FldObj_RockDislocation_B_01_Far.004
0.2478776
-0.7469443
-0.2473001
612.1938
144.2303
-1272.855
1.0
FldObj_EnemyLookout_C_01.004
0
-0.1000002
0
942.1
232.4139
-1625
1.0
Area
0
0
0
704
144
-1251.5
50
LinkTagAnd
0
-1.571285
0
40.29999
286.9
-1906.7
1.0
FldObj_RockDislocation_D_01_Far.004
0.8564541
-0.1026072
-0.3788186
934.4303
223.5451
-1482.122
0.9
FldObj_CliffGrayParts_A_07.001
-0.8878341
0.2737949
0.3248216
228.9343
134.9062
-1058.245
1.0
EnemyLookTag
0
0
0
966.5371
253.2389
-1488.89
1.0
Enemy_Bokoblin_Middle
0
-0.34
0
833.3286
220.3233
-1521.661
1.0
DgnObj_WarpPointSP
0
0.8028514
0
24.33951
281.363
-1938.011
1.0
ConstraintDummy
0
-2.99575
0
204.8222
292.1263
-1799.473
1.0
FldObj_CliffWhite_A_03_Far.001
-0.05999999
0.8800001
0
533.9264
269.1527
-1913.613
1.0
FldObj_CliffCheeseWall_A_01.005
-0.1951177
-0.06574506
0.02291471
808
282.5
-1812
1.0
FldObj_CliffCheeseWall_A_02.008
-0.3334304
-0.1590084
0.1061809
482.5
252.5
-1726.5
1.0
FldObj_MapTowerStairWood_A_01_Far.004
0
-0.5200001
0
883.8868
330
-1605.652
1.0
FldObj_CliffGashamahi_A_03.003
-1.826673
-0.2143429
-0.301123
854.4028
129.3057
-999.7159
1.0
FldObj_RockDislocation_D_01_Far.005
-2.32829
1.028956
-2.585196
715.7558
236.4532
-1561.592
1.0
Area
0
0
0
-49.5
385
-1915
1.0
LinkTagOr
0
0
0
546.4006
228.9727
-1439.528
1.0
TwnObj_HyruleCityBridge_A_01_Far
0
-0.12
0
397.4894
124.1153
-1165.844
1.0
FldObj_RockDislocation_D_04.004
2.4232
-0.05291901
-3.084071
280.3116
165.0215
-1330.345
1.0
PlayerInAreaAutoEnemyForbidTag
0
0
0
883.8843
336.0342
-1595.71
1.0
AnchorAction3
0
2.268928
0
685
143.5714
-1257.828
1.0
FldObj_RockDislocation_B_01_Far.005
0.646467
-0.5522642
-0.1739054
777.6317
145.3163
-1265.31
1.2
FldObj_SignboardStone_A_01.001
0
0.194465
0
64.60001
280.3
-1905
1.0
LinkTagAnd
0
0
0
6.899994
285.7
-1918.6
1.0
ConstraintDummy
0
2.469223
0
193.6259
293.5316
-1876.668
1.0
FldObj_RockDislocation_D_04.005
0.1465704
-0.8104025
-0.3783725
337.9775
150.1466
-1277.786
1.0
FldObj_RockDislocation_D_04_Far.004
1.8699
-0.3397814
-1.499373
928.2735
196.5368
-1460.017
0.8
FldObj_CliffCheeseRock_A_01_Far.011
-0.07670338
0.9795039
-0.02319297
297.5
266
-1705
1.0
LocationTag
0
0
0
811.7331
196.5
-1460.955
1.0
DestinationAnchor
0
-1.658062
0
882.5349
280.394
-1894.927
1.0
Area
0
0.5200004
0
888.8998
317.6172
-1608.663
2.75
Barrel
0.3584414
0.01891107
-1.566047
922.7541
221.1512
-1477.111
1.0
Area
0
-0.08726646
0
546.7493
380
-1984.934
1.0
Enemy_Bokoblin_Middle
0
0
0
811.9041
196.1446
-1442.547
1.0
FldObj_RockDislocation_B_02_Far.001
0.7184129
-0.6165407
-0.301873
713.9634
145.3036
-1286.446
1.2
LinkTagNOr
0
2.42
0
918.8086
122.3072
-1213.354
1.0
LinkTagNone
0
0
0
913.8428
127.3441
-1219.115
1.0
LinkTagAnd
0
0
0
85.13989
291.7826
-1828.006
1.0
LinkTagAnd
0
0
0
20.5
302.8
-1928.9
1.0
ChangeWeatherTag
0
0
0
883.8843
396.0342
-1605.71
1.0
LinkTagAnd
0
-0.5200001
0
893.4328
330
-1600.187
1.0
FldObj_CliffCheeseRock_A_01_Far.012
0.3372717
0.000865281
0.04048989
171
268
-1742
1.0
Area
0.6903074
-0.7370626
-0.3163572
920.0328
207.3215
-1459.16
1.0
FldObj_CliffWhite_A_S_01_Far
0
0
0
893.5103
277.9962
-1879.698
1.0
FldObj_CliffCheeseWall_A_01_Far.006
-0.1951177
-0.06574506
0.02291471
808
282.5
-1812
1.0
FldObj_RockDislocation_B_02.001
0.92
-0.32
0
783.2979
146.6473
-1283.483
1.2
FldObj_CliffCheeseWall_A_01_Far.007
-0.2719271
-0.4260637
-0.0019242
77.5
280.5
-1742
1.0
FldObj_RockDislocation_D_01.005
2.407861
1.308225
2.168576
200.4776
130.54
-1276.695
1.0
LinkTagAnd
0
0
0
963.3853
251.4176
-1543.447
1.0
FldObj_CliffGashamahi_A_04_Far.004
-1.733441
-0.1095669
0.1504175
672.8826
121.8405
-1037.468
1.0
FldObj_CliffCheeseWall_A_02.009
-0.1721399
0.4929013
-0.0003838947
634.5
229.5
-1703.5
1.0
FldObj_CliffCheeseRock_A_01_Far.013
-0.2386728
1.201682
-0.07022089
69.5
272
-1753.5
1.0
ConstraintDummy
0
2.445944
0
227.6357
294.3356
-1958.325
1.0
FldObj_CliffCheeseRock_A_01.011
0.5562261
-0.2189305
0.05003967
540
267.5
-1736.5
1.0
Area
0
-0.84
0
476.4609
274.9631
-2042.18
1.8
Weapon_Lsword_011
-2.034585
-0.1424081
-0.08983135
901.3331
122.7478
-1220.49
1.0
Enemy_Bokoblin_Middle
0
0
0
389.5
213.7694
-1434.5
1.0
LinkTagNone
0
0
0
903.8184
122.3288
-1208.657
1.0
FldObj_KorokStoneLift_A_01
0.000414953
0.1817854
-0.0009895866
621.0745
120.384
-1059.916
1.0
TBox_Field_Iron_GodTree
-2.761593
1.291544
-3.141592
72.29999
282.4
-1861.1
1.0
LinkTagAnd
0
2.179997
0
643.049
143.6455
-1236.317
1.0
FldObj_RockDislocation_D_03.004
0
1.819999
0
299.6659
246.5595
-1517.811
1.0
LinkTagAnd
0
0
0
475.7266
286.0484
-2040.34
1.0
FldObj_CliffCheeseRock_A_01_Far.014
2.461344
-1.016781
-2.498745
185.5
272
-1741.5
1.0
Enemy_Bokoblin_Middle
0
-3.076816
0
936.2
261.0063
-1631.8
1.0
TwnObj_HyruleCastleGround_Cliff_A_02_Far
2.958937
-0.7253969
3.115395
118.5284
127.9743
-1033.625
1.062276
FldObj_CliffGashamahi_A_01.002
-1.776975
-0.3575354
0.2317439
941.8669
116.709
-1028.442
1.0
Area
0
0
0
-13.5
385
-1901
1.0
FldObj_CliffWhite_A_04
0
0
0
891.3913
275.96
-1924.255
1.0
Area
0
0
0
98
410
-1760
1.0
LinkTagAnd
0
0
0
871
465
-1897
1.0
EventTag
0
-0.08726646
0
885
284.5
-1892
1.0
LinkTagOr
0
1.8
0
866.4268
211.2214
-1362.822
1.0
LocationTag
0
0
0
723
293.5
-1918.5
1.0
Area
0
0
0
200.5
410
-1965
1.0
FldObj_MapTowerStairWood_A_01.004
0
-0.5200001
0
883.8868
330
-1605.652
1.0
LinkTagAnd
0
1.56159
0
883.9685
330
-1616.735
1.0
FldObj_MapTowerStairWood_A_01.005
0
-1.543187
0
883.7535
316
-1605.545
1.0
LinkTagNone
0
0
0
811.3364
218.3078
-1521.661
1.0
FldObj_MapTower_A_01
0
0
0
883.8843
276.0342
-1605.71
1.0
Area
0
0
0
274
383.5
-1892.5
1.0
Area
0
0
0
155.5
385
-1888.5
1.0
FldObj_RockDislocation_D_01.006
3.046736
-0.9331341
-2.70615
760.4822
235.1975
-1616.609
1.0
Enemy_Chuchu_Junior
0
0
0
759.9701
242.4537
-1621.813
1.0
FldObj_CliffCheeseRock_A_01.012
0.21662
-0.1735757
0.04802236
784
272.5
-1818.5
1.0
FldObj_PushRockIron_A_M_01.002
0
0.2286922
0
133.9317
283.7993
-1828.419
0.8
FldObj_CliffCheeseRock_A_01_Far.015
-0.04397812
-0.2389116
0.05094014
283.5
260
-1708
1.0
Area
0
0
0
590.049
118.7321
-1107.453
0.1
Area
0
0
0
252.5
383.5
-1791.5
1.0
LinkTagNAnd
0
0
0
80
304
-1845.8
1.0
FldObj_RockDislocation_B_06_Far
0.56
-0.66
0
752.2387
160.5272
-1328.294
1.0
SwitchTimeLag
0
2.42
0
903.7681
142.2943
-1208.853
1.0
Weapon_Shield_002
-1.753292
-0.09053422
0.2655795
905.7144
122.5409
-1220.024
1.0
EnemyLookTag
2.903995
0.8379294
-2.900902
923.504
220.6971
-1477.645
1.0
FldObj_CliffWhite_A_S_01
0
0
0
935.0007
279.634
-1849.666
1.0
Area
0
0
0
-21.5
385
-1863
1.0
Item_Fruit_A
0
0
0
548.81
231.5378
-1443.47
1.0
FldObj_CliffCheeseWall_A_01_Far.008
-3.128333
0.5210192
3.134067
914.8704
279.9063
-1961.253
1.0
Enemy_Bokoblin_Middle
0
-0.3000001
0
908.3329
216.4717
-1506.522
1.0
FldObj_MapTowerStairWood_A_01_Far.005
0
-2.623185
0
883.8869
330
-1605.681
1.0
FldObj_CliffWhiteLumpRock_A_01.003
1.218335
0.09577382
-3.093735
902.6478
173.3145
-1349.26
1.0
FldObj_CliffGashamahi_A_07_Far
-1.54
0
0
130.5671
250.0079
-1525.701
1.0
AirOcta_Tag
0
-1.54
0
367.161
130.6267
-1165.467
1.0
Enemy_Bokoblin_Guard_Middle
0
2.178405
0
875.2985
283.715
-1633.079
1.0
LinkTagOr
0
0.1199984
0
920.5011
122.2939
-1211.286
1.0
FldObj_EnemyLookout_C_01.005
-2.340975
0.5866444
3.116388
860.3581
177.9984
-1422.779
1.0
LinkTagAnd
0
0.5200004
0
893.435
316
-1611.147
1.0
FldObj_RockDislocation_D_05.002
0.8020472
-0.9040651
-0.6093548
111.3495
177.355
-1381.205
1.0
Enemy_AirOctarock
0
2.386991
0
370.7882
129.2361
-1169.205
1.0
LinkTagAnd
0
0
0
764.4701
242.542
-1618.813
1.0
LinkTagOr
2.920995
-0.4926949
3.028278
1008.226
272.7061
-1563.3
1.0
AnchorAction2
0
1.082104
0
677.25
143.0248
-1253.2
1.0
TwnObj_BrownStoneRuinWall_A_01_Far
1.302847
-1.487849
-1.303725
872.7094
281.3035
-1904.807
1.0
FldObj_SkullRockBroken_A_02_Far
0
1.186071
0
887.1425
253.5851
-1605.683
1.0
FldObj_RockDislocation_D_05_Far.001
-2.821512
0.1040293
-2.79611
797.5587
238.5815
-1701.22
1.0
Obj_RockBroken_A_02
0
0
-0.2999999
969.2578
249.4099
-1545.485
1.0
Area
0
-1.543187
0
884.0125
317.6172
-1599.72
2.75
FldObj_RockDislocation_D_04_Far.005
-2.465191
0.7989336
-3.049003
966.6455
215.3861
-1477.956
1.2
Obj_RockSetGray_A_L_01
2.752136
-0.452201
2.634804
176.5016
107.8535
-1085.288
1.0
LinkTagAnd
0
0
0
883.8843
280.3538
-1605.71
1.0
LinkTagAnd
0
0
0
811.7331
196.5
-1460.955
1.0
FldObj_CliffWhiteWall_A_03.001
2.238015
0.2294026
-3.076255
93.41962
250.2302
-1540.754
1.0
Area
0
-0.5200001
0
888.995
331.6172
-1602.841
2.75
Enemy_Chuchu_Middle
0
-1.739999
0
763.7588
242.1341
-1617.346
1.0
DestinationAnchor
0
3.141593
0
883.8843
350.2214
-1604.71
1.0
FldObj_EnemyLookout_C_01.006
0
-1.430797
0
973.9
241.3961
-1628.9
1.0
DestinationAnchor
0
-2.86234
0
23.70618
281.4
-1940.708
1.0
ActorObserverTag
0
0
0
589.499
120.4821
-1106.903
1.0
LinkTagAnd
0
0
0
398.2904
126.2466
-1167.307
1.0
LocationTag
0
0
0
883.8843
280.3538
-1605.71
1.0
LinkTagAnd
0
0
0
880.9077
350.2162
-1605.71
0.5
TwnObj_HyruleCityBridge_A_01
0
-0.12
0
397.4894
124.1153
-1165.844
1.0
FldObj_CliffWhite_A_S_01_Far.001
0
0
0
935.0007
279.634
-1849.666
1.0
LinkTagAnd
0
1.560004
0
883.9075
302
-1616.697
1.0
EnemyLookTag
0
0
0
978
260.9
-1560.8
1.0
LinkTagNone
0
0
0
965.9636
237.5203
-1487.446
1.0
LinkTagAnd
0
0
0
366.4407
128.131
-1165.957
1.0
FldObj_RockDislocation_B_06
0.56
-0.66
0
752.2387
160.5272
-1328.294
1.0
LinkTagNone
0
0
0
875.2985
283.715
-1633.079
1.0
FldObj_CliffGashamahi_A_03_Far.002
3.061574
1.220423
-1.655967
889.9185
126.5088
-1009.427
1.0
Area
-0.6653982
0
1.570796
811.7331
196.5
-1460.955
1.0
Area
0
-0.08726646
0
847.6387
381.5
-1967.867
1.0
Obj_TreeBroadleafRoot_B_L_01.003
0
-2.1
0
985.2426
293.0349
-1886.902
1.0
PlayerOnScaffoldCheckTag
0
2.42
0
917.0856
129.3041
-1215.232
1.0
FldObj_PushRockIron_A_M_01.003
0
-2.99575
0
205.4414
283.2956
-1797.22
0.8
FldObj_CliffGashamahi_A_03_Far.003
1.940376
-0.651205
2.572223
1010.274
109.7964
-986.919
1.0
LinkTagAnd
0
0
0
92
281.47
-1849.4
1.0
FldObj_CliffCheeseRock_A_01.013
-3.016986
-1.219954
3.065032
114.5
268
-1743
1.0
LinkTagOr
0
0
0
582.6517
122.4827
-1102.309
1.0
FldObj_CliffCheeseRock_A_01.014
-0.04671488
-0.06395409
0.0922583
893.5
277
-1951.5
1.0
Area
0
1.570796
0
723
293.5
-1918.5
1.0
Area
0
0
0
820.6359
400
-1816.439
1.0
Area
0
0
0
589.449
119.3321
-1107.453
0.1
Area
0
0.8028514
0
17.72519
280.4
-1944.399
40
Enemy_Bokoblin_Middle
0
0.09999999
0
991.2001
257.738
-1555
1.0
FldObj_RockLayerMossTreeBroadleaf_A_02.001
0
-1.22
0
997.0287
119.2209
-1133.357
1.0
Area
0
0
0
295
398.5
-1933.5
1.0
FldObj_EnemyLookout_C_10
1.272262
-0.4073359
0.1825315
967.4885
257.2338
-1569.392
1.0
LinkTagNone
0
0
0
363.5024
129.2595
-1161.527
1.0
Area
0
-0.08726646
0
784
381.5
-1973
1.0
Area
0
-2.623185
0
878.8714
331.6172
-1602.707
2.75
Enemy_Bokoblin_Middle
0
-2.819999
0
871.1456
223.288
-1518.996
1.0
Enemy_Chuchu_Middle
0
0
0
768.9701
241.6967
-1621.813
1.0
Area
0
2.62
0
878.7501
317.6172
-1608.579
2.75
Area
0
0
0
-62
410
-1957.5
1.0
FldObj_ScaffoldWood_A_01_Far
0
0.1600016
0
965.4265
217.6877
-1495.252
1.0
FldObj_CliffGashamahi_A_04.004
-1.828294
0.2517913
-0.0655155
684.8877
96.38921
-1126.692
1.0
Area
0
0
0
199.9135
280.9467
-1863.568
5
FldObj_CliffCheeseWall_A_02.010
-0.1534304
-0.1590084
0.1061809
520.5
232.5
-1708.5
1.0
LinkTagOr
0
3.054326
0
891.5
284.5
-1894
1.0
FldObj_RockDislocation_D_04.006
-2.465191
0.7989336
-3.049003
966.6455
215.3861
-1477.956
1.2
FldObj_CliffWhiteLumpRock_A_01.004
-0.7300684
-0.01283467
-0.1615082
725.9802
216.1285
-1536.727
1.0
LinkTagAnd
0
-1.739999
0
761.5594
242.549
-1622.287
1.0
FldObj_CliffWhite_A_01.002
0.1184817
-0.01907349
0.1588687
549.6175
273.7319
-1982.526
1.0
Area
0
0
0
750.5
400
-1779
1.0
Enemy_Lizalfos_Middle
0
0.74
0
887.1
255.144
-1653.1
1.0
Area
0
0
0
381.5
400
-1904.5
1.0
TwnObj_BrownStoneRuinWall_A_04_Far
0
1.38353
0
859.4393
279.9956
-1888.608
1.0
Area
0
0
0
889.3916
339.2835
-1608.901
2
FldObj_CliffGashamahi_A_05.001
2.926929
0.6624743
-1.320517
729.8557
114.9118
-1045.484
1.0
LinkTagAnd
0
2.179997
0
638.6334
143.6455
-1241.771
1.0
FldObj_CliffWhiteLumpRock_A_01.005
0.639502
1.325968
1.119195
693.1165
218.5547
-1503.898
1.0
FldObj_EnemyLookout_C_01.007
-2.397509
0.05462637
-2.561339
944.2667
219.485
-1516.833
1.0
FldObj_CliffCheeseRock_A_01.015
-0.07670338
0.9795039
-0.02319297
297.5
266
-1705
1.0
FldObj_CliffGashamahi_A_05.002
1.677852
-0.7815482
-3.131937
589.4719
104.5441
-1020.775
1.0
FldObj_CliffWhiteWall_A_02
2.101593
0.3215935
-3.141592
173.2982
245.9829
-1519.168
1.0
LinkTagNone
0
0
0
811.7396
195.8434
-1441.537
1.0
LinkTagAnd
0
0
0
883.8843
349.2099
-1605.71
1.0
FldObj_CliffCheeseWall_A_01.006
3.1371
0.6810862
3.107449
889.5
280.5
-1974
1.0
FldObj_CliffCheeseRock_A_01_Far.016
-0.06537098
-0.8580763
0.09001537
139
262.5
-1754
1.0
FldObj_RockDislocation_B_01.007
0.5176886
-0.09700084
-0.4447007
633.0563
143.2926
-1360.711
1.0
LinkTagNAnd
0
0
0
86
280.36
-1856.5
1.0
Area
0
0
0
69.384
273
-1907.002
1.0
LinkTagAnd
0
2.42
0
905.8168
122.2957
-1217.033
1.0
FldObj_CliffDeathMt_C_05_Far
-3.136039
-0.2409531
3.059926
907.4136
244.1678
-1743.744
1.0
FldObj_RockDislocation_B_01_Far.006
0.5568461
-1.253849
-0.5748805
715.6062
142.2112
-1266.449
1.0
FldObj_EnemyLookout_C_10.001
-2.397509
0.05462637
-2.561339
944.2667
219.485
-1516.833
1.0
FldObj_CliffCheeseRock_A_01_Far.017
0.01492353
-0.2227038
-0.2164408
627.5
268
-1765
1.0
Enemy_Chuchu_Junior
0
-1.739999
0
765.2743
241.9844
-1626.218
1.0
TBox_Field_Enemy
0
-0.7215923
0
913.8428
127.3441
-1219.115
1.0
FldObj_RockDislocation_D_01_Far.006
0.7757811
1.002645
1.042978
962.6611
192.7581
-1419.392
1.0
LinkTagAnd
0
0
0
84.60001
279.93
-1859
1.0
FldObj_MapTowerStairWood_A_01_Far.006
0
0.5200004
0
883.889
316
-1605.681
1.0
LinkTagNone
0
0
0
925.4553
221.0739
-1479.717
1.0
FldObj_CliffCheeseRock_A_01.016
2.254833
-1.171681
-2.163756
598.5
266.5
-1748.5
1.0
LinkTagAnd
0
0
0
883.8842
350.2162
-1605.711
1.0
FldObj_CliffWhiteWall_A_03_Far.001
2.238015
0.2294026
-3.076255
93.41962
250.2302
-1540.754
1.0
Area
0
0
0
43
398.5
-1811
1.0
FldObj_MapTowerStairWood_A_01.006
0
2.62
0
883.8538
316
-1605.759
1.0
WarpTag
0
2.301592
0
475.7266
286.0484
-2040.34
1.0
FldObj_CliffCheeseRock_A_01.017
2.351969
-1.065197
-2.229338
233.5
265.5
-1726.5
1.0
Area
0
0
0
173
422
-1867.5
1.0
FldObj_MapTowerStairWood_A_01.007
0
-2.623185
0
883.8869
330
-1605.681
1.0
LinkTagAnd
0
0.5200004
0
893.435
316
-1611.147
1.0
FldObj_CliffCheeseRock_A_01.018
-0.06537098
-0.8580763
0.09001537
139
262.5
-1754
1.0
Area
0
0
0
122.5
390
-1777.5
1.0
LinkTagAnd
0
0
0
367.161
127.6267
-1165.467
1.0
PlayerForbidComebackTag
0
0
0
883.8082
336.7988
-1609.968
1.0
Enemy_Bokoblin_Middle
0
2.72
0
776.3129
205.4145
-1390.225
1.0
Obj_SweepCollision
0
0.8028514
0
17.00586
295.4
-1945.094
1.0
FldObj_PushRockIron_A_M_01.004
0
2.469223
0
192.4045
284.7008
-1874.676
0.8
FldObj_MapTowerStairWood_A_01_Far.007
0
1.56159
0
883.8672
330
-1605.735
1.0
FldObj_CliffCheeseRock_A_01.019
-0.09381972
-1.097348
0.1240769
67.5
267
-1794.5
1.0
SwitchTimeLag
0
0
0
963.3853
251.4176
-1543.447
1.0
Enemy_Bokoblin_Bone_Junior_AllDay
0.3111875
1.349433
0.4062989
191.73
280.3533
-1838.06
1.0
FldObj_CliffCheeseRock_A_01.020
2.461344
-1.016781
-2.498745
185.5
272
-1741.5
1.0
Area
0
0
0
137
410
-1749.5
1.0
ActorObserverTag
0
0
0
589.999
120.4821
-1106.903
1.0
LinkTagAnd
0
-2.563185
0
874.5356
302
-1599.909
1.0
FldObj_PushRockIron_A_M_01.005
0
-3.071779
0
228.935
287.0531
-1910.822
0.8000001
FldObj_CliffDeathMt_D_06
0
-0.6584071
0
961.3856
241.5253
-1798.461
1.0
LinkTagAnd
0
0
0
88.70001
281.35
-1846.7
1.0
FldObj_CliffDeathMt_C_05_Far.001
0
-0.7600001
0
979.3647
260.6795
-1701.475
1.0
EventTag
0
0.8028514
0
17.72519
280.4
-1944.399
1.0
FldObj_CliffGashamahi_A_01.003
-1.82
0.6799999
0
696.3571
123.5818
-1055.227
1.0
FldObj_CliffGashamahi_A_04_Far.005
-1.66036
-0.9673913
0.2961483
676.4691
110.0108
-1086.95
1.0
FldObj_RockDislocation_D_03_Far.003
2.932523
-1.033111
-2.945406
234.779
238.1636
-1523.697
1.0
ActorObserverTag
0
0
0
589.999
120.4821
-1107.403
1.0
LinkTagOr
0
0
0
80
281.8
-1855
1.0
LinkTagAnd
0
0
0
363.5024
129.2595
-1161.527
1.0
FldObj_RockDislocation_D_03_Far.004
0.9342725
0.6374168
1.664537
332.9662
146.5877
-1273.115
1.0
FldObj_CliffCheeseRock_A_01_Far.018
-3.016986
-1.219954
3.065032
114.5
268
-1743
1.0
LinkTagAnd
0
2.62
0
874.3165
316
-1611.24
1.0
LinkTagAnd
0
0
0
370.7882
129.2361
-1169.205
1.0
FldObj_CliffCheeseRock_A_01_Far.019
-3.098865
-0.002456645
-3.101172
748.5
271
-1819.5
1.0
LinkTagAnd
0
0
0
883.8843
280.3538
-1605.71
1.0
LinkTagAnd
0
0
0
407
510.5
-1830.5
1.0
FldObj_CliffCheeseRock_A_01_Far.020
-0.04379094
0.2206613
0.03093622
416.5
264.5
-1738.5
1.0
LinkTagAnd
0
0
0
890.6024
350.1864
-1608.103
1.0
FldObj_PushRockIron_A_M_01.006
0
2.445944
0
226.3683
285.5048
-1956.362
0.8
LinkTagAnd
0
0
0
59.5
286.9
-1897.7
1.0
LinkTagAnd
-3.127753
-0.3898594
-2.252506
1006.572
271.3231
-1562.899
1.0
Area
0
-2.563185
0
878.9181
303.6172
-1602.654
2.75
FldObj_RockDislocation_D_05_Far.002
0.8020472
-0.9040651
-0.6093548
111.3495
177.355
-1381.205
1.0
FldObj_SignboardStone_A_01.002
0
2.92
0
474.4518
272.1645
-2046.23
1.0
Item_Fruit_A
0
0
0
547.0313
234.7728
-1440.283
1.0
Npc_HiddenKorokFly
0
1.8
0
868.0159
209.8152
-1362.166
1.0
FldObj_CliffCheeseRock_A_01_Far.021
0.21662
-0.1735757
0.04802236
784
272.5
-1818.5
1.0
Area
0
-0.08726646
0
673.0674
380
-1938.283
1.0
LinkTagAnd
0
0
0
883.8843
280.3538
-1605.71
1.0
FldObj_MapTower_A_01_Far
0
0
0
883.8843
276.0342
-1605.71
1.0
LinkTagAnd
0
0
0
704
144
-1251.5
1.0
LinkTagOr
0
0
0
25.5
288
-1939.5
1.0
FldObj_RockDislocation_D_01.007
2.589872
-0.8952646
-2.036916
911.882
205.2594
-1475.707
1.0
FldObj_CliffCheeseRock_A_01.021
0.3372717
0.000865281
0.04048989
171
268
-1742
1.0
Enemy_Moriblin_Middle
0
-1.699998
0
712.0526
241.3159
-1556.645
1.0
LinkTagNAnd
0
2.42
0
909.5929
122.3267
-1213.08
1.0
FldObj_RockDislocation_D_05_Far.003
2.620711
-1.262092
-3.135444
717.075
204.0031
-1447.832
1.0
FldObj_RockDislocation_D_05.003
2.620711
-1.262092
-3.135444
717.075
204.0031
-1447.832
1.0
FldObj_CliffCheeseRock_A_01_Far.022
-0.01289439
0.7549013
-0.07760668
551
271.5
-1740
1.0
FldObj_CliffCheeseWall_A_01.007
-0.3016543
-0.2618487
0.06280299
877.5
280
-1816.5
1.0
Area
2.920995
-0.4926949
3.028278
1008.322
271.124
-1563.845
3
FldObj_CliffCheeseWall_A_02.011
-0.1673094
-0.3402732
0.02706734
10
233.5
-1780.5
1.0
LinkTagOr
0
0
0
513.5895
214.9979
-1420.664
1.0
ConstraintDummy
0
0.2286922
0
134.7353
292.63
-1826.225
1.0
Enemy_Bokoblin_Bone_Junior_AllDay
-2.877691
-0.08628432
-3.106131
98.69403
281.859
-1832.373
1.0
Obj_RaftWoodSail_A_S_01
0
-1.134464
0
86.23395
278.825
-1874.641
1.0
Enemy_Bokoblin_Middle
0
1.7
0
787.2561
193.8683
-1459.525
1.0
FldObj_CliffGashamahi_A_04.005
-2.478757
-0.2690229
0.0697109
786.5503
96.83025
-1064.229
1.0
Enemy_Bokoblin_Middle
0
2.179997
0
646.5009
143.9549
-1243.603
1.0
LinkTagAnd
0
0
0
83.40002
280.04
-1856.5
1.0
FldObj_CliffCheeseWall_A_01.008
-0.5157797
0.3264986
-0.1470331
569
272.5
-1733
1.0
TwnObj_HyruleCastleGround_Cliff_A_01.001
3.101593
-0.4415936
3.141593
151.8937
127.842
-1071.613
1.0
Area
0
0
0
141
391.5
-1973.5
1.0
FldObj_RockDislocation_D_01_Far.007
-0.009347484
-1.383815
0.216079
951.2939
191.9221
-1398.828
0.75
Enemy_Lizalfos_Electric_ForestTower
0
-0.3384044
0
955.3
254.8706
-1669.7
1.0
FldObj_CliffGrayParts_A_07_Far.002
-2.700116
1.282361
-1.640439
255.2021
141.1757
-1087.546
1.0
FldObj_CliffGrayParts_A_07.002
-2.700116
1.282361
-1.640439
255.2021
141.1757
-1087.546
1.0
FldObj_RockDislocation_B_01_Far.007
0.4740956
0.7225942
0.8773355
679.7843
147.9534
-1294.263
1.2
FldObj_ForestCandle_01.002
0
2.268928
0
740.3976
281.7747
-1938.889
1.0
FldObj_RockDislocation_D_01.008
-0.009347484
-1.383815
0.216079
951.2939
191.9221
-1398.828
0.75
PosAfterDemoSkip
0
-2.338741
0
22.5947
281.4
-1939.557
1.0
FldObj_MapTowerStairWood_A_01_Far.008
0
-2.563185
0
883.7463
302
-1605.923
1.0
FldObj_RockDislocation_D_04_Far.006
1.205719
0.1191372
-0.08614653
919.4537
187.4972
-1450.138
1.0
FldObj_CliffWhiteWall_A_02_Far
2.101593
0.3215935
-3.141592
173.2982
245.9829
-1519.168
1.0
FldObj_ScaffoldWood_A_04
0
0.8200008
0
930.3088
226.6435
-1605.191
1.0
Obj_RockDeathMt_D_L_01
0
0.34
0
957.6127
277.8521
-1814.43
1.0
LinkTagOr
0
-1.641592
0
589.7374
123.9821
-1106.63
1.0
FldObj_SkullRockMoss_Moss_A_01_Far
3.104661
0.8992137
3.053482
970.0017
113.6443
-1019.323
1.0
ActorObserverTag
0
0.7
0
933.6451
214.3643
-1463.542
1.0
Weapon_Sword_002
-1.87506
-0.09667674
0.1004707
902.9423
122.4978
-1220.341
1.0
FldObj_RockDislocation_D_04.007
1.205719
0.1191372
-0.08614653
919.4537
187.4972
-1450.138
1.0
LinkTagAnd
0
0
0
85.40002
280.69
-1851.2
1.0
Enemy_Moriblin_Middle
0
0
0
965.9636
237.5203
-1487.446
1.0
LinkTagAnd
0
0
0
589.749
122.4821
-1107.153
1.0
Area
0
-0.54
0
-2.74054
400
-1769.515
1.0
LinkTagOr
0
0
0
407
510.5
-1833.5
1.0
FldObj_RockDislocation_D_01_Far.008
1.41291
-0.6969155
-0.8786337
883.1272
257.4721
-1570.029
1.1
FldObj_RockDislocation_D_04_Far.007
-2.846018
-1.127127
-2.946048
738.2721
225.1594
-1659.971
1.0
TBox_Field_Iron_NoReaction_Aoc
-2.953234
-1.0986
2.885941
721.6911
280.2195
-1847.741
1.0
LocationTag
0
0
0
17.60001
280.4
-1942.9
1.0
ConstraintDummy
0
-3.071779
0
228.4887
295.8839
-1913.115
1.0
FldObj_MapTowerStairWood_A_01.008
0
-2.563185
0
883.7463
302
-1605.923
1.0
LinkTagAnd
0
0
0
62.10001
284.6
-1894.2
1.0
FldObj_CliffWhite_A_S_01.001
0
0
0
893.5103
277.9962
-1879.698
1.0
Obj_TreeApple_A_M_01.005
0
0
0
547
228.9727
-1443
1.0
Obj_RockDeathMt_D_L_01_Far
0
0.34
0
957.6127
277.8521
-1814.43
1.0
FldObj_CliffCheeseRock_A_01.022
-2.969371
-1.318884
3.015231
672
263.5
-1786
1.0
LookTag
0
-1.245191
0
912.1625
129.1041
-1218.548
1.0
ForceSetPosDirAutoSaveAnchor
0
-2.338741
0
22.5947
281.4
-1939.557
1.0
FldObj_EnemyLookout_C_01.008
0
0.42
0
778.1006
212.3788
-1530.054
1.0
Area
0
-0.1
0
563.7649
400
-1781.023
1.0
LinkTagAnd
0
-2.623185
0
874.3322
330
-1600.23
1.0
LinkTagAnd
0
0
0
55.60001
285.8
-1902.6
1.0
Area
0
-0.08726646
0
838
381.5
-1919.5
1.0
EventTag
0
0
0
238.3855
308.8902
-1987.945
1.0
FldObj_CliffGashamahi_A_01_Far.003
-1.776975
-0.3575354
0.2317439
941.8669
116.709
-1028.442
1.0
Area
0
-0.08726646
0
750.7827
380
-1954.571
1.0
Kibako_Contain_01
0.0002728865
0.6457112
0.0001130153
930.5015
258.6025
-1671.747
1.0
Area
0
0
0
-21
410
-1945
1.0
Area
0
0.145467
0
63.74002
282.7271
-1908.28
1.0
AnchorAction1
0
0
0
649.5
143.6713
-1245.5
1.0
Area
0
-0.08726646
0
632.3645
380
-1815.173
1.0
LinkTagAnd
0
2.62
0
874.3165
316
-1611.24
1.0
Enemy_Bokoblin_Senior
0
0.3600001
0
399.5
212.8348
-1425
1.0
Enemy_AirOctarock
0
-0.7546019
0
363.5024
129.2595
-1161.527
1.0
Enemy_Bokoblin_Middle
0
2.96
0
908.4061
122.3416
-1205.901
1.0
Area
0
-1.739999
0
764.5165
242.549
-1621.782
12
LinkTagOr
0
0
0
25.5
288
-1934.5
1.0
Obj_TreeApple_A_L_01
0
0
0
514
214.9979
-1417
1.0
FldObj_CliffDeathMt_D_06.001
0.8526254
-1.11665
-0.9554879
967.7527
224.2747
-1763.207
1.0
FldObj_CliffWhite_A_01.003
0
0.3999999
0
905.0062
262.1774
-1848.386
1.0
FldObj_RockDislocation_D_02
2.348181
0.9655374
2.521947
288.2874
230.4424
-1479.954
1.0