UnitConfigName/__text
Rotate/value/0
Rotate/value/1
Rotate/value/2
Translate/value/0
Translate/value/1
Translate/value/2
_Scale
FldObj_CliffGashamahi_A_04_Far
2.221592
-0.6415925
3.141593
662.702
185.9187
-879.1989
1.0
FldObj_CliffGashamahi_A_05
0.7032514
1.440048
-2.857939
850.2816
100.8922
23.62305
1.0
FldObj_CliffWhite_A_05
0
0
0
22.11295
114.6352
174.2767
1.0
FldObj_HyliaStoneRuinDebris_A_01
-0.1686242
0.6585715
-0.02138506
398.6011
131.0206
-431.2993
1.15
FldObj_CliffGashamahi_A_04_Far.001
-1.278192
-1.504211
0.04865709
573.7952
162.1912
-788.894
1.0
FldObj_CliffGashamahi_A_04_Far.002
1.564902
1.11888
2.684284
886.2536
208.5584
-662.0648
1.0
FldObj_CliffGashamahi_A_04
-1.347011
0.1207676
0.1220362
605.3624
164.6935
-704.2528
1.0
Obj_TreeGashamahiBase_A_01
-2.88008
0.09266798
2.983912
888.5249
141.3193
-938.646
1.0
Obj_TreeApple_A_M_01
0
0
0
954.8105
190.3344
-503.8226
1.0
Area
3.102893
1.058516
2.819091
613.669
184.3772
-743.3611
3
FldObj_CliffGashamahi_A_01
1.894091
-0.211535
3.024005
668.5018
150.4415
-982.9252
1.0
Obj_RaftWoodSail_A_S_01
0.03435251
0.5789725
0.0714711
335.1874
115.2169
-761.0398
1.0
Item_Fruit_A
0
3.007767
0
596.4529
129.6974
-292.0515
1.0
FldObj_CliffGrayParts_A_08
2.137238
0.5220676
-3.095742
391.0523
112.9713
-521.3423
1.25
Obj_TreeApple_A_M_01.001
0
-2.152167
0
632.9042
123.5249
-224.8099
1.0
LinkTagAnd
0
0
0
686.9426
173.9348
-635.5299
1.0
Obj_TreeApple_A_M_01.002
0
-0.7241099
0
636.3343
123.58
-246.4194
1.0
LinkTagOr
0
0
0
632.0157
129.78
-153.4339
1.0
FldObj_CliffGashamahi_A_01_Far
-1.88
0.76706
7.146065E-08
968.7032
148.5851
-885.5101
1.0
Obj_TreeApple_A_M_01.003
0
-0.4061821
0
606.7874
123.724
-274.2632
1.0
Item_Fruit_A
0
2.330857
0
470.817
128.9161
-281.2584
1.0
LinkTagOr
0
-2.039996
0
87.35562
140.7886
-638.5445
1.0
FldObj_HyliaStoneRuinTowerBase_A_01_Far
1.710168
-0.1755911
-0.1120296
394.7412
132.7348
-401.6942
1.0
Item_Fruit_A
0
-2.248529
0
991.2773
191.2083
-482.3378
1.0
DestinationAnchor
0
0.9598625
0
754.316
188.7245
-820.4045
1.0
LinkTagAnd
0.06319164
0.0005004146
-0.0158324
243.5
146
-900
1.0
FldObj_CliffGashamahi_A_05.001
2.083091
0.9506756
-2.31334
536.1425
125.8021
-919.353
1.0
Obj_Plant_IvyBurn_A_01
0.0003602994
-0.2266515
-0.3239263
87.12454
137.9816
-637.2814
1.0
LinkTagNAnd
0
0.44
0
685.6351
173.3099
-635.9667
2
Obj_TreeApple_A_M_01.004
0
0
0
660.4321
122.7099
-264.756
1.0
Area
0
1.160001
0
510.5737
134.3916
-881.0209
1.0
Enemy_Guardian_A
0
0
0
54.49997
132.7536
-578.8594
1.0
LinkTagAnd
0
0
0
252.0886
127.7089
-709.0479
1.0
LinkTagOr
0
0.44
0
686.9129
175.3099
-633.2524
2
FldObj_CliffGashamahi_A_04_Far.003
-0.9680122
-0.7974536
-0.1517288
802.0988
160.7525
-606.702
1.0
FldObj_CliffWhiteWall_A_08_Far
-0.16
-0.5199998
0
235.004
126.7719
-736.6343
1.0
FldObj_CliffGashamahi_A_05.002
1.626257
1.467517
-3.08391
461.6855
100.9745
-574.9378
1.0
Item_Fruit_A
0
1.341855
0
586.1539
127.4294
-265.9054
1.0
Obj_BoardIron_C_01
-2.638117
1.31409
-2.904404
86.12604
139.2068
-412.6991
1.0
LinkTagOr
0
-0.9821913
0
668.8002
123.5372
-235.1547
1.0
Area
0
0.6799999
0
612.8701
127.6104
-192.0555
0.3
FldObj_CliffGashamahi_A_03_Far
2.341592
-1.521593
3.141593
889.4219
120.8706
-168.2815
1.0
FldObj_CliffGashamahi_A_04.001
1.38176
-0.4596123
-3.072119
661.2355
141.6926
-597.6844
1.0
Npc_HiddenKorokFly
0
0
0
504.4539
123.3314
-493.469
1.0
Enemy_Guardian_A
0
0
0
265.5
140.143
-182.5
1.0
FldObj_CliffGashamahi_A_01_Far.001
-1.6
-0.74
0
981.2953
173.2601
-647.5048
1.0
LinkTagOr
0
1.692739
0
633.7628
123.6639
-266.2613
1.0
TwnObj_HyruleCastleGround_Cliff_A_02_Far
-1.03669
-1.431183
0.991076
105.5096
138.1009
-948.1441
1.25
FldObj_CliffGashamahi_A_03
-0.5799998
-0.5599999
0
552.1883
107.0711
-533.9715
1.0
Npc_HiddenKorokGround
0
0
0
396.0804
115.5029
-625.5601
1.0
Obj_TreeBroadleaf_A_L
0
-2.921728
0
751.0267
136.7789
-13.51773
1.117206
LinkTagOr
0
2.519381
0
628.5546
123.5527
-235.9682
1.0
Item_Fruit_A
0
-0.414192
0
560.9578
126.1319
-239.8827
1.0
EventTag
0
-2.181731
0
755.1351
188.7245
-819.8309
0.6
Enemy_Chuchu_Ice_Junior
0
0
0
760.9
180.5523
-751
1.0
FldObj_CliffWhiteWall_A_08_Far.001
-0.1844399
-0.6476973
-0.05832847
195.966
128.0598
-761.2715
1.0
Area
0
0.6799999
0
627.1268
128.2413
-201.424
0.3
Enemy_Chuchu_Fire_Junior
0
0
0
952.9
186.7826
-598
1.0
Area
0
0
0
557.4
166.8
-834.3
15
Area
0
0
0
485.6
144.7127
-827.3
18
FldObj_CliffGashamahi_A_03_Far.001
-1.34
0
0
877.2421
169.328
-533.4117
1.0
FldObj_CliffGashamahi_A_01_Far.002
1.761593
0.1615924
3.141593
964.0331
158.3398
-828.9656
1.0
Obj_TreeApple_A_M_01.005
0
0.324831
0
499.6475
123.8678
-237.9228
1.0
LinkTagOr
0
2.406701
0
455.5876
129.6439
-327.2578
1.0
SwitchTimeLag
-1.570796
0.44
0
686.9426
173.9348
-635.5299
0.5
FldObj_CliffGashamahi_A_04_Far.004
2.054897
-0.007465087
-2.944781
725.8625
193.3087
-874.8568
1.0
FldObj_CliffGashamahi_A_05.003
-1.480649
0.0108547
-0.1195104
626.5916
171.0908
-734.6812
1.0
Item_Fruit_A
0
0
0
660.4634
128.5099
-262.0388
1.0
Obj_LiftRockWhite_A_01
3.102893
1.058516
2.819091
613.3843
183.4186
-743.3801
1.0
FldObj_HyliaStoneRuinDebris_A_01_Far
0.3587009
0.03083123
-0.1696631
386.2666
132.0295
-449.565
1.0
LinkTagAnd
0
0
0
250.5384
130.2184
-708.9469
1.0
LinkTagOr
0
2.638393
0
994.375
188.1684
-485.1671
1.0
FldObj_CliffGashamahi_A_04_Far.005
-1.068861
-0.2177001
-0.1018388
949.848
179.547
-404.256
1.0
Item_Fruit_A
0
1.029838
0
576.6246
127.6103
-193.0436
1.0
FldObj_CliffGashamahi_A_05.004
-1.250383
-0.9365283
0.02839722
504.6695
112.3217
-631.7803
1.0
LinkTagOr
0
2.580002
0
178.1251
136.5422
-940.2866
1.0
LinkTagAnd
0
-0.1981317
0
763.6998
187.3442
-809.9354
1.0
LinkTagOr
0
-1.848931
0
620.32
123.5952
-314.9859
1.0
FldObj_CliffGashamahi_A_01.001
-1.88
0.76706
7.146065E-08
968.7032
148.5851
-885.5101
1.0
LinkTagOr
0
-0.9297627
0
423.1111
131.0208
-330.5964
1.0
FldObj_CliffGashamahi_A_04.002
-1.055695
-0.9532239
-0.3852374
896.1545
206.9844
-663.8856
1.0
Item_Fruit_A
0
-2.234355
0
574.6582
127.5063
-211.5345
1.0
Obj_TreeApple_A_M_01.006
0
-1.1
0
632.5399
130.0427
-78.67197
1.0
LinkTagAnd
0
0
0
249.8745
127.6789
-709.3244
1.0
FldObj_CliffGashamahi_A_01_Far.003
0
-0.9200003
0
857.3082
112.4849
-6.828644
1.0
FldObj_CliffGashamahi_A_01.002
-1.6
-0.74
0
981.2953
173.2601
-647.5048
1.0
Item_Fruit_A
0
0
0
954.8418
196.1344
-501.1054
1.0
FldObj_CliffGashamahi_A_01.003
-1.4
-0.4399999
0
740.8779
104.1292
-408.2963
1.0
ForceSetPosDirAutoSaveAnchor
0
1.483461
0
754.4556
188.7245
-821.9984
1.0
Obj_TreeApple_A_M_01.007
0
-0.6213892
0
459.6025
127.2292
-296.2135
1.0
FldObj_CliffGashamahi_A_05.005
2.735006
-0.1505521
2.964207
783.3381
164.1444
-947.6846
1.0
FldObj_KorokPinwheel_A_01
0
0
0.32
684.9645
165.5046
-629.105
1.0
Npc_HiddenKorokFly
0
2.350304
0
840.4058
236.2888
-692.4791
1.0
FldObj_CliffGashamahi_A_01_Far.004
1.621593
-1.221593
3.141593
850.6928
135.8751
-91.08575
1.0
FldObj_SkullRockMoss_Moss_A_01
2.998022
0.4510926
-3.087371
390.0864
112.6708
-705.5971
1.0
FldObj_CliffGashamahi_A_01.004
2.734425
-1.341338
2.316857
755.4261
182.6506
-715.0902
1.0
LinkTagOr
0
1.171148
0
582.7419
124.6069
-313.3417
1.0
FldObj_CliffGashamahi_A_05.006
1.408093
0.9232455
-2.859874
853.0737
153.3225
-512.082
1.0
Item_Fruit_A
0
2.373931
0
491.4947
127.8767
-245.5603
1.0
FldObj_CliffGashamahi_A_07
0
-1.78
0
526.0272
142.0873
-877.0773
1.0
Item_Fruit_A
0
1.405526
0
615.8322
127.3692
-232.871
1.0
LinkTagAnd
2.530181
-0.737673
-1.626277
84.64258
138.9386
-633.1929
1.0
Obj_TreeApple_A_M_01.008
0
0.5424697
0
564.4036
125.3927
-190.3248
1.0
Npc_HiddenKorokGround
0
-2.039996
0
85.54697
138.1385
-634.9767
1.0
LinkTagAnd
0
0
0
626.9481
129.0371
-193.3704
1.0
SwitchTimeLag
0
0
0
559.4
163.8
-832.8
1.0
FldObj_CliffGashamahi_A_05.007
2.9417
1.338444
-1.362047
457.8215
123.2241
-791.1105
1.0
Obj_KorokPot_A_01
0
-2.159999
0
320.8169
137.6012
-961.288
1.0
LinkTagNAnd
0
0.44
0
687.4446
171.8099
-636.8186
2
Item_Fruit_A
0
0.6799999
0
615.2123
126.3572
-194.683
1.0
FldObj_HyliaStoneRuinDebris_A_01_Far.001
0.2496868
1.118095
0.4552654
392.9417
134.2755
-414.7272
1.0
Obj_TreeApple_A_M_01.009
0
-2.713168
0
516.6194
124.622
-219.4662
1.0
Item_Fruit_A
0
0.7600001
0
656.5735
135.827
-79.24484
1.0
Obj_Plant_ChiliPepper_A_01
3.141479
1.145019
3.141479
351.3945
133.9651
-478.3242
1.0
Obj_TreeApple_A_M_01.010
0
1.238512
0
497.2054
125.3231
-288.2866
1.0
DgnObj_EntranceTerminal_A_01
0
-2.181731
0
755.1351
188.7246
-819.8309
1.0
Obj_TreeApple_A_M_01.011
0
0.54
0
463.3462
125.1101
-247.948
1.0
LinkTagAnd
-2.449423
-0.03030472
-2.311794
839.3777
235.1995
-693.4865
1.0
FldObj_CliffGashamahi_A_05.008
1.121593
1.361593
3.141593
850.6968
154.4715
-423.3579
1.0
Item_Fruit_A
0
-2.036697
0
587.2474
128.0421
-209.134
1.0
Obj_Plant_IvyBurn_A_01.001
-1.491474
-1.360989
1.710946
86.64844
138.4601
-636.3269
1.0
Obj_TreeApple_A_M_01.012
0
0.6799999
0
626.5831
123.7819
-203.3636
1.0
Item_Fruit_A
0
-1.663245
0
699.0991
126.0096
-188.5647
1.0
Item_Fruit_A
0
0.6051829
0
581.0114
128.7845
-328.3764
1.0
Obj_LiftRockWhite_A_01.001
3.03678
0.2493355
3.103171
841.3998
234.1684
-693.4694
1.0
LinkTagAnd
0
-2.039996
0
85.77283
140.5886
-635.4229
1.0
LinkTagOr
0
-2.039996
0
86.90344
141.9386
-637.6526
1.0
FldObj_CliffGashamahi_A_01_Far.005
1.946965
0.03299151
3.120178
582.8463
165.4779
-805.5387
1.0
Enemy_Chuchu_Ice_Junior
0
0
0
491.1
127.8416
-898.8
1.0
FldObj_CliffGashamahi_A_03.001
-2.370507
-1.450771
1.521989
844.655
150.3374
-450.5103
1.0
Item_Fruit_A
0
1.264068
0
514.7755
127.6967
-238.7512
1.0
FldObj_CliffGashamahi_A_01_Far.006
1.547245
-1.042117
3.053371
758.1539
133.36
-509.3072
1.0
Obj_TreeApple_A_M_01.013
0
2.406701
0
452.8148
129.6439
-325.0835
1.0
Item_Fruit_A
0
1.756519
0
558.8007
128.9038
-321.6531
1.0
LinkTagOr
0
0.324831
0
501.9194
123.8834
-241.215
1.0
Item_Fruit_A
0
1.600001
0
625.209
137.3021
-121.7439
1.0
Obj_TreeApple_A_M_01.014
0
-1.848931
0
618.8968
123.5796
-318.7242
1.0
Item_Fruit_A
0
2.084812
0
472.1384
131.1819
-332.6558
1.0
FldObj_CliffGashamahi_A_01_Far.007
-2.215733
-0.977013
0.5476034
569.1511
128.4926
-552.9821
1.0
LinkTagOr
0
0.6799999
0
615.8593
123.8072
-190.2261
1.0
FldObj_CliffGashamahi_A_01.005
1.795791
0.1305299
-2.865461
463.9214
114.3757
-895.2759
1.0
LinkTagAnd
0
0
0
246.9134
128.8278
-712.6875
1.0
Item_Fruit_A
0
0
0
508.6771
128.4095
-251.6998
1.0
Obj_TreeGashamahiBase_A_02
0.01675535
-0.6598191
3.141593
696.4621
205.6011
-814.9425
1.0
ConstraintDummy
0
0
0
504.4539
128.5439
-493.469
0.1
LinkTagOr
0
0.54
0
464.8628
125.1258
-251.6493
1.0
Obj_TreeApple_A_M_01.015
0
-0.9297627
0
419.2757
131.0052
-331.7319
1.0
Item_Fruit_A
0
2.001838
0
466.4208
130.3658
-317.7302
1.0
LinkTagOr
0
-0.6213892
0
463.6017
127.2449
-296.2956
1.0
FldObj_HyliaStoneRuinDebris_A_01_Far.002
-2.963073
0.6232455
-2.934973
393.7724
131.2585
-427.1451
1.0
FldObj_CliffGashamahi_A_01_Far.008
-1.46
-1.16
0
717.6139
186.934
-849.6366
1.0
Item_Fruit_A
0
0.8717932
0
562.6688
126.8736
-305.4469
1.0
FldObj_CliffGashamahi_A_04.003
-0.6694149
-1.207526
-0.1486225
870.9556
138.1147
-56.0264
1.0
Item_Fruit_A
0
2.906543
0
563.4147
129.7639
-342.0759
1.0
Obj_TreeApple_A_M_01.016
0
1.171148
0
583.7015
124.5913
-309.4585
1.0
FldObj_HyliaStoneRuinTowerBase_A_01
1.598859
-0.554783
-0.4651372
397.4734
133.4414
-409.3417
1.0
Obj_TreeApple_A_M_01.017
0
-1.842285
0
594.2405
123.573
-235.2319
1.0
Obj_TreeApple_A_M_01.018
0
0
0
648.1904
133.2697
-146.9228
1.0
FldObj_HyliaStoneRuinTowerBase_A_01.001
0
0.8726646
0
369.7978
138.5324
-473.8494
1.0
FldObj_HyliaStoneRuinDebris_A_01.001
-0.1760083
0.49777
-0.4289416
418.4714
135.4662
-428.4575
1.0
Obj_TreeGashamahiBase_A_01_Far
-2.763593
1.216808
-2.871124
955.6588
174.378
-592.8745
1.0
LinkTagPulse
0
2.580002
0
178.2138
134.5031
-941.3734
0.25
Item_Fruit_A
0
2.638393
0
990.363
190.7334
-482.875
1.0
LinkTagOr
0
0.5424697
0
565.9111
125.4083
-194.0298
1.0
FldObj_CliffGashamahi_A_04.004
2.221592
-0.6415925
3.141593
662.702
185.9187
-879.1989
1.0
Item_Fruit_A
0
1.898687
0
431.1856
133.9069
-307.0656
1.0
FldObj_HyliaStoneRuinDebris_A_01.002
0.4587844
-0.8589862
-0.7024763
410.4244
135.5522
-414.0837
1.0
Obj_Plant_IvyBurn_A_01.002
-2.924378
0.1881908
-3.113704
85.85809
138.261
-634.2961
1.0
FldObj_CliffGashamahi_A_04_Far.006
2.55102
1.317894
-2.574775
833.9307
211.4486
-777.6077
1.0
LinkTagOr
0
0
0
460.7462
126.8072
-288.6732
1.0
SwitchTimeLag
0
0
0
487.6
138.7127
-825.8
1.0
Item_Fruit_A
0
0.2262884
0
643.5496
125.1832
-287.0188
1.0
Enemy_Bokoblin_Middle
0
2.196805
0
907.549
147.6169
-247.1525
1.0
Item_Fruit_A
0
0.9995698
0
589.6788
126.5886
-210.7635
1.0
SwitchTimeLag
-1.570796
0.6799999
0
626.9481
129.0371
-193.3704
0.5
Obj_TreeGashamahiBase_A_01_Far.001
-0.5644632
1.228987
-0.1281538
522.9761
127.1383
-874.4216
1.0
FldObj_CliffGashamahi_A_04.005
-0.8803302
-1.015362
-0.3202153
763.634
175.1815
-670.526
1.0
KorokAnswerResponce
0
0.6799999
0
623.8209
126.4149
-194.0567
0.5
FldObj_CliffGashamahi_A_05.009
-1.281791
-0.04797014
0.110503
897.3352
172.8428
-526.4227
1.0
Item_Fruit_A
0
0
0
505.6771
129.4595
-255.3998
1.0
Enemy_AirOctarock
0
0.7853982
0
254.3634
128.8512
-705.1688
1.0
FldObj_BridgeWoodGashamahi_A_01
0
-1.12
0
519.6541
130.777
-498.1807
1.0
Item_Fruit_A
0
-2.431083
0
578.1406
130.2379
-327.8062
1.0
FldObj_HyliaStoneRuinDebris_A_01_Far.003
-0.1686242
0.6585715
-0.02138506
398.6011
131.0206
-431.2993
1.15
FldObj_Giant_Bone
0.1775891
-0.01113404
0.1248999
250.5
141.4225
-891.5
1.0
FldObj_KorokTarget_A_01
0
0.44
0
688.0291
170.3099
-642.6202
1.0
LinkTagOr
0
1.843183
0
289.0544
120.2136
-723.2139
1.0
FldObj_CliffGashamahi_A_05.010
-0.8627535
-0.9931802
0.02727643
768.5382
111.5068
-394.8901
1.0
FldObj_CliffGashamahi_A_03_Far.002
1.522972
0.7979436
2.780651
1013.816
157.8054
-659.9944
1.0
Enemy_Chuchu_Electric_Junior
0
2.356194
0
683.882
178.4839
-751.0181
1.0
FldObj_CliffGashamahi_A_05.011
-0.6055338
1.388232
1.122947
586.457
168.9129
-752.5339
1.0
LinkTagOr
0
3.007767
0
598.4007
124.0974
-289.2019
1.0
FldObj_CliffGashamahi_A_03.002
-1.24
1.34
0
996.9142
148.2741
-71.71289
1.0
FldObj_CliffGashamahi_A_03_Far.003
0.1819988
-0.9106098
-1.623626
583.5026
107.271
-488.0542
1.0
TwnObj_HyruleCastleGround_Cliff_A_01
3.020262
-0.08462229
3.118626
145.6943
130.1818
-724.3745
1.0
Item_Fruit_A
0
0.54
0
464.5986
127.6681
-249.1651
1.0
FldObj_CliffGashamahi_A_04.006
-1.284462
0.4773069
0.199214
766.1306
189.2935
-703.5872
1.0
FldObj_KorokTarget_A_01.001
0
-2.643186
0
690.5597
158.7004
-614.7804
1.0
FldObj_CliffGashamahi_A_01_Far.009
1.981593
0.9815923
3.141593
897.0886
206.4495
-707.2606
1.0
LinkTagOr
0
-0.7241099
0
640.3208
123.5956
-246.091
1.0
Item_Fruit_A
0
0.6799999
0
615.7769
129.6072
-191.2813
1.0
FldObj_CliffGashamahi_A_03.003
-1.34
0
0
877.2421
169.328
-533.4117
1.0
Item_Fruit_A
0
3.007767
0
595.5677
128.6974
-292.2212
1.0
LinkTagOr
0
-2.152167
0
630.3314
123.5249
-227.2177
1.0
Item_Fruit_A
0
0
0
461.2567
132.0572
-281.5089
1.0
TwnObj_HyruleCityBridge_A_01_Far
0
0.2
0
269.728
127.1036
-711.5215
1.0
FldObj_CliffGashamahi_A_05.012
-1.237999
-1.369265
-0.4096394
716.7686
164.3348
-762.3131
1.0
FldObj_HyliaStoneRuinTowerBase_A_01_Far.001
0
0.8726646
0
391.9775
134.9309
-455.2361
1.0
TwnObj_HyruleCastleGround_Cliff_A_03_Far
0.03141541
-1.060172
-0.08185016
154.9375
130.9905
-801.446
1.0
LinkTagNAnd
0
0.6799999
0
618.356
130.3541
-189.804
1.0
FldObj_CliffGashamahi_A_01_Far.010
-1.303528
-0.09191607
-0.1591144
873.4026
137.5047
-983.1686
1.0
Obj_TreeGashamahiBase_A_01.001
-2.763593
1.216808
-2.871124
955.6588
174.378
-592.8745
1.0
LinkTagOr
0
0.6799999
0
623.6292
126.037
-195.0836
1.0
FldObj_CliffGashamahi_A_05.013
2.046319
0.9576451
-2.953029
939.9003
144.9368
-910.8722
1.0
Item_Fruit_A
0
0.4370058
0
678.4083
126.0437
-192.0247
1.0
FldObj_CliffGashamahi_A_04_Far.007
-0.8803302
-1.015362
-0.3202153
763.634
175.1815
-670.526
1.0
Item_Fruit_I
7.379842E-05
-0.88322
-6.715496E-05
351.6063
134.9151
-478.2335
1.0
LinkTagOr
0
-0.4061821
0
610.6768
123.7396
-275.1974
1.0
LinkTagOr
0
0.6799999
0
628.3005
123.7819
-200.2868
1.0
FldObj_CliffWhite_A_05_Far
0
0
0
22.11295
114.6352
174.2767
1.0
Obj_Plant_IvyBurn_A_01.003
2.417323
-0.9843577
-2.496814
87.58517
137.7287
-633.1915
1.0
Area
0
0
0
655.9
198.9
-870.4
18
LinkTagAnd
0
-1.658132
0
755.4404
188.7245
-823.3176
0.3
LinkTagAnd
0
-1.658132
0
759.4252
201.2245
-822.9686
0.6
LinkTagNAnd
0
0.6799999
0
619.2004
128.026
-190.4869
1.0
FldObj_HyliaStoneRuinTowerBase_A_01_Far.002
0
0.8726646
0
369.7978
138.5324
-473.8494
1.0
FldObj_CliffGashamahi_A_05.014
1.729623
0.5154125
-2.795252
832.6334
150.5061
-462.0486
1.0
Item_Fruit_A
0
0
0
461.2567
131.8072
-282.4589
1.0
FldObj_HighwayHylia_A_01_Far
0
0
0
79.35428
137.7511
-641.1958
1.0
FldObj_CliffGashamahi_A_05.015
-1.315358
0.05264547
0.08501441
951.422
183.2044
-531.7436
1.0
FldObj_CliffWhiteWall_A_08
2.959635
0.09860126
3.10865
251.7554
126.9537
-694.0838
1.0
Obj_TreeApple_A_M_01.019
0
-0.9821913
0
665.0296
123.5216
-236.4897
1.0
Enemy_AirOctarock
0
0.7053982
0
494.7371
140.728
-503.7603
1.0
Item_Fruit_A
0
1.638087
0
661.1803
123.6326
-276.6199
1.0
FldObj_CliffGashamahi_A_04.007
1.861592
-1.001592
3.141593
561.2307
115.2468
-954.2314
1.0
LookTag
0
-1.658132
0
750.8267
187.7245
-822.2158
1.0
FldObj_CliffGashamahi_A_04_Far.008
1.12886
0.1387163
-3.023365
667.8475
92.85429
-438.9552
1.0
Area
0
-2.68
0
751.0267
136.7789
-13.51773
15
FldObj_CliffGashamahi_A_03_Far.004
1.473992
-0.6446737
-2.632102
818.0842
136.3826
-399.15
1.0
Obj_TreeApple_A_M_01.020
0
1.692739
0
636.5296
123.6483
-263.3726
1.0
FldObj_CliffGashamahi_A_04_Far.009
1.993962
-1.20071
3.024105
478.6107
117.776
-843.5019
1.0
Npc_HiddenKorokFly
0
1.140001
0
696.3098
217.9963
-824.385
1.0
FldObj_CliffGashamahi_A_03_Far.005
1.701291
-0.1404048
3.123229
987.483
182.0512
-555.6643
1.0
FldObj_CliffGashamahi_A_04.008
-1.2
-0.6399999
0
883.1937
154.3617
-370.7742
1.0
FldObj_CliffWhiteLumpRock_A_01
2.896549
-0.7113086
-2.977474
748.7251
129.7576
-18.11127
1.0
FldObj_SkullRockMoss_Moss_A_01_Far
-2.831231
0.9670042
-2.55527
544.183
161.7537
-730.1576
1.0
FldObj_CliffGashamahi_A_03_Far.006
-1.571586
0.730016
-0.4578567
1003.892
130.5154
-880.5294
1.0
Item_Fruit_A
0
2.716264
0
651.8815
136.8152
-109.1347
1.0
FldObj_CliffGashamahi_A_06_Far
0.2593891
0.3795594
3.139944
716.3
102.6931
-435.2126
1.0
FldObj_CliffGashamahi_A_03_Far.007
1.306365
-1.184735
-2.453354
458.4721
126.0843
-750.0421
1.0
Item_Fruit_A
0
2.978964
0
556.5161
130.3368
-351.165
1.0
Enemy_Chuchu_Ice_Junior
0
0
0
559.4
162.7385
-834.3
1.0
FldObj_CliffGashamahi_A_05.016
0.4540878
-1.345556
-1.737078
484.9218
130.7883
-717.1705
1.0
FldObj_CliffGashamahi_A_03.004
2.341592
-1.521593
3.141593
889.4219
120.8706
-168.2815
1.0
FldObj_CliffGashamahi_A_04_Far.010
1.452661
0.9960757
-3.099806
814.1088
200.9146
-677.1578
1.0
Item_Fruit_A
0
1.457792
0
653.1754
126.0706
-209.849
1.0
Item_Fruit_A
0
-2.656296
0
573.7168
126.8589
-286.958
1.0
Npc_HiddenKorokFly
0
-2.159999
0
319.6543
137.195
-962.0651
1.0
FldObj_HyliaStoneRuinTowerBase_A_01_Far.003
-1.469763
0.0061972
0.2488012
392.9933
131.7264
-389.0442
1.0
Item_Fruit_A
0
2.076263
0
614.1907
127.1072
-194.4355
1.0
FldObj_CliffGashamahi_A_01_Far.011
-1.805311
-0.3398349
0.2976447
982.1329
136.9484
-902.2601
1.0
FldObj_CliffGashamahi_A_01_Far.012
1.894091
-0.211535
3.024005
668.5018
150.4415
-982.9252
1.0
FldObj_CliffGashamahi_A_05.017
1.768803
-0.2790706
-2.752925
524.1633
142.7539
-834.9702
1.0
FldObj_CliffGashamahi_A_03_Far.008
-0.5799998
-0.5599999
0
552.1883
107.0711
-533.9715
1.0
Item_Fruit_A
0
-0.8800001
0
487.7319
126.5173
-235.2856
1.0
FldObj_CliffGashamahi_A_06_Far.001
0
-0.9000001
0
808.9001
113.0561
-226.4208
1.0
LinkTagOr
0
1.357253
0
542.7587
123.743
-260.4096
1.0
Obj_TreeApple_A_M_01.021
0
2.820733
0
618.1312
124.1847
-299.0835
1.0
Item_Fruit_A
0
2.536486
0
649.6305
125.9375
-252.7372
1.0
Item_Fruit_A
0
0.6799999
0
627.1268
128.2381
-201.424
1.0
FldObj_CliffGashamahi_A_04_Far.011
2.0184
-1.243433
2.85878
421.422
109.8816
-840.6406
1.0
Area
0
0
0
86.23294
139.2934
-412.086
0.5716741
TwnObj_HyruleCastleGround_Cliff_A_03
2.952725
0.0315836
3.011332
97.99762
133.1571
-713.9094
1.0
FldObj_HyliaStoneRuinTower_A_01_Far
0
0.8726646
0
381.3259
131.2477
-464.5803
1.0
FldObj_CliffWhiteWall_A_08_Far.002
2.959635
0.09860126
3.10865
251.7554
126.9537
-694.0838
1.0
PosAfterDemoSkip
0
1.483461
0
754.4556
188.7245
-821.9984
1.0
FldObj_HyliaStoneRuinTowerBase_A_01.002
-1.469763
0.0061972
0.2488012
392.9933
131.7264
-389.0442
1.0
Item_Fruit_A
0
-0.3547524
0
571.3721
128.558
-346.29
1.0
Obj_TreeGashamahiBase_A_01.002
0
0.0800001
0
655.7225
176.8338
-870.5114
1.0
FldObj_CliffGrayParts_A_08.001
2.891143
1.052281
-2.935317
443.0777
122.4488
-499.0669
1.0
LinkTagOr
0
-2.38
0
637.4708
136.1224
-117.8723
1.0
Obj_TreeApple_A_M_01.022
0
0.9345939
0
470.7725
125.8961
-280.3526
1.0
TwnObj_HyruleCastleGround_Cliff_A_03_Far.001
-2.373277
-1.40878
2.205413
103.3685
131.5783
-997.5155
1.0
FldObj_CliffGashamahi_A_05.018
0.7998872
0.3010249
3.117938
884.4859
122.7284
-8.529968
1.0
Obj_LiftRockWhite_A_01.002
0
1.570796
0
86.2337
138.7198
-412.086
1.0
FldObj_CliffGashamahi_A_05.019
-1.844677
0.4621463
0.2294848
561.952
120.8484
-966.8416
1.0
LinkTagAnd
0
0
0
250.5384
127.2184
-708.9469
1.0
Item_Fruit_A
0
-0.4460221
0
594.5211
126.613
-234.3753
1.0
Obj_TreeApple_A_M_01.023
0
-2.243061
0
671.5296
120.1944
-258.4038
1.0
FldObj_CliffGashamahi_A_05.020
2.463789
1.037309
-2.569226
956.6594
134.8195
-930.4763
1.0
FldObj_CliffGashamahi_A_03_Far.009
-2.095926
0.8874393
-0.645928
860.4786
214.0146
-728.3191
1.0
Obj_TreeApple_A_M_01.024
0
3.060124
0
673.6546
123.5004
-209.6694
1.0
Enemy_Bokoblin_Guard_Junior_TreeHouseTop
0
-0.5200002
0
491.4141
139.3488
-506.539
1.0
FldObj_CliffGashamahi_A_03.005
1.397946
0.1050069
2.879925
976.8241
175.2036
-414.3651
1.0
Item_Fruit_A
0
-1.956703
0
622.3859
127.7084
-281.9145
1.0
FldObj_CliffGashamahi_A_01.006
-0.38
-0.6399999
0
578.6725
108.5479
-504.7193
1.0
LinkTagAnd
0
0
0
559.4
163.8
-832.8
1.0
Enemy_Giant_Bone
0
0.9400001
0
256.5
142.4854
-913.5001
1.0
LinkTagAnd
0.06067799
6.632302E-05
-0.002185393
243.5
146
-896
1.0
FldObj_CliffGashamahi_A_01.007
1.761593
0.1615924
3.141593
964.0331
158.3398
-828.9656
1.0
LinkTagAnd
0
0
0
270.2871
129.6649
-711.8924
1.0
FldObj_CliffGashamahi_A_04_Far.012
-1.347011
0.1207676
0.1220362
605.3624
164.6935
-704.2528
1.0
ActorObserverTag
0
1.843183
0
288.5163
117.2136
-725.1402
2
Area
0
0
0
904.6
163.1
-912.7
15
FldObj_HighwayHyliaWall_A_02_Far
0
2.841593
0
273.6056
126.9958
-613.2275
1.0
FldObj_CliffGashamahi_A_01_Far.013
0.9217974
0.1981169
-3.126873
648.9149
122.7627
-503.2748
1.0
DgnObj_EntranceElevator_A_01
0
-1.658132
0
761.2867
188.7246
-821.2999
1.0
FldObj_CliffGashamahi_A_04.009
-0.9671419
-1.101142
-0.135647
883.0147
137.2914
-282.644
1.0
Item_Fruit_A
0
3.007767
0
599.1269
129.4474
-290.178
1.0
Item_Fruit_A
0
1.238512
0
496.6355
129.1431
-286.2816
1.0
FldObj_HyliaStoneRuinDebris_A_01.003
0.3159935
0.7343609
0.04779784
409.7775
134.3527
-408.5215
1.0
FldObj_CliffGrayParts_A_08.002
2.845197
0.2675283
3.045662
496.3577
123.689
-445.0786
1.0
FldObj_HighwayHylia_A_01
0
0
0
192.2443
131.8296
-925.2615
1.0
LinkTagAnd
0
0
0
491.2262
142.0952
-507.832
1.0
FldObj_CliffGashamahi_A_01.008
-1.48
0
0
921.0328
188.4283
-582.5217
1.0
LinkTagOr
0
1.570796
0
86.2334
141.3198
-412.586
1.0
LinkTagOr
0
-2.021813
0
469.1094
126.9668
-298.7796
1.0
Item_Fruit_A
0
-1.345121
0
543.7819
128.2088
-306.9612
1.0
LinkTagOr
0
-0.8800001
0
490.2276
123.975
-235.3976
1.0
Obj_TreeApple_A_M_01.025
0
1.221819
0
430.9944
130.9237
-320.2007
1.0
KorokAnswerResponce
0
1.843183
0
290.2866
119.2136
-722.5198
0.5
FldObj_Chain_A_03
0
0
0
504.4539
128.4423
-493.469
1.0
Area
0
0.6799999
0
614.6856
128.2667
-191.3634
0.3
LinkTagNone
0
0
0
254.3634
128.8512
-705.1688
1.0
LinkTagAnd
0
0.44
0
685.5856
170.4348
-634.8908
1.0
LinkTagAnd
0
0
0
270.2871
129.6649
-711.8924
1.0
FldObj_CliffGashamahi_A_03.006
1.306365
-1.184735
-2.453354
458.4721
126.0843
-750.0421
1.0
FldObj_CliffGashamahi_A_04.010
2.595696
0.4118095
2.89155
877.7809
182.8951
-886.3178
1.0
FldObj_CliffGashamahi_A_01.009
-2.215733
-0.977013
0.5476034
569.1511
128.4926
-552.9821
1.0
LinkTagNAnd
0
-2.039996
0
86.90344
140.7886
-637.6526
1.0
TwnObj_HyruleCastleGround_Cliff_A_02
0.1740668
-0.8877647
-0.2229364
136.1337
134.3306
-822.2969
1.0
FldObj_HyliaStoneRuinTowerBase_A_01.003
0
0.8726646
0
391.9775
134.9309
-455.2361
1.0
FldObj_CliffGashamahi_A_03_Far.010
-2.370507
-1.450771
1.521989
844.655
150.3374
-450.5103
1.0
Item_Fruit_A
0
0.6738726
0
422.4639
133.9353
-349.285
1.0
FldObj_CliffGashamahi_A_01.010
-1.805311
-0.3398349
0.2976447
982.1329
136.9484
-902.2601
1.0
FldObj_CliffGrayParts_A_08_Far
2.137238
0.5220676
-3.095742
391.0523
112.9713
-521.3423
1.25
Item_Fruit_A
0
-2.713168
0
515.2393
127.18
-218.3961
1.0
LinkTagAnd
0
0.44
0
683.8256
173.3099
-635.1149
2
LinkTagOr
0
-1.195888
0
567.575
124.7333
-312.1296
1.0
LinkTagOr
0
1.463727
0
642.9998
123.5526
-243.071
1.0
Item_Fruit_A
0
-1.1
0
633.6675
132.6007
-77.33835
1.0
FldObj_CliffGashamahi_A_03_Far.011
0.1523776
-1.424675
-1.813133
773.2516
200.3188
-864.1679
1.0
LinkTagAnd
0
0
0
765.4
186.0658
-748
1.0
FldObj_HyliaStoneRuinTower_A_01
0
0.8726646
0
358.8181
124.2712
-483.467
1.0
FldObj_CliffGashamahi_A_01.011
-1.4
-0.68
0
728.8647
134.4367
-554.3318
1.0
FldObj_CliffGashamahi_A_01_Far.014
1.795791
0.1305299
-2.865461
463.9214
114.3757
-895.2759
1.0
Obj_TreeApple_A_M_01.026
0
-0.1649431
0
546.5843
125.7423
-335.2085
1.0
LinkTagAnd
0
0
0
689.2117
165.3553
-628.502
1.0
LinkTagOr
0
0
0
505.4539
124.8314
-493.469
1.0
FldObj_CliffGashamahi_A_05.021
-1.641388
-0.5404598
0.3789102
455.6425
122.7228
-788.6772
1.0
FldObj_CliffGashamahi_A_05.022
-1.382111
-0.0542932
0.1304278
720.8925
190.631
-890.3227
1.0
LinkTagOr
0
-1.298409
0
292.3194
119.7136
-723.6068
1.0
Enemy_AirOctarock
0
2.356194
0
254.2243
128.7731
-712.8953
1.0
Area
0
0.6799999
0
615.7769
129.6104
-191.2813
0.3
LinkTagAnd
0
0
0
487.4329
140.7046
-504.1374
1.0
LinkTagOr
3.102893
1.058516
2.819091
613.8918
185.9883
-743.7665
1.0
FldObj_CliffGashamahi_A_04.011
-1.640137
-0.08575314
-0.03401906
954.7342
177.9703
-584.4319
1.0
FldObj_CliffGashamahi_A_01_Far.015
-1.597252
-0.8161266
0.2067456
830.4742
214.7706
-693.1901
1.0
Item_Fruit_A
0
0
0
662.2422
125.2749
-265.2263
1.0
LinkTagOr
0
0.8195801
0
454.6247
127.6311
-284.1198
1.0
FldObj_CliffGashamahi_A_04_Far.013
1.420325
-0.5022119
-2.774706
792.481
131.8634
-448.0824
1.0
Item_Fruit_A
0
-0.9860236
0
643.7263
126.5522
-222.0587
1.0
Item_Fruit_A
0
0
0
956.6205
192.8994
-504.2929
1.0
LinkTagOr
0
0.2725671
0
644.2829
123.5641
-182.1509
1.0
Item_Fruit_A
0
-2.667763
0
568.4071
128.1315
-330.9579
1.0
FldObj_CliffGashamahi_A_04.012
-1.167657
-0.8692712
0.06057171
548.8898
118.1221
-591.7888
1.0
Obj_TreeApple_A_M_01.027
0
0.7600001
0
658.0026
132.007
-80.76224
1.0
FldObj_CliffGashamahi_A_04.013
1.452661
0.9960757
-3.099806
814.1088
200.9146
-677.1578
1.0
LinkTagAnd
0
0
0
495.2159
140.6499
-511.4732
1.0
FldObj_CliffGashamahi_A_04_Far.014
1.994896
-0.05096686
-3.023212
680.2653
154.4315
-945.3385
1.0
Item_Fruit_A
0
-2.852149
0
602.3586
128.1454
-335.5693
1.0
LinkTagOr
0
1.140001
0
697.5489
220.4963
-823.2135
1.0
Obj_TreeApple_A_M_01.028
0
1.983442
0
603.9749
124.6987
-313.0445
1.0
FldObj_SkullRockMoss_Moss_A_01.001
-2.831231
0.9670042
-2.55527
544.183
161.7537
-730.1576
1.0
FldObj_CliffGashamahi_A_05.023
1.346057
0.5139591
-3.079045
734.6722
133.731
-575.0288
1.0
FldObj_CliffGashamahi_A_05.024
-1.927273
-0.7592949
0.5547537
518.3906
117.8498
-925.7308
1.0
Obj_TreeApple_A_M_01.029
0
-2.021813
0
468.3505
126.9512
-302.7069
1.0
FldObj_CliffGashamahi_A_01.012
1.981593
0.9815923
3.141593
897.0886
206.4495
-707.2606
1.0
Item_Fruit_A
0
3.007767
0
598.7239
129.0974
-295.4287
1.0
FldObj_CliffGashamahi_A_05.025
-1.302437
1.306529
-0.1663214
905.906
196.55
-622.9862
1.0
FldObj_CliffGashamahi_A_05.026
1.341593
1.161593
3.141593
799.0842
98.60589
-242.5446
1.0
FldObj_HyliaStoneRuinDebris_A_01_Far.004
-0.1760083
0.49777
-0.4289416
418.4714
135.4662
-428.4575
1.0
Item_Fruit_A
0
2.638393
0
993.4584
193.9684
-484.8096
1.0
FldObj_CliffGashamahi_A_04.014
1.519715
0.05755646
3.131655
962.7082
176.3479
-414.7727
1.0
Area
0
0
0
517.1074
135.3915
-497.244
45
KorokAnswerResponce
0
0.44
0
688.7521
171.9348
-636.3818
0.5
FldObj_KorokTarget_A_01.002
0
0.44
0
678.9816
170.3099
-638.3608
1.0
LinkTagAnd
0
0
0
290.2866
120.2136
-722.5198
1.0
LinkTagOr
0
0
0
659.8328
122.7099
-261.2836
1.0
FldObj_CliffGashamahi_A_01.013
-1.597252
-0.8161266
0.2067456
830.4742
214.7706
-693.1901
1.0
EnemyLookTag
0
2.939991
0
910.4989
147.8159
-249.1013
1.0
LinkTagOr
0
1.221819
0
429.8394
130.9393
-324.0303
1.0
Item_Fruit_A
0
2.470445
0
444.032
133.3834
-341.8248
1.0
Enemy_Chuchu_Electric_Middle
0
0
0
909.1
162.0557
-912.7001
1.0
Obj_TreeApple_A_M_01.030
0
1.600001
0
625.6586
134.7441
-120.0563
1.0
FldObj_HyliaStoneRuinTower_A_01.001
0
-2.268928
0
347.4899
119.3806
-492.9748
1.0
LinkTagAnd
0
2.580002
0
178.9718
136.5422
-939.7545
1.0
Item_Fruit_A
0
1.007398
0
572.3575
128.0293
-198.9321
1.0
LinkTagOr
0
-2.039996
0
84.63019
140.7886
-630.9568
1.0
FldObj_CliffGashamahi_A_01_Far.016
-1.4
-0.68
0
728.8647
134.4367
-554.3318
1.0
FldObj_CliffGashamahi_A_05.027
0.9147046
0.6795719
-3.048747
830.7333
96.43349
-207.3747
1.0
Area
0
0
0
957.2
192.3
-595.1
18
LinkTagOr
0
0
0
954.2112
190.3344
-500.3503
1.0
FldObj_CliffGashamahi_A_05.028
-0.9339607
-0.1445075
0.1922913
570.1467
137.6438
-614.8979
1.0
FldObj_CliffGashamahi_A_05.029
-3.128209
1.413497
-1.841856
905.6656
175.9445
-807.6655
1.0
Item_Fruit_A
0
0
0
508.5771
129.7095
-253.8998
1.0
FldObj_HighwayHylia_A_01_Far.001
0
0
0
196.4318
131.8296
-954.9725
1.0
Area
0
0
0
489.1
129.7239
-898.8
15
Obj_TreeApple_A_M_01.031
0
1.463727
0
645.0386
123.537
-239.6296
1.0
Item_Fruit_A
0
-0.7358378
0
655.1438
127.3326
-191.6059
1.0
Obj_TreeApple_A_M_01.032
0
-1.195888
0
571.0256
124.7333
-312.8434
1.0
Area
0
2.356194
0
680.7
180.2
-754
18
LinkTagAnd
0
0
0
491.4141
139.3488
-506.539
1.0
FldObj_CliffGrayParts_A_08_Far.001
2.891143
1.052281
-2.935317
443.0777
122.4488
-499.0669
1.0
FldObj_CliffGashamahi_A_05.030
-0.9599999
-1.06
0
782.8652
122.3764
-404.7923
1.0
FldObj_CliffGashamahi_A_03.007
0.1523776
-1.424675
-1.813133
773.2516
200.3188
-864.1679
1.0
FldObj_CliffGashamahi_A_04.015
2.154648
0.7898396
-3.068066
790.9031
206.6408
-853.1566
1.0
Item_Fruit_A
0
-1.190236
0
696.4778
126.034
-213.1224
1.0
LinkTagAnd
-1.22343
0.6667549
-1.918162
86.2337
139.7198
-414.086
1.0
LinkTagOr
0
-0.1649431
0
550.1378
125.7579
-337.0449
1.0
Enemy_Chuchu_Ice_Junior
0
0
0
487.1
126.9685
-898.8
1.0
Item_Fruit_A
0
2.260895
0
643.2148
128.0056
-224.9406
1.0
Obj_TreeApple_A_M_01.033
0
0.8195801
0
452.496
127.6311
-286.9277
1.0
LocationTag
0
0
0
517.1074
135.3915
-497.244
1.0
FldObj_CliffGashamahi_A_03.008
-1.083548
0.340219
0.3386562
674.6276
142.562
-588.6007
1.0
Obj_TreeApple_A_M_01.034
0
0.6799999
0
614.142
123.8072
-193.303
1.0
ActorObserverTag
0
1.843183
0
289.0544
117.2136
-723.2139
2
Item_Fruit_A
0
0
0
646.1091
137.0897
-146.8075
1.0
FldObj_CliffGashamahi_A_01.014
-1.303528
-0.09191607
-0.1591144
873.4026
137.5047
-983.1686
1.0
Obj_TreeApple_A_M_01.035
0
2.001838
0
467.4945
127.8078
-316.3528
1.0
FldObj_CliffGashamahi_A_03_Far.012
-1.397889
0.5799617
0.007073202
802.403
201.8129
-840.8796
1.0
AirOcta_Tag
0
-0.07999992
0
491.2262
142.0952
-507.832
1.0
Obj_TreeApple_A_M_01.036
0
-0.8800001
0
486.3405
123.9593
-236.341
1.0
KorokAnswerResponce
0
0.6799999
0
617.2859
126.3072
-189.4151
0.5
Item_Fruit_A
0
0
0
504.5271
129.3595
-253.8498
1.0
LinkTagOr
0
-2.159999
0
320.2612
138.6012
-960.4566
1.0
Obj_TreeApple_A_M_01.037
0
1.264068
0
515.2939
123.8767
-240.7701
1.0
Item_Fruit_A
0
-2.995612
0
586.9208
127.8488
-200.0636
1.0
Obj_TreeApple_A_M_01.038
0
0.2725671
0
641.8421
123.5485
-178.9819
1.0
Obj_TreeGashamahiBase_A_02_Far
0.01675535
-0.6598191
3.141593
696.4621
205.6011
-814.9425
1.0
FldObj_CliffGashamahi_A_04.016
-0.8482565
-1.478557
-0.5573776
396.3048
103.7508
-748.844
1.0
LinkTagOr
0
1.983442
0
600.4962
124.7143
-315.0189
1.0
FldObj_CliffGashamahi_A_01.015
1.547245
-1.042117
3.053371
758.1539
133.36
-509.3072
1.0
LinkTagOr
0
1.140001
0
698.0082
220.4963
-824.213
1.0
Item_Fruit_A
0
2.113391
0
460.0979
128.6013
-275.0317
1.0
LocationTag
0
0
0
270.2871
129.6649
-711.8924
1.0
FldObj_CliffGashamahi_A_01_Far.017
-0.8731771
0.08593708
0.1583561
919.7529
129.1091
-4.271576
1.0
Area
2.997706
0.7854611
3.027022
841.3935
235.3743
-693.5812
3
FldObj_CliffGashamahi_A_03_Far.013
-1.618205
0.8412095
-0.03410443
857.701
217.7486
-680.0364
1.0
FldObj_CliffGashamahi_A_04.017
1.420325
-0.5022119
-2.774706
792.481
131.8634
-448.0824
1.0
Obj_TreeGashamahiBase_A_01.003
0
-2.039999
0
765.53
172.4406
-750.8021
1.0
LinkTagAnd
0
0
0
763.6998
187.3442
-809.9354
1.0
FldObj_CliffGashamahi_A_07_Far
0.7534537
1.365393
0.7428606
990.2269
193.6999
-445.0037
1.0
Enemy_Guardian_A_Fixed_Moss
2.549132
1.194424
2.506586
171.0456
131.295
-476.3676
1.0
FldObj_CliffGashamahi_A_05.031
0.5557576
-0.5533007
-2.730487
926.5933
143.5905
-48.483
1.0
Item_Fruit_A
0
0
0
463.9568
131.4072
-286.0588
1.0
FldObj_CliffWhiteWall_A_08.001
-0.1844399
-0.6476973
-0.05832847
195.966
128.0598
-761.2715
1.0
FldObj_CliffGashamahi_A_05.032
-1.298265
-0.7045273
0.05554464
920.8636
135.2453
-236.0705
1.0
Enemy_Chuchu_Fire_Junior
0
0
0
651.4
190.7849
-870.4
1.0
FldObj_CliffGashamahi_A_04_Far.015
1.38176
-0.4596123
-3.072119
661.2355
141.6926
-597.6844
1.0
Enemy_Chuchu_Fire_Middle
0
0
0
660.4
192.6192
-870.4
1.0
Item_Fruit_A
0
1.396263
0
955.5605
193.3743
-504.3226
1.0
Npc_HiddenKorokFly
0
1.160001
0
506.9064
141.8195
-882.6183
1.0
Item_Fruit_A
0
0.5906232
0
576.6352
128.3123
-287.1807
1.0
Obj_TreeGashamahiBase_A_01_Far.002
-2.88008
0.09266798
2.983912
888.5249
141.3193
-938.646
1.0
FldObj_CliffGashamahi_A_01_Far.018
-1.8
0
0
844.9673
196.4405
-842.1176
1.0
Enemy_Bokoblin_Guard_Junior
0
-2.54
0
426.0078
118.8922
-681.4155
1.0
LinkTagOr
0
2.50435
0
500.236
124.4193
-266.2988
1.0
LinkTagOr
0.04934049
0.0006910554
-0.02800418
246.5
146
-893.5
1.0
LinkTagOr
0
2.820733
0
619.795
124.1847
-302.1896
1.0
LinkTagOr
0
2.160015
0
428.0646
130.377
-339.5664
1.0
Obj_TreeApple_A_M_01.039
0
1.357253
0
544.4202
123.7273
-256.771
1.0
LinkTagOr
0
0
0
635.7725
127.0293
-162.6063
1.0
FldObj_CliffGashamahi_A_01.016
1.476117
-0.4076912
3.028143
916.7032
136.2617
-969.4946
1.0
FldObj_CliffGashamahi_A_05.033
1.305655
0.1823101
3.129058
678.1014
121.2482
-531.7891
1.0
FldObj_CliffGashamahi_A_05.034
-1.142079
-0.0470717
0.08826105
606.9795
131.925
-580.9382
1.0
FldObj_HighwayHylia_A_01.001
0
0
0
79.35428
137.7511
-641.1958
1.0
Item_Fruit_A
0
1.396263
0
661.1821
125.7499
-265.2559
1.0
Obj_TreeApple_A_M_01.040
0
2.638393
0
992.1754
188.1684
-482.4142
1.0
FldObj_CliffGashamahi_A_05.035
2.789589
1.500984
-1.70312
937.5114
136.8587
-178.5736
1.0
Enemy_AirOctarock
0
-2.436194
0
487.9117
140.7046
-511.8503
1.0
FldObj_CliffGashamahi_A_05.036
1.581593
1.341592
3.141593
944.8316
141.439
-241.8689
1.0
TwnObj_HyruleCastleGround_Cliff_A_03_Far.002
-3.135654
-1.461575
3.075692
105.9482
140.7234
-901.0216
1.0
FldObj_CliffGashamahi_A_06_Far.002
0
-1.22
0
780.2166
115.8313
-341.4245
1.0
FldObj_CliffGashamahi_A_03_Far.014
1.359318
0.008314492
-2.324001
509.8712
146.3661
-799.6368
1.0
FldObj_CliffGashamahi_A_04.018
2.261593
-0.9615926
3.141593
885.7621
138.0618
-117.4483
1.0
LinkTagAnd
0
1.570796
0
86.23392
141.3198
-411.586
1.0
LinkTagAnd
-1.764582
0.4356873
-2.492397
612.7392
184.6878
-745.1044
1.0
FldObj_SkullRockMoss_Moss_A_01_Far.001
-2.456066
1.460958
-2.541456
924.5602
184.3098
-409.4336
1.0
Obj_TreeApple_A_L_01
0
0
0
506.6771
124.1095
-252.7998
1.0
LinkTagOr
0
0.44
0
686.4902
170.4348
-635.3172
1.0
FldObj_CliffGashamahi_A_05.037
-0.5728574
-1.083357
-0.7324802
906.9695
195.6815
-600.1978
1.0
LinkTagOr
0
-2.243061
0
671.4082
120.2101
-254.4057
1.0
Area
0
0.6799999
0
615.2123
126.3526
-194.683
0.3
LinkTagOr
0
3.119833
0
715.7908
123.4428
-195.9229
1.0
FldObj_CliffWhiteWall_A_08_Far.003
2.931213
0.4774697
3.119096
206.9503
128.8093
-707.1688
1.257718
FldObj_CliffGashamahi_A_01_Far.019
1.361592
-1.341593
3.141593
715.075
118.4178
-454.7571
1.0
LinkTagAnd
0
0
0
247.0524
128.8278
-704.9609
1.0
FldObj_CliffGashamahi_A_04_Far.016
-1.547429
-0.6069058
0.3273212
633.1145
172.7758
-879.5907
1.0
Item_Fruit_A
0
0
0
457.9568
133.2072
-286.2089
1.0
Obj_Plant_IvyBurn_A_01.004
-3.066507
-0.4037733
2.755307
87.8299
137.6007
-633.5007
1.0
Obj_TreeApple_A_M_01.041
0
1.32
0
652.1808
133.7952
-108.2787
1.0
FldObj_CliffGashamahi_A_04.019
1.564902
1.11888
2.684284
886.2536
208.5584
-662.0648
1.0
Item_Fruit_A
0
2.24852
0
563.3161
126.1805
-264.1492
1.0
LinkTagOr
0
3.060124
0
670.2665
123.516
-207.5432
1.0
Area
0
0
0
97.18622
172.0566
-427.9641
12
FldObj_CliffGashamahi_A_01.017
1.261593
-0.9415927
3.141593
872.3398
163.8956
-372.2362
1.0
FldObj_CliffGashamahi_A_03.009
-1.68706
-0.2583221
0.02982614
983.3668
169.1538
-617.5249
1.0
FldObj_CliffGashamahi_A_05.038
-1.665343
-0.9404051
-0.2082694
988.262
161.4341
-709.7429
1.0
FldObj_CliffGashamahi_A_04_Far.017
1.861592
-1.001592
3.141593
561.2307
115.2468
-954.2314
1.0
FldObj_CliffGashamahi_A_01.018
1.621593
-1.221593
3.141593
850.6928
135.8751
-91.08575
1.0
LinkTagAnd
0
0.44
0
679.8335
170.3099
-636.5513
2
ActorObserverTag
0
0.6799999
0
629.4242
127.9413
-198.7545
1.5
LinkTagOr
0
0.8717932
0
562.1094
124.3312
-307.8817
1.0
FldObj_CliffGashamahi_A_01_Far.020
-1.4
-0.4399999
0
740.8779
104.1292
-408.2963
1.0
Item_Fruit_A
0
-0.6213892
0
457.8432
131.0492
-297.3314
1.0
Area
0
0.6799999
0
614.1907
127.1026
-194.4355
0.3
Item_Fruit_A
0
-0.7054092
0
471.8232
130.3696
-278.5099
1.0
FldObj_CliffGashamahi_A_04_Far.018
-1.25257
-0.1512239
-0.0980036
940.1392
154.5211
-317.0189
1.0
Obj_TreeApple_A_M_01.042
0
-2.234355
0
573.4672
123.6863
-209.8239
1.0
LinkTagOr
2.997706
0.7854611
3.027022
840.0853
238.8161
-692.579
1.0
LinkTagOr
0
2.084812
0
469.6619
128.6396
-332.9845
1.0
Obj_TreeApple_A_M_01.043
0
1.029838
0
576.0921
125.0523
-191.3803
1.0
FldObj_CliffGashamahi_A_04_Far.019
-1.055695
-0.9532239
-0.3852374
896.1545
206.9844
-663.8856
1.0
Enemy_Chuchu_Ice_Middle
0
0
0
769.9
180.4526
-751
1.0
FldObj_SkullRockMoss_Moss_A_01.002
-2.456066
1.460958
-2.541456
924.5602
184.3098
-409.4336
1.0
Area
0
0
0
765
192.1
-751.3
18
Item_Fruit_A
0
-2.38
0
639.5636
139.9267
-123.3362
1.0
FldObj_HyliaStoneRuinDebris_A_01.004
-2.963073
0.6232455
-2.934973
393.7724
131.2585
-427.1451
1.0
LinkTagAnd
0
0
0
557.4
163.8
-831.3
1.0
Obj_TreeApple_A_M_01.044
0
1.860001
0
476.7202
124.2442
-217.163
1.0
Item_Fruit_A
0
0
0
242.6905
144.9257
-934.6967
1.0
FldObj_CliffGashamahi_A_05.039
-1.665836
0.6528283
0.1588418
421.3937
109.6469
-806.6705
0.9650385
TwnObj_HyruleCastleGround_Cliff_A_01_Far
3.081388
-0.5346097
3.025141
47.93973
138.7056
-700.906
1.0
FldObj_CliffWhiteWall_A_08.002
2.931213
0.4774697
3.119096
206.9503
128.8093
-707.1688
1.257718
FldObj_CliffGashamahi_A_05.040
1.443806
0.9515612
-3.004484
819.1572
101.8165
-35.89764
1.0
FldObj_CliffGashamahi_A_04.020
-1.20311
-0.04677486
0.2499915
522.4504
151.1715
-748.3741
1.0
LinkTagAnd
0
-1.658132
0
755.4404
188.7245
-823.3176
0.3
FldObj_CliffGashamahi_A_04_Far.020
-0.2385137
-1.279282
-0.8123398
565.3851
149.9551
-666.3566
1.0
FldObj_CliffGashamahi_A_04.021
2.55102
1.317894
-2.574775
833.9307
211.4486
-777.6077
1.0
Item_Fruit_A
0
0.324831
0
501.1309
126.4258
-238.8445
1.0
LinkTagOr
0
1.756519
0
555.3577
125.0994
-326.3837
1.0
Item_Fruit_A
0
0.7666976
0
454.7521
134.1173
-325.9475
1.0
Npc_HiddenKorokGround
0
2.580002
0
178.5485
134.0422
-940.0205
1.0
FldObj_CliffGashamahi_A_01.019
0
-0.9200003
0
857.3082
112.4849
-6.828644
1.0
FldObj_CliffGashamahi_A_04.022
-1.278192
-1.504211
0.04865709
573.7952
162.1912
-788.894
1.0
Obj_RaftWood_A_S_02
3.076207
1.025083
3.065025
736.7911
115.3132
-99.1709
1.0
Obj_TreeApple_A_M_01.045
0
-1.663245
0
698.8577
123.4516
-190.2944
1.0
Obj_TreeApple_A_M_01.046
0
-0.7910803
0
580.1234
125.7645
-328.5601
1.0
Npc_HiddenKorokFly
0
0
0
97.63947
181.0175
-429.8078
1.0
FldObj_CliffGrayParts_A_04
2.141592
0.5615918
-3.141592
534.4424
115.6096
-444.3181
1.0
Obj_Plant_IvyBurn_A_01.005
-0.1635728
-0.1257539
-0.01269086
85.67249
137.9474
-637.8894
1.0
LinkTagOr
0
-0.3966935
0
586.8939
123.5686
-207.6208
1.0
LinkTagOr
0
0.2262884
0
644.5675
122.6409
-289.3002
1.0
FldObj_CliffGashamahi_A_05.041
2.386496
-1.474112
2.151351
964.3132
171.7023
-759.1508
1.0
LinkTagAnd
0
0
0
517.1074
135.3915
-497.244
1.0
TwnObj_HyruleCastleGround_Cliff_A_02_Far.001
0.1740668
-0.8877647
-0.2229364
136.1337
134.3306
-822.2969
1.0
Obj_TreeApple_A_M_01.047
0
2.519381
0
632.5538
123.537
-236.047
1.0
LinkTagOr
0
0.1691496
0
996.3216
188.8999
-495.5614
1.0
FldObj_CliffGashamahi_A_04_Far.021
-1.823249
-0.1024123
-0.07688334
799.3131
162.9237
-948.5411
1.0
ActorObserverTag
0
0
0
86.23373
141.7217
-409.086
1.0
FldObj_HighwayHyliaWall_A_02
0
2.841593
0
273.6056
126.9958
-613.2275
1.0
LinkTagAnd
-2.150898
0.1030948
-2.304288
177.3674
134.5031
-941.9059
1.0
FldObj_SkullRockMoss_Moss_A_01_Far.002
2.998022
0.4510926
-3.087371
390.0864
112.6708
-705.5971
1.0
FldObj_CliffGashamahi_A_01.020
-1.46
-1.16
0
717.6139
186.934
-849.6366
1.0
FldObj_HyliaStoneRuinTower_A_01_Far.001
1.492395
0.4361818
0.1267791
393.0485
137.7477
-452.7873
1.0
FldObj_CliffGashamahi_A_01.021
-1.8
0
0
844.9673
196.4405
-842.1176
1.0
Item_Fruit_A
0
0.6799999
0
620.9062
128.3711
-196.3937
1.0
Obj_TreeApple_A_M_01.048
0
1.405526
0
616.0609
123.5492
-234.9428
1.0
LinkTagOr
0
1.898687
0
427.1071
130.1025
-311.2607
1.0
Item_Fruit_A
0
0.5424697
0
565.6531
127.9507
-191.545
1.0
FldObj_CliffGashamahi_A_06
0.2593891
0.3795594
3.139944
716.3
102.6931
-435.2126
1.0
FldObj_CliffGashamahi_A_03_Far.015
1.029135
-1.383957
-2.246985
583.0992
169.4822
-727.0221
1.0
Obj_TreeApple_A_M_01.049
0
0
0
628.812
129.7644
-151.039
1.0
BeeHome
0
0
0
539.4551
126.4827
-278.2038
1.0
FldObj_CliffGashamahi_A_01_Far.021
1.261593
-0.9415927
3.141593
872.3398
163.8956
-372.2362
1.0
LinkTagAnd
0
0
0
485.6
138.7127
-824.3
1.0
Obj_TreeApple_A_M_01.050
0
2.373931
0
489.9171
124.0567
-246.9227
1.0
Obj_LiftRockWhite_A_01.003
0
2.580002
0
179.0602
134.1984
-940.8408
1.0
FldObj_CliffGashamahi_A_04_Far.022
0.9188002
-1.470193
-2.254082
439.8986
111.7036
-764.2395
1.0
LinkTagOr
0
2.906543
0
557.6904
125.9595
-340.8656
1.0
Item_Fruit_A
0
-1.842285
0
591.6145
129.373
-235.9305
1.0
FldObj_CliffGashamahi_A_05.042
-1.470902
-0.8379017
0.255206
910.2195
174.8155
-445.9432
1.0
FldObj_CliffGashamahi_A_05.043
1.436518
0.7111021
3.130045
365.324
102.9405
-679.4921
1.0
FldObj_CliffGashamahi_A_03_Far.016
-1.76
0.22
0
930.7643
183.6767
-752.6504
1.0
FldObj_HyliaStoneRuinTowerBase_A_01.004
1.710168
-0.1755911
-0.1120296
394.7412
132.7348
-401.6942
1.0
Item_Fruit_A
0
-1.486195
0
995.8418
194.5355
-476.5545
1.0
FldObj_HyliaStoneRuinDebris_A_01.005
3.108338
0.5388739
3.035495
386.9192
132.9491
-392.4403
1.3
FldObj_HyliaStoneRuinDebris_A_01_Far.005
0.4587844
-0.8589862
-0.7024763
410.4244
135.5522
-414.0837
1.0
FldObj_CliffGashamahi_A_04.023
-1.823249
-0.1024123
-0.07688334
799.3131
162.9237
-948.5411
1.0
EnemyChatFortMgrTag
0
2.939991
0
910.4988
148.3199
-249.1013
1.0
LinkTagAnd
0
0
0
86.23373
141.7217
-410.586
1.0
Obj_TreeApple_A_M_01.051
0
0
0
242.6592
139.1257
-937.4139
1.0
FldObj_CliffGashamahi_A_03.010
-1.08
-0.9400001
0
754.0304
151.2146
-611.1643
1.0
ActorObserverTag
0
1.843183
0
289.5925
117.2136
-721.2877
2
ActorObserverTag
0
0.6799999
0
615.6284
127.3104
-187.5984
1.5
Item_Fruit_A
0
-0.4061821
0
608.5071
126.282
-273.959
1.0
LinkTagOr
0
0.4370058
0
678.9265
123.5013
-194.4686
1.0
Enemy_Guardian_A
0
0
0
188.5
128.1693
-852
1.0
FldObj_CliffGashamahi_A_03.011
1.473992
-0.6446737
-2.632102
818.0842
136.3826
-399.15
1.0
Item_Fruit_A
0
-0.7559034
0
632.9094
126.5449
-223.903
1.0
Item_Fruit_A
0
3.007767
0
596.6474
128.3974
-294.2452
1.0
FldObj_CliffGashamahi_A_03.012
-1.199622
-0.7646897
0.04483976
813.0656
150.3891
-551.915
1.0
Item_Fruit_A
0
-0.7241099
0
637.8727
126.138
-245.5928
1.0
Obj_TreeApple_A_L_01.001
0
3.007767
0
598.4827
124.0974
-292.8882
1.0
FldObj_CliffGashamahi_A_04.024
-1.44
-1.14
0
423.1599
101.1227
-686.4846
1.0
LinkTagAnd
0
-2.159999
0
319.9319
139.695
-962.4809
1.0
FldObj_CliffGashamahi_A_05.044
1.118539
0.7479277
2.942722
829.0054
183.8671
-628.7615
1.0
LinkTagOr
0
0
0
504.9539
125.8314
-493.4693
1.0
ActorObserverTag
0
0.6799999
0
618.356
129.3104
-189.804
1.5
FldObj_CliffGashamahi_A_05.045
-1.378775
-0.1079409
0.3441114
443.8878
117.2918
-722.0057
1.0
FldObj_CliffGashamahi_A_03.013
1.701291
-0.1404048
3.123229
987.483
182.0512
-555.6643
1.0
Obj_TreeApple_A_M_01.052
0
-1.486195
0
998.5466
188.7355
-476.8152
1.0
FldObj_CliffGashamahi_A_03_Far.017
1.397946
0.1050069
2.879925
976.8241
175.2036
-414.3651
1.0
FldObj_CliffGashamahi_A_05.046
0.8947017
1.089644
2.908144
694.531
152.7762
-654.9196
1.0
Obj_TreeApple_A_M_01.053
0
0
0
537.9865
124.4563
-278.1136
1.0
LinkTagOr
0
2.978964
0
550.8944
126.5324
-349.5436
1.0
FldObj_CliffGashamahi_A_03.014
1.029135
-1.383957
-2.246985
583.0992
169.4822
-727.0221
1.0
LinkTagOr
0
1.238512
0
495.9866
125.3388
-292.0964
1.0
Obj_TreeApple_A_M_01.054
0
-0.414192
0
559.2405
123.5739
-240.2007
1.0
DgnObj_DungeonEntrance_A_01
0
-1.658132
0
761.2867
187.7245
-821.2999
1.0
LinkTagAnd
0
-2.68
0
759.9802
141.7789
-17.97147
1.0
LinkTagOr
0
-1.1
0
636.1275
130.0583
-76.90305
1.0
FldObj_CliffGashamahi_A_03.015
0.1819988
-0.9106098
-1.623626
583.5026
107.271
-488.0542
1.0
FldObj_CliffGashamahi_A_01_Far.022
2.734425
-1.341338
2.316857
755.4261
182.6506
-715.0902
1.0
Npc_HiddenKorokGround
0
2.079999
0
613.4128
183.5145
-743.3782
1.0
FldObj_CliffGashamahi_A_01.022
1.946965
0.03299151
3.120178
582.8463
165.4779
-805.5387
1.0
Item_Fruit_I
3.141113
-1.472975
-3.141125
351.2528
135.075
-478.0945
1.0
Item_Fruit_A
0
1.565403
0
996.983
191.9399
-499.7042
1.0
FldObj_CliffGashamahi_A_03.016
1.359318
0.008314492
-2.324001
509.8712
146.3661
-799.6368
1.0
LinkTagNAnd
0
0.44
0
683.8256
171.8099
-635.1149
2
Obj_TreeApple_A_M_01.055
0
1.341855
0
586.514
123.6094
-267.9585
1.0
Obj_TreeGashamahiBase_A_01.004
-0.5644632
1.228987
-0.1281538
522.9761
127.1383
-874.4216
1.0
LinkTagOr
0
1.638087
0
659.0887
121.0903
-277.9862
1.0
FldObj_CliffGashamahi_A_05.047
-1.858487
0.4520493
0.09851092
899.1738
141.1202
-129.8936
1.0
LinkTagOr
0
-2.713168
0
514.7001
124.6376
-215.9568
1.0
FldObj_CliffGashamahi_A_04_Far.023
1.519715
0.05755646
3.131655
962.7082
176.3479
-414.7727
1.0
FldObj_CliffGashamahi_A_01_Far.023
-1.76
0
0
594.1535
150.8852
-916.718
1.0
Obj_RaftWoodSail_A_S_01.001
3.076207
1.025083
3.065025
737.05
115.304
-98.74313
1.0
FldObj_CliffGashamahi_A_06.001
0
-1.22
0
780.2166
115.8313
-341.4245
1.0
FldObj_CliffGashamahi_A_05.048
2.653279
0.5097947
-2.824711
739.1309
162.106
-946.2878
1.0
FldObj_CliffGashamahi_A_04.025
-1.547429
-0.6069058
0.3273212
633.1145
172.7758
-879.5907
1.0
FldObj_CliffGrayParts_A_08_Far.002
2.845197
0.2675283
3.045662
496.3577
123.689
-445.0786
1.0
Item_Fruit_A
0
0
0
506.7771
129.1095
-250.2498
1.0
LinkTagOr
0
0
0
541.9865
124.4563
-279.1136
1.0
Obj_Plant_IvyBurn_A_01.006
2.170591
1.135943
2.018745
84.44131
138.1447
-633.0349
1.0
FldObj_CliffGashamahi_A_05.049
-1.86
1.44
0
810.2324
99.41271
-83.71307
1.0
Obj_TreeApple_A_M_01.056
0
0.4370058
0
677.0374
123.4857
-190.9428
1.0
Enemy_Bokoblin_Guard_Junior_TreeHouseTop
0
0.86
0
252.0886
127.7089
-709.0479
1.0
LinkTagAnd
0
0
0
254.2243
128.7731
-712.8953
1.0
LinkTagOr
0
-2.039996
0
82.84631
140.7886
-631.8612
1.0
TwnObj_HyruleCastleGround_Cliff_A_03.001
-3.135654
-1.461575
3.075692
105.9482
140.7234
-901.0216
1.0
FldObj_CliffGashamahi_A_04_Far.024
2.595696
0.4118095
2.89155
877.7809
182.8951
-886.3178
1.0
FldObj_CliffGashamahi_A_05.050
2.060836
0.7574297
-2.956344
986.9626
118.3215
-958.6149
1.0
FldObj_CliffGashamahi_A_01.023
0.9217974
0.1981169
-3.126873
648.9149
122.7627
-503.2748
1.0
Enemy_Guardian_A
0
0
0
71.49997
135.1089
-104
1.0
TBox_Field_Iron
0
0
0
491.8374
139.574
-508.2245
1.0
Item_Fruit_A
0
2.491015
0
631.7541
127.9983
-226.5923
1.0
Item_Fruit_A
0
3.007767
0
598.8506
129.3474
-296.3702
1.0
FldObj_CliffGashamahi_A_05.051
1.322525
1.281743
-3.039877
789.3094
110.7556
-343.0342
1.0
FldObj_CliffGashamahi_A_05.052
-1.36
1.26
0
645.2301
172.0669
-766.7863
1.0
LinkTagAnd
0
1.160001
0
506.707
144.3195
-882.1598
1.0
FldObj_CliffGashamahi_A_05.053
-1.247255
0.02954307
0.2123094
479.1204
120.8594
-681.9971
1.0
FldObj_CliffGashamahi_A_03.017
1.941593
1.301593
3.141593
913.9177
168.7105
-838.2059
1.0
LinkTagOr
0
0
0
651.3942
133.2853
-149.3177
1.0
FldObj_BridgeWoodGashamahi_A_01_Far
0
-1.12
0
519.6541
130.777
-498.1807
1.0
SwitchTimeLag
0
0
0
491.1
126.7239
-897.3
1.0
LinkTagPulse
0
1.570796
0
86.2337
139.7198
-413.086
0.25
Obj_TreeApple_A_M_01.057
0
2.978964
0
554.4437
126.5168
-351.3882
1.0
FldObj_CliffGashamahi_A_05.054
0.9366456
-0.5179787
-2.935612
955.3469
137.6346
-12.84076
1.0
TwnObj_HyruleCastleGround_Cliff_A_02.001
-1.03669
-1.431183
0.991076
105.5096
138.1009
-948.1441
1.25
LinkTagAnd
0
0.44
0
686.9129
171.3099
-633.2524
2
FldObj_CliffGashamahi_A_05.055
-1.953997
-0.5592094
0.1349359
856.649
142.7826
-959.3984
1.0
LinkTagNone
0
0
0
911.9578
147.9832
-246.2514
1.0
Item_Fruit_A
0
0
0
506.7771
129.3595
-249.2998
1.0
Item_Fruit_A
0
1.860001
0
475.8521
126.8022
-218.6783
1.0
LinkTagAnd
0
0.6799999
0
614.142
133.8073
-193.303
1.0
LinkTagOr
0
-0.414192
0
563.1373
123.5895
-241.1037
1.0
Enemy_Chuchu_Junior
0
2.032389
0
753.7036
145.7789
-10.38171
1.0
FldObj_HighwayHylia_A_01.002
0
0
0
196.4318
131.8296
-954.9725
1.0
Item_Fruit_A
0
1.692739
0
635.9258
126.2063
-265.0113
1.0
FldObj_CliffGashamahi_A_05.056
-1.790748
-0.283969
-0.236336
965.9437
146.0883
-850.3311
1.0
Item_Fruit_A
0
-0.9821913
0
666.3062
126.0796
-235.2979
1.0
FldObj_ChainEyeBolt_A_01
0
1.570796
-3.141593
504.4539
128.3314
-493.469
1.0
LinkTagOr
0
1.341855
0
584.9087
123.625
-271.6222
1.0
LinkTagAnd
0
0.6799999
0
622.8519
126.037
-194.4544
1.0
Obj_TreeApple_A_M_01.058
0
1.638087
0
661.6937
121.0746
-274.9507
1.0
FldObj_HyliaStoneRuinDebris_A_01_Far.006
0.3159935
0.7343609
0.04779784
409.7775
134.3527
-408.5215
1.0
FldObj_CliffGashamahi_A_05.057
-2.120122
-0.260905
0.1102907
769.6105
181.8081
-906.0895
1.0
FldObj_HyliaStoneRuinDebris_A_01.006
0.3587009
0.03083123
-0.1696631
386.2666
132.0295
-449.565
1.0
Obj_TreeGashamahiBase_A_01_Far.003
0
0.0800001
0
655.7225
176.8338
-870.5114
1.0
FldObj_CliffGashamahi_A_01.024
1.960091
-1.407221
-2.930797
433.0756
119.171
-763.6785
1.0
FldObj_CliffGashamahi_A_01.025
1.462018
-0.3614314
3.130549
920.9087
180.8694
-438.2886
1.0
Item_Fruit_A
0
-0.3200028
0
653.8471
138.2687
-106.966
1.0
LinkTagAnd
0
0
0
487.9117
140.7046
-511.8503
1.0
FldObj_CliffGashamahi_A_03_Far.018
-1.199622
-0.7646897
0.04483976
813.0656
150.3891
-551.915
1.0
FldObj_CliffGashamahi_A_03.018
-0.2337146
-0.9841586
0.2548155
570.5905
99.9
-519.6457
1.0
LocationTag
0
0
0
763.6998
187.3442
-809.9354
1.0
Enemy_Bokoblin_Guard_Middle
0
-2.094395
0
668.8
144.8883
-562.2
1.0
Obj_TreeApple_A_M_01.059
0
0.8717932
0
561.8812
124.3156
-303.8882
1.0
Item_Fruit_A
0
3.119833
0
721.1292
127.2472
-198.3175
1.0
FldObj_CliffGashamahi_A_01_Far.024
1.476117
-0.4076912
3.028143
916.7032
136.2617
-969.4946
1.0
Obj_TreeGashamahiBase_A_01.005
0
-1.678131
0
759.6866
185.8572
-821.4091
1.25
Item_Fruit_I
3.141479
1.145019
3.141479
351.2567
134.8451
-478.4874
1.0
FldObj_HyliaStoneRuinTowerBase_A_01_Far.004
1.598859
-0.554783
-0.4651372
397.4734
133.4414
-409.3417
1.0
Enemy_Bokoblin_Guard_Junior
0
1.3
0
430.7262
124.5895
-731.0181
1.0
FldObj_CliffGashamahi_A_04.026
1.991926
-1.163382
2.827082
396.7331
101.9024
-787.717
1.0
Item_Fruit_A
0
0.1691496
0
998.0328
191.4649
-499.8534
1.0
FldObj_CliffGashamahi_A_03_Far.019
-1.68706
-0.2583221
0.02982614
983.3668
169.1538
-617.5249
1.0
LinkTagOr
0
-2.234355
0
573.3806
123.7019
-205.8248
1.0
LinkTagAnd
0
0
0
755.1351
188.7246
-819.8309
1.0
Item_Fruit_A
0
-0.9297627
0
417.9386
134.8252
-333.3311
1.0
FldObj_CliffGashamahi_A_01.026
-0.8731771
0.08593708
0.1583561
919.7529
129.1091
-4.271576
1.0
FldObj_CliffGashamahi_A_04_Far.025
1.991926
-1.163382
2.827082
396.7331
101.9024
-787.717
1.0
Enemy_Bokoblin_Guard_Middle
0
-0.52
0
394.2164
115.0803
-715.153
1.0
LinkTagAnd
0
-1.298409
0
292.0499
119.7136
-724.5698
1.0
LinkTagPulse
3.102893
1.058516
2.819091
613.2041
184.5324
-744.2328
0.25
LinkTagAnd
0
0.44
0
688.881
170.3099
-640.8107
2
ActorObserverTag
0
0.6799999
0
623.2036
128.0743
-193.7242
1.5
LinkTagOr
0
0
0
506.2665
124.1095
-256.4641
1.0
Enemy_AirOctarock
0
-0.7853982
0
247.0524
128.8278
-704.9609
1.0
FldObj_CliffGrayParts_A_01
-3.102165
1.1012
-3.097385
463.5212
108.6646
-471.7477
1.0
Item_Fruit_A
0
-1.848931
0
619.3574
127.3996
-320.7571
1.0
LinkTagAnd
0
0
0
494.7371
140.728
-503.7603
1.0
Obj_TreeApple_A_M_01.060
0
2.084812
0
473.3226
128.6239
-331.3722
1.0
LinkTagOr
0
1.029838
0
575.689
125.0679
-195.36
1.0
Obj_TreeApple_A_M_01.061
0
1.756519
0
558.303
125.0838
-323.6772
1.0
Item_Fruit_A
0
-2.480221
0
451.9178
132.6639
-325.217
1.0
Npc_HiddenKorokFly
0
-1.298409
0
292.1846
117.2136
-724.0883
1.0
AirOcta_Tag
0
0
0
250.5384
130.2184
-708.9469
1.0
TwnObj_HyruleCastleGround_Cliff_A_01_Far.001
0.3539737
-1.336326
-0.4444731
110.7471
139.2955
-859.8978
1.0
Area
0
1.843183
0
290.9807
114.4136
-723.752
1.2
Item_Fruit_A
0
0
0
460.1567
132.1572
-287.6089
1.0
TwnObj_HyruleCastleGround_Cliff_A_01.001
3.081388
-0.5346097
3.025141
47.93973
138.7056
-700.906
1.0
Item_Fruit_A
0
2.50435
0
502.6315
126.9617
-267.0075
1.0
FldObj_CliffGashamahi_A_04.027
-0.9680122
-0.7974536
-0.1517288
802.0988
160.7525
-606.702
1.0
LinkTagOr
0
-0.7910803
0
577.2327
125.7645
-326.545
1.0
LinkTagOr
0
-1.663245
0
700.9467
123.4672
-186.8832
1.0
FldObj_CliffGashamahi_A_05.058
1.59789
-0.2409755
-2.984164
742.5891
126.6696
-481.7253
1.0
Item_Fruit_A
0
0
0
630.4875
130.8337
-160.0961
1.0
Enemy_Chuchu_Electric_Middle
0
2.356194
0
677.5181
178.4702
-757.382
1.0
FldObj_CliffGashamahi_A_04_Far.026
-1.640137
-0.08575314
-0.03401906
954.7342
177.9703
-584.4319
1.0
LinkTagAnd
0.03160455
0.0007135649
-0.0451444
248
146
-896
1.0
LinkTagOr
0
-2.039996
0
82.84631
141.7886
-631.8612
1.0
Enemy_Chuchu_Electric_Junior
0
0
0
900.1
162.7371
-912.7001
1.0
FldObj_CliffGashamahi_A_04.028
-1.436319
-1.351998
0.5723677
845.1666
219.6657
-784.3444
1.0
LinkTagPulse
3.03678
0.2493355
3.103171
840.3461
235.1623
-693.2397
0.25
FldObj_CliffGashamahi_A_04_Far.027
-1.20311
-0.04677486
0.2499915
522.4504
151.1715
-748.3741
1.0
ActorObserverTag
0
0.6799999
0
619.2003
126.8026
-190.4869
1.5
Obj_TreeApple_A_M_01.062
0
0.2262884
0
641.9827
122.6252
-286.2476
1.0
ConstraintDummy
3.141479
1.145019
3.141479
350.5431
133.9651
-480.132
1.0
Obj_TreeApple_A_M_01.063
0
-0.3966935
0
588.7883
123.5686
-210.5919
1.0
TwnObj_HyruleCastleGround_Cliff_A_03_Far.003
2.952725
0.0315836
3.011332
97.99762
133.1571
-713.9094
1.0
LinkTagAnd
0
0
0
491.2262
139.0952
-507.832
1.0
FldObj_CliffGashamahi_A_03.019
-1.76
0.22
0
930.7643
183.6767
-752.6504
1.0
LinkTagOr
0
1.860001
0
473.5111
124.2598
-219.5507
1.0
LinkTagOr
0
1.405526
0
614.2256
123.5649
-238.497
1.0
Obj_TreeApple_A_M_01.064
0
1.898687
0
430.4061
130.0869
-308.9988
1.0
Item_Fruit_A
0
0
0
463.1567
131.1071
-283.9088
1.0
Enemy_AirOctarock
0
2.276195
0
495.2159
140.6499
-511.4732
1.0
FldObj_CliffGashamahi_A_01_Far.025
-0.38
-0.6399999
0
578.6725
108.5479
-504.7193
1.0
FldObj_CliffGashamahi_A_04_Far.028
-0.9671419
-1.101142
-0.135647
883.0147
137.2914
-282.644
1.0
FldObj_HyliaStoneRuinTower_A_01.002
0
0.8726646
0
381.3259
131.2477
-464.5803
1.0
LinkTagAnd
0
0
0
489.1
126.7239
-895.8
1.0
Item_Fruit_A
0
2.160015
0
433.0885
134.1814
-336.5675
1.0
LinkTagOr
0
2.373931
0
485.9487
124.0723
-247.4243
1.0
Obj_TreeApple_A_M_01.065
0
2.906543
0
561.3638
125.9439
-342.4485
1.0
Item_Fruit_A
0
1.171148
0
582.9979
128.4113
-307.4964
1.0
FldObj_CliffGashamahi_A_04_Far.029
-1.44
-1.14
0
423.1599
101.1227
-686.4846
1.0
DgnObj_DungeonEntrance_A_01_Far
0
-1.658132
0
761.2867
187.7245
-821.2999
1.0
FldObj_CliffGashamahi_A_05.059
-1.014103
-0.5022171
-0.06860886
618.8668
107.5406
-480.6001
1.0
Item_Fruit_A
0
-2.835891
0
568.9062
129.2068
-312.9314
1.0
LinkTagOr
0
-0.7358378
0
660.7463
123.5282
-189.9193
1.0
Obj_BoardWood_Square_01
0
0
0
250.5384
127.2184
-708.9469
1.0
Obj_TreeApple_A_M_01.066
0
0.6738726
0
421.3851
131.3773
-347.9116
1.0
Enemy_AirOctarock
0
-2.356194
0
246.9134
128.8278
-712.6875
1.0
LinkTagOr
0
1.400001
0
509.6767
125.1864
-300.2684
1.0
LinkTagOr
0
1.007398
0
573.0578
124.2249
-204.7409
1.0
LinkTagAnd
3.102893
1.058516
2.819091
614.3572
185.8328
-742.8951
1.0
Obj_Plant_IvyBurn_A_01.007
3.00083
-0.1390021
-2.620379
84.50867
137.7423
-632.4191
1.0
FldObj_CliffWhiteWall_A_08.003
-0.16
-0.5199998
0
235.004
126.7719
-736.6343
1.0
FldObj_CliffGashamahi_A_05.060
-3.126971
1.296674
-1.858103
910.2069
145.2798
-932.163
1.0
FldObj_HyliaStoneRuinTower_A_01.003
1.492395
0.4361818
0.1267791
393.0485
137.7477
-452.7873
1.0
FldObj_CliffGashamahi_A_05.061
-1.583484
-0.272534
0.3731994
569.8171
149.783
-863.2047
1.0
FldObj_CliffGashamahi_A_03.020
1.612101
-0.6997551
3.116231
909.0408
161.3266
-81.69678
1.0
LinkTagOr
0
-2.159999
0
319.3766
139.695
-961.6492
1.0
FldObj_CliffGashamahi_A_04_Far.030
-0.6694149
-1.207526
-0.1486225
870.9556
138.1147
-56.0264
1.0
FldObj_FlagLarge_A_01
0
0
0
97.1348
138.9661
-428.057
1.0
FldObj_CliffGashamahi_A_04_Far.031
-1.167657
-0.8692712
0.06057171
548.8898
118.1221
-591.7888
1.0
Item_Fruit_A
0
-1.486195
0
999.1682
191.3005
-475.0515
1.0
Area
0
0.6799999
0
620.9062
128.3743
-196.3937
0.3
LinkTagOr
0
2.470445
0
438.3321
129.579
-343.1458
1.0
FldObj_HyliaStoneRuinTower_A_01_Far.002
0
-2.268928
0
347.4899
119.3806
-492.9748
1.0
Item_Fruit_A
0
1.221819
0
431.1999
133.4817
-321.935
1.0
Obj_TreeApple_A_M_01.067
0
-1.345121
0
544.36
124.3888
-304.9586
1.0
Item_Fruit_A
0
2.519381
0
630.9393
126.095
-236.7127
1.0
Item_Fruit_A
0
3.007767
0
600.4734
129.3474
-291.5607
1.0
LinkTagNAnd
0
-1.658132
0
759.1635
201.2245
-819.9801
0.6
FldObj_CliffGashamahi_A_04.029
-1.218975
-1.273005
0.06511639
832.8245
116.9833
-314.6894
1.0
FldObj_CliffGashamahi_A_03_Far.020
-0.2337146
-0.9841586
0.2548155
570.5905
99.9
-519.6457
1.0
FldObj_CliffGashamahi_A_03.021
-1.4
-0.72
0
668.2479
181.4767
-830.6902
1.0
FldObj_CliffGashamahi_A_07_Far.001
0
-1.78
0
526.0272
142.0873
-877.0773
1.0
Obj_TreeApple_A_M_01.068
0
-2.38
0
638.1369
136.1067
-121.8165
1.0
FldObj_CliffGashamahi_A_05.062
-1.251965
0.270074
0.345185
787.8697
135.0737
-459.7666
1.0
TwnObj_HyruleCastleGround_Cliff_A_01.002
0.3539737
-1.336326
-0.4444731
110.7471
139.2955
-859.8978
1.0
LinkTagPulse
0
-2.039996
0
85.09476
138.9386
-634.0848
0.25
LinkTagAnd
0
-2.68
0
755.5265
141.7789
-26.92493
1.0
Area
0
1.140001
0
696.9973
214.6447
-822.01
6
LinkTagOr
0
2.113391
0
457.613
126.0589
-275.2894
1.0
Obj_TreeApple_A_M_01.069
0
-2.852149
0
600.3968
124.3254
-334.8647
1.0
FldObj_CliffGashamahi_A_04.030
0.9188002
-1.470193
-2.254082
439.8986
111.7036
-764.2395
1.0
LinkTagAnd
0
0
0
491.8374
139.574
-508.2245
1.0
Item_Fruit_A
0
1.983442
0
602.9268
127.2567
-314.4413
1.0
Obj_KorokPot_A_01.001
0
0
0
504.4539
125.2939
-493.469
1.0
FldObj_CliffGashamahi_A_03_Far.021
-1.4
-0.72
0
668.2479
181.4767
-830.6902
1.0
FldObj_CliffGashamahi_A_03_Far.022
-1.24
1.34
0
996.9142
148.2741
-71.71289
1.0
FldObj_CliffGashamahi_A_03_Far.023
-1.08
-0.9400001
0
754.0304
151.2146
-611.1643
1.0
ActorObserverTag
0
0.6799999
0
616.983
127.9666
-188.6938
1.5
LinkTagNone
0
0
0
494.7371
140.728
-503.7603
1.0
LinkTagOr
0
-2.995612
0
582.0571
124.0444
-196.8113
1.0
Obj_TreeApple_A_M_01.070
0
-2.667763
0
569.7373
125.5735
-332.0896
1.0
FldObj_HyliaStoneRuinDebris_A_01_Far.007
3.108338
0.5388739
3.035495
386.9192
132.9491
-392.4403
1.3
Item_Fruit_A
0
-0.8204231
0
453.3282
132.1045
-284.9766
1.0
Obj_TreeApple_A_M_01.071
0
-2.382287
0
643.928
123.5322
-222.9428
1.0
Item_Fruit_A
0
0
0
244.4692
141.6907
-937.8842
1.0
FldObj_CliffGashamahi_A_04.031
1.12886
0.1387163
-3.023365
667.8475
92.85429
-438.9552
1.0
FldObj_CliffGashamahi_A_03.022
-1.571586
0.730016
-0.4578567
1003.892
130.5154
-880.5294
1.0
LinkTagAnd
0
0.44
0
685.6351
174.8099
-635.9667
2
TwnObj_HyruleCityBridge_A_01
0
0.2
0
269.728
127.1036
-711.5215
1.0
LinkTagAnd
0
0
0
517.1074
135.3915
-497.244
1.0
FldObj_CliffGashamahi_A_03.023
-2.095926
0.8874393
-0.645928
860.4786
214.0146
-728.3191
1.0
Obj_RaftWood_A_S_02.001
0.03435251
0.5789725
0.0714711
335.6054
115.2361
-761.3136
1.0
Obj_TreeGashamahiBase_A_01.006
0
-0.1599998
0
681.0529
164.2674
-754.0673
1.0
LinkTagOr
0.05122166
6.901399E-05
-0.002694128
245.5
146
-898
1.0
LinkTagOr
0
0.9345939
0
473.2094
125.8961
-277.8075
1.0
Item_Fruit_A
0
-0.1649431
0
548.3269
128.3003
-335.3239
1.0
LinkTagOr
0
-1.190236
0
698.8885
123.4916
-212.4672
1.0
Item_Fruit_A
0
0
0
630.512
132.3224
-151.439
1.0
FldObj_CliffGashamahi_A_04_Far.032
-1.436319
-1.351998
0.5723677
845.1666
219.6657
-784.3444
1.0
FldObj_CliffGashamahi_A_05.063
1.666816
0.3965914
-3.0767
605.9447
171.6743
-775.0754
1.0
LinkTagOr
0
0.7600001
0
658.6749
132.0227
-84.70532
1.0
LinkTagAnd
0
0.44
0
687.4446
173.3099
-636.8186
2
FldObj_CliffGashamahi_A_05.064
1.861592
-0.2215931
3.141593
610.7354
122.0159
-990.6099
1.0
FldObj_CliffGashamahi_A_05.065
1.229854
0.7214323
-3.067637
870.7023
114.9813
-197.9347
1.0
FldObj_CliffGashamahi_A_05.066
1.04402
1.081183
3.091295
888.5405
145.2029
-56.99289
1.0
LinkTagAnd
0
0
0
904.6
162.7667
-909.7001
1.0
TBox_Field_Iron
0
0.96
0
249.8745
127.6789
-709.3244
1.0
Obj_TreeApple_A_M_01.072
0
2.536486
0
651.2562
123.3795
-252.0992
1.0
Item_Fruit_A
0
-2.066189
0
617.2563
127.2047
-298.8449
1.0
FldObj_CliffGashamahi_A_01.027
-1.267784
-1.223541
-0.3355663
903.7161
170.8283
-400.4877
1.0
FldObj_CliffGashamahi_A_01_Far.026
-1.267784
-1.223541
-0.3355663
903.7161
170.8283
-400.4877
1.0
LinkTagAnd
0
0
0
487.6
138.7127
-825.8
1.0
Npc_HiddenKorokFly
0
0.44
0
686.0379
167.9348
-635.104
1.0
FldObj_CliffGashamahi_A_03.024
-1.618205
0.8412095
-0.03410443
857.701
217.7486
-680.0364
1.0
Obj_TreeApple_A_M_01.073
0
1.457792
0
653.3812
123.5126
-208.1147
1.0
FldObj_CliffGashamahi_A_05.067
1.503313
0.2660805
-2.906601
711.9087
168.6727
-688.2706
1.0
FldObj_CliffGashamahi_A_04.032
1.993962
-1.20071
3.024105
478.6107
117.776
-843.5019
1.0
Obj_TreeApple_A_M_01.074
0
0.6799999
0
620.3625
123.9149
-198.3333
1.0
Obj_TreeApple_A_M_01.075
0
2.230626
0
574.5765
123.8389
-286.6694
1.0
Item_Fruit_A
0
1.400001
0
511.387
127.7288
-298.4474
1.0
Area
0
1.570796
0
86.2337
139.7199
-412.086
3
DgnObj_EntranceShutter_A_01
0
-1.658132
0
757.5012
188.7246
-821.6313
1.0
FldObj_CliffGashamahi_A_01.028
-1.594978
0.7235535
0.1714586
874.9033
212.8719
-655.5129
1.0
FldObj_CliffGashamahi_A_05.068
1.940555
1.114565
-2.964622
972.8369
146.2896
-155.0439
1.0
FldObj_CliffGashamahi_A_06.002
0
-0.9000001
0
808.9001
113.0561
-226.4208
1.0
FldObj_HyliaStoneRuinTowerBase_A_01.005
-0.7773404
-0.1754711
-0.02231577
401.9517
137.4446
-417.924
1.0
FldObj_CliffGashamahi_A_01_Far.027
1.960091
-1.407221
-2.930797
433.0756
119.171
-763.6785
1.0
Item_Fruit_A
0
0.6799999
0
612.8701
127.6072
-192.0554
1.0
Obj_Plant_IvyBurn_A_01.008
3.028037
0.5817269
-2.775398
83.24536
137.3078
-632.7613
1.0
FldObj_CliffGashamahi_A_05.069
2.773206
-1.450943
2.370344
485.3339
138.3945
-768.9243
1.0
Item_Fruit_A
0
3.060124
0
675.7383
127.3204
-209.615
1.0
LinkTagOr
0
0
0
97.73615
182.3925
-427.9641
1.0
LinkTagOr
0
2.24852
0
560.8192
123.6381
-264.0698
1.0
Obj_TreeApple_A_M_01.076
0
-1.956703
0
621.7093
123.8884
-279.9429
1.0
Item_Fruit_A
0
-1.842285
0
594.2083
126.138
-233.3621
1.0
FldObj_CliffWhiteWall_A_02
0
2.06
0
778.4627
133.109
-17.24396
0.8
Enemy_Guardian_A
0.1209636
0.00934855
-0.1540751
70.06769
130.9174
-277.249
1.0
Item_Fruit_A
0
-2.243061
0
672.7355
124.0144
-260.104
1.0
Obj_TreeApple_A_M_01.077
0
-0.3547524
0
569.639
126
-346.5054
1.0
Obj_TreeGashamahiBase_A_01_Far.004
0
-1.678131
0
759.6866
185.8572
-821.4091
1.25
FldObj_CliffGashamahi_A_05.070
-0.9587412
-1.109872
0.1341955
872.525
112.4415
-187.5382
1.0
Area
0
0
0
270.2871
129.6649
-711.8924
20
FldObj_CliffGashamahi_A_01_Far.028
1.462018
-0.3614314
3.130549
920.9087
180.8694
-438.2886
1.0
Obj_TreeApple_A_L_01.002
0
0
0
461.1567
126.8072
-285.0089
1.0
LinkTagAnd
0
0
0
503.9539
125.8314
-493.4688
1.0
FldObj_CliffGashamahi_A_03.025
1.522972
0.7979436
2.780651
1013.816
157.8054
-659.9944
1.0
FldObj_CliffGashamahi_A_04.033
1.994896
-0.05096686
-3.023212
680.2653
154.4315
-945.3385
1.0
LinkTagOr
3.141479
1.145019
3.141479
349.2945
133.9651
-477.9545
1.0
Item_Fruit_A
0
1.396263
0
243.4092
142.1657
-937.9139
1.0
FldObj_CliffGashamahi_A_01.029
1.241593
-1.461593
3.141593
685.5626
168.2287
-691.6971
1.0
FldObj_CliffGashamahi_A_05.071
1.081593
0.6215925
3.141593
843.4505
161.8894
-577.9185
1.0
Item_Fruit_A
0
0
0
503.4771
130.5095
-253.9998
1.0
FldObj_CliffGashamahi_A_05.072
-1.48
0
0
599.6984
119.4911
-519.5889
1.0
Enemy_Guardian_A
-0.04714353
-2.394515E-05
-0.001015672
168.4287
132.5501
-371.4448
1.0
ActorObserverTag
0
0.6799999
0
620.7555
126.0526
-191.7445
1.5
LinkTagOr
0
2.536486
0
647.2589
123.3952
-251.952
1.0
Item_Fruit_A
0
1.18073
0
619.5573
128.6581
-300.6539
1.0
Item_Fruit_A
0
1.357253
0
544.0919
127.5473
-254.7126
1.0
FldObj_CliffGashamahi_A_03_Far.024
1.612101
-0.6997551
3.116231
909.0408
161.3266
-81.69678
1.0
FldObj_CliffGashamahi_A_05.073
-3.068332
1.502319
-1.086083
540.9268
135.1245
-885.133
1.0
LinkTagOr
0
2.230626
0
577.6873
123.8389
-288.3244
1.0
FldObj_CliffGashamahi_A_04_Far.033
2.154648
0.7898396
-3.068066
790.9031
206.6408
-853.1566
1.0
Area
0.2
0.4400001
0
689.2117
165.3553
-628.502
1.0
LinkTagOr
0
1.457792
0
651.3628
123.5283
-211.5681
1.0
KorokAnswerResponce
0
0.6799999
0
630.0415
126.2819
-199.087
0.5
FldObj_CliffGashamahi_A_04_Far.034
-1.218975
-1.273005
0.06511639
832.8245
116.9833
-314.6894
1.0
FldObj_CliffGrayParts_A_04_Far
2.141592
0.5615918
-3.141592
534.4424
115.6096
-444.3181
1.0
Item_Fruit_A
0
0
0
509.4771
128.7095
-253.8498
1.0
FldObj_CliffGashamahi_A_01_Far.029
-1.594978
0.7235535
0.1714586
874.9033
212.8719
-655.5129
1.0
LinkTagAnd
0
0
0
655.9
192.9
-867.4
1.0
FldObj_CliffGashamahi_A_01_Far.030
-1.52
0
0
984.5144
183.3755
-510.2585
1.0
Obj_TreeApple_A_M_01.078
0
2.24852
0
564.6937
123.6225
-263.0757
1.0
LinkTagOr
0
-1.956703
0
622.7222
123.904
-276.0732
1.0
LinkTagOr
0
1.264068
0
513.9781
123.8923
-244.5475
1.0
LinkTagOr
0
0
0
96.63617
182.3925
-427.9641
1.0
FldObj_CliffGashamahi_A_04_Far.035
-1.2
-0.6399999
0
883.1937
154.3617
-370.7742
1.0
FldObj_CliffGashamahi_A_04.034
-1.25257
-0.1512239
-0.0980036
940.1392
154.5211
-317.0189
1.0
Item_Fruit_A
0
-0.08993109
0
999.1082
191.7755
-476.1102
1.0
Enemy_Moriblin_Middle
0
-0.2016018
0
911.5001
148.3199
-254
1.0
Obj_TreeGashamahiBase_A_01_Far.005
0
-2.039999
0
765.53
172.4406
-750.8021
1.0
LinkTagOr
0
2.001838
0
463.9801
127.8234
-318.2629
1.0
LinkTagOr
0
-1.842285
0
591.0562
123.573
-236.7404
1.0
LinkTagOr
0
1.600001
0
623.1711
134.7597
-123.1888
1.0
Obj_BoardWood_Square_01.001
0
-0.07999992
0
491.2262
139.0952
-507.832
1.0
FldObj_CliffGashamahi_A_01_Far.031
1.241593
-1.461593
3.141593
685.5626
168.2287
-691.6971
1.0
FldObj_CliffGashamahi_A_04.035
-1.068861
-0.2177001
-0.1018388
949.848
179.547
-404.256
1.0
Obj_TreeGashamahiBase_A_01_Far.006
0
-0.1599998
0
681.0529
164.2674
-754.0673
1.0
Enemy_Chuchu_Ice_Junior
0
0
0
487.6
139.1638
-827.3
1.0
LinkTagOr
0
-0.3547524
0
573.4752
126.0156
-347.6383
1.0
FldObj_CliffGashamahi_A_05.074
1.49746
-0.317358
-3.061611
362.7123
99.9832
-698.5274
1.0
Obj_TreeApple_A_M_01.079
0
0.1691496
0
996.3279
188.8999
-499.0851
1.0
Area
0
-2.039996
0
85.54694
138.9887
-634.9767
3
Enemy_AirOctarock
0
-0.8653981
0
487.4329
140.7046
-504.1374
1.0
FldObj_CliffGashamahi_A_03.026
-1.397889
0.5799617
0.007073202
802.403
201.8129
-840.8796
1.0
Item_Fruit_A
0
1.463727
0
644.9308
127.357
-237.548
1.0
Enemy_Chuchu_Ice_Junior
0
0
0
483.6
137.501
-827.3
1.0
Item_Fruit_A
0
0.2003749
0
571.7695
127.7533
-312.3248
1.0
Obj_TreeApple_A_M_01.080
0
-0.7358378
0
656.764
123.5126
-190.2944
1.0
Enemy_Bokoblin_Middle
0
-2.643195
0
911.9578
147.9832
-246.2514
1.0
LinkTagAnd
0
0
0
491.1
126.7239
-897.3
1.0
TwnObj_HyruleCastleGround_Cliff_A_03.002
0.03141541
-1.060172
-0.08185016
154.9375
130.9905
-801.446
1.0
ConstraintDummy
0
-2.159999
0
319.7055
137.6012
-959.6252
0.5
LinkTagOr
0
1.32
0
655.3957
133.7952
-106.8363
1.0
SwitchTimeLag
1.570796
1.298409
3.141593
290.2866
120.2136
-722.5198
0.5
LinkTagAnd
0
2.356194
0
682.8214
179.9037
-756.3213
1.0
Obj_TreeApple_A_M_01.081
0
2.160015
0
431.8361
130.3614
-338.2337
1.0
AirWallHorse_HiddnKorok
0
-2.039996
0
85.54694
138.798
-634.9767
3
Item_Fruit_A
0
0.6799999
0
614.6856
128.2635
-191.3634
1.0
LinkTagOr
0
0.6738726
0
422.3941
131.3929
-351.7822
1.0
Obj_TreeApple_A_M_01.082
0
1.007398
0
573.3715
124.2093
-200.7532
1.0
FldObj_CliffGashamahi_A_04.036
2.054897
-0.007465087
-2.944781
725.8625
193.3087
-874.8568
1.0
Obj_TreeApple_A_M_01.083
0
2.470445
0
442.3304
129.5634
-343.0288
1.0
FldObj_CliffGashamahi_A_04_Far.036
-0.8482565
-1.478557
-0.5573776
396.3048
103.7508
-748.844
1.0
FldObj_CliffGashamahi_A_05.075
-1.66
-1.46
0
1008.992
145.0376
-105.7093
1.0
Npc_HiddenKorokGround
0
0.6799999
0
623.2406
123.537
-194.769
1.0
LinkTagAnd
2.997706
0.7854611
3.027022
840.7881
238.7353
-691.8723
1.0
LinkTagAnd
0
0
0
763.6998
187.3442
-809.9354
1.0
LinkTagOr
0
0
0
242.0599
139.1257
-933.9415
1.0
FldObj_CliffWhiteWall_A_02_Far
0
2.06
0
778.4627
133.109
-17.24396
0.8
LinkTagOr
0
1.160001
0
507.1058
144.3195
-883.0768
1.0
Item_Fruit_A
0
0
0
459.0067
132.0572
-286.0588
1.0
FldObj_CliffGashamahi_A_01.030
-1.76
0
0
594.1535
150.8852
-916.718
1.0
FldObj_HyliaStoneRuinTowerBase_A_01_Far.005
-0.7773404
-0.1754711
-0.02231577
401.9517
137.4446
-417.924
1.0
LinkTagOr
0
-2.039996
0
85.32111
140.5886
-634.5306
1.0
FldObj_CliffGashamahi_A_01_Far.032
-1.48
0
0
921.0328
188.4283
-582.5217
1.0
LinkTagNAnd
0
0.6799999
0
615.6284
129.0963
-187.5983
1.0
Obj_TreeApple_A_M_01.084
0
2.50435
0
504.2359
124.4037
-266.3175
1.0
FldObj_CliffGashamahi_A_07.001
0.7534537
1.365393
0.7428606
990.2269
193.6999
-445.0037
1.0
FldObj_CliffGashamahi_A_04.037
-0.2385137
-1.279282
-0.8123398
565.3851
149.9551
-666.3566
1.0
FldObj_CliffGashamahi_A_03_Far.025
-1.083548
0.340219
0.3386562
674.6276
142.562
-588.6007
1.0
Item_Fruit_A
0
3.007767
0
601.494
130.4974
-291.272
1.0
DgnObj_WarpPoint_A_01
0
-1.658132
0
752.1265
188.6875
-822.102
1.0
FldObj_CliffGashamahi_A_03_Far.026
1.768408
-0.09852405
-2.039004
842.7538
119.459
-98.06415
1.0
LinkTagOr
0
-1.345121
0
547.4111
124.4044
-302.3719
1.0
Item_Fruit_A
0
-2.021813
0
469.1538
130.7712
-304.6303
1.0
FldObj_HyliaStoneRuinTower_A_01_Far.003
0
0.8726646
0
358.8181
124.2712
-483.467
1.0
Item_Fruit_A
0
0.1691496
0
996.816
194.6999
-496.4119
1.0
LinkTagNAnd
0
0.6799999
0
620.7555
127.4401
-191.7444
1.0
Obj_TreeApple_A_M_01.085
0
2.113391
0
461.3183
126.0433
-273.7824
1.0
LinkTagOr
0
-2.852149
0
598.0098
124.341
-331.6551
1.0
FldObj_CliffGashamahi_A_04_Far.037
2.261593
-0.9615926
3.141593
885.7621
138.0618
-117.4483
1.0
LinkTagAnd
0
0.44
0
683.5054
173.3099
-640.4905
2
FldObj_CliffGashamahi_A_01.031
-1.52
0
0
984.5144
183.3755
-510.2585
1.0
Enemy_Chuchu_Ice_Junior
0
0
0
555.4
161.3442
-834.3
1.0
Obj_TreeApple_A_M_01.086
0
-2.995612
0
584.8785
124.0288
-199.6468
1.0
FldObj_CliffGashamahi_A_04.038
2.0184
-1.243433
2.85878
421.422
109.8816
-840.6406
1.0
LinkTagAnd
0
0
0
254.3634
128.8512
-705.1688
1.0
LinkTagOr
0
-2.667763
0
567.9792
125.5891
-328.4966
1.0
LinkTagAnd
0
0
0
952.9
191.1
-595
1.0
Item_Fruit_A
0
0.2725671
0
643.3716
126.1065
-179.8248
1.0
Obj_TreeApple_A_M_01.087
0
0
0
632.5687
127.0137
-160.2114
1.0
FldObj_HighwayHylia_A_01_Far.002
0
0
0
192.2443
131.8296
-925.2615
1.0
LinkTagAnd
0
0.6799999
0
626.9481
131.0371
-193.3704
1.0
Obj_TreeApple_A_M_01.088
0
1.400001
0
511.4922
125.1708
-296.7041
1.0
FldObj_CliffGashamahi_A_03_Far.027
1.941593
1.301593
3.141593
913.9177
168.7105
-838.2059
1.0
LinkTagOr
0
0.6799999
0
622.0799
123.9149
-195.2565
1.0
FldObj_CliffGashamahi_A_01.032
1.361592
-1.341593
3.141593
715.075
118.4178
-454.7571
1.0
Obj_TreeApple_A_M_01.089
0
3.119833
0
719.046
123.4272
-198.2475
1.0
LinkTagOr
0
-1.486195
0
995.036
188.7355
-477.119
1.0
TwnObj_HyruleCastleGround_Cliff_A_01_Far.002
3.020262
-0.08462229
3.118626
145.6943
130.1818
-724.3745
1.0
FldObj_CliffGashamahi_A_04_Far.038
-1.284462
0.4773069
0.199214
766.1306
189.2935
-703.5872
1.0
Area
0
-1.2
0
766.2207
190.1938
-820.7012
25
Obj_LiftRockWhite_A_01.004
0
-2.039996
0
85.54694
137.9386
-634.9767
1.0
LinkTagOr
0
-2.382287
0
641.9724
123.5322
-225.874
1.0
Item_Fruit_A
0
2.215843
0
452.6441
130.6511
-287.8224
1.0
Obj_TreeApple_A_M_01.090
0
-1.190236
0
695.4749
123.476
-214.5522
1.0
FldObj_CliffGashamahi_A_05.076
-0.8488756
-1.044195
-0.3564018
807.931
177.6925
-632.3583
1.0
FldObj_HyliaStoneRuinDebris_A_01.007
0.2496868
1.118095
0.4552654
392.9417
134.2755
-414.7272
1.0
Npc_HiddenKorokGround
0
1.570796
0
86.2337
138.8198
-412.086
1.0
FldObj_CliffGashamahi_A_03.027
1.768408
-0.09852405
-2.039004
842.7538
119.459
-98.06415
1.0
Item_Fruit_A
0
0
0
463.0568
132.4072
-286.1089
1.0
TwnObj_HyruleCastleGround_Cliff_A_03.003
-2.373277
-1.40878
2.205413
103.3685
131.5783
-997.5155
1.0
Area
0
2.580002
0
179.025
134.9423
-940.7783
3