UnitConfigName/__text
Rotate/value/0
Rotate/value/1
Rotate/value/2
Translate/value/0
Translate/value/1
Translate/value/2
_Scale
LinkTagAnd
0
0
0
802.4222
144.5675
1442.989
1.0
Animal_Kokko_A
0
0.5
0
358.2644
115.2637
1120.839
1.0
FldObj_CliffWhiteParts_A_02
2.841593
1.061593
3.141593
650.8887
130.595
1911.435
1.0
LinkTagAnd
0
-1.799998
0
323.6079
120.7383
1926.939
1.0
ActorObserverTag
0
0
0
202.73
130
1595.764
1.0
Npc_TripMaster_08
0
2.356194
0
324.6607
115.4017
1089.033
1.0
KorokAnswerResponce
0
1.340001
0
109.8944
118.6742
1710.241
0.5
LinkTagAnd
0
0
0
319.3752
128.247
1290.927
1.0
FldObj_CliffWhiteParts_A_02.001
2.757971
-0.1963738
-3.089494
846.6569
114.0568
1900.599
1.0
LinkTagAnd
0
0
0
344.9137
122.0797
1007.03
1.0
LinkTagAnd
0
-0.1799992
0
864.9025
146.7022
1891.13
2
LinkTagNone
0
0
0
496.5859
115.3616
1573.821
1.0
KorokAnswerResponce
0
0
0
53.71399
142.7125
1760.753
1.0
ConstraintDummy
0
-0.4006518
0
859.9715
131.9182
1680.429
1.0
ActorObserverTag
0
0.8600005
0
185.3851
117.8065
1718.304
1.0
FldObj_KorokTarget_A_01
0
-1.560004
0
320.855
151.7034
1199.476
1.0
Enemy_Bokoblin_Guard_Junior
0
-2.003079
0
501.8965
121.0228
1264.955
1.0
LinkTagPulse
2.119018
1.387658
2.036474
318.1548
116.4355
1397.059
0.25
SwitchTimeLag
-1.88079
0.2469739
-0.08606601
475.7112
137.2651
1750.501
0.5
LinkTagNone
0
0
0
237.3933
115.6961
1305.762
1.0
LinkTagNone
0
0
0
994.4774
124.5243
1389.956
1.0
Area
0
0.6000001
0
498.015
136.7818
1457.023
5
ActorObserverTag
0
0.8600005
0
185.7114
117.8065
1717.925
1.0
LinkTagAnd
0
-0.1799992
0
869.2845
151.2022
1894.976
2
TwnObj_StableHostel_A_01
0
-2.356194
0
339.2324
115.3124
1095.297
1.0
Npc_HiddenKorokFly
0
-1.799998
0
323.4945
118.2383
1927.427
1.0
LinkTagOr
0
3.039999
0
68.80484
123.6721
1437.95
1.0
FldObj_FlagLarge_A_01
0
0
0
86.99866
123.4589
1586.236
1.0
LinkTagAnd
0
-1.560004
0
300.7815
142.5817
1206.74
2
FldObj_CliffWhiteLumpRock_A_01
2.408077
0.1732502
-2.94556
29.41812
147.8891
1699.789
1.2
FldObj_HyliaStoneRuinStraightWall_A_07
0
-3.141593
0
37.23917
118.2217
1502.818
1.0
PlayerOnScaffoldCheckTag
0
-2.463186
0
501.8312
122.5247
1605.897
1.0
Enemy_Bokoblin_Junior
0
2.085399
0
185.9978
115.4176
1522.385
1.0
FldObj_HyliaStoneRuinStraightWall_A_05
0
0
0
96.06714
118.3246
1529.777
1.0
Area
0
-2.530727
0
285.8836
123.2409
1618.801
50
Area
0
0
0
87.0126
156.4349
1586.279
12
Area
0
0
0
706.46
121
1895.125
10
Item_RoastFish_01
3.123056
1.493834
1.793147
977.9147
115.8059
1342.987
1.2
Item_Fruit_A
0
0
0
428.9262
121.2683
1227.969
1.0
Obj_TreeApple_A_L_01
0
0.4599999
0
934.8264
117.4819
1159.533
1.0
LinkTagAnd
0
0
0
961.401
143.9469
1643.444
1.0
LinkTagNone
0
0
0
955.6244
142.7516
1625.839
1.0
DgnObj_EntranceShutter_A_01
0
0.7391983
0
347.4738
123.0799
1009.838
1.0
Area
2.119018
1.387658
2.036474
318.2366
116.2729
1398.042
3
PlayerOnScaffoldCheckTag
0
-0.4999999
0
952.4324
122.0408
1356.923
1.0
LinkTagNAnd
0
3.039999
0
60.96655
132.1018
1442.053
2
BarrelBomb
0.3675776
-1.537763
-0.3761314
994.9459
115.4669
1388.94
1.0
FldObj_HyliaStoneRuinDebris_A_01_Far
2.709759
-0.1905228
-2.919101
665.9469
137.9611
1646.196
1.25
Obj_BreakBoxIron
-0.08813833
-1.017353
0.08344332
224.5745
117.6306
1301.207
1.0
AnchorAction1
0
-2.66
0
473.5059
120.7117
1012.336
1.0
Area
0
0
0
54.9873
147.9078
1758.558
2
FldObj_KorokTarget_A_01.001
0
-0.1799992
0
874.3425
139.749
1877.088
1.0
Obj_BreakBoxIron.001
-0.009211541
-0.9195058
0.007455801
990.8306
114.9918
1345.653
1.0
Area
0
0.84
0
715.8615
164.3906
1327.699
0.8
Area
-0.2894177
0.8691457
0.09662619
498.9068
151.4435
1783.066
2
Item_Fruit_A
0
0
0
708.0048
159.1835
1283.181
1.0
EnemyFortressMgrTag
0
0.919998
0
288.1221
115.0408
1666.536
1.0
LinkTagAnd
0
-1.560004
0
303.7057
139.5817
1199.708
2
Kibako_Contain_01
0.004949702
-0.001754394
0.01071733
1000.824
115.0199
1351.996
1.0
LinkTagOr
0.1932991
-1.265626
0.08338331
224.7899
124.4095
1706.284
1.0
Obj_RaftWoodSail_A_S_01
0
1.806723
0
408.2801
115.0042
1089.636
1.0
Enemy_Bokoblin_Junior
0
-0.08000194
0
289.2962
115.0408
1661.043
1.0
ActorObserverTag
0
-0.3400002
0
543.7159
185.0872
1899.69
1.5
TBox_Field_Stone
0
-1.570796
0
469.4581
115.0832
1954.549
1.0
LinkTagNone
0
0
0
185.9978
115.4176
1522.385
1.0
SwitchTimeLimited
1.570796
0.1015932
3.141593
60.96655
125.1018
1442.053
0.5
BarrelBomb
0.0002439339
-0.2610838
0.01899888
870.2307
117.62
1683.142
1.0
ConstraintDummy
1.864361
0.6678398
-1.385727
322.1779
117.2802
1925.471
0.1
LinkTagAnd
0
0.6000001
0
516.9562
145.7505
1461.426
2
LinkTagAnd
0
0
0
913.3127
136.7549
1962.272
1.0
Npc_FaronWoods006
0
3.141593
0
238.5
126.497
1600
1.0
Item_Fruit_A
0
1.390756
0
832.7528
142.7019
1240.004
1.0
Obj_TreeApple_A_M_01
0
-0.3400002
0
543.4681
182.0918
1893.906
1.0
FldObj_BridgeHyruleStone_A_01_Far
0
-1.570796
0
206.73
130.797
1603.764
1.0
HorsePlacmentAnchor
0
-1.832596
0
325.6151
115.3228
1085.955
1.0
LinkTagNAnd
0
-0.3400002
0
542.6921
188.6387
1899.328
1.0
LinkTagOr
2.119018
1.387658
2.036474
318.3376
117.9283
1397.799
1.0
LinkTagAnd
0
0
0
185.7377
119.8065
1718.277
1.0
SwitchTimeLag
-1.570796
0
0
55.71399
144.7125
1760.753
0.5
LinkTagAnd
0
-0.1799992
0
871.2523
149.7022
1895.334
2
LinkTagOr
0
0
0
354.8845
117.0671
1997.546
1.0
LinkTagAnd
0
-1.560004
0
300.7599
144.0817
1204.74
2
FldObj_CliffWhiteLumpRock_A_01.001
2.360505
-0.1346522
-2.878388
965.018
120.5904
1593.804
1.0
Area
0
-1.17031
0
907.7211
132.0277
1933.084
15
KorokAnswerResponce
0
0.84
0
717.5301
165.5906
1325.838
1.0
FldObj_HyliaStoneRuinStraightWall_A_05_Far
0
-1.570796
0
33.76083
118.2217
1509.973
1.0
Enemy_AirOctarock
0
1.123805
0
273.9663
116.3266
1642.232
1.0
FldObj_CliffWhiteCave_A_03
0
0.84
0
706.5746
117.4163
1798.498
1.0
FldObj_CliffWhiteParts_A_06
2.820615
-0.4329682
3.064415
819.8231
111.8343
1911.738
1.0
LinkTagAnd
0.1794123
0.529906
-1.02814
7.131165
208.7237
1897.044
1.0
ActorObserverTag
0
0.6000001
0
503.7355
143.5396
1453.11
2
Weapon_Spear_004
-0.1585366
1.493834
1.793147
978.4496
114.4929
1342.879
0.6666666
LinkTagOr
0
0.4599999
0
932.8317
117.4819
1156.432
1.0
Obj_TreeApple_A_M_01.001
0
0
0
428.895
115.4683
1225.252
1.0
LinkTagOr
-0.2894177
0.8691457
0.09662619
498.3499
153.1228
1782.734
1.0
LinkTagAnd
-0.1596164
-0.7949901
0.4448491
515.6447
169.444
1787.534
1.0
TBox_Field_Enemy
0
-1.181592
0
207.5323
120.5406
1508.704
1.0
LinkTagPulse
-0.00234182
-0.0001314307
-0.112129
1041.649
122.1333
1318.151
0.25
LinkTagAnd
0
-0.3400002
0
551.1052
185.4
1903.34
1.0
FldObj_HyliaStoneRuinStraightWall_A_05.001
0
0
0
59.44589
118.3368
1456.413
1.0
Item_Fruit_A
0
1.745329
0
895.845
134.1291
1940.352
1.0
Item_Fruit_A
0
-0.3400002
0
545.2042
184.6418
1894.096
1.0
Obj_TreeBroadleafRoot_B_L_01
0
-1.456814
0
388.8712
138.3615
1792.55
1.0
LinkTagAnd
0
0
0
806.3536
151.0682
1453.003
2
LinkTagAnd
0
0
0
1047.199
165.681
1789.094
1.0
Kibako_Contain_01
-0.08389775
-0.05843935
-0.05176098
1001.277
115.1771
1359.545
1.0
LinkTagOr
0
3.039999
0
64.45819
125.1018
1437.383
2
LinkTagNone
0
0
0
1042.591
164.3075
1783.878
1.0
FldObj_HyliaStoneRuinDebris_A_01
-3.118755
0.2774934
-3.058403
130.577
118.4438
1470.565
1.0
LinkTagAnd
0
0.6000001
0
517.7246
136.8677
1474.205
2
Enemy_Bokoblin_Junior
0
-2.145981
0
871.1111
117.5468
1679.574
1.0
LinkTagAnd
0
3.141593
0
182.64
119.9161
1720.118
1.0
Obj_BoardWood_Square_01
0
0.6800017
0
1106.167
142.1341
1832.427
1.0
LinkTagAnd
0
0.2687894
0
227.9842
116.5005
1307.978
1.0
Enemy_Bokoblin_Junior
0
2.737697
0
958.5735
143.3125
1649.517
1.0
LinkTagAnd
0
-3.141593
0
88.51651
122.5149
1652.706
0.3
FldObj_KorokPinwheel_A_01
-0.4005923
0.0652784
0.3426911
519.9874
129.3939
1477.956
1.0
LinkTagNAnd
0
1.96
0
201.0448
115.5232
1512.225
1.0
BarrelBomb
1.285157
-1.35752
-1.405526
995.1582
115.7137
1379.441
1.0
LinkTagAnd
0
1.921591
0
497.3641
115.0496
1568.721
1.0
LinkTagPulse
-0.01602835
0.7802445
0.042567
851.1694
116.3287
1623.279
0.25
Area
0
-3.123185
0
853.2869
117.2846
1870.196
15
FldObj_HyliaStoneRuinStraightWall_A_04
0
0
0
19.30774
118.41
1493.608
1.0
LinkTagNone
0
0
0
961.401
143.9469
1643.444
1.0
ActorObserverTag
0
-0.3400002
0
541.0275
186.2512
1898.739
1.5
LinkTagOr
0
1.841589
0
160.1913
152.9367
1942.702
1.0
FldObj_CliffWhiteParts_A_03
-1.839725
-0.698763
0.4504391
847.7125
112.1308
1791.664
1.0
EnemyFortressMgrTag
0
0
0
975.8204
115.1604
1343.578
1.0
ActorObserverTag
0
0
0
659.2955
135.3814
1468.405
2
LinkTagAnd
0
0
0
239.73
127.5
1603.764
1.0
LinkTagNAnd
0
0
0
219.43
130
1606.264
1.0
FldObj_HyliaStoneRuinRightAngleWall_A_02_Far
0
0
0
30.42349
117.4758
1580.832
1.0
Npc_HiddenKorokFly
0
1.160001
0
644.1887
116.8154
1763.264
1.0
ActorObserverTag
0
1.340001
0
108.6921
116.6742
1710.986
2
Enemy_Chuchu_Junior
0
-0.5324258
0
894.4238
140.7634
1968.563
1.0
Area
0
0
0
239.73
127.5
1603.764
1.0
Obj_LiftRockWhite_A_01
0
0
0
232.2081
115.2543
1601.418
1.0
Area
0
0
0
232.2081
116.2544
1601.418
3
LinkTagAnd
0
0
0
316.7352
129.1961
1296.554
1.0
LinkTagAnd
0
0
0
211.93
130
1601.264
1.0
LinkTagNAnd
0
3.039999
0
69.42056
130.469
1465.548
2
Obj_BreakBoxIron.002
-0.1251314
-0.004056131
-0.024514
948.8065
115.2857
1338.024
1.0
Weapon_Lsword_004
-2.082964
0.3798006
-0.0957625
229.4566
116.1016
1291.318
1.0
FldObj_HyliaStoneRuinStraightWall_A_05_Far.001
0
0
0
96.06714
118.3246
1529.777
1.0
DestinationAnchor
0
-2.925993
0
350.6478
123.0797
1011.094
1.0
Enemy_Bokoblin_Middle
0
-1.190935
0
1004.464
115.39
1382.935
1.0
FldObj_HyliaStoneRuinStraightWall_A_03
0
-1.570796
0
70.88678
118.3368
1471.677
1.183388
BoarMeat
0
2.58
0
496.5859
115.3616
1573.821
1.0
LinkTagAnd
0
3.12
0
346.8953
121.249
1067.355
1.0
FldObj_HyliaStoneRuinLookoutSmall_A_01_Far
0
2.421592
0
-10.63522
188.2801
1926.084
1.0
LinkTagOr
0
-0.005506964
0
831.3816
139.6619
1243.969
1.0
FldObj_CliffWhiteParts_A_06.001
2.866597
-0.9051095
3.024026
171.8514
127.9103
1821.519
1.0
FldObj_CliffWhite_A_03
3.115214
0.1676655
3.112305
232.1862
112.7453
1741.082
1.0
Enemy_Bokoblin_Bone_Junior
0
-2.617994
0
82.95383
121.531
1639.742
1.0
Enemy_Bokoblin_Guard_Junior_TreeHouseTop
0
-0.1038041
0
268.1
115.1
1638.5
1.0
Enemy_AirOctarock
0
-0.5869911
0
316.7352
129.1961
1296.554
1.0
FldObj_HyliaStoneRuinStraightWall_A_03_Far
0
0
0
47.94165
118.2217
1529.54
1.0
LinkTagAnd
0
0.6000001
0
507.614
145.7818
1471.054
2
Obj_TreeApple_A_M_01.002
0
0
0
707.9735
153.3835
1280.464
1.0
LinkTagOr
0
0
0
180.6623
133.6921
1159.847
1.0
Area
0
-1.633894
0
516.1042
127.9252
1167.103
3
ActorObserverTag
0
0.6000001
0
503.6615
131.7818
1465.277
2
Obj_LiftRockWhite_A_01.001
-3.041581
-1.507724
3.14158
516.1035
126.9251
1167.118
1.0
LinkTagOr
0
3.039999
0
71.00458
131.469
1469.73
2
DgnObj_EntranceTerminal_A_01
0
0.2155995
0
350.4339
123.0799
1010.117
1.0
Weapon_Shield_004
-1.60922
0.4146454
0.2896273
232.416
115.8947
1290.013
1.0
FldObj_HyliaStoneRuinTowerBase_A_01_Far
1.619134
0.9593607
2.98047
133.1108
121.2838
1484.617
1.0
LinkTagAnd
0
0
0
55.71399
142.7125
1760.753
1.0
FldObj_HyliaStoneRuinStraightWall_A_05_Far.002
0
0
0
59.44589
118.3368
1456.413
1.0
FldObj_CliffWhiteParts_A_03_Far
-0.7006091
-0.7983659
-0.1854022
738.7914
122.1543
1654.581
1.0
TBox_Field_Iron
0
-1.370797
0
122
149
1586.3
1.0
ActorObserverTag
0
0
0
711
125
1884
0.5
Obj_BreakBoxIron.003
-3.079289
-0.9253563
3.098408
225.2927
115.5955
1300.367
1.0
LinkTagAnd
0
0
0
520.4717
129.6383
1478.249
1.0
FldObj_HyliaStoneRuinStraightWall_A_02
0
-1.570796
0
81.91748
118.2278
1565.599
1.0
BoarMeat_Frame
0
-2.76009
0
961.401
143.9469
1643.444
1.0
Item_Fruit_A
0
-0.005506964
0
833.8126
142.2269
1240.04
1.0
LinkTagOr
0
-1.801591
0
112.1994
119.1742
1710.269
1.0
LinkTagNone
0
0
0
289.2962
115.0408
1661.043
1.0
FldObj_HyliaStoneRuinDebris_A_01_Far.001
-3.118755
0.2774934
-3.058403
130.577
118.4438
1470.565
1.0
Enemy_AirOctarock
0
-2.803186
0
265.2995
116.3578
1630.978
1.0
Area
0
0.8600005
0
185.7061
116.0565
1717.854
0.1
LinkTagAnd
0
0
0
268.1
115.1
1638.5
1.0
Obj_TreeApple_A_M_01.003
0
-0.3400002
0
551.0102
183.7666
1896.574
1.0
FldObj_HyliaStoneRuinHouse_A_01
0
1.570796
0
119.0579
118.3278
1484.258
1.0
LinkTagAnd
0
0
0
118.8579
120.6637
1499.126
1.0
LinkTagNAnd
-0.2894224
-0.02622674
0.7113423
502.4662
164.2233
1805.778
1.0
LinkTagAnd
0
0
0
468.267
125.3692
1717.428
1.0
FldObj_HyliaStoneRuinLookout_A_02
0
1.570796
0
85.47604
119.2425
1586.559
1.0
BarrelBomb
-5.47382E-05
-0.8630789
-0.000149552
499.8824
121.121
1267.241
1.0
TBox_Field_Stone
0
0
0
599.0367
114.3573
1706.609
1.0
FldObj_HyliaStoneRuinStraightWall_A_02_Far
0
-3.141593
0
57.77747
118.3368
1491.714
1.0
SignalFlowchart
-0.01983254
0.001009287
0.001980029
799.9792
145.9155
1473.123
2
FldObj_HyliaStoneRuinStraightWall_A_03_Far.001
0
0
0
25.7515
118.323
1560.901
1.0
LinkTagAnd
0
0.6000001
0
516.4349
141.7505
1464.206
2
ForceSetPosDirAutoSaveAnchor
0
-2.402394
0
349.4654
123.0797
1012.172
1.0
FldObj_HyliaStoneRuinStraightWall_A_04_Far
0
0
0
85.02484
118.3245
1561.302
1.0
LinkTagAnd
0
0
0
224.73
130
1593.764
1.0
Obj_RockSetGray_A_L_01
-1.907055
-0.339238
0.135396
467.6434
121.3306
1339.429
1.0
BarrelBomb
0.1516576
-1.140905
-0.1255502
503.4415
121.1015
1274.339
1.0
LinkTagAnd
0
0
0
1111.517
143.7669
1832.96
1.0
DgnObj_DungeonEntrance_A_01
0
0.7391983
0
344.9137
122.0797
1007.03
1.0
TBox_Field_Wood
0
-2.541592
0
1107.099
142.5215
1833.333
1.0
LinkTagOr
0
-2.159999
0
400.7543
116.4026
1061.784
1.0
Obj_TreeApple_A_M_01.004
0
0
0
176.6623
133.6921
1160.847
1.0
Area
0
3.039999
0
52.8262
121.6722
1457.824
1.0
LinkTagAnd
0
-0.8400002
0
704.6527
119.2559
1796.195
1.0
Obj_TreeBroadleaf_A_L
0
2.918272
0
853.2869
117.2846
1870.196
1.117206
ShelterFromRainTag
0
1.714602
0
907.2875
140.5215
1017.363
1.0
SwitchTimeLag
0
0.5600002
0
736.3692
135.3608
1762.761
1.0
LinkTagOr
0
1.745329
0
900.1461
131.5641
1942.04
1.0
FldObj_HangedLamp_A
0
-0.4006518
0
869.3746
126.8107
1683.868
1.0
LinkTagAnd
0
1.038371
0
893.3015
136.7634
1978.348
1.0
LinkTagNOr
1.586793
1.493834
1.793147
981.1904
115.4973
1345.917
1.0
LinkTagAnd
0
0.2195903
0
38.77664
143.2788
1034.602
1.0
LinkTagAnd
0
0
0
649.3337
119.4013
1765.232
1.0
LinkTagNAnd
0
-0.3400002
0
545.6014
185.7246
1900.357
1.0
Enemy_Bokoblin_Middle
0
2.997855
0
999.1046
115.39
1389.737
1.0
Area
0
-3.141593
0
87.01596
121.5564
1646.706
20
FldObj_HyliaStoneRuinLookoutSmall_A_01
0
-0.7200006
0
0.1694641
188.2801
1935.561
1.0
LinkTagAnd
-0.03703922
0.001171453
0.06322642
587.5729
125.9035
1462.37
1.0
LinkTagAnd
0
0
0
711
125
1888
0.5
LinkTagOr
0
0.44
0
5.773895
210.3237
1897.683
1.0
Obj_Plant_Korok_A_01
0
-2.821592
0
468.267
123.9504
1717.428
1.0
ActorObserverTag
0
-0.3400002
0
556.1116
187.9287
1904.075
1.5
FldObj_KorokPinwheel_A_01.001
0.3077407
0.0885329
-0.5563865
69.58337
119.5899
1436.389
1.0
AnchorAction1
0
1.12
0
191.6041
115.4176
1519.242
1.0
LinkTagAnd
0
0
0
802.4712
147.067
1442.979
1.0
LinkTagNAnd
0
0.7391983
0
347.3696
135.5797
1007.498
0.6
AnchorAction1
0
0.5600001
0
358.304
115.279
1120.96
1.0
Area
0
-0.3400002
0
542.6011
187.895
1896.357
0.3
LinkTagOr
0
3.039999
0
71.69516
125.469
1472.816
2
Npc_FaronWoods007
0
-2.792527
0
705
121.2706
1896.5
1.0
BeeHome
0
0
0
178.1309
135.7186
1160.756
1.0
LinkTagAnd
0
0
0
216.93
130
1603.764
1.0
Area
0
0
0
471.9326
131.2705
1734.165
8
DgnObj_EntranceElevator_A_01
0
0.7391983
0
344.9137
123.0799
1007.03
1.0
FldObj_HyliaStoneRuinStraightWall_A_03.001
0
1.570796
0
29.00449
118.3898
1471.577
1.0
LinkTagAnd
0
0
0
516.9562
141.7505
1461.426
1.0
Enemy_Bokoblin_Junior
0
1.794601
0
490.0102
115.3738
1575.099
1.0
BattleBgmRequestFinishTag
0
1.921591
0
495.2846
135.0077
1566.371
1.0
LinkTagOr
0
0
0
670.542
183.3665
1639.363
1.0
Area
0
0
0
229.73
127.5
1603.764
1.0
LinkTagNAnd
0
3.039999
0
72.40509
132.469
1465.852
2
LinkTagAnd
0
2.58
0
309.0967
185.6546
1768.74
2
Area
0
-0.3400002
0
557.184
188.2288
1900.72
0.3
LinkTagAnd
0
1.659978
0
317.8805
117.2544
1394.899
1.0
LinkTagAnd
0.5676367
0.270813
-0.873912
356.3845
115.4671
1997.546
1.0
FldObj_CliffWhiteCave_A_03_Far
0
0.84
0
706.5746
117.4163
1798.498
1.0
LinkTagAnd
2.887586
-0.6296006
-1.594308
223.7561
122.4111
1707.162
1.0
AnchorAction1
0
-2.356194
0
332.0199
115.8124
1088.084
1.0
Obj_KorokPot_A_01
0
3.039999
0
61.95596
128.7503
1457.903
1.0
ActorObserverTag
0
0
0
232.73
130
1595.764
1.0
LinkTagAnd
0
0
0
207.0598
105.3175
1604.388
1.0
FldObj_HyliaStoneRuinDebris_A_01_Far.002
-2.794733
-1.350831
2.325773
681.5916
136.0703
1635.756
1.1
FldObj_KorokTarget_A_01.002
0
2.58
0
311.5934
184.9983
1783.594
1.0
LinkTagNAnd
0
0
0
214.43
130
1601.264
1.0
LinkTagNone
0
0
0
726.1899
115.3582
1756.448
1.0
LinkTagNAnd
0
0.5600002
0
738.7594
115.3932
1769.549
1.0
AnchorAction1
0
-0.2799999
0
730.2395
115.3582
1761.438
1.0
FldObj_CliffWhiteParts_A_06_Far
3.001592
1.361593
3.141593
643.2652
113.7115
1870.357
1.0
LinkTagAnd
0
0
0
265.2995
116.3578
1630.978
1.0
FldObj_CliffWhiteLumpRock_A_01.002
-1.287356
-1.22548
0.1320193
618.5164
112.4029
1601.994
1.0
LinkTagAnd
0
3.039999
0
65.14877
125.1018
1440.469
2
FireWood
0
2.58
0
496.5859
115.3616
1573.821
1.0
LookTag
0
-1.705191
0
205.7749
122.3006
1508.466
1.0
EventTag
0
-1.220001
0
503.0648
135.0339
1584.733
1.0
LinkTagAnd
0
0
0
347.0593
121.2421
1079.926
1.0
EventTag
0
0.2155995
0
350.4339
123.0797
1010.117
0.6
Obj_BreakBoxIron.004
3.023245
-0.7058475
-3.092712
964.103
115.0905
1370.439
1.0
LocationTag
0
0
0
87.01599
122.3663
1658.706
1.0
LinkTagAnd
0
0
0
659.2955
137.3814
1468.405
1.0
Obj_LiftRockWhite_A_01.002
2.119018
1.387658
2.036474
318.1477
115.2889
1397.887
1.0
FldObj_HyliaStoneRuinStraightWall_A_03.002
0
0
0
82.15915
118.3246
1507.12
1.0
ActorObserverTag
0
1.659978
0
317.8805
115.2544
1394.899
1.0
LinkTagAnd
0
2.58
0
310.7895
187.1546
1769.805
2
LinkTagNone
0
0
0
54.9873
147.9078
1758.558
1.0
LinkTagOr
0
0
0
214.43
130
1603.764
1.0
Npc_HiddenKorokGround
0
0.7800019
0
850.5078
115.3998
1623.993
1.0
LinkTagOr
0
-1.559999
0
668.6527
137.9751
1468.798
1.0
Area
0
0.2687894
0
235.9268
123.4899
1314.171
2
Enemy_AirOctarock
0
-0.1053964
0
1105.963
143.7435
1837.719
1.0
AnchorSleep
0
2.268928
0
701.1
121.2961
1898.1
1.0
LinkTagAnd
0
0
0
1107.099
142.5215
1833.333
1.0
SwitchTimeLag
1.570796
0.1015932
3.141593
68.06143
126.469
1440.313
0.5
LinkTagAnd
0
1.96
0
199.4163
115.4922
1507.006
1.0
LinkTagNOr
0
0.6000001
0
515.3055
141.7505
1462.556
2
AnchorAction5
0
3.141593
0
287.5
123.1715
1619.5
1.0
TwnObj_StableHostel_A_01_Far
0
-2.356194
0
339.2324
115.3124
1095.297
1.0
Npc_HiddenKorokGround
0
0
0
1040.555
121.3508
1318.153
1.0
LinkTagAnd
-0.2894224
-0.02622674
0.7113423
503.9806
165.5285
1805.83
1.0
FldObj_CliffWhite_A_S_01
0
0.08000062
0
732.6111
114.7642
1890.387
1.3
Enemy_AirOctarock
0
1.570451
0
127.8031
150.2162
1585.832
1.0
LookTag
0
-3.141593
0
87.01651
121.5149
1648.206
1.0
AnchorAction1
0
2.792527
0
340.6554
115.4262
1075.57
1.0
Obj_TreeBroadleaf_A_L.001
0
-1.412038
0
907.7211
132.0277
1933.084
1.117206
LinkTagAnd
1.586793
1.493834
1.793147
978.2541
114.8824
1345.921
1.0
LinkTagAnd
0
2.58
0
313.424
182.6546
1775.007
2
Item_Fruit_A
0
-3.141593
0
895.9999
134.6041
1941.401
1.0
Obj_BreakBoxIron.005
3.131107
-0.8995968
3.140996
962.1588
115.2062
1316.877
1.0
LinkTagAnd
0
0
0
659.2955
135.3814
1468.405
1.0
FldObj_HangedLamp_A.001
0
-1.54
0
994.4774
124.5243
1389.956
1.0
FldObj_KorokTarget_A_01.003
0
-0.1799992
0
864.7037
150.0147
1879.879
1.0
FldObj_HighwayHyliaWall_A_02_Far
0
1.570796
0
110.8911
118.0527
1462.081
1.0
LinkTagOr
0
0.6000001
0
517.3035
141.7505
1467.247
2
FldObj_KorokPinwheel_A_01.002
-0.1806809
0.01744061
-0.07807975
293.9435
133.6016
1205.35
1.0
SwitchTimeLag
1.570796
0.561593
3.141593
311.8338
186.2717
1766.264
0.5
LinkTagNone
0
0
0
493.8972
115.3616
1587.399
1.0
LinkTagOr
0
0.84
0
715.4445
168.8484
1326.654
1.0
Area
0
0
0
467.6558
120.9792
1706.038
50
LinkTagOr
-0.01344663
-0.02113482
-0.04129224
800.514
146.8439
1505.13
2
LinkTagAnd
0
0.5600002
0
747.062
115.3707
1765.914
1.0
Enemy_Bokoblin_Junior
0
-2.559999
0
733.9366
115.3582
1767.013
1.0
SwitchTimeLag
-1.860219
-0.02622674
0.7113423
504.186
165.3287
1804.872
0.5
FldObj_KorokTarget_A_01.004
0
-1.560004
0
320.855
142.6178
1204.47
1.0
FldObj_CliffWhiteParts_A_03_Far.001
-1.839725
-0.698763
0.4504391
847.7125
112.1308
1791.664
1.0
FldObj_HyliaStoneRuinLookoutSmall_A_01.001
0
2.421592
0
-10.63522
188.2801
1926.084
1.0
LinkTagNone
0
0
0
224.081
115.6961
1301.97
1.0
LinkTagAnd
0
3.039999
0
69.05627
127.469
1440.415
2
LinkTagAnd
0
0.5600002
0
743.6255
115.3622
1767.057
1.0
Enemy_Bokoblin_Junior
0
0.6853989
0
726.1899
115.3582
1756.448
1.0
LinkTagAnd
0
0
0
315.0759
129.2742
1289.007
1.0
ActorObserverTag
0
3.039999
0
47.85199
122.6722
1457.317
2
FireWood
0
3
0
975.8204
115.1604
1343.578
1.0
LinkTagAnd
0
0.7391983
0
347.8474
123.0797
1012.475
0.3
LinkTagAnd
0
-0.3400002
0
550.2278
192.0468
1904.783
1.0
LinkTagAnd
0
0
0
122.4865
150.2709
1580.809
1.0
Weapon_Spear_004
-1.745329
-1.559999
-0.18
973.7225
114.4068
1342.478
0.6666666
LinkTagAnd
1.994912
-0.6868142
-1.271515
515.9781
127.9251
1169.099
1.0
Item_Fruit_A
0
0
0
709.7834
155.9485
1279.994
1.0
FireWoodDie
0
-0.2799999
0
730.2395
115.3582
1761.438
1.0
Item_Fruit_A
0
-0.3400002
0
549.642
188.2229
1898.052
1.0
SwitchTimeLag
-1.590629
0.001009287
0.001980029
795.9752
147.9072
1473.088
0.5
LinkTagAnd
0.5676367
0.270813
-0.873912
234.2081
116.2543
1601.418
1.0
Enemy_Bokoblin_Junior
0
0.1417994
0
236.6584
115.5006
1299.104
1.0
LinkTagNone
0
0
0
743.3323
120.4107
1775.344
1.0
BattleBgmRequestFinishTag
0
0.2687894
0
244.925
136.448
1305.075
1.0
LinkTagOr
0
0
0
86.46262
167.0443
1586.279
1.0
LinkTagAnd
-0.01983254
0.001009287
0.001980029
799.9712
149.9147
1473.044
2
FldObj_CliffWhite_A_05_Far
0
-2.120001
0
178.4846
103.5105
1775.532
1.0
LinkTagAnd
0
0
0
518.55
135.8677
1473.641
1.0
FldObj_HyliaStoneRuinStraightWall_A_02.001
0
-3.141593
0
57.77747
118.3368
1491.714
1.0
LinkTagOr
-1.570796
0
0
183.0072
121.4786
1738.618
1.0
LinkTagAnd
0
0
0
122.4379
150.2943
1591.394
1.0
Npc_HiddenKorokGround
0
-0.8400002
0
704.9866
116.7559
1796.567
1.0
LinkTagNAnd
0
-1.560004
0
300.7383
141.0817
1202.74
2
LinkTagNAnd
0
0.6000001
0
510.09
141.7818
1469.36
2
LinkTagAnd
0
0
0
717.1964
165.3484
1326.21
1.0
LinkTagAnd
0
0
0
122.4048
148.6615
1586.017
1.0
FldObj_CliffWhiteParts_A_06_Far.001
2.796311
0.3091497
-3.114845
46.78284
110.6158
1649.378
1.0
ActorObserverTag
0
0
0
212.73
130
1595.764
1.0
LinkTagOr
0
0
0
206.73
130
1595.764
1.0
FldObj_CliffWhiteParts_A_05
-0.05999999
0.78
0
988.9777
92.39688
1666.69
0.6
LinkTagAnd
0
-1.181592
0
194.2863
135.5123
1506.116
1.0
Rope
0
-0.4006518
0
869.3746
130.8107
1683.868
1.0
DgnObj_WarpPoint_A_01
0
-3.141593
0
87.01651
122.4779
1649.51
1.0
Area
-0.003973874
0.01995536
-0.01968072
802.4222
144.5675
1442.989
1.0
Npc_HiddenKorokGround
0
0.2195903
0
39.26459
140.7788
1034.492
1.0
Obj_RaftWoodSail_A_S_01.001
0
-2.48
0
807.0198
115.0042
1649.884
1.0
ActorObserverTag
0
0
0
55.71399
142.7125
1760.753
2
LinkTagOr
0
-2.66
0
472.1163
120.7117
1009.677
0.5
TBox_Field_Stone
0
-1.570796
0
399.4975
114.4671
1876.072
1.0
FldObj_KorokTarget_A_01.005
0
-0.1799992
0
870.304
156.8272
1882.661
1.0
Enemy_AirOctarock
0
1.75232
0
1053.632
164.3075
1788.98
1.0
Rope
0
-1.54
0
994.4774
128.5243
1389.956
1.0
Area
0
0.3200001
0
468.267
125.3692
1717.428
2
FldObj_KorokTarget_A_01.006
0
-1.560004
0
320.8603
135.0064
1205.782
1.0
Obj_BreakBoxIron.006
0.01399446
-1.040655
-0.01831674
961.4309
117.2038
1317.806
1.0
ActorObserverTag
0
3.039999
0
71.69516
120.469
1472.816
2
LinkTagNAnd
0
-0.1799992
0
867.3169
148.2022
1894.618
2
Obj_TreeApple_A_M_01.005
0
1.745329
0
896.6225
131.5641
1942.053
1.0
AnchorAction4
0
0
0
110
130
1610
1.0
Enemy_Bokoblin_Junior
0
-2.64
0
956.8203
115.1309
1326.922
1.0
Item_Fruit_A
0
0
0
430.705
118.0333
1224.782
1.0
ActorObserverTag
0
1.340001
0
109.1497
116.6742
1709.039
2
Obj_KorokIronRock_A_01
-0.8155428
0.2297407
-1.3596
710.8336
163.1597
1334.409
1.0
LinkTagOr
0
0.3200001
0
462.1244
120.7449
1694.565
1.0
PlayerOnScaffoldCheckTag
0
1.96
0
208.714
122.5006
1513.623
1.0
Area
0
1.921591
0
505.087
122.0496
1574.594
2
Area
0
0.44
0
5.321655
208.7238
1897.896
3
Obj_LiftRockWhite_A_01.003
0
0.44
0
5.321655
207.7237
1897.896
1.0
LinkTagOr
0
0.6000001
0
506.1807
142.7818
1467.188
2
PlayerOnScaffoldCheckTag
0
-0.6962636
0
984.7778
156.2528
1613.637
1.0
LinkTagAnd
0
3.039999
0
72.40509
134.469
1465.852
2
LinkTagAnd
0
0
0
865.454
142.4762
1903.601
1.0
FireWood
0
0.9271976
0
237.3933
115.6961
1305.762
1.0
FldObj_CliffWhite_A_S_01.001
0
2.78
0
818.5565
114.7642
1854.016
1.3
EventTag
0
-2.872803
0
225.9868
136.4742
1311.325
1.0
LinkTagAnd
0
0
0
292.7613
134.5564
1204.912
1.0
FldObj_HyliaStoneRuinRightAngleWall_A_02
0
0
0
30.42349
117.4758
1580.832
1.0
LinkTagAnd
0
0
0
498.9068
151.4435
1783.066
1.0
LinkTagAnd
0
0
0
1106.551
143.6888
1827.039
1.0
KorokAnswerResponce
0
0
0
657.2955
135.3814
1468.405
1.0
Obj_BreakBoxIron.007
0.4973998
-1.52076
-0.5934662
954.2261
115.3399
1350.643
1.0
LinkTagAnd
0
0
0
273.9663
116.3266
1642.232
1.0
LinkTagOr
0
1.481597
0
337.2193
121.7928
1270.064
1.0
BarrelBomb
-0.01583114
-1.143074
0.01855371
500.7733
121.1324
1269.308
1.0
LinkTagNOr
0
3.12
0
344.6445
121.2539
1069.726
1.0
FldObj_SignboardWood_A_01
0
-0.8200002
0
601.2513
115.4085
1743.004
1.0
LinkTagAnd
0
0
0
1053.632
164.3075
1788.98
1.0
BarrelBomb
0.06187138
-1.141816
-0.07791304
504.5381
121.0322
1276.265
1.0
LinkTagOr
0
0.3200001
0
468.267
127.1692
1717.428
1.0
BarrelBomb
0.01077005
-0.4022798
0.03896543
866.9153
117.5861
1676.855
1.0
Area
0
0
0
209.73
127.5
1603.764
1.0
FldObj_HyliaStoneRuinStraightWall_A_07.001
0
-1.570796
0
66.39053
118.3368
1453.292
1.0
Item_RoastFish_01
1.536264
-1.559999
-0.18
974.2235
115.7376
1342.475
1.2
Area
0
-2.356194
0
339.2324
115.3124
1095.297
40
FldObj_HyliaStoneRuinStraightWall_A_03_Far.002
0
-1.570796
0
70.88678
118.3368
1471.677
1.183388
LinkTagOr
-0.003973874
0.01995536
-0.01968072
802.5104
149.0666
1442.971
2
LinkTagOr
0
-0.1799992
0
868.7649
145.1162
1902.123
1.0
Obj_Plant_Korok_A_01.001
-0.3324713
-0.6136739
0.6973211
514.5169
166.8492
1790.998
1.0
LinkTagAnd
0
0
0
216.93
130
1606.264
1.0
Area
0
1.841589
0
159.7552
151.1163
1942.252
3.5
LinkTagOr
0
-0.1799992
0
868.7475
151.7022
1897.928
2
Obj_BoxIron_A_M_01
-0.001396999
-0.5631425
0.005269405
589.5591
114.1928
1241.083
1.0
LinkTagAnd
0
-2.581593
0
743.6302
135.3823
1761.851
1.0
Obj_BreakBoxIron.008
-0.02941568
-0.5659332
-0.01235184
492.1808
115.4545
1586.348
1.0
Area
0
3.039999
0
59.2384
120.4223
1457.798
5
DestinationAnchor
0
-0.4363323
0
174.2669
150.5887
1933.928
1.0
FldObj_HyliaStoneRuinStraightWall_A_03_Far.003
0
1.570796
0
49.70569
118.3368
1484.823
1.0
TBox_Field_Stone
0
0
0
257.8414
114.567
1938.588
1.0
LinkTagOr
0
0.6000001
0
519.0395
133.5005
1475.243
1.0
LinkTagOr
0
3.12
0
344.684
121.2676
1076.183
1.0
Obj_TreeBroadleafRoot_B_L_01.001
0
-0.2600004
0
238.8211
145.9948
1827.826
1.0
FldObj_CliffWhite_A_S_01.002
0.7901853
-0.2997874
-0.8544891
932.6819
123.4719
1662.97
1.0
LinkTagAnd
0
0
0
85.01651
122.5151
1652.706
1.0
Obj_TreeBroadleaf_A_L.002
0
-1.081728
0
892.4776
120.4037
1890.069
1.117206
LinkTagOr
0
-0.3400002
0
549.2872
183.7666
1899.648
1.0
SwitchTimeLimited
-1.570796
0.6000001
0
516.9562
141.7505
1461.426
0.5
FldObj_HyliaStoneRuinDebris_A_01.001
-2.794733
-1.350831
2.325773
681.5916
136.0703
1635.756
1.1
FldObj_CliffWhiteParts_A_06.002
3.001592
1.361593
3.141593
643.2652
113.7115
1870.357
1.0
Area
0
-1.559999
0
668.647
136.4751
1468.298
2
LinkTagAnd
-0.01602835
0.7802445
0.042567
850.0184
117.881
1624.316
1.0
LinkTagNAnd
0
0.6000001
0
516.9562
148.7505
1461.426
2
LocationTag
0
0
0
344.9137
122.0797
1007.03
1.0
Item_Fruit_A
0
1.745329
0
899.293
137.3641
1941.55
1.0
LinkTagAnd
0
0
0
717.1964
167.3484
1326.21
1.0
FldObj_HyliaStoneRuinStraightWall_A_05_Far.003
0
1.570796
0
27.96075
116.8765
1594.648
1.0
FldObj_CliffWhiteLumpRock_A_01.003
-0.8400002
1.08
0
295.079
116.5804
1202.91
1.0
Area
-0.01344663
-0.02113482
-0.04129224
800.327
142.3482
1505.191
1.0
LinkTagAnd
0
0
0
710
125
1886
0.5
SwitchTimeLag
-1.570796
0
0
659.2955
137.3814
1468.405
0.5
FldObj_SkullRock_A_01_Far
0
-0.4006518
0
867.3057
117.6607
1675.933
1.0
FldObj_AncientStoneTower_A_01
0
0
0
543.3474
104.89
1263.322
1.0
LinkTagAnd
-0.00234182
-0.0001314307
-0.112129
1040.337
123.891
1318.148
1.0
KorokAnswerResponce
0
2.58
0
310.141
184.2717
1765.199
0.5
EventTag
0
0
0
709
125
1884
0.5
LinkTagOr
0
-1.560004
0
297.7601
144.5817
1204.772
2
LinkTagNone
0
0
0
118.515
118.8278
1500.479
1.0
LinkTagAnd
0
0
0
913.3127
136.7549
1952.272
1.0
FldObj_CliffWhiteParts_A_03.001
-0.7925551
0.6629305
0.08814818
916.2056
123.6903
1673.793
1.0
Enemy_Bokoblin_Middle
0
1.12
0
186.2035
115.4176
1516.628
1.0
LinkTagAnd
0
3.039999
0
60.96655
129.1018
1442.053
2
LinkTagOr
0
-1.560004
0
295.586
137.7223
1205.296
1.0
ActorObserverTag
0
0
0
713
125
1884
0.5
FldObj_HyliaStoneRuinStraightWall_A_03_Far.004
0
1.570796
0
29.00449
118.3898
1471.577
1.0
LinkTagAnd
0
0
0
320.9439
118.4805
1932.479
1.0
FldObj_CliffWhite_A_S_01_Far
0.7901853
-0.2997874
-0.8544891
932.6819
123.4719
1662.97
1.0
KorokAnswerResponce
0
-0.3400002
0
549.176
186.2666
1901.759
0.5
LinkTagAnd
0
0
0
500.3591
156.222
1794.403
1.0
KorokAnswerResponce
0
-0.1799992
0
871.2244
146.6162
1902.571
0.5
Area
0
0.4856054
0
904.611
139.7742
1024.699
50
Obj_BreakBoxIron.009
0.005153438
0.6317817
-0.05060295
962.2034
115.2948
1334.893
1.0
LinkTagNAnd
0
0.6000001
0
507.614
143.7818
1471.054
2
FldObj_HyliaStoneRuinHouse_A_02_Far
0
0
0
50.38477
118.3368
1560.979
1.0
FldObj_ChainEyeBolt_A_01
1.259999
0.7307963
3.141593
715.012
165.1705
1329.747
1.0
FldObj_HyliaStoneRuinStraightWall_A_03_Far.005
0
0
0
82.15915
118.3246
1507.12
1.0
Area
0
0.8600005
0
185.3146
116.6565
1718.309
0.1
LinkTagOr
0
0.6000001
0
503.6615
136.7818
1465.277
2
Enemy_AirOctarock
0
3.036196
0
1106.551
143.6888
1827.039
1.0
LinkTagAnd
0
0.2687894
0
242.4122
116.4899
1306.955
1.0
Weapon_Spear_004
1.772408
0.9176227
-2.824612
977.4765
114.6201
1345.492
0.66666
Item_Fruit_A
0
1.396263
0
429.645
118.5083
1224.752
1.0
SwitchTimeLag
-1.570796
0.8600005
0
185.7377
119.8065
1718.277
0.5
LinkTagNOr
0
1.96
0
209.4241
115.5037
1516.071
1.0
LinkTagAnd
0
0
0
869.2567
148.6162
1902.213
1.0
LinkTagAnd
0
0
0
1047.199
162.681
1789.094
1.0
LinkTagAnd
0
1.921591
0
499.5652
115.0602
1583.017
1.0
LinkTagOr
0
1.340001
0
109.1497
119.6742
1709.039
1.0
AnchorSleep
0
-1.308997
0
347.7534
116.7253
1093.119
1.0
LinkTagNone
0
0
0
273.9663
116.3266
1642.232
1.0
Obj_KorokPot_A_01.001
-0.02735126
0.5994528
-0.04845285
504.245
142.6568
1451.951
1.0
LinkTagAnd
0
0
0
68.06143
126.469
1440.313
1.0
LinkTagNAnd
-0.01344663
-0.02113482
-0.04129224
798.5993
148.9246
1505.061
2
LinkTagPulse
0
1.479591
0
39.35565
141.6788
1033.497
0.25
LinkTagNAnd
-0.3099931
0.2469739
-0.08606601
474.0372
137.7157
1751.913
1.0
WallCrack
0
-1.689596
0
590.073
124.683
1468.108
1.0
ConstraintDummy
0
-1.54
0
993.6697
129.6318
1379.976
1.0
Weapon_Shield_004
0.9780319
0.9994821
2.637057
481.2978
115.7823
1580.071
1.0
LinkTagXOr
-0.003973874
0.01995536
-0.01968072
800.5112
149.1059
1443.011
0.5
Rope
2.461567
1.33487
-3.141593
404.5799
117.5903
1090.594
1.0
LinkTagOr
0
0
0
55.4873
149.4078
1758.557
1.0
LinkTagOr
0
2.58
0
312.3871
187.6546
1767.266
2
Weapon_Sword_004
-2.217329
0.4341794
0.1688512
954.2347
142.7516
1626.567
1.0
Item_Fruit_A
0
-0.005506964
0
832.0164
145.4619
1243.217
1.0
Area
0
-0.84
0
892.4776
120.4037
1890.069
15
SwitchTimeLag
-1.570796
0.84
0
717.1964
167.3484
1326.21
0.5
FldObj_CliffWhite_A_05
0
1.118407
0
615.9521
118.48
1471.382
1.0
Area
0
1.160001
0
648.2556
110.7998
1764.763
3
LinkTagOr
0
2.58
0
312.2568
182.7717
1766.531
1.0
Area
0.1932991
-1.265626
0.08338331
225.0628
122.8567
1705.715
3
Obj_LiftRockWhite_A_01.004
2.975452
-0.7988884
-2.698585
225.3271
121.8939
1705.657
1.0
FldObj_HyliaStoneRuinStraightWall_A_04.001
0
1.570796
0
49.42242
118.3265
1537.264
1.0
Enemy_AirOctarock
0
-2.157787
0
315.0759
129.2742
1289.007
1.0
SwitchTimeLag
0
1.96
0
193.9489
135.4908
1513.427
1.0
ActorObserverTag
0
-0.3400002
0
545.6014
184.3372
1900.357
1.5
FldObj_HyliaStoneRuinTowerBase_A_01
-1.104944
-0.7177473
-0.3580511
141.3969
121.4728
1477.195
1.0
LinkTagNone
0
0
0
238.5
126.497
1600
1.0
FldObj_BridgeWoodAndStone_A_01_Far
0
-1.740006
0
325.274
130.852
1273.135
1.0
LinkTagAnd
0
0.6000001
0
514.7842
141.7505
1465.335
2
LinkTagPulse
0
-0.8400002
0
705.6541
117.6559
1797.312
0.25
FldObj_CliffWhite_A_03.001
0
2.043185
0
331.4039
136.6544
1750.531
1.0
KorokAnswerResponce
0
-1.560004
0
295.6127
139.2223
1207.796
0.5
Weapon_Lsword_004
1.270108
1.099561
-2.944718
482.8402
115.9892
1582.914
1.0
BoarMeat
0
0.9271976
0
237.3933
115.6961
1305.762
1.0
Obj_Plant_Korok_A_01.002
-2.852175
-0.8691458
-3.044966
499.2781
150.324
1783.287
1.0
Item_Fruit_A
0
-0.3400002
0
542.6011
187.8918
1896.357
1.0
PosAfterDemoSkip
0
-2.402394
0
349.4654
123.0797
1012.172
1.0
Item_Fruit_A
0
1.396263
0
708.7235
156.4235
1279.964
1.0
LinkTagOr
-0.1596164
-0.7949901
0.4448491
516.2771
169.7454
1788.247
1.0
LinkTagAnd
0
-1.559999
-0.18
973.9213
115.0354
1339.477
1.0
LinkTagAnd
0
0
0
496.5859
115.3616
1573.821
1.0
KorokAnswerResponce
0
-0.3400002
0
541.8007
184.5918
1898.62
0.5
Area
0
0
0
254.73
127.5
1603.764
1.0
FldObj_KorokPinwheel_A_01.003
-0.5604541
0.177511
0.3097483
866.8826
141.5213
1902.074
1.0
DestinationAnchor
0
0.8638082
0
330.3779
115.8555
1086.447
1.0
Obj_BoxIron_A_M_01.001
-0.001261773
-0.002533068
0.004614914
589.787
118.19
1240.581
1.0
Area
0
0
0
224.73
128.5
1596.064
1.0
FldObj_HyliaStoneRuinDebris_A_01.002
0
1.570796
0
46.79288
118.0474
1595.163
1.791131
LinkTagNOr
0
3.039999
0
62.95624
125.1018
1442.256
2
Obj_LiftRockWhite_A_01.005
0
0
0
354.3845
114.4671
1997.546
1.0
Npc_RiverSideHatago003
0
-2.36
0
333.0353
116.768
1089.231
1.0
Obj_BoardWood_Square_01.001
0
-0.7853982
0
122.4048
148.6615
1586.017
1.0
Area
0
0
0
354.3845
115.4672
1997.546
3
SwitchTimeLag
-1.570796
0.6000001
0
518.55
135.8677
1473.641
0.5
FldObj_CliffWhiteLumpRock_A_01.004
2.417225
0.7395898
-3.005691
6.460602
156.5507
1785.928
1.0
EnemyFortressMgrTag
0
-1.190935
0
999.8208
115.39
1384.789
1.0
LocationTag
0
0
0
325.4759
102.4922
1273.411
1.0
Enemy_Chuchu_Junior
0
-1.570796
0
922.3127
140.7549
1948.272
1.0
Enemy_Bokoblin_Middle
0
-1.974692
0
968.0505
143.719
1645.926
1.0
Enemy_Bokoblin_Junior
0
2.042809
0
862.4624
117.5877
1679.127
1.0
FldObj_CliffWhiteParts_A_03.002
2.141593
-0.00159257
3.141593
955.8533
125.099
1908.769
1.2
LinkTagNone
0
0
0
258.5836
116.0174
1940.669
1.0
Area
0
0
0
671.092
174.3665
1639.363
12
LinkTagAnd
0
0
0
344.9137
122.0797
1007.03
1.0
LinkTagNAnd
0
2.58
0
312.4823
184.1546
1770.87
2
PlayerOnScaffoldCheckTag
0
2.167197
0
204.9949
122.7183
1308.362
1.0
Item_Fruit_A
0
1.056263
0
544.4587
185.3918
1893.355
1.0
Area
0
1.659978
0
318.1477
116.0142
1397.887
0.8567281
Npc_HiddenKorokGround
0
-0.3400002
0
551.5767
182.9
1903.507
1.0
EnemyFortressMgrTag
0
-2.76009
0
961.401
143.9469
1643.444
1.0
Enemy_Bokoblin_Middle
0
-0.05158598
0
867.1735
117.6695
1671.86
1.0
FldObj_Chain_A_02
0
1.481597
0
337.1302
123.4037
1271.06
1.0
FldObj_HyliaStoneRuinStraightWall_A_05.002
0
1.570796
0
27.96075
116.8765
1594.648
1.0
FldObj_CliffWhite_A_S_01.003
0
-0.5200002
0
830.4438
108.1878
1736.192
1.1
Enemy_AirOctarock
0
-1.570451
0
117.1213
150.2709
1586.371
1.0
AnchorAction1
0
0.8799999
0
356.5029
115.2616
1126.418
1.0
LinkTagNAnd
-0.003973874
0.01995536
-0.01968072
800.5504
151.1055
1443.003
2
Npc_HiddenKorokGround
0
2.441593
0
178.9613
116.6815
1719.983
1.0
LinkTagOr
0
0
0
428.2956
115.4683
1228.725
1.0
LinkTagOr
0
1.559999
0
788.8433
148.3729
1470.854
1.0
LinkTagOr
0
0
0
216.73
130
1595.764
1.0
LinkTagAnd
0
0
0
173.3082
150.4319
1929.222
1.0
Area
0
0.6000001
0
499.6088
142.5396
1455.933
1.0
Npc_RiverSideHatago001
0
-1.66
0
325.8211
115.4017
1092.5
1.0
SwitchTimeLag
-1.570796
-1.560004
0
295.5911
141.2223
1205.796
0.5
ActorObserverTag
0
-0.3400002
0
539.3851
185.595
1898.158
1.5
LinkTagAnd
0
3.039999
0
63.15909
125.1018
1440.266
2
LocationTag
0
0
0
339.2324
115.3124
1095.297
1.0
FldObj_PushRock_A_M_01
0.0001524071
-4.995012E-05
-0.02571208
258.5614
115.5195
1940.66
0.8
LinkTagOr
0
0
0
246.73
130
1595.764
1.0
Enemy_Bokoblin_Junior
0
-0.9030787
0
511.1086
120.9938
1271.492
1.0
Enemy_Bokoblin_Junior
0
-2.021592
0
197.0047
115.4176
1521.856
1.0
FldObj_KorokTarget_A_01.007
0
2.58
0
308.1332
188.4748
1781.823
1.0
LinkTagOr
0
-0.158402
0
337.6435
122.5506
1271.141
1.0
LinkTagAnd
0
1.160001
0
643.9893
119.3154
1763.723
1.0
FldObj_HyliaStoneRuinStraightWall_A_04.002
0
0
0
85.02484
118.3245
1561.302
1.0
LinkTagOr
0
0
0
232.7081
117.8543
1601.417
1.0
LinkTagNOr
0
-1.559999
-0.18
970.9698
115.5724
1339.509
1.0
LinkTagOr
0
0
0
707.3741
153.3835
1283.937
1.0
FldObj_HyliaStoneRuinLookout_A_02.001
0
1.570796
0
144.615
118.2154
1467.529
1.0
AirOcta_Tag
0
2.537718
0
1047.199
165.681
1789.094
1.0
LinkTagAnd
0
1.038371
0
901.9173
136.7634
1983.424
1.0
LinkTagOr
0
0
0
226.73
130
1595.764
1.0
AnchorAction1
0
2.792527
0
238.5
126.497
1600
1.0
ActorObserverTag
0
0
0
222.73
130
1595.764
1.0
FldObj_CliffWhiteParts_A_03_Far.002
-0.7925551
0.6629305
0.08814818
916.2056
123.6903
1673.793
1.0
AnchorAction1_Rain
0
2.792527
0
339.804
115.4262
1080.87
1.0
LinkTagAnd
0
0
0
109.8944
119.6742
1710.241
1.0
FldObj_KorokTarget_A_01.008
0
2.58
0
304.2808
191.8732
1779.585
1.0
FldObj_Chain_A
1.864361
0.6678398
-1.385727
322.213
117.4074
1925.32
1.0
Enemy_Bokoblin_Junior
0
0
0
973.3204
114.8832
1380
1.0
SwitchTimeLag
-1.570796
-0.1799992
0
869.2567
148.6162
1902.213
0.5
FldObj_HighwayHyliaWall_A_02_Far.001
0
0
0
148.5395
118.4199
1505.018
1.0
FldObj_HyliaStoneRuinDebris_A_01.003
1.122307
-1.094888
-1.243148
145.7
120.8734
1474.722
1.3
Obj_RockCover
2.439376
1.224685
2.408207
598.3195
116.1287
1704.297
0.7
FldObj_HyliaStoneRuinGate_A_01_Far
0
1.570796
0
68.24313
118.2217
1525.913
1.0
FldObj_HyliaStoneRuinStraightWall_A_05.003
0
-1.570796
0
33.76083
118.2217
1509.973
1.0
LinkTagAnd
0
0
0
229.73
127.5
1603.764
1.0
Item_CookSet
0
0.919998
0
288.1221
115.0408
1666.536
1.0
EnemyFortressMgrTag
0
1.12
0
191.6041
115.4176
1519.242
1.0
LinkTagAnd
0
0
0
508.9607
141.7818
1467.709
1.0
LinkTagAnd
0
-3.141593
0
88.51651
135.0149
1656.706
0.6
LinkTagXOr
-0.01344663
-0.02113482
-0.04129224
798.5162
146.9265
1505.088
0.5
FldObj_HyliaStoneRuinDebris_A_01.004
0.01263407
-0.9984164
0.0002145004
133.703
118.3308
1489.307
1.3
LinkTagOr
0
-1.633894
0
516.0729
129.5251
1167.602
1.0
Area
0
0
0
224.73
125
1603.764
1.0
Obj_RockCover.001
-3.079981
-0.08966276
-3.069824
466.3667
116.0629
1955.32
0.5
LinkTagAnd
-0.3099931
0.2469739
-0.08606601
475.9694
137.549
1751.425
1.0
Obj_TreeApple_A_M_01.006
0
-0.005506964
0
832
139.6619
1240.5
1.0
Obj_BreakBoxIron.010
-0.03149391
0.6390624
-0.04872644
493.1756
117.4408
1586.978
1.0
Area
0
0
0
194.73
127.5
1603.764
1.0
FldObj_CliffWhiteLumpRock_A_01.005
-0.9215356
1.390219
-0.2304909
58.92154
146.5677
1796.757
1.0
ActorObserverTag
0
-1.799998
0
320.9439
118.4805
1932.479
2
LinkTagAnd
0
0
0
295.5911
141.2223
1205.796
1.0
Npc_HiddenKorokFly
0
0.6000001
0
518.627
131.0005
1475.525
1.0
LinkTagOr
-1.147627
0.2521612
0.3872893
183.0072
118.9161
1738.618
1.0
LinkTagAnd
0
0
0
234.73
130
1593.764
1.0
LinkTagAnd
0
3.12
0
348.9201
121.2467
1070.04
1.0
Obj_LiftRockWhite_A_01.006
-0.00234182
-0.0001314307
-0.112129
1040.543
121.2514
1318.154
1.0
SwitchTimeLimited
-1.570796
0.6000001
0
508.9607
141.7818
1467.709
0.5
Area
-0.00234182
-0.0001314307
-0.112129
1040.655
122.2453
1318.151
3
LinkTagAnd
0
-0.1799992
0
867.3169
149.7022
1894.618
2
LinkTagNone
0
0
0
507.883
123.2565
1253.641
1.0
LinkTagAnd
0
-1.801591
0
112.4276
119.1742
1709.296
1.0
Enemy_Chuchu_Junior
0
1.589203
0
854.3603
126.2846
1874.177
1.0
AnchorAction2
0
-0.92
0
374.7975
115.2419
1093.113
1.0
Obj_RockCover.002
-3.088875
-0.1257302
-3.087396
396.7448
115.4837
1876.455
0.5
FldObj_CliffWhiteWall_A_02
2.901593
-1.381593
3.141593
161.5566
150.4825
1867.22
1.0
LinkTagAnd
0
2.58
0
313.1035
182.7717
1767.063
1.0
LinkTagNAnd
0
0.6000001
0
508.9607
148.7818
1467.709
2
Npc_HiddenKorokFly
0
0
0
87.0126
164.5443
1585.099
1.0
TBox_Field_Iron
0
-0.3638056
0
268.6
115.2
1636.2
1.0
SwitchTimeLag
0
0.2687894
0
233.075
136.4801
1300.865
1.0
SwitchTimeLag
-1.570796
-0.3400002
0
550.2278
190.0468
1904.783
0.5
Enemy_Bokoblin_Junior
0
0.9271976
0
230.566
115.5713
1300.638
1.0
Area
-0.01983254
0.001009287
0.001980029
799.9842
143.416
1473.173
1.0
Obj_BoardWood_Square_01.002
0
-2.943186
0
319.5706
127.6414
1291.957
1.0
Item_Fruit_A
0
0.4599999
0
937.1068
121.7819
1159.63
1.0
FldObj_CliffWhite_A_05.001
0
-2.120001
0
178.4846
103.5105
1775.532
1.0
DgnObj_EntranceShutter_A_01
0
-3.141593
0
87.01651
122.5151
1654.906
1.0
ActorObserverTag
0
1.340001
0
109.6071
116.6742
1707.092
2
FldObj_HyliaStoneRuinLookout_A_02_Far
0
1.570796
0
144.615
118.2154
1467.529
1.0
LinkTagNone
0
0
0
481.2978
115.7823
1580.071
1.0
LinkTagAnd
0
0
0
55.71399
144.7125
1760.753
1.0
Enemy_AirOctarock
0
0.9838052
0
323.8618
129.2507
1294.909
1.0
FldObj_HyliaStoneRuinStraightWall_A_07_Far
0
-3.141593
0
37.23917
118.2217
1502.818
1.0
LinkTagAnd
0
-2.66
0
475.2784
120.7117
1011.409
0.5
Area
0
-0.1799992
0
865.454
142.4762
1903.601
2.875607
LinkTagAnd
0
0
0
1049
163.15
1791.06
1.0
AnchorAction2
0
-2.617994
0
342.1484
115.8074
1102.527
1.0
Weapon_Sword_004
-2.010745
0.4249245
-0.1097987
231.6427
115.8506
1290.363
1.0
Npc_HiddenKorokFly
0
2.58
0
312.6802
180.2717
1766.797
1.0
Obj_RaftWood_A_S_02
0
-2.48
0
806.6252
114.9935
1650.191
1.0
LinkTagAnd
0
-1.560004
0
305.7596
142.5817
1204.686
2
LinkTagAnd
0
0
0
505.7128
163.6136
1803.47
1.0
LinkTagAnd
0
-1.559999
0
668.6414
137.9751
1467.798
1.0
Area
-0.01602835
0.7802445
0.042567
850.4594
116.2986
1623.982
3
Area
-0.3099931
0.2469739
-0.08606601
475.1812
134.9778
1749.187
2
LinkTagNone
0
0
0
232.416
115.8947
1290.013
1.0
LinkTagAnd
0
3.039999
0
69.21771
134.469
1467.537
2
Obj_LiftRockWhite_A_01.007
-0.01602835
0.7802445
0.042567
850.5132
115.3
1623.994
1.0
SwitchTimeLag
-1.57477
0.01995536
-0.01968072
798.512
149.1453
1443.051
0.5
FldObj_SignboardWood_A_01.001
0
0
0
913.9839
115.8067
1856.911
1.0
TBox_Field_Enemy
0
-1.220001
0
505.8133
120.0896
1574.328
1.0
LinkTagPulse
0
0
0
233.2081
116.2543
1601.418
0.25
LinkTagNAnd
0
0
0
214.43
130
1606.264
1.0
Item_Fruit_A
0
-0.3400002
0
557.184
188.2256
1900.72
1.0
LinkTagAnd
0
0
0
1049.393
164.3387
1796.348
1.0
LinkTagAnd
0
0
0
339.2324
115.3124
1095.297
1.0
LinkTagAnd
-0.003973874
0.01995536
-0.01968072
802.5496
151.0662
1442.963
2
FldObj_PushRock_A_M_01.001
0.0004971211
-0.01481422
-0.02564096
260.2078
115.5214
1938.434
0.8
Obj_TreeApple_A_M_01.007
0
0
0
511.1429
135.0723
1397.861
1.0
AirOcta_Tag
0
0.6800017
0
1106.167
145.1341
1832.427
1.0
LinkTagNOr
0
0.2687894
0
228.5909
116.493
1315.91
1.0
Enemy_AirOctarock
0
-2.174671
0
1042.591
164.3075
1783.878
1.0
FldObj_HyliaStoneRuinStraightWall_A_04.003
0
0
0
47.37854
118.3368
1476.286
1.0
LinkTagOr
0
0
0
184.0072
123.4161
1738.618
1.0
LinkTagOr
0
0
0
224.73
130
1591.764
1.0
Npc_OldKorok_Rvs
0
-2.3
0
387.8764
121.7202
1038.396
1.0
LinkTagAnd
0
-1.560004
0
300.7383
142.5817
1202.74
2
Enemy_AirOctarock
0
-1.232389
0
262.2631
116.3265
1638.917
1.0
ShelterFromRainTag
0
0
0
467.6558
120.9792
1706.038
1.0
FldObj_HighwayHyliaWall_A_02
0
0
0
148.5395
118.4199
1505.018
1.0
FldObj_FallingRock_B_01
0
0
0
501.5728
155.9883
1790.27
1.0
FldObj_AncientStoneTower_A_01_Far
0
0
0
543.3474
104.89
1263.322
1.0
LinkTagNAnd
0
1.921591
0
499.1953
115.0722
1577.597
1.0
Enemy_Bokoblin_Middle
0
2.22
0
970.604
115.0954
1347.339
1.0
LinkTagNone
0
0
0
315.0759
129.2742
1289.007
1.0
LinkTagAnd
0
-0.1799992
0
870.1797
149.7022
1890.057
2
LinkTagAnd
0
-2.66
0
471.7333
120.7117
1013.262
0.5
LinkTagAnd
0
1.96
0
198.8741
115.5006
1503.425
1.0
FldObj_SkullRock_A_01
0
-0.4006518
0
867.3057
117.6607
1675.933
1.0
DgnObj_DungeonEntrance_A_01_Far
0
-3.141593
0
87.01651
121.5149
1658.706
1.0
Area
0
-1.560004
0
292.7613
134.5564
1204.912
0.4903779
NPC_artist_001
0
-2.26
0
342.6642
115.4462
1079.588
1.0
SwitchTimeLag
-1.860214
0.8691457
0.09662619
499.752
153.8321
1783.971
0.5
Item_Fruit_A
0
1.396263
0
461.7414
129.6329
1366.125
1.0
Obj_BreakBoxIron.011
0.09648886
-1.335876
-0.06109257
962.9983
117.3389
1334.346
1.0
Obj_TreeApple_A_M_01.008
0
0
0
694.2235
116.0734
1090.895
1.0
Item_Fruit_A
0
2.901943
0
902.1946
137.5706
1936.69
1.0
EnemyFortressMgrTag
0
0.9271976
0
237.3933
115.6961
1305.762
1.0
LinkTagAnd
0
0
0
60.96655
125.1018
1442.053
1.0
LinkTagPulse
0
-1.633894
0
516.0411
127.9251
1168.101
0.25
Area
0
1.038371
0
898.3778
131.7634
1969.732
15
AnchorAction1_Rain
0
-2.617994
0
342.125
115.8074
1102.524
1.0
LinkTagAnd
0
0
0
320.9439
120.4805
1932.479
1.0
Area
0
3.039999
0
62.42978
121.0784
1457.28
5
LinkTagNone
0
0
0
968.0505
143.719
1645.926
1.0
LinkTagAnd
0
0.44
0
4.869354
210.3237
1898.109
1.0
Area
0
0
0
224.73
128.5
1611.464
1.0
LinkTagNAnd
0
0.6000001
0
518.0855
141.7505
1463.077
2
FldObj_HyliaStoneRuinStraightWall_A_04_Far.001
0
1.570796
0
68.8931
118.2217
1510.882
1.0
Area
0
0
0
219.73
127.5
1603.764
1.0
Enemy_Bokoblin_Middle
0
0.919998
0
284.7206
115.0408
1663.945
1.0
RememberTag
0
0
0
173.2679
150.5025
1935.491
1.0
DgnObj_EntranceTerminal_A_01
0
2.617994
0
85.01651
122.5151
1652.706
1.0
Item_Fruit_A
0
0.4599999
0
936.8691
122.0819
1157.349
1.0
KorokAnswerResponce
0
-0.3400002
0
556.718
186.2693
1904.427
0.5
Area
0
-1.740006
0
325.4759
102.4922
1273.411
1.0
Obj_TreeBroadleaf_B_L_01
0
0
0
157.056
151.0233
1946.99
1.0
LinkTagAnd
0
0
0
800.327
142.3482
1505.191
1.0
LinkTagOr
0
0.6000001
0
514.1763
142.7505
1460.905
2
Area
0
-2.356194
0
339.2324
117.8124
1095.297
1.0
FldObj_ScaffoldWood_B_02_Far
0
1.998514
0
505.0703
115.2477
1269.203
1.0
ActorObserverTag
0
3.039999
0
63.444
115.1018
1447.332
2
BarrelBomb
0.05186124
1.041267
0.06258955
868.689
117.5645
1682.946
1.0
LinkTagOr
0
-0.3400002
0
556.8292
183.7693
1902.315
1.0
EnemyLookTag
0
-1.190935
0
999.8208
115.39
1384.789
1.0
LinkTagAnd
0
3.039999
0
64.15393
129.1018
1440.368
2
DestinationAnchor
0
-0.5235985
0
85.51651
122.5149
1651.84
1.0
Area
0
0
0
664.6002
128.4236
1468.772
2.8
FldObj_HighwayHyliaWall_A_02.001
0
1.570796
0
110.8911
118.0527
1462.081
1.0
Obj_BreakBoxIron.012
-3.110964
0.5654736
3.127306
493.8833
115.4313
1587.414
1.0
LinkTagAnd
0
-1.570796
0
709
125
1888
0.5
AnchorAction2
0
-1.9
0
374.3837
115.2307
1094.822
1.0
LinkTagOr
0
0.2195903
0
39.7525
143.2788
1034.383
1.0
FldObj_HyliaStoneRuinDebris_A_01_Far.003
0
1.570796
0
46.79288
118.0474
1595.163
1.791131
LocationTag
0
0
0
207.0598
105.3175
1604.388
1.0
Obj_BreakBoxIron.013
3.115825
1.243126
3.115572
962.915
117.0691
1372.028
1.0
LinkTagAnd
0
0
0
713
125
1888
1.0
LinkTagOr
-0.01983254
0.001009287
0.001980029
799.9752
147.9151
1473.084
2
LinkTagAnd
0
0
0
350.4339
123.0799
1010.117
1.0
ActorObserverTag
0
0
0
118.1497
120.734
1498.605
1.0
Enemy_Chuchu_Junior
0
-2.741107
0
911.0147
141.0277
1930.604
1.0
Enemy_Bokoblin_Guard_Junior
0
-2.713875
0
507.883
123.2565
1253.641
1.0
LinkTagOr
0
0.6000001
0
509.3079
141.7818
1473.53
2
AnchorAction3
0
0
0
170
130
1500
1.0
LinkTagNone
0
0
0
916.0437
132.6542
1652.071
1.0
Obj_TreeApple_A_M_01.009
0
2.901943
0
901.58
131.7706
1939.337
1.0
LinkTagOr
0
1.841589
0
159.8971
152.9367
1941.642
1.0
Item_Fruit_A
0
0
0
694.2548
121.8734
1093.613
1.0
FldObj_HyliaStoneRuinLookout_A_01_Far
0
1.570796
0
2.407776
201.8893
1896.844
1.0
LinkTagAnd
0
0
0
211.93
130
1603.764
1.0
LinkTagOr
0
0
0
460.3921
126.5929
1370.097
1.0
LinkTagOr
0
-0.8400002
0
705.3206
119.2559
1796.939
1.0
LinkTagNone
0
0
0
230.4217
115.9446
1307.092
1.0
LinkTagAnd
0
0
0
323.8618
129.2507
1294.909
1.0
Area
0
0.6000001
0
520.4717
129.6383
1478.249
0.5752956
LinkTagNone
0
0
0
498.4827
115.3616
1580.66
1.0
ActorObserverTag
0
3.039999
0
56.98175
129.7503
1457.396
2
LinkTagAnd
0
0
0
339.2324
115.3124
1095.297
1.0
FldObj_CliffWhite_A_05_Far.001
0
1.118407
0
615.9521
118.48
1471.382
1.0
ActorObserverTag
0
0
0
242.73
130
1595.764
1.0
FldObj_FlagLarge_A_01.001
0
0
0
671.0172
139.88
1639.336
1.0
LinkTagAnd
-0.01344663
-0.02113482
-0.04129224
800.5972
148.842
1505.103
2
LinkTagAnd
0
-0.84
0
878.3566
125.4037
1889.297
1.0
LinkTagAnd
0
0
0
209.73
127.5
1603.764
1.0
AnchorAction1
0
-2.007129
0
707.5
121.2179
1894
1.0
SwitchTimeLag
-1.584243
-0.02113482
-0.04129224
796.5183
147.009
1505.046
0.5
FldObj_HyliaStoneRuinTowerBase_A_01_Far.001
0
-1.570796
0
145.9731
126.3545
1467.386
0.9
Area
0
-2.159998
0
387.8764
123.1178
1038.397
14.96053
LinkTagAnd
0
0
0
268.6
115.2
1636.2
1.0
LinkTagOr
-0.3099931
0.2469739
-0.08606601
475.1949
136.6972
1748.654
1.0
LinkTagNone
0
0
0
469.4581
115.0832
1954.549
1.0
Item_Fruit_A
0
0
0
511.1742
140.8723
1400.578
1.0
LinkTagAnd
0
0
0
69.56311
120.4796
1435.44
1.0
FldObj_HyliaStoneRuinStraightWall_A_03.003
0
1.570796
0
49.70569
118.3368
1484.823
1.0
Enemy_Bokoblin_Guard_Junior
0
-2.463186
0
497.9383
120.6123
1609.035
1.0
Obj_Plant_Korok_A_01.003
-2.85217
0.02622665
-2.43025
506.4568
162.7366
1803.812
1.0
FldObj_HyliaStoneRuinTowerBase_A_01_Far.002
-1.104944
-0.7177473
-0.3580511
141.3969
121.4728
1477.195
1.0
ConstraintDummy
-0.8155428
0.2297407
-1.3596
715.2056
165.2636
1329.531
0.1
Obj_TreeBroadleafRoot_B_L_01.002
0
-0.9768144
0
254.2316
128.4219
1851.705
1.0
ShelterFromRainTag
0
0.4856054
0
904.611
139.7742
1024.699
1.0
ShelterFromRainTag
0
-2.530727
0
285.8836
123.2409
1618.801
1.0
LookTag
0
-1.7436
0
504.0663
121.8496
1574.023
1.0
EventTag
0
-1.181592
0
205.1854
135.4849
1519.207
1.0
Area
0
-1.799998
0
322.1935
112.8676
1927.123
1.0
LinkTagAnd
0
0
0
122.4048
151.6615
1586.017
1.0
LinkTagNAnd
0
-3.141593
0
85.51651
135.0149
1656.706
0.6
Item_Fruit_A
0
0
0
462.8014
129.1579
1366.155
1.0
PlayerOnScaffoldCheckTag
0
0.2687894
0
231.1063
123.4899
1315.499
1.0
Npc_HiddenKorokGround
0
-1.633894
0
516.1042
127.0251
1167.103
1.0
Enemy_AirOctarock
0
-1.676193
0
1100.996
143.7435
1831.798
1.0
SwitchTimeLag
-1.570796
1.160001
0
649.3337
119.4013
1765.232
0.5
LinkTagNone
0
0
0
862.4624
117.5877
1679.127
1.0
Npc_HiddenKorokGround
0
0
0
232.2081
115.3543
1601.418
1.0
Obj_EyeBolt_A_01
2.101674E-08
0.2359264
2.490766E-09
406.0555
115.8083
1090.223
1.0
LinkTagAnd
0
0
0
550.2278
190.0468
1904.783
1.0
BarrelBomb
0.03302092
0.1229762
-0.008680566
861.0059
117.6054
1680.153
1.0
KorokAnswerResponce
0
-1.799998
0
321.6255
118.4805
1929.558
1.0
FldObj_HyliaStoneRuinGate_A_01
0
1.570796
0
68.24313
118.2217
1525.913
1.0
Area
0
0.8600005
0
186.1608
116.6565
1718.246
0.1
LinkTagXOr
-0.01983254
0.001009287
0.001980029
797.9752
147.9111
1473.086
0.5
Obj_BreakBoxIron.014
0.01020245
0.8988671
0.002071236
960.9114
115.2044
1318.452
1.0
LinkTagAnd
0
1.921591
0
497.7685
115.0412
1572.32
1.0
Area
0
1.160001
0
644.1887
117.8154
1763.264
2
Npc_HiddenKorokFly
0
-0.158402
0
337.1497
120.0506
1271.062
1.0
FldObj_HyliaStoneRuinHouse_A_02
0
0
0
50.38477
118.3368
1560.979
1.0
FldObj_HyliaStoneRuinTowerBase_A_01.001
0
-1.570796
0
145.9731
126.3545
1467.386
0.9
LinkTagAnd
0
3.039999
0
69.79971
123.6721
1438.051
1.0
Item_Fruit_A
0
0
0
563.443
122.6901
1127.114
1.0
FldObj_CliffWhiteParts_A_02.002
0
1.84
0
991.4667
112.6353
1647.483
1.0
FldObj_CliffWhite_A_S_01_Far.001
0
-0.5200002
0
830.4438
108.1878
1736.192
1.1
LinkTagAnd
0
-2.872803
0
240.2916
136.5016
1302.078
1.0
FldObj_HyliaStoneRuinLookoutSmall_A_01_Far.001
0
-0.7200006
0
0.1694641
188.2801
1935.561
1.0
LinkTagAnd
1.20512
-0.2858367
-0.8790681
706.3215
117.6559
1798.057
1.0
AnchorAction1_Rain
0
2.268928
0
701.1
121.2961
1898.1
1.0
LinkTagAnd
0
-1.17031
0
903.8224
137.0277
1923.875
1.0
FldObj_SkullRock_A_01_Far.001
0
-1.54
0
1000.82
115.3743
1384.758
1.0
Npc_HiddenKorokGround
0
1.559999
0
788.8382
145.8729
1471.354
1.0
AnchorSleep
0
2.443461
0
340.2198
115.8024
1094.251
1.0
LinkTagAnd
0
0
0
117.1213
150.2709
1586.371
1.0
Obj_BreakBoxIron.015
-3.136594
-0.2842568
-3.140887
992.2362
116.9979
1346.89
1.0
LinkTagNAnd
0
0.3200001
0
467.3122
127.1692
1720.905
1.0
LinkTagAnd
0
0
0
319.5706
130.6414
1291.957
1.0
LinkTagAnd
0
0.84
0
714.7774
168.8484
1327.399
1.0
TBox_Field_Stone
0
-3.124778
0
118.515
118.8278
1500.479
1.0
Area
0
-0.3400002
0
542.0999
186.5512
1895.384
0.3
LinkTagAnd
-1.111715
0.6948026
-1.847798
39.44675
141.6788
1032.501
1.0
DgnObj_DungeonEntrance_A_01
0
-3.141593
0
87.01651
121.5149
1658.706
1.0
Item_Fruit_A
0
0.4599999
0
936.0405
123.0819
1157.703
1.0
FldObj_CliffWhiteParts_A_02.003
-0.1197861
0.007178485
0.05956954
959.0476
100.6273
1672.539
1.0
BattleBgmRequestFinishTag
0
1.96
0
196.7058
135.4587
1501.157
1.0
BoarMeat_Frame
0
2.58
0
496.5859
115.3616
1573.821
1.0
ForceSetPosDirAutoSaveAnchor
0
1.748456E-07
0
87.11652
122.5149
1651.84
1.0
Area
0
-0.3400002
0
544.4587
185.3871
1893.355
0.3
LinkTagAnd
0
0
0
127.8031
150.2162
1585.832
1.0
LinkTagOr
0
-0.3400002
0
552.0482
185.4
1903.673
1.0
FldObj_CliffWhiteWall_A_02_Far
2.901593
-1.381593
3.141593
161.5566
150.4825
1867.22
1.0
Area
0
0.6000001
0
504.245
142.6568
1451.951
1.0
Enemy_Bokoblin_Junior
0
1.919999
0
723.8483
115.3582
1763.763
1.0
Area
0
0.5600002
0
742.9214
122.3707
1774.688
2
BarrelBomb
0.1183284
-0.358526
-0.2108291
860.1011
117.7469
1678.854
1.0
Enemy_Bokoblin_Junior
0
1.712596
0
230.4217
115.9446
1307.092
1.0
Enemy_Bokoblin_Middle
0
-0.2799999
0
731.8976
115.3582
1755.672
1.0
FldObj_CliffWhite_A_S_01_Far.002
0
2.78
0
818.5565
114.7642
1854.016
1.3
LinkTagNOr
0
0.5600002
0
736.3936
115.3737
1778.46
1.0
LinkTagAnd
0
3.039999
0
71.41025
130.469
1465.75
2
LinkTagOr
0
3.141593
0
181.7259
119.9161
1720.15
1.0
Obj_KorokPot_A_01.002
0
1.481597
0
337.1302
121.7553
1271.06
1.0
KorokAnswerResponce
0
1.160001
0
648.535
117.4013
1767.066
1.0
Npc_HiddenKorokFly
0
0.84
0
715.111
166.3484
1327.026
1.0
LinkTagAnd
0
0
0
799.9792
145.9155
1473.123
1.0
LinkTagAnd
0
-3.123185
0
863.2852
122.2846
1870.012
1.0
Npc_HiddenKorokFly
0
-1.560004
0
295.5803
135.2223
1204.796
1.0
Area
0
2.167197
0
202.1866
122.7183
1304.225
2
Area
0
8.814371E-08
0
207.0598
105.3175
1604.388
1.0
Item_Fruit_A
0
-0.3400002
0
542.0999
186.548
1895.384
1.0
TBox_Field_Iron
0
-2.86
0
319.7787
128.139
1292.519
1.0
Obj_TreeApple_A_M_01.010
0
0
0
563.4117
116.8901
1124.397
1.0
Enemy_Bokoblin_Middle
0
0.9034605
0
995.8934
115.39
1381.694
1.0
LinkTagAnd
0
2.58
0
308.1268
185.6546
1774.037
2
FldObj_CliffWhiteParts_A_01
2.456676
1.141822
2.716704
869.1021
114.1002
1907.778
1.0
LinkTagAnd
0
0
0
353.8845
117.0671
1997.547
1.0
FldObj_HyliaStoneRuinGate_A_01.001
0
-1.570796
0
47.29117
118.3368
1464.692
1.0
LinkTagAnd
0
0.3200001
0
469.2107
127.1692
1720.276
1.0
FldObj_HyliaStoneRuinStraightWall_A_03.004
0
0
0
25.7515
118.323
1560.901
1.0
LinkTagAnd
0
0.6000001
0
506.7886
141.7818
1471.619
2
LookTag
0
0.7391983
0
351.9875
122.0797
1014.79
1.0
LinkTagAnd
0.1932991
-1.265626
0.08338331
224.49
124.3844
1705.33
1.0
EventTag
0
0
0
211.93
130
1606.264
1.0
LinkTagOr
0
0
0
236.73
130
1595.764
1.0
LinkTagAnd
0
0
0
315.0499
178.342
1763.033
1.0
Npc_HiddenKorokFly
0
0
0
54.9873
146.9078
1758.558
1.0
EventTag
0
2.617994
0
85.01651
122.5149
1652.706
0.6
LinkTagAnd
0
-1.560004
0
295.5747
137.7223
1204.296
1.0
Enemy_Bokoblin_Middle
0
-2.76009
0
964.577
143.3181
1651.368
1.0
BarrelBomb
1.206572
-1.478704
-1.278936
994.6978
115.5599
1380.935
1.0
FldObj_BridgeWoodAndStone_A_01
0
-1.740006
0
325.274
130.852
1273.135
1.0
Enemy_Bokoblin_Guard_Junior
0
-0.4999999
0
956.8204
120.1284
1359.32
1.0
AnchorAction1
0
-0.05158598
0
866.9156
117.6607
1676.854
1.0
LinkTagAnd
0
0
0
268.6
117.7
1637.8
1.0
Enemy_Bokoblin_Junior
0
-1.159999
0
197.7261
115.4176
1516.547
1.0
Npc_RiverSideHatago002
0
-1.580003
0
345
121.7321
1091.5
1.0
LinkTagAnd
0
0
0
214.73
130
1593.764
1.0
LinkTagAnd
0
0
0
708
125
1890
0.5
LinkTagNOr
0
3.039999
0
71.2074
130.469
1467.74
2
LinkTagOr
0
-0.3400002
0
541.7451
182.0918
1896.98
1.0
LinkTagAnd
0
0
0
706.46
121
1895.125
1.0
FldObj_CliffWhiteParts_A_01.001
0.05751774
0.05687538
0.1086992
952.7882
112.1125
1653.466
1.0
Enemy_AirOctarock
0
0
0
122.4379
150.2943
1591.394
1.0
AirOcta_Tag
0
-0.4469912
0
268.6
117.7
1637.8
1.0
FldObj_HyliaStoneRuinDebris_A_01_Far.004
0.01263407
-0.9984164
0.0002145004
133.703
118.3308
1489.307
1.3
KorokAnswerResponce
0
3.039999
0
67.06659
124.969
1440.212
0.5
LinkTagNAnd
0
0.6000001
0
515.6095
143.7505
1464.771
2
FldObj_HyliaStoneRuinLookout_A_01
0
1.570796
0
2.407776
201.8893
1896.844
1.0
EventTag
0
-2.581593
0
732.5828
135.3549
1774.816
1.0
LinkTagAnd
0
0
0
216.93
130
1601.264
1.0
AnchorAction1
0
-2.356194
0
312.8691
115.423
1094.727
1.0
TBox_Field_Enemy
0
-2.581593
0
743.3323
120.4107
1775.344
1.0
Enemy_Bokoblin_Bone_Junior
0
2.617994
0
91.07816
121.3505
1639.742
1.0
Obj_BoardIron_A_01
-1.321984
1.199404
-1.334165
116.7563
119.5351
1499.143
1.0
Enemy_AirOctarock
0
0.1815238
0
1049.393
164.3387
1796.348
1.0
FldObj_HyliaStoneRuinRightAngleWall_A_01_Far
0
0
0
49.50223
118.3368
1458.584
1.0
Area
0
2.58
0
315.0499
178.342
1763.033
4.054729
Npc_HiddenKorokFly
0
-0.1799992
0
868.2729
142.6162
1902.033
1.0
LinkTagOr
0
0.6000001
0
511.657
136.7505
1458.994
2
EnemyLookTag
0
-1.12
0
914.3086
132.7109
1652.973
1.0
Item_Fruit_A
0
0.4599999
0
936.4698
122.7319
1162.625
1.0
Enemy_Bokoblin_Junior
0
-1.06
0
916.0437
132.6542
1652.071
1.0
LinkTagOr
0
0
0
671.642
183.3665
1639.363
1.0
DgnObj_EntranceElevator_A_01
0
-3.141593
0
87.01651
122.5151
1658.706
1.0
FireWoodDie
0
1.12
0
191.6041
115.4176
1519.242
1.0
BattleBgmRequestFinishTag
0
0.5600002
0
748.9293
135.3287
1763.392
1.0
LinkTagNone
0
0
0
668.647
136.4751
1468.298
1.0
BarrelBomb
-3.912456E-05
-1.14307
4.327653E-05
502.8002
121.1086
1259.119
1.0
LinkTagAnd
0
0
0
1106.167
145.1341
1832.427
1.0
LinkTagAnd
0
0
0
1105.963
143.7435
1837.719
1.0
FldObj_CliffWhiteParts_A_06_Far.002
2.820615
-0.4329682
3.064415
819.8231
111.8343
1911.738
1.0
LinkTagAnd
0
2.58
0
312.4823
185.6546
1770.87
2
BarrelBomb
-0.0006384283
-1.443079
0.0005993129
500.558
121.0197
1261
1.0
LinkTagAnd
0
-0.1799992
0
867.7809
145.1162
1901.944
1.0
FldObj_HyliaStoneRuinStraightWall_A_04_Far.002
0
0
0
47.37854
118.3368
1476.286
1.0
Area
0
0.7391983
0
344.9137
122.0797
1007.03
25
Obj_TreeBroadleaf_A_L.003
0
0.7966424
0
898.3778
131.7634
1969.732
1.117206
LinkTagAnd
0
0
0
325.4759
102.4922
1273.411
1.0
Obj_KorokPot_A_01.003
0.01368091
0.5998633
0.02423099
499.6088
142.5396
1455.933
1.0
Rope
0
-0.4006518
0
860.1665
131.9182
1679.968
1.0
Area
0
0.8600005
0
185.7693
116.0565
1718.7
0.1
FldObj_CliffWhiteParts_A_01.002
0.05355907
1.101032
0.09223653
994.1141
109.3839
1626.619
1.0
LinkTagNAnd
-0.01983254
0.001009287
0.001980029
797.9712
149.9107
1473.046
2
Obj_TreeBroadleafRoot_B_L_01.003
0
-2.08
0
301.0573
127.7565
1833.195
1.0
FldObj_HangedLamp_A.002
0
-1.54
0
994.1694
125.6318
1379.96
1.0
Enemy_Bokoblin_Guard_Junior_TreeHouseTop
0
-3.121592
0
1049
163.15
1791.06
1.0
LinkTagAnd
0
3.12
0
344.3891
121.2554
1072.528
1.0
AnchorAction1
0
-0.7543947
0
342.0001
115.8074
1087
1.0
FldObj_HyliaStoneRuinDebris_A_01_Far.005
1.122307
-1.094888
-1.243148
145.7
120.8734
1474.722
1.3
SwitchTimeLag
1.570796
-1.341594
3.141593
320.9439
120.4805
1932.479
0.5
Item_Fruit_A
0
1.396263
0
564.1617
119.9301
1123.897
1.0
LinkTagAnd
0
0
0
69.21771
130.469
1467.537
1.0
LinkTagNAnd
0
-0.1799992
0
871.2523
148.2022
1895.334
2
LinkTagAnd
0
0
0
322.2025
129.2507
1287.362
1.0
LinkTagOr
0
0
0
707
125
1888
0.5
LinkTagAnd
0
-1.633894
0
516.1355
129.5251
1166.604
1.0
LinkTagNAnd
0
-1.560004
0
300.7599
142.5817
1204.74
2
AnchorWander_Rain
0
-2.617994
0
342.1171
115.8074
1102.52
1.0
LinkTagAnd
0
3.12
0
344.7579
121.2519
1066.926
1.0
LinkTagNAnd
0
3.039999
0
61.1694
125.1018
1440.064
2
Npc_Assassin_009
0
-2.66
0
473.5059
120.7117
1012.336
1.0
Obj_TreeBroadleafRoot_B_L_01.004
0
2.763185
0
436.0829
123.6003
1826.391
1.0
Area
0
0
0
54.61234
137.6656
1761.245
2.5
Item_Fruit_A
0
2.901943
0
899.7101
134.3356
1939.365
1.0
LinkTagAnd
0
0
0
711
125
1884
1.0
LinkTagAnd
0
0
0
231.7081
117.8543
1601.418
1.0
LinkTagAnd
0
-0.1799992
0
868.7475
147.7022
1897.928
2
LinkTagAnd
0
0.6000001
0
515.6095
145.7505
1464.771
2
Weapon_Spear_004
-1.988736
-0.4508322
0.0834152
974.7928
114.6061
1345.899
0.6666666
ActorObserverTag
0
0.8600005
0
186.0903
117.8065
1718.251
1.0
DgnObj_WarpPoint_A_01
0
0.7391983
0
351.1085
123.0427
1013.826
1.0
LinkTagAnd
0
-1.560004
0
303.8137
139.5817
1209.707
2
LinkTagOr
0
1.160001
0
644.3881
119.3154
1762.806
1.0
Area
-0.2894224
-0.02622674
0.7113423
505.7128
163.6136
1803.47
2
LinkTagAnd
0
-0.158402
0
336.6559
122.5506
1270.983
1.0
LinkTagOr
0
3.039999
0
62.75342
126.1018
1444.246
2
Enemy_Bokoblin_Guard_Junior_TreeHouseTop
0
-2.839999
0
319.3752
128.247
1290.927
1.0
Enemy_Bokoblin_Junior
0
0.36
0
189.1657
115.4298
1513.043
1.0
FldObj_CliffWhite_A_03_Far
3.115214
0.1676655
3.112305
232.1862
112.7453
1741.082
1.0
ActorObserverTag
0
0.6000001
0
511.657
131.7505
1458.994
2
Area
0
-2.463186
0
497.9383
122.5247
1609.035
2
LinkTagNAnd
0
-0.1799992
0
869.2845
149.7022
1894.976
2
BarrelBomb
0.3920932
-1.53818
-0.4388946
995.4908
115.4657
1390.428
1.0
LinkTagOr
0
0
0
184.0072
121.4786
1738.618
1.0
FldObj_ChainEyeBolt_A_01.001
-0.8815941
-0.2292007
7.033888E-07
322.2299
117.469
1925.248
1.0
LinkTagAnd
0
1.559999
0
788.833
148.3729
1471.854
1.0
FldObj_CliffWhiteLumpRock_A_01.006
-2.528791
-1.526915
2.009802
160.383
141.4243
1915.789
1.1
LinkTagAnd
0
0
0
1042.591
164.3075
1783.878
1.0
LinkTagNAnd
0
-1.560004
0
300.7815
141.0817
1206.74
2
ActorObserverTag
0
0.6000001
0
508.3716
143.6568
1449.128
2
BarrelBomb
-5.688348E-05
-0.8030795
8.013648E-05
505.7075
121.1085
1259.112
1.0
Obj_TreeBroadleaf_A_L.004
0
-0.2417281
0
923.3127
131.7549
1952.272
1.117206
Area
0
3.039999
0
69.56311
120.4796
1435.44
0.4871053
Area
-2.809121
0.613674
-2.444272
513.9614
167.8636
1790.678
2
FldObj_CliffWhiteLumpRock_A_01.007
2.301592
0.4015924
3.141593
852.4473
107.2972
1847.65
1.0
LinkTagAnd
0
0
0
176.4722
150.2191
1930.871
1.0
Area
0
-0.3400002
0
541.7394
185.895
1893.475
0.3
Area
0
2.903993
0
87.01599
122.3663
1658.706
25
FldObj_HyliaStoneRuinStraightWall_A_03.005
0
0
0
47.94165
118.2217
1529.54
1.0
Obj_BreakBoxIron.016
-3.064462
1.52685
3.099344
954.3325
115.3277
1352.725
1.0
LinkTagAnd
0
0
0
1100.996
143.7435
1831.798
1.0
LinkTagOr
0
0
0
87.56259
167.0443
1586.279
1.0
LinkTagAnd
0
0
0
1106.167
142.1341
1832.427
1.0
Rope
0
-1.54
0
994.1694
129.6318
1379.96
1.0
LinkTagOr
0
3.039999
0
72.70935
130.469
1462.867
2
Item_Fruit_A
0
-0.3400002
0
541.7394
185.8918
1893.475
1.0
LinkTagNone
0
0
0
207.5323
120.5406
1508.704
1.0
FldObj_HyliaStoneRuinStraightWall_A_07_Far.001
0
-1.570796
0
66.39053
118.3368
1453.292
1.0
FldObj_AncientStoneTower_A_02
0
0
0
679.4839
115.29
1886.237
1.0
Obj_TreeGiant_A_01
-2.907656
0.9038585
-2.601817
521.9283
148.5684
1793.526
1.0
LinkTagAnd
0
0.7391983
0
347.8474
123.0797
1012.475
0.3
LinkTagAnd
0
-0.84
0
885.803
125.4037
1882.623
1.0
LinkTagAnd
0
-0.1799992
0
874.7409
146.7022
1892.92
2
LookTag
0
-3.105191
0
743.2677
122.1707
1773.572
1.0
LinkTagNone
0
0
0
505.8133
120.0896
1574.328
1.0
Item_Fruit_A
0
0.4599999
0
932.4337
122.7319
1159.546
1.0
LinkTagAnd
0
-3.141593
0
88.51651
122.5149
1652.706
0.3
ConstraintDummy
0
1.481597
0
337.1302
123.5053
1271.06
0.1
LinkTagNone
0
0
0
236.1321
121.5299
1314.917
1.0
Obj_BoardWood_Triangle_01
0
-0.4469912
0
268.6
114.7
1637.8
1.0
LinkTagNOr
0
0
0
712
125
1886
0.5
BarrelBomb
-0.418295
-1.536507
0.408375
999.8191
115.4112
1384.792
1.0
SwitchTimeLag
-1.570796
0.3200001
0
468.8961
127.1692
1719.327
0.5
LinkTagAnd
0
-1.560004
0
297.7601
140.5817
1204.772
2
FldObj_HyliaStoneRuinDebris_A_01_Far.006
0
0
0
80.15137
118.3368
1469.958
1.380534
Animal_Kokko_A
0
0.5
0
356.4242
115.2595
1126.181
1.0
FldObj_CliffWhiteParts_A_02.004
0
-0.3199998
0
972.4092
114.2183
1665.086
1.0
AnchorAction2
0
-2.158195
0
337.5827
115.8024
1096.692
1.0
Area
0
1.340001
0
111.0966
113.8742
1709.497
1.2
LinkTagAnd
0
-1.220001
0
492.6764
135.0612
1571.234
1.0
LinkTagNAnd
0
-0.3400002
0
539.3851
187.3808
1898.158
1.0
AnchorAction2
0
1.24
0
370.0134
115.3143
1094.457
1.0
FldObj_HyliaStoneRuinStraightWall_A_02_Far.001
0
-1.570796
0
81.91748
118.2278
1565.599
1.0
KorokAnswerResponce
0
0
0
185.0072
117.4161
1738.618
1.0
Npc_HiddenKorokGround
0
1.841589
0
160.0443
150.4367
1942.172
1.0
LinkTagNAnd
0
3.039999
0
69.21771
137.469
1467.537
2
LinkTagAnd
0
-0.3400002
0
543.4681
192.0918
1893.906
1.0
AnchorAction2
0
2.268928
0
701.1
121.2961
1898.1
1.0
LinkTagAnd
0
0
0
262.2631
116.3265
1638.917
1.0
LinkTagAnd
0
0.2687894
0
238.7922
116.4815
1307.064
1.0
SwitchTimeLimited
1.570796
0.1015932
3.141593
69.21771
130.469
1467.537
0.5
Npc_HiddenKorokFly
0
3.039999
0
69.30228
121.1721
1438
1.0
Npc_HiddenKorokGround
0
0
0
354.3845
114.5671
1997.546
1.0
Item_Fruit_A
0
0
0
696.0334
118.6384
1090.425
1.0
Item_RoastFish_01
1.292857
-0.4508322
0.0834152
974.9386
115.9191
1345.373
1.2
Item_Fruit_A
0
0
0
512.9529
137.6373
1397.39
1.0
FireWood
0
-2.76009
0
961.401
143.9469
1643.444
1.0
PlayerOnScaffoldCheckTag
0
1.921591
0
506.8052
122.0496
1579.289
1.0
Npc_HiddenKorokGround
0
-1.263186
0
225.3007
121.9902
1705.663
1.0
ActorObserverTag
0
0.84
0
717.1964
165.3484
1326.21
2
Obj_BreakBoxIron.017
-3.13277
0.9202031
-3.130613
992.3312
115.0003
1347.031
1.0
LinkTagAnd
0
-2.159999
0
403.3706
115.8779
1066.172
1.0
Area
0
1.96
0
206.8167
122.5006
1508.997
2
FldObj_ChainEyeBolt_A_01.002
8.742278E-08
0.08919942
3.141593
337.1302
123.2928
1271.06
1.0
LinkTagAnd
0
0.6000001
0
508.9607
145.7818
1467.709
2
LinkTagAnd
0
0
0
54.4873
149.4078
1758.558
1.0
AnchorAction2
0
2.792527
0
340.8898
115.4262
1074.922
1.0
Area
0
-0.4999999
0
956.8203
122.0408
1359.32
2
LinkTagOr
0
0
0
562.8124
116.8901
1127.869
1.0
EnemyFortressMgrTag
0
-0.4006518
0
867.3057
117.6607
1675.933
1.0
FldObj_Chain_A.001
-0.8155428
0.2297407
-1.3596
715.0785
165.2025
1329.673
1.0
BoarMeat
0
-2.76009
0
961.401
143.9469
1643.444
1.0
GrassCutTag
0
-1.190935
0
999.8208
116.1947
1384.789
1.0
LookTag
0
2.886783
0
236.5792
123.2899
1313.201
1.0
FldObj_BridgeHyruleStone_A_01
0
-1.570796
0
206.73
130.797
1603.764
1.0
Obj_RaftWood_A_S_02.001
0
1.806723
0
408.1633
114.9935
1089.15
1.0
LinkTagAnd
0
0
0
799.9842
143.416
1473.173
1.0
Area
0
-0.3400002
0
545.2042
184.6371
1894.096
0.3
FldObj_HyliaStoneRuinDebris_A_01.005
0
0
0
80.15137
118.3368
1469.958
1.380534
FldObj_CliffWhiteParts_A_05_Far
-0.05999999
0.78
0
988.9777
92.39688
1666.69
0.6
Item_Fruit_A
0
0.4599999
0
936.048
122.4819
1161.773
1.0
AnchorAction1
0
-0.48
0
360.2026
115.2514
1121.909
1.0
LinkTagNone
0
0
0
973.3204
114.8832
1380
1.0
Enemy_Bokoblin_Junior
0
-1.04
0
735.9346
115.3704
1757.982
1.0
LinkTagAnd
0
0.5600002
0
733.5351
115.3812
1771.036
1.0
FldObj_KorokStone_A_01
0
0.8600005
0
185.7143
115.8065
1718.301
1.0
Obj_RockLayerMossHole_A_01
0
0.3
0
664.3519
130.6947
1467.991
1.0
LinkTagAnd
0
-2.159999
0
396.0591
116.1356
1063.568
1.0
Enemy_Bokoblin_Junior
0
2.861593
0
728.5814
115.3582
1767.205
1.0
PlayerOnScaffoldCheckTag
0
0.5600002
0
738.6851
122.3707
1777.344
1.0
LinkTagAnd
-0.2001967
0.6645887
-1.191986
851.8796
116.359
1622.576
1.0
Enemy_Bokoblin_Junior
0
-2.917788
0
498.4827
115.3616
1580.66
1.0
FldObj_HyliaStoneRuinGate_A_01_Far.001
0
-1.570796
0
47.29117
118.3368
1464.692
1.0
LinkTagAnd
0
0
0
207.0598
105.3175
1604.388
1.0
LinkTagPulse
0
0.44
0
6.22641
208.7237
1897.47
0.25
LinkTagOr
-0.2894224
-0.02622674
0.7113423
504.5967
164.9292
1802.956
1.0
LinkTagAnd
0
0
0
319.7787
128.139
1292.519
1.0
BoarMeat_Frame
0
0.9271976
0
237.3933
115.6961
1305.762
1.0
Obj_RockLayerMossHole_A_01_Far
0
0.3
0
664.3519
130.6947
1467.991
1.0
FldObj_HyliaStoneRuinLookout_A_02_Far.001
0
1.570796
0
85.47604
119.2425
1586.559
1.0
FldObj_HyliaStoneRuinRightAngleWall_A_01
0
0
0
49.50223
118.3368
1458.584
1.0
Area
0
0.6000001
0
506.0106
136.7505
1450.74
5
FldObj_HyliaStoneRuinStraightWall_A_04_Far.003
0
1.570796
0
49.42242
118.3265
1537.264
1.0
LinkTagAnd
0
0
0
325.4759
102.4922
1273.411
1.0
AnchorAction1
0
-2.3
0
387.8764
121.7202
1038.396
1.0
LinkTagAnd
0.5661822
0.2689326
-0.9864289
1042.643
122.0214
1318.152
1.0
LinkTagOr
0
-2.159999
0
394.0342
116.2959
1059.901
1.0
LinkTagAnd
-1.423148
0.7719742
-2.132732
318.073
116.5982
1396.076
1.0
ActorObserverTag
0
0.8600005
0
185.764
117.8065
1718.63
1.0
FldObj_HangedLamp_A.003
0
-0.4006518
0
860.1665
127.9182
1679.968
1.0
EnemyFortressMgrTag
0
-0.2799999
0
730.2395
115.3582
1761.438
1.0
AnchorAction3
0
0.7669923
0
335.5059
115.8124
1091.567
1.0
FldObj_HyliaStoneRuinStraightWall_A_04_Far.004
0
0
0
19.30774
118.41
1493.608
1.0
LinkTagAnd
0
0
0
87.01599
122.3663
1658.706
1.0
Obj_BreakBoxIron.018
-0.08528425
0.9246072
-0.06029623
224.0802
115.6599
1301.98
1.0
LinkTagOr
-0.00234182
-0.0001314307
-0.112129
1041.331
123.7792
1318.147
1.0
LinkTagAnd
0
0
0
219.73
127.5
1603.764
1.0
Weapon_Lsword_004
-2.079475
0.3456162
-0.09452435
951.6708
143.0465
1627.311
1.0
LinkTagAnd
0
3.039999
0
73.39993
130.469
1465.953
2
PosAfterDemoSkip
0
1.748456E-07
0
87.11652
122.5149
1651.84
1.0
Item_Fruit_A
0
0.4599999
0
932.776
122.8319
1157.647
1.0
Obj_Plant_Korok_A_01.004
-2.8316
-0.2469739
3.055527
475.1721
133.8316
1749.542
1.0
LinkTagAnd
0
-3.123185
0
863.1011
122.2846
1860.013
1.0
ActorObserverTag
0
-0.3400002
0
548.5696
187.926
1901.407
1.5
AnchorAction2
0
0
0
320
130
1601
1.0
AnchorWander_Rain
0
3.141593
0
287.5
123.1715
1619.5
1.0
Area
0
0
0
118.524
118.4189
1500.495
1.0
Npc_HiddenKorokGround
0
1.659978
0
318.1566
115.3873
1397.902
1.0
Obj_BoardWood_Triangle_01.001
0
2.537718
0
1047.199
162.681
1789.094
1.0
LookTag
0
-0.5235988
0
170.3333
154.1216
1944.254
1.0
Animal_Kokko_A
0
-0.58
0
360.2896
115.2492
1121.779
1.0
FldObj_HyliaStoneRuinHouse_A_01_Far
0
1.570796
0
119.0579
118.3278
1484.258
1.0
AnchorAction1_Rain
0
-2.606392
0
341.7526
115.8024
1093.987
1.0
Obj_BreakBoxIron.019
-0.02318719
0.7070237
-0.04827238
962.7355
115.0348
1372.139
1.0
LinkTagNOr
0
0.6000001
0
507.31
141.7818
1468.839
2
FldObj_HyliaStoneRuinDebris_A_01_Far.007
0
1.570796
0
55.99191
118.2217
1502.589
1.415629
LinkTagAnd
0
-2.356194
0
327.2116
125.3124
1083.276
1.0
Area
0
1.714602
0
907.4779
140.0968
1017.695
50
Enemy_Bokoblin_Junior
0
2.099998
0
283.9203
115.0408
1668.867
1.0
Obj_KorokIronRock_A_01.001
1.864361
0.6678398
-1.385727
323.9938
123.866
1917.687
1.0
FldObj_HyliaStoneRuinStraightWall_A_04.004
0
1.570796
0
68.8931
118.2217
1510.882
1.0
AnchorAction1
0
-2.236194
0
321.3976
115.4017
1098.882
1.0
Obj_BoardIron_A_01.001
-0.1938191
-0.1602618
0.0003486068
120.6792
119.5887
1496.848
1.0
FldObj_HyliaStoneRuinTowerBase_A_01.002
1.619134
0.9593607
2.98047
133.1108
121.2838
1484.617
1.0
ActorObserverTag
0
1.160001
0
649.3337
117.4013
1765.232
2
LinkTagAnd
2.119018
1.387658
2.036474
318.4199
117.7655
1398.783
1.0
LinkTagAnd
0
0
0
311.8338
186.2717
1766.264
1.0
LinkTagAnd
0
0
0
219.43
130
1603.764
1.0
LinkTagOr
-0.01602835
0.7802445
0.042567
850.7281
117.9112
1623.612
1.0
Npc_HiddenKorokFly
0
-1.559999
0
668.647
135.4751
1468.298
1.0
ConstraintDummy
0
-1.54
0
993.9777
128.5243
1389.971
1.0
LinkTagNAnd
-0.2894177
0.8691457
0.09662619
499.1681
154.0623
1786.117
1.0
AirOcta_Tag
0
-0.7853982
0
122.4048
151.6615
1586.017
1.0
LinkTagAnd
0
0
0
513.9614
167.8636
1790.678
1.0
Enemy_Bokoblin_Guard_Junior
0
2.167197
0
202.1866
120.8059
1304.225
1.0
LinkTagAnd
0
-3.141593
0
87.01596
121.5564
1641.706
1.0
Obj_TreeApple_A_M_01.011
0
-0.3400002
0
558.5522
183.7693
1899.242
1.0
FldObj_CliffWhite_A_S_01_Far.003
0
0.08000062
0
732.6111
114.7642
1890.387
1.3
LinkTagOr
0
3.039999
0
63.444
120.1018
1447.332
2
Area
0
-0.6962636
0
988.614
156.2528
1616.844
2
SignalFlowchart
-0.003973874
0.01995536
-0.01968072
802.4712
147.067
1442.979
2
TBox_Field_Wood
3.11618
0.7173148
3.12768
507.892
123.3551
1257.549
1.0
Item_Fruit_A
0
0
0
461.0227
132.3929
1369.342
1.0
LinkTagNAnd
0
3.039999
0
64.15393
127.1018
1440.368
2
KorokAnswerResponce
0
0.6000001
0
519.3753
134.3677
1473.076
0.5
FldObj_CliffWhiteParts_A_03.003
-0.7006091
-0.7983659
-0.1854022
738.7914
122.1543
1654.581
1.0
LinkTagAnd
-0.2434066
-0.4508322
0.0834152
972.1685
114.9957
1344.349
1.0
Item_Fruit_A
0
-1.984979
0
900.7327
134.8106
1939.645
1.0
LinkTagOr
0
0
0
693.6241
116.0734
1094.368
1.0
FldObj_CliffWhiteParts_A_06_Far.003
2.866597
-0.9051095
3.024026
171.8514
127.9103
1821.519
1.0
LinkTagOr
0
-1.799998
0
323.3812
120.7383
1927.913
1.0
LinkTagAnd
0
0
0
204.73
130
1593.764
1.0
LinkTagNone
0
0
0
644.1887
117.8154
1763.264
1.0
FldObj_HyliaStoneRuinDebris_A_01.006
0
1.570796
0
55.99191
118.2217
1502.589
1.415629
Item_Fruit_A
0
0
0
565.2217
119.4551
1123.926
1.0
Enemy_Bokoblin_Middle
0
1.736922
0
513.2821
121.0923
1267.518
1.0
ConstraintDummy
0
1.806723
0
403.5865
117.9357
1091.052
1.0
EnemyLookTag
0
-0.05158598
0
866.9156
117.6607
1676.854
1.0
LinkTagOr
0
0
0
510.5436
135.0723
1401.333
1.0
ActorObserverTag
0
-0.3400002
0
542.6921
187.595
1899.328
1.5
FldObj_PushRock_A_M_01.002
-0.02827655
1.15936
-0.01384486
655.1859
117.6244
1771.435
0.8
Obj_KorokPot_A_01.004
5.901282E-07
7.911516E-08
-0.1999995
52.8262
121.6722
1457.824
1.0
LinkTagAnd
0
0
0
268.6
114.7
1637.8
1.0
LinkTagNone
0
0
0
399.4975
114.4671
1876.072
1.0
Enemy_Bokoblin_Junior
0
-2.963186
0
192.8082
115.4176
1525.936
1.0
LinkTagAnd
0
0
0
244.73
130
1593.764
1.0
LinkTagAnd
0
0
0
649.3337
117.4013
1765.232
1.0
FldObj_ScaffoldWood_B_02
0
1.998514
0
505.0703
115.2477
1269.203
1.0
Npc_HiddenKorokGround
0
-0.8200001
0
516.767
167.2447
1788.169
1.0
Npc_HiddenKorokGround
0
0.44
0
5.321655
207.8237
1897.896
1.0
LinkTagAnd
0
0.7391983
0
345.1526
135.5797
1009.519
0.6
ActorObserverTag
0
-2.356194
0
327.2116
120.3124
1083.276
1.0
LinkTagAnd
-0.2894177
0.8691457
0.09662619
500.453
154.1868
1784.59
1.0
Weapon_Sword_004
1.353206
1.052715
-2.938605
481.71
115.7382
1580.813
1.0
Enemy_AirOctarock
0
2.554602
0
322.2025
129.2507
1287.362
1.0
LinkTagAnd
0
0
0
319.5706
127.6414
1291.957
1.0
FldObj_KorokPinwheel_A_01.004
2.963603
0.7265943
-2.774993
311.2637
177.4392
1764.442
1.0
AirOcta_Tag
0
-2.943186
0
319.5706
130.6414
1291.957
1.0
SwitchTimeLag
0
1.921591
0
492.0586
135.0397
1578.526
1.0
LinkTagAnd
0
0
0
475.1812
134.9778
1749.187
1.0
FldObj_CliffWhiteLumpRock_A_01.008
-0.36
1.54
0
81.03482
127.7395
1788.659
1.1
LinkTagAnd
0
2.58
0
304.9599
182.6546
1769.682
2
Enemy_Bokoblin_Middle
0
2.58
0
492.0379
115.3616
1581.045
1.0
LinkTagAnd
0
0.6000001
0
518.2144
133.5005
1475.808
1.0
ConstraintDummy
0
-0.4006518
0
869.1796
130.8107
1684.329
1.0
Npc_HiddenKorokFly
0
0
0
671.092
180.8665
1638.379
1.0
LinkTagNAnd
0
2.58
0
310.7895
185.6546
1769.805
2
Enemy_AirOctarock
0
3.141593
0
122.4865
150.2709
1580.809
1.0
Npc_HiddenKorokFly
0
-1.801591
0
112.3135
116.6742
1709.782
1.0
LinkTagAnd
0
0
0
87.01599
122.3663
1658.706
1.0
LinkTagNAnd
0
0
0
710
125
1890
0.5
Area
0
0
0
224.73
126.1
1603.764
1.0
LinkTagNAnd
0
-0.3400002
0
543.7159
186.3105
1899.69
1.0
AnchorAction2_Rain
0
2.792527
0
339.4837
115.4262
1080.815
1.0
Item_Fruit_A
0
0.4599999
0
931.4263
123.8819
1159.878
1.0
FldObj_CliffWhiteLumpRock_A_01.009
0.4645073
1.192029
0.6050363
72.03189
122.5188
1724.925
1.25
LinkTagAnd
0
0
0
237.3933
115.6961
1305.762
1.0
TwnObj_UmayadoBook_08
0
-0.2800001
0
336.494
116.9024
1102.097
1.0
FldObj_CliffWhiteParts_A_06.003
2.796311
0.3091497
-3.114845
46.78284
110.6158
1649.378
1.0
FldObj_KorokStoneLift_A_01
0.0004982787
-0.7212206
0.0003831532
178.3048
115.9699
1720.794
1.0
Obj_LiftRockWhite_A_01.008
2.906391E-09
1.479591
-0.03999998
39.26459
140.6788
1034.492
1.0
Area
0
0.2195903
0
39.26459
141.6789
1034.492
3
LinkTagPulse
3.057886
-0.8088702
-2.813005
224.4095
122.6339
1706.438
0.25
Area
0
0
0
923.3127
131.7549
1952.272
15
DgnObj_DungeonEntrance_A_01_Far
0
0.7391983
0
344.9137
122.0797
1007.03
1.0
TBox_Field_Stone
0
-1.847996
0
590.4457
126.0141
1468.156
1.0
Enemy_Bokoblin_Middle
0
-2.12
0
981.3462
115.1349
1346.975
1.0
LinkTagAnd
0
2.58
0
312.3871
183.6546
1767.266
2
FldObj_AncientStoneTower_A_02_Far
0
0
0
679.4839
115.29
1886.237
1.0
EnemyFortressMgrTag
0
2.58
0
496.5859
115.3616
1573.821
1.0
Weapon_Lsword_032
-1.912881
0.6981317
2.012365
711.82
122.7
1892.15
1.0
SwitchTimeLag
-1.570796
1.340001
0
109.8944
119.6742
1710.241
0.5
FldObj_CliffWhiteParts_A_03_Far.003
2.141593
-0.00159257
3.141593
955.8533
125.099
1908.769
1.2
Obj_LiftRockWhite_A_01.009
0
-0.8400002
0
704.9866
116.6559
1796.567
1.0
Area
0
-0.8400002
0
704.9866
117.656
1796.567
3
Obj_BreakBoxIron.020
3.104616
-0.6256648
-3.032357
964.0416
115.3916
1333.608
1.0
FldObj_CliffWhite_A_03_Far.001
0
2.043185
0
331.4039
136.6544
1750.531
1.0
Item_Fruit_A
0
1.396263
0
511.8929
138.1123
1397.361
1.0
LinkTagAnd
0
0
0
122
149
1586.3
1.0
Enemy_AirOctarock
0
1.4654
0
1111.517
143.7669
1832.96
1.0
LinkTagAnd
0
-1.17031
0
894.6137
137.0277
1927.774
1.0
LinkTagNAnd
0
0.2687894
0
233.4156
116.5125
1308.053
1.0
AnchorAction1
0
-1.190935
0
999.8208
115.39
1384.789
1.0
LinkTagAnd
0
0
0
800.4309
144.8458
1505.157
1.0
FldObj_SkullRock_A_01.001
0
-1.54
0
1000.82
115.3743
1384.758
1.0
LinkTagAnd
0
3.12
0
347.3124
121.2554
1073.667
1.0
SignalFlowchart
-0.01344663
-0.02113482
-0.04129224
800.4309
144.8458
1505.157
2
LinkTagAnd
0
0.6000001
0
508.4393
141.7818
1470.489
2
LinkTagNone
0
0
0
122.4379
150.2943
1591.394
1.0
Weapon_Sword_004
-2.018076
0.4026232
0.1732575
955.6244
142.7516
1625.839
1.0
LinkTagNOr
0
1.921591
0
507.4207
115.0527
1581.762
1.0
Item_Fruit_A
0
1.396263
0
694.9735
119.1134
1090.395
1.0
LinkTagAnd
0
1.96
0
201.6225
115.5112
1517.626
1.0
LinkTagOr
0
2.901943
0
902.9865
131.7706
1936.106
1.0
LinkTagNOr
-0.2434066
-0.4508322
0.0834152
970.844
115.6105
1346.97
1.0
Area
0
3.039999
0
61.95596
128.7503
1457.903
1.0
FldObj_HyliaStoneRuinDebris_A_01.007
2.709759
-0.1905228
-2.919101
665.9469
137.9611
1646.196
1.25
LinkTagAnd
0
0.8600005
0
185.7377
118.8065
1718.277
1.0
Obj_TreeApple_A_M_01.012
0
0
0
460.9914
126.5929
1366.625
1.0
FldObj_PushRock_A_M_01.003
3.141163
-0.5588226
-2.978718
317.8843
117.2763
1397.56
1.0
Area
0
-0.3400002
0
549.642
188.2261
1898.052
0.3
TBox_Field_Enemy
0
-2.872803
0
236.1321
121.5299
1314.917
1.0
Enemy_Chuchu_Junior
0
-2.410796
0
894.7887
129.4037
1886.655
1.0
LinkTagPulse
0
0
0
355.3845
115.4671
1997.546
0.25
LinkTagNAnd
0
2.58
0
309.0967
184.1546
1768.74
2
AnchorAction5_Rain
0
3.141593
0
287.5
123.1715
1619.5
1.0