UnitConfigName/__text
Rotate/value/0
Rotate/value/1
Rotate/value/2
Translate/value/0
Translate/value/1
Translate/value/2
_Scale
DgnObj_EntranceShutter_A_01
0
-1.552664
0
1228.197
127.5486
-1212.678
1.0
FldObj_CliffDeathMt_E_12_Far
0
-2.5
0
1797.079
430.7775
-1828.453
1.0
DgnObj_DungeonEntrance_A_01_Far
0
-1.552664
0
1231.996
126.5484
-1212.747
1.0
ActorObserverTag
0
0
0
1422.931
466.8203
-1547.044
1.0
FldObj_CliffDeathMt_C_05
0
0
0.07999998
1990.096
440.2992
-1661.76
1.0
LinkTagAnd
0
0
0
1684.72
427.8912
-1720.363
1.0
EnemyNoticeTag
0
-1.14
0
1361.497
420.3823
-1580.451
1.0
Obj_LiftRockEldin_Korok_A_01
0
0
0
1421.931
464.6202
-1547.044
1.0
FldObj_CliffDeathMt_C_04
-0.04617967
-0.1171944
-0.957008
1504.871
408.1414
-1671.894
1.0
Obj_RaftWood_A_S_02
0.09090565
0.7354484
0.1350416
1050.416
115.1932
-1048.678
1.0
FldObj_CliffDeathMt_C_04_Far
-0.04617967
-0.1171944
-0.957008
1504.871
408.1414
-1671.894
1.0
LinkTagOr
0
-2.62
0
1546.498
392.203
-1838.46
1.0
Enemy_AirOctarock
0
1.105397
0
1046.644
277.9969
-1378.863
1.0
FldObj_LavaPlane_A_05
0
0
0
1623.435
398.6319
-1887.913
1.0
FldObj_CliffDeathMt_D_10_Far
1.040601
-1.087498
-1.605599
1387.921
284.3283
-1348.014
1.0
FldObj_CliffDeathMt_E_12_Far.001
-0.09044475
0.9206118
0.01182727
1481.205
417.9659
-1652.412
1.0
TwnObj_City_GoronSignboard_B_01
0
-3.119999
0
1833.465
453.3296
-1888.544
1.0
AnchorAction1
0
-0.8253295
0
1638.308
430.4433
-1974.833
1.0
SwitchTimeLag
-1.570796
0
0
1425.047
404.091
-1760.883
0.5
EventTag
0
-3.141593
0
1816.009
388.2862
-1521.233
0.6
Obj_RockDeathMt_D_L_03
1.422677
1.454092
-1.631151
1208.747
401.3752
-1861.835
1.2
Enemy_AirOctarock
0
-0.7853982
0
1016.241
276.2969
-1393.787
1.0
LinkTagOr
0
0
0
1198.598
132.0497
-1164.893
1.0
Obj_RockDeathMt_D_L_01_Far
0
0
0
1237.071
395.6165
-1873.979
1.0
LinkTagOr
0
-2.62
0
1540.863
394.203
-1835.221
1.0
Obj_RockDeathMt_D_L_01
0
0.361593
0
1072.362
146.9043
-1308.148
1.0
Obj_TreeBroadleaf_B_L_01
-0.169764
-1.048241
0.4023989
1093.7
241.1457
-1480.398
1.0
ActorObserverTag
0
0
0
1425.047
402.091
-1760.883
2
FldObj_CliffDeathMt_D_16
-2.078297
-1.567839
2.198272
2010.737
431.7287
-1610.885
0.8
Enemy_Golem_Little
0
-2.803186
0
1429.334
269.1269
-1252.397
1.0
Obj_RockDeathMt_D_L_01.001
0.4798777
-0.895206
1.364121
1819.148
468.284
-1864.682
0.8
Obj_BoardWood_Triangle_01
0
1.570796
0
1038.727
264.6875
-1399.273
1.0
LinkTagAnd
0
-2.617994
0
1819.04
388.2862
-1522.983
0.3
Obj_RockSetWhite_A_L_01_Far
-1.17564
-0.7735339
2.992918
1929.774
457.6912
-1731.606
1.0
KorokAnswerResponce
0
0
0
1423.047
402.091
-1760.883
1.0
EnemyNoticeTag
0
0
0
1411.5
273.2616
-1259
1.0
FldObj_CliffDeathMt_D_06_Far
0
1.199999
0
1426.442
413.5608
-1547.288
1.0
AnchorSleep
0
-0.02000007
0
1065.811
128.9445
-1150.632
1.0
LocationTag
0
0
0
1657.886
438.4969
-1973.852
1.0
FldObj_CliffDeathMt_D_10
-1.112161
-0.763832
0.5472397
1308.518
351.8529
-1608.153
1.0
FldObj_CliffDeathMt_D_10_Far.001
-0.5069551
-0.6092365
-0.03100944
1253.485
334.2591
-1670.26
1.0
Npc_HiddenKorokGround
0
0.3615904
0
1426.895
465.0379
-1544.07
1.0
Item_Fruit_A
0
0
0
1308.594
274.7845
-1304.588
1.0
AnchorAction1
0
-1.65633
0
1080.901
127.3899
-1114.72
1.0
FldObj_CliffDeathMt_C_04.001
0.3662904
0.9402403
0.9327803
1851.008
356.5305
-1817.776
0.9
LinkTagOr
-1.147627
0.2521612
0.3872893
1197.598
127.5497
-1164.893
1.0
Npc_Goron025
0
0
0
1660.771
429.9106
-1968.972
1.0
LinkTagAnd
0
0
0
1042.473
266.314
-1394.042
1.0
FldObj_CliffDeathMt_C_01_Far
-0.3846672
0.6729601
-0.5760233
1838.507
250.2661
-1062.229
1.0
AnchorSleep
0
1.047198
0
1057.473
128.9957
-1145.983
1.0
Npc_HiddenKorokGround
0
3.141593
0
1197.521
126.9715
-1152.63
1.0
LinkTagOr
0
0
0
1527.425
396.8037
-1887.198
1.0
LinkTagOr
0
-1.499987
0
1940.185
228.5126
-1217.233
1.0
SwitchTimeLag
-1.570796
0
0
1427.989
470.0667
-1542.664
0.5
LookTag
-3.141592
-1.490803
-2.967059
1408.07
471.7837
-1538.685
1.0
LinkTagAnd
0
0
0
1040.403
266.3141
-1406.028
1.0
Obj_RockSetWhite_A_L_01_Far.001
-1.482598
0.5638847
-1.391417
1934.954
454.6713
-1748.848
1.0
FldObj_CliffDeathMt_C_08
0
-1.1
0
1867.272
397.5315
-1762.47
1.0
Enemy_Golem_Little_Fire
0
2.339999
0
1371.123
418.8679
-1565.247
1.0
FldObj_CliffDeathMt_D_27
-1.077658
-0.2992376
-0.02559084
1715.729
389.5528
-1423.217
1.0
Barrel
0.0004269076
-0.0001798748
0.008036275
1084.001
127.4197
-1124
1.0
FldObj_CliffDeathMt_D_10_Far.002
-0.6117379
-0.8804177
0.07056865
1155.397
356.035
-1824.324
1.0
FldObj_BoneGiant_BackBone_A_01
2.851764
0.2737925
-0.293036
1536.675
380.4861
-1856.051
0.679
EnemyNoticeTag
0
-1.14
0
1369.675
420.3823
-1584.21
1.0
WallCrack
-0.3784636
-0.3603959
-0.00424589
1950.576
456.2254
-1832.991
1.0
FldObj_CliffDeathMt_C_08.001
0.2271915
-0.7485904
-0.1452657
1721.817
473.6255
-1990.913
0.8
FldObj_CliffDeathMt_D_10.001
2.287862
0.7107565
2.842194
1462.562
398.9917
-1878.121
1.0
ActorObserverTag
0
2.759999
0
1684.72
427.8912
-1720.363
2
FldObj_CliffDeathMt_D_11_Far
2.489367
-1.099457
-2.43294
1310.68
146.1207
-1133.138
1.0
LinkTagOr
0
-2.321593
0
1383.693
326.5146
-1254.631
1.0
SoundProxyLavafallS
0.3068463
-0.9256836
-0.1522306
1613.788
413.7318
-1852.01
0.5
AnchorAction1
0
-1.5
0
1638.38
430.2089
-1978.59
1.0
LinkTagPulse
0
-1.96
0
1950.475
458.3908
-1831.732
0.25
Npc_Goron013
0
2.42
0
1639.25
430.2453
-1976.168
1.0
DestinationAnchor
0
2.696404
0
1059.413
128.1085
-1130.74
1.0
LinkTagAnd
0
0
0
1044.082
277.9969
-1386.154
1.0
LinkTagAnd
0
0
0
1042.027
279.3875
-1381.273
1.0
Area
0
0
0
1378.701
322.6031
-1265.097
1.0
LookTag
0
-2.617994
0
1815.491
387.2862
-1526.13
1.0
FldObj_CliffDeathMt_C_01_Far.001
-0.1132273
0.3213704
-0.2788307
1141.387
339.3761
-1773.249
1.0
SwitchTimeLag
1.570796
-1.241596
3.141593
1194.59
130.0497
-1153.729
0.5
FldObj_PushRock_A_M_01
1.136283
1.38464
1.329198
1709.196
459.6985
-1760.102
0.8
Obj_BoardWood_Square_01
0
0
0
1019.727
274.6875
-1397.773
1.0
FldObj_CliffDeathMt_E_14
-2.833344
1.138997
-3.052227
1399.87
411.0597
-1652.195
1.0
DgnObj_EntranceElevator_A_01
0
-2.617994
0
1820.741
388.2864
-1517.037
1.0
EnemyNoticeTag
0
0
0
1411.5
273.2616
-1250
1.0
FldObj_CliffDeathMt_E_14_Far
-2.833344
1.138997
-3.052227
1399.87
411.0597
-1652.195
1.0
Obj_TreeApple_A_M_01
0
0
0
1308.563
268.9845
-1307.305
1.0
Area
-1.66
-0.9397332
0
1621.235
417.7699
-1863.028
1.0
FldObj_DeathMtArtifactFlag_A_01
0.08543713
0.8165784
0.1169783
1694.455
438.626
-1963.085
1.0
Obj_RockDeathMt_D_L_01.002
-2.243782
-0.7315266
2.048547
1342.159
198.913
-1170.923
1.0
Obj_LiftRockEldin_A_01
0.06915611
-0.0009207874
0.02661706
1410.494
466.3248
-1554.2
1.0
Obj_TreeBroadleaf_A_L
0
0.2354881
0
1214
127.7848
-1064
1.117206
AnchorAction3
0
3.141593
0
1647.261
430.4884
-1995.522
1.0
LinkTagAnd
0
-1.552664
0
1225.97
127.5484
-1214.137
0.3
Area
0
-0.5200028
0
1950.854
458.3909
-1832.657
3
FldObj_CliffDeathMt_C_04_Far.001
0.3662904
0.9402403
0.9327803
1851.008
356.5305
-1817.776
0.9
FldObj_CliffDeathMt_C_08_Far
3.051109
1.075024
-3.00098
1519.083
341.6365
-1770.826
1.0
LinkTagAnd
0
0
0
1819.162
470.638
-1891.42
1.0
Area
0
-1.899997
0
1194.971
126.8997
-1153.916
0.1
FldObj_DeathMtArtifactFlag_A_01_Far
3.074581
-0.8395818
-3.051675
1617.088
443.7717
-1972.511
1.0
FldObj_CliffDeathMt_E_12
-0.09044475
0.9206118
0.01182727
1481.205
417.9659
-1652.412
1.0
Enemy_Golem_Little_Fire
0
-2.46
0
1381.679
418.2517
-1561.308
1.0
Obj_RockSetWhite_A_L_01
-1.60961
0.03951106
-3.095869
1941.821
455.351
-1765.754
1.0
FldObj_CliffDeathMt_D_04_Far
-0.2399999
-1.06
0
1803.023
554.3796
-2064.962
1.0
Obj_RockDeathMt_D_L_01.003
0.3472919
0.1918175
2.023271
1471.695
414.665
-1761.448
1.0
Obj_MeatRock
-0.4111206
1.266557
-0.2499648
1830.116
455.6836
-1887.026
1.0
FldObj_DeathMtArtifactFlag_A_01.001
0
-0.72
0
1852.507
462.2775
-1897.947
0.8
AirOcta_Tag
0
1.570796
0
1038.727
267.6875
-1399.273
1.0
PlayerForbidComebackTag
0
0
0
1837.429
464.9843
-1909.596
1.0
FldObj_CliffDeathMt_D_04_Far.001
-0.1
-0.84
0
1150.141
331.2013
-1688.083
1.0
FldObj_CliffDeathMt_D_11_Far.001
-0.36
-1.04
0
1336.933
372.839
-1741.925
1.0
FldObj_CliffDeathMt_C_04.002
-0.5724772
0.2154059
-0.641121
1634.361
329.9587
-1386.155
1.2
FldObj_CliffDeathMt_E_14_Far.001
2.421917
1.277715
2.562325
1648.585
458.5933
-1794.783
1.0
FldObj_BoneGiant_Rib_A_02_Far
0.6203036
-0.2826996
2.822554
1545.243
382.0504
-1847.625
0.7061606
LinkTagOr
0
1.539999
0
1412.039
411.2473
-1760.305
1.0
FldObj_DeathMtArtifactPillar_A_01
-0.4373081
1.164373
-0.1806955
1848.32
405.3162
-1651.535
1.0
SwitchTimeLag
0
0
0
1413.5
273.2616
-1253
1.0
Obj_RockDeathMt_D_L_01.004
0
0
0
1237.071
395.6165
-1873.979
1.0
AnchorAction2
0
-0.6591983
0
1049.388
127.541
-1127.991
1.0
DgnObj_EntranceShutter_A_01
0
-2.617994
0
1818.841
388.2864
-1520.328
1.0
Obj_LiftRockEldin_A_01.001
0
2.36
0
1381.084
323.6092
-1290.173
1.0
Area
0
0
0
1428.286
465.5051
-1538.39
1.0
Area
0
0
0
1079.5
122.5
-1121.5
13
FldObj_CliffDeathMt_D_10_Far.003
-0.9692262
-0.650732
-0.1185097
1747.836
522.9755
-2007.711
0.9
FldObj_CliffDeathMt_D_10_Far.004
-1.645235
-1.179634
1.131206
1110.231
335.954
-1939.309
1.0
FldObj_DeathMtArtifactFlag_A_01.002
-2.881593
-1.541593
3.141593
2018.337
431.1324
-1612.197
0.8
AirOcta_Tag
0
-2.821594
0
1042.027
279.3875
-1381.273
1.0
Area
0
0.4772162
0
1214
127.7848
-1064
15
LinkTagAnd
0
-1.96
0
1078.654
130.648
-1113.026
1.0
Area
0
-0.5235988
0
1065.67
127.5654
-1141.583
40
FldObj_CliffDeathMt_F_02
0
-1.4
0
1256.602
303.3766
-1530.671
1.0
Obj_RockDeathMt_D_L_01.005
-2.243782
-0.7315266
2.048547
1394.708
221.0785
-1157.508
1.0
LinkTagAnd
0
0
0
1047.603
127.5375
-1120.909
1.0
DgnObj_WarpPoint_A_01
0
-2.617994
0
1816.143
388.2492
-1525
1.0
AnchorAction1
0
2.210933
0
1654.824
430.1944
-1955.018
1.0
FldObj_CliffDeathMt_D_15
3.022344
-0.01353675
3.042305
1426.48
411.1552
-1699.291
1.0
Obj_RockDeathMt_D_L_03.001
0
2.001593
0
1637.531
376.0033
-1628.174
1.0
SwitchTimeLag
0
-1.14
0
1365.058
420.3823
-1579.887
1.0
Barrel
-0.005290824
0.0005862957
0.03059538
1084.996
127.4295
-1126.5
1.0
Obj_RockSetWhite_A_L_01_Far.002
0
0
1.88
1905.613
456.3211
-1800.928
1.0
Npc_HiddenKorokGround
0
-0.5200028
0
1950.854
457.4908
-1832.657
1.0
FldObj_CliffDeathMt_F_04
0.01123269
-0.2252968
-0.4640607
1556.705
367.5984
-1497.005
0.9
AnchorAction1_Rain
0
-0.8726646
0
1071.889
128.0754
-1146.456
1.0
Obj_RockSetWhite_A_L_01_Far.003
-0.9538115
-0.7679753
-0.68507
1858.726
457.2669
-1807.05
1.0
FldObj_CliffDeathMt_E_12.001
0
-2.5
0
1797.079
430.7775
-1828.453
1.0
LinkTagAnd
0
0
0
1427.989
470.0667
-1542.664
1.0
Enemy_Golem_Little
0
-1.32
0
1437.322
273.3313
-1260.344
1.0
Area
0
0
0
1425.719
397.1379
-1762.734
4
FldObj_CliffDeathMt_D_19_Far
0.2226953
-1.183896
-0.8420137
1428.453
324.4201
-1383.45
1.0
Obj_RockDeathMt_D_L_01_Far.001
0.3472919
0.1918175
2.023271
1471.695
414.665
-1761.448
1.0
FldObj_DeathMtArtifactPickaxeStatue_A_01_Far
0
0.8800001
0
1667.69
430.8839
-1980.25
1.0
LinkTagOr
0
0.5215926
0
1544.764
396.703
-1837.464
1.0
FldObj_CliffDeathMt_C_01
-0.1132273
0.3213704
-0.2788307
1141.387
339.3761
-1773.249
1.0
LocationTag
0
0
0
1818.983
385.3697
-1520.439
1.0
FldObj_CliffDeathMt_E_14_Far.002
1.934063
1.254644
1.898308
1370.759
403.6315
-1531.31
1.0
Obj_RockDeathMt_D_L_01_Far.002
0
1.919998
0
1201.106
386.3891
-1835.24
1.0
LinkTagAnd
0
0
0
1072.975
129.9445
-1140.487
1.0
LocationTag
0
0
0
1065.67
127.5654
-1141.583
1.0
FldObj_CliffDeathMt_D_10_Far.005
2.287862
0.7107565
2.842194
1462.562
398.9917
-1878.121
1.0
AnchorAction1
0
1.965599E-07
0
1679.014
431.0662
-1971.427
1.0
FldObj_DeathMtArtifactFlag_A_01.003
-0.4358689
1.408586
-0.3804027
1954.763
430.8665
-1641.503
1.0
FldObj_CliffDeathMt_F_01_Far
-0.2605046
-0.07897604
0.01277202
1795.594
289.6513
-1272.566
1.0
AnchorSleep
0
0.4600001
0
1683.818
431.1223
-1972.836
1.0
FldObj_BoneGiant_BackBone_A_01.001
3.036598
0.2169779
-0.2731472
1533.283
379.5447
-1866.115
0.6394836
FldObj_BoneGiant_Rib_A_03
2.587107
0.1701528
-0.407495
1537.973
387.6819
-1840.398
0.6111422
Area
0
-0.2
0
1824.383
452.2398
-1890.992
11.73978
LinkTagOr
0
-2.443186
0
1687.174
429.895
-1716.765
1.0
FldObj_CliffDeathMt_D_04
-0.1
-0.84
0
1150.141
331.2013
-1688.083
1.0
FldObj_CliffDeathMt_D_21
0
0.1800001
0
1978.64
432.8033
-1602.246
1.2
FldObj_CliffDeathMt_E_18_Far
-0.1399999
0
0.18
1293.977
141.0744
-1105.553
1.0
AnchorAction2
0
1.421593
0
1651.896
430.1702
-1964.425
1.0
FldObj_CliffDeathMt_C_05_Far
0
0
0.07999998
1990.096
440.2992
-1661.76
1.0
FldObj_LavaPlane_A_01_Far
0
0
0
1708.325
425.1718
-1745.441
0.3
FldObj_CliffDeathMt_D_10.002
-0.1669038
0.9559298
0.6041552
1467.988
244.1063
-1205.988
1.0
ActorObserverTag
0
-1.899997
0
1194.908
128.0497
-1153.885
1.0
TBox_Field_Iron_NoReaction
-1.661203
-1.331119
1.400553
992.8
125.7
-1132.4
1.0
TimeControlTag
0
0
0
1075
160.9453
-1091.789
1.0
LinkTagAnd
0
0
0
1413.5
273.2616
-1256
1.0
FldObj_CliffDeathMt_C_01.001
-0.2925706
-0.7565839
0.5904399
1855.196
348.8627
-1512.02
1.0
FldObj_CliffDeathMt_C_01.002
0
1.719995
0
1616.471
341.6432
-1637.838
1.0
Area
0
-1.14
0
1379.5
420.3823
-1570.016
15
AnchorAction1
0
-1.457855
0
1639.301
430.208
-1977.142
1.0
FldObj_KorokStartingBlock_A_01
0
0.32
0
1527.353
394.4125
-1887.449
1.0
DestinationAnchor
0
-1.650784
0
1418.964
466.5527
-1537.812
1.0
LinkTagOr
0
0
0
1198.598
130.1122
-1164.893
1.0
FldObj_BoneGiant_Rib_A_03_Far
2.587107
0.1701528
-0.407495
1537.973
387.6819
-1840.398
0.6111422
LinkTagAnd
0
0
0
1379.5
420.3823
-1570.016
1.0
AnchorWander_Rain
0
-0.8726646
0
1071.889
128.0754
-1146.456
1.0
EventTag
-0.04694249
-9.963938E-05
-0.004244383
1102.645
143.9436
-1128.031
1.0
Item_Fruit_A
0
0
0
1310.373
271.5495
-1307.775
1.0
FldObj_CliffDeathMt_E_01_Far
3.141593
-0.8815934
2.781592
1794.108
473.653
-1852.832
1.0
FldObj_BoneGiant_Rib_A_02_Far.001
2.633332
0.2163033
-0.3606085
1530.187
381.1149
-1859.551
0.5115108
Obj_RockSetWhite_A_L_01_Far.004
-1.60961
0.03951106
-3.095869
1941.821
455.351
-1765.754
1.0
FldObj_CliffDeathMt_C_05.001
0
-0.52
0
1971.787
466.4547
-1841.293
1.0
FldObj_BoneGiant_Rib_A_02_Far.002
0.5486795
-0.3345859
2.93531
1537.949
378.2053
-1867.298
0.4710164
SwitchTimeLag
0
0
0
1413.5
273.2616
-1259
1.0
FldObj_CliffDeathMt_D_11_Far.002
-0.3892594
-0.5179932
0.02007431
1815.891
257.8549
-1090.459
0.9
Enemy_AirOctarock
0
2.356194
0
1023.412
276.2422
-1401.722
1.0
FldObj_CliffDeathMt_F_01
0
-0.8199999
0
1283.71
381.5152
-1829.301
1.0
AnchorAction1
0
-0.6591983
0
1049.63
127.541
-1127.804
1.0
Obj_RockSetWhite_A_L_01.001
0
0
-2.783186
1981.918
460.1316
-1800.928
1.0
FldObj_CliffDeathMt_D_11_Far.003
-0.1647553
-0.4552769
0.3788516
1279.627
221.6149
-1290.225
1.0
Npc_Goron012
0
2.28
0
1646.59
430.1749
-1969.935
1.0
DgnObj_DungeonEntrance_A_01
0
-1.552664
0
1231.996
126.5484
-1212.747
1.0
FldObj_CliffDeathMt_C_01_Far.002
-0.4596674
1.210795
-0.3007414
1407.497
217.0993
-1160.897
1.0
KorokAnswerResponce
0
2.759999
0
1686.576
427.8912
-1719.618
1.0
AnchorAction1
0
-0.5235988
0
1060.57
128.0654
-1132.75
1.0
FldObj_BoneGiant_BackBone_A_01.002
2.498307
0.1985436
-0.2650938
1544.501
388.365
-1837.284
0.679
FldObj_BoneGiant_Rib_A_02
0.6203036
-0.2826996
2.822554
1545.243
382.0504
-1847.625
0.7061606
SwitchTimeLag
0
-1.14
0
1370.51
420.3823
-1582.392
1.0
LinkTagAnd
0
-1.552664
0
1225.97
127.5484
-1214.137
0.3
FldObj_CliffDeathMt_D_14
0.02570162
0.5367517
0.3322949
1138.554
122.7929
-1235.34
1.0
Obj_MeatRock.001
-3.03235
-1.146082
-3.025764
1825
453.5811
-1889.5
1.0
TBox_Field_Wood
0
-1.859999
0
1039.227
265.1797
-1398.273
1.0
LinkTagAnd
0
0
0
1023.412
276.2422
-1401.722
1.0
Barrel
0.01588208
-2.588961E-05
0.0088245
1086.502
127.4496
-1124.503
1.0
Obj_TreeBroadleaf_B_L_01.001
3.116738
-0.3005981
-3.057828
1048.399
281.6138
-1710.302
1.0
AnchorAction1_Rain
0
-0.5599999
0
1054.124
127.5654
-1132.629
1.0
LinkTagAnd
0.7689019
0.3369287
-0.7958924
1471.512
573.5603
-1543.493
5
Obj_RockDeathMt_D_L_01.006
-0.1246384
0.2445706
-1.206099
1087.983
329.004
-1862.079
1.0
SoundProxyLavafallS
-1.369113
-0.5615508
0.6101803
1618.902
414.0321
-1872.458
0.5
LinkTagAnd
0
0.3615904
0
1426.428
467.5379
-1543.893
1.0
LinkTagOr
0
0
0
1047.477
127.5532
-1130.165
1.0
FldObj_CliffDeathMt_E_14.001
-0.05321996
0.09671
0.3118258
1433.778
447.1078
-1632.543
1.0
LinkTagNone
0
0
0
1709.485
459.274
-1761.068
1.0
FldObj_CliffDeathMt_D_10_Far.006
-0.1123373
0.9432711
0.8956132
1349.876
286.3422
-1378.591
1.0
FldObj_CliffDeathMt_C_04_Far.002
-1.625827
0.8760809
-1.501897
1965.742
395.1665
-1705.471
1.0
LinkTagAnd
0
-2.617994
0
1821.04
400.7862
-1519.519
0.6
FldObj_CliffDeathMt_D_10_Far.007
-0.04161907
-0.27977
0.0114986
1341.434
124.8185
-1033.292
1.0
LinkTagAnd
0
0
0
1016.241
276.2969
-1393.787
1.0
FldObj_BoneGiant_Rib_A_02.001
0.5977919
-0.3525261
2.881752
1541.374
379.1938
-1857.671
0.6248845
Obj_RockDeathMt_D_L_01_Far.003
0
-1.3
0
1788.712
460.896
-1875.041
1.0
DgnObj_WarpPoint_A_01
0
-1.552664
0
1222.803
127.5114
-1212.58
1.0
FldObj_CliffDeathMt_D_10.003
1.541384
1.34409
1.854525
1862.992
254.475
-1231.935
1.0
FldObj_CliffDeathMt_D_10.004
-0.04161907
-0.27977
0.0114986
1341.434
124.8185
-1033.292
1.0
Obj_LiftRockEldin_Korok_A_01.001
0
0
0
1428.286
464.9051
-1538.39
1.0
FldObj_PushRock_A_M_01.001
-0.0801291
-0.008749071
0.1140872
1468.576
425.748
-1740.36
0.8
LinkTagAnd
0
0
0
1413.5
273.2616
-1250
1.0
LinkTagOr
0
-1.62
0
1100.047
130.1203
-1082.549
1.0
FlyingBalloonObserverTag
-0.05982583
0.000246222
0.008228788
1098.131
140.826
-1114.495
1.0
FldObj_PushRock_A_M_01.002
-2.336931
0.4073911
-2.953959
1705.317
459.462
-1766.659
0.8
Area
0
0
0
1428.5
273.2616
-1262
15
Npc_DeathWestHatago_002
0
-0.58
0
1061.473
128.0554
-1134.351
1.0
Area
0
-1.254415
0
1144.644
129.2584
-1039.642
15
FldObj_CliffDeathMt_D_19
0.2226953
-1.183896
-0.8420137
1428.453
324.4201
-1383.45
1.0
LinkTagAnd
0
0
0
1815.599
470.638
-1889.139
1.0
LinkTagAnd
0
0
0
1019.727
277.6875
-1397.773
1.0
EventTag
0
0
0
1810
472.8281
-1889.212
1.0
LinkTagAnd
0
0
0
1065.67
127.5654
-1141.583
1.0
LinkTagAnd
0
-1.499987
0
1940.114
228.5126
-1218.231
1.0
FldObj_CliffWhiteWall_A_02
-0.04306895
-0.3796803
0.01597089
957.819
123.1811
-1131.412
1.0
FldObj_CliffDeathMt_F_01_Far.001
0
-0.8199999
0
1283.71
381.5152
-1829.301
1.0
Obj_RockDeathMt_D_L_03.002
0.2390134
-0.8076665
-0.01183966
1425.963
251.6986
-1236.361
1.0
Enemy_AirOctarock
0
-2.036196
0
1037.207
278.0203
-1383.656
1.0
LinkTagAnd
0
0
0
1527.353
395.8625
-1887.449
1.0
Area
0
-2.443186
0
1687.556
428.395
-1717.087
2
LinkTagAnd
0
1.539999
0
1412.009
411.2473
-1759.305
1.0
AnchorAction1
0
-0.3269227
0
1644.37
430.3015
-1971.437
1.0
LinkTagAnd
0
0
0
1045.456
127.5346
-1121.291
1.0
FldObj_DeathMtLavaFall_A_03_Far
0
-0.9397332
0
1613.166
403.3951
-1857.132
0.5
Area
0
-1.899997
0
1194.777
126.2997
-1153.348
0.1
LinkTagOr
0
-0.28
0
1947.059
455.9181
-1830.056
1.0
FldObj_CliffDeathMt_D_11
-0.2584858
-0.09781504
0.03006417
1582.265
209.161
-1109.153
1.0
LinkTagAnd
0
0
0
1653.717
440.3155
-1977.475
3
FldObj_BoneGiant_Rib_A_02.002
0.5486795
-0.3345859
2.93531
1537.949
378.2053
-1867.298
0.4710164
LinkTagAnd
0
-2.321593
0
1384.375
326.5146
-1255.362
1.0
AnchorAction4
0
0.58
0
1682.101
430.2462
-1953.728
1.0
FldObj_CliffDeathMt_D_10_Far.008
-1.112161
-0.763832
0.5472397
1308.518
351.8529
-1608.153
1.0
LinkTagOr
0
0
0
1042.532
127.5532
-1129.495
1.0
FldObj_BoneGiant_BackBone_A_01_Far
2.691765
0.2737926
-0.2930358
1540.719
383.3409
-1846.099
0.679
FldObj_CliffDeathMt_C_01.003
3.027493
-0.7252115
-2.908474
1378.5
329.5143
-1460.447
1.0
SwitchTimeLag
0
-1.14
0
1359.607
420.3823
-1577.381
1.0
FldObj_DeathMtArtifactFlag_A_01_Far.001
0.03865692
-0.01028065
0.2598012
1757.206
445.358
-1856.11
1.0
LinkTagNone
0
0
0
1687.556
428.395
-1717.087
1.0
LinkTagAnd
0
0
0
1020.5
275.1075
-1397.5
1.0
FldObj_CliffDeathMt_C_04_Far.003
-2.967476
-0.659128
2.861904
1810.524
458.3441
-1965.923
1.0
FldObj_DeathMtArtifactFlag_A_01_Far.002
0.08543713
0.8165784
0.1169783
1694.455
438.626
-1963.085
1.0
FldObj_CliffDeathMt_D_10.005
-1.645235
-1.179634
1.131206
1110.231
335.954
-1939.309
1.0
Npc_HiddenKorokFly
0
1.300004
0
1282.642
129.65
-1123.445
1.0
SwitchTimeLag
-1.570796
0
0
1375.927
327.4597
-1260.242
0.5
FldObj_CliffDeathMt_C_01.004
2.852784
-0.4449419
-3.014402
1920.144
446.7603
-1846.562
1.0
FldObj_CliffDeathMt_C_04.003
-1.625827
0.8760809
-1.501897
1965.742
395.1665
-1705.471
1.0
Item_Fruit_A
0
1.396263
0
1309.313
272.0245
-1307.805
1.0
LinkTagNAnd
0
-1.552664
0
1230.024
140.0484
-1211.211
0.6
Obj_TreeBroadleaf_B_L_01.002
0
0
0.26
1059.329
221.1791
-1467.761
1.0
LinkTagAnd
0
0
0
1359.607
420.3823
-1577.381
1.0
FldObj_CliffDeathMt_C_08_Far.001
-0.8958138
-1.195101
0.06065509
1296.708
398.3409
-1966.669
1.0
Obj_RockSetWhite_A_L_01.002
-1.482598
0.5638847
-1.391417
1934.954
454.6713
-1748.848
1.0
LinkTagAnd
0
0.5215926
0
1543.897
396.703
-1836.965
1.0
Obj_TreeBroadleaf_A_L.001
0
-1.496144
0
1144.644
129.2584
-1039.642
1.117206
Enemy_Golem_Little
0
0.08000003
0
1423.271
277.2628
-1270.946
1.0
KorokAnswerResponce
0
0
0
1373.427
325.4597
-1260.242
1.0
FldObj_CliffDeathMt_E_14_Far.003
-0.05321996
0.09671
0.3118258
1433.778
447.1078
-1632.543
1.0
AnchorAction1_Rain
0
-0.7199998
0
1071.499
128.0554
-1138.594
1.0
Npc_Goron014
0
0.84
0
1644.485
430.1702
-1973.351
1.0
Enemy_AirOctarock
0
-3.141593
0
1040.403
266.3141
-1406.028
1.0
Area
0
-1.499987
0
1936.16
218.4363
-1217.449
1.0
FldObj_CliffDeathMt_D_04_Far.002
-0.1
-0.84
0
1262.775
279.3595
-1424.089
1.0
FldObj_CliffDeathMt_D_10.006
-0.9692262
-0.650732
-0.1185097
1747.836
522.9755
-2007.711
0.9
Obj_TreeBroadleaf_B_L_01.003
3.116738
-0.3005981
-3.057828
1046.48
297.3575
-1773.763
1.0
LinkTagAnd
0.7689019
0.3369287
-0.7958924
1471.512
573.5603
-1543.493
5
Npc_Goron023
0
0
0
1656.634
430.1459
-1968.532
1.0
AnchorAction1_Rain
0
-0.8799998
0
1067.203
128.0554
-1131.902
1.0
FldObj_CliffDeathMt_D_11.001
-0.3892594
-0.5179932
0.02007431
1815.891
257.8549
-1090.459
0.9
LinkTagAnd
0
0
0
1818.983
385.3697
-1520.439
1.0
Npc_Goron015
0
0.38
0
1661.139
430.1552
-1973.194
1.0
LinkTagAnd
0
3.141593
0
1198.021
129.4715
-1152.63
1.0
FldObj_BoneGiant_Rib_A_02_Far.003
2.631764
0.2737925
-0.2930358
1536.34
385.1018
-1844.658
0.679
LinkTagAnd
0
0
0
1042.027
276.3875
-1381.273
1.0
Obj_RockDeathMt_D_L_01.007
0
1.919998
0
1201.106
386.3891
-1835.24
1.0
LinkTagAnd
0
0
0
1046.644
277.9969
-1378.863
1.0
Obj_RockDeathMt_D_L_01.008
-0.1954559
0.8224627
2.877726
1867.294
457.268
-1880.186
1.0
Obj_MeatRock.002
0
0.9729112
0
1822.997
453.7675
-1891.169
1.0
ActorObserverTag
0
0
0
1377.701
324.2031
-1265.097
1.0
FldObj_KorokGoal_A_01
0
-2.78
0
1544.331
392.203
-1837.214
1.0
LinkTagAnd
0
0
0
1365.058
420.3823
-1579.887
1.0
LinkTagAnd
0
0
0
1245.923
139.8484
-1187.527
1.0
Obj_RockSetWhite_A_L_01.003
-0.9538115
-0.7679753
-0.68507
1858.726
457.2669
-1807.05
1.0
FldObj_DeathMtArtifactPickaxeStatue_A_01
0
0.8800001
0
1667.69
430.8839
-1980.25
1.0
FldObj_CliffDeathMt_D_06_Far.001
0
0.3399994
0
1380.371
270.8379
-1271.573
1.0
Enemy_Lizalfos_Fire
0
-3.1
0
1816
384.3814
-1561.5
1.0
FldObj_CliffDeathMt_C_01.005
-1.224706
1.254447
-1.525725
2032.702
448.8496
-1742.373
1.0
LinkTagAnd
0
0
0
1818.983
385.3697
-1520.439
1.0
Enemy_Golem_Little_Fire
0
-1.06
0
1385.445
423.1211
-1578.503
1.0
ActorObserverTag
0
0
0
1428.286
467.1051
-1538.39
1.0
AnchorAction4
0
0.58
0
1676.078
430.0598
-1955.974
1.0
LinkTagOr
0
0
0
1421.931
467.8203
-1547.044
1.0
Obj_TreeBroadleafRoot_B_L_01
2.990755
-0.6829412
-2.9872
1032.284
183.1576
-1344.108
1.0
FldObj_CliffDeathMt_F_03
-0.1699997
-0.3482474
0.07620796
1512.278
313.8645
-1315.219
1.0
FldObj_BoneGiant_Rib_A_03.001
0.6197929
-0.2576698
2.810617
1542.967
380.299
-1852.402
0.6790015
ActorObserverTag
0
0
0
1421.931
466.8203
-1547.044
1.0
Obj_TreeBroadleaf_B_L_01.004
0
0
0.3399999
1090.677
238.1193
-1432.309
1.0
Obj_RockDeathMt_D_L_01_Far.004
1.105453
0.08901525
-1.503706
1333.78
364.9713
-1689.66
1.0
FldObj_LavaPlane_A_01
0
0
0
1708.325
425.1718
-1745.441
0.3
HorsePlacmentAnchor
0
-2.820069
0
1079.797
127.4079
-1128.551
1.0
FldObj_CliffDeathMt_F_03.001
-0.2999278
0.01795496
0.1861369
1498.409
186.4239
-1087.854
1.05
LinkTagAnd
0
0
0
1417.981
469.2273
-1540.353
1.0
HorsePlacmentAnchor
0
0
0
1060.171
127.5519
-1126.012
1.0
LinkTagAnd
0
0
0
1044.903
127.541
-1127.593
1.0
Obj_TreeBroadleaf_B_L_01.005
0
0
0.4199999
1037.671
203.3021
-1409.276
1.0
LinkTagAnd
0
0
0
1098.131
140.826
-1114.495
1.0
FldObj_CliffDeathMt_D_11.002
0.1443412
-0.287145
0.3536897
1221.304
149.6086
-1233.617
1.0
Obj_RockDeathMt_D_L_01.009
0
-1.3
0
1788.712
460.896
-1875.041
1.0
FldObj_CliffDeathMt_C_05.002
0.1800315
-1.170761
-0.108668
1668.654
409.4549
-1737.57
1.2
LinkTagAnd
0
-2.617994
0
1819.04
388.2862
-1522.983
0.3
ActorObserverTag
0
-1.899997
0
1194.746
128.0497
-1153.411
1.0
FldObj_CliffDeathMt_C_08.002
2.883345
1.249232
2.837065
1708.028
411.7979
-1815.864
0.8
AnchorAction1
0
-2.614051
0
1045.223
127.5578
-1139.807
1.0
SwitchTimeLag
0
0
0
1413.5
273.2616
-1247
1.0
TwnObj_StableHostel_A_01_Far
0
-0.5235988
0
1065.67
127.5654
-1141.583
1.0
FldObj_CliffDeathMt_C_01_Far.003
-1.224706
1.254447
-1.525725
2032.702
448.8496
-1742.373
1.0
TwnObj_UmayadoBook_06
0
-0.32
0
1073.564
129.1484
-1140.347
1.0
Area
0
0
0
1083
140
-1124
1.0
FldObj_CliffDeathMt_D_04_Far.003
-0.45278
-0.0303144
0.06379094
1653.982
229.3997
-1126.66
1.1
TwnObj_StableHostel_A_01
0
-0.5235988
0
1065.67
127.5654
-1141.583
1.0
LinkTagAnd
0
0
0
1370.51
420.3823
-1582.392
1.0
Enemy_Chuchu_Junior
0
-1.09358
0
1208.995
138.7848
-1067.147
1.0
AnchorAction2
0
-0.8726646
0
1071.889
128.0754
-1146.456
1.0
LinkTagOr
0
0
0
1307.963
268.9845
-1303.832
1.0
LinkTagAnd
0
-2.443186
0
1687.939
429.895
-1717.409
1.0
FldObj_SkullRockBroken_A_01_Far
-1.371762
1.164121
-0.9090738
1529.323
378.0744
-1891.012
1.0
Obj_LiftRockEldin_Korok_A_01.002
0
0
0
1378.701
322.0031
-1265.097
1.0
Enemy_AirOctarock
0
-2.356194
0
1016.102
276.2969
-1401.514
1.0
FldObj_CliffDeathMt_C_08.003
3.010802
0.9150386
2.977126
1746.682
349.3731
-1704.764
1.0
LinkTagAnd
0
-1.899997
0
1194.59
129.0497
-1153.729
1.0
LinkTagAnd
0
0
0
1037.207
278.0203
-1383.656
1.0
ActorObserverTag
0
0
0
1379.701
324.2031
-1265.097
1.0
FldObj_CliffDeathMt_E_14_Far.004
-0.06878712
-1.380206
-0.03160604
1479.949
456.6821
-1614.735
1.0
Area
0
1.300004
0
1286.496
122.0737
-1122.375
1.0
LinkTagNOr
0
0
0
1047.655
127.5395
-1123.711
1.0
DgnObj_EntranceElevator_A_01
0
-1.552664
0
1231.996
127.5486
-1212.747
1.0
LinkTagAnd
0
0
0
1362.333
420.3823
-1578.634
1.0
FldObj_CliffDeathMt_C_04_Far.004
-0.5724772
0.2154059
-0.641121
1634.361
329.9587
-1386.155
1.2
Enemy_Golem_Little_Fire
0
-2.46
0
1382.808
419.8166
-1566.815
1.0
FldObj_CliffDeathMt_E_07_Far
-2.865517
-0.6516694
2.900633
1396.86
270.0544
-1324.008
1.0
Obj_RockDeathMt_D_L_06_Far
0
-1.2
0
1744.256
441.0368
-1848.033
1.0
DgnObj_DungeonEntrance_A_01_Far
0
-2.617994
0
1820.741
387.2862
-1517.037
1.0
Obj_TreeBroadleaf_B_L_01.006
0.3703995
0.6335101
0.1767098
1015.655
218.3337
-1459.932
1.0
FldObj_CliffDeathMt_E_14_Far.005
1.689074
1.082906
1.581798
1380.523
381.8612
-1485.726
1.0
FldObj_CliffDeathMt_C_08_Far.002
0
-1.1
0
1867.272
397.5315
-1762.47
1.0
Npc_HiddenKorokFly
0
-1.499987
0
1940.15
226.0126
-1217.732
1.0
Obj_RockDeathMt_D_L_01_Far.005
-0.1246384
0.2445706
-1.206099
1087.983
329.004
-1862.079
1.0
FldObj_BoneGiant_BackBone_A_01_Far.001
3.036598
0.2169779
-0.2731472
1533.283
379.5447
-1866.115
0.6394836
FldObj_CliffDeathMt_D_10.007
-0.5069551
-0.6092365
-0.03100944
1253.485
334.2591
-1670.26
1.0
LinkTagAnd
0
0
0
1427.989
469.0667
-1542.664
1.0
FldObj_KorokStoneLift_A_01
3.141499
-0.4406503
3.140995
1186.104
123.2996
-1158.857
1.0
LinkTagAnd
0
0.4772162
0
1205.117
132.7848
-1059.407
1.0
FldObj_CliffDeathMt_D_19_Far.001
-2.087874
1.342829
-0.8877364
1449.156
292.592
-1278.395
0.8
ActorObserverTag
0
-0.5235988
0
1057.17
132.5654
-1126.861
1.0
SwitchTimeLag
0
0
0
1413.5
273.2616
-1256
1.0
FldObj_CliffDeathMt_D_10.008
-0.504172
0.6388247
0.6074056
1255.083
320.85
-1605.381
1.0
FldObj_CliffDeathMt_D_10_Far.009
1.541384
1.34409
1.854525
1862.992
254.475
-1231.935
1.0
DgnObj_EntranceTerminal_A_01
0
-3.141593
0
1816.009
388.2864
-1521.233
1.0
Obj_RockSetWhite_A_L_01_Far.005
0.5000001
0.7600001
-0.22
1976.069
449.3829
-1714.284
1.0
FldObj_CliffDeathMt_C_08_Far.003
0.2383451
-0.07868504
0.166972
1159.297
153.2825
-1352.135
1.0
Enemy_AirOctarock
0
-0.7853981
0
1034.002
266.3453
-1393.348
1.0
Npc_HiddenKorokGround
0
-2.321593
0
1377.204
322.4067
-1261.174
1.0
AnchorSleep
0
-2.094395
0
1064.439
128.0554
-1142.311
1.0
FldObj_CliffDeathMt_D_16_Far
0
-1.992389
0
1911.747
404.4609
-1633.71
1.0
FldObj_CliffDeathMt_E_12.002
2.821593
0.09840753
3.141593
1345.631
379.1704
-1566.044
1.0
FldObj_CliffDeathMt_C_08_Far.004
3.010802
0.9150386
2.977126
1746.682
349.3731
-1704.764
1.0
LinkTagNone
0
0
0
1037.207
278.0203
-1383.656
1.0
FldObj_CliffDeathMt_D_11_Far.004
0.1443412
-0.287145
0.3536897
1221.304
149.6086
-1233.617
1.0
Obj_RockDeathMt_D_L_01_Far.006
0.4798777
-0.895206
1.364121
1819.148
468.284
-1864.682
0.8
LinkTagAnd
0
-1.96
0
1080.552
130.2069
-1105.501
1.0
RememberTag
0
-0.08000004
0
1417.294
466.7837
-1537.946
1.0
Npc_HyrulePlain006
0
0
0
1062.775
127.5449
-1127.802
1.0
FldObj_BoneGiant_Rib_A_03_Far.001
0.6197929
-0.2576698
2.810617
1542.967
380.299
-1852.402
0.6790015
KorokAnswerResponce
0
0
0
1422.989
472.5667
-1542.664
1.0
LinkTagOr
0
0
0
1527.425
395.8037
-1887.198
1.0
FldObj_BoneGiant_Rib_A_02_Far.004
2.5218
0.2576698
-0.3309752
1532.438
382.2033
-1854.902
0.5933532
SwitchTimeLag
0
-1.14
0
1367.784
420.3823
-1581.14
1.0
FldObj_CliffDeathMt_D_11.003
-0.36
-1.04
0
1336.933
372.839
-1741.925
1.0
Obj_RockDeathMt_D_L_01_Far.007
1.978911
0.8031833
1.883079
1271.947
127.456
-1201.219
1.0
FldObj_PushRock_A_M_01.003
2.894333
-0.1481878
-3.082212
1706.277
459.7454
-1761.826
0.8
FldObj_CliffDeathMt_C_04.004
-2.763026
1.082472
-2.999088
1211.097
166.9733
-1309.951
1.0
FldObj_DeathMtLavaFall_A_03
0
-0.9397332
0
1613.166
403.3951
-1857.132
0.5
FldObj_CliffDeathMt_E_14.002
2.712272
0.5835623
2.757015
1406.332
355.618
-1431.88
1.0
LinkTagOr
0
-0.5200028
0
1951.288
459.9908
-1832.409
1.0
FldObj_CliffDeathMt_D_10_Far.010
-1.484031
-1.078178
0.4915482
1481.911
412.3048
-1721.556
1.0
FldObj_CliffDeathMt_C_12
0
-0.7400001
0
1736.295
430.2977
-1976.126
1.0
LinkTagAnd
0
-1.552664
0
1229.969
140.0484
-1214.21
0.6
FldObj_CliffDeathMt_D_27.001
-0.796282
-1.206317
-0.04878387
1330.964
509.4559
-1992.79
1.0
Obj_RockDeathMt_D_L_01_Far.008
0.04767492
-0.2091614
0.3875111
1851.171
382.734
-1651.196
1.0
LinkTagAnd
0
0
0
1820.334
470.638
-1886.6
1.0
FldObj_CliffDeathMt_C_08.004
0.6978818
-1.105146
-0.6096222
1469.598
345.4053
-1502.929
1.0
Obj_RockDeathMt_D_L_01_Far.009
0
0.361593
0
1072.362
146.9043
-1308.148
1.0
Area
0
0
0
1421.931
465.2202
-1547.044
1.0
Area
0
-0.8726643
0
1231.996
126.5484
-1212.747
25
Obj_RockDeathMt_D_L_03.003
-0.8820903
1.504653
-0.5782011
1422.752
244.5358
-1215.199
1.0
FldObj_CliffDeathMt_C_01.006
-0.6004457
0.8022302
-0.7610976
1786.503
396.2193
-1672.922
1.0
FldObj_CliffDeathMt_C_01_Far.004
0
1.719995
0
1616.471
341.6432
-1637.838
1.0
LinkTagAnd
0
-0.5235988
0
1057.17
137.5654
-1126.861
1.0
FldObj_CliffDeathMt_D_08
0
2.940001
0
1877.304
463.974
-1864.494
0.8
Enemy_AirOctarock
0
2.676193
0
1044.082
277.9969
-1386.154
1.0
AirOcta_Tag
0
0
0
1019.727
277.6875
-1397.773
1.0
FldObj_CliffDeathMt_E_01_Far.001
0.2971538
-0.7414107
-0.0347088
1107.435
144.9641
-1208.235
1.0
FldObj_CliffDeathMt_C_08_Far.005
0.2271915
-0.7485904
-0.1452657
1721.817
473.6255
-1990.913
0.8
ActorObserverTag
0
-1.899997
0
1194.435
128.0497
-1154.046
1.0
Area
0
2.759999
0
1684.205
422.2162
-1720.715
3.7
FldObj_CliffDeathMt_D_06
0
1.199999
0
1426.442
413.5608
-1547.288
1.0
Enemy_Golem_Little
0
-1.32
0
1432.79
274.1437
-1263.67
1.0
LinkTagNAnd
0
0
0
1827.5
475
-1886.5
1.0
KorokAnswerResponce
0
-2.62
0
1545.437
392.203
-1841.31
1.0
LinkTagAnd
0
0
0
1367.784
420.3823
-1581.14
1.0
KorokAnswerResponce
0
0
0
1199.598
126.0497
-1164.893
1.0
FldObj_DeathMtLavaFall_B_03
0
-0.9397342
0
1613.166
384.3814
-1857.132
0.5
LinkTagNAnd
0
-2.617994
0
1818.442
400.7862
-1518.019
0.6
Obj_RockDeathMt_D_L_03_Far
0
2.001593
0
1637.531
376.0033
-1628.174
1.0
LinkTagAnd
0
0
0
1065.67
127.5654
-1141.583
1.0
LinkTagAnd
0
0
0
1245.923
139.8484
-1187.527
1.0
FldObj_CliffDeathMt_E_14.003
1.689074
1.082906
1.581798
1380.523
381.8612
-1485.726
1.0
FldObj_LavaPlane_A_05_Far
0
0
0
1623.435
398.6319
-1887.913
1.0
LinkTagAnd
0
0
0
1413.5
273.2616
-1259
1.0
EventTag
0
-2.076263
0
1226.034
127.5484
-1210.638
0.6
EnemyNoticeTag
0
-1.14
0
1358.771
420.3823
-1579.198
1.0
FldObj_CliffDeathMt_D_10_Far.011
-0.4848804
-0.5675743
-0.6127678
1390.216
398.7521
-1795.939
1.0
FldObj_KorokStone_A_01
0
-1.899997
0
1194.59
126.0497
-1153.729
1.0
LinkTagAnd
0
0
0
1043.374
127.5323
-1123.932
1.0
LinkTagAnd
0
0
0
1042
277
-1381.5
1.0
AnchorAction3
0
2.599588
0
1063.032
128.0654
-1137.019
1.0
FldObj_CliffDeathMt_D_11.004
-0.1647553
-0.4552769
0.3788516
1279.627
221.6149
-1290.225
1.0
FldObj_CliffDeathMt_D_10.009
0.07198251
-0.3281792
0.2959361
1331.183
185.5415
-1186.19
1.0
AnchorAction1_Rain
0
-0.5235988
0
1086.5
127.4445
-1126
1.0
DestinationAnchor
0
1.06533
0
1225.159
127.5484
-1211.122
1.0
AnchorAction2_Rain
0
-0.5599999
0
1053.8
127.5654
-1132.113
1.0
FldObj_BoneGiant_Rib_A_03.002
0.6027614
-0.2449943
2.883897
1539.672
378.2274
-1862.242
0.5952238
Area
0
-1.96
0
1059.794
128.8938
-1100.642
14.96053
ForceSetPosDirAutoSaveAnchor
0
0.5235989
0
1817.394
388.2862
-1523.033
1.0
FldObj_CliffDeathMt_D_10_Far.012
-0.504172
0.6388247
0.6074056
1255.083
320.85
-1605.381
1.0
FldObj_CliffWhiteWall_A_02_Far
-0.04306895
-0.3796803
0.01597089
957.819
123.1811
-1131.412
1.0
LinkTagAnd
0
0
0
1101
145
-1110
1.0
FldObj_CliffDeathMt_C_01_Far.005
3.141593
-0.2015928
2.901593
1264.626
117.3427
-1065.365
1.0
LinkTagAnd
0
0
0
1094.242
139.3519
-1099.171
1.0
LinkTagAnd
0
0
0
1413.5
273.2616
-1253
1.0
FldObj_CliffDeathMt_D_16_Far.001
-2.078297
-1.567839
2.198272
2010.737
431.7287
-1610.885
0.8
FldObj_CliffDeathMt_C_04.005
-0.3364098
-0.06915963
-0.4380579
1705.978
388.8242
-1711.736
1.0
EnemyNoticeTag
0
0
0
1411.5
273.2616
-1262
1.0
Obj_RockDeathMt_D_L_01_Far.010
-0.1954559
0.8224627
2.877726
1867.294
457.268
-1880.186
1.0
LinkTagAnd
0
-1.254415
0
1132.029
134.2584
-1046.035
1.0
FldObj_SignboardWood_A_01
0
2.699999
0
1013.513
126.5594
-1130.829
1.0
Enemy_Golem_Little
0
1.681593
0
1421.402
272.3793
-1259.035
1.0
FldObj_CliffDeathMt_D_10_Far.013
2.565773
0.5379204
3.136367
1900.589
244.1313
-1122.027
1.0
Npc_TripMaster_11
0
-0.2617994
0
1031.094
128.0369
-1165.262
1.0
FldObj_LavaPlane_A_01_Far.001
0
0
0
1855.471
451.05
-1936.34
0.5
LinkTagAnd
0
-0.5200028
0
1950.42
459.9908
-1832.906
1.0
FldObj_CliffDeathMt_C_01.007
3.141593
-0.2015928
2.901593
1264.626
117.3427
-1065.365
1.0
LinkTagAnd
0
0
0
1827
474.5
-1884.5
1.0
FldObj_CliffDeathMt_C_04.006
-2.967476
-0.659128
2.861904
1810.524
458.3441
-1965.923
1.0
Npc_HiddenKorokFly
0
1.539999
0
1412.024
408.7473
-1759.805
1.0
ActorObserverTag
0
0
0
1427.286
467.1051
-1538.39
1.0
Npc_HyrulePlain005
0
-0.5200002
0
1045.168
127.565
-1133.762
1.0
LinkTagAnd
0
1.300004
0
1282.508
132.15
-1122.963
1.0
FldObj_CliffDeathMt_D_21_Far
0
0.1800001
0
1978.64
432.8033
-1602.246
1.2
DestinationAnchor
0
1.859931
0
1077.064
127.3977
-1130.368
1.0
FldObj_CliffDeathMt_C_08.005
3.051109
1.075024
-3.00098
1519.083
341.6365
-1770.826
1.0
FldObj_CliffDeathMt_E_14.004
0.3076002
0.8797088
0.3653241
1373.544
425.0681
-1584.521
1.0
FldObj_BoneGiant_Rib_A_03_Far.002
0.6027614
-0.2449943
2.883897
1539.672
378.2274
-1862.242
0.5952238
LinkTagAnd
0
0
0
1413.5
273.2616
-1247
1.0
LinkTagAnd
0
0
0
1194.59
130.0497
-1153.729
1.0
FldObj_CliffDeathMt_D_08_Far
0
2.940001
0
1877.304
463.974
-1864.494
0.8
EnemyNoticeTag
0
-1.14
0
1372.401
420.3823
-1585.462
1.0
FldObj_DeathMtArtifactFlag_A_01_Far.003
0
-0.72
0
1852.507
462.2775
-1897.947
0.8
FldObj_CliffDeathMt_E_14_Far.006
0.3076002
0.8797088
0.3653241
1373.544
425.0681
-1584.521
1.0
AnchorSleep
0
-0.36
0
1680.521
431.1262
-1973.492
1.0
Obj_BoardWood_Square_01.001
0
-2.821594
0
1042.027
276.3875
-1381.273
1.0
LinkTagAnd
0
0
0
1019.727
274.6875
-1397.773
1.0
Enemy_Golem_Little_Fire
0
0.5415922
0
1373.842
422.3187
-1575.227
1.0
FldObj_CliffDeathMt_F_01.001
-0.2605046
-0.07897604
0.01277202
1795.594
289.6513
-1272.566
1.0
FldObj_CliffDeathMt_E_07
-2.865517
-0.6516694
2.900633
1396.86
270.0544
-1324.008
1.0
FldObj_CliffDeathMt_C_01.008
-0.1663204
-0.5336106
-0.1716521
1385.364
231.6655
-1241.301
1.0
TwnObj_City_GoronSignboard_B_01.001
0
0.6600001
0
1717.662
430.6487
-1936.078
1.0
FldObj_CliffDeathMt_C_01_Far.006
-0.2925706
-0.7565839
0.5904399
1855.196
348.8627
-1512.02
1.0
Area
0
0
0
1657.886
438.4969
-1973.852
60
ActorObserverTag
0
0
0
1081.5
129
-1115
1.0
AnchorAction2
0
-1.563187
0
1657.119
430.1702
-1964.286
1.0
FldObj_CliffDeathMt_B_16
0
-0.5199655
0
1828.158
464.3729
-1884.156
1.0
LinkTagAnd
0
0
0
1023.552
276.3203
-1393.995
1.0
FldObj_CliffDeathMt_E_14_Far.007
2.958559
-0.8195147
-3.111352
1476.202
457.0903
-1571.939
1.0
ForceSetPosDirAutoSaveAnchor
0
1.588929
0
1225.13
127.5484
-1212.722
1.0
ActorObserverTag
0
-1.899997
0
1194.273
128.0497
-1153.573
1.0
FldObj_CliffDeathMt_F_03_Far
-0.1699997
-0.3482474
0.07620796
1512.278
313.8645
-1315.219
1.0
TBox_Field_Wood
0
-1.88
0
1020.5
275.1075
-1397.5
1.0
Enemy_Chuchu_Junior
0
-1.09358
0
1211.019
135.5192
-1065.326
1.0
FldObj_CliffDeathMt_D_15.001
2.437742
-0.3368073
3.001632
1186.4
265.52
-1435.046
1.0
FldObj_CliffDeathMt_C_04_Far.005
-0.3364098
-0.06915963
-0.4380579
1705.978
388.8242
-1711.736
1.0
Enemy_Bokoblin_Guard_Junior_TreeHouseTop
0
-2.356194
0
1042
277
-1381.5
1.0
DgnObj_DungeonEntrance_A_01
0
-2.617994
0
1820.741
387.2862
-1517.037
1.0
EnemyNoticeTag
0
0
0
1411.5
273.2616
-1247
1.0
LinkTagAnd
0
0
0
1016.102
276.2969
-1401.514
1.0
Obj_RockSetWhite_A_L_01_Far.006
0
0
-2.783186
1981.918
460.1316
-1800.928
1.0
Obj_RockDeathMt_D_L_01.010
1.978911
0.8031833
1.883079
1271.947
127.456
-1201.219
1.0
Npc_HiddenKorokFly
0
0.5215926
0
1544.331
394.203
-1837.214
1.0
FldObj_CliffDeathMt_D_10.010
-0.6117379
-0.8804177
0.07056865
1155.397
356.035
-1824.324
1.0
FldObj_BoneGiant_Rib_A_02.003
2.631764
0.2737925
-0.2930358
1536.34
385.1018
-1844.658
0.679
FldObj_CliffDeathMt_C_01_Far.007
-0.1663204
-0.5336106
-0.1716521
1385.364
231.6655
-1241.301
1.0
LinkTagAnd
0
0
0
1425.047
404.091
-1760.883
1.0
LinkTagAnd
0
0
0
1045.43
127.5654
-1148.371
1.0
FldObj_BoneGiant_BackBone_A_01_Far.002
2.731764
0.2737924
-0.2930359
1538.233
381.5333
-1850.727
0.679
FldObj_CliffDeathMt_D_10.011
1.040601
-1.087498
-1.605599
1387.921
284.3283
-1348.014
1.0
FldObj_DeathMtLavaFall_B_03_Far
0
-0.9397342
0
1613.166
384.3814
-1857.132
0.5
Obj_RockDeathMt_D_L_03_Far.001
0.2390134
-0.8076665
-0.01183966
1425.963
251.6986
-1236.361
1.0
AnchorAction1
0
-1.396263
0
1028.654
127.5448
-1139.908
1.0
LinkTagOr
0
0
0
1428.286
468.1051
-1538.39
1.0
FldObj_CliffDeathMt_F_02_Far
0
-1.4
0
1256.602
303.3766
-1530.671
1.0
FldObj_CliffDeathMt_C_01_Far.008
2.852784
-0.4449419
-3.014402
1920.144
446.7603
-1846.562
1.0
FldObj_CliffDeathMt_D_15_Far
3.022344
-0.01353675
3.042305
1426.48
411.1552
-1699.291
1.0
Npc_HyrulePlain004
0
0
0
1080.5
127.3805
-1125
1.0
Enemy_AirOctarock
0
-0.4653992
0
1039.77
277.9422
-1376.366
1.0
FldObj_CliffDeathMt_E_01
3.141593
-0.8815934
2.781592
1794.108
473.653
-1852.832
1.0
Enemy_AirOctarock
0
0.7853982
0
1042.473
266.314
-1394.042
1.0
Area
0
1.539999
0
1412.024
409.7473
-1759.805
2
LinkTagAnd
0
0
0
1039.227
265.1797
-1398.273
1.0
FldObj_LavaPlane_A_01.001
0
0
0
1855.471
451.05
-1936.34
0.5
SwitchTimeLag
0
-1.14
0
1362.333
420.3823
-1578.634
1.0
HorseAssociationCustum004
0
0
0
1078.711
127.5572
-1130.965
1.0
FldObj_CliffDeathMt_E_14_Far.008
0.2738904
0.7071218
0.3943878
1394.329
432.4408
-1606.175
1.0
FldObj_CliffDeathMt_E_14.005
0.2738904
0.7071218
0.3943878
1394.329
432.4408
-1606.175
1.0
EnemyNoticeTag
0
-1.14
0
1364.223
420.3823
-1581.704
1.0
Obj_LiftRockEldin_A_01.002
0
0
0
1429.989
467.7565
-1526.718
1.0
Obj_RockSetWhite_A_L_01.004
0
0
1.88
1905.613
456.3211
-1800.928
1.0
LinkTagAnd
0
0
0
1038.727
264.6875
-1399.273
1.0
LinkTagAnd
0
0
0
1034.002
266.3453
-1393.348
1.0
FldObj_CliffDeathMt_D_10.012
-1.484031
-1.078178
0.4915482
1481.911
412.3048
-1721.556
1.0
FldObj_CliffDeathMt_D_10_Far.014
-0.1669038
0.9559298
0.6041552
1467.988
244.1063
-1205.988
1.0
Obj_MeatRock.003
0
1.383461
0
1818.5
456.5
-1895.5
1.0
DgnObj_EntranceTerminal_A_01
0
-2.076263
0
1226.034
127.5486
-1210.638
1.0
LinkTagAnd
0
0
0
1038.727
267.6875
-1399.273
1.0
LinkTagOr
-1.570796
0
0
1197.598
130.1122
-1164.893
1.0
Enemy_AirOctarock
0
0.7853982
0
1023.552
276.3203
-1393.995
1.0
FldObj_CliffDeathMt_C_01_Far.009
3.027493
-0.7252115
-2.908474
1378.5
329.5143
-1460.447
1.0
Enemy_Golem_Little
0
0.9784074
0
1418.851
276.1371
-1265.593
1.0
Enemy_Chuchu_Junior
0
-2.825212
0
1148.135
138.2584
-1041.837
1.0
FldObj_CliffDeathMt_F_03_Far.001
-0.2999278
0.01795496
0.1861369
1498.409
186.4239
-1087.854
1.05
Obj_MeatRock.004
0
-0.6981319
0
1817
456.9421
-1892.5
1.0
FldObj_PushRock_A_M_01.004
-0.5957014
1.462674
-0.5457677
1469.498
426.1094
-1736.59
0.8
FldObj_CliffDeathMt_C_12_Far
0
-0.7400001
0
1736.295
430.2977
-1976.126
1.0
LinkTagOr
0
0.3615904
0
1427.363
467.5379
-1544.247
1.0
Area
0
-0.8199999
0
1837.63
455.2413
-1905.427
1.0
Area
0
-1.134464
0
1818.983
385.3697
-1520.439
20
FldObj_CliffDeathMt_E_18
-0.1399999
0
0.18
1293.977
141.0744
-1105.553
1.0
FldObj_CliffDeathMt_E_14_Far.009
2.712272
0.5835623
2.757015
1406.332
355.618
-1431.88
1.0
FldObj_CliffDeathMt_D_10.013
-0.1123373
0.9432711
0.8956132
1349.876
286.3422
-1378.591
1.0
Obj_RaftWoodSail_A_S_01
0.09090565
0.7354484
0.1350416
1050.047
115.1539
-1048.342
1.0
Obj_TreeBroadleaf_B_L_01.007
0
0.8200001
0
1015.217
298.3105
-1805.185
1.0
FldObj_CliffDeathMt_C_05_Far.001
0.1800315
-1.170761
-0.108668
1668.654
409.4549
-1737.57
1.2
AnchorAction1
0
2.623117
0
1078.376
127.4452
-1131.386
1.0
AnchorAction1
0
-3.14
0
1059.794
129.0543
-1101.369
1.0
FldObj_CliffDeathMt_E_14.006
2.958559
-0.8195147
-3.111352
1476.202
457.0903
-1571.939
1.0
Obj_TreeBroadleaf_B_L_01.008
1.46269
-1.470647
-1.50323
1020.397
268.4473
-1674.188
1.0
FldObj_CliffDeathMt_E_12.003
-2.700428
0.2464979
2.770897
1241.217
347.6373
-1647.611
1.0
FldObj_CliffDeathMt_E_14.007
-0.06878712
-1.380206
-0.03160604
1479.949
456.6821
-1614.735
1.0
LinkTagAnd
0
0
0
1375.927
327.4597
-1260.242
1.0
LinkTagOr
0
3.141593
0
1197.021
129.4715
-1152.629
1.0
FldObj_CliffDeathMt_D_15.002
-0.4674199
-0.9808794
0.3973966
1414.377
405.1395
-1783.553
1.0
FldObj_CliffDeathMt_D_04.001
-0.45278
-0.0303144
0.06379094
1653.982
229.3997
-1126.66
1.1
FldObj_CliffDeathMt_C_01.009
-0.3846672
0.6729601
-0.5760233
1838.507
250.2661
-1062.229
1.0
FldObj_DeathMtArtifactFlag_A_01.004
0.03865692
-0.01028065
0.2598012
1757.206
445.358
-1856.11
1.0
Enemy_Golem_Little_Fire
0
-0.1615929
0
1378.736
423.5807
-1580.283
1.0
Npc_DeathEastHatago_002
0
1.376815
0
1657.354
430.1702
-1960.605
1.0
LinkTagAnd
0
0
0
1684.72
429.8912
-1720.363
1.0
LinkTagAnd
0
0
0
1657.886
438.4969
-1973.852
1.0
FldObj_CliffDeathMt_D_04.002
-0.1
-0.84
0
1262.775
279.3595
-1424.089
1.0
FldObj_CliffDeathMt_D_10_Far.015
0.07198251
-0.3281792
0.2959361
1331.183
185.5415
-1186.19
1.0
FldObj_DeathMtArtifactPillar_A_01_Far
-0.4373081
1.164373
-0.1806955
1848.32
405.3162
-1651.535
1.0
LinkTagAnd
2.422004
-0.7391989
-1.553421
1950.095
458.3908
-1830.807
1.0
FldObj_CliffDeathMt_C_01_Far.010
-0.6004457
0.8022302
-0.7610976
1786.503
396.2193
-1672.922
1.0
FldObj_BoneGiant_Rib_A_03.003
2.555431
0.2548724
-0.4425731
1533.803
383.4942
-1849.441
0.683773
Area
0
0.32
0
1527.353
395.8625
-1887.449
0.7
LinkTagAnd
0
0.4772162
0
1209.71
132.7848
-1050.524
1.0
FldObj_CliffDeathMt_B_16_Far
0
-0.5199655
0
1828.158
464.3729
-1884.156
1.0
Area
0
-1.899997
0
1194.21
126.8997
-1153.542
0.1
KorokAnswerResponce
0
0
0
1425.489
472.5667
-1542.664
1.0
FldObj_DeathMtArtifactFlag_A_01_Far.004
-0.4358689
1.408586
-0.3804027
1954.763
430.8665
-1641.503
1.0
FldObj_CliffDeathMt_D_04.003
-0.2399999
-1.06
0
1803.023
554.3796
-2064.962
1.0
DestinationAnchor
0
2.660812E-07
0
1816.009
388.2862
-1522.233
1.0
FldObj_CliffDeathMt_C_08.006
-0.8958138
-1.195101
0.06065509
1296.708
398.3409
-1966.669
1.0
Area
2.903186
-0.9397332
0
1610.669
399.6684
-1855.307
1.0
FldObj_DeathMtArtifactFlag_A_01.005
3.074581
-0.8395818
-3.051675
1617.088
443.7717
-1972.511
1.0
Obj_RockDeathMt_D_L_01.011
1.105453
0.08901525
-1.503706
1333.78
364.9713
-1689.66
1.0
Obj_TreeBroadleaf_B_L_01.009
0.1023216
-0.09855599
-0.01849789
1016.923
258.8518
-1622.263
1.0
FldObj_CliffDeathMt_C_04_Far.006
-2.763026
1.082472
-2.999088
1211.097
166.9733
-1309.951
1.0
LinkTagAnd
0
0
0
1816.009
388.2864
-1521.233
1.0
SwitchTimeLag
0
0
0
1413.5
273.2616
-1250
1.0
FldObj_CliffDeathMt_C_13
0
2.190388
0
1638.989
429.872
-1907.758
1.0
EnemyNoticeTag
0
0
0
1411.5
273.2616
-1253
1.0
Obj_RockSetWhite_A_L_01.005
0.5000001
0.7600001
-0.22
1976.069
449.3829
-1714.284
1.0
FldObj_CliffDeathMt_E_01.001
0.2971538
-0.7414107
-0.0347088
1107.435
144.9641
-1208.235
1.0
Obj_RockDeathMt_D_L_01.012
0.04767492
-0.2091614
0.3875111
1851.171
382.734
-1651.196
1.0
Npc_HiddenKorokGround
0
-2.443186
0
1687.556
427.395
-1717.087
1.0
LinkTagOr
0
1.300004
0
1282.775
132.15
-1123.927
1.0
LookTag
0
-0.4999998
0
1078.376
129.2416
-1131.387
0.27239
FldObj_CliffDeathMt_D_10.014
-0.4848804
-0.5675743
-0.6127678
1390.216
398.7521
-1795.939
1.0
LinkTagAnd
0
0
0
1657.886
438.4969
-1973.852
1.0
FldObj_BoneGiant_BackBone_A_01.003
2.691765
0.2737926
-0.2930358
1540.719
383.3409
-1846.099
0.679
LinkTagAnd
0
0
0
1085.344
127.9238
-1106.135
1.0
LinkTagAnd
0
0
0
1420.52
469.0777
-1540.353
1.0
Obj_RockDeathMt_D_L_01_Far.011
-2.243782
-0.7315266
2.048547
1394.708
221.0785
-1157.508
1.0
FldObj_DeathMtArtifactFlag_A_01_Far.005
-2.881593
-1.541593
3.141593
2018.337
431.1324
-1612.197
0.8
FldObj_BoneGiant_BackBone_A_01_Far.003
2.498307
0.1985436
-0.2650938
1544.501
388.365
-1837.284
0.679
FldObj_CliffDeathMt_C_01.010
-0.4596674
1.210795
-0.3007414
1407.497
217.0993
-1160.897
1.0
FldObj_CliffDeathMt_D_14_Far
0.02570162
0.5367517
0.3322949
1138.554
122.7929
-1235.34
1.0
LinkTagAnd
-0.1512655
0.7809308
-0.08314004
1245.923
139.8484
-1187.527
1.0
FldObj_CliffDeathMt_E_14.008
1.934063
1.254644
1.898308
1370.759
403.6315
-1531.31
1.0
FldObj_CliffDeathMt_D_06.001
0
0.3399994
0
1380.371
270.8379
-1271.573
1.0
NPC_artist_000
0
0
0
1053.007
127.5654
-1134.848
1.0
SwitchTimeLag
1.570796
0.3815934
3.141593
1684.72
429.8912
-1720.363
0.5
PosAfterDemoSkip
0
1.588929
0
1225.13
127.5484
-1212.722
1.0
FldObj_BoneGiant_BackBone_A_01_Far.004
2.851764
0.2737925
-0.293036
1536.675
380.4861
-1856.051
0.679
FldObj_CliffDeathMt_D_15_Far.001
2.437742
-0.3368073
3.001632
1186.4
265.52
-1435.046
1.0
ActorObserverTag
0
0
0
1429.286
467.1051
-1538.39
1.0
FldObj_CliffDeathMt_E_14.009
2.421917
1.277715
2.562325
1648.585
458.5933
-1794.783
1.0
Obj_RockSetWhite_A_L_01.006
-1.17564
-0.7735339
2.992918
1929.774
457.6912
-1731.606
1.0
FldObj_CliffDeathMt_C_08_Far.006
2.883345
1.249232
2.837065
1708.028
411.7979
-1815.864
0.8
FldObj_CliffDeathMt_C_08.007
0.2383451
-0.07868504
0.166972
1159.297
153.2825
-1352.135
1.0
Npc_OldKorok_Forest
0
-3.141593
0
1059.794
128.3574
-1101.369
1.0
FldObj_CliffDeathMt_D_10.015
2.565773
0.5379204
3.136367
1900.589
244.1313
-1122.027
1.0
FldObj_CliffWhiteLumpRock_A_01
-0.9832676
-0.4778105
0.1611307
1031.078
111.7432
-1096.028
1.0
Obj_TreeBroadleaf_B_L_01.010
0
-2.98
0
1067.837
230.2943
-1523.583
1.0
Area
0
-2.62
0
1544.331
394.153
-1837.214
1.7
LookTag
0
-1.552664
0
1221.498
126.5484
-1212.556
1.0
LinkTagNAnd
0
0
0
1820.334
470.638
-1883.084
1.0
LinkTagAnd
0
0
0
1047.85
127.541
-1126.518
1.0
FldObj_CliffDeathMt_E_12_Far.002
-2.700428
0.2464979
2.770897
1241.217
347.6373
-1647.611
1.0
ActorObserverTag
0
0
0
1420.931
466.8203
-1547.044
1.0
FldObj_BoneGiant_Rib_A_02.004
2.633332
0.2163033
-0.3606085
1530.187
381.1149
-1859.551
0.5115108
FldObj_CliffDeathMt_D_27_Far
-0.796282
-1.206317
-0.04878387
1330.964
509.4559
-1992.79
1.0
EnemyNoticeTag
0
0
0
1411.5
273.2616
-1256
1.0
FldObj_SkullRockBroken_A_01
-1.371762
1.164121
-0.9090738
1529.323
378.0744
-1891.012
1.0
Area
0
-0.5235988
0
1065.67
130.0654
-1141.583
1.0
AnchorAction2
0
-0.44
0
1058.161
128.0554
-1147.417
1.0
AnchorAction1
0
-1.832596
0
1088
127.5
-1123
1.0
LocationTag
0
0
0
1245.923
139.8484
-1187.527
1.0
FldObj_CliffDeathMt_D_11_Far.005
-0.2584858
-0.09781504
0.03006417
1582.265
209.161
-1109.153
1.0
FldObj_CliffDeathMt_C_05_Far.002
0
-0.52
0
1971.787
466.4547
-1841.293
1.0
FldObj_CliffDeathMt_C_13_Far
0
2.190388
0
1638.989
429.872
-1907.758
1.0
FldObj_CliffDeathMt_E_12_Far.003
2.821593
0.09840753
3.141593
1345.631
379.1704
-1566.044
1.0
LinkTagNone
0
0
0
1412.024
409.7473
-1759.805
1.0
ActorObserverTag
0
0
0
1378.701
324.2031
-1265.097
1.0
FldObj_BoneGiant_BackBone_A_01.004
2.731764
0.2737924
-0.2930359
1538.233
381.5333
-1850.727
0.679
Obj_LiftRockEldin_A_01.003
2.199167
-0.8930819
-2.34445
1950.854
457.3908
-1832.657
1.0
Obj_RockDeathMt_D_L_01_Far.012
-2.243782
-0.7315266
2.048547
1342.159
198.913
-1170.923
1.0
FldObj_BoneGiant_Rib_A_02_Far.005
0.5977919
-0.3525261
2.881752
1541.374
379.1938
-1857.671
0.6248845
LinkTagAnd
0
0
0
1039.77
277.9422
-1376.366
1.0
LinkTagOr
0
-1.96
0
1076.459
130.4738
-1108.413
1.0
FldObj_BoneGiant_Rib_A_03_Far.003
2.555431
0.2548724
-0.4425731
1533.803
383.4942
-1849.441
0.683773
EnemyNoticeTag
0
-1.14
0
1366.949
420.3823
-1582.957
1.0
FldObj_CliffDeathMt_D_19.001
-2.087874
1.342829
-0.8877364
1449.156
292.592
-1278.395
0.8
LinkTagOr
0
0
0
1378.701
325.2031
-1265.097
1.0
FldObj_CliffDeathMt_D_27_Far.001
-1.077658
-0.2992376
-0.02559084
1715.729
389.5528
-1423.217
1.0
PosAfterDemoSkip
0
0.5235989
0
1817.394
388.2862
-1523.033
1.0
LinkTagAnd
0
0
0
1226.034
127.5486
-1210.638
1.0
FldObj_CliffDeathMt_C_08_Far.007
0.6978818
-1.105146
-0.6096222
1469.598
345.4053
-1502.929
1.0
Obj_TreeBroadleaf_B_L_01.011
-3.140556
-1.165832
-2.990306
1084.233
223.2343
-1391.022
1.0
FldObj_BoneGiant_Rib_A_02.005
2.5218
0.2576698
-0.3309752
1532.438
382.2033
-1854.902
0.5933532
FldObj_CliffDeathMt_D_15_Far.002
-0.4674199
-0.9808794
0.3973966
1414.377
405.1395
-1783.553
1.0
Animal_Dog_A
0
-1.540002
0
1045.43
127.5654
-1148.371
1.0
LinkTagAnd
0
0
0
1425.047
402.091
-1760.883
1.0
FldObj_CliffDeathMt_D_11.005
2.489367
-1.099457
-2.43294
1310.68
146.1207
-1133.138
1.0
FldObj_CliffDeathMt_D_16.001
0
-1.992389
0
1911.747
404.4609
-1633.71
1.0
LinkTagAnd
0
0
0
1428.5
273.2616
-1262
1.0
FldObj_CliffDeathMt_F_04_Far
0.01123269
-0.2252968
-0.4640607
1556.705
367.5984
-1497.005
0.9
Obj_RockDeathMt_D_L_03_Far.002
1.422677
1.454092
-1.631151
1208.747
401.3752
-1861.835
1.2
Obj_RockDeathMt_D_L_06
0
-1.2
0
1744.256
441.0368
-1848.033
1.0
LinkTagAnd
0
0
0
1375.927
326.4597
-1260.242
1.0
Area
0
-1.899997
0
1194.404
126.2997
-1154.11
0.1
FldObj_PushRock_A_M_01.005
0.01837357
0.001287329
-0.0275885
1468.568
426.124
-1732.506
0.8
LinkTagAnd
0
-1.254415
0
1141.533
134.2584
-1049.146
1.0
FldObj_CliffDeathMt_C_01_Far.011
0
0.96
0
1997.941
428.2445
-1783.731
1.0
Obj_MeatRock.005
0
-2.03813
0
1828
454.4319
-1888
1.0
LinkTagAnd
0
0
0
1827
469.5
-1888
1.0
FldObj_CliffDeathMt_C_01.011
0
0.96
0
1997.941
428.2445
-1783.731
1.0
Obj_RockDeathMt_D_L_03_Far.003
-0.8820903
1.504653
-0.5782011
1422.752
244.5358
-1215.199
1.0