UnitConfigName/__text
Rotate/value/0
Rotate/value/1
Rotate/value/2
Translate/value/0
Translate/value/1
Translate/value/2
_Scale
LinkTagNone
0
0
0
1314.962
131.6266
-690.5908
1.0
FldObj_SkullRockMoss_Moss_A_01
2.608148
1.083369
2.649873
1029.276
159.2778
-705.5571
1.0
FldObj_KorokTarget_A_01
0
0
0
1104.015
211.7557
-444.2307
1.0
AirWallForE3
0
0.8600001
0
1996.039
118.5522
-142.9937
1.0
LinkTagOr
-1.570796
0
0
1691.986
134.9762
-852.0843
1.0
FldObj_CliffWhite_A_S_01_Far
-0.5959896
-0.2121503
-0.01231034
1508.041
112.4487
-390.2426
1.0
EventTag
-0.08022106
0.006378402
0.1586026
1577.37
183.31
-725.9
1.0
Obj_Plant_Lotus_A_01
0
-2.502237
0
1573.71
115.0042
-49.21005
1.0
DgnObj_DungeonEntrance_A_01
0
-1.832596
0
1510.446
127.4055
-376.9601
1.0
FldObj_CliffWhiteLumpRock_A_01
-1.295487
-0.1267624
-0.6889362
1670.221
129.0649
-705.2804
1.0
FldObj_CliffWhiteWall_A_03
2.356917
0.7949658
-2.876252
1077.36
175.611
-558.2478
1.0
Area
0
0.6599999
0
1076.402
203.3108
-336.3702
1.0
FldObj_CliffWhiteLumpRock_A_01.001
1.752154
0.3010926
3.039191
1700.786
106.8781
-261.816
1.0
FldObj_HyliaStoneRuinStraightWall_A_01
0
-1.570796
0
1516.5
114.4
-178
1.0
ActorObserverTag
0
-2.519996
0
1265.445
116.4061
-703.4437
2
LinkTagNAnd
0
-1.832596
0
1508.126
140.9055
-376.0289
0.6
FldObj_DamagePlant_Challenge
0.2364732
-0.07974464
0.9414327
1494.912
125.4295
-375.3965
1.0
FldObj_KorokStone_A_01
0
1.047198
0
1699.154
142.7791
-861.4565
1.0
FldObj_DamagePlant_Challenge.001
0.431861
-0.2184313
0.823713
1493.265
122.7157
-373.6101
1.0
FldObj_CliffWhiteWall_A_01_Far
1.922182
0.9282321
3.018506
1954.662
141.2469
-427.7668
1.0
FldObj_DamagePlant_Challenge.002
2.534513
0.4428045
2.305837
1519.121
125.9643
-369.5455
1.0
Rope
0.6800256
0
0
1651.831
117.6489
-298.7202
1.0
Obj_RockLayerMoss_A_Cliff_02
0
2.359999
0
1279.825
130.3589
-817.177
1.0
FldObj_CliffWhiteWall_A_01
-1.238019
-1.148336
0.02349613
1166.045
104.6606
-970.2226
1.0
FldObj_DamagePlant_Challenge.003
0.08953918
-0.03974391
0.8350935
1490.086
120.8831
-376.9502
1.0
FldObj_CliffWhiteLumpRock_A_01.002
1.130801
0.1826716
3.000464
1073.071
187.3586
-373.8358
1.0
FldObj_HyliaStoneRuinRightAngleWall_A_01
0
0
0
1518.2
116.3
-218.8
1.0
FldObj_EnemyBaseRiverside_A_01
3.096269
-1.096794
-2.938869
1979.661
108.5
-77.27228
1.0
FldObj_ScaffoldWood_B_02
0
-0.7600006
0
1078.046
194.1754
-340.1002
1.0
FldObj_CliffWhiteWall_A_02_Far
2.164902
-1.448368
2.854785
1710.682
124.6847
-96.95218
1.0
LinkTagAnd
0
-1.832596
0
1505.039
128.4055
-379.9619
0.3
LinkTagNone
0
0
0
1866.453
191.1127
-860.0001
1.0
FldObj_CliffWhiteWall_A_01_Far.001
2.838133
1.199952
-2.708932
1307.186
153.8638
-301.1829
1.0
LinkTagAnd
0
0
0
2001.607
127.4672
-141.1686
1.0
FldObj_DamagePlant_Challenge.004
-2.379625
0.159493
2.65099
1520
122.6506
-386
1.0
SwitchTimeLag
0
0
0
1082.087
188.5709
-349.6927
1.0
WildHorseCreateTag02
0
0
0
1112.635
162.4153
-21.99127
1.0
FldObj_EnemyBaseRiverside_A_01.001
0
2.443461
0
1933.532
118.4555
-72.78253
1.0
FldObj_CliffWhiteLumpRock_A_01.003
1.847777
0.1340703
-2.320084
1726.522
138.2033
-592.316
1.0
FldObj_CliffWhiteLumpRock_A_01.004
1.639758
0.793118
2.388341
1334.581
122.475
-356.8528
1.0
FldObj_CliffGashamahi_A_01_Far
-1.88
0.9415929
8.74228E-08
977.7291
157.0082
-807.1664
1.0
FldObj_HyliaStoneRuinStraightWall_A_02
0
0
0
1534.5
114.3
-221
1.0
PosAfterDemoSkip
0
1.308997
0
1503.84
128.4055
-378.8338
1.0
FldObj_EnemyBaseRiversideBridge_A_02_Far
0
2.443461
0
2007.267
119.6526
-161.8477
1.0
LinkTagAnd
0
0
0
1991.197
127.1739
-154.9771
1.0
FldObj_EnemyBaseRiverside_A_01_Far
3.096269
-1.096794
-2.938869
1979.661
108.5
-77.27228
1.0
LinkTagOr
0
0
0
1377.724
136.1505
-119.3203
1.0
FldObj_DamagePlant_Challenge.005
-0.5346264
-0.148718
-0.5311797
1521
124.5552
-383
1.0
FireObserverTag
0
0
0
1577.36
185.43
-725.72
1.0
LinkTagOr
0
-2.202605
0
1395.676
125.9827
-853.1196
1.0
FldObj_DamagePlant_Challenge.006
0.5184315
0.09077054
-0.3392392
1520.434
124.2233
-367.3612
1.0
TBox_Field_Iron
0
3.141593
0
1307.5
130.3172
-685.5
1.0
LinkTagNone
0
0
0
1424.527
115.9795
-520.8894
1.0
FldObj_DamagePlant_Challenge.007
0.8842638
-0.1288233
0.2708397
1506.275
123.7108
-366.8017
1.0
Enemy_AirOctarock
0
2.356194
0
1314.962
131.6266
-690.5908
1.0
ActorObserverTag
0
0
0
1377.724
135.1505
-119.3203
1.0
FldObj_CliffGashamahi_A_06_Far
0
2.3
0
1191.416
117.4152
-702.9891
1.0
Obj_RockBroken_A_02
-0.3394678
-0.1429181
0.04736771
1660.048
130.0812
-860.7969
1.0
FldObj_DamagePlant_Challenge.008
0.0711512
-0.04380864
1.103551
1492.5
124.0404
-378
1.0
FldObj_CliffWhite_A_03
0
0
0
1058.619
154.5648
-253.817
1.0
KorokAnswerResponce
0
-2.202605
0
1397.389
123.9827
-860.5402
1.0
FldObj_AncientStoneTower_A_01
0
0.05999998
0
1514.629
93.48
-297.3385
1.0
EventTag
-0.1270511
0.006277999
0.09861369
1578.83
183.36
-727.14
1.0
Area
0
3.161013E-08
0
1507
141.5
-378
20
FldObj_EnemyBaseRiversideBridge_A_02
0
-2.308928
0
1957.337
119.6526
-51.88281
1.0
FldObj_HyliaStoneRuinRightAngleWall_A_01_Far
0
0
0
1518.2
116.3
-218.8
1.0
FldObj_CliffDeathMt_D_10
0.07584772
1.225002
0.6507185
1959.101
185.5189
-794.4931
1.0
LinkTagAnd
0
0
0
1187.26
168.2552
-69.09097
1.0
FldObj_CliffWhiteLumpRock_A_01.005
2.557088
-1.015486
2.013316
2090.302
128.5752
-411.1494
1.0
EventTag
0
0
0
1767
127
-57
1.0
LinkTagAnd
0
0
0
1524.515
123.9847
-265.1995
1.0
Enemy_Bokoblin_Guard_Junior_TreeHouseTop
0
0.9692035
0
1820.008
215.5847
-733.9919
1.0
Item_Fruit_A
0
1.723185
0
1541.138
120.3052
-375.7646
1.0
Npc_HiddenKorokFly
0
0.6215967
0
1265.178
116.4061
-707.2505
1.0
FldObj_EnemyBaseRiversideBridge_A_02.001
0.03502712
-0.8310378
-0.7052355
1920.528
117.5923
-139.2559
1.0
ActorObserverTag
0
0
0
1085.075
166.4507
-213.2391
1.0
LinkTagAnd
0
0
0
1575.84
183.95
-728.36
1.0
Item_Fruit_E
3.016935
-0.6218435
-2.872054
1573.617
115.8642
-49.03268
1.0
Obj_RockDeathMt_D_L_03_Far
2.989446
-0.3275325
0.05432334
1858.809
205.9435
-873.1621
1.2
LinkTagAnd
0
0
0
1507
141.5
-378
1.0
FldObj_CliffWhiteBroken_A_03
0
0
0.12
1671.85
112.6901
-606.1781
1.0
LinkTagAnd
0
0
0
1307.5
130.3172
-685.5
1.0
FldObj_CliffGashamahi_A_04_Far
1.883032
1.097211
3.109162
1029.569
115.1877
-882.3904
1.0
FldObj_DamagePlant_Challenge.009
0.821653
-0.2038787
0.3966522
1495.518
123.4607
-372.0118
1.0
FldObj_CliffWhiteLumpRock_A_01.006
-1.796108
-0.4485993
0.05422081
1352.022
103.6724
-608.6252
1.0
Enemy_Lizalfos_Junior
0
-0.6253984
0
1668.796
116.3226
-292.4796
1.0
LinkTagAnd
0
0
0
2001.536
127.4672
-139.5983
1.0
LinkTagAnd
0
0
0
1064.5
130
-1120
1.0
LinkTagOr
0
2.158406
0
1632.648
121.5
-545.6132
1.0
LinkTagOr
0
0
0
1104.515
213.2557
-444.231
1.0
FldObj_DamagePlant_Challenge.010
0.872565
-0.1499672
0.3195057
1498.602
124.1787
-371.0455
1.0
FldObj_DamagePlant_Challenge.011
0.02420501
-0.01527839
1.126075
1491.5
122.0981
-378.5
1.0
LinkTagAnd
0
0
0
2009.576
127.4672
-145.6295
1.0
FldObj_EnemyBaseRiversideBridge_A_02.002
0
-1.100069
0
1873.298
117.1248
-111.1754
1.0
Enemy_Bokoblin_Middle
0
2.78
0
1792.202
204.935
-737.4778
1.0
FldObj_CliffWhiteWall_A_01.001
-0.9286683
-0.3748466
0.09098665
1396.314
114.9306
-703.0354
1.0
FldObj_CliffWhiteWall_A_03.001
-0.9846768
-0.794966
-0.2653388
1948.132
157.7556
-455.4699
1.0
LinkTagAnd
0
-0.8215923
0
1088.191
167.2885
-216.2605
1.0
Weapon_Shield_005
-1.585212
0.4858341
0.300082
1424.527
115.9795
-520.8894
1.0
FldObj_CliffWhiteLumpRock_A_01.007
2.04618
1.281138
-2.175837
1055.827
191.9887
-444.9779
1.0
FldObj_CliffGashamahi_A_03_Far
-1.80783
-0.07766032
-0.310748
1110.113
120.8539
-717.6072
1.0
SwitchTimeLag
0
0
0
1575.84
183.95
-728.36
1.0
LinkTagAnd
0
0
0
1525.898
123.9847
-287.6448
1.0
FldObj_HyliaStoneRuinHouse_A_01_Far
0
-1.570796
0
1532.8
115.1
-195.9
1.0
FldObj_CliffWhiteWall_A_01.002
-0.990473
-0.7036046
0.1819629
1816.988
185.1061
-557.0784
1.0
LinkTagOr
0
-2.202605
0
1582.835
192.6946
-721.1078
1.0
FldObj_DamagePlant_Challenge.012
0.8618037
-0.140566
0.3039126
1501.577
124.065
-369.3333
1.0
FldObj_CliffWhite_A_03_Far
0
-2.6
0
1124.146
159.1255
-174.7162
1.0
LinkTagAnd
0
0
0
1769.66
124.78
-64.03
1.0
Obj_Mineral_A_01
0
0
0
1659.948
130.4812
-860.3969
1.0
LinkTagAnd
0
0
0
1491.395
120
-397.0851
3
FldObj_DamagePlant_Challenge.013
2.25088
0.07421479
-2.935945
1507.928
123.6356
-365.8105
1.0
FldObj_HyliaStoneRuinHouse_A_02
0
0.7853982
0
1378.8
129
-115.6
1.0
FldObj_CliffWhiteLumpRock_A_01.008
1.217188
0.2921522
-2.462784
1754.742
153.569
-574.8442
1.0
FldObj_CliffWhiteParts_A_03
1.799411
-0.3312885
-3.05249
1639.768
114.613
-272.274
1.0
FldObj_CliffWhiteLumpRock_A_01.009
2.527465
0.4958085
2.593735
1765.736
111.0017
-9.924591
1.0
FldObj_CliffWhiteLumpRock_A_01.010
-2.320235
0.8103729
-0.9047506
1906.784
116.5822
-595.3751
1.0
LinkTagAnd
0
-0.3
0
1898.177
116.7726
-325.8528
0.5
FldObj_CliffDeathMt_D_10_Far
2.078185
-0.2069091
-2.422303
1842.021
212.4767
-932.9082
1.0
FldObj_CliffWhiteLumpRock_A_01.011
-1.467194
0.8194304
-0.2817595
1346.88
121.1351
-517.6599
1.0
FldObj_CliffWhiteLumpRock_A_01.012
2.285618
0.2693129
3.120956
2022.944
155.4088
-383.7504
1.0
FldObj_CliffDeathMt_D_11_Far
-0.6858833
-0.5227293
0.2800316
1745.994
208.4003
-1016.203
1.0
PlayerOnScaffoldCheckTag
0
1.307612
0
1805.797
202.3437
-758.2256
1.0
LinkTagAnd
0
0
0
1087.157
188.5672
-343.5845
1.0
FldObj_DamagePlant_Challenge.014
0.3529659
0.3457399
0.8368735
1495.017
125.7068
-375.0103
1.0
FldObj_CliffWhiteLumpRock_A_01.013
1.005195
0.3834538
-3.041677
1277.824
105.2448
-603.1921
1.0
LinkTagOr
0
0
0
1184.518
166.9262
-65.11438
1.0
FldObj_DamagePlant_Challenge.015
-0.705179
0.2305102
0.6096243
1494.5
122.5
-386
1.0
Obj_TreeApple_A_M_01
0
1.955122
0
1282.911
130.1301
-595.4106
1.0
FldObj_DamagePlant_Challenge.016
-0.1645449
0.06855264
0.779548
1494
125.5
-381
1.0
LinkTagOr
0
1.723185
0
1545.401
117.7402
-373.9817
1.0
FldObj_CliffGashamahi_A_05
1.718113
0.8293773
-3.130728
1127.546
103.4262
-765.3175
1.0
ActorObserverTag
0
0
0
1184.518
165.9262
-65.11438
1.0
FldObj_CliffWhiteLumpRock_A_01.014
-1.080611
1.199512
0.4228664
1241
148.2691
-128.8102
1.0
Area
0
1.368791
0
1471.47
129.0035
-675.9592
50
FldObj_CliffWhiteLumpRock_A_01.015
-2.54287
-0.973869
0.2710737
1940.223
128.0092
-509.2091
1.0
FldObj_EnemyBaseRiverside_A_01_Far.001
0
2.443461
0
1933.532
118.4555
-72.78253
1.0
Enemy_Chuchu_Middle
0
-2.16
0
1078.106
209.4721
-326.8905
1.0
FldObj_EnemyBaseRiverside_A_01_Far.002
0
2.041523
0
1859.992
115.992
-104.4043
1.0
LinkTagAnd
0
-0.3
0
1894.356
116.7726
-327.0349
0.5
FldObj_CliffWhiteLumpRock_A_01.016
-0.7309385
-0.8909299
-0.3458231
1461.023
115.6539
-647.9943
1.0
FldObj_CliffGashamahi_A_03_Far.001
0.7710874
1.45077
1.619605
1053.623
138.5514
-707.2378
1.0
EnemyFortressMgrTag
0
1.2
0
1732.349
118.3475
-93.32111
1.0
FldObj_CliffWhiteWall_A_02
-1.565322
-0.4631415
0.4148545
2017.172
122.0674
-346.672
1.0
FldObj_DamagePlant_Challenge.017
-2.859794
0.1154637
2.490772
1525
122.7887
-380.5
1.0
Obj_RockSetGray_A_L_01
-0.8962651
0.1881432
0.07473278
1227.783
178.2016
-169.8294
1.0
LinkTagOr
0
-2.502237
0
1575.188
114.9952
-51.09244
1.0
FldObj_CliffWhiteLumpRock_A_01.017
-1.228713
-1.145874
0.426404
1037.173
158.2145
-205.831
1.0
Area
0
0
0
1578.099
182.7391
-723.7494
0.5
FldObj_CliffWhiteLumpRock_A_01.018
1.730661
0.8297035
-2.614158
1767.364
145.4282
-615.2911
1.0
KorokAnswerResponce
0
0
0
1083.419
168.3023
-220.825
1.0
FldObj_CliffGashamahi_A_06
0
2.3
0
1191.416
117.4152
-702.9891
1.0
Npc_HiddenKorokGround
0
-0.5600016
0
1694.872
141.9548
-862.0854
1.0
FldObj_DamagePlant_Challenge.018
2.735882
0.1290056
-2.533024
1491
119.6445
-372.5
1.0
FldObj_DamagePlant_Challenge.019
-0.5937079
0.2802429
0.8640859
1492
122
-382.5
1.0
FldObj_DamagePlant_Challenge.020
0.3483359
0.05506299
-0.3105057
1523.5
122.5126
-366.5
1.0
FldObj_DamagePlant_Challenge.021
-0.6345438
-0.1754946
-0.5235317
1523.5
121.9535
-384
1.0
Obj_BreakBoxIron
-0.001156799
1.001337
0.003758796
1398.984
115.7334
-480.6311
1.0
FldObj_CliffWhiteLumpRock_A_01.019
1.261382
1.071695
-3.035306
1040.565
162.9931
-192.2927
1.0
LinkTagNone
0
0
0
1532
120.6
-158.6
1.0
LinkTagOr
0
0
0
1692.986
134.9762
-852.0843
1.0
ActorObserverTag
0
0
0
1776.13
126.62
-51.5
1.0
FldObj_EnemyBaseRiversideBridge_A_02_Far.001
0
0.8726646
0
1955.654
119.6526
-104.0313
1.05
FldObj_CliffWhiteWall_A_03.002
2.063707
0.4834802
-3.110541
1280.133
119.514
-606.913
1.0
FldObj_HyliaStoneRuinLookout_A_01
0
0
0
1532.1
115
-158.5
1.0
FldObj_EnemyBaseRiversideBridge_A_02_Far.002
0
2.443461
0
1965.943
119.6526
-112.0651
1.0
Item_Fruit_A
0
1.955122
0
1285.419
135.9301
-596.4584
1.0
FldObj_CliffDeathMt_D_10_Far.001
-0.3246362
0.8337241
0.1871245
1898.488
153.6771
-691.581
1.0
FldObj_CliffGashamahi_A_03_Far.002
-1.717343
0.6306013
-0.06043246
1209.921
114.3132
-665.7352
1.0
FldObj_CliffWhiteWall_A_01.003
1.587373
1.154727
2.572524
1191.166
210.7915
-260.1453
1.0
FldObj_CliffWhite_A_S_01
-0.5959896
-0.2121503
-0.01231034
1508.041
112.4487
-390.2426
1.0
FldObj_CliffWhiteLumpRock_A_01.020
-1.424156
1.121867
0.04140317
1292.672
154.3576
-214.1349
1.0
Enemy_Bokoblin_Middle
0
0.8492034
0
1808.402
195.0681
-748.6337
1.0
FldObj_CliffWhiteTunnel_A_01
-0.18
1.18
0.04
1733.311
130.8058
-94.34583
1.0
FldObj_CliffWhiteWall_A_03_Far
-0.5915676
1.11456
0.3089006
1251.464
151.656
-128.2764
1.0
LinkTagAnd
0
0
0
1094.256
207.9638
-434.2351
1.0
FldObj_EnemyBaseRiversideBridge_A_02.003
0
0.8726646
0
1941.411
119.6526
-115.9844
1.0
FldObj_CliffGashamahi_A_03
1.813232
0.1314146
2.870179
1027.515
148.999
-739.1942
1.0
FldObj_CliffDeathMt_D_11
-0.6858833
-0.5227293
0.2800316
1745.994
208.4003
-1016.203
1.0
Enemy_Bokoblin_Guard_Junior
0
-2.356194
0
1526
115.2318
-180.8
1.0
Area
-0.16
6.983922E-09
1.570796
1519.126
115.7855
-270.2769
1.0
LinkTagAnd
0
0
0
1082.271
188.6105
-344.4649
1.0
FldObj_CliffWhiteLumpRock_A_01.021
2.254991
1.122976
-2.099926
1051.385
174.5555
-514.7447
1.0
FldObj_PushRock_A_M_01
-1.811155
0.02777239
-0.2029209
1657.448
132.0812
-860.111
0.8
Area
0
0
0
1064.5
128.0554
-1133.5
25
FldObj_DamagePlant_Challenge.022
-0.7958626
0.002205076
-0.2026166
1507.028
124.5811
-388.1484
1.0
Enemy_Bokoblin_Middle
0
1.786991
0
1423.808
115.7302
-503.7094
1.0
LinkTagAnd
0
0
0
1301.469
131.6578
-686.1515
1.0
FldObj_DamagePlant_Challenge.023
-0.9864062
-0.01520532
-0.02828713
1512
122.6331
-388
1.0
LinkTagNAnd
-0.2310697
0.01800946
0.1548787
1581.39
183.98
-723.8
1.0
LinkTagAnd
0
0
0
1383.123
138.0467
-119.0356
1.0
LinkTagAnd
0
0
0
1486.5
135.5
-385.5
3
FldObj_PushRock_A_M_01.001
-0.8900999
-0.04204847
-0.0005952662
1660.495
131.9809
-857.4474
0.8
Item_Fruit_A
0
1.300618
0
1526.194
119.2238
-226.5261
1.0
FldObj_CliffDeathMt_D_10.001
-0.1718232
-0.859775
-0.2735079
1793.806
147.0817
-641.5247
1.0
FldObj_CliffWhiteBroken_A_03_Far
0
0
0.24
1272.813
191.5584
-363.9201
1.0
FldObj_CliffWhiteLumpRock_A_01.022
0.09342432
1.304591
2.430382
1169.848
176.7738
-227.6423
1.0
FldObj_CliffWhiteWall_A_02.001
-1.350652
-0.8436602
0.3979023
1981.521
138.5127
-382.6901
1.0
EventTag
0
0
0
1574.06
184.94
-728.44
1.0
FldObj_CliffWhiteWall_A_02_Far.001
-1.350652
-0.8436602
0.3979023
1981.521
138.5127
-382.6901
1.0
LinkTagAnd
0
0
0
1309
130
-687
1.0
FldObj_CliffWhite_A_S_01_Far.001
0.2800098
-0.1565225
0.1183995
1531.013
111.4811
-358.4604
1.0
FldObj_CliffGashamahi_A_01
-1.88
0.9415929
8.74228E-08
1029.281
142.515
-790.0979
1.0
FldObj_CliffWhiteWall_A_01_Far.002
-1.248956
-1.208981
0.4004349
1175.047
232.8249
-406.4264
1.0
Area
0
1.047198
0
1698.744
143.6291
-861.3467
0.1
FldObj_CliffWhiteLumpRock_A_01.023
-1.188079
-0.5507426
-0.02634849
1318.006
121.3027
-604.6591
1.0
DgnObj_WarpPoint_A_01
0
-1.832596
0
1501.564
128.3685
-379.3401
1.0
PlayerOnScaffoldCheckTag
0
2.207611
0
1810.92
202.3437
-725.2297
1.0
FldObj_CliffWhiteWall_A_03.003
-0.9077142
0.9346355
-0.05849066
1307.671
155.2141
-218.6866
1.0
ConstraintDummy
0
0
0
1578.57
180.26
-724.9
1.0
LinkTagOr
0
0
0
1991.595
125.314
-152.3049
1.0
Obj_RockLayerMoss_A_Cliff_02_Far
0
-1.543198
0
1279.715
131.7183
-949.4192
1.0
FldObj_DamagePlant_Challenge.024
2.520015
0.004993932
-3.123604
1515.994
123.4712
-364.2773
1.0
DgnObj_EntranceShutter_A_01
0
-1.832596
0
1506.776
128.4056
-377.9437
1.0
FldObj_CliffWhiteLumpRock_A_01.024
0.5031858
1.282501
1.245553
1191.542
238.1762
-343.8404
1.0
FldObj_CliffWhiteWall_A_01.004
2.226224
0.4399865
3.099831
1430.04
117.7196
-758.5276
0.8
LinkTagOr
0
1.955122
0
1286.355
130.1301
-596.1569
1.0
FldObj_CliffWhiteWall_A_03_Far.001
-1.047276
-0.4448188
-0.02439384
1879.376
142.7612
-453.5403
1.0
FldObj_DamagePlant_Challenge.025
-2.271087
-0.14222
-2.837586
1499.052
123.5535
-387.6278
1.0
Enemy_Bokoblin_Middle
0
0.3492019
0
1803.227
209.0386
-757.7622
1.0
FldObj_CliffWhiteWall_A_01_Far.003
-0.9286683
-0.3748466
0.09098665
1396.314
114.9306
-703.0354
1.0
ActorObserverTag
0
0
0
2010.315
126.3196
-168.1863
1.0
FldObj_CliffDeathMt_D_10.002
-0.6934277
-0.4015105
0.3159799
1546.557
145.4187
-949.0196
1.0
FldObj_CliffWhite_A_03.001
0
-0.5400001
0
1464.196
118.3149
-193.2526
1.0
LinkTagAnd
0
2.158406
0
1633.203
121.5
-544.7811
1.0
ForceSetPosDirAutoSaveAnchor
0
1.308997
0
1503.84
128.4055
-378.8338
1.0
LinkTagNone
0
0
0
1064.5
128.0554
-1133.5
1.0
Obj_RockLayerMoss_A_Cliff_02_Far.001
-3.103685
0.1960067
-3.131758
1343.27
131.5386
-942.2473
1.0
FldObj_CliffWhite_A_S_01.001
0.3455295
-0.6334412
-0.04673865
1517.205
111.6622
-357.9914
1.0
FldObj_CliffWhiteWall_A_03_Far.002
-0.5181274
-1.13816
-0.3285196
1203.478
225.8862
-272.8133
1.0
Item_Fruit_A
0
1.723185
0
1544.559
123.5402
-374.4904
1.0
FldObj_CliffWhite_A_05_Far
0
-2.76
0
1461.35
100.3
-71.996
1.0
FldObj_DamagePlant_Challenge.026
-1.696048
-0.6838217
1.764766
1513.5
125.5934
-386
1.0
FldObj_DamagePlant_Challenge.027
-0.8981625
-0.02956603
-0.06133543
1504.023
123.752
-389.2969
1.0
FldObj_CliffWhiteLumpRock_A_01.025
1.470856
0.6672952
-2.521197
1130.024
201.2877
-452.9347
1.0
FldObj_CliffWhiteWall_A_01.005
2.640315
0.9347082
-2.607777
1580.47
154.5417
-740.4026
1.0
ActorObserverTag
0
1.047198
0
1699.245
144.7791
-861.1151
1.0
FldObj_EnemyBaseRiversideBridge_A_02.004
0
-2.308928
0
1944.228
119.6526
-63.80469
1.0
FldObj_CliffWhiteLumpRock_A_01.026
-1.193241
-0.7296357
0.3377845
1956.635
116.4885
-305.9698
1.0
FldObj_HyliaStoneRuinHouse_A_02_Far
0
-2.356194
0
1396.6
131.5
-133
1.0
FldObj_CliffWhiteWall_A_03_Far.003
2.356917
0.7949658
-2.876252
1077.36
175.611
-558.2478
1.0
SwitchTimeLag
0
0
0
1078.121
188.6143
-350.7264
1.0
FldObj_CliffWhiteLumpRock_A_01.027
1.838742
0.8269281
2.598912
1769.601
118.2546
-175.8696
1.0
FldObj_CliffWhiteParts_A_03_Far
-2.01921
0.0269394
-1.271953
1516.357
111.3697
-283.8734
1.0
FldObj_CliffDeathMt_D_11_Far.001
0
-1.52
-0.4
1759.926
163.3756
-780.4948
1.0
FldObj_SkullRockMoss_Moss_A_01_Far
2.608148
1.083369
2.649873
1029.276
159.2778
-705.5571
1.0
FldObj_CliffWhiteLumpRock_A_01.028
-0.7757342
1.343157
1.304131
1131.252
174.6942
-285.3502
1.0
FldObj_DamagePlant_Challenge.028
1.339164
0.6529363
1.475592
1508.547
125.7299
-367.3873
1.0
LinkTagOr
0
0.2878099
0
1695.75
124.6161
-204.8255
1.0
FldObj_CliffWhiteLumpRock_A_01.029
1.903314
0.8737339
2.918612
1995.535
123.7016
-449.9122
1.0
FldObj_CliffWhiteLumpRock_A_01.030
0
-0.9000002
0
1740.311
118.0864
-509.1671
1.0
FldObj_EnemyBaseRiversideBridge_A_02.005
0
2.443461
0
1912.419
119.6526
-48.81641
1.03
FldObj_CliffWhiteWall_A_03_Far.004
-0.8245283
1.343608
0.03633116
1305.878
145.6465
-403.1163
1.0
FldObj_EnemyBaseRiversideBridge_A_02_Far.003
0
0.8726646
0
1895.677
119.6526
-70.55078
1.0
FldObj_CliffWhiteWall_A_03_Far.005
2.237011
0.6875148
-2.878976
1802.667
191.189
-544.109
1.0
FldObj_CliffWhiteLumpRock_A_01.031
-0.5568388
-0.8524378
-1.021388
1619.61
124.0088
-649.0898
1.0
FldObj_CliffWhiteLumpRock_A_01.032
-2.522507
1.123856
-0.1432419
1732.899
117.3627
-638.7687
1.0
FldObj_CliffWhiteWall_A_03.004
2.237011
0.6875148
-2.878976
1802.667
191.189
-544.109
1.0
LinkTagAnd
0
0
0
1527.142
108.1091
-187.1999
1.0
Obj_LiftRockWhite_A_01
0
1.06
0
1085.168
162.7794
-202.4464
1.0
ActorObserverTag
0
0
0
1185.518
165.9262
-65.11438
1.0
FldObj_EnemyBaseRiversideBridge_A_02.006
0
-0.6981317
0
1940.146
119.6526
-121.3164
1.0
FldObj_CliffGashamahi_A_01_Far.001
-1.723186
0
0
1041.43
112.9818
-927.7703
1.0
EnemyFortressMgrTag
0
0.32
0
1664.633
116.3226
-287.0781
1.0
LinkTagAnd
0
0
0
1504.133
128.4056
-376.5812
1.0
FldObj_CliffWhiteWallCurve_A_01
0
2.42
0
1067.51
182.6355
-193.0096
1.0
Weapon_Shield_002
2.903262
0.7217636
-0.001879344
1579.005
183.0403
-724.5378
1.0
FldObj_CliffGashamahi_A_04_Far.001
1.941593
0.6399994
3.141593
1018.427
140.1373
-791.5599
1.0
Obj_RockLayerMoss_A_Cliff_02_Far.002
0
2.359999
0
1279.825
130.3589
-817.177
1.0
FldObj_CliffWhiteLumpRock_A_01.033
-1.766683
-1.512731
0.696163
1082.558
209.9169
-415.122
1.0
AnchorAction2
0
0.2617994
0
1064.5
128.0554
-1133.5
1.0
LinkTagNone
0
0
0
1731.413
118.1749
-99.41855
1.0
FldObj_CliffGashamahi_A_04
1.883032
1.097211
3.109162
1029.569
115.1877
-882.3904
1.0
Obj_LiftRockWhite_Korok_A_01
0
0
0
1184.518
163.7262
-65.11438
1.0
FldObj_DamagePlant_Challenge.029
-0.05821836
-0.08939407
-0.6424255
1521
126.4413
-379
1.0
FldObj_CliffWhiteLumpRock_A_01.034
-1.766334
1.293138
-0.5375353
1349.829
116.8395
-553.8186
1.0
KorokAnswerResponce
0
0
0
1693.986
130.9137
-852.0843
1.0
FldObj_CliffDeathMt_D_11.001
-0.4799999
-0.5599999
0
1694.769
155.7227
-879.9099
1.0
FldObj_CliffWhiteLumpRock_A_01.035
-0.8311592
0.2700891
0.1051232
2109.702
131.5959
-257.4493
1.0
AnchorAction1
0
1.570796
0
1187.938
129.6559
-975.8359
1.0
Item_Fruit_A
0
-2.9318
0
1282.167
133.1701
-595.9185
1.0
FireWood
0
1.2
0
1732.349
118.3475
-93.32111
1.0
Enemy_Chuchu_Junior
0
-1.570796
0
1103.256
211.9638
-448.2351
1.0
FldObj_AncientStoneTower_A_01_Far
0
0.05999998
0
1514.629
93.48
-297.3385
1.0
AirWallForE3
0
2.119998
0
1995.749
120.0257
-171.4109
1.0
LinkTagAnd
0
0
0
1491.707
120
-394.0304
3
FldObj_EnemyBaseRiversideBridge_A_02.007
0
0.8726646
0
1895.677
119.6526
-70.55078
1.0
Obj_TreeApple_A_M_01.001
0
-0.09564526
0
1525.4
116.1838
-226.1
1.0
FldObj_EnemyBaseRiversideBridge_A_02.008
-2.705624
-0.5523342
2.831723
1976.679
111.4299
-85.99963
1.0
FldObj_DamagePlant_Challenge.030
0.9766581
0.578495
1.195636
1498.123
125.5507
-372.3033
1.0
LinkTagNone
0
0
0
1531.3
115.6
-192.8
1.0
LinkTagAnd
0
0
0
1187.26
169.2552
-69.09097
1.0
AnchorAction1_Rain
0
1.502874
0
1762.433
115.0891
-57.90158
1.0
LinkTagAnd
-0.2145951
0.01769724
0.1639388
1580.86
185.42
-724.74
1.0
Obj_TreeApple_A_L_01
0
0.2878099
0
1697.184
124.6161
-201.4284
1.0
FldObj_CliffWhiteWall_A_01_Far.004
2.226224
0.4399865
3.099831
1430.04
117.7196
-758.5276
0.8
FldObj_CliffWhiteLumpRock_A_01.036
-1.413541
-0.4793286
-0.02642767
1121.828
179.9399
-328.6463
1.0
FldObj_EnemyBaseRiversideBridge_A_02_Far.004
0
1.732665
0
1916.626
119.6526
-126.7651
1.0
LinkTagNone
0
0
0
1430.661
115.7244
-505.5541
1.0
LinkTagAnd
0
0
0
1772.3
128.5
-57
1.0
FldObj_CliffWhiteWall_A_03_Far.006
2.700555
1.175182
-2.594021
1156.893
245.4194
-404.0337
1.0
LinkTagOr
0
0.4389569
0
1539.166
114.9952
-65.03339
1.0
LinkTagAnd
0
0
0
1285.266
127
-691.9431
1.0
FldObj_CliffWhiteLumpRock_A_01.037
1.837084
0.7239578
-3.023963
1373.132
105.1812
-567.4827
1.0
Enemy_Bokoblin_Middle
0
1.001593
0
1423.472
115.7244
-510.157
1.0
FldObj_CliffDeathMt_D_10_Far.002
-0.6934277
-0.4015105
0.3159799
1546.557
145.4187
-949.0196
1.0
FldObj_CliffWhiteLumpRock_A_01.038
2.171854
1.258779
3.008322
1355.966
123.3276
-291.4997
1.0
AnchorAction1_Rain
0
-0.8726646
0
1404.428
127.8145
-754.904
1.0
FldObj_CliffWhiteWall_A_03.005
2.700555
1.175182
-2.594021
1156.893
245.4194
-404.0337
1.0
SwitchTimeLag
-1.570796
0
0
1383.123
139.0467
-119.0356
0.5
Enemy_Bokoblin_Senior
0
1.719998
0
1863.625
190.8393
-860.0001
1.0
FldObj_EnemyBaseRiversideBridge_A_02_Far.005
0
-2.308928
0
1957.337
119.6526
-51.88281
1.0
Npc_HiddenKorokGround
0
-0.098402
0
1185.502
164.2552
-67.4191
1.0
FldObj_CliffWhiteWall_A_03.006
2.27532
0.6596812
3.131238
1238.225
155.9671
-520.87
1.0
FldObj_CliffWhiteLumpRock_A_01.039
-1.698474
-0.6586841
0.06426174
1317.55
109.7689
-763.192
1.0
LinkTagAnd
0
0
0
1527.142
108.1091
-187.1999
1.0
LinkTagAnd
0
0
0
1585.256
192.1446
-719.336
1.0
FireObserverTag
0
0
0
1578.86
185.52
-727.77
1.0
LinkTagAnd
0
0.6215967
0
1264.771
118.9061
-706.9592
1.0
FldObj_CliffWhiteLumpRock_A_01.040
-0.6514478
-0.5858938
0.01850477
2027.399
122.7554
-250.2336
1.0
FldObj_DamagePlant_Challenge.031
-0.731698
-0.4945858
0.8064673
1498
119
-391.5
1.0
LinkTagAnd
0
0
0
1103.515
213.2557
-444.2305
1.0
LinkTagAnd
0
0
0
1314.962
131.6266
-690.5908
1.0
Area
0
0
0
1579.174
182.7916
-724.5916
0.5
Enemy_Chuchu_Junior
0
-1.86
0
1073.635
207.2701
-341.1827
1.0
AnchorAction1
0
1.6
0
1762.31
115.0826
-54.69162
1.0
Enemy_Bokoblin_Middle
0
-1.570796
0
1534.4
120.58
-155.9
1.0
FldObj_CliffWhite_A_03.002
0
-2.6
0
1124.146
159.1255
-174.7162
1.0
FldObj_CliffGashamahi_A_01.001
-1.88
0.9415929
8.74228E-08
977.7291
157.0082
-807.1664
1.0
FldObj_CliffWhiteLumpRock_A_01.041
-0.7324204
-0.6358713
0.2052387
1165.578
193.3701
-264.1646
1.0
Item_Fruit_E
-0.06636566
0.4278564
-0.2401857
1541.115
115.8642
-66.73932
1.0
LinkTagOr
-1.147627
0.2521612
0.3872893
1691.986
132.4137
-852.0843
1.0
FldObj_KorokStartingBlock_A_01
0
-2.202605
0
1585.256
190.6946
-719.336
1.0
LinkTagAnd
0
0
0
1105.515
214.7557
-444.2307
2
Area
0
0
0
1086.075
164.8507
-213.2391
1.0
FldObj_EnemyBaseRiversideBridge_A_02_Far.006
0
-2.308928
0
1944.228
119.6526
-63.80469
1.0
FldObj_EnemyBaseRiversideBridge_A_02.009
2.989057
0.00737934
2.979176
1912.763
115.4075
-106.79
1.0
LinkTagAnd
-0.1357979
-0.01240616
-0.181933
1581.26
183.72
-727.68
1.0
LinkTagAnd
0
0
0
1484
136
-386
3
FldObj_CliffWhiteLumpRock_A_01.042
-0.8747761
0.777582
-0.02607738
1748.106
113.7455
-86.39902
0.8
Weapon_Shield_001
2.982055
0.3246026
0.1084066
1579.981
182.9575
-725.4251
1.0
FldObj_CliffWhiteLumpRock_A_01.043
-1.369837
-0.2249589
0.170003
1078.823
173.3279
-181.6077
1.0
FldObj_CliffWhiteLumpRock_A_01.044
-0.7386418
1.030025
0.2650757
2144.287
149.6603
-306.804
1.0
Area
0
-2.519996
0
1265.906
113.6061
-706.2343
1.2
FldObj_EnemyBaseRiversideBridge_A_02_Far.007
-2.705624
-0.5523342
2.831723
1976.679
111.4299
-85.99963
1.0
FldObj_CliffDeathMt_D_10.003
-0.382505
-0.565056
-0.1694466
1442.745
137.4265
-993.2696
1.0
LinkTagAnd
0
0
0
1094.256
207.9638
-444.2351
1.0
FldObj_DamagePlant_Challenge.032
-0.7383894
0.1811439
0.4610864
1496.5
121.1144
-388.5
1.0
Npc_Assassin_005
0
-0.3
0
1896.266
116.7726
-326.4438
1.0
Obj_RockDeathMt_D_L_01
-1.601926
-0.3219499
1.56005
1588.913
128.3797
-878.8528
1.0
LinkTagOr
0
0.9389873
0
1398.333
128.4827
-856.7512
1.0
AnchorAction1
0
0.6
0
1982.469
112.891
-154.4889
1.0
FldObj_EnemyBaseRiversideBridge_A_02.010
0
-2.54
0
1983.18
119.5
-110.2344
1.0
Enemy_Chuchu_Junior
0
-1.8
0
1072.575
205.9568
-333.1429
1.0
LinkTagNAnd
-0.08022106
0.006378402
0.1586026
1580.46
184.1
-723.11
1.0
FldObj_HyliaStoneRuinStraightWall_A_02_Far
0
0
0
1534.5
114.3
-221
1.0
FldObj_CliffWhiteWall_A_03.007
-2.862718
1.376735
-1.880889
1061.697
205.5397
-447.1469
1.0
FldObj_EnemyBaseRiversideBridge_A_02.011
0
2.443461
0
1995.986
119.6526
-148.4102
1.0
FldObj_DamagePlant_Challenge.033
-1.655203
-0.8010094
1.756707
1502.5
125.7474
-387
1.0
AnchorAction1
0
-0.2799983
0
1522.018
112.688
-288.1563
1.0
Obj_RockDeathMt_D_L_01_Far
-1.601926
-0.3219499
1.56005
1588.913
128.3797
-878.8528
1.0
Area
0
-2.202605
0
1398.038
125.9327
-856.3475
1.7
LinkTagOr
0
-0.8215923
0
1088.872
167.2885
-215.5287
1.0
FldObj_CliffWhiteLumpRock_A_01.045
0.9284166
-1.347661
-2.081229
1240.385
103.4662
-785.5951
1.0
FldObj_CliffWhiteWall_A_01_Far.005
-1.238019
-1.148336
0.02349613
1166.045
104.6606
-970.2226
1.0
FldObj_DamagePlant_Challenge.034
0.1163212
0.03976822
-0.6582403
1520.763
126.2656
-372.9422
1.0
FldObj_DamagePlant_Challenge.035
0.8787472
-0.07385118
0.1902702
1509.424
124.0569
-365.7344
1.0
FldObj_CliffGashamahi_A_01_Far.002
-1.88
0.9415929
8.74228E-08
1029.281
142.515
-790.0979
1.0
ShelterFromRainTag
0
2.597787
0
1468.277
129.3785
-684.4489
1.0
FldObj_SignboardWood_A_01
0
-0.7200005
0
1380.563
125.6681
-758.6238
1.0
Area
0
1.047198
0
1699.564
143.6291
-861.5663
0.1
LinkTagAnd
-0.05771499
0.002176092
0.07535162
1578.23
183.64
-725.17
1.0
FldObj_CliffDeathMt_D_11.002
0
-1.52
-0.4
1759.926
163.3756
-780.4948
1.0
FldObj_EnemyBaseRiversideBridge_A_02_Far.008
0
-0.6981317
0
1888.337
119.6526
-57.25
1.05
FldObj_DamagePlant_Challenge.036
0.9766581
0.578495
1.195636
1501.707
125.5529
-370.4713
1.0
SwitchTimeLag
-1.570796
1.047198
0
1699.154
146.7791
-861.4565
0.5
FldObj_PushRock_A_M_01.002
-1.684256
0.1061038
-0.1569545
1662.148
133.2813
-861.4969
0.9
FldObj_HyliaStoneRuinHouse_A_01
0
-1.570796
0
1532.8
115.1
-195.9
1.0
FldObj_CliffWhiteWall_A_03_Far.007
-0.9077142
0.9346355
-0.05849066
1307.671
155.2141
-218.6866
1.0
Obj_Plant_Lotus_A_01.001
0
0.4389569
0
1540.989
115.0042
-66.58386
1.0
FldObj_CliffGashamahi_A_01_Far.003
-1.661175
0.6979855
-0.05817713
1119.646
112.355
-786.5762
1.0
Npc_HiddenKorokGround
0
-3.141593
0
1387.279
135.2196
-112.9289
1.0
EnemyFortressMgrTag
0
1.001593
0
1430.661
115.7244
-505.5541
1.0
LinkTagAnd
0
1.047198
0
1699.154
145.7791
-861.4565
1.0
Obj_RaftWoodSail_A_S_01
0
5.066395E-07
0
1651.898
115.0042
-302.5419
1.0
FldObj_EnemyBaseRiversideBridge_A_02_Far.009
0
0.8726646
0
1941.411
119.6526
-115.9844
1.0
SwitchTimeLag
-1.570796
0
0
1187.26
169.2552
-69.09097
0.5
FldObj_CliffWhiteWall_A_03_Far.008
2.27532
0.6596812
3.131238
1238.225
155.9671
-520.87
1.0
Enemy_Bokoblin_Middle
0
-1.570796
0
1192.938
129.8779
-975.8359
1.0
LocationTag
0
0
0
1285.266
127
-691.9431
1.0
PlayerOnScaffoldCheckTag
0
2.241592
0
1400.155
122.8099
-518.6469
1.0
ActorObserverTag
0
0
0
1378.724
135.1505
-119.3203
1.0
SwitchTimeLag
1.570796
-0.6215968
3.141593
1267.301
119.4061
-706.0037
0.5
Item_Fruit_A
0
1.955122
0
1281.797
132.6951
-596.9123
1.0
FldObj_CliffWhiteLumpRock_A_01.046
1.327369
-1.034539
2.98305
1361.246
106.23
-400.5297
1.0
Obj_LiftRockWhite_Korok_A_01.001
0
0
0
1377.724
132.9505
-119.3203
1.0
FldObj_CliffWhite_A_S_01_Far.002
0.3455295
-0.6334412
-0.04673865
1517.205
111.6622
-357.9914
1.0
FldObj_DamagePlant_Challenge.037
0.2794306
-0.6341341
0.6169462
1489.734
119.4182
-373.4141
1.0
LinkTagAnd
0
0
0
2010.315
126.3196
-168.1863
1.0
FldObj_CliffWhiteWall_A_02_Far.002
-1.565322
-0.4631415
0.4148545
2017.172
122.0674
-346.672
1.0
FldObj_CliffGashamahi_A_05.001
-1.532125
-0.9226168
0.0438598
1172.01
104.4973
-749.9366
1.0
FldObj_BridgeWoodGashamahi_A_01_Far
0
2.181662
0
1284.028
127.186
-691.137
1.0
FldObj_EnemyBaseRiversideBridge_A_02.012
0
-0.6981317
0
1865.575
119.6526
-30.13281
1.0
FldObj_CliffWhiteWallCurve_A_01_Far
0
2.42
0
1067.51
182.6355
-193.0096
1.0
FldObj_CliffGashamahi_A_04.001
1.941593
0.6399994
3.141593
1018.427
140.1373
-791.5599
1.0
FldObj_CliffWhiteLumpRock_A_01.047
2.113985
-0.9208962
2.039685
2153.535
148.9897
-350.9492
1.0
Area
0
2.158406
0
1636.255
111.4237
-547.4147
1.0
FldObj_CliffGashamahi_A_05.002
-1.7
-0.8854667
2.57245E-08
1117.15
101.3512
-821.0743
1.0
FldObj_CliffWhiteLumpRock_A_01.048
-1.324245
1.299615
0.9135095
1020.991
172.82
-413.0917
1.0
FldObj_CliffWhiteWall_A_03_Far.009
-2.862718
1.376735
-1.880889
1061.697
205.5397
-447.1469
1.0
FldObj_CliffWhiteBroken_A_03_Far.001
0
0
0.12
1671.85
112.6901
-606.1781
1.0
FldObj_CliffWhiteLumpRock_A_01.049
2.524262
0.2033415
-2.809299
1755.769
163.1205
-595.1564
1.0
AirOcta_Tag
0
0.7853982
0
1309
133
-687
1.0
LinkTagAnd
0
0
0
1658.7
125
-851.4
1.0
FldObj_DamagePlant_Challenge.038
2.536807
-0.1241139
2.748375
1518.995
124.3958
-366.5307
1.0
Enemy_Bokoblin_Middle
0
2.549204
0
1795.131
204.9363
-745.9626
1.0
FldObj_CliffWhiteBroken_A_03.001
0
0
0.24
1272.813
191.5584
-363.9201
1.0
KorokAnswerResponce
0
-2.519996
0
1267.301
118.4061
-706.0037
0.5
LinkTagAnd
0
0
0
1085.919
170.3023
-220.825
1.0
FldObj_CliffGashamahi_A_03_Far.003
1.813232
0.1314146
2.870179
1027.515
148.999
-739.1942
1.0
LocationTag
0
0
0
1507
141.5
-378
1.0
ConstraintDummy
0
0
0
1651.618
117.9943
-297.6474
1.0
FldObj_DamagePlant_Challenge.039
2.282802
-0.06675705
-2.483982
1504
123.4448
-367.5
1.0
FldObj_EnemyBaseRiversideBridge_A_02_Far.010
0
2.443461
0
1912.419
119.6526
-48.81641
1.03
LinkTagOr
0
0
0
1302.214
132.7113
-571.6301
1.0
FldObj_CliffGashamahi_A_05.003
-1.617445
-0.0763905
-0.285612
1097.635
129.0687
-676.2904
1.0
Item_Fruit_A
0
3.119448
0
1541.27
120.7802
-374.7124
1.0
LinkTagAnd
0
0.9389873
0
1397.743
128.4827
-855.9439
1.0
FldObj_DamagePlant_Challenge.040
-0.2120256
-0.07358257
-0.6660364
1523.73
124.0168
-379.0218
1.0
FldObj_DamagePlant_Challenge.041
-2.147641
0.0002686873
3.141097
1502
123.5
-389
1.0
Item_Fruit_A
0
0.2878099
0
1698.003
129.6161
-199.0117
1.0
Area
0
0
0
1772.328
115.5
-56.22656
16
KorokAnswerResponce
0
0
0
1184.76
167.2552
-69.09097
1.0
Item_Fruit_E
0.3276096
-0.9156674
-0.3631806
1524.204
115.8642
-83.33041
1.0
FldObj_CliffWhiteLumpRock_A_01.050
1.122388
0.3601522
2.353099
2123.155
145.2085
-267.0878
1.0
Npc_HiddenKorokFly
0
0.9389873
0
1398.038
125.9827
-856.3475
1.0
FldObj_DamagePlant_Challenge.042
-2.370579
0.1286507
2.826761
1508.5
122.7774
-389
1.0
FldObj_DamagePlant_Challenge.043
0.37637
0.09260388
-0.4773397
1521.813
123.9355
-368.2944
1.0
FldObj_CliffWhiteWallCurve_A_01_Far.001
0
-0.5631859
0
1112.802
184.9168
-303.9295
1.0
FldObj_DamagePlant_Challenge.044
-3.124147
-0.01047541
2.599217
1521.5
126.2896
-377.5
1.0
Npc_Zora013
0
-0.2200012
0
1521.46
112.688
-287.5403
1.0
FldObj_CliffWhiteParts_A_03_Far.001
1.320423
-0.9305109
-2.780447
1207.089
158.4424
-566.0063
1.0
LinkTagOr
0
0
0
1074.926
188.61
-349.354
1.0
EnemyLookTag
0
1.570796
0.3490658
1531.9
121.6
-156
1.0
FldObj_CliffWhiteLumpRock_A_01.051
1.054598
-0.5748354
-2.301408
1048.791
170.7169
-353.64
1.0
FldObj_CliffWhiteLumpRock_A_01.052
1.547378
-0.01488048
2.32851
2142.42
159.4194
-310.1738
1.0
FldObj_DamagePlant_Challenge.045
2.996188
-0.05437443
2.426883
1523.5
124.5775
-375
1.0
Item_Fruit_A
0
0.06028247
0
1482.989
121.6215
-262.613
1.0
FldObj_CliffWhiteLumpRock_A_01.053
2.195016
0.8800864
-2.92493
1754.038
113.1514
-210.9164
1.0
FldObj_CliffWhiteWall_A_01_Far.006
-1.042214
-0.3790921
0.2024496
1558.98
150.6842
-723.3674
1.0
FldObj_EnemyBaseRiversideBridge_A_02.013
0
0.8726646
0
1901.271
119.6526
-40.23438
1.03
FldObj_CliffWhiteWall_A_03_Far.010
2.243848
1.357686
3.1029
1254.992
184.3434
-387.9952
1.0
Enemy_Bokoblin_Middle
0
2.38
0
1727.958
118.1406
-89.42081
1.0
FldObj_CliffWhiteWall_A_01.006
1.922182
0.9282321
3.018506
1954.662
141.2469
-427.7668
1.0
FireWood
0
0.32
0
1664.633
116.3226
-287.0781
1.0
FldObj_DamagePlant_Challenge.046
-0.9105624
0.1631035
0.3004116
1498
123
-388
1.0
LinkTagOr
0
0
0
1086.075
167.4507
-213.2391
1.0
FldObj_CliffGashamahi_A_05.004
1.797733
0.7223936
3.043775
1121.347
115.6066
-701.8058
1.0
DgnObj_EntranceTerminal_A_01
0
-2.356194
0
1504.133
128.4056
-376.5812
1.0
Npc_HiddenKorokFly
0
0
0
1104.015
210.7557
-444.2307
1.0
FldObj_CliffWhiteLumpRock_A_01.054
-0.6264441
-0.04911977
0.1535893
1673.718
119.3
-52.72174
1.0
Item_Fruit_A
0
-1.522386
0
1440.109
118.5486
-269.4279
1.0
FldObj_CliffWhiteLumpRock_A_01.055
-1.274318
-0.554579
0.2925812
1181.11
107.1134
-894.7833
1.0
FldObj_DamagePlant_Challenge.047
2.412531
0.05983973
-2.985047
1511
123.1988
-365
1.0
FldObj_DamagePlant_Challenge.048
0.7346542
0.1080851
0.240481
1511.923
124.103
-366.0579
1.0
FldObj_CliffDeathMt_D_10_Far.003
0.07584772
1.225002
0.6507185
1959.101
185.5189
-794.4931
1.0
FldObj_CliffWhiteWall_A_01_Far.007
-1.184161
-0.6550907
0.4581305
2063.588
172.2169
-355.7822
1.0
Item_Fruit_A
0
-1.862768
0
1550.058
132.4019
-883.0789
1.0
LinkTagAnd
0
0
0
1307.95
131.6265
-680.6515
1.0
FldObj_CliffWhiteWall_A_01_Far.008
1.587373
1.154727
2.572524
1191.166
210.7915
-260.1453
1.0
FldObj_ScaffoldWood_B_01_Far
0
-2.172389
0
1801.42
195.3437
-747.9033
1.0
ActorObserverTag
0
0
0
1086.075
166.4507
-213.2391
1.0
FldObj_DamagePlant_Challenge.049
-2.137609
0.1168503
2.929268
1515.195
123.3704
-386.7649
1.0
Obj_BreakBoxIron.001
-0.0005511554
-0.9376197
0.006120466
1399.425
117.7333
-481.3322
1.0
FldObj_CliffWhiteLumpRock_A_01.056
0.9939252
0.4723076
-3.132509
2003.687
139.5235
-376.8278
1.0
Npc_HiddenKorokFly
0
2.158406
0
1632.926
119
-545.1971
1.0
FldObj_DamagePlant_Challenge.050
-1.800852
-0.6415632
1.642391
1510.5
122.9895
-388
1.0
EnemyLookTag_Happy
0
1.719999
0
1866.453
191.1127
-860.0001
1.0
Obj_RockDeathMt_D_L_03
2.989446
-0.3275325
0.05432334
1858.809
205.9435
-873.1621
1.2
Obj_Plant_Lotus_A_01.002
0
-0.9479517
0
1524.028
115.0042
-83.42563
1.0
Item_Fruit_A
0
0.2878099
0
1694.824
129.8661
-201.825
1.0
FldObj_DamagePlant_Challenge.051
2.404681
0.006655968
-3.124353
1513.3
123.967
-365.5559
1.0
DgnObj_DungeonEntrance_A_01_Far
0
-1.832596
0
1510.446
127.4055
-376.9601
1.0
AnchorAction2
0
2.82
0
1765.719
115.0707
-54.19714
1.0
LookTag
0
-1.832596
0
1500.304
127.4055
-379.6777
1.0
FldObj_CliffDeathMt_D_10.004
2.078185
-0.2069091
-2.422303
1842.021
212.4767
-932.9082
1.0
FldObj_CliffGashamahi_A_01.002
-1.661175
0.6979855
-0.05817713
1119.646
112.355
-786.5762
1.0
ActorObserverTag
0
0
0
1376.724
135.1505
-119.3203
1.0
Item_Fruit_A
0
1.396263
0
1303.564
135.7513
-575.6024
1.0
Enemy_Lizalfos_Guard_Junior_LongVisibility
0
3.141593
0
1309
130.5
-687
1.0
FldObj_CliffWhiteLumpRock_A_01.057
2.690856
0.6672952
-2.521197
1110.364
197.008
-487.8858
1.0
NPC_Lanayru001
-2.8225
-0.873842
3.066239
1580.95
183.3609
-723.2
1.0
FldObj_CliffGashamahi_A_03.001
0.7710874
1.45077
1.619605
1053.623
138.5514
-707.2378
1.0
LinkTagAnd
0
0
0
1494.858
120
-397.6464
3
Weapon_Lsword_005
-2.090872
0.4538441
-0.09896607
1420.995
116.1863
-518.9967
1.0
FldObj_CliffWhiteLumpRock_A_01.058
-2.831582
-1.074217
1.122975
1548.093
131.9536
-806.4972
1.0
FldObj_SkullRockMoss_Moss_A_01_Far.001
-0.1964913
-0.5288904
-0.2879725
1103.816
105.2212
-859.7276
1.0
FldObj_CliffWhiteLumpRock_A_01.059
-1.821342
-0.6669327
-0.2326578
1926.573
152.7167
-480.7105
1.0
Area
0
0
0
1580.15
182.6381
-725.4575
0.5
FldObj_DamagePlant_Challenge.052
-0.8518099
0.2676287
0.5769089
1497
123.756
-387
1.0
ActorObserverTag
0
-2.519996
0
1268.696
116.4061
-705.7731
2
FldObj_CliffWhiteTunnel_A_01_Far
-0.18
1.18
0.04
1733.311
130.8058
-94.34583
1.0
LinkTagAnd
0
-3.141593
0
1387.779
137.7196
-112.9291
1.0
LinkTagOr
0
-2.918649
0
1440.547
115.5086
-273.6003
1.0
FldObj_CliffWhiteLumpRock_A_01.060
2.904282
0.5303475
-3.069082
1854.37
112.2844
-31.65591
0.8
Npc_HiddenKorokGround
0
-1.32
0
1404.953
122.0926
-832.9891
1.0
FldObj_CliffWhite_A_S_01.002
0.2800098
-0.1565225
0.1183995
1531.013
111.4811
-358.4604
1.0
LinkTagOr
0
0
0
2000.925
127.1703
-140.2853
1.0
FldObj_CliffWhiteLumpRock_A_01.061
-2.363067
0.9968749
-0.1225315
1026.978
145.9574
-264.9659
1.0
ActorObserverTag
0
0
0
1064.5
130
-1125
1.0
TBox_Field_Wood
0.002406168
-0.6088139
0.002397513
1810.495
214.6807
-748.5726
1.0
FldObj_DamagePlant_Challenge.053
-0.07999909
-0.07762079
-0.6761557
1522.577
125.3436
-378.1571
1.0
LinkTagAnd
0
0
0
1774.13
126.62
-51.5
1.0
FldObj_HyliaStoneRuinStraightWall_A_02.001
0
1.570796
0
1517
115.1
-164
1.0
FldObj_DamagePlant_Challenge.054
2.986702
-0.2744163
2.970644
1526
121.788
-366.5
1.0
ActorObserverTag
0
1.047198
0
1699.495
144.7791
-861.548
1.0
FldObj_CliffWhiteParts_A_03.001
1.320423
-0.9305109
-2.780447
1207.089
158.4424
-566.0063
1.0
AirWallForE3
0
0.8600001
0
1990.523
118.5522
-147.7437
1.0
FldObj_CliffWhiteWall_A_02.002
1.336657
1.201087
2.348078
1628.42
146.9971
-724.0261
1.0
Npc_Zora001
0
0.803198
0
1982.638
112.891
-154.653
1.0
LinkTagOr
0
-0.09564526
0
1524.472
116.1838
-222.7008
1.0
FldObj_DamagePlant_Challenge.055
-2.10251
0.0007989194
3.140196
1514
123.4218
-387.5
1.0
SwitchTimeLag
0
0
0
1658.7
125
-851.4
1.0
Obj_TreeApple_A_M_01.002
0
0.06028247
0
1482.794
115.8215
-265.3234
1.0
ActorObserverTag
0
1.047198
0
1699.062
144.7791
-861.798
1.0
LinkTagAnd
-0.05856573
0.0002047938
0.006991611
1579.68
185.42
-723.94
1.0
FldObj_HyliaStoneRuinStraightWall_A_02_Far.001
0
1.570796
0
1517
115.1
-164
1.0
Item_Fruit_A
0
-0.4665046
0
1550.392
132.8769
-884.0854
1.0
FldObj_DamagePlant_Challenge.056
0.9546078
-0.1082205
0.2086912
1497.257
123.4645
-371.0989
1.0
Obj_RockDeathMt_D_L_01_Far.001
-1.176063
-0.0903134
1.554523
1453.834
125.3025
-966.3824
1.0
FldObj_CliffWhiteWall_A_01.007
-1.248956
-1.208981
0.4004349
1175.047
232.8249
-406.4264
1.0
FldObj_DamagePlant_Challenge.057
0.1540785
0.004969765
-0.06435975
1525
121.5197
-364
1.0
FldObj_HyliaStoneRuinStraightWall_A_01_Far
0
-1.570796
0
1516.5
114.4
-178
1.0
Item_Fruit_A
0
-2.918649
0
1439.069
118.0736
-269.2225
1.0
FldObj_EnemyBaseRiversideBridge_A_02.014
0
0.8726646
0
1955.654
119.6526
-104.0313
1.05
FldObj_DamagePlant_Challenge.058
1.887115
0.7134456
1.810184
1515.551
125.8031
-367.3853
1.0
BoarMeat
0
1.001593
0
1430.661
115.7244
-505.5541
1.0
FldObj_CliffGashamahi_A_03.002
-1.80783
-0.07766032
-0.310748
1110.113
120.8539
-717.6072
1.0
AnchorAction1
0
-0.3
0
1896.266
116.7726
-326.4438
1.0
LinkTagAnd
0
-1.570796
0
1195.438
129.6559
-968.8359
1.0
FldObj_CliffWhite_A_S_01.003
2.618676
-0.3071063
-2.846165
1495.167
112.1225
-370.8802
1.0
FldObj_DamagePlant_Challenge.059
-0.3698707
0.1789766
0.8944573
1492.5
124
-381.5
1.0
FldObj_Bottle_Letter
0
-0.28
0
1766.179
115.0674
-55.53506
1.0
FldObj_CliffWhiteWall_A_02.003
2.164902
-1.448368
2.854785
1710.682
124.6847
-96.95218
1.0
Area
0
1.047198
0
1699.264
143.0291
-861.0468
0.1
FldObj_CliffWhiteLumpRock_A_01.062
-1.238279
-0.8737333
0.2229814
1114.119
179.5507
-547.271
1.0
LinkTagOr
0
0
0
1692.986
136.9137
-852.0843
1.0
Area
0.8726646
3.732844E-08
1.570796
1993.523
121.3558
-145.404
1.0
Enemy_Chuchu_Junior
0
2.66
0
1081.957
208.2539
-335.6096
1.0
Weapon_Sword_005
-2.02002
0.4988555
-0.1139349
1423.782
115.9354
-520.4828
1.0
FldObj_CliffWhiteWall_A_08
2.21817
0.6509037
-3.111161
1179.203
214.6938
-473.041
1.0
FldObj_CliffWhiteLumpRock_A_01.063
-0.9915551
-0.2860684
0.0704245
1208.432
187.673
-209.9588
1.0
FldObj_CliffWhiteLumpRock_A_01.064
1.395565
0.1066584
-2.331289
1035.639
159.4789
-220.5009
1.0
FldObj_CliffGashamahi_A_03_Far.004
-1.667601
0.6446738
-0.5094908
1070.142
122.7929
-780.4409
1.0
FldObj_CliffGashamahi_A_05.005
1.626265
0.07184944
2.976236
1136.277
122.2609
-638.0561
1.0
Enemy_Bokoblin_Guard_Junior
0
2.207611
0
1807.947
200.4312
-729.2496
1.0
Enemy_Lizalfos_Guard_Junior
0
0
0
1937.742
119.1955
-81.49991
1.0
FldObj_DamagePlant_Challenge.060
-0.9005657
0.5298558
-0.2597925
1499
120.4705
-390.5
1.0
FldObj_HyliaStoneRuinLookout_A_01_Far
0
0
0
1532.1
115
-158.5
1.0
FldObj_DamagePlant_Challenge.061
-2.561953
-0.377054
2.306775
1519.5
125.9482
-382.5
1.0
Obj_RaftWood_A_S_02
0
5.066395E-07
0
1652.398
114.9935
-302.5419
1.0
Item_Fruit_A
0
0.2878099
0
1693.775
131.0161
-201.6707
1.0
LinkTagAnd
0
0
0
1662.148
131.7197
-856.1969
1.0
LinkTagAnd
0
0
0
1309
130.5
-687
1.0
FldObj_CliffWhiteLumpRock_A_01.065
-1.154283
-0.5848138
0.05952073
1254.583
117.6641
-639.4865
1.0
Obj_RockDeathMt_D_L_01_Far.002
0.358198
0.009294974
-0.2913315
1619.484
177.4093
-931.5952
1.0
ActorObserverTag
0
0
0
2010.315
126.3196
-147.3738
1.0
LinkTagXOr
0
0
0
1760.688
120.2813
-56.09766
1.0
FldObj_CliffWhiteLumpRock_A_01.066
-2.406801
-0.7173935
0.05470675
1872.482
154.4669
-567.0994
1.0
Item_Fruit_A
0
-0.09564526
0
1527.247
118.7488
-226.3953
1.0
Obj_RockLayerMoss_A_Cliff_02.001
0
-1.543198
0
1279.715
131.7183
-949.4192
1.0
FldObj_CliffWhiteLumpRock_A_01.067
-1.284852
-1.148208
-1.109485
1234.1
174.4016
-208.5832
1.0
KorokAnswerResponce
0
0
0
1380.623
137.0467
-119.0356
1.0
Obj_RockLayerMoss_A_Cliff_02.002
-3.103685
0.1960067
-3.131758
1343.27
131.5386
-942.2473
1.0
LinkTagAnd
0
0
0
1089.498
188.5572
-343.4132
1.0
LinkTagAnd
0
0
0
1285.266
127
-691.9431
1.0
Area
0
2.597787
0
1468.33
128.7535
-682.8455
50
FldObj_DamagePlant_Challenge.062
2.960096
-0.06208294
2.483911
1522
125.3678
-372.5
1.0
FldObj_CliffWhiteParts_A_02
2.56451
1.021341
-2.994851
1234.27
187.1349
-446.0463
1.0
FldObj_CliffGashamahi_A_05.006
-1.9
-0.8
0
999.7657
161.5121
-682.1368
1.0
FldObj_CliffWhiteWall_A_02.004
-1.150669
0.3887115
0.5204079
1690.244
119.2324
-72.55399
0.8
FldObj_CliffWhiteWall_A_03.008
2.243848
1.357686
3.1029
1254.992
184.3434
-387.9952
1.0
FldObj_DamagePlant_Challenge.063
-1.764759
-0.7231261
1.713186
1506.5
125.6053
-387
1.0
FldObj_CliffWhiteWall_A_03_Far.011
-0.9846768
-0.794966
-0.2653388
1948.132
157.7556
-455.4699
1.0
FldObj_KorokGoal_A_01
0
-2.202605
0
1398.038
123.9827
-856.3475
1.0
FldObj_EnemyBaseRiversideBridge_A_02.015
0
-0.6981318
0
1942.754
119.6526
-84.42001
1.05
Npc_Attacked_001
0
1.570796
0
1187.938
129.6559
-975.8359
1.0
LinkTagAnd
0
2.421592
0
1185.878
166.7552
-67.08957
1.0
FldObj_DamagePlant_Challenge.064
0.8470983
-0.1720618
0.3780276
1502.367
123.3365
-367.7344
1.0
FldObj_CliffWhite_A_S_01_Far.003
2.618676
-0.3071063
-2.846165
1495.167
112.1225
-370.8802
1.0
FldObj_CliffGashamahi_A_05.007
-1.582754
-0.9732642
-0.3082773
945.0313
180.1662
-711.0516
1.0
Enemy_AirOctarock
0
-1.570451
0
1301.469
131.6578
-686.1515
1.0
AreaCulling_InnerHide
0
2.443461
0
1928.271
112.616
-103.065
1.0
FldObj_CliffWhiteLumpRock_A_01.068
-1.032354
-0.3418174
-0.3954684
1783.704
114.5292
-117.8137
1.0
LinkTagAnd
0
0
0
1523.379
123.6914
-289.4767
1.0
LinkTagOr
0
3.141593
0
1694.358
145.0361
-862.1486
1.0
Enemy_Lizalfos_Junior
0
1.245399
0
1657.302
116.3226
-289.3127
1.0
FldObj_EnemyBaseRiversideBridge_A_02.016
0
1.732665
0
1916.626
119.6526
-126.7651
1.0
LinkTagNone
0
0
0
1534.4
120.58
-155.9
1.0
FldObj_CliffWhiteLumpRock_A_01.069
-1.358475
-0.6586835
0.06426167
1260.687
103.2675
-771.3839
1.0
FldObj_DamagePlant_Challenge.065
0.0665089
-0.03331723
0.9285837
1493.412
124.9219
-378.5338
1.0
FldObj_CliffWhiteLumpRock_A_01.070
-0.4349949
-0.2403968
-0.5144429
2068.136
119.2311
-234.9053
1.0
FldObj_CliffWhiteWall_A_01_Far.009
2.640315
0.9347082
-2.607777
1580.47
154.5417
-740.4026
1.0
LinkTagOr
0
-1.862768
0
1546.976
129.8369
-886.5211
1.0
FldObj_CliffWhiteWall_A_03_Far.012
2.063707
0.4834802
-3.110541
1280.133
119.514
-606.913
1.0
LinkTagAnd
-0.05144314
0.0004497097
0.01747946
1578.73
185.46
-722.73
1.0
AirWallForE3
0
0.8600001
0
1990.241
121.7992
-147.9031
1.0
FldObj_DamagePlant_Challenge.066
-2.358331
0.1746499
2.723781
1521.5
121.0213
-386.5
1.0
FldObj_EnemyBaseRiversideBridge_A_02_Far.011
0
2.443461
0
1923.65
119.6526
-62.40625
1.0
FldObj_CliffWhite_A_03_Far.001
0
-0.5400001
0
1464.196
118.3149
-193.2526
1.0
DestinationAnchor
0
-0.3600003
0
1766.582
115.122
-56.94916
1.0
LinkTagAnd
0
0
0
1085.919
169.3023
-220.825
1.0
FldObj_ScaffoldWood_A_03
0
2.604778
0
1049.368
197.1532
-369.807
1.0
Item_Fruit_A
0
0
0
1304.624
135.2763
-575.5727
1.0
Enemy_Bokoblin_Guard_Junior
0
1.307612
0
1807.097
200.4312
-763.0534
1.0
FldObj_CliffWhiteWallCurve_A_01_Far.002
0
-1.103186
0
1157.041
182.6355
-237.8045
1.0
FldObj_DamagePlant_Challenge.067
-0.9174126
-0.1661889
-0.334157
1518.5
122.8255
-386.5
1.0
Item_Fruit_A
0
0.2878099
0
1695.487
129.9661
-203.6376
1.0
LinkTagNone
0
0
0
1810.48
214.7457
-748.573
1.0
LinkTagOr
0
-0.9479517
0
1522.171
114.9952
-84.93463
1.0
FldObj_CliffWhite_A_S_01.004
2.96136
-0.2777056
2.921098
1417.802
114.6501
-256.6035
1.0
ActorObserverTag
0
0
0
1183.518
165.9262
-65.11438
1.0
FldObj_SkullRockMoss_Moss_A_01.001
-0.1964913
-0.5288904
-0.2879725
1103.816
105.2212
-859.7276
1.0
LinkTagAnd
-0.1276632
-0.0007748858
-0.01212289
1579.47
183.49
-726.54
1.0
LinkTagOr
0
0
0
1576.53
184.77
-726.58
1.0
BoarMeat_Frame
0
1.001593
0
1430.661
115.7244
-505.5541
1.0
FldObj_EnemyBaseRiversideBridge_A_02_Far.012
0
-0.6981317
0
1876.982
119.6526
-43.71094
1.0
Area
0
-2.202605
0
1585.256
192.1446
-719.336
0.7
FldObj_CliffWhiteLumpRock_A_01.071
1.29766
0.6811714
-2.834376
1074.258
162.06
-552.8134
1.0
LinkTagXOr
0
0
0
1770.59
122.88
-64.60001
1.0
LinkTagAnd
0
0
0
1530.658
126.3196
-265.2957
1.0
FldObj_EnemyBaseRiversideBridge_A_02_Far.013
0
2.443461
0
1995.986
119.6526
-148.4102
1.0
FldObj_CliffWhiteLumpRock_A_01.072
0.8426178
-0.6900666
-3.063862
1649.84
113.9911
-655.8331
1.2
Enemy_Bokoblin_Middle
0
1.520001
0
1531.3
115.6
-192.8
1.0
FldObj_CliffWhiteLumpRock_A_01.073
1.747929
1.216889
2.337667
1731.741
122.1648
-45.24933
1.0
FldObj_DamagePlant_Challenge.068
-0.9264618
0.1159448
0.2247017
1500.5
123.579
-388.5
1.0
LinkTagOr
0
0
0
1523.777
121.8316
-268.4609
1.0
FldObj_CliffWhiteWall_A_08_Far
2.21817
0.6509037
-3.111161
1179.203
214.6938
-473.041
1.0
Area
0
0
0
1104.256
202.9638
-444.2351
15
Enemy_Bokoblin_Middle
0
0.2161948
0
1429.433
115.7244
-512.1393
1.0
FldObj_CliffWhite_A_03_Far.002
0
0
0
1058.619
154.5648
-253.817
1.0
FldObj_CliffWhiteLumpRock_A_01.074
1.786671
-0.4435416
2.624221
1289.49
169.6192
-312.4705
1.0
LinkTagAnd
0
3.141593
0
1694.902
144.9666
-861.665
1.0
LinkTagAnd
0
0
0
1507
141.5
-378
1.0
LinkTagOr
0
-0.8343247
0
1542.013
114.9952
-62.51556
1.0
FldObj_CliffWhiteWall_A_08_Far.001
-0.207546
1.395002
0.6274491
1217.242
235.7054
-341.3791
1.0
FldObj_CliffGashamahi_A_05.008
-1.758109
-0.7801301
-0.3792462
1048.355
130.8574
-739.2563
1.0
LinkTagOr
0
0.6215967
0
1265.584
118.9061
-707.5419
1.0
Item_Fruit_A
0
0.06028247
0
1484.572
118.3865
-265.9019
1.0
LinkTagNone
0
0
0
1423.808
115.7302
-503.7094
1.0
FldObj_CliffWhiteLumpRock_A_01.075
-3.072715
0.8481693
-1.590956
2115.078
138.3984
-385.2797
1.0
SwitchTimeLag
0
0
0
1660.048
131.8256
-855.1969
1.0
NPC_Lanayru002
-0.03013575
-0.7842695
0.1057598
1400.773
127.206
-753.5735
1.0
LinkTagAnd
0
0
0
1267.301
119.4061
-706.0037
1.0
Item_Fruit_A
0
-1.862768
0
1547.518
135.6369
-885.6998
1.0
AnchorAction1
-2.846704
-0.8757721
3.080201
1580.41
183.2636
-723.2
1.0
Enemy_AirOctarock
0
0
0
1307.95
131.6265
-680.6515
1.0
FldObj_CliffWhiteLumpRock_A_01.076
-1.950104
-0.6286759
-0.172965
1275.38
150.0868
-506.8483
1.0
SwitchTimeLag
0
0
0
1080.195
188.5974
-350.4034
1.0
LinkTagOr
0
2.421592
0
1185.126
166.7552
-67.74857
1.0
Obj_TreeBroadleafRoot_B_L_01
0.0441168
0.3839313
-0.1347013
1750.553
121.7299
-69.62381
1.0
FldObj_DamagePlant_Challenge.069
1.459164
0.6529363
1.475592
1511.955
125.6786
-367.1104
1.0
FldObj_CliffWhiteLumpRock_A_01.077
-0.995162
-0.5357656
0.04873928
1494.882
111.0157
-607.7169
1.0
Obj_RockDeathMt_D_L_01.001
0.358198
0.009294974
-0.2913315
1619.484
177.4093
-931.5952
1.0
FldObj_EnemyBaseRiverside_A_01.002
0
-0.6981318
0
1975.967
118.4555
-123.3549
1.0
FldObj_CliffWhiteWall_A_01.008
-1.042214
-0.3790921
0.2024496
1558.98
150.6842
-723.3674
1.0
EventTag
0
-2.356194
0
1504.133
128.4055
-376.5812
0.6
GrassCutTag
0
-1.570796
0
1190.438
129.7518
-975.836
1.0
AirWallForE3
0
0.8600001
0
1996.476
121.7992
-142.5359
1.0
FldObj_EnemyBaseRiversideBridge_A_02_Far.014
0
0.8726646
0
1901.271
119.6526
-40.23438
1.03
FldObj_EnemyBaseRiversideBridge_A_02.017
0
-0.6981317
0
1876.982
119.6526
-43.71094
1.0
FldObj_CliffGashamahi_A_06_Far.001
0
2.26
0
1042.514
115.3272
-955.8739
1.0
FldObj_EnemyBaseRiverside_A_01_Far.003
0
-0.6981318
0
1975.967
118.4555
-123.3549
1.0
Obj_EyeBolt_A_01
0
-1.570796
0
1651.848
115.867
-300.2419
1.0
FldObj_EnemyBaseRiversideBridge_A_02_Far.015
0
-2.54
0
1983.18
119.5
-110.2344
1.0
Enemy_Lizalfos_Junior
0
0.32
0
1661.95
116.2989
-295.182
1.0
LinkTagOr
0
-0.2305482
0
1514.292
114.9952
-85.47372
1.0
Area
0
0
0
1184.518
164.3262
-65.11438
1.0
LinkTagAnd
0
0
0
1993.716
127.4672
-153.1451
1.0
FldObj_DamagePlant_Challenge.070
0.2818573
-0.1029878
0.9786775
1492
121.6292
-373.5
1.0
FldObj_CliffWhiteWall_A_01_Far.010
-0.990473
-0.7036046
0.1819629
1816.988
185.1061
-557.0784
1.0
FldObj_CliffWhiteWall_A_02_Far.003
1.336657
1.201087
2.348078
1628.42
146.9971
-724.0261
1.0
LinkTagOr
0
-2.202605
0
1399.515
123.9827
-858.3649
1.0
FldObj_CliffWhite_A_S_01_Far.004
2.96136
-0.2777056
2.921098
1417.802
114.6501
-256.6035
1.0
LinkTagAnd
0
0
0
1383.123
139.0467
-119.0356
1.0
DgnObj_EntranceElevator_A_01
0
-1.832596
0
1510.446
128.4056
-376.9601
1.0
Area
-1.570796
-0.9599313
0
1285.266
127
-691.9431
1.0
FldObj_EnemyBaseRiversideBridge_A_02_Far.016
0
-0.6981317
0
1865.575
119.6526
-30.13281
1.0
Item_Fruit_A
0
0.2878099
0
1699.571
129.2161
-203.23
1.0
Area
0
0.6599999
0
1080.215
199.3432
-325.5658
1.0
Obj_LiftRockWhite_A_01.001
0
0
0
1397.034
132.2942
-140.5181
1.0
FldObj_CliffWhiteLumpRock_A_01.078
1.635502
-1.394034
2.300308
1377.592
110.188
-247.1937
1.0
EventTag
0
0
0
1529.788
126.2122
-265.577
1.0
FldObj_CliffWhiteLumpRock_A_01.079
-0.9204038
-0.7578967
-1.12054
1641.76
142.0688
-695.3341
1.0
FldObj_EnemyBaseRiversideBridge_A_02.018
0
2.443461
0
1965.943
119.6526
-112.0651
1.0
FldObj_DamagePlant_Challenge.071
2.357015
0.1643471
-2.702677
1500.117
124.0163
-370.02
1.0
FldObj_CliffWhiteParts_A_03.002
-2.01921
0.0269394
-1.271953
1516.357
111.3697
-283.8734
1.0
ActorObserverTag
0
1.047198
0
1698.812
144.7791
-861.3651
1.0
Enemy_Bokoblin_Senior
0
-0.2507968
0
1807.83
209.0158
-753.9908
1.0
FldObj_CliffDeathMt_D_10_Far.004
-0.382505
-0.565056
-0.1694466
1442.745
137.4265
-993.2696
1.0
FldObj_CliffGashamahi_A_03.003
-1.717343
0.6306013
-0.06043246
1209.921
114.3132
-665.7352
1.0
Obj_TreeApple_A_M_01.003
0
-1.862768
0
1550.129
129.8369
-884.9476
1.0
FldObj_DamagePlant_Challenge.072
-2.206997
-0.7092611
2.070943
1517.5
125.4171
-385
1.0
FldObj_DamagePlant_Challenge.073
2.532765
0.2340673
-2.425426
1494
123.5
-373
1.0
FldObj_CliffWhiteWall_A_03.009
-0.5915676
1.11456
0.3089006
1251.464
151.656
-128.2764
1.0
FldObj_DamagePlant_Challenge.074
-2.248921
0.1076059
2.917457
1510
124.4686
-387
1.0
FldObj_DamagePlant_Challenge.075
-0.5803797
0.236996
0.7587483
1495.5
124.508
-385
1.0
EventTag
-0.1396789
0.02313484
0.3277672
1576.26
183.36
-724.66
1.0
FldObj_BridgeWoodGashamahi_A_01
0
2.181662
0
1284.028
127.186
-691.137
1.0
LinkTagAnd
0
0
0
1309
133
-687
1.0
FldObj_CliffWhite_A_03.003
-3.024236
-1.034565
2.960451
1078.828
160.7537
-336.4127
1.0
FldObj_CliffWhiteLumpRock_A_01.080
-2.782522
1.091775
-1.232173
2050.096
119.7158
-435.1279
1.0
LinkTagAnd
0
-1.832596
0
1505.039
128.4055
-379.9619
0.3
Enemy_Bokoblin_Middle
0
-2.672389
0
1799.891
204.948
-737.9113
1.0
FldObj_EnemyBaseRiversideBridge_A_02_Far.017
0.03502712
-0.8310378
-0.7052355
1920.528
117.5923
-139.2559
1.0
Item_Fruit_A
0
0.2878099
0
1699.414
128.9161
-200.9414
1.0
FldObj_EnemyBaseRiversideBridge_A_02_Far.018
0
-1.100069
0
1873.298
117.1248
-111.1754
1.0
FldObj_CliffWhiteWall_A_01.009
2.838133
1.199952
-2.708932
1307.186
153.8638
-301.1829
1.0
LinkTagAnd
0
0
0
1761
121.5
-57.5
1.0
FldObj_CliffWhiteLumpRock_A_01.081
1.671414
-1.495898
2.922663
1330.598
137.7993
-446.0354
1.0
FldObj_CliffWhiteLumpRock_A_01.082
-1.072386
0.01775979
0.4439501
1477.774
131.6528
-758.8629
1.0
FldObj_CliffWhiteLumpRock_A_01.083
2.971146
0.9051775
-2.565248
1651.764
127.3511
-190.1193
1.0
FldObj_KorokStoneLift_A_01
0
0
0
1683.723
130.4
-836.8168
1.0
LinkTagOr
0
0
0
1523.777
121.8316
-286.8046
1.0
FldObj_ScaffoldWood_B_02_Far
0
-0.7600006
0
1078.046
194.1754
-340.1002
1.0
FldObj_HyliaStoneRuinRightAngleWall_A_01.001
0
-1.570796
0
1546.1
114.4
-172.1
1.0
FldObj_CliffWhiteWallCurve_A_01.001
0
-0.5631859
0
1112.802
184.9168
-303.9295
1.0
AnchorAction1
0
1.48353
0
1430.976
135.1674
-762.6846
1.0
FldObj_CliffWhiteLumpRock_A_01.084
1.74631
-0.7474588
2.314445
1900.566
137.1848
-552.5718
1.0
FldObj_CliffWhiteLumpRock_A_01.085
-1.173327
-1.204931
-0.4911748
1324.075
160.9897
-274.4702
1.0
FldObj_DamagePlant_Challenge.076
0.6246316
0.03469777
-0.1073699
1517.385
124.3346
-366.1542
1.0
LinkTagAnd
0
-1.832596
0
1508.903
140.9055
-378.9267
0.6
FldObj_CliffWhiteLumpRock_A_01.086
-0.9716031
1.34893
-0.3382102
1863.302
112.3915
-16.74554
0.7
Area
2.2
8.998877E-08
1.570796
1996.735
121.9339
-172.2196
1.0
SwitchTimeLag
-1.570796
0
0
1085.919
170.3023
-220.825
0.5
FldObj_EnemyBaseRiversideBridge_A_02.019
0
2.443461
0
2007.267
119.6526
-161.8477
1.0
FldObj_EnemyBaseRiverside_A_01.003
0
2.041523
0
1859.992
115.992
-104.4043
1.0
FldObj_CliffWhiteWall_A_02_Far.004
-1.150669
0.3887115
0.5204079
1690.244
119.2324
-72.55399
0.8
Obj_TreeApple_A_M_01.004
0
1.723185
0
1541.878
117.7402
-374.047
1.0
Enemy_Bokoblin_Guard_Junior
0
1.570796
0
1529.7
115.38
-217.8
1.0
FldObj_CliffWhiteLumpRock_A_01.087
-2.730914
-1.427729
1.663818
1077.323
197.9037
-485.0163
1.0
EnemyLookTag
-0.4199999
-1.570796
0
1533.4
115.3
-192.7
1.0
LinkTagAnd
0
0
0
1430.661
115.7244
-505.5541
1.0
FldObj_HyliaStoneRuinHouse_A_02.001
0
-2.356194
0
1396.6
131.5
-133
1.0
LinkTagAnd
0
0
0
1772.41
124.33
-64.05002
1.0
Area
-0.69813
0
1.570796
1993.186
120.5123
-145.0903
1.55
Item_Fruit_A
0
0.2878099
0
1698.273
129.8661
-198.1008
1.0
Weapon_Shield_003
0.5956649
-1.191872
2.685395
1578.24
183.0448
-723.8864
1.0
LocationTag
0
0
0
1527.142
108.1091
-187.1999
1.0
FldObj_CliffWhiteLumpRock_A_01.088
-1.154733
-0.138844
-0.1945328
1760.719
114.0093
-15.01334
1.0
Area
0
1.307612
0
1807.097
202.3437
-763.0533
2
FldObj_CliffGashamahi_A_05.009
2.584059
0.6178389
-3.072383
1219.641
116.9429
-666.6287
1.0
LinkTagAnd
0
-1.570796
0
1197.938
129.6559
-972.8359
1.0
DestinationAnchor
0
2.9
0
1765.719
115.0707
-54.19711
1.0
LinkTagAnd
0.01399511
-0.001173461
0.1673018
1577.06
183.67
-723.91
1.0
EventTag
0
0
0
2008.491
126.2122
-146.9676
1.0
Area
0
0
0
1377.724
133.5505
-119.3203
1.0
FldObj_DamagePlant_Challenge.077
-2.348916
0.003664915
3.132835
1505.505
125.072
-388.4141
1.0
FldObj_CliffGashamahi_A_03.004
-1.667601
0.6446738
-0.5094908
1070.142
122.7929
-780.4409
1.0
LinkTagAnd
0
0
0
1187.938
134.6559
-975.8359
2
LinkTagAnd
0
0
0
1699.154
146.7791
-861.4565
1.0
FldObj_CliffGashamahi_A_01.003
-1.723186
0
0
1041.43
112.9818
-927.7703
1.0
DestinationAnchor
0
0.7853983
0
1503.426
128.4055
-377.2883
1.0
FldObj_CliffWhiteLumpRock_A_01.089
2.240804
0.9982885
2.917042
1882.002
170.6435
-500.0757
1.2
FldObj_EnemyBaseRiversideBridge_A_02_Far.019
2.989057
0.00737934
2.979176
1912.763
115.4075
-106.79
1.0
LinkTagOr
0
-2.519996
0
1267.07
119.4061
-704.6084
1.0
Obj_Plant_Lotus_A_01.003
0
-0.2305482
0
1516.683
115.0042
-85.55798
1.0
LinkTagOr
0
-0.3
0
1895.38
116.7726
-323.5778
0.5
FldObj_CliffWhite_A_05
0
-2.76
0
1461.35
100.3
-71.996
1.0
Obj_TreeApple_A_M_01.005
0
0
0
1302.814
132.7113
-575.1024
1.0
Npc_Bottle_Mes001
0
1.418407
0
1760.459
115.7969
-56.03809
1.0
FldObj_DamagePlant_Challenge.078
-2.653351
0.1487743
2.560168
1522.5
123.7668
-382.5
1.0
FldObj_CliffWhiteLumpRock_A_01.090
-2.490893
-1.239256
0.1269218
1227.219
201.256
-387.0117
1.0
LinkTagNone
0
0
0
1398.983
115.7244
-480.6312
1.0
FldObj_CliffWhiteLumpRock_A_01.091
-0.878474
-0.6586835
0.06426167
1326.797
113.4687
-732.9464
1.0
Item_Fruit_A
0
-2.918649
0
1440.099
121.3086
-272.7244
1.0
ShelterFromRainTag
0
1.368791
0
1472.685
128.6278
-674.9121
1.0
FldObj_CliffWhiteLumpRock_A_01.092
2.737648
0.6916364
-2.713855
1141.069
210.8393
-470.0121
1.0
FldObj_CliffWhiteWallCurve_A_01.002
0
-1.103186
0
1157.041
182.6355
-237.8045
1.0
LinkTagNone
0
0
0
1657.302
116.3226
-289.3127
1.0
FldObj_CliffDeathMt_D_10.005
-0.3246362
0.8337241
0.1871245
1898.488
153.6771
-691.581
1.0
Area
0
2.241592
0
1397.047
122.8099
-522.5635
2
FldObj_CliffWhiteWall_A_08.001
-0.207546
1.395002
0.6274491
1217.242
235.7054
-341.3791
1.0
FldObj_EnemyBaseRiversideBridge_A_02.020
0
2.443461
0
1923.65
119.6526
-62.40625
1.0
FireWood
0
1.001593
0
1430.661
115.7244
-505.5541
1.0
FldObj_EnemyBaseRiversideBridge_A_02.021
0
-0.6981317
0
1888.337
119.6526
-57.25
1.05
LinkTagAnd
0
0
0
2000.017
127.1739
-139.9927
1.0
Obj_RockSetGray_A_L_01.001
0.3186577
0.1206388
-1.920591
1743.4
128.5089
-104.2117
1.0
Enemy_Bokoblin_Senior
0
0.2000002
0
1731.413
118.1749
-99.41855
1.0
Obj_Plant_Lotus_A_01.004
0
-0.8343247
0
1544.03
115.0042
-61.22693
1.0
FldObj_DamagePlant_Challenge.079
0.7575127
-0.2645323
-0.40851
1514.997
124.3618
-365.7914
1.0
FldObj_CliffWhiteWall_A_03.010
2.396993
0.5437511
-2.726031
2053.836
186.1602
-340.4256
1.0
LinkTagAnd
0
0
0
1761
121.5
-55.5
1.0
Item_Fruit_A
0
1.456546
0
1483.512
118.8615
-265.8677
1.0
LinkTagOr
0
-3.141593
0
1386.779
137.7196
-112.9286
1.0
LinkTagAnd
0
0
0
1521.996
123.6914
-267.0314
1.0
FldObj_CliffWhiteWall_A_03.011
-0.5181274
-1.13816
-0.3285196
1203.478
225.8862
-272.8133
1.0
Area
0
1.047198
0
1699.044
143.0291
-861.8663
0.1
Obj_RockDeathMt_D_L_01.002
-1.176063
-0.0903134
1.554523
1453.834
125.3025
-966.3824
1.0
FldObj_HyliaStoneRuinRightAngleWall_A_01_Far.001
0
-1.570796
0
1546.1
114.4
-172.1
1.0
FldObj_DamagePlant_Challenge.080
-0.8348121
-0.1894314
-0.4220649
1517
123.7705
-386.5
1.0
FldObj_CliffWhiteLumpRock_A_01.093
-1.379867
0.04506066
0.04076721
1127.955
178.7677
-180.1611
1.0
FldObj_CliffDeathMt_D_11_Far.002
-0.4799999
-0.5599999
0
1694.769
155.7227
-879.9099
1.0
FldObj_CliffWhiteLumpRock_A_01.094
2.051413
-0.7995633
3.035707
1172.73
180.107
-180.4937
1.0
LinkTagOr
0
-2.202605
0
1582.835
191.6946
-721.1078
1.0
LinkTagAnd
0
0
0
1084.698
188.5854
-343.8433
1.0
Item_Fruit_A
0
0
0
1302.845
138.5113
-572.3852
1.0
Area
0
0
0
1527.142
108.1091
-187.1999
40
FldObj_CliffWhiteWall_A_03.012
-1.047276
-0.4448188
-0.02439384
1879.376
142.7612
-453.5403
1.0
Obj_TreeBroadleaf_A_L
0
-0.2417281
0
1104.256
202.9638
-444.2351
1.117206
FldObj_ScaffoldWood_B_01
0
-2.172389
0
1801.42
195.3437
-747.9033
1.0
FldObj_CliffWhiteWall_A_01.010
-1.184161
-0.6550907
0.4581305
2063.588
172.2169
-355.7822
1.0
EnemyLookTag
-0.3490658
-3.141593
0
1532
122.5
-156.4
1.0
LinkTagAnd
0
-1.570796
0
1198.438
129.6559
-968.8359
1.0
Item_Fruit_E
0.08566603
-0.224988
-0.2239017
1516.879
115.8642
-85.60184
1.0
Obj_BreakBoxIron.002
-3.139957
-1.001647
-3.137595
1400.063
115.738
-482.3169
1.0
FldObj_DamagePlant_Challenge.081
1.122737
0.6415417
1.285064
1505
125.123
-368.5
1.0
FldObj_DamagePlant_Challenge.082
-0.5521463
0.2435135
0.8154099
1493.464
122.2826
-383.9516
1.0
FldObj_CliffDeathMt_D_10_Far.005
-0.1718232
-0.859775
-0.2735079
1793.806
147.0817
-641.5247
1.0
FldObj_CliffWhiteWall_A_03_Far.013
2.396993
0.5437511
-2.726031
2053.836
186.1602
-340.4256
1.0
LinkTagNone
0
0
0
1807.097
200.4312
-763.0534
1.0
FldObj_CliffWhiteLumpRock_A_01.095
-3.029251
-1.418798
1.851485
1049.395
184.6385
-469.4399
1.0
Item_Fruit_A
0
0.2878099
0
1698.693
130.2161
-203.0225
1.0
Npc_HiddenKorokGround
0
-0.8215923
0
1088.531
164.7885
-215.8946
1.0
Weapon_Sword_043
-1.932458
0.5006065
0.06840462
1422.436
115.9354
-519.736
1.0
FldObj_CliffWhiteWall_A_03.013
-0.8245283
1.343608
0.03633116
1305.878
145.6465
-403.1163
1.0
FldObj_CliffWhiteParts_A_03_Far.002
1.799411
-0.3312885
-3.05249
1639.768
114.613
-272.274
1.0
FldObj_EnemyBaseRiversideBridge_A_02_Far.020
0
-0.6981318
0
1942.754
119.6526
-84.42001
1.05
FldObj_CliffWhiteLumpRock_A_01.096
-1.238279
-0.8737333
0.2229814
1064.285
167.4438
-596.6259
1.0
ActorObserverTag
0
0
0
1530.658
126.3196
-265.2957
1.0
LinkTagAnd
0
0
0
1525.898
123.9847
-265.9964
1.0
Obj_LiftRockWhite_A_01.002
0
-1.34
0
1181.365
161.3193
-47.57376
1.0
ActorObserverTag
0
0
0
1087.075
166.4507
-213.2391
1.0
FldObj_HyliaStoneRuinHouse_A_02_Far.001
0
0.7853982
0
1378.8
129
-115.6
1.0
Obj_BoardWood_Triangle_01
0
0.7853982
0
1309
130
-687
1.0
Area
0
-1.570796
0
1187.938
129.6559
-975.8359
25
FldObj_CliffWhiteLumpRock_A_01.097
1.865688
0.5645052
2.400031
1863.806
188.309
-509.5989
1.0
SwitchTimeLag
0
0
0
1084.127
188.5568
-349.2774
1.0
FldObj_DamagePlant_Challenge.083
0.1003039
0.03458066
-0.663541
1524.836
123.4098
-374.9249
1.0
Area
0
-1.570796
0
1187.938
129.6559
-975.8359
40
EventTag
0
0
0
2009.444
126.2122
-168.4676
1.0
LinkTagOr
0
0.06028247
0
1482.405
115.8215
-261.8213
1.0
Enemy_Bokoblin_Middle
0
0
0
1532
120.6
-158.6
1.0
FldObj_CliffWhiteLumpRock_A_01.098
2.003941
-1.045855
-2.846601
1639.704
117.251
-199.8013
1.0
Item_Fruit_E
0.2692477
-0.8085434
-0.3188025
1544.215
115.8642
-61.15228
1.0
FldObj_DamagePlant_Challenge.084
0.2020169
0.05033334
-0.4868663
1523.652
124.0525
-370.4336
1.0
Obj_LiftRockWhite_Korok_A_01.002
0
0
0
1086.075
164.2507
-213.2391
1.0
ActorObserverTag
0
-2.519996
0
1267.07
116.4061
-704.6084
2
FldObj_CliffWhite_A_03_Far.003
-3.024236
-1.034565
2.960451
1078.828
160.7537
-336.4127
1.0
FldObj_EnemyBaseRiversideBridge_A_02_Far.021
0
-0.6981317
0
1940.146
119.6526
-121.3164
1.0
FldObj_CliffWhiteLumpRock_A_01.099
-0.449616
-1.148034
-0.1120279
1738.233
135.8649
-576.8423
1.2
ActorObserverTag
0
0
0
1575.59
185.12
-723.13
1.0
LinkTagNone
0
0
0
1807.947
200.4312
-729.2496
1.0
LinkTagNAnd
0
0
0
1488.657
120
-398.511
3
Obj_TreeApple_A_M_01.006
0
-2.918649
0
1440.73
115.5086
-270.0814
1.0
LinkTagAnd
0
0
0
1657.69
130.4318
-856.08
1.0
FldObj_CliffWhiteLumpRock_A_01.100
1.287782
-0.8916236
-3.139419
1276.811
149.5872
-154.9723
1.0
Item_Fruit_A
0
-0.09564526
0
1525.172
121.9838
-223.3922
1.0
Area
0
2.207611
0
1807.947
202.3437
-729.2496
2
FldObj_CliffGashamahi_A_06.001
0
2.26
0
1042.514
115.3272
-955.8739
1.0
FldObj_CliffWhiteLumpRock_A_01.101
0.8060105
-1.097016
-1.242217
1638.137
110.663
-162.7902
1.0