UnitConfigName/__text
Rotate/value/0
Rotate/value/1
Rotate/value/2
Translate/value/0
Translate/value/1
Translate/value/2
_Scale
FldObj_MountainFutagoWall_A_01
-0.8705595
-0.9860636
0.2152795
1170.751
388.9662
2056.249
1.0
FldObj_CliffWhiteWall_A_02_Far
2.541975
-1.326158
3.017145
1686.107
377.4593
2619.956
1.0
FldObj_CliffWhiteLumpRock_A_01
2.561593
0.6615928
-3.141592
1360.724
206.2793
2866.288
1.0
FldObj_CliffTropicsWall_A_03_Far
3.021592
-0.7015933
3.141593
1597.641
244.7813
2879.841
1.0
FldObj_CliffWhiteCave_A_01_Far
0
-2.579721
0
1970.387
176.5294
2620.556
1.0
LinkTagAnd
0
0
0
1650
115
2027
1.0
Area
3.141592
0.859997
-2.901593
1378.394
186.5157
2767.796
2
LinkTagOr
0
0.6799999
0
1051.833
158.6246
2450.049
1.0
LinkTagAnd
-0.06515937
-0.002674774
-0.08202444
1928.5
144.8783
2415
1.0
LinkTagAnd
0
0
0
1707.08
116.6094
2165.187
1.0
FldObj_CliffWhiteWall_A_02
2.321905
0.03614258
-2.985312
1935.374
460.7585
2762.931
1.0
FldObj_BridgeHutagoHatagoFront_A_02_Far
0
1.421593
0
1701.714
112.6429
2147.393
1.0
LinkTagOr
0
1.559999
0
1099.756
138.2231
2738.713
1.0
LinkTagNOr
2.940038
-1.481399
-3.119941
1912.713
115.5376
2286.295
1.0
FldObj_CliffWhiteLumpRock_A_01.001
-0.3092762
-0.9307478
-0.4648008
1800.409
106.6115
2098.632
1.0
FldObj_CliffTropicsWall_A_07_Far
-3.117828
0.8213556
-3.112448
1737.308
347.7844
2968.897
1.0
Obj_RockSetWhite_A_L_01_Far
1.517345
-0.01109229
-0.5791954
1933.133
111.4092
2303.284
1.0
FldObj_CliffWhiteMountain_A_02_Far
0
-0.8999998
0
1297.299
225.4084
2920.179
1.0
FldObj_CliffTropicsWall_A_02
3.027832
-0.3374412
-3.045723
1511.568
317.8989
2981.99
1.0
FldObj_CliffWhiteWall_A_05_Far
2.778517
1.228824
3.01123
1262.341
234.3414
2779.412
0.9
Obj_TreeBroadleaf_A_L
0
1.277597
0
1958.195
144.4869
2419.44
1.117206
FldObj_CliffTropicsWall_A_01
0
-1.059999
0
1071.273
164.6703
2896.295
1.0
LinkTagOr
0
-0.1849365
0
1726.042
343.8501
2858.532
1.0
FldObj_CliffWhiteWall_A_02.001
-1.040934
-0.2485297
-0.4651296
1615.479
287.8724
2378.286
1.0
FldObj_CliffWhiteWall_A_01_Far
-0.08889541
0.1841054
-0.06100499
1202.282
282.1555
2348.684
1.0
FldObj_CliffWhiteWall_A_01
2.801594
0.3784072
3.141593
1690.329
206.1365
2368.028
1.0
SwitchTimeLag
-2.418407
-0.003224978
0.2286412
1369.619
206.9197
2742.015
0.5
FldObj_CliffWhiteCave_A_01_Far.001
0
2.003464
0
1839.114
130.131
2484.157
1.0
Area
0
0
0
1917.133
115.1256
2290.828
25
FldObj_PushRockIron_A_M_01
-0.002471007
-0.004740432
-0.0057027
1814.701
343.4639
2915.873
1.2
FldObj_CliffWhiteLumpRock_A_01.002
-0.1671525
0.8671867
0.5424187
1481.837
274.1794
2767.627
1.0
FldObj_CliffWhiteLumpRock_A_01.003
2.391732
-1.45068
-2.696487
1461.043
288.2513
2550.037
1.2
Weapon_Spear_004
1.831127
1.011896
-2.776292
1918.59
114.5852
2292.898
0.66666
FldObj_CliffWhite_A_S_01_Far
-0.28
0
0
1593.13
316.5758
2569.32
1.0
Area
0
0
0
1917.133
115.1256
2290.828
40
FldObj_CliffWhiteWall_A_02.002
2.571545
-1.311619
-2.907784
1681.77
337.8637
2819.824
1.2
FldObj_CliffWhiteWall_A_01_Far.001
0.4417057
-1.24929
-0.6161475
1186.216
233.968
2684.564
1.0
FldObj_CliffWhite_A_S_01_Far.001
-0.2637315
-0.1902411
0.07542779
1257.95
216.1479
3007.174
1.0
FldObj_CliffTropicsScaffold_A_01_Far
0
-0.6
0
1008.54
154.0638
2916.142
1.0
LinkTagAnd
0
0
0
1462.969
334.4001
2365.857
1.0
LinkTagAnd
0
1.519325
0
1967.667
149.4869
2429.941
1.0
FldObj_CliffWhiteParts_A_02
-0.193682
-0.08997376
0.07041939
1296.969
163.8057
2428.218
1.0
Obj_RockSetGray_A_L_01
0.793004
-1.062602
-1.967854
1936.077
347.982
2649.172
1.0
FldObj_CliffWhiteWall_A_02_Far.001
0
-1.14
0
1123.795
260.2825
2450.462
1.0
Enemy_Guardian_A
0
0.54
0
1539.866
298.0182
2408.312
1.0
FldObj_CliffWhite_A_05
2.872175
0.9245817
2.900901
1609.037
264.9233
2691.229
1.2
FldObj_Giant_Bone
-0.025391
-0.0005548057
-0.04369164
1949.5
144.3814
2392.5
1.0
FldObj_CliffTropicsWall_A_01.001
3.078401
0.145407
-3.08787
1442.932
312.9717
2987.593
1.0
LinkTagAnd
0
3.083185
0
1464.498
344.7975
2373.96
2
Npc_HiddenKorokGround
0
2.7
0
1936.528
492.9896
2778.544
1.0
Obj_TreePalmJungle_A_LL_01
0
0.02443171
0
1056.504
164.9279
2836.894
1.0
FldObj_CliffWhiteWall_A_03_Far
-1.139482
1.548781
-1.139575
1775.451
294.6974
2485.221
1.0
FldObj_KorokTarget_A_01
0
-1.879998
0
1490.288
333.9069
2372.826
1.0
EnemyChatFortMgrTag
0
1.559993
0
1758.5
375.5417
2632.446
1.0
Obj_TreeTropical_A_LL_01
0
5.384195
0
1005.087
153.8674
2560.522
1.0
FldObj_CliffWhiteWall_A_02.003
-0.6244997
-0.2626318
0.1849775
1822.418
431.0068
2774.57
1.0
FldObj_CliffWhiteLumpRock_A_01.004
-0.7970956
-1.510567
0.3983899
1965.555
129.1663
2566.231
1.0
FldObj_CliffWhiteWall_A_04_Far
-0.04463218
-0.692729
-0.2193601
1078.204
182.2204
2426.862
1.0
LinkTagPulse
0.07713202
0.05296141
-0.2730508
1937.748
134.8647
2564.518
0.25
Obj_TreeBananaMini_A_01
0
-1.354126
0
1636.055
366.8199
2921.813
1.0
FldObj_CliffTropicsWall_A_01.002
0
-2.42
0
1567.113
362.5916
2939.992
1.0
DestinationAnchor
0
-1.661729
0
1851.258
131.5074
2469.904
1.0
LinkTagAnd
2.940038
-1.481399
-3.119941
1915.653
115.0005
2286.558
1.0
WildHorseCreateTag01
0
0
0
1949.206
120.7706
2210.233
1.0
FldObj_CliffWhiteTop_A_01
3.141593
0.7784072
-2.941593
1258.032
234.1487
2845.524
1.0
LinkTagAnd
0
0
0
1370.229
204.2991
2742.041
1.0
Npc_HiddenKorokFly
0
3.083185
0
1462.677
336.7975
2370.849
1.0
Obj_TreePalmJungle_A_LL_01.001
0
0
0
1014.114
157.1965
2861.524
1.0
LinkTagAnd
0
0
0
1779.919
346.6392
2931.478
1.0
Area
0
0.38
0
1104.984
228.9881
2544.635
12
FldObj_CliffWhiteLumpRock_A_01.005
-1.914086
-1.508631
1.518777
1386.203
200.1302
2500.52
1.0
LinkTagNone
0
0
0
1651.401
116.2328
2033.863
1.0
Obj_TreeDorian_A_01
0
-2.221593
0
1029.157
134.6808
2832.768
1.0
LinkTagAnd
0
3.083185
0
1463.176
339.2975
2370.878
1.0
FldObj_CliffWhiteWall_A_05
-1.827327
-1.454215
1.756253
1451.867
261.8801
2546.789
1.1
LinkTagAnd
0
-1.08
0
1654.079
121.9357
2155.147
1.0
LinkTagAnd
0
-2.8
0
1308.179
199.349
2436.215
2
LinkTagAnd
0
0.9268011
0
1954.034
149.6204
2373.727
1.0
FldObj_CliffWhiteWall_A_04
-0.04463218
-0.692729
-0.2193601
1078.204
182.2204
2426.862
1.0
LinkTagAnd
-1.907365
0.3086905
-2.253998
1965.349
366.8629
2632.942
1.0
Obj_TreePalmJungle_A_LL_01.002
0
0
0
1059.921
154.9122
2557.948
1.0
FldObj_CliffWhiteWall_A_02.004
2.947023
0.6692872
-2.968577
1663.182
274.3951
2381.446
1.0
LocationTag
0
0
0
1673.114
107.3559
2032.819
1.0
LinkTagOr
0
-2.779998
0
1190.978
321.4319
2475.825
1.0
FldObj_CliffTropicsWall_A_07
0.04111349
-0.689405
-0.02443461
1826.821
348.6166
2903.208
1.0
SwitchTimeLag
-1.570796
0.3490658
0
1779.919
348.6392
2931.478
0.5
Obj_RockLayerMoss_B_Cliff_02_Far
-0.5755954
1.248178
-0.6000358
1097.062
171.6773
2841.102
1.0
LinkTagAnd
0
3.083185
0
1462.502
346.2975
2373.844
2
FldObj_CliffWhiteLumpRock_A_01.006
-2.02892
-1.496658
1.454484
1043.217
230.8576
2302.644
1.1
TBox_Field_Iron_NoReaction_Aoc
2.224582
1.00243
2.892535
1288.069
188.2981
2451.235
1.0
LinkTagOr
3.141592
0.859997
-2.901593
1377.967
188.2642
2767.796
1.0
FldObj_WaterFallHateru_A_01_Far
0
-2.265398
0
1809.338
130.2931
2338.51
1.0
FldObj_CliffTropicsScaffold_A_01
0
-1.1
0
1409.683
310.676
2988.361
1.0
FldObj_CliffWhiteParts_A_02.001
-0.2539956
0.140591
-0.16329
1514.994
215.6038
2829.884
1.1
FldObj_CliffTropicsWall_A_06
-3.121593
-0.8015934
3.141593
1563.818
251.1054
2903.359
0.8
FldObj_CliffTropicsWall_A_06.001
3.036682
-0.9173901
-3.009749
1632.729
247.2242
2857.097
1.0
FldObj_CliffWhiteLumpRock_A_01.007
3.061592
0.05840722
-3.141592
1826.284
358.0706
2647.183
1.0
Obj_RockSetGray_A_L_01.001
0
1.96
0
1889.164
109.3108
2491.12
1.0
FldObj_CliffWhiteWall_A_01_Far.002
-0.3956045
0.8127
-0.1965501
1259.894
248.6225
2394.584
1.0
FldObj_CliffWhiteLumpRock_A_01.008
1.262264
-1.470375
-1.662725
1747.812
364.7554
2569.337
1.0
Obj_Plant_Korok_A_01
-2.447338
0.07396351
3.077762
1372.878
219.3408
2747.959
1.0
TBox_Field_Iron
0
-2.617994
0
1711
115.4135
2171
1.0
FldObj_CliffWhiteSet_A_01_Far
2.817548
0.7262372
3.024164
1133.088
273.1639
2318.603
1.2
LinkTagAnd
2.36794
-0.7377756
-1.517022
1681.973
202.3698
2329.498
1.0
FldObj_CliffTropicsWall_A_01.003
0
-2.58
0
1097
164.8275
2793.987
1.0
FldObj_WaterFallBottom_A_02
0
-2.199115
0
1802.37
114.895
2336.258
1.5
LinkTagAnd
0
0
0
1960.086
183.7511
2590.705
1.0
Item_Fruit_D
0
0.8031858
0
1051.79
159.4901
2546.616
1.0
Item_Fruit_D
0
-1.68
0
1007.886
156.7332
2450.095
1.0
FldObj_CliffTropicsWall_A_07.001
-3.117828
0.8213556
-3.112448
1737.308
347.7844
2968.897
1.0
Obj_TreePalmJungle_A_LL_01.003
0
3.762556
0
1136.939
140.114
2982.622
1.0
LocationTag
0
0
0
1714.176
106.6585
2149.552
1.0
Obj_TreePalmJungle_A_LL_01.004
0
4.306017
0
1033.709
154.5739
2915.656
1.0
LinkTagAnd
0
0.2015916
0
1323.233
196.9022
2453.552
1.0
FldObj_CliffWhiteWall_A_02_Far.002
2.999554
1.280746
-2.985705
1238.023
269.8066
2478.191
1.0
FldObj_CliffWhiteWall_A_05_Far.001
2.781593
-0.001592177
3.141593
1515.324
267.7653
2354.607
1.1
Enemy_Bokoblin_Senior
0
2.963185
0
1561.121
245.6862
2789.073
1.0
LinkTagAnd
0
0
0
1655.554
116.1547
2027.346
1.0
FldObj_MountainFutagoWall_A_01_Far
-0.7068413
-1.188515
0.0496435
1155.916
322.2068
2172.203
1.2
FldObj_CliffWhiteLumpRock_A_01.009
-2.748116
0.9268383
-2.107569
1649.115
115.2756
2224.162
1.0
LinkTagOr
0
2.265581
0
1966.309
368.463
2634.095
1.0
LinkTagOr
0.01745329
0.01745329
0.01745329
1957.501
184.3136
2592.518
1.0
LinkTagOr
0
3.141593
0
1372.5
222.794
2749.046
1.0
FldObj_CliffWhiteEdgeParts_A_04
0
2.695136
0
1985.859
141.3781
2352.634
1.0
FldObj_KorokTarget_A_01.001
0
0.9631834
0
1441.957
329.6413
2350.103
1.0
LinkTagOr
0
-1.919998
0
1682.486
203.9698
2328.089
1.0
FldObj_CliffWhiteEdgeParts_A_03_Far
0
-3.000031
0
1924.897
141.1582
2329.631
1.0
LinkTagAnd
0
0.38
0
1106.096
228.9881
2547.421
1.0
Obj_Plant_Korok_A_01.001
0.01459733
-0.03894929
2.782901
1371.108
195.7311
2743.772
1.0
FldObj_CliffWhite_A_S_01_Far.002
2.456491
1.44698
2.792683
1457.114
214.3131
2844.763
1.0
Enemy_Chuchu_Junior
0
-2.650797
0
1661.849
125.9357
2161.199
1.0
FldObj_CliffWhiteLumpRock_A_01.010
-0.1225556
0.7840822
0.09371091
1545.906
278.7073
2677.847
1.0
Obj_RockLayerMoss_B_Cliff_01_Far
-3.117246
1.240253
-3.054307
1111.01
171.3262
2887.022
1.0
LinkTagOr
0
0.8199999
0
1565.289
298.6208
2895.393
1.0
Obj_TreeBroadleaf_B_L_01
0.01002975
1.009941
-0.1745329
1384.527
199.4237
2825.801
1.0
FldObj_CliffWhiteLumpRock_A_01.011
-0.09187588
-0.7538045
-0.3412918
1855.644
113.7247
2192.921
1.0
TBox_Field_Stone
0
-1.086708
0
1960.492
178.1277
2601.697
1.0
LinkTagNAnd
0
3.083185
0
1464.498
343.2975
2373.96
2
FireWood
0
2.900001
0
1917.133
115.1256
2290.828
1.0
TBox_Field_Wood
-0.02610787
0.04681485
0.003871318
1814.895
341.0761
2916.482
1.0
FldObj_CliffTropicsWall_A_03
-0.2348427
1.316896
-0.1598857
1673.477
365.4243
2906.974
1.0
Obj_TreeTropical_A_LL_01.001
0
0
0
1003.149
151.8144
2428.592
1.0
Item_RoastFish_01
-1.806884
-1.481399
-3.119941
1915.654
115.7027
2289.571
1.2
FldObj_CliffWhiteWall_A_02_Far.003
2.321905
0.03614258
-2.985312
1935.374
460.7585
2762.931
1.0
FldObj_CliffWhiteWall_A_01.001
-0.8200001
-1.02
0
1433.387
249.1663
2410.353
1.0
LinkTagAnd
0
2.003462
0
1848.098
144.0074
2474.668
0.6
Obj_TreePalmJungle_A_LL_01.005
0
-0.46
0
1724.836
344.4379
2883.135
1.0
FldObj_CliffWhiteEdgeParts_A_03
3.099882
-0.6067891
-3.068533
1896.912
139.9278
2338.646
1.0
FldObj_CliffWhiteTilt_A_01_Far
0.02420005
-1.305755
-0.1931837
1100.425
185.0361
2571.501
0.7
Obj_TreePalmJungle_A_LL_01.006
0
0
0
1124.981
168.2224
2780.073
1.0
Obj_RockLayerMoss_B_Cliff_02
-0.5755954
1.248178
-0.6000358
1097.062
171.6773
2841.102
1.0
FldObj_CliffWhiteEdgeParts_A_03.001
0
2.619999
0
1298.681
190.172
2490.734
1.0
FldObj_CliffWhiteLumpRock_A_01.012
3.028498
1.027289
-2.832752
1874.831
125.3068
2332.094
1.0
Item_Fruit_H
0.1599999
-0.1849365
0
1724.099
345.5421
2861.172
1.0
LinkTagNAnd
-2.898221
-0.2897778
2.098645
1363.778
192.7944
2754.742
1.0
Obj_TreeDorian_A_01.001
0
1.001593
0
1098.923
137.0187
2720.155
1.0
LinkTagAnd
0
3.083185
0
1462.21
344.7975
2378.835
2
FldObj_CliffTropicsWall_A_06.002
-2.839684
1.352443
-2.735799
1885.355
332.8255
2963.825
1.0
Enemy_Chuchu_Electric_Middle
0
0.38
0
1142.465
223.0559
2662.347
1.0
FldObj_CliffTropicsWall_A_02_Far
0
-3.14
0
1026.82
155.7452
2857.892
1.0
Obj_LiftRockWhite_A_01
0.1169314
-0.7083455
0.179542
1885.04
145.5376
2418.273
1.0
LinkTagAnd
0
0
0
1673.114
107.3559
2032.819
1.0
FldObj_CliffWhiteWall_A_02.005
2.052505
0.2556323
2.679316
1799.551
140.9679
2266.669
0.8
LinkTagAnd
0
0
0
1710
118
2169.5
1.0
FldObj_CliffTropicsWall_A_03.001
0
0.6599999
0
1648.867
367.2759
2940.196
1.0
DgnObj_EntranceShutter_A_01
0
2.003462
0
1849.103
131.5075
2472.552
1.0
FldObj_CliffWhiteLumpRock_A_01.013
-0.4620023
-1.383614
-0.09939466
1051.289
252.8502
2317.151
1.0
Area
-2.729197
0.1834766
-3.053406
1173.388
193.4961
2849.635
3
Obj_TreePalmJungle_A_LL_01.007
0
0.06952319
0
1101.677
166.3048
2800.4
1.0
Area
0
0
0
1445.813
116.3334
2002.716
50
LinkTagOr
0
0.3490659
0
1774.314
349.1876
2930.696
1.0
Area
0
-0.7003154
0
1884.852
146.4707
2418.468
3
Obj_LiftRockWhite_A_01.001
-2.696606
0.1914591
-3.093604
1173.396
192.577
2850.029
1.0
LinkTagAnd
0
0
0
1673.114
107.3559
2032.819
1.0
Enemy_Guardian_A_Fixed_Moss
0
0
0.09999996
1192.33
244.0096
2666.653
1.0
LinkTagAnd
0.540809
0.240373
-0.8807058
1879.425
133.4329
2051.287
1.0
FldObj_CliffWhiteParts_A_03_Far
2.401593
-0.7215928
3.141593
1618.7
319.1362
2555.687
1.0
LinkTagAnd
0
-2.8
0
1307.969
199.349
2441.596
2
LinkTagAnd
-2.898221
-0.2897778
2.098645
1362.813
194.4502
2755.313
1.0
Obj_TreeDorian_A_01.002
0
2.161592
0
1051.865
158.6249
2465.682
1.0
Enemy_Bokoblin_Junior
0
2.120001
0
1911.567
115.1478
2294.049
1.0
FldObj_CliffTropicsWall_A_07_Far.001
0.06749061
1.027245
0.01475589
1730.639
348.3481
2926.318
1.0
FldObj_CliffWhiteLumpRock_A_01.014
2.06388
-0.5642143
-2.747277
1064.893
256.5531
2290.762
1.1
FldObj_CliffWhiteTop_A_01_Far
0
0
0
1936.85
446
2782.577
1.2
FldObj_CliffWhiteLumpRock_A_01.015
-1.405409
-1.401848
1.1676
1565.824
291.2651
2652.225
1.0
Obj_TreePalmJungle_A_LL_01.008
0
0
0
1024.969
156.8483
2456.864
1.0
Enemy_AirOctarock
0
0.2000003
0
1651.401
116.2328
2033.863
1.0
KorokAnswerResponce
0
0.8199999
0
1562.707
296.6208
2902.557
1.0
FldObj_CliffWhiteParts_A_03_Far.001
1.494329
0.1949184
-2.06748
1786.349
412.7701
2757.399
1.1
LinkTagPulse
3.066369
0.4441347
-3.066855
1935.532
493.815
2778.176
0.25
FldObj_CliffWhiteWaterFall_A_01_Far
-0.2081057
-1.245964
-0.07485244
1167.538
154.0651
2855.654
1.0
Npc_HiddenKorokGround
0
0.04237175
0
1936.541
134.2709
2564.501
1.0
FldObj_CliffWhiteWall_A_01_Far.003
1.754289
1.425355
2.464115
1212.684
242.3878
2651.337
1.0
Obj_TreePalmJungle_A_LL_01.009
0
2.395465
0
1063.527
165.7151
2895.527
1.0
Npc_HiddenKorokGround
0
0.0005044519
0
1877.425
132.5337
2051.324
1.0
Weapon_Spear_004
1.194708
-1.481399
-3.119941
1915.156
114.372
2289.524
0.6666666
FldObj_CliffWhiteParts_A_03
1.494329
0.1949184
-2.06748
1786.349
412.7701
2757.399
1.1
Obj_BoardWood_Square_01
0
-0.1745329
0
1710
115
2169.5
1.0
FldObj_CliffWhiteLumpRock_A_01.016
-0.5864772
1.091915
-0.3387274
1507.922
259.7697
2786.478
0.8
Area
1.750796
-0.3415927
-3.141592
1303.513
191.1279
2429.063
1.0
FldObj_CliffWhiteWall_A_02_Far.004
2.2878
-0.2353934
-2.644527
1813.981
425.8862
2751.492
1.0
Obj_TreePalmJungle_A_LL_01.010
0
5.183516
0
1052.798
136.3448
2661.951
1.0
Obj_TreePalmJungle_A_LL_01.011
0
0.6399999
0
1782.583
348.6474
2887.842
1.0
LinkTagAnd
0
0
0
1287.082
208.355
2452.65
5
FldObj_CliffWhiteEdgeParts_A_03_Far.001
0
2.619999
0
1298.681
190.172
2490.734
1.0
EventTag
0
1.479863
0
1850.262
131.5074
2469.813
0.6
FldObj_CliffWhiteMountain_A_02_Far.001
0
2.123188
0
1185.172
259.3048
2492.244
0.9
LinkTagNone
0
0
0
1923.859
115.1256
2300.438
1.0
ActorObserverTag
0
0
0
1323.129
196.2953
2454.854
1.0
FldObj_CliffTropicsWall_A_03.002
-2.10808
1.374887
-2.093887
1872.364
344.1096
2979.694
1.0
Enemy_AirOctarock
0
-2.530727
0
1707.08
116.6094
2165.187
1.0
FldObj_CliffWhiteParts_A_03_Far.002
-0.01827886
-0.7795342
0.1994069
1971.797
344.2769
2887.695
1.2
FldObj_CliffWhiteWall_A_05_Far.002
-0.1865062
-0.6986359
0.02137626
1921.062
419.1522
2820.835
0.8
FldObj_CliffTropicsWall_A_02.001
0
-1.94
0
1052.171
164.0975
2833.18
1.0
FldObj_CliffTropicsScaffold_A_01.001
0
-2.619999
0
1569.029
296.2306
2907.234
1.0
Area
3.126995
0.03894937
-0.3586913
1370.688
194.6074
2743.789
2
FldObj_CliffWhiteWall_A_01.002
-0.6140398
1.192665
-0.1070733
1218.819
251.4819
2540.623
1.0
Item_Fruit_D
0.1136599
0.7899719
-0.102777
1048.313
163.4273
2453.427
1.0
FldObj_CliffWhiteTop_A_01.001
0
1.66
0
1135.186
302.7216
2327.065
1.0
Item_Fruit_H
0.7853982
-1.354126
0
1635.754
368.3399
2921.772
1.0
Npc_HiddenKorokGround
0
0.2015916
0
1323.723
194.4022
2453.452
1.0
LinkTagAnd
0.5266581
1.458949
0.7367696
1919.321
114.8476
2293.402
1.0
FldObj_CliffWhiteWall_A_02_Far.005
-0.48
-1.56
0
1436.631
250.9385
2643.047
1.0
Obj_LiftRockWhite_A_01.002
0
-1.919998
0
1682.657
201.3698
2327.619
1.0
Obj_RockSetWhite_A_L_01_Far.001
2.98267
-0.9979715
3.125578
1809.41
109.8984
2326.549
1.1
FldObj_CliffWhiteLumpRock_A_01.017
-0.5069962
0.2619222
-0.4052885
1989.937
110.654
2255.02
1.0
FldObj_CliffTropicsWall_A_07_Far.002
0.04111349
-0.689405
-0.02443461
1826.821
348.6166
2903.208
1.0
FldObj_RockLayerMossTreeBroadleaf_A_02
0.1745312
-1.150507
-0.1513565
1569.986
288.1661
2681.957
1.0
FldObj_CliffWhiteLumpRock_A_01.018
2.46997
0.7540553
-2.940973
1622.792
113.6559
2126.562
0.8
Obj_LiftRockWhite_Korok_A_01
0
0
0
1323.129
194.0953
2454.854
1.0
Area
0
2.265581
0
1966.63
366.863
2634.479
3
LinkTagAnd
0
1.519325
0
1957.68
149.4869
2429.427
1.0
Area
0
-1.919998
0
1682.657
202.3699
2327.619
3
LinkTagOr
0
0
0
1382.404
290.8027
2277.447
1.0
Obj_TreeTropical_A_LL_01.002
0
0
0
1126.144
165.6144
2926.955
1.0
Obj_LiftRockWhite_A_01.003
3.053679
-0.3763052
-3.012619
1966.63
365.8629
2634.479
1.0
FldObj_CliffWhiteWall_A_01_Far.004
-0.1752605
-1.379398
0.03608624
1147.25
261.7856
2536.406
1.0
Area
0
1.421593
0
1714.176
106.6585
2149.552
1.0
FldObj_CliffWhiteLumpRock_A_01.019
2.32186
-0.8305668
2.946192
1980.885
116.3803
2245.43
0.8
LinkTagAnd
0
-1.08
0
1645.26
121.9357
2159.86
1.0
LinkTagAnd
0
0.9268011
0
1946.037
149.6204
2367.723
1.0
FldObj_CliffWhiteTilt_A_01
0.02420005
-1.305755
-0.1931837
1100.425
185.0361
2571.501
0.7
Kibako_Contain_01
2.426308E-05
-0.1179485
-3.776848E-05
1632.713
150.1019
2047.012
1.0
FldObj_CliffTropicsWall_A_01_Far
0
-2.58
0
1097
164.8275
2793.987
1.0
Enemy_Chuchu_Electric_Middle
0
0.38
0
1107.77
228.7661
2543.522
1.0
FldObj_CliffWhiteParts_A_03_Far.003
-0.4001152
1.116471
-0.5012887
1331.498
180.1476
2462.551
1.0
FldObj_CliffWhiteParts_A_06_Far
-0.4204524
-0.6520673
0.09842284
1833.069
336.039
2842.722
1.2
Obj_TreeDorian_A_01.003
0
-1.581594
0
1099.669
138.2231
2742.16
1.0
Area
0
0.8199999
0
1562.56
298.5709
2898.317
1.7
Enemy_Moriblin_Middle
0
-0.7999999
0
1800.712
374.8573
2657.679
1.0
Obj_TreePalmJungle_A_LL_01.012
0
-0.02000003
0
1073.636
139.7557
2949.355
0.98
FldObj_CliffWhiteWall_A_05.001
2.778517
1.228824
3.01123
1262.341
234.3414
2779.412
0.9
FldObj_CliffWhiteWall_A_02_Far.006
-3.043813
-0.6841621
2.711595
2028.583
382.4979
2621.252
1.0
FldObj_CliffTropicsWall_A_01_Far.001
0
-2.88
0
1638.325
363.2758
2895.312
1.0
Enemy_AirOctarock
0
-0.959931
0
1705.875
116.6094
2172.82
1.0
FldObj_KorokStartingBlock_A_01
0
0.8199999
0
1559.28
252.0261
2896.836
1.0
FldObj_MountainFutagoWall_A_01_Far.001
-1.000598
0.2574531
0.07047509
1301.483
316.5182
2213.498
1.0
Obj_RockSetGray_A_L_01.002
-0.1510694
-0.4199108
-0.02190309
1840.218
124.3965
2485.068
1.0
Obj_TreePalmJungle_A_LL_01.013
0
6.13698
0
1086.905
136.6286
2751.22
1.0
LinkTagOr
0
0
0
1132.019
343.0098
2330.635
1.0
Obj_TreePalmJungle_A_LL_01.014
0
4.876123
0
1080.495
166.9626
2903.488
1.0
KorokAnswerResponce
0
3.083185
0
1459.682
340.7975
2370.674
0.5
SwitchTimeLag
1.814167
-0.2897778
2.098645
1363.161
194.332
2756.243
0.5
AirOcta_Tag
0
-0.1745329
0
1710
118
2169.5
1.0
FldObj_CliffWhiteWall_A_02.006
2.999554
1.280746
-2.985705
1238.023
269.8066
2478.191
1.0
FldObj_CliffWhite_A_S_01_Far.003
-0.4427071
0.2405296
0.4656219
1661.528
341.6857
2554.811
1.0
Enemy_Bokoblin_Junior
0
-2.219999
0
1922.292
115.1205
2294.76
1.0
FldObj_WaterFallBottom_A_02_Far
0
-1.325965
0
1154.367
164.5846
2857.188
1.15
FldObj_CliffWhite_A_S_01
2.456491
1.44698
2.792683
1457.114
214.3131
2844.763
1.0
FldObj_CliffWhiteWaterFall_A_02
0
-2.70526
0
1952.001
121.532
2605.105
1.5
Enemy_AirOctarock
0
1.770797
0
1655.554
116.1547
2027.346
1.0
Obj_RockSetGray_A_L_01.003
0
0
-1.34
1958.265
180.8174
2615.318
1.0
FldObj_CliffWhite_A_S_01.001
-0.2637315
-0.1902411
0.07542779
1257.95
216.1479
3007.174
1.0
FldObj_CliffWhiteWall_A_01_Far.005
3.02281
0.1388342
-3.134344
1884.383
345.5786
2651.672
1.0
FldObj_CliffWhiteParts_A_06
-0.4204524
-0.6520673
0.09842284
1833.069
336.039
2842.722
1.2
MountainCloud
0
0
0
1951.047
476.5414
2754.204
1.0
FldObj_CliffTropicsWall_A_07.002
-3.046648
-1.360644
3.115565
1846.862
348.3895
2946.722
1.0
FldObj_CliffWhiteParts_A_03.001
1.649785
-0.3647391
-2.700102
1582.572
313.8377
2555.759
1.0
FldObj_CliffTropicsWall_A_03_Far.001
-2.10808
1.374887
-2.093887
1872.364
344.1096
2979.694
1.0
Obj_TreePalmJungle_A_LL_01.015
0
2.77065
0
1056.208
128.3895
2695.706
1.0
LinkTagAnd
0
0.38
0
1140.792
223.6789
2666.245
1.0
Obj_KorokPot_A_01
0
0
0
1381.904
288.709
2276.049
1.0
LinkTagAnd
0
3.083185
0
1472.193
344.7975
2379.419
2
FldObj_CliffWhiteWall_A_05.002
2.781593
-0.001592177
3.141593
1515.324
267.7653
2354.607
1.1
LinkTagAnd
0
0
0
1714.176
106.6585
2149.552
1.0
FldObj_CliffWhiteLumpRock_A_01.020
-0.8857625
-0.6013713
0.4572645
1606.228
320.8784
2579.197
1.0
Obj_TreePalmJungle_A_LL_01.016
0
5.267029
0
1062.755
131.9574
2767.096
1.0
LinkTagOr
-2.729197
0.1834766
-3.053406
1172.886
194.9233
2848.913
1.0
FldObj_CliffWhiteWall_A_01.003
-0.32
-0.8599996
0
1078.889
257.5562
2369.475
1.0
LinkTagOr
0
-0.7003154
0
1885.234
148.0706
2418.79
1.0
FldObj_CliffWhiteParts_A_05
-2.971541
-0.4336727
2.78813
1971.178
310.8768
2677.029
1.1
LinkTagNAnd
0
-2.8
0
1304.41
197.849
2437.555
2
FldObj_CliffWhite_A_S_01.002
-0.3051663
-0.1683709
0.3678626
1806.928
378.5543
2675.107
1.0
Obj_RockSetGray_A_L_01.004
1.921247
0.09662829
0.02578836
1770.3
403.7115
2759.824
1.0
LinkTagAnd
0
0
0
1539.927
300.0701
2410.872
1.0
Obj_TreePalmJungle_A_LL_01.017
0
0.3915827
0
1013.634
154.898
2915.006
1.0
FldObj_CliffWhite_A_S_01.003
0
-0.98
0
1751.978
377.6732
2667.39
1.0
LinkTagNOr
0.5266581
1.458949
0.7367696
1922.243
115.4624
2293.691
1.0
Item_Fruit_D
0
0.92
0
1030.24
138.9308
2831.524
1.0
FX_CliffWhiteWaterFall_01
-0.2081057
-1.245964
-0.07485244
1167.538
154.0651
2855.654
1.0
SwitchTimeLag
1.570796
0.05840793
3.141593
1461.678
342.7975
2370.791
0.5
FldObj_CliffWhiteWall_A_05.003
0.2226883
-0.9487798
-0.342567
1256.639
191.8685
2907.322
1.0
LinkTagNAnd
0
3.083185
0
1460.505
343.2975
2373.727
2
Area
0
0.3490658
0
1774.751
345.4392
2933.359
0.8
FldObj_CliffWhiteWall_A_07
0
0.6999998
0
1970.583
346.843
2650.792
1.0
Obj_TreeTropical_A_LL_01.003
0
1.92
0
1737.739
345.1398
2865.655
1.0
FldObj_CliffWhiteWall_A_05.004
2.393611
-1.478872
-2.670531
1481.708
259.2479
2724.464
1.0
Obj_BreakBoxIron
-3.106884
-0.2658832
3.115782
1896.509
115.1145
2288.388
1.0
LinkTagAnd
0
3.141593
0
1373.5
222.794
2749.046
1.0
LinkTagOr
3.126995
0.03894937
-0.3586913
1370.057
192.9218
2743.815
1.0
FldObj_CliffWhiteLumpRock_A_01.021
2.561593
1.021593
-3.141592
1382.962
208.6973
2892.87
1.0
LinkTagAnd
0.07713202
0.05296141
-0.2730508
1936.742
136.803
2564.721
1.0
LinkTagAnd
0
0
0
1705.875
116.6094
2172.82
1.0
FldObj_CliffWhiteWall_A_02.007
2.226864
-0.02279926
-2.930365
1663.37
330.281
2534.272
1.0
TBox_Field_Wood
0.0007438917
0.3498654
0.0002985441
1828.726
342.4669
2947.234
1.0
Obj_RockLayerMoss_B_Cliff_02_Far.001
3.037591
1.199502
3.115222
1115.117
168.4977
2916.777
1.0
TBox_Field_Stone
0
-1.26343
0
1961.148
178.1277
2604.033
1.0
Area
0
0
0
1323.129
194.6953
2454.854
1.0
Obj_RockSetGray_A_L_01.005
0
0
0.04
1852.482
131.2345
2487.509
1.0
Obj_LiftRockWhite_A_01.004
-0.1396094
0.00608021
0.1398192
1877.425
132.4338
2051.328
1.0
LinkTagNAnd
0
-2.8
0
1306.294
199.349
2436.885
2
FldObj_CliffWhiteLumpRock_A_01.022
-0.9533037
-0.1001529
-0.1929219
1877.409
110.284
2195.779
0.8
LinkTagAnd
0
3.083185
0
1465.555
346.2975
2373.021
2
FldObj_WaterFallBottom_A_02_Far.001
0
-2.199115
0
1802.37
114.895
2336.258
1.5
FldObj_CliffWhite_A_S_01_Far.004
3.059058
-0.3242464
-2.782814
1446.913
210.0172
2836.279
1.0
FldObj_CliffWhiteWall_A_01.004
0.03960758
-1.380698
-0.613944
1211.419
234.0031
2786.625
1.0
FldObj_CliffWhiteWall_A_05.005
-0.4890397
-0.215304
-0.1355653
1343.237
262.2562
2303.037
1.0
FldObj_CliffWhiteEdgeParts_A_03_Far.002
3.099882
-0.6067891
-3.068533
1896.912
139.9278
2338.646
1.0
Area
0
0.38
0
1139.679
223.6789
2663.459
12
Npc_HiddenKorokFly
0
-2.321593
0
1562.56
298.6208
2898.317
1.0
LinkTagAnd
-0.04
0.0005044519
-2.018885E-05
1876.925
135.0317
2051.225
1.0
WildHorseCreateTag
0
0
0
1784.942
117.9132
2036.539
1.0
FldObj_CliffWhiteParts_A_03.002
-0.4001152
1.116471
-0.5012887
1331.498
180.1476
2462.551
1.0
FldObj_KorokGoal_A_01
0
-2.779998
0
1188.64
321.4319
2476.71
1.0
Enemy_Giant_Bone
0
-2.96
0
1940.5
144.4052
2396.5
1.0
Enemy_Moriblin_Senior
0
-1.581599
0
1763.5
375.5417
2632.5
1.0
Obj_TreePalmJungle_A_LL_01.018
0
1.161869
0
1014.244
158.1082
2494.278
1.0
FldObj_MountainFutagoWall_A_01_Far.002
-0.7163046
-0.7816042
0.1470848
1205.918
349.8026
2200.796
1.2
FldObj_CliffWhiteWall_A_05.006
0
-0.9999999
0
1261.99
192.7748
2982.064
1.0
FldObj_CliffWhiteWall_A_02.008
-3.043813
-0.6841621
2.711595
2028.583
382.4979
2621.252
1.0
LinkTagAnd
0
-2.321593
0
1562.901
301.1208
2897.952
1.0
ShelterFromRainTag
0
0
0
1440.594
116.3414
2001.406
1.0
Enemy_Bokoblin_Middle
0
0.8168073
0
1756.027
375.2091
2629.919
1.0
LinkTagAnd
0
0
0
1362.41
193.1086
2758.519
1.0
Obj_Plant_Korok_A_01.002
3.894143E-07
-0.8599969
0.2399999
1378.68
185.3501
2767.796
1.0
FldObj_WaterFallBottom_A_02.001
0
-1.325965
0
1154.367
164.5846
2857.188
1.15
LinkTagAnd
-2.126445
-0.4326994
-2.374981
1171.429
193.3228
2849.27
1.0
Item_Fruit_H
1.570796
-1.354126
0
1635.808
368.1386
2921.819
1.0
TBox_Field_Wood
-0.07256614
-1.399773
0.05710995
1923.853
115.0766
2300.441
1.0
FldObj_CliffWhiteWall_A_03
-1.139482
1.548781
-1.139575
1775.451
294.6974
2485.221
1.0
Obj_KorokIronRock_A_01
-0.6070076
-0.1196845
-0.7087318
1766.202
343.8479
2936.52
1.0
TBox_Field_Iron
0
0.2617994
0
1650
115
2027
1.0
LinkTagOr
0
-2.8
0
1304.818
193.849
2434.226
1.0
FldObj_MountainFutagoWall_A_01.001
-0.6676959
1.274357
0.4145116
1410.786
271.8526
2248.314
1.0
Area
0
0.4
0
1131.804
343.2801
2327.588
0.7
FldObj_CliffWhiteWall_A_05.007
-0.9900929
-1.414764
0.8755347
1693.899
353.5493
2701.472
1.0
LinkTagAnd
0
0
0
1710
115
2169.5
1.0
FldObj_CliffWhiteLumpRock_A_01.023
1.57089
-1.216609
-2.745899
1686.244
105.6125
2115.412
0.8
LinkTagNAnd
0
3.083185
0
1459.565
344.7975
2372.67
2
FldObj_CliffWhiteLumpRock_A_01.024
2.658753
1.133889
-2.855151
1618.36
130.9854
2242.458
1.0
FldObj_CliffWhiteParts_A_03_Far.004
2.060524
0.0720516
-2.897491
1788.174
383.3975
2703.531
1.0
ConstraintDummy
-0.6070076
-0.1196845
-0.7087318
1770.235
347.8329
2932.624
0.1
FldObj_CliffWhiteSet_A_01
2.817548
0.7262372
3.024164
1133.088
273.1639
2318.603
1.2
Obj_TreeTropical_A_LL_01.004
0
1.400836
0
1020.145
150.7116
2565.166
1.0
LinkTagNAnd
-0.8476105
-0.003224978
0.2286412
1367.499
207.1961
2742.671
1.0
FldObj_CliffTropicsWall_A_06.003
3.025069
-1.041012
-3.121869
1695.487
344.1829
2861.907
1.0
Obj_TreePalmJungle_A_LL_01.019
0
1.487887
0
1133.009
165.6187
2944.296
1.0
FldObj_CliffWhiteLumpRock_A_01.025
2.801593
0.5815929
3.141593
1736.827
110.683
2320.988
1.0
Enemy_Bokoblin_Junior
0
1.396263
0
1693
115.1495
2167.5
1.0
FldObj_CliffTropicsWall_A_06_Far
-3.121593
-0.8015934
3.141593
1563.818
251.1054
2903.359
0.8
Obj_RockSetWhite_A_L_01
2.98267
-0.9979715
3.125578
1809.41
109.8984
2326.549
1.1
LinkTagAnd
1.095597
-0.1952444
-0.8529251
1886.381
146.4706
2419.757
1.0
Weapon_Spear_004
-1.218671
1.458949
0.7367696
1919.819
114.458
2290.395
0.6666666
Area
0
0.24
0
1191.867
250.5972
2664.72
1.0
LinkTagAnd
3.066369
0.4441347
-3.066855
1936.712
495.5033
2778.928
1.0
FldObj_WaterFallBottom_A_02.002
0
-2.22
0
1945.683
130.225
2579.813
0.9999
DgnObj_DungeonEntrance_A_01
0
2.003462
0
1845.653
130.5074
2474.145
1.0
FldObj_CliffWhiteLumpRock_A_01.026
-0.8915347
-0.2690367
0.06601495
1135.17
269.7664
2380.58
1.2
LinkTagOr
0
0.3615949
0
1189.108
325.9319
2476.533
1.0
LinkTagOr
0
-2.14
0
1097.023
137.0187
2723.033
1.0
FldObj_CliffWhiteLumpRock_A_01.027
-0.16
0
-0.09999999
1486.555
264.3683
2796.718
0.8
FldObj_CliffWhiteWall_A_05_Far.003
2.962972
-0.5919016
2.996952
1890.366
418.0311
2716.196
0.8
LinkTagAnd
0
3.083185
0
1467.318
341.7975
2377.13
2
FldObj_CliffWhiteWall_A_05.008
2.721592
1.071829
2.909
1761.99
252.3676
2442.228
0.85
FldObj_CliffWhiteLumpRock_A_01.028
2.681593
0.6015927
3.141593
1919.25
126.3376
2587.153
1.0
LinkTagAnd
0
-2.8
0
1302.588
196.349
2441.387
2
Enemy_Chuchu_Junior
0
-0.6439953
0
1948.78
152.3548
2359.827
1.0
LinkTagAnd
-0.8476105
-0.003224978
0.2286412
1369.447
207.6494
2742.677
1.0
FldObj_CliffWhiteParts_A_05_Far
-2.971541
-0.4336727
2.78813
1971.178
310.8768
2677.029
1.1
LinkTagOr
0
-0.9800003
0
1053.744
158.6249
2468.573
1.0
FldObj_CliffTropicsWall_A_07.003
-3.057075
-0.9590561
3.03701
1849.169
346.8385
2958.288
1.0
FldObj_CliffTropicsWall_A_01_Far.002
0
-2.42
0
1567.113
362.5916
2939.992
1.0
FldObj_MountainFutagoWall_A_01_Far.003
-0.7076269
0.6202198
-0.01375488
1330.714
337.989
2188.515
1.0
FldObj_CliffWhite_A_S_01_Far.005
-0.3051663
-0.1683709
0.3678626
1806.928
378.5543
2675.107
1.0
Item_RoastFish_01
2.062922
1.458949
0.7367696
1919.276
115.771
2290.449
1.2
Obj_RockSetWhite_A_L_01_Far.002
0
0
0
1940.33
166.4841
2619.239
1.0
LinkTagOr
0
3.083185
0
1462.677
346.7975
2370.849
2
LinkTagAnd
0
0
0
1651.401
116.2328
2033.863
1.0
FldObj_CliffWhiteWall_A_02.009
2.926522
-0.575037
2.742334
1687.715
367.3537
2578.82
1.0
FldObj_CliffWhiteEdgeParts_A_03_Far.003
0
-2.42
0
1336.971
189.1009
2486.999
1.0
LinkTagAnd
0
2.003462
0
1851.729
131.5074
2472.991
0.3
FldObj_CliffWhiteParts_A_01
-2.322347
-1.387796
2.075191
1732.876
346.4814
2542.871
1.0
FldObj_CliffWhiteWall_A_01_Far.006
2.629867
-0.4565241
2.892436
2085.645
350.6397
2582.324
1.0
FldObj_CliffWhiteWall_A_01.005
-0.3956045
0.8127
-0.1965501
1259.894
248.6225
2394.584
1.0
LinkTagAnd
0
0
0
1372.993
220.2575
2747.193
1.0
FldObj_CliffWhiteWall_A_05_Far.004
-1.827327
-1.454215
1.756253
1451.867
261.8801
2546.789
1.1
LinkTagAnd
0
0
0
1846.243
128.4974
2475.383
1.0
FldObj_CliffWhiteLumpRock_A_01.029
-1.494959
-1.291606
1.122803
1734.736
111.4952
2246.896
1.0
FldObj_CliffWhiteWall_A_02_Far.007
2.265559
-0.3732445
-3.029767
1441.919
284.0027
2347.996
1.0
FldObj_PushRock_A_M_01
0.01943364
0.3529667
0.004273723
1828.438
344.8642
2946.793
1.2
FldObj_CliffWhiteWall_A_02_Far.008
2.089934
0.3087411
-2.46535
1715.064
380.7503
2777.411
1.0
FldObj_CliffWhiteMountain_A_02
0
-1.48
0
1475.702
280.2267
2356.362
0.8
FldObj_CliffWhiteWall_A_02.010
2.050026
1.48431
2.298635
1850.427
217.203
2529.27
1.0
FldObj_CliffWhiteLumpRock_A_01.030
-0.7871328
-1.211535
0.02009129
1495.736
290.8668
2590.43
1.0
LinkTagAnd
0
-2.8
0
1305.289
197.349
2434.059
2
LinkTagOr
0
0
0
1132.019
344.0098
2330.635
1.0
FldObj_CliffWhiteWall_A_02_Far.009
2.052505
0.2556323
2.679316
1799.551
140.9679
2266.669
0.8
FldObj_BridgeHutagoHatagoFront_A_01
0
-0.5799999
0
1673.458
121.4844
2033.138
1.0
Obj_TreePalmJungle_A_LL_01.020
0
1.933607
0
1024.127
127.8228
2625.368
1.0
FldObj_CliffWhiteTop_A_01_Far.001
3.141593
0.7784072
-2.941593
1258.032
234.1487
2845.524
1.0
FldObj_CliffTropicsWall_A_07_Far.003
0.01635996
0.1600749
-0.009188915
1774.965
349.0542
2893.61
1.0
LinkTagAnd
0
0
0
1651.4
115
2029.4
1.0
Item_Fruit_H
0.7853982
-0.1849365
0
1724.072
345.3127
2861.218
1.0
Obj_LiftRockWhite_A_01.005
0.2171321
0.05296141
-0.2730508
1936.513
134.175
2564.494
1.0
Area
-0.6942543
-0.07396358
-0.06383024
1372.993
220.2575
2747.193
2
LinkTagOr
0
0.8199999
0
1561.473
253.8151
2898.883
1.0
FldObj_CliffTropicsWall_A_01_Far.003
3.057981
-0.1576295
-3.101825
1354.835
296.8783
2996.104
1.0
LinkTagAnd
0
-2.8
0
1305.76
193.849
2433.891
1.0
Enemy_Bokoblin_Junior
0
1.980002
0
1638.8
115.048
2042.3
1.0
Obj_TreeBroadleaf_A_L.001
0
-1.321728
0
1658.792
117.7951
2163.967
1.117206
FldObj_CliffTropicsWall_A_06_Far.001
3.025069
-1.041012
-3.121869
1695.487
344.1829
2861.907
1.0
FldObj_CliffWhiteWall_A_01_Far.007
-0.32
-0.8599996
0
1078.889
257.5562
2369.475
1.0
Obj_TreeTropical_A_LL_01.005
0
0
0
1018.992
154.8674
2510.269
1.0
Obj_TreePalmJungle_A_LL_01.021
0
0
0
1015.879
145.4442
2992.198
1.0
LinkTagAnd
0
0
0
1714.316
116.5547
2166.252
1.0
LinkTagNOr
-0.2531664
-0.5504648
0.08810566
1911.843
115.5756
2293.706
1.0
Enemy_Chuchu_Electric_Junior
0
0.38
0
1102.198
229.4327
2545.748
1.0
ActorObserverTag
0
0
0
1324.129
196.2953
2454.854
1.0
Obj_TreePalmJungle_A_LL_01.022
0
0
0
1013.028
138.3286
2940.814
1.0
FldObj_CliffWhiteWall_A_02_Far.010
2.926522
-0.575037
2.742334
1687.715
367.3537
2578.82
1.0
Enemy_Bokoblin_Senior
0
-2.720001
0
1567.79
247.95
2779.506
1.0
FldObj_CliffWhite_A_S_01_Far.006
0
-0.98
0
1751.978
377.6732
2667.39
1.0
Npc_HiddenKorokFly
0
-2.8
0
1305.289
191.349
2434.059
1.0
LinkTagNone
0
0
0
1561.121
245.6862
2789.073
1.0
DgnObj_DungeonEntrance_A_01_Far
0
2.003462
0
1845.653
130.5074
2474.145
1.0
FldObj_CliffWhiteWall_A_02_Far.011
-0.4599998
0.4599999
0
1982.842
439.6855
2839.992
1.0
SwitchTimeLag
1.570796
0.859997
-2.901593
1379.439
188.6244
2766.491
0.5
FldObj_CliffWhiteLumpRock_A_01.031
-0.5255612
-0.1387037
0.08001506
1778.512
134.2302
2265.437
1.0
Area
0.07713202
0.05296141
-0.2730508
1936.786
135.1341
2564.571
3
FldObj_Chain_A
-0.6070076
-0.1196845
-0.7087318
1770.118
347.717
2932.737
1.0
FldObj_CliffWhiteWall_A_02_Far.012
-0.7716161
-0.8129029
0.1979987
1731.52
407.1071
2782.016
1.0
FldObj_CliffWhiteWall_A_02.011
0
-1.14
0
1123.795
260.2825
2450.462
1.0
Obj_TreePalmJungle_A_LL_01.023
0
0.3874352
0
1077.095
133.5943
2715.76
1.0
Area
0
1.519325
0
1958.195
144.4869
2419.44
15
Npc_HiddenKorokFly
0
-1.979637
0
1886.184
147.4078
2418.735
1.0
FldObj_CliffWhiteLumpRock_A_01.032
-0.7354782
-0.7286737
0.6948289
1962.476
110.3652
2244.831
1.0
FldObj_CliffTropicsWall_A_02.002
0
-3.14
0
1026.82
155.7452
2857.892
1.0
FldObj_CliffWhiteLumpRock_A_01.033
-1.09335
-1.514948
0.4780752
1503.762
287.0463
2441.073
1.2
LinkTagAnd
0
0.3490659
0
1773.375
349.1876
2931.038
1.0
Obj_TreePalmJungle_A_LL_01.024
0
0.9627007
0
1085.691
166.1896
2920.771
1.0
FldObj_CliffWhiteWall_A_05_Far.005
0.2226883
-0.9487798
-0.342567
1256.639
191.8685
2907.322
1.0
Obj_TreePalmJungle_A_LL_01.025
0
-0.06000001
0
1030.557
140.0826
2584.918
1.0
LinkTagAnd
0
0
0
1303.513
191.1279
2429.063
1.0
FldObj_CliffWhiteWall_A_02.012
-0.7716161
-0.8129029
0.1979987
1731.52
407.1071
2782.016
1.0
LinkTagNone
0
0
0
1711
115.4135
2171
1.0
Area
-0.8476105
-0.003224978
0.2286412
1370.229
204.2991
2742.041
2
Obj_TreeBroadleafRoot_B_L_01
-0.07732671
0.6561284
-0.1263308
1373.481
290.5309
2307.643
1.0
Obj_TreeDorian_A_01.004
0
-2.461593
0
1049.121
158.6246
2452.179
1.0
LinkTagOr
0
-2.321593
0
1562.219
301.1208
2898.683
1.0
FldObj_ChainEyeBolt_A_01
1.778582
0.9535632
-2.109266
1770.057
347.6564
2932.796
1.0
Obj_LiftRockWhite_A_01.006
0
0
0
1340.543
189.4194
2486.589
1.0
FldObj_CliffWhiteWall_A_07_Far
0
0.6999998
0
1970.583
346.843
2650.792
1.0
Npc_HiddenKorokGround
0
2.939999
0
1173.395
192.6689
2849.989
1.0
FldObj_CliffTropicsWall_A_01_Far.004
0
-0.07999963
0
1136.96
164.6234
2936.783
1.05
Obj_TreePalmJungle_A_LL_01.026
0
6.125164
0
1062.621
128.4333
2729.984
1.0
FldObj_CliffWhiteLumpRock_A_01.034
2.287887
-0.7544499
-3.092216
1118.355
290.6675
2295.82
1.2
FldObj_CliffWhite_A_05_Far
2.488268
1.439171
2.527676
1594.092
285.9726
2641.057
1.2
Obj_TreeTropical_A_LL_01.006
0
-0.8199999
0
1727.067
347.4976
2912.072
1.0
FldObj_CliffWhiteWall_A_02.013
2.2878
-0.2353934
-2.644527
1813.981
425.8862
2751.492
1.0
FldObj_CliffWhiteLumpRock_A_01.035
0.4550761
-0.9056022
-0.5337204
1575.689
284.5998
2684.864
1.0
FldObj_CliffWhiteWall_A_02_Far.013
-1.040934
-0.2485297
-0.4651296
1615.479
287.8724
2378.286
1.0
TBox_Field_Stone
0
2.384192
0
1950.616
178.1277
2612.73
1.0
FldObj_RockLayerMossTreeBroadleaf_A_02.001
-3.041593
0.03840704
-3.141593
1966.735
346.6459
2637.111
1.0
TBox_Field_Wood
-0.00253303
0.3176005
0.005060239
1828.37
342.4706
2946.245
1.0
LinkTagAnd
0
0
0
1650.3
117.6
2028.6
1.0
FldObj_CliffWhiteLumpRock_A_01.036
2.021593
0.7415926
3.141593
1763.828
106.8953
2153.362
0.8
Obj_TreePalmJungle_A_LL_01.027
0
0
0
1168.158
140.8185
2993.83
1.0
Obj_TreeTropical_A_LL_01.007
0
0
0
1036.828
132.1547
2611.585
1.0
LinkTagAnd
0
-2.8
0
1306.294
200.849
2436.885
2
FldObj_CliffTropicsWall_A_01.004
3.057981
-0.1576295
-3.101825
1354.835
296.8783
2996.104
1.0
Area
0
0.8199999
0
1559.28
253.4761
2896.836
0.7
ActorObserverTag
0
0.3490658
0
1779.919
346.6392
2931.478
2
FldObj_CliffWhiteWall_A_05_Far.006
2.721592
1.071829
2.909
1761.99
252.3676
2442.228
0.85
LinkTagAnd
0
3.083185
0
1452.227
344.7975
2378.251
2
FldObj_CliffTropicsWall_A_06_Far.002
0
-0.12
0
1031.103
160.681
2887.392
1.2
FldObj_CliffWhiteWall_A_02.014
2.678231
-0.1545956
-3.065833
1585.516
308.1086
2524.562
1.0
LinkTagOr
-0.8476105
-0.003224978
0.2286412
1369.963
205.4603
2740.692
1.0
LinkTagAnd
-0.2531664
-0.5504648
0.08810566
1913.422
114.9608
2291.231
1.0
FldObj_CliffWhiteLumpRock_A_01.037
2.321593
1.401593
3.141593
1612.557
118.9786
2143.474
0.8
FldObj_CliffTropicsWall_A_07.004
0.01635996
0.1600749
-0.009188915
1774.965
349.0542
2893.61
1.0
LinkTagAnd
0
0.3615949
0
1188.172
325.9319
2476.887
1.0
Obj_TreePalmJungle_A_LL_01.028
0
0
0
1107.12
138.3171
2714.498
1.0
FldObj_CliffWhiteWall_A_05.009
0
-2.380001
0
2038.007
295.5588
2522.698
1.0
LinkTagAnd
0
-1.919998
0
1682.828
203.9698
2327.149
1.0
LinkTagAnd
0
-2.8
0
1304.41
199.349
2437.555
2
LinkTagAnd
0
0
0
1325.465
197.7875
2456.62
1.0
FldObj_CliffTropicsWall_A_06_Far.003
-2.839684
1.352443
-2.735799
1885.355
332.8255
2963.825
1.0
Obj_TreePalmJungle_A_LL_01.029
0
-1.5
0
1714.321
343.1401
2863.594
1.0
Obj_TreePalmJungle_A_LL_01.030
0
0.1309591
0
1081.505
167.5105
2805.222
1.0
FldObj_KorokGoal_A_01.001
0
0.8199999
0
1562.56
296.6208
2898.317
1.0
FldObj_CliffWhiteWaterFall_A_01
-0.2081057
-1.245964
-0.07485244
1167.538
154.0651
2855.654
1.0
LinkTagOr
0
0.92
0
1031.285
134.6808
2830.055
1.0
LocationTag
0
0
0
1846.243
128.4974
2475.383
1.0
FldObj_CliffTropicsWall_A_03.003
0
-0.22
0
1157.531
153.5638
2959.71
1.0
LinkTagOr
0
0.2015916
0
1324.212
196.9022
2453.352
1.0
FldObj_CliffWhiteWall_A_02.015
2.265559
-0.3732445
-3.029767
1441.919
284.0027
2347.996
1.0
Npc_HiddenKorokFly
0
0.3615949
0
1188.64
323.4319
2476.71
1.0
Obj_LiftRockWhite_A_01.007
0
-1.26
0
1907.031
115.0371
2284.313
1.0
Area
0
2.003462
0
1846.243
128.4974
2475.383
13.57139
FldObj_ScaffoldWood_A_03
0
0
0
1629.191
115.1019
2047.998
1.0
LinkTagAnd
0
2.265581
0
1966.95
368.463
2634.863
1.0
FldObj_KorokTarget_A_01.002
0
2.143184
0
1443.115
347.2663
2373.6
1.0
FldObj_CliffWhiteLumpRock_A_01.038
-0.5581891
-0.5427467
-0.1972649
1804.743
356.8148
2829.835
1.0
FldObj_CliffWhiteLumpRock_A_01.039
2.558824
0.06226928
2.955261
1709.405
270.948
2410.29
1.0
FldObj_CliffTropicsWall_A_03.004
0
0.3
0
1032.145
154.2711
2911.49
1.0
FldObj_CliffWhiteLumpRock_A_01.040
-2.591126
-1.475743
1.428879
1741.843
108.4265
2179.392
0.8
FldObj_CliffWhiteLumpRock_A_01.041
2.616793
-0.7097805
3.136111
1773.073
117.2298
2216.585
1.0
FldObj_CliffWhiteLumpRock_A_01.042
2.253269
0.2101456
2.704263
1842.576
120.1903
2272.756
1.0
FldObj_BridgeHutagoHatagoFront_A_02
0
1.421593
0
1701.714
112.6429
2147.393
1.0
Enemy_AirOctarock
0
-1.370796
0
1645.192
116.2094
2029.996
1.0
LinkTagNAnd
3.126995
0.03894937
-0.3586913
1368.061
193.6233
2740.896
1.0
LinkTagAnd
0
0
0
1638.8
115.048
2042.3
1.0
Area
-0.04
0.0005044519
-2.018885E-05
1877.425
133.4331
2051.288
3
AirOcta_Tag
0
-0.5853978
0
1650.3
117.6
2028.6
1.0
Obj_TreePalmJungle_A_LL_01.031
0
4.365627
0
1034.103
130.2745
2651.143
1.0
LinkTagAnd
0
0
0
1649.345
116.2094
2023.479
1.0
FldObj_CliffWhiteWall_A_02.016
-0.48
-1.56
0
1436.631
250.9385
2643.047
1.0
Obj_RockLayerMoss_B_Cliff_01
-3.117246
1.240253
-3.054307
1111.01
171.3262
2887.022
1.0
Enemy_Bokoblin_Middle
0
3.041593
0
1916.484
115.3448
2297.296
1.0
LinkTagPulse
0
-0.7003154
0
1885.616
146.4706
2419.113
0.25
Obj_TreeTropical_A_LL_01.008
0
0
0
1053.713
166.8728
2877.566
1.0
FldObj_CliffWhiteLumpRock_A_01.043
2.452208
0.1995456
3.082377
1959.648
121.9654
2347.028
1.0
Obj_TreeTropical_A_LL_01.009
0
0
0
1043.086
134.8168
2670.072
1.0
LinkTagPulse
-2.729197
0.1834766
-3.053406
1172.409
193.4094
2849.452
0.25
FldObj_CliffWhite_A_05.001
2.488268
1.439171
2.527676
1594.092
285.9726
2641.057
1.2
FldObj_CliffWhiteTunnel_A_01
-2.806494
-0.1192601
3.089108
1368.728
197.4184
2753.138
1.1
FldObj_MountainFutagoWall_A_01_Far.004
-0.8705595
-0.9860636
0.2152795
1170.751
388.9662
2056.249
1.0
Enemy_AirOctarock
0
2.181662
0
1714.316
116.5547
2166.252
1.0
Obj_RockLayerMoss_A_Cliff_02_Far
0
2.859999
0
1403.314
289.5549
2327.175
1.0
LinkTagAnd
0
3.083185
0
1459.565
346.2975
2372.67
2
FldObj_CliffTropicsWall_A_03_Far.002
0
-0.22
0
1157.531
153.5638
2959.71
1.0
ConstraintDummy
0
0
0
1383.904
288.709
2276.049
0.5
Area
0
0
0
1539.927
300.0701
2410.872
40
Item_Fruit_H
1.570796
-0.1849365
0
1724.136
345.1115
2861.187
1.0
FldObj_CliffWhiteWall_A_01.006
1.754289
1.425355
2.464115
1212.684
242.3878
2651.337
1.0
LinkTagAnd
0
0
0
1461.678
342.7975
2370.791
1.0
FldObj_CliffWhiteCave_A_01
0
2.003464
0
1839.114
130.131
2484.157
1.0
FldObj_CliffWhiteMountain_A_02.001
0
-0.8999998
0
1297.299
225.4084
2920.179
1.0
Obj_TreePalmJungle_A_LL_01.032
0
0.754544
0
1032.778
158.026
2488.207
1.0
Obj_LiftRockWhite_A_01.008
2.9452
0.4523107
-3.023406
1936.539
492.8904
2778.537
1.0
Obj_Plant_Korok_A_01.003
-0.2433712
0.2897779
-1.042947
1361.445
192.4506
2758.796
1.0
Npc_HiddenKorokFly
0
0
0
1381.904
288.3027
2277.448
1.0
LinkTagAnd
0
2.003462
0
1851.729
131.5074
2472.991
0.3
Item_RoastFish_01
1.283097
-0.5504648
0.08810566
1916.076
115.8842
2292.526
1.2
FldObj_CliffWhiteTop_A_01_Far.002
0
1.66
0
1135.186
302.7216
2327.065
1.0
Area
0
0
0
1440.594
116.3414
2001.406
50
SwitchTimeLag
-1.570796
0
0
1325.465
198.7875
2456.62
0.5
LinkTagNAnd
0
3.083185
0
1465.555
344.7975
2373.021
2
Area
3.066369
0.4441347
-3.066855
1936.432
493.8825
2778.605
3
Obj_TreeDorian_A_01.005
0
1.461593
0
1008.16
152.4754
2448.447
1.0
LinkTagAnd
0
0
0
1381.404
290.8027
2277.448
1.0
FldObj_CliffTropicsWall_A_03.005
0
-2.379999
0
1527.477
244.7813
2927.567
1.0
FldObj_CliffWhiteWall_A_02_Far.014
2.721593
0.7784076
3.141593
1628.493
174.2711
2294.856
1.0
LinkTagAnd
0
0
0
1779.919
348.6392
2931.478
1.0
Obj_TreeDorian_A_01.006
0
-2.338407
0
1050.564
155.2322
2547.753
1.0
LinkTagNone
0
0
0
1828.487
345.2343
2946.707
1.0
FldObj_CliffWhiteWall_A_02_Far.015
2.678231
-0.1545956
-3.065833
1585.516
308.1086
2524.562
1.0
FldObj_CliffWhiteWall_A_05.010
2.881593
0.7615924
3.141593
1758.307
340.2724
2581.71
1.0
TBox_Field_Stone
0
-2.420898
0
1955.818
178.1399
2609.719
1.0
LinkTagAnd
0
0
0
1378.394
186.5157
2767.796
1.0
FldObj_MountainFutagoWall_A_01.002
-0.656341
-0.3594567
-0.09363511
1200.885
410.2528
2076.166
1.0
Area
0
-1.08
0
1658.792
116.9357
2163.967
15
Enemy_Chuchu_Junior
0
-0.6439953
0
1946.166
155.6204
2359.066
1.0
FldObj_CliffTropicsWall_A_01.005
0
-2.88
0
1638.325
363.2758
2895.312
1.0
FldObj_KorokTarget_A_01.003
0
-2.8
0
1311.337
199.1615
2442.488
1.0
ForceSetPosDirAutoSaveAnchor
0
-1.13813
0
1851.929
131.5074
2471.357
1.0
FldObj_CliffWhiteCave_A_01.001
0
-2.579721
0
1970.387
176.5294
2620.556
1.0
FldObj_CliffTropicsWall_A_03_Far.003
0
0.3
0
1032.145
154.2711
2911.49
1.0
Obj_TreePalmJungle_A_LL_01.033
0
0
0
1021.994
154.8163
2433.265
1.0
LinkTagOr
0
0.8199999
0
1561.473
252.8151
2898.883
1.0
FldObj_CliffWhiteWall_A_05_Far.007
3.061593
1.02
3.141593
1854.446
273.7902
2617.502
1.0
FldObj_CliffWhiteLumpRock_A_01.044
2.097595
0.1667315
2.969224
1724.203
291.2145
2496.578
1.0
FldObj_SignboardWood_A_01
0
-1.02
0
1670.99
115.2058
2083.15
1.0
Obj_TreePalmJungle_A_LL_01.034
0
-1.12
0
1828.161
346.946
2884.049
1.0
FldObj_KorokStartingBlock_A_01.001
0
0.4
0
1131.804
341.8301
2327.588
1.0
FldObj_CliffWhiteWall_A_01_Far.008
0.03960758
-1.380698
-0.613944
1211.419
234.0031
2786.625
1.0
Obj_TreePalmJungle_A_LL_01.035
0
2.153764
0
1056.191
143.6312
2993.343
1.0
LinkTagOr
-0.08781385
-0.002607935
-0.05934135
1930.5
144.5877
2413
1.0
LinkTagAnd
3.126995
0.03894937
-0.3586913
1369.932
192.9218
2740.818
1.0
LinkTagAnd
0
0
0
1191.867
250.5972
2664.72
1.0
LinkTagAnd
0
-2.8
0
1312.01
196.349
2438.037
2
FldObj_CliffTropicsWall_A_03.006
3.021592
-0.7015933
3.141593
1597.641
244.7813
2879.841
1.0
Item_Fruit_D
0
-0.9800003
0
1052.717
162.8827
2467.119
1.0
Area
0
-2.779998
0
1188.64
323.382
2476.71
1.7
Obj_TreeTropical_A_LL_01.010
0
-0.6399999
0
1069.799
131.0106
2746.67
1.0
Npc_HiddenKorokGround
0
3.141593
0
1373
220.294
2749.046
1.0
FldObj_CliffWhiteWall_A_01.007
-0.08889541
0.1841054
-0.06100499
1202.282
282.1555
2348.684
1.0
LinkTagAnd
0
0
0
1846.243
128.4974
2475.383
1.0
FldObj_CliffWhiteWall_A_02_Far.016
-0.6244997
-0.2626318
0.1849775
1822.418
431.0068
2774.57
1.0
Weapon_Spear_004
-1.998496
-0.5504648
0.08810566
1915.879
114.5712
2293.035
0.6666666
TBox_Field_Stone
0
-1.586708
0
1967.848
179.5302
2607.189
1.0
FldObj_CliffWhiteWall_A_02_Far.017
0
2.023185
0
1828.041
253.5342
2480.411
1.0
FldObj_CliffWhiteWall_A_02_Far.018
2.571545
-1.311619
-2.907784
1681.77
337.8637
2819.824
1.2
FldObj_CliffTropicsScaffold_A_01.002
0
2.48
0
1626.674
361.2502
2985.622
1.0
FldObj_CliffTropicsWall_A_03_Far.004
0
-2.379999
0
1527.477
244.7813
2927.567
1.0
Obj_TreePalmJungle_A_LL_01.036
0
1.68983
0
1036.04
131.2759
2795.639
1.0
DgnObj_EntranceElevator_A_01
0
2.003462
0
1845.653
131.5075
2474.145
1.0
FldObj_CliffWhiteWall_A_05.011
3.061593
1.02
3.141593
1854.446
273.7902
2617.502
1.0
FldObj_CliffTropicsWall_A_03_Far.005
-0.2348427
1.316896
-0.1598857
1673.477
365.4243
2906.974
1.0
FldObj_CliffWhiteWall_A_02_Far.019
2.226864
-0.02279926
-2.930365
1663.37
330.281
2534.272
1.0
Item_Fruit_D
0
-2.14
0
1097.946
141.2765
2721.511
1.0
FldObj_CliffWhiteTop_A_01.002
0
0
0
1936.85
446
2782.577
1.2
FldObj_CliffTropicsWall_A_01.006
0
-0.07999963
0
1136.96
164.6234
2936.783
1.05
LinkTagAnd
0
3.083185
0
1462.677
342.7975
2370.849
2
Enemy_Chuchu_Junior
0
-0.05147135
0
1952.953
155.4869
2422.174
1.0
LinkTagAnd
0
0
0
1850.262
131.5075
2469.813
1.0
SwitchTimeLag
1.570796
-0.3415927
3.141593
1304.347
197.349
2434.394
0.5
FldObj_BridgeHutagoHatagoFront_A_01_Far
0
-0.5799999
0
1673.458
121.4844
2033.138
1.0
LinkTagAnd
0
0
0
1693
115.1495
2167.5
1.0
LinkTagNAnd
0
3.083185
0
1462.502
344.7975
2373.844
2
Obj_BreakBoxIron.001
-0.07180827
-1.304128
0.04219951
1895.664
115.0992
2286.511
1.0
FldObj_CliffWhiteParts_A_03_Far.005
1.649785
-0.3647391
-2.700102
1582.572
313.8377
2555.759
1.0
LinkTagAnd
0
0
0
1714.176
106.6585
2149.552
1.0
FldObj_CliffWhiteLumpRock_A_01.045
2.321593
0.2784073
-3.141592
1755.818
124.3734
2349.295
1.0
KorokAnswerResponce
0
-2.779998
0
1190.385
321.4319
2472.843
1.0
SwitchTimeLag
1.556199
0.03894937
-0.3586913
1369.974
192.9218
2741.817
0.5000001
FldObj_CliffTropicsWall_A_06_Far.004
3.036682
-0.9173901
-3.009749
1632.729
247.2242
2857.097
1.0
LinkTagAnd
0
0
0
1370.688
194.6074
2743.789
1.0
FldObj_CliffWhiteLumpRock_A_01.046
3.021592
0.4015932
3.141593
1355.254
230.4134
2933.205
1.0
Obj_RockSetWhite_A_L_01.001
0
0
0
1940.33
166.4841
2619.239
1.0
LinkTagOr
0
-1.354126
0
1638.997
366.8773
2922.535
1.0
LinkTagAnd
0
0
0
1325.465
198.7875
2456.62
1.0
LinkTagAnd
0
0
0
1287.082
191.7222
2450.439
5
FldObj_CliffWhiteWall_A_01.008
2.629867
-0.4565241
2.892436
2085.645
350.6397
2582.324
1.0
FldObj_CliffWhiteLumpRock_A_01.047
-0.4829402
-0.7466081
0.1369631
1271.893
263.0059
2873.388
1.0999
LinkTagAnd
-0.07302643
-0.002703622
-0.07397843
1928.5
144.5766
2411
1.0
FldObj_CliffWhiteWall_A_02.017
2.721593
0.7784076
3.141593
1628.493
174.2711
2294.856
1.0
FldObj_CliffWhiteWall_A_05_Far.008
0
-0.9999999
0
1261.99
192.7748
2982.064
1.0
LinkTagAnd
-0.07293574
-0.001108994
-0.03039436
1930.5
144.1503
2406
1.0
FldObj_CliffTropicsWall_A_02_Far.001
3.027832
-0.3374412
-3.045723
1511.568
317.8989
2981.99
1.0
Obj_RockSetWhite_A_L_01.002
1.517345
-0.01109229
-0.5791954
1933.133
111.4092
2303.284
1.0
FldObj_CliffWhite_A_05_Far.001
2.872175
0.9245817
2.900901
1609.037
264.9233
2691.229
1.2
FldObj_CliffTropicsWall_A_01_Far.005
0
-1.059999
0
1071.273
164.6703
2896.295
1.0
FldObj_CliffTropicsWall_A_07_Far.004
-3.046648
-1.360644
3.115565
1846.862
348.3895
2946.722
1.0
Item_Fruit_D
0
1.559999
0
1099.78
142.481
2740.492
1.0
LinkTagAnd
0
0
0
1650.3
114.6
2028.6
1.0
Obj_TreePalmJungle_A_LL_01.037
0
3.052841
0
1024.202
132.7582
2808.382
1.0
Enemy_Chuchu_Junior
0
-0.05147135
0
1955.547
152.2213
2421.345
1.0
FldObj_CliffWhiteTunnel_A_01_Far
-2.806494
-0.1192601
3.089108
1368.728
197.4184
2753.138
1.1
FldObj_CliffTropicsScaffold_A_01_Far.001
0
2.48
0
1626.674
361.2502
2985.622
1.0
DgnObj_WarpPoint_A_01
0
2.003462
0
1854.001
131.4704
2470.29
1.0
FldObj_CliffWhiteWall_A_05_Far.009
-0.9900929
-1.414764
0.8755347
1693.899
353.5493
2701.472
1.0
FldObj_CliffWhiteParts_A_01.001
2.78573
0.2224645
3.130153
1697.682
364.8586
2603.821
1.0
Obj_TreePalmJungle_A_LL_01.038
0
4.331068
0
1011.799
129.4614
2824.676
1.0
FldObj_MountainFutagoWall_A_01.003
-0.7068413
-1.188515
0.0496435
1155.916
322.2068
2172.203
1.2
FldObj_CliffWhiteLumpRock_A_01.048
-1.587334
-1.040317
1.060905
1839.748
107.6649
2158.651
1.0
LinkTagOr
3.066369
0.4441347
-3.066855
1935.811
495.4358
2778.499
1.0
TBox_Field_Stone
0
0.8360163
0
1948.901
178.1277
2610.426
1.0
FldObj_CliffWhiteLumpRock_A_01.049
2.005008
-0.5164603
-2.683518
1626.757
316.9481
2536.175
1.0
Area
-2.898221
-0.2897778
2.098645
1362.41
193.1086
2758.519
2
FldObj_CliffWhiteWall_A_05_Far.010
0
-2.380001
0
2038.007
295.5588
2522.698
1.0
FldObj_MountainFutagoWall_A_01.004
-0.7163046
-0.7816042
0.1470848
1205.918
349.8026
2200.796
1.2
LinkTagAnd
0
0
0
1131.804
343.2801
2327.588
1.0
Item_Fruit_D
0
0.6799999
0
1050.468
162.8746
2451.228
1.0
Obj_TreeTropical_A_LL_01.011
0
0
0
1086.494
136.4918
2732.699
1.0
FldObj_CliffWhiteParts_A_03.003
2.401593
-0.7215928
3.141593
1618.7
319.1362
2555.687
1.0
FldObj_WaterFallBottom_A_02_Far.002
0
-2.22
0
1945.683
130.225
2579.813
0.9999
Obj_LiftRockWhite_A_01.009
0
0
0
1914.633
115.6773
2303.734
1.0
FldObj_CliffTropicsWall_A_05
0
1.421594
0
1454.062
242.3311
2937.546
1.0
FldObj_CliffWhiteEdgeParts_A_03.002
0
-2.42
0
1336.971
189.1009
2486.999
1.0
FldObj_CliffWhiteWall_A_02.018
2.089934
0.3087411
-2.46535
1715.064
380.7503
2777.411
1.0
LinkTagOr
-0.06594794
-0.001164217
-0.03529066
1927.5
144.2676
2406
1.0
Obj_TreeBroadleaf_A_L.002
0
0.685073
0
1952.041
144.6204
2359.726
1.117206
Enemy_AirOctarock
0
0.6108652
0
1713.111
116.6328
2173.885
1.0
LinkTagPulse
0
-1.919998
0
1682.315
202.3698
2328.559
0.25
FldObj_MountainFutagoWall_A_01.005
-1.000598
0.2574531
0.07047509
1301.483
316.5182
2213.498
1.0
Obj_TreeBananaMini_A_01.001
0
-0.1849365
0
1724.227
343.7927
2860.957
1.0
EnemyFortressMgrTag
0
-0.09999933
0
1917.133
115.1256
2290.828
1.0
FldObj_CliffWhiteWallCurve_A_01_Far
-2.912003
-0.4773354
3.059445
1357.179
195.3837
2711.042
0.9
Obj_TreePalmJungle_A_LL_01.039
0
0
0
1023.825
150.5788
2551.408
1.0
LinkTagAnd
0
0
0
1304.347
197.349
2434.394
1.0
LinkTagPulse
0
2.265581
0
1965.989
366.8629
2633.71
0.25
Obj_TreePalmJungle_A_LL_01.040
0
5.960006
0
1044.39
165.8825
2863.481
1.0
Obj_BoardWood_Square_01.001
0
-0.5853978
0
1650.3
114.6
2028.6
1.0
FldObj_CliffTropicsScaffold_A_01.003
0
-0.6
0
1008.54
154.0638
2916.142
1.0
Enemy_AirOctarock
0
-2.941592
0
1649.345
116.2094
2023.479
1.0
FldObj_CliffWhiteWall_A_01.009
0.4417057
-1.24929
-0.6161475
1186.216
233.968
2684.564
1.0
LinkTagAnd
0
3.083185
0
1460.505
344.7975
2373.727
2
FldObj_CliffWhiteLumpRock_A_01.050
-0.8463848
-0.1065404
0.1195966
1135.525
288.0789
2356.854
1.2
Obj_TreePalmJungle_A_LL_01.041
0
3.768124
0
1011.236
129.4763
2607.831
1.0
Obj_TreeTropical_A_LL_01.012
0
0
0
1796.873
348.5604
2882.146
1.0
LinkTagOr
-2.898221
-0.2897778
2.098645
1363.857
194.0956
2758.104
1.0
LinkTagNone
0
0
0
1814.773
343.7456
2915.84
1.0
LinkTagOr
0
-2.779998
0
1184.899
323.4319
2478.125
1.0
FldObj_CliffWhite_A_S_01.004
-0.4427071
0.2405296
0.4656219
1661.528
341.6857
2554.811
1.0
FldObj_CliffWhiteLumpRock_A_01.051
-0.68
0
0
1769.804
354.1927
2838.402
1.0
Item_Fruit_D
0.06640841
1.02826
-0.1403253
1028.669
139.4836
2834.173
1.0
LinkTagOr
0
0
0
1377
189.2749
2767.288
1.0
FldObj_CliffWhiteLumpRock_A_01.052
-0.4585946
-0.4563679
-0.2845038
1737.453
359.0446
2829.99
1.0
LinkTagAnd
0
0
0
1713.111
116.6328
2173.885
1.0
FldObj_CliffWhiteWall_A_05_Far.011
-0.4890397
-0.215304
-0.1355653
1343.237
262.2562
2303.037
1.0
LinkTagNAnd
0
-2.8
0
1308.179
197.849
2436.215
2
KorokAnswerResponce
0
0
0
1322.965
196.7875
2456.62
1.0
KorokAnswerResponce
0
-2.8
0
1302.463
195.349
2435.063
0.5
FldObj_KorokTarget_A_01.004
0
-2.379999
0
1478.087
346.3053
2379.572
1.0
LinkTagAnd
0.5770462
0.3639197
-1.146067
1938.709
134.5954
2564.465
1.0
FldObj_CliffWhiteEdgeParts_A_04_Far
0
2.695136
0
1985.859
141.3781
2352.634
1.0
Obj_TreePalmJungle_A_LL_01.042
0
0
0
991.0837
150.4481
2458.444
1.0
FldObj_MountainFutagoWall_A_01_Far.005
-0.9155925
-0.3558855
-0.01292589
1248.871
330.2445
2237.358
1.0
LinkTagNone
0
0
0
1755.979
375.3144
2634.419
1.0
FldObj_CliffWhiteLumpRock_A_01.053
2.930559
0.4434413
-3.122283
1794.861
134.2932
2357.428
1.0
LinkTagAnd
0
0
0
1711
115.4135
2171
1.0
Obj_TreePalmJungle_A_LL_01.043
0
4.29458
0
1110.82
140.1215
2979.589
1.0
FldObj_CliffWhiteWall_A_05.012
-0.1865062
-0.6986359
0.02137626
1921.062
419.1522
2820.835
0.8
FldObj_CliffTropicsScaffold_A_01_Far.002
0
-2.619999
0
1569.029
296.2306
2907.234
1.0
LookTag
0
2.003462
0
1855.186
130.5074
2469.742
1.0
FldObj_CliffWhiteWall_A_05.013
2.962972
-0.5919016
2.996952
1890.366
418.0311
2716.196
0.8
FldObj_CliffWhiteWall_A_02.019
2.381593
0.7015924
3.141593
1278.48
271.6575
2892.537
1.0
FldObj_CliffWhiteWall_A_02.020
-0.4599998
0.4599999
0
1982.842
439.6855
2839.992
1.0
ActorObserverTag
0
0
0
1322.129
196.2953
2454.854
1.0
FldObj_CliffWhiteLumpRock_A_01.054
2.420732
0.8029597
2.991265
1490.895
274.8526
2748.639
1.0
FldObj_MountainFutagoWall_A_01_Far.006
-0.656341
-0.3594567
-0.09363511
1200.885
410.2528
2076.166
1.0
LinkTagNAnd
3.141592
0.859997
-2.901593
1381.442
189.1147
2767.355
1.0
Area
0
0.9268011
0
1952.041
144.6204
2359.726
15
FldObj_CliffWhiteEdgeParts_A_03.003
0
-3.000031
0
1924.897
141.1582
2329.631
1.0
LinkTagAnd
0
0
0
1710.117
115.5
2168.47
1.0
Obj_TreeTropical_A_LL_01.013
0
0
0
1040.037
159.6232
2471.513
1.0
Obj_RockLayerMoss_B_Cliff_02.001
3.037591
1.199502
3.115222
1115.117
168.4977
2916.777
1.0
LinkTagOr
0.07713202
0.05296141
-0.2730508
1937.703
136.5337
2564.667
1.0
TBox_Field_Wood
-0.001117537
-0.090013
-0.00115161
1814.887
341.0641
2915.333
1.0
LinkTagOr
0
0.8199999
0
1560.855
296.6208
2900.145
1.0
FldObj_CliffWhiteWall_A_01_Far.009
-0.8200001
-1.02
0
1433.387
249.1663
2410.353
1.0
FldObj_KorokTarget_A_01.005
0
-0.3768154
0
1473.294
344.8522
2339.829
1.0
FldObj_CliffTropicsWall_A_06.004
0
-0.12
0
1031.103
160.681
2887.392
1.2
EnemyLookTag
0
1.559993
0
1758.5
375.1921
2632.446
1.0
LinkTagAnd
0
-0.7003154
0
1884.469
148.0706
2418.146
1.0
Obj_TreePalmJungle_A_LL_01.044
0
5.835184
0
1101.02
166.5056
2939.947
1.0
Area
0
-0.5800009
0
1673.114
107.3559
2032.819
1.0
Obj_Plant_Korok_A_01.004
-2.293982
0.003224921
-2.912951
1370.406
203.5249
2742.941
1.0
Npc_HiddenKorokGround
0
0.3490659
0
1773.844
346.6876
2930.867
1.0
FldObj_CliffWhiteParts_A_03_Far.006
2.995786
0.985491
-3.101321
1852.433
161.4372
2482.236
1.0
FldObj_CliffWhiteWall_A_02_Far.020
2.947023
0.6692872
-2.968577
1663.182
274.3951
2381.446
1.0
FldObj_CliffWhiteWallCurve_A_01
-2.912003
-0.4773354
3.059445
1357.179
195.3837
2711.042
0.9
Obj_TreePalmJungle_A_LL_01.045
0
4.479319
0
1150.352
165.3424
2939.607
1.0
FldObj_CliffWhiteTunnel_A_01.001
0.720483
-0.004622396
-0.02309744
1771.422
383.4761
2828.234
1.0
LinkTagOr
0
-1.68
0
1007.735
152.4754
2451.869
1.0
FldObj_KorokPinwheel_A_01
0.1976977
0.02151333
-0.2160928
1464.537
336.1426
2367.149
1.0
FldObj_MountainFutagoWall_A_01.006
-0.9155925
-0.3558855
-0.01292589
1248.871
330.2445
2237.358
1.0
LinkTagOr
0
0.8031858
0
1052.995
155.2322
2545.306
1.0
LinkTagAnd
-2.729197
0.1834766
-3.053406
1173.865
195.0097
2849.095
1.0
Obj_TreePalmJungle_A_LL_01.046
0
2.84761
0
1078.573
165.5673
2824.345
1.0
FldObj_CliffWhiteWall_A_02_Far.021
2.050026
1.48431
2.298635
1850.427
217.203
2529.27
1.0
LinkTagOr
0
-2.8
0
1305.289
201.349
2434.059
2
LinkTagOr
0
0
0
1382.904
289.709
2276.049
1.0
FldObj_CliffWhiteWall_A_02.021
0
2.023185
0
1828.041
253.5342
2480.411
1.0
Item_Fruit_H
0.1599999
-1.354126
0
1635.807
368.5692
2921.779
1.0
FldObj_KorokTarget_A_01.006
0
-2.8
0
1305.867
199.1458
2444.681
1.0
FldObj_CliffWhiteLumpRock_A_01.055
2.892586
-1.233025
3.075908
1473.767
288.7186
2498.537
1.2
FldObj_CliffWhiteWall_A_02.022
2.541975
-1.326158
3.017145
1686.107
377.4593
2619.956
1.0
FldObj_CliffWhiteParts_A_03.004
2.995786
0.985491
-3.101321
1852.433
161.4372
2482.236
1.0
Obj_TreePalmJungle_A_LL_01.047
0
2.520219
0
1073.479
136.8014
2682.981
1.0
Obj_RockLayerMoss_A_Cliff_02
0
2.859999
0
1403.314
289.5549
2327.175
1.0
FldObj_CliffTropicsWall_A_05_Far
0
1.421594
0
1454.062
242.3311
2937.546
1.0
FldObj_CliffWhiteMountain_A_02_Far.002
0
-1.48
0
1475.702
280.2267
2356.362
0.8
FldObj_CliffWhiteWall_A_01.010
3.02281
0.1388342
-3.134344
1884.383
345.5786
2651.672
1.0
LinkTagNAnd
0
2.003462
0
1846.84
144.0074
2471.945
0.6
FldObj_CliffWhiteWall_A_05_Far.012
2.881593
0.7615924
3.141593
1758.307
340.2724
2581.71
1.0
FldObj_CliffWhiteParts_A_02.002
3.001593
0.01840776
3.141592
1321.196
163.1999
2496.614
1.0
FldObj_CliffWhiteWall_A_01_Far.010
-0.6140398
1.192665
-0.1070733
1218.819
251.4819
2540.623
1.0
FldObj_CliffTropicsWall_A_02_Far.002
0
-1.94
0
1052.171
164.0975
2833.18
1.0
Enemy_Chuchu_Electric_Junior
0
0.38
0
1136.893
224.077
2664.572
1.0
FldObj_CliffTropicsWall_A_07_Far.005
-3.057075
-0.9590561
3.03701
1849.169
346.8385
2958.288
1.0
FldObj_MountainFutagoWall_A_01_Far.007
-0.6676959
1.274357
0.4145116
1410.786
271.8526
2248.314
1.0
LinkTagAnd
-2.283126
0.07506397
-2.205003
1934.631
493.7475
2777.746
1.0
FldObj_CliffWhite_A_S_01.005
-0.28
0
0
1593.13
316.5758
2569.32
1.0
Obj_TreePalmJungle_A_LL_01.048
0
6.015853
0
1026.001
128.6524
2675.249
1.0
Obj_TreePalmJungle_A_LL_01.049
0
5.717888
0
1063.881
135.616
2677.852
1.0
KorokAnswerResponce
0
0.3490658
0
1777.1
346.6392
2932.504
1.0
Area
0
3.083185
0
1462.969
334.4001
2365.857
7.766658
FldObj_CliffWhiteWall_A_05_Far.013
2.393611
-1.478872
-2.670531
1481.708
259.2479
2724.464
1.0
FldObj_CliffTropicsScaffold_A_01_Far.003
0
-1.1
0
1409.683
310.676
2988.361
1.0
Enemy_Bokoblin_Guard_Junior_TreeHouseTop
0
0.9653982
0
1651.4
115
2029.4
1.0
FldObj_KorokPinwheel_A_01.001
0
0
0.72
1302.446
191.2786
2430.432
1.0
FldObj_CliffWhiteWall_A_01.011
-0.1752605
-1.379398
0.03608624
1147.25
261.7856
2536.406
1.0
FldObj_CliffTropicsWall_A_03_Far.006
0
0.6599999
0
1648.867
367.2759
2940.196
1.0
Npc_HiddenKorokGround
0
-1.919998
0
1682.657
201.4698
2327.619
1.0
FldObj_CliffWhiteParts_A_03.005
2.060524
0.0720516
-2.897491
1788.174
383.3975
2703.531
1.0
LinkTagOr
-0.04
0.0005044519
-2.018885E-05
1877.925
135.0317
2051.224
1.0
LinkTagAnd
3.141592
0.859997
-2.901593
1380.175
188.8046
2765.839
1.0
LinkTagAnd
0
0
0
1559.28
253.4761
2896.836
1.0
FldObj_CliffTropicsWall_A_01_Far.006
3.078401
0.145407
-3.08787
1442.932
312.9717
2987.593
1.0
FldObj_CliffWhiteWall_A_02_Far.022
2.381593
0.7015924
3.141593
1278.48
271.6575
2892.537
1.0
FldObj_KorokTarget_A_01.007
0
-2.8
0
1308.678
202.763
2443.469
1.0
PosAfterDemoSkip
0
-1.13813
0
1851.929
131.5074
2471.357
1.0
LinkTagAnd
0
0
0
1645.192
116.2094
2029.996
1.0
Obj_TreePalmJungle_A_LL_01.050
0
4.357423
0
1080.863
149.3443
2995.447
1.0
FldObj_CliffWhiteWall_A_01_Far.011
2.801594
0.3784072
3.141593
1690.329
206.1365
2368.028
1.0
LinkTagOr
0
3.083185
0
1462.177
339.2975
2370.82
1.0
FldObj_CliffWhiteTunnel_A_01_Far.001
0.720483
-0.004622396
-0.02309744
1771.422
383.4761
2828.234
1.0
Enemy_Bokoblin_Middle
0
2.259993
0
1755.979
375.3144
2634.419
1.0
LinkTagAnd
0
3.083185
0
1457.335
341.7975
2376.547
2
FldObj_CliffTropicsWall_A_07.005
0.06749061
1.027245
0.01475589
1730.639
348.3481
2926.318
1.0
LinkTagOr
0
0
0
1323.129
197.2953
2454.854
1.0
Enemy_Bokoblin_Guard_Junior_TreeHouseTop
0
3.059793
0
1710.117
115.5
2168.47
1.0
Npc_HiddenKorokGround
0
2.265581
0
1966.63
365.963
2634.479
1.0
FldObj_CliffWhite_A_S_01.006
3.059058
-0.3242464
-2.782814
1446.913
210.0172
2836.279
1.0
FldObj_CliffWhiteParts_A_03.006
-0.01827886
-0.7795342
0.1994069
1971.797
344.2769
2887.695
1.2
LinkTagPulse
-0.04
0.0005044519
-2.018885E-05
1878.425
133.433
2051.288
0.25
Obj_LiftRockWhite_A_01.010
0
0.4399999
0
1903.617
115.6317
2298.305
1.0
FldObj_MountainFutagoWall_A_01.007
-0.7076269
0.6202198
-0.01375488
1330.714
337.989
2188.515
1.0
FldObj_CliffWhiteMountain_A_02.002
0
2.123188
0
1185.172
259.3048
2492.244
0.9
ShelterFromRainTag
0
0
0
1445.813
116.3334
2002.716
1.0
FldObj_WaterFallHateru_A_01
0
-2.265398
0
1809.338
130.2931
2338.51
1.0
DgnObj_EntranceTerminal_A_01
0
1.479863
0
1850.262
131.5075
2469.813
1.0