UnitConfigName/__text
Rotate/value/0
Rotate/value/1
Rotate/value/2
Translate/value/0
Translate/value/1
Translate/value/2
_Scale
FldObj_CliffDeathMt_D_27
2.313502
0.217592
3.059554
2694.617
632.0535
-3019.282
1.0
FldObj_DeathMtGutsWall_A_01
0
0
0
2660.688
470.5
-3453.5
1.0
Area
0
-0.7853982
0
2754.5
440
-3557.5
1.0
FldObj_CliffDeathMt_E_07
0.4110921
-0.8736931
-0.2135589
2241.71
522.0756
-3070.8
1.0
LinkTagAnd
0
1.461586
0
3075.821
321.3392
-3683.884
1.0
FldObj_CliffDeathMt_D_11
-0.1664511
1.153723
-0.07356303
2535.687
366.4714
-3510.298
1.0
DragonDropItemTarget
0
0
0
2598.416
375.5978
-3731.822
1.0
Enemy_Golem_Little_Fire
-2.764692
0.8419732
-2.985706
2428.464
378.9705
-3775.239
1.0
AscendingCurrent
0
2.094395
0
2629.5
343.5
-3413
1.0
FldObj_CliffDeathMt_E_07.001
0.04456694
-0.9124635
0.03419076
2207.231
514.8724
-3027.653
1.0
PutRupee
0
2.530727
0
2672.668
432.5
-3493.797
2
PutRupee_Blue
0
2.550797
0
2690.938
403.8047
-3492.672
2
LinkTagPulse
2.814437
-0.2059968
2.405937
2551.68
413.7105
-3592.913
0.25
LinkTagOr
0
0
0
2700.5
379.5
-3541.5
1.0
Area
0
0
0
2665
469.5
-3462
3.5
FldObj_DeathMtLavaFall_B_03_Far
0
-2.599981
0
2276.418
550.3657
-3006.188
1.047766
LinkTagXOr
0
0
0
2697.5
379.5
-3543.5
1.0
FireWood
0
1.301593
0
2742.623
344.7371
-3315.533
1.0
EventTag
0
0
0
2129.537
510.8745
-3227.239
1.0
LinkTagAnd
0
0
0
2185.2
589.4
-3230.3
15
Obj_RockDeathMt_D_L_01_Far
0.03136193
0.2984056
-3.035285
2489.709
516.9935
-3190.331
1.0
LookTagAoC
0
1.421596
0
2138.249
508.915
-3227.323
1.0
Obj_LiftRockEldin_A_01
0
-1.560004
0
2469.913
514.6255
-3174.503
1.0
ConstraintDummy
0
0
0
2719.5
470
-3506.5
1.0
FldObj_CliffDeathMt_D_04_Far
2.942571
-0.07938419
3.14139
2025.735
491.0114
-3337.911
1.0
LinkTagAnd
0
0
0
2666
469.5
-3460.5
1.0
FldObj_CliffDeathMt_E_18
0
-0.4799998
0
2214.994
531.9276
-3059.214
1.288377
PutRupee_Silver
0
0
0
2644.5
452.5
-3417.5
2
PutRupee
0
-1.745329
0
2636
420
-3486.5
2
Npc_HiddenKorokGround
0
-3.061592
0
2551.062
411.2377
-3592.677
1.0
FldObj_CliffDeathMt_D_10
-0.8620144
0.9441049
-0.5546153
2505.288
413.9215
-3564.558
1.0
LinkTagAnd
0
0
0
2049.5
593.5
-3243
5
LinkTagAnd
0
0
0
2178.344
580.8966
-3211.281
5
Obj_RockDeathMt_D_L_01
-0.08238889
-0.912221
-0.4108121
2425.492
517.1746
-3343.512
0.8
Area
0
0
0
2093.719
323.0058
-3577.527
0.1
LinkTagAnd
0
2.356194
0
2667.303
470
-3459.682
0.3
LocationTag
0
0
0
2109.792
577.7006
-3230.643
1.0
Obj_RockDeathMt_D_L_01.001
2.361154
-0.05982525
-3.126935
2396.933
518.8043
-3131.489
1.0
PutRupee_Red
0
2.443461
0
2665.5
462
-3494
2
FldObj_CliffDeathMt_E_18_Far
0.2200363
-0.3139332
-0.4866983
2054.902
528.4111
-2996.376
1.4
LinkTagAnd
0
1.761591
0
2087.21
320.7577
-3573.065
1.0
FldObj_CliffDeathMt_D_27.001
2.974842
0.07416898
3.010362
2884.213
342.2948
-3678.12
1.0
Area
0
1.421596
0
2128.36
508.915
-3228.809
40
DgnObj_DungeonEntrance_A_01
0
2.356194
0
2662
469
-3456.5
1.0
FldObj_CliffDeathMt_D_26
0
-0.7799997
0
2190.979
539.1705
-3022.903
1.2
FldObj_CliffDeathMt_D_27.002
-3.113395
0.01317554
3.119776
3041.578
310.3976
-3712.848
1.0
FldObj_DeathMtArtifactPillar_A_01
0
0
0
2775.276
343.6523
-3467.108
1.0
LinkTagAnd
0
-2.559998
0
2234.41
340.9426
-3673.8
1.0
Obj_BreakBoxIron
0.006075184
-0.3997436
-0.007796094
2722.377
344.727
-3331.136
1.0
LinkTagNAnd
0
0
0
2645
471.5
-3471
1.0
FldObj_CliffDeathMt_E_14
0.16
-0.86
0
2583.698
439.4361
-3237.512
1.0
FldObj_DeathMtLavaFall_A_03
0
-2.319979
0
2219.207
500.0454
-3062.016
1.047766
Obj_RockDeathMt_D_L_01.002
0.6033792
0.8953771
-3.022079
2482.029
535.3811
-3159.256
1.0
PutRupee_Blue
0
-2.530727
0
2676.5
451
-3491.5
2
FldObj_CliffDeathMt_D_06_Far
0
1.881592
0
2050.03
497.3191
-2930.744
0.8
SwitchTimeLag
-1.570796
0
0
2664.108
484.804
-3472.865
0.5
DgnObj_EntranceTerminalSP
0
0.8979973
0
2134.59
509.9152
-3229.895
1.0
FldObj_KorokStoneLift_A_01
0.00020754
0.0004796667
-0.0004897981
2087.791
319.5544
-3548.677
1.0
FldObj_CliffDeathMt_D_27_Far
3.193953
-0.9629998
3.113787
2132.008
317.0545
-3619.406
1.0
LinkTagPulse
0
1.461586
0
3075.984
319.7392
-3685.375
0.25
Npc_Goron_Camp003
0
3.141593
0
2718.5
346.5544
-3490
1.0
WallCrack
3.041592
-0.5815955
-3.141592
2235.005
338.3729
-3673.755
1.0
EventTag
0
0.8979973
0
2134.59
509.915
-3229.895
1.0
EnemyFortressMgrTag
0
3.02
0
2721.415
344.1508
-3345.678
1.0
Item_CookSet
0
0
0
2714.727
344.7788
-3344.727
1.0
SwitchTimeLag
0
0
0
2447.296
379.2699
-3771.368
1.0
FldObj_CliffDeathMt_E_14_Far
0.4586467
0.2672764
-0.262571
2319.536
550.8107
-3087.117
1.0
PutRupee_Red
0
2.879793
0
2669
441
-3495
2
FldObj_CliffDeathMt_D_14_Far
-3.112269
-0.243154
-3.072061
2021.259
416.4139
-3418.065
1.0
LinkTagAnd
0
0
0
2685.934
402.0479
-3471.152
1.0
Area
0
0
0
2666
469.5
-3460.5
25
Enemy_Bokoblin_Senior
0
-2.943183
0
2678.319
344.5072
-3287.758
1.0
PutRupee_Blue
0
1.205329
0
2707.182
426.1094
-3466
2
PutRupee
0
-1.434188
0
2626.211
398.5
-3463.715
2
PutRupee_Blue
0
0
0
2638.5
441.5
-3424.633
2
Area
0
0
0
2094.319
322.4058
-3577.527
0.1
FldObj_CliffDeathMt_D_11.001
-2.909705
-1.0876
2.880992
2371.216
354.375
-3708.43
1.0
LinkTagOr
0
-1.100005
0
2468.12
514.4683
-3174.502
1.0
FldObj_CliffDeathMt_C_05
3.104365
0.9540668
-2.801048
2458.532
350.1652
-3702.655
1.0
BoarMeat
0
3.02
0
2721.415
344.1508
-3345.678
1.0
SoundProxyLavafallS
-3.056112
-0.8255387
-3.00673
2208.917
521.7063
-3058.705
1.047766
AnchorAction1
0
0
0
2712.391
344.7278
-3340.25
0.25
Enemy_Golem_Little_Fire
-0.5782968
-1.293862
0.3337384
2448.024
376.6211
-3789.25
1.0
Obj_RockDeathMt_D_L_03_Far
3.062728
-0.2720348
2.930346
2654.375
362.5477
-3694.398
1.0
FldObj_CliffDeathMt_E_14.001
0.3400001
0.2
0
2516.245
634.1641
-3042.54
1.0
PutRupee
0
2.270796
0
2694.023
391.6797
-3491.926
2
PutRupee_Red
0
-2.094395
0
2624
416.5
-3455.5
2
LinkTagAnd
0
0
0
2109.792
577.7006
-3230.643
5
FldObj_CliffDeathMt_D_27_Far.001
3.045599
-0.3922762
-3.055156
2292.698
345.6213
-3736.832
1.0
Area
2.814437
-0.2059968
2.405937
2551.677
411.83
-3592.394
3
FldObj_CliffDeathMt_E_14.002
-0.06197155
0.6999257
-0.003134993
2097.164
538.0999
-3012.742
1.0
FldObj_CliffDeathMt_E_07_Far
0.4110921
-0.8736931
-0.2135589
2241.71
522.0756
-3070.8
1.0
Enemy_Golem_Fire_R
0
-2.581593
0
2160.106
500.6528
-3190.37
1.0
LinkTagAnd
1.905287
-0.6630408
-1.215486
2469.934
515.6255
-3172.503
1.0
FldObj_CliffDeathMt_E_14_Far.001
0.5889043
0.3994072
0.1514898
2137.219
503.6018
-3323.687
1.0
FldObj_CliffDeathMt_D_10_Far
-3.099569
-0.4255154
-2.822094
2323.69
315.9325
-3751.46
1.0
SwitchTimeLag
0
0
0
2178.97
583.1533
-3241.037
1.0
FldObj_CliffDeathMt_D_27.003
-2.838367
1.236227
-2.120135
2463.843
484.4556
-3343.053
1.0
LinkTagPulse
0
0
0
2586.5
395
-3486.5
1.0
FldObj_DeathMtArtifactFlag_A_01
0
-0.48
0
2037.51
542.1053
-2908.76
0.5
LinkTagAnd
0
0
0
2157.004
565.5007
-3246.023
5
FldObj_CliffDeathMt_E_12_Far
2.552122
1.069949
2.677114
2374.321
557.7225
-3065.601
1.0
Area
0
-1.24
0
2352.925
544.0934
-3089.286
12
LinkTagAnd
0
0
0
2664.108
484.804
-3472.865
1.0
PutRupee_Blue
0
1.22173
0
2708
442
-3470
2
EnemyNoticeTag
0
0
0
2460.282
378.6437
-3780.459
1.0
FldObj_CliffDeathMt_E_14.003
0.1893149
0.5183036
0.02057695
2803.188
438.0316
-3202.017
1.0
Npc_HiddenKorokGround
0
0.9215791
0
2195.503
613.2101
-3007.841
1.0
LinkTagAnd
0
0
0
2702
379.5
-3546
1.0
Enemy_Lizalfos_Fire
0
0.1831851
0
2395.736
505.1683
-3246.263
1.0
FldObj_DeathMtLavaFall_A_03_Far
0
-2.319979
0
2219.207
500.0454
-3062.016
1.047766
EventTag
0
0
0
2753.5
347.5
-3521.5
1.0
GrassCutTag
0
-2.581593
0
2164.432
491.7463
-3178.771
1.0
PutRupee
0
2.145329
0
2665.5
444
-3492.148
2
LinkTagAnd
0
0
0
2705
379.5
-3546
1.0
PutRupee
0
2.792527
0
2670
425.5
-3495.5
2
LinkTagNone
0
0
0
2138.037
507.8745
-3227.239
1.0
Obj_RockDeathMt_D_L_01_Far.001
-0.8371157
-0.08006322
1.498816
2404.707
371.5745
-3770.052
1.0
LinkTagAnd
0
0
0
2672
379.5
-3534
1.0
FldObj_CliffDeathMt_E_14.004
-2.082952
-1.2764
2.061284
2487.96
444.5066
-3470.361
1.0
Obj_RockDeathMt_D_L_01.003
-2.080429
-0.03101183
1.569316
2374.096
496.3624
-3259.335
1.0
GrassCutTag
0
-0.03999998
0
2431.962
378.2069
-3791.731
1.0
FldObj_CliffDeathMt_D_27_Far.002
2.70615
-0.2941988
-3.014836
2029.779
449.4736
-3408.322
1.0
LinkTagAnd
0
0
0
2255.021
362.7486
-3653.349
1.0
Enemy_Bokoblin_Guard_Middle
0
2.403187
0
2754.508
349.9264
-3335.305
1.0
FldObj_DeathMtArtifactPillar_A_01.001
2.905914
-0.0997772
3.104085
2657.462
468.0242
-3486.303
0.7
LinkTagAnd
0
0
0
2699
379.5
-3546
1.0
Obj_RockDeathMt_D_L_01_Far.002
-1.800862
-0.2836953
1.310654
2833.282
341.5938
-3659.061
1.0
LinkTagNone
0
0
0
2729.909
344.7554
-3317.526
1.0
GrassCutTag
0
-2.581593
0
2158.583
491.2132
-3192.808
1.0
LinkTagOr
0
-2.559998
0
2233.575
340.9426
-3673.25
1.0
LinkTagAnd
0
0
0
2109.792
577.7006
-3230.643
1.0
ActorObserverTag
0
0
0
2662.706
482.3166
-3475.25
1.0
AnchorAction1
0
3.02
0
2721.172
344.1508
-3343.692
1.0
Npc_Goron_Camp001
0
2.356194
0
2672.5
469.2052
-3467.5
1.0
PutRupee_Red
0
-0.8726646
0
2629.086
374
-3445.945
2
Obj_RockDeathMt_D_L_01.004
-2.87962
-0.06486042
-1.612273
2050.643
538.3021
-3280.126
1.0
PutRupee_Red
0
-0.8726646
0
2630
395.5
-3441
2
SwitchTimeLag
0
0
0
2439.023
379.2938
-3771.899
1.0
PutRupee
0
2.530727
0
2679.5
416
-3496
2
LinkTagAnd
0
0
0
2147.615
518.3177
-3232.726
1.0
Enemy_Golem_Little_Fire
-0.3495167
0.1252512
-0.4225249
2425.933
380.1725
-3773.564
1.0
PutRupee_Red
0
1.22173
0
2704.5
431.5
-3458
2
Obj_RockDeathMt_D_L_01_Far.003
1.557729
-0.8248618
-2.153957
2425.492
525.0809
-3321.372
0.8
LinkTagAnd
0
0
0
2664.5
502
-3466
1.0
LinkTagAnd
0
-1.26
0
2221.467
554.4705
-3027.989
1.0
SwitchTimeLag
0
0
0
2439.075
380.8755
-3766.455
1.0
Obj_BreakBoxIron.001
-3.078106
-1.443295
3.044578
2729.846
344.7632
-3319.563
1.0
LinkTagOr
0
-3.141593
0
2662.132
481.8359
-3471.585
1.0
LinkTagNAnd
0
0
0
2692.5
349.5
-3515.5
1.0
FldObj_CliffDeathMt_D_10.001
-3.099569
-0.4255154
-2.822094
2323.69
315.9325
-3751.46
1.0
FldObj_CliffDeathMt_D_27_Far.003
2.313502
0.217592
3.059554
2694.617
632.0535
-3019.282
1.0
FldObj_CliffDeathMt_D_10.002
-0.6404693
-0.06846625
-0.2632038
2675.033
340.4182
-3631.401
1.0
PutRupee
0
2.268928
0
2707
356.5
-3490.805
2
DragonDropItemTarget
0
0
0
2312.673
354.5168
-3728.061
1.0
FldObj_CliffDeathMt_E_07_Far.001
0.04456694
-0.9124635
0.03419076
2207.231
514.8724
-3027.653
1.0
BarrelBomb3
-0.06200179
0.1569971
0.05781766
2689.37
344.8126
-3288.691
1.0
LinkTagNone
0
0
0
2187.5
542
-3303.5
1.0
Obj_RockDeathMt_D_L_01.005
2.938427
0.06163238
1.368963
2238.387
441.8348
-3510.624
1.0
PutRupee_Red
0
-1.919862
0
2617
436
-3444
2
PutRupee
0
2.356194
0
2686.914
408.5
-3494
2
FldObj_CliffDeathMt_D_26_Far
0
-0.7799997
0
2190.979
539.1705
-3022.903
1.2
Area
0
0.92
0
2292.532
432.9103
-3563.235
12
FldObj_SkullRock_A_01
0
2.161593
0
2705
344.5011
-3299
1.0
LinkTagAnd
0
0
0
2458.622
378.0372
-3783.614
1.0
Enemy_Lizalfos_Fire
0
-0.2999994
0
2239.821
563.2139
-3074.501
1.0
Obj_LiftRockEldin_A_01.001
0
0
0
2664.389
478.8159
-3470.319
1.0
FldObj_CliffDeathMt_D_15
-0.5409893
0.6028057
-0.001861273
2557.388
396.7755
-3670.254
1.0
AscendingCurrent
0
-2.581593
0
2157.412
500.6528
-3194.668
1.0
LinkTagAnd
0
0
0
2439.023
379.2938
-3771.899
1.0
PutRupee_Blue
0
-1.745329
0
2624.5
406
-3466
2
FldObj_CliffDeathMt_D_27.004
3.138635
0.1123388
3.024553
2710.756
354.8733
-3697.035
1.0
LinkTagOr
0
-2.220006
0
2469.611
517.2255
-3174.104
1.0
SoundProxyLavafallS
-3.012579
-0.5475296
-3.034595
2265.613
597.3619
-3005.85
1.047766
Obj_RockDeathMt_D_L_01_Far.004
2.361154
-0.05982525
-3.126935
2396.933
518.8043
-3131.489
1.0
PutRupee
0
2.268928
0
2707
361.5
-3495.5
2
EnemyNoticeTag
0
0
0
2437.509
381.9095
-3764.479
1.0
LinkTagPulse
0
0
0
2742.5
384
-3498.5
1.0
ValleyEffectLocater
0
0
0
2107.039
0
-4082.14
1.0
LinkTagOr
0
0
0
2663.706
483.3166
-3475.25
1.0
LinkTagNone
0
0
0
2707.07
349.8939
-3327.477
1.0
Enemy_Bokoblin_Senior
0
-1.08
0
2707.203
344.5757
-3300.277
1.0
AnchorAction1
0
2.094395
0
2704.5
345.7303
-3506
1.0
FldObj_CliffDeathMt_D_10.003
-0.5314319
0.7473806
-0.2952733
2596.111
365.4493
-3600.161
1.0
LinkTagOr
0
0
0
2094.775
322.8369
-3543.142
1.0
FldObj_CliffDeathMt_D_19
-1.284416
0.6051698
-0.3317138
2331.423
361.4878
-3693.317
1.0
DragonDropItemTarget
0
0
0
2971.771
329.4468
-3674.809
1.0
Obj_RockSetWhite_B_L_02
2.561279
-0.5209402
1.786516
2859.16
339.2105
-3520.048
1.0
ActorObserverTag
0
0
0
2094.269
324.1558
-3576.977
1.0
Area
0
2.663187
0
2707.07
351.8063
-3327.477
2
PosAfterDemoSkip
0
-1.719996
0
2135.135
509.915
-3227.69
1.0
ActorObserverTag
0
0
0
2094.269
324.1558
-3577.477
1.0
FldObj_CliffDeathMt_END_D_27_Far
3.080506
0.01317554
3.119776
3031.722
269.3402
-3723.769
1.0
FldObj_CliffDeathMt_F_02
2.774728
-0.2024262
-3.025206
2452.495
483.9794
-3310.54
1.0
LinkTagNAnd
0
2.356194
0
2662.354
482.5
-3458.975
0.6
FldObj_CliffDeathMt_E_12_Far.001
2.704153
0.6851836
2.825629
2796.584
368.5452
-3272.498
1.0
FldObj_CliffDeathMt_D_27.005
2.687999
-0.6393225
2.80135
2306.511
425.9035
-3583.661
1.0
DgnObj_EntranceElevatorSP
0
1.421596
0
2128.36
509.9152
-3228.809
1.0
Area
0
0
0
2672
440
-3589.5
1.0
PutRupee
0
2.530727
0
2680.5
424
-3494.5
2
PutRupee_Blue
0
0.9599311
0
2706.5
421.5
-3452
2
PutRupee
0
2.270796
0
2688.742
397.2109
-3495.211
2
LinkTagOr
0
0
0
2454.792
377.2639
-3784.543
1.0
LinkTagOr
0
-2.559998
0
2232.442
338.3231
-3678.916
1.0
Area
0.2631777
0.9062616
0.1889576
2195.521
614.0984
-3007.697
3
FldObj_DeathMtArtifactPillar_A_01_Far
0
0
0
2775.276
343.6523
-3467.108
1.0
LinkTagAnd
0
1.421596
0
2129.665
522.7765
-3227.314
1.0
Area
0
2.403187
0
2754.508
351.8388
-3335.305
2
Weapon_Sword_021
-1.669239
0.1180464
-3.005374
2712.401
345.3997
-3338.964
1.0
EnemyNoticeTag
0
0
0
2437.23
379.3657
-3771.995
1.0
FldObj_CliffDeathMt_D_06
0
1.881592
0
2050.03
497.3191
-2930.744
0.8
Npc_HiddenKorokGround
0
1.461586
0
3075.875
318.8392
-3684.381
1.0
LinkTagNOr
0
0
0
2137.037
514.8745
-3227.239
1.0
PutRupee
0
-0.8726646
0
2622.5
357.5
-3440.5
2
LinkTagXOr
0
0
0
2703.5
379.5
-3543.5
1.0
FldObj_CliffDeathMt_D_14
-3.112269
-0.243154
-3.072061
2021.259
416.4139
-3418.065
1.0
FldObj_CliffDeathMt_D_06_Far.001
0
1.701593
0
2321.933
585.0083
-3006.981
1.0
FldObj_CliffDeathMt_C_04
2.771591
0.7617266
2.930666
2668.958
572.8432
-3041.58
1.0
ConstraintDummy
0
0
0
2587
391.5
-3466
1.0
DgnObj_EntranceShutter_A_01
0
2.356194
0
2664.687
470.0002
-3459.187
1.0
FldObj_CliffDeathMt_D_10_Far.001
2.564337
-0.2182067
-2.816724
2353.689
435.2227
-3551.523
1.0
SpotBgmTag
0
0
0
2135.545
500
-3225
50
LinkTagAnd
-3.108965
-0.5983454
-2.034823
2232.321
339.3426
-3672.426
1.0
DestinationAnchor
0
-2.243596
0
2135.372
509.915
-3229.272
1.0
Area
0
0
0
2426.829
378.6026
-3775.498
16.40369
PutRupee
0
2.268928
0
2706
353.5
-3493
2
LinkTagAnd
0
0
0
2582
389.5
-3492.5
1.0
FldObj_CliffDeathMt_D_27.006
3.045599
-0.3922762
-3.055156
2292.698
345.6213
-3736.832
1.0
PutRupee_Blue
0
1.22173
0
2704.188
401.1563
-3459.754
2
FldObj_CliffDeathMt_E_14_Far.002
0.06088758
-0.02503474
-0.05428459
2266.203
562.4307
-3077.248
1.0
LinkTagOr
0
0
0
2645
471.5
-3474
1.0
PutRupee_Red
0
2.094395
0
2704
431.5
-3475
2
DgnObj_WarpPoint_A_01
0
2.356194
0
2668.502
469.963
-3463.002
1.0
Obj_RockDeathMt_D_L_01.006
0.03136193
0.2984056
-3.035285
2489.709
516.9935
-3190.331
1.0
FldObj_CliffDeathMt_D_10.004
2.524701
-0.7056577
3.08402
2253.842
331.9118
-3670.443
1.1
PutRupee_Red
0
0
0
2641.5
436
-3422
2
Area
0
2.356194
0
2588
440
-3391
1.0
ActorObserverTag
0
0
0
2664.706
482.3166
-3475.25
1.0
Area
0
1.570796
0
2557
440
-3473
1.0
LinkTagAnd
0
0
0
2085.745
546.5526
-3235.051
5
Enemy_Chuchu_Fire_Middle
0
-1.24
0
2354.387
545.2076
-3085.03
1.0
PutRupee_Blue
0
-0.8726646
0
2628
380.5
-3449
2
PutRupee_Red
0
1.745329
0
2711.539
443
-3476.773
2
FldObj_DeathMtArtifactGate_A_01_Far
0
-1.160001
0
2777.916
340.0612
-3541.575
0.8
LinkTagAnd
0
-2.220006
0
2470.215
517.2255
-3174.901
1.0
Enemy_Moriblin_Senior
0
2.394396
0
2427.848
378.6052
-3786.402
1.0
LinkTagAnd
0
0
0
2663
502
-3458.5
1.0
Obj_RockDeathMt_D_L_03
3.062728
-0.2720348
2.930346
2654.375
362.5477
-3694.398
1.0
FldObj_CliffDeathMt_E_14_Far.003
-0.06197155
0.6999257
-0.003134993
2097.164
538.0999
-3012.742
1.0
LinkTagAnd
0
0
0
2163.477
584.5768
-3223.211
5
Obj_RockSetWhite_B_L_02.001
-0.1799926
-0.001647744
-1.579851
2928.442
339.4058
-3525.001
1.0
FldObj_CliffDeathMt_D_27.007
2.70615
-0.2941988
-3.014836
2029.779
449.4736
-3408.322
1.0
FldObj_DeathMtArtifactPillar_A_01.002
-0.3762433
1.173749
-0.1075718
2721.643
343.5148
-3547.246
1.0
FldObj_CliffDeathMt_F_04
1.04386
-1.020928
-0.1640563
2859.287
484.1943
-3004.206
1.0
FldObj_CliffDeathMt_D_22
-1.97369
0.9967973
-1.97225
2640.219
358.9571
-3711.796
1.0
PutRupee
0
1.570796
0
2710.5
409.5
-3466.5
2
FldObj_CliffDeathMt_D_06.001
0
0.92
0
2256.128
585.0083
-2965.654
1.0
LinkTagPulse
0.1848178
-0.5094346
-0.110961
2196.389
614.0016
-3007.209
0.25
LinkTagOr
0
0
0
2439.796
378.9791
-3775.773
1.0
LinkTagAnd
0
0
0
2666
469.5
-3460.5
1.0
Enemy_Golem_Little_Fire
2.507143
1.510568
2.545826
2426.722
378.3499
-3778.995
1.0
Enemy_Golem_Little_Fire
-2.972957
-1.10352
2.66731
2445.975
376.7959
-3791.977
1.0
AnchorAction1
0
-0.03999998
0
2431.962
378.2069
-3791.731
1.0
WallCrack
0
-2.120005
0
2470.011
514.4683
-3174.369
1.0
FldObj_CliffDeathMt_D_15_Far
0
-2.92
0
2152.327
319.2994
-3646.87
1.0
Enemy_Chuchu_Fire_Junior
0
-1.24
0
2351.464
543.1616
-3093.542
1.0
PutRupee
0
-1.658063
0
2626.5
444.5
-3470
2
FldObj_CliffDeathMt_END_D_27_Far.001
3.054326
0.4215933
3.141593
2536.336
297.6201
-3767.046
1.0
FldObj_CliffDeathMt_END_D_27
3.080506
0.01317554
3.119776
3031.722
269.3402
-3723.769
1.0
FldObj_CliffDeathMt_E_18.001
2.904924
0.9196445
2.725929
2057.953
522.0995
-2961.696
1.4
EnemyLookTag
0
0.84
0
2677.637
344.4861
-3291.406
1.0
FldObj_CliffDeathMt_D_04
2.942571
-0.07938419
3.14139
2025.735
491.0114
-3337.911
1.0
LinkTagAnd
0
0
0
2187.5
542
-3303.5
1.0
FldObj_CliffDeathMt_E_07_Far.002
0.07999999
-1.180001
0
2116.445
557.1312
-2901.768
1.0
Obj_RockDeathMt_D_L_03.001
0
-2.800001
0
2283.49
497
-3289.156
1.0
FldObj_CliffDeathMt_D_27.008
3.193953
-0.9629998
3.113787
2132.008
317.0545
-3619.406
1.0
Area
-1.570796
-1.570796
1.282444E-07
2639
469
-3429.5
1.0
LinkTagOr
0
1.761591
0
2087.02
320.7577
-3574.047
1.0
FldObj_CliffDeathMt_C_04_Far
0.8919889
0.9690878
0.3635928
2023.056
489.7156
-3201.437
1.0
FldObj_CliffDeathMt_E_14_Far.004
0.3400001
0.2
0
2516.245
634.1641
-3042.54
1.0
FldObj_CliffDeathMt_E_14.005
0.5088711
0.119882
-0.1849125
2295.015
513.4
-3349.777
1.0
ActorObserverTag
0
0
0
2093.769
324.1558
-3576.977
1.0
Obj_RockDeathMt_D_L_03_Far.001
1.319228
-1.392154
1.622449
2244.517
353.6631
-3670.069
1.0
FldObj_DeathMtArtifactGate_A_01
0
-1.160001
0
2777.916
340.0612
-3541.575
0.8
Obj_LiftRockEldin_A_01.002
0
2.484783
0
2233.992
338.3426
-3673.525
1.0
FldObj_DeathMtLavaFall_A_03.001
0
-2.599981
0
2276.418
575.701
-3006.188
1.047766
PutRupee
0
-1.22173
0
2625.148
393.5
-3455.555
2
Area
0
0
0
2135.545
500
-3225
50
FldObj_CliffDeathMt_D_10_Far.002
-0.6404693
-0.06846625
-0.2632038
2675.033
340.4182
-3631.401
1.0
PutRupee_Silver
0
-1.919862
0
2626.5
424.5
-3462.5
2
PutRupee_Blue
0
2.268928
0
2711
457
-3487.5
2
Enemy_Bokoblin_Senior
0
3.02
0
2720.687
344.7716
-3339.74
1.0
EnemyNoticeTag
0
0
0
2437.237
380.072
-3769.372
1.0
ForceSetPosDirAutoSaveAnchor
0
-0.7853981
0
2666.926
470
-3461.284
1.0
FldObj_CliffDeathMt_C_08
2.985696
0.2121159
2.859037
2505.648
349.9821
-3667.518
1.0
FldObj_DeathMtArtifactPillar_A_01.003
0
3.06
0
2669.495
467.8571
-3432.989
0.7
Npc_HiddenKorokGround
0
-3.141593
0
2662.632
479.3359
-3471.585
1.0
EnemyChatFortMgrTag
0
0.84
0
2677.637
344.0093
-3291.406
1.0
WallCrack
-3.064359
-0.07867931
3.107296
2551.054
411.2313
-3592.764
1.0
Enemy_Chuchu_Fire_Middle
0
-1.26
0
2225.7
554.7469
-3024.622
1.0
SwitchTimeLag
0
0
0
2147.615
518.3177
-3232.726
1.0
Area
-0.2384066
-0.8216132
3.141593
2214.461
492.236
-3066.43
1.0
FldObj_CliffDeathMt_D_19.001
0.2844101
-1.084531
-1.781412
2389.148
521.6477
-3335.513
1.0
AnchorAction1
0
2.76
0
2712.5
344.7279
-3339
0.25
Obj_RockDeathMt_D_L_01_Far.005
-2.080429
-0.03101183
1.569316
2374.096
496.3624
-3259.335
1.0
DragonDropItemTarget
0
0
0
2516.532
379.5962
-3760.724
1.0
PlayerOnScaffoldCheckTag
0
2.403187
0
2758.206
351.8388
-3331.939
1.0
Enemy_Chuchu_Fire_Junior
0
0.92
0
2292.532
432.9103
-3563.235
1.0
FldObj_CliffDeathMt_F_01_Far
0
-2.86
0
2187.854
397.0127
-3449.971
1.0
Obj_RockDeathMt_D_L_01.007
1.557729
-0.8248618
-2.153957
2425.492
525.0809
-3321.372
0.8
FldObj_CliffDeathMt_F_04_Far
1.04386
-1.020928
-0.1640563
2859.287
484.1943
-3004.206
1.0
Obj_RockDeathMt_D_L_01_Far.006
2.938427
0.06163238
1.368963
2238.387
441.8348
-3510.624
1.0
PutRupee_Red
0
2.850728
0
2667.73
448.6719
-3491.055
2
FldObj_CliffDeathMt_D_15.001
-0.2767071
-0.05159675
0.0204261
2095.997
522.2504
-3241.479
1.0
FldObj_CliffDeathMt_D_04.001
0
-3.063185
0
2571.658
549.5421
-3152.538
1.0
PutRupee
0
1.22173
0
2702.789
388
-3457.578
2
Area
1.481593
-0.5416121
3.141593
2287.214
605.824
-2988.243
1.0
FldObj_CliffDeathMt_D_11_Far
-0.8711935
1.38979
-0.5682721
2454.5
456.2803
-3444.776
1.0
PutRupee
0
2.268928
0
2707.5
379.733
-3479.5
2
FldObj_CliffDeathMt_D_06.002
0
1.701593
0
2321.933
585.0083
-3006.981
1.0
LinkTagOr
-1.147627
0.2521612
0.3872893
2093.775
318.3369
-3543.142
1.0
ForceSetPosDirAutoSaveAnchor
0
-1.719996
0
2135.135
509.915
-3227.69
1.0
Obj_RockDeathMt_D_L_01_Far.007
-2.87962
-0.06486042
-1.612273
2050.643
538.3021
-3280.126
1.0
FldObj_CliffDeathMt_E_14.006
0.4124085
-0.2390573
-0.1032255
2076.894
529.6046
-3298.667
1.0
LinkTagAnd
2.814437
-0.2059968
2.405937
2553.135
412.5543
-3591.993
1.0
Area
0
0
0
2053.5
529.5
-3245
50
LinkTagAnd
0
0
0
2109.792
577.7006
-3230.643
1.0
PutRupee_Red
0
2.879793
0
2684
411.5
-3498.5
2
Enemy_Chuchu_Fire_Junior
0
-1.26
0
2222.947
554.5431
-3033.191
1.0
Obj_RockDeathMt_D_L_01_Far.008
-3.130698
0.3015912
-1.570448
2444.381
430.5068
-3669.581
1.0
FldObj_CliffDeathMt_F_01
0
-2.86
0
2187.854
397.0127
-3449.971
1.0
Obj_RockDeathMt_D_L_03_Far.002
0
-2.800001
0
2283.49
497
-3289.156
1.0
FldObj_CliffDeathMt_E_12_Far.002
-0.3971305
1.293316
-0.4522754
2180.178
498.4274
-3060.943
1.0
KorokAnswerResponce
0
0
0
2661.608
482.804
-3472.865
1.0
FldObj_DeathMtLavaFall_B_03
0
-2.319979
0
2219.207
505.2407
-3062.016
1.0478
FldObj_DeathMtArtifactPillar_A_01_Far.001
2.905914
-0.0997772
3.104085
2657.462
468.0242
-3486.303
0.7
Area
0
0.7853982
0
2589
440
-3557.5
1.0
DragonDropItemTarget
0
0
0
2270.208
344.3801
-3728.042
1.0
LocationTag
0
0
0
2666
469.5
-3460.5
1.0
DgnObj_WarpPointSP
0
1.421596
0
2137.452
509.8781
-3227.443
1.0
Area
0
1.421596
0
2135.135
508.0947
-3227.69
25
DestinationAnchor
0
-1.308997
0
2665.794
470
-3462.416
1.0
Area
-1.570796
0.3490658
9.358613E-09
2657.976
470.5
-3456.173
1.0
LinkTagNAnd
0
1.421596
0
2130.049
522.2809
-3229.695
1.0
PutRupee
0
-0.8726646
0
2623.875
426.5
-3430.898
2
FldObj_CliffDeathMt_E_18_Far.001
0
-0.4799998
0
2214.994
531.9276
-3059.214
1.288377
FldObj_CliffDeathMt_C_08_Far
2.985696
0.2121159
2.859037
2505.648
349.9821
-3667.518
1.0
Npc_HiddenKorokGround
0
-2.559998
0
2233.992
338.4426
-3673.525
1.0
DgnObj_EntranceTerminal_A_01
0
1.832596
0
2664.828
470.0002
-3462.157
1.0
LinkTagAnd
0
0
0
2657
507
-3474.5
1.0
Area
0
0
0
2093.719
322.4058
-3576.927
0.1
Obj_RockDeathMt_D_L_01_Far.009
-0.08238889
-0.912221
-0.4108121
2425.492
517.1746
-3343.512
0.8
Area
0
-1.570796
0
2785
440
-3473
1.0
DragonDropItemTarget
0
0
0
2684.4
362.0826
-3690.015
1.0
FldObj_CliffDeathMt_D_27_Far.004
0
2.72
0
2528.026
378.4298
-3760.39
1.0
KorokAnswerResponce
0
0
0
2095.775
316.8369
-3543.142
1.0
LinkTagAnd
0
0
0
2137.552
529.3564
-3232.602
1.0
DgnObj_DLC_ChampionsDungeonEntrance_A_01
0
1.421596
0
2128.36
508.915
-3228.809
1.0
EventTag
0
1.832596
0
2664.828
470
-3462.157
0.6
FldObj_CliffDeathMt_D_10_Far.003
2.524701
-0.7056577
3.08402
2253.842
331.9118
-3670.443
1.1
FldObj_DeathMtArtifactGate_A_01.001
0
-0.6399999
0
2678.211
466.2601
-3474.802
0.7
PutRupee_Purple
0
-0.3490658
0
2634.5
409
-3427.5
2
LinkTagAnd
0
0
0
2587
393.5
-3490.5
3
PutRupee
0
-0.5235988
0
2629.086
406
-3434.156
2
SwitchTimeLag
0
0
0
2445.538
379.1831
-3771.244
1.0
PutRupee
0
1.134464
0
2709
435.5
-3463
2
LinkTagOr
0
1.461586
0
3075.929
321.3392
-3684.878
1.0
FldObj_CliffDeathMt_D_19_Far
-1.284416
0.6051698
-0.3317138
2331.423
361.4878
-3693.317
1.0
FldObj_CliffDeathMt_E_14.007
0.06088758
-0.02503474
-0.05428459
2266.203
562.4307
-3077.248
1.0
LinkTagAnd
0
0
0
2586.5
389.5
-3492.5
1.0
LinkTagAnd
0
0
0
2057
580.5
-3259.5
5
FldObj_CliffDeathMt_E_07_Far.003
0.07999999
-1.180001
0
2061.172
545.3846
-2884.269
1.0
LinkTagNone
0
0
0
2672.5
469.2052
-3467.5
1.0
EventTag
0
0
0
2661.5
502
-3471.5
1.0
Obj_BreakBoxIron.002
3.121487
0.1286083
3.121581
2729.898
344.7682
-3317.541
1.0
Obj_SweepCollision
0
1.421596
0
2127.371
523.915
-3228.958
1.0
FldObj_CliffDeathMt_D_10.005
2.564337
-0.2182067
-2.816724
2353.689
435.2227
-3551.523
1.0
DragonDropItemTarget
0
0
0
2722.131
352.4144
-3695.412
1.0
LinkTagPulse
0
-2.559998
0
2233.157
339.3426
-3672.976
0.25
FldObj_CliffDeathMt_E_18_Far.002
2.904924
0.9196445
2.725929
2057.953
522.0995
-2961.696
1.4
PutRupee
0
2.268928
0
2706
364.5
-3491.5
2
LinkTagAnd
0
0
0
2739.5
379.5
-3503
1.0
LinkTagOr
2.814437
-0.2059968
2.405937
2552.409
413.211
-3591.788
1.0
FldObj_CliffDeathMt_E_07.002
0.07999999
-1.180001
0
2061.172
545.3846
-2884.269
1.0
LinkTagAnd
0
-1.24
0
2350.088
544.0934
-3088.312
1.0
LinkTagAnd
0
2.356194
0
2664.475
482.5
-3456.854
0.6
FldObj_CliffDeathMt_END_D_27_Far.002
3.01942
-0.8678427
-2.80578
2115.402
263.7831
-3636.017
1.0
FldObj_CliffDeathMt_D_11.002
-0.8711935
1.38979
-0.5682721
2454.5
456.2803
-3444.776
1.0
LinkTagNone
0
0
0
2707.203
344.5757
-3300.277
1.0
FldObj_CliffDeathMt_E_12
0
1.801592
0
2123.894
498.7946
-3053.04
1.0
LinkTagAnd
0
0
0
2439.075
380.8755
-3766.455
1.0
LinkTagNone
0
0
0
2067.5
583.5
-3259.5
1.0
PutRupee_Blue
0
0
0
2638.5
430.5
-3426.5
2
Area
0
0
0
2663.706
480.0213
-3475.25
1.0
AscendingCurrent
0
2.094395
0
2695.5
343.5
-3510
1.0
FldObj_CliffDeathMt_D_10_Far.004
-0.8620144
0.9441049
-0.5546153
2505.288
413.9215
-3564.558
1.0
LinkTagAnd
0
0
0
2748.5
351
-3521.5
1.0
PutRupee_Blue
0
2.756126
0
2676.398
436.7656
-3492.125
2
PutRupee_Red
0
-0.2617994
0
2648
423.5
-3426
2
FldObj_CliffDeathMt_D_15_Far.001
-0.5409893
0.6028057
-0.001861273
2557.388
396.7755
-3670.254
1.0
Area
0
1.301593
0
2742.623
344.7371
-3315.533
10
DragonDropItemTarget
0
0
0
2059.316
299.7399
-3572.592
1.0
DragonDropItemTarget
0
0
0
2174.364
334.9048
-3664.996
1.0
FldObj_CliffDeathMt_D_06_Far.002
1.319156
-1.446914
-1.319773
2233.45
597.0934
-2925.084
1.0
EventTag
0
0
0
2753.5
347.5
-3518
1.0
PutRupee
0
2.270796
0
2687.5
400.4531
-3495.852
2
LinkTagOr
0
0
0
2748.5
347.5
-3518
1.0
FldObj_CliffDeathMt_D_27_Far.005
3.138635
0.1123388
3.024553
2710.756
354.8733
-3697.035
1.0
LinkTagAnd
0
0
0
2721.415
344.1508
-3345.678
1.0
Area
0
0.8400008
0
2685.934
402.0479
-3471.152
100
FldObj_CliffDeathMt_E_14_Far.005
0.4124085
-0.2390573
-0.1032255
2076.894
529.6046
-3298.667
1.0
FldObj_CliffDeathMt_E_12.001
-0.3971305
1.293316
-0.4522754
2180.178
498.4274
-3060.943
1.0
FldObj_CliffDeathMt_D_04.002
2.861641
7.256662E-05
-3.139194
2427.329
438.6642
-3573.881
1.0
FldObj_DeathMtArtifactPillar_A_01_Far.002
0
3.06
0
2669.495
467.8571
-3432.989
0.7
PutRupee
0
-2.177994
0
2622.5
425
-3450.5
2
FldObj_CliffDeathMt_C_04.001
0.8919889
0.9690878
0.3635928
2023.056
489.7156
-3201.437
1.0
FldObj_CliffDeathMt_E_12_Far.003
0
1.801592
0
2123.894
498.7946
-3053.04
1.0
FldObj_DeathMtArtifactGate_A_01_Far.001
0
-0.6399999
0
2678.211
466.2601
-3474.802
0.7
FldObj_CliffDeathMt_END_D_27.001
3.054326
0.1106921
3.013832
2779.371
275.2641
-3717.181
1.0
LinkTagNone
0
0
0
2429.748
378.9152
-3797.093
1.0
PutRupee_Gold
0
-3.054326
0
2648.5
426
-3501.5
2
Area
1.570796
0.8726646
-3.141592
2667.264
471
-3456.537
1.0
LinkTagAnd
0
0
0
2134.59
509.9152
-3229.895
1.0
LookTag
0
2.356194
0
2669.425
469
-3463.925
1.0
FldObj_CliffDeathMt_E_14.008
0.4586467
0.2672764
-0.262571
2319.536
550.8107
-3087.117
1.0
PutRupee_Red
0
-1.134464
0
2625
389.5
-3449
2
LinkTagAnd
0
0
0
2138.037
513.8745
-3227.239
1.0
LinkTagAnd
0
0
0
2138.037
507.8745
-3227.239
1.0
FldObj_DeathMtArtifactPillar_A_01_Far.003
-0.3762433
1.173749
-0.1075718
2721.643
343.5148
-3547.246
1.0
Enemy_Bokoblin_Senior
0
1.301593
0
2735.875
344.7434
-3317.395
1.0
LinkTagOr
0.2631777
0.9062616
0.1889576
2195.855
615.7352
-3007.834
1.0
FldObj_CliffDeathMt_D_04_Far.001
2.861641
7.256662E-05
-3.139194
2427.329
438.6642
-3573.881
1.0
LinkTagAnd
0
0
0
2157.004
565.5007
-3233.366
5
FldObj_CliffDeathMt_E_14_Far.006
0.1893149
0.5183036
0.02057695
2803.188
438.0316
-3202.017
1.0
AnchorAction1
0
3.141593
0
2720.5
346.5833
-3489.5
1.0
SoundProxyLavafallS
2.898466
-0.897847
2.249876
2253.02
522.3357
-3056.297
1.047766
Obj_RockDeathMt_D_L_03.002
-0.661943
-0.2532349
2.971073
2546.9
423.1931
-3585.854
1.0
LinkTagNAnd
0
0
0
2743.5
379.5
-3503
1.0
LinkTagAnd
0
0
0
2740.5
381
-3501.5
3
PutRupee_Blue
0
2.268928
0
2712
373
-3487.5
2
PutRupee_Blue
0
2.014395
0
2704
426.5
-3474.5
2
LinkTagAnd
0
0
0
2053.5
585
-3245
5
Area
0
-2.581593
0
2158.583
491.1684
-3192.808
75
PutRupee_Blue
0
2.268928
0
2707.5
467
-3485
2
Obj_RockDeathMt_D_L_03.003
1.319228
-1.392154
1.622449
2244.517
353.6631
-3670.069
1.0
Area
0
0
0
2255.021
362.7486
-3656.349
12
Obj_LiftRockEldin_A_01.003
-0.3899849
-0.8567362
-0.1569444
3075.875
318.7392
-3684.381
1.0
Obj_RockDeathMt_D_L_01_Far.010
0.6033792
0.8953771
-3.022079
2482.029
535.3811
-3159.256
1.0
Enemy_Bokoblin_Senior
0
-1.62
0
2681.857
344.5556
-3291.279
1.0
LinkTagAnd
0
0
0
2094.019
325.1558
-3577.227
1.0
Area
0
-2.559998
0
2233.992
339.3427
-3673.525
3
AnchorAction10
0
-1.570796
0
2617
345.982
-3418
1.0
EnemyLookTag
0
-1.08
0
2705.439
344.5171
-3299.335
1.0
Area
0
0
0
2094.319
323.0058
-3576.927
0.1
GrassCutTag
0
-2.581593
0
2151.089
491.0172
-3207.584
1.0
Enemy_Bokoblin_Guard_Middle
0
2.663187
0
2707.07
349.8939
-3327.477
1.0
PutRupee
0
2.268928
0
2708
368.0391
-3487.5
2
PutRupee_Blue
0
-0.8726646
0
2632
383.5
-3443.5
2
SwitchTimeLag
-1.570796
0
0
2094.019
326.1558
-3577.227
0.5
FldObj_DeathMtGutsWall_A_01_Far
0
0
0
2660.688
470.5
-3453.5
1.0
FldObj_DeathMtArtifactFlag_A_01_Far
0
-0.48
0
2037.51
542.1053
-2908.76
0.5
FldObj_DeathMtArtifactPillar_A_01.004
0.1203165
-1.142205
-0.3518113
2643.395
467.7747
-3459.64
0.7
EventTag
0
1.421596
0
2135.135
509.915
-3227.69
1.0
DragonDropItemTarget
0
0
0
2211.276
337.4594
-3691.651
1.0
PutRupee_Blue
0
-0.8726646
0
2629
363.5594
-3441
2
PlayerInAreaAutoEnemyForbidTag
0
0
0
2067.5
583.5
-3259.5
5
LocationTag
0
0
0
2685.934
402.0479
-3471.152
1.0
FldObj_CliffDeathMt_D_11_Far.001
-0.1664511
1.153723
-0.07356303
2535.687
366.4714
-3510.298
1.0
PutRupee
0
2.094395
0
2706.5
381.6991
-3459
2
FldObj_CliffDeathMt_C_04_Far.001
2.771591
0.7617266
2.930666
2668.958
572.8432
-3041.58
1.0
PutRupee_Red
0
2.268928
0
2706.5
454
-3488.5
2
FldObj_CliffDeathMt_D_14_Far.001
0
2.26
0
2943.525
293.8728
-3588.116
1.3
DragonDropItemTarget
0
0
0
2784.719
359.164
-3671.327
1.0
LinkTagAnd
0
0
0
2648
471.5
-3474
1.0
DragonDropItemTarget
0
0
0
2664.9
370.5021
-3703.875
1.0
LinkTagAnd
0.2631777
0.9062616
0.1889576
2195.25
615.6193
-3007.047
1.0
TwnObj_City_GoronSignboard_B_01
-3.09592
0.5029476
3.073962
2761.392
344.368
-3526.596
1.0
FldObj_CliffDeathMt_D_15.002
0
-2.92
0
2152.327
319.2994
-3646.87
1.0
FldObj_CliffDeathMt_D_19_Far.001
0.2844101
-1.084531
-1.781412
2389.148
521.6477
-3335.513
1.0
Enemy_Lizalfos_Fire
0
-2.56
0
2478.759
433.1146
-3608.863
1.0
Area
0
1.461586
0
3075.875
319.7393
-3684.381
3
FldObj_CliffDeathMt_D_11_Far.002
-2.909705
-1.0876
2.880992
2371.216
354.375
-3708.43
1.0
FldObj_CliffDeathMt_D_27.009
0
2.72
0
2528.026
378.4298
-3760.39
1.0
FldObj_DeathMtLavaFall_B_03.001
0
-2.599981
0
2276.418
550.3657
-3006.188
1.047766
PutRupee_Blue
0
2.505329
0
2694.5
388
-3491.313
2
Obj_RockDeathMt_D_L_01.008
-0.8371157
-0.08006322
1.498816
2404.707
371.5745
-3770.052
1.0
FireWood
0
3.02
0
2721.415
344.1508
-3345.678
1.0
LinkTagAnd
-2.944819
-0.1425242
-2.960348
2550.584
413.7481
-3592.826
1.0
LinkTagAnd
0
0.92
0
2294.919
432.9103
-3561.417
1.0
FldObj_CliffDeathMt_F_04_Far.001
2.89602
-0.3172064
-3.116104
2349.33
417.8161
-3452.744
1.0
LinkTagOr
0
0
0
2131.037
510.8745
-3227.239
1.0
PutRupee_Red
0
1.22173
0
2705.727
412
-3463
2
PutRupee
0
-1.570796
0
2615.5
447.5
-3429.5
2
FldObj_CliffDeathMt_E_18.002
0.2200363
-0.3139332
-0.4866983
2054.902
528.4111
-2996.376
1.4
FldObj_CliffDeathMt_D_14.001
0
2.26
0
2943.525
293.8728
-3588.116
1.3
FldObj_KorokStone_A_01
0
0
0
2094.019
322.1558
-3577.227
1.0
DragonDropItemTarget
0
0
0
2128.895
318.0222
-3617.233
1.0
PlayerOnScaffoldCheckTag
0
2.663187
0
2711.509
351.8063
-3325.175
1.0
FldObj_DeathMtArtifactPillar_A_01_Far.004
0.1203165
-1.142205
-0.3518113
2643.395
467.7747
-3459.64
0.7
DragonDropItemTarget
0
0
0
2564.393
373.5139
-3740.663
1.0
Area
0
-2.220006
0
2469.913
515.6255
-3174.503
3
EventTag
0
0
0
2661.5
502
-3474.5
1.0
FldObj_CliffDeathMt_D_06_Far.003
0
0.92
0
2256.128
585.0083
-2965.654
1.0
EnemyFortressMgrTag
0
-0.03999998
0
2431.962
378.2069
-3791.731
1.0
FldObj_CliffDeathMt_D_15_Far.002
-0.2767071
-0.05159675
0.0204261
2095.997
522.2504
-3241.479
1.0
Area
0
-1.26
0
2224.323
554.4705
-3028.907
12
LinkTagAnd
1.065405
0.04652596
-0.8558449
2197.256
613.905
-3006.722
1.0
LinkTagAnd
0
0
0
2178.344
573.0216
-3216.734
5
AscendingCurrent
0
2.094395
0
2629.5
343.5
-3413
1.0
FldObj_CliffDeathMt_D_27_Far.006
-2.838367
1.236227
-2.120135
2463.843
484.4556
-3343.053
1.0
Obj_BreakBoxIron.003
-3.123933
-1.170499
3.12763
2724.366
344.7273
-3330.634
1.0
Obj_LiftRockEldin_A_01.004
0.1848178
-0.5094346
-0.110961
2195.501
613.1115
-3007.857
1.0
LinkTagOr
-3.064359
-0.07867931
3.107296
2551.297
411.4546
-3589.782
1.0
FldObj_CliffDeathMt_D_11_Far.003
2.936174
0.2791417
3.116849
2699.961
377.7184
-3223.253
1.0
DgnObj_DungeonEntrance_A_01_Far
0
2.356194
0
2662
469
-3456.5
1.0
PutRupee
0
-2.181662
0
2631.5
417.5
-3480
2
FldObj_CliffDeathMt_D_06_Far.004
0
-0.6199998
0
2086.218
498.2014
-2994.959
0.8
DragonDropItemTarget
0
0
0
2460.162
381.0432
-3762.371
1.0
LinkTagAnd
0
0
0
2094.019
326.1558
-3577.227
1.0
FldObj_CliffDeathMt_E_14_Far.007
0.5088711
0.119882
-0.1849125
2295.015
513.4
-3349.777
1.0
LinkTagNAnd
0
0
0
2185.2
581.6
-3230.3
15
BarrelBomb3
-0.03191461
-0.2218617
0.07275006
2687.481
344.7914
-3286.714
1.0
LinkTagAnd
0
0
0
2160.129
534.6815
-3226.364
1.0
PutRupee_Red
0
-2.70526
0
2674.5
458
-3492
2
LinkTagOr
0
0
0
2139.037
514.8745
-3227.239
1.0
PosAfterDemoSkip
0
-0.7853981
0
2666.926
470
-3461.284
1.0
LinkTagAnd
-1.089079
0.6996006
-1.833263
3076.093
319.7392
-3686.369
1.0
LinkTagNone
0
0
0
2672.424
344.6351
-3296.079
1.0
FldObj_CliffDeathMt_F_03_Far
0
-2.923185
0
2444.679
565.668
-3079.184
1.0
LinkTagNone
0
0
0
2687.503
344.78
-3286.689
1.0
Obj_LiftRockEldin_Korok_A_01
0
0
0
2663.706
480.1166
-3475.25
1.0
PutRupee_Blue
0
-0.1745329
0
2639.537
415
-3428.211
2
SignalFlowchart
0
0
0
2132.537
510.8745
-3227.239
1.0
Obj_RockDeathMt_D_L_01.009
-3.130698
0.3015912
-1.570448
2444.381
430.5068
-3669.581
1.0
LinkTagAnd
0
1.421596
0
2133.29
509.915
-3228.234
1.0
FldObj_CliffDeathMt_F_03
0
-2.923185
0
2444.679
565.668
-3079.184
1.0
FldObj_SkullRock_A_01_Far
0
2.161593
0
2705
344.5011
-3299
1.0
PutRupee_Blue
0
1.22173
0
2705.234
419.5
-3458
2
FldObj_CliffDeathMt_END_D_27.002
3.01942
-0.8678427
-2.80578
2115.402
263.7831
-3636.017
1.0
LinkTagOr
0
0
0
2094.775
320.8994
-3543.142
1.0
FldObj_CliffDeathMt_END_D_27_Far.003
3.054326
0.1106921
3.013832
2779.371
275.2641
-3717.181
1.0
PutRupee
0
1.308997
0
2706
395.5
-3458
2
FldObj_CliffDeathMt_D_10.006
2.971963
-0.3370551
-3.085011
2377.9
598.3999
-3029.974
1.0
PutRupee_Red
0
0
0
2640
458.8438
-3415.664
2
FldObj_DeathMtLavaFall_A_03_Far.001
0
-2.599981
0
2276.418
575.701
-3006.188
1.047766
FldObj_CliffDeathMt_END_D_27.003
3.054326
0.4215933
3.141593
2536.336
297.6201
-3767.046
1.0
DgnObj_EntranceShutterSP
0
1.421596
0
2132.117
509.9152
-3228.245
1.0
AscendingCurrent
0
2.094395
0
2695.5
343.5
-3510
1.0
LinkTagAnd
0
-3.141593
0
2663.132
481.8359
-3471.586
1.0
LinkTagAnd
0
0
0
2695.5
349.5
-3517.5
1.0
FldObj_CliffDeathMt_D_11.003
2.936174
0.2791417
3.116849
2699.961
377.7184
-3223.253
1.0
DgnObj_EntranceElevator_A_01
0
2.356194
0
2662
470.0002
-3456.5
1.0
SoundProxyLavafallS
2.613739
-0.6988595
2.455482
2307.333
597.9913
-2991.347
1.047766
LinkTagNAnd
0
0
0
2057
593.5
-3243
5
ValleyEffectLocater
0
0
0
2871.69
0
-4039.07
1.0
LinkTagAnd
0
0
0
2664.108
483.804
-3472.865
1.0
LinkTagAnd
0
0
0
2685.934
402.0479
-3471.152
1.0
PutRupee
0
2.268928
0
2709.5
381.425
-3473
2
Npc_Goron_Camp002
0
2.094395
0
2702.5
345.845
-3506
1.0
FldObj_DeathMtLavaFall_B_03_Far.001
0
-2.319979
0
2219.207
505.2407
-3062.016
1.0478
DragonDropItemTarget
0
0
0
2895.522
344.5129
-3659.268
1.0
BarrelBomb3
-0.03269874
0.005237482
0.06659415
2689.38
344.9167
-3286.695
1.0
LinkTagAnd
0
2.356194
0
2667.303
470
-3459.682
0.3
FldObj_CliffDeathMt_D_04_Far.002
0
-3.063185
0
2571.658
549.5421
-3152.538
1.0
BoarMeat_Frame
0
3.02
0
2721.415
344.1508
-3345.678
1.0
ActorObserverTag
0
0
0
2093.769
324.1558
-3577.477
1.0
Npc_HiddenKorokGround
0
-2.220006
0
2469.913
514.7255
-3174.503
1.0
Enemy_Moriblin_Senior
0
-1.767198
0
2437.768
378.4504
-3790.351
1.0
Obj_RockDeathMt_D_L_01.010
-1.800862
-0.2836953
1.310654
2833.282
341.5938
-3659.061
1.0
Npc_HiddenKorokGround
0
1.761591
0
2087.115
318.2577
-3573.556
1.0
FldObj_CliffDeathMt_END_D_27_Far.004
3.054326
-0.3922762
-3.055156
2291.269
291.0388
-3751.66
1.0
Obj_LiftRockEldin_A_01.005
-3.004359
-0.07867929
3.107296
2551.061
411.2222
-3592.67
1.0
EnemyNoticeTag
0
0
0
2460.47
378.216
-3783.412
1.0
SwitchTimeLag
0
0
0
2745
381
-3501.5
1.0
Area
0
0
0
2138.037
507.8745
-3227.239
5
LinkTagOr
0
0
0
2657
502
-3471.5
1.0
FldObj_CliffDeathMt_F_04.001
2.89602
-0.3172064
-3.116104
2349.33
417.8161
-3452.744
1.0
EventTag
0
0
0
2648
471.5
-3477.5
1.0
Area
1.481593
-0.8216132
3.141593
2234.542
530.1683
-3047.754
1.0
LinkTagAnd
-0.7144016
0.04083787
0.1093294
2102.303
488.0933
-3182.018
1.0
LinkTagPulse
0
-1.560004
0
2469.923
515.6255
-3173.503
0.25
Enemy_Moriblin_Senior
0
0.4471976
0
2429.748
378.9152
-3797.093
1.0
LinkTagOr
-1.570796
0
0
2093.775
320.8994
-3543.142
1.0
AnchorAction10
0
-1.570796
0
2646.289
467.897
-3424.57
1.0
FldObj_CliffDeathMt_E_07.003
0.07999999
-1.180001
0
2116.445
557.1312
-2901.768
1.0
Area
-0.2384066
-0.5416121
3.141593
2273.077
567.8917
-3011.742
1.0
FldObj_CliffDeathMt_D_22_Far
-1.97369
0.9967973
-1.97225
2640.219
358.9571
-3711.796
1.0
SwitchTimeLag
0
0
0
2584.5
393.5
-3490.5
1.0
DragonDropItemTarget
0
0
0
2402.583
389.3701
-3760.149
1.0
Enemy_Lizalfos_Senior
0
0.84
0
2672.424
344.6351
-3296.079
1.0
DragonDropItemTarget
0
0
0
2839.14
361.5979
-3657.857
1.0
AnchorAction2
0
2.356194
0
2669.5
470.013
-3464
1.0
FldObj_CliffDeathMt_D_27_Far.007
2.974842
0.07416898
3.010362
2884.213
342.2948
-3678.12
1.0
FldObj_CliffDeathMt_D_10_Far.005
2.971963
-0.3370551
-3.085011
2377.9
598.3999
-3029.974
1.0
Area
0
-2.356194
0
2755
440
-3391.5
1.0
PutRupee_Blue
0
-1.745329
0
2617.195
442
-3435.965
2
LinkTagAnd
0
0
0
2696
379.5
-3546
1.0
LinkTagAnd
0
0
0
2081.823
551.287
-3235.051
5
PutRupee
0
2.268928
0
2705.5
447.5
-3485
2
EnemyLookTag
0
-0.03999998
0
2431.962
378.2069
-3791.731
1.0
Enemy_Lizalfos_Fire
0
-1.896815
0
2399.278
513.3739
-3172.859
1.0
FldObj_CliffDeathMt_D_27_Far.008
-3.113395
0.01317554
3.119776
3041.578
310.3976
-3712.848
1.0
SwitchTimeLag
0
0
0
2458.622
378.0372
-3783.614
1.0
Enemy_Chuchu_Fire_Middle
0
1.380001
0
2250.6
362.7208
-3661.455
1.0
FldObj_CliffDeathMt_E_14_Far.008
0.16
-0.86
0
2583.698
439.4361
-3237.512
1.0
FldObj_CliffDeathMt_E_14_Far.009
-2.082952
-1.2764
2.061284
2487.96
444.5066
-3470.361
1.0
FldObj_CliffDeathMt_D_06.003
1.319156
-1.446914
-1.319773
2233.45
597.0934
-2925.084
1.0
FldObj_CliffDeathMt_E_12.002
2.704153
0.6851836
2.825629
2796.584
368.5452
-3272.498
1.0
FldObj_CliffDeathMt_D_06.004
0
-0.6199998
0
2086.218
498.2014
-2994.959
0.8
Obj_RockDeathMt_D_L_03_Far.003
-0.661943
-0.2532349
2.971073
2546.9
423.1931
-3585.854
1.0
GrassCutTag
0
-2.581593
0
2143.484
491.2273
-3188.653
1.0
PutRupee_Silver
0
-1.047198
0
2614.457
452
-3425.25
2
FldObj_CliffDeathMt_E_14.009
0.5889043
0.3994072
0.1514898
2137.219
503.6018
-3323.687
1.0
PutRupee_Red
0
3.141593
0
2671
464
-3491.5
2
AnchorAction1
0
2.356194
0
2673
469.2412
-3474.5
1.0
FldObj_CliffDeathMt_D_27_Far.009
2.687999
-0.6393225
2.80135
2306.511
425.9035
-3583.661
1.0
Area
0
0
0
2445.175
375.8526
-3790.915
16.4782
Enemy_Chuchu_Fire_Junior
0
-3.083186
0
2254.57
363.5921
-3651.872
1.0
FldObj_CliffDeathMt_END_D_27.004
3.054326
-0.3922762
-3.055156
2291.269
291.0388
-3751.66
1.0
GrassCutTag
0
-2.581593
0
2171.033
490.9691
-3196.482
1.0
FldObj_CliffDeathMt_F_02_Far
2.774728
-0.2024262
-3.025206
2452.495
483.9794
-3310.54
1.0
FldObj_CliffDeathMt_E_12.003
2.552122
1.069949
2.677114
2374.321
557.7225
-3065.601
1.0
Area
0
-3.141593
0
2672
440
-3360
1.0
FldObj_CliffDeathMt_D_10_Far.006
-0.5314319
0.7473806
-0.2952733
2596.111
365.4493
-3600.161
1.0
ActorObserverTag
0
0
0
2663.706
482.3166
-3475.25
1.0
PutRupee
0
2.270796
0
2691.164
395.5313
-3493.57
2
Npc_Goron022
0
-1.047198
0
2082.5
534.8727
-3258
1.0
PutRupee
0
-2.268928
0
2639.5
424
-3493.5
2
LinkTagAnd
0
0
0
2664.828
470.0002
-3462.157
1.0
Weapon_Spear_021
-1.313486
0.3009
3.102117
2712.735
347.7242
-3340.969
1.0
Obj_RockSetWhite_B_L_02.002
-1.56
-1.380001
0
2895.186
338.935
-3614.315
1.0
PutRupee
0
-1.919862
0
2622
432
-3449
2
FldObj_CliffDeathMt_C_05_Far
3.104365
0.9540668
-2.801048
2458.532
350.1652
-3702.655
1.0