UnitConfigName/__text
Rotate/value/0
Rotate/value/1
Rotate/value/2
Translate/value/0
Translate/value/1
Translate/value/2
_Scale
EnvSeEmitPointBirdTemperate
-1.829956
-0.3909912
0.6278076
2918.852
294.0234
839.2969
1.0
Obj_Plant_CypressLow_A_01
-0.3188647
-0.6746539
0.01579425
2139.648
252.8895
470.2148
1.054688
Obj_TreeConiferous_A_02
0
5.95075
0
2843.514
186.3183
82.76685
1.0
Obj_Plant_HopBush_A_02
0.2350892
1.16398
0.3285862
2608.148
218.2568
589.2578
1.033691
Obj_TreeConiferous_A_01
0
0
0
2789.821
228.8555
158.7378
1.0
Obj_TreeConiferous_A_01.001
0
1.32
0
2718.499
233.5736
106.249
1.0
Kibako_Contain_01
-0.01577407
-4.027857E-05
0.02939864
2066.075
116.9969
159.447
1.0
Obj_MineralGrain_A_04
-3.097862
-0.8151674
-2.521129
2417.038
297.2124
772.6004
1.0
Obj_TreeConiferous_A_02.001
0
1.909183
0
2902.033
189.0261
64.2341
1.0
DgnObj_RemainsLithograph_A_01
0
0
0
2593.609
229.7734
450.8906
1.0
Obj_Plant_HopBush_A_02.001
-0.205215
-0.5594966
0.3378808
2221.004
155.664
41.53906
0.872559
Obj_Plant_CypressLow_A_01.001
1.117432
1.493331
1.149325
2464.508
215.2993
438.3516
1.054199
AirWallHorse_HiddnKorok
0
1.240001
0
2414.236
265.2521
850.9281
1.0
FldObj_BirdNest_A_01
2.218531
-1.321872
-2.203533
2016.258
275.9333
847.5734
1.0
FldObj_KorokStone_A_01
0.4998206
0.01399965
-1.596426
2928.162
290.4008
333.0079
1.0
Obj_TreeConiferous_A_01.002
0
0.1656848
0
2719.035
233.3986
93.80927
1.0
Obj_Plant_CypressLow_A_01.002
0.1576647
-0.6736538
-0.01666881
2476.969
216.7849
482.7773
0.905273
Obj_TreeBroadleaf_A_L
0
1.34
0
2466.157
215.2435
429.9554
1.0
Obj_TreeConiferous_A_02.002
0
0
0
2802.34
226.0496
198.6895
1.0
Obj_RockGray_A_M_06
0.04513961
0.00727704
-0.3196214
2767
205.6949
1.499969
1.0
Obj_TreeConiferous_A_01.003
0
1.205168
0
2758.033
218.3387
85.50403
1.0
Obj_Mineral_A_01
0
0
0
2331.818
266.9783
812.3208
1.0
Animal_Fish_M
0
0
0
2682.815
216.3109
583.8721
1.0
Obj_TreeConiferous_A_02.003
0
6.061981
0
2883.441
187.9469
82.8931
1.0
Obj_TreeConiferous_A_02.004
0
6.090624
0
2858.97
186.3658
69.00812
1.0
Item_Mushroom_D
1.607544
-0.01184082
0.421997
2273.613
127.3711
56.30078
1.0
Animal_Doe_A
0
2.54
0
2378.5
214.9081
412
1.0
Obj_TreeBroadleafLow_A_02
0
-0.9000004
0
2755.25
232.1806
161.3163
1.0
AddAutoPlacementCreator
0
0
0
2715.228
215.9746
568.201
1.0
Obj_TreeConiferous_A_02.005
0
1.32
0
2793.935
230.4333
142.055
1.0
Obj_TreeConiferous_A_02.006
0
0.58
0
2869.438
205.5399
522.5698
1.0
Obj_Plant_CypressLow_A_02
-0.1214921
-0.002629104
-0.04321992
2485.188
223.5125
649.6819
1.0
Item_Mushroom_D
-2.971313
1.181274
2.241943
2238.16
331.7109
846.5742
1.0
Obj_Plant_CypressLow_A_01.003
-2.875649
0.9291296
-3.068794
2273.646
234.6282
808.6973
1.0
Obj_TreeBroadleaf_A_L.001
0
0.98
0
2653.042
230.4112
420.6145
1.0
Obj_TreeConiferous_A_01.004
0
0.9
0
2793.851
228.9617
150.4097
1.0
FldObj_KorokStone_A_01.001
0
-0.7635983
0
2144.876
262.9897
795.0926
1.0
FldObj_KorokStone_A_01.002
0
-2.334394
0
2149.014
264.9506
792.2202
1.0
Obj_TreeConiferous_A_02.007
0
6.276812
0
2918.62
286.2928
839.6492
1.0
Obj_RockGray_A_M_06.001
-0.8742604
-0.05923762
-0.2075656
2412.612
266.1379
856.2392
1.0
Animal_WildGoat_A
0
-0.4999999
0
2415.99
216.643
618.6427
1.0
Animal_LittleBird_F
0
0
0
2536.181
247.4953
660.7169
1.0
EnvSeEmitPointBirdWet
0.5717773
1.140869
-0.9864501
2728.023
230.4258
35.30469
1.0
Obj_TreeBroadleaf_A_L.002
0
0.5799999
0
2077.797
268.2974
862.8874
1.0
EnvSeEmitPointBirdTemperate
0.6054688
0.9919433
0.2554932
2123.578
330.2617
684.3867
1.0
Item_Mushroom_E
-0.3233957
0.02350441
0.143849
2974.047
242.3719
62.83469
1.0
FldObj_KorokStone_A_01.003
-3.129798
-0.499873
-0.02460399
2923.136
290.9253
329.7477
1.0
Item_Mushroom_E
3.141479
1.482422
3.141479
2017.707
285.3203
932.4023
1.0
Obj_Plant_CypressLow_A_01.004
-0.2287809
-0.5664082
-0.2863371
2462.832
213.5733
395.4414
0.885254
Item_Mushroom_E
0.07752806
-0.006208352
0.1597373
2972.527
242.0225
59.7912
1.0
Item_Mushroom_M
0
0.3425293
0
2410.813
229.7834
693.4219
1.0
Item_Mushroom_D
-1.688721
-0.6330566
2.979248
2579.836
221.4102
336.8359
1.0
Obj_TreeBroadleaf_A_L.003
0
0.1942011
0
2428.727
215.2659
502.4696
1.0
EnvSeEmitPointInsectTemperate
-2.321289
0.9523925
-2.387695
2825.641
233.6719
143.3867
1.0
Obj_TreeBroadleaf_A_L.004
0
0
0
2368.296
218.1212
424.058
1.0
Obj_TreeConiferous_A_01.005
0
5.680852
0
2850.112
197.8911
118.0149
1.0
Obj_TreeConiferous_A_01.006
0
-1.16
0
2709.067
221.5401
43.86578
1.0
Obj_TreeConiferous_A_01.007
0
0.98
0
2988.258
239.9736
58.77063
1.0
BarrelBomb3
0.006318934
5.510897E-05
-0.01105064
2764.499
205.7707
7.500255
1.0
Item_Mushroom_D
1.052856
-0.1226807
0.4509277
2194.633
169.918
-71.46875
1.0
Animal_Fish_L
0
0
0
2710.045
215.9655
582.9512
1.0
Obj_TreeConiferous_A_01.008
0
0.8799999
0
2892.208
200.3255
533.7175
1.0
FldObj_KorokStone_A_01.004
0
0.6871978
0
2151.748
259.4975
789.1741
1.0
Obj_TreeBroadleafLow_A_01
0
1.48
0
2827.273
186.6189
68.73721
1.0
Obj_TreeConiferous_A_01.009
0
-0.78
0
2891.93
198.1775
656.7637
1.0
Obj_LiftRockWhite_Korok_A_01
0
-0.8800018
0
2089.447
130.6268
180.5091
1.0
Obj_Plant_CypressLow_A_02.001
-0.3907408
-1.361093
0.587652
2379.598
248.1703
512.8945
0.89502
Obj_TreeConiferous_A_02.008
0
2.827142
0
2773.937
191.2187
45.84781
1.0
Obj_LiftRockWhite_Korok_A_01.001
0
-0.1200004
0
2086.542
129.2003
185.2003
1.0
FldObj_KorokStone_A_01.005
0
0.8071981
0
2147.31
261.6069
794.007
1.0
Item_Mushroom_M
0
-0.602539
0
2881.285
205.4332
505.3203
1.0
Obj_TreeBroadleafLow_A_02.001
0
-1.1
0
2838.713
234.87
178.5276
1.0
FldObj_PushRock_A_M_01
0.02907532
0.3615203
0.03955904
2728.816
346.0008
944.8735
0.9
Item_Mushroom_D
1.380981
0.8498535
0.217041
2309.922
269.9883
658.6836
1.0
Obj_TreeBroadleaf_A_LL
0
0
0
2440.379
215.3375
504.004
1.0
Item_Mushroom_E
-0.5656422
0.008901601
0.03062843
2983.708
241.4922
61.39536
1.0
Obj_MineralGrain_A_04.001
-0.198413
0.8832545
-0.7936709
2273.879
267.7983
718.0397
1.0
Item_Mushroom_D
-1.882324
-0.1700439
3.110718
2060.496
217.332
453.3789
1.0
Animal_Deer_A
0
-3.141593
0
2601.5
222.0142
552.5
1.0
Animal_Fish_E
0
0
0
2704.596
216.0624
582.8306
1.0
Obj_Plant_CypressLow_A_01.005
0.04035519
-0.5640675
0.2370733
2515.197
214.0463
616.6832
1.0
Obj_Plant_CypressLow_A_02.002
-0.8415076
1.283285
-0.8934336
2421.305
215.8343
511.332
0.973145
Animal_Doe_A
0
3.123185
0
2409.5
214.8887
415.5
1.0
FldObj_RiverPile_A_01
0
-3.099999
0
2140.765
117.2533
255.6212
1.0
Obj_Plant_CypressLow_A_01.006
-0.1784001
0.7499897
-0.2021787
2510.18
214.5162
630.8867
0.92334
Obj_TreeBroadleaf_A_LL_Set_01
0
0
0
2450.611
215.4948
407.2148
1.0
FldObj_WaterFallLanayru_A_S_01
0
-2.44
0
2939.852
216.5749
34.62161
1.0
Item_Mushroom_F
0
1.445435
0
2813.691
229.5318
166.6836
1.0
Obj_TreeConiferous_A_01.010
0
-1.48
0
2887.146
198.8275
645.6848
1.0
Item_Mushroom_M
0
0.04150391
0
2363.836
220.3853
459.9258
1.0
Obj_Mineral_A_01.001
-0.1182163
0.9400758
-0.3778085
2149.117
256.8465
743.7013
1.0
FldObj_CliffWhite_A_S_03
0.2810961
0.09655306
0.02859296
2851.314
205.3978
521.0721
1.0
Obj_TreeBroadleaf_A_L.005
0
0
0
2436.341
215.3547
386.7404
1.0
Item_Mushroom_J
0
1.16
0
2424.391
215.4876
378.2148
1.0
WallCrack
3.081593
-0.2215923
3.141593
2064.986
116.6692
146.7323
1.0
Area
0
1.08
0
2266.5
234.7793
788.5001
25
Obj_Plant_HopBush_A_02.002
-0.03704524
0.3273038
-0.1024242
2463.996
214.857
489.9219
0.859375
Obj_TreeBroadleaf_A_L.006
0
0.62
0
2096.95
266.8633
850.4427
1.0
EnvSeEmitPointInsectTemperate
0.6054688
0.9919433
0.2554932
2123.578
322.2695
684.3867
1.0
FldObj_EnemyTrace_Garbage_A_01
0
0.3200001
0
2821.362
185.1144
45.42053
1.0
Item_Mushroom_J
3.141479
-1.540649
3.141479
2866.703
260.1138
202.0859
1.0
Obj_TreeBroadleaf_A_L.007
0
3.687583
0
2056.1
268.1937
869.3544
1.043532
Item_Mushroom_M
0
-0.8498535
0
2031.785
268.5172
845.0508
1.0
Obj_TreeBroadleafLow_A_02.002
0
-1.84
0
1996.713
267.8264
852.4613
1.0
Obj_Mineral_A_01.002
0
0
0
2416.771
267.6791
743.93
1.0
FldObj_KorokStone_A_01.006
2.641772
-0.01399973
1.545167
2929.073
291.3616
333.5006
1.0
Obj_TreeBroadleafLow_A_01.001
0
0
0
2773.369
237.0625
144.3153
1.0
FldObj_SoilRockSheiker_A_M_01
-2.922053
-0.4729604
3.053473
2099.099
264.5105
838.8081
1.0
Item_Mushroom_D
-1.856811
0.1568603
2.732788
2384.008
196.4688
299.2031
1.0
Obj_TreeBroadleafLow_A_01.002
0
0
0
2464.97
215.0896
414.341
1.0
FldObj_RockZora_A_L_02
0
0
0
2933.004
266.1967
111.0947
1.0
Obj_TreeConiferous_A_01.011
0
0
0
2872.294
205.4208
505.5271
1.0
Item_Mushroom_D
-1.897461
-0.0883789
2.672852
2371.277
243.6875
716.3516
1.0
Item_Material_04
-1.070168
0.3763285
-0.7010629
2704.108
227.9962
482.1116
1.0
FldObj_KorokStone_A_01.007
0
0.6871978
0
2152.897
262.4662
788.2291
1.0
EnvSeEmitPointBirdTemperate
-0.3570556
0.1063232
0.5029296
2589.996
238.4063
354.5078
1.0
Obj_TreeConiferous_A_01.012
0
1.86
0
2720.021
234.5222
129.5358
1.0
EnvSeEmitPointInsectTemperate
-2.90271
0.9554443
1.823486
2715.367
228.6133
36.16797
1.0
Item_Plant_I
3.141479
0.1582031
3.141479
2888.324
189.5424
93.11328
1.0
Animal_Fish_A
0
0
0
2693.597
215.9954
575.0212
1.0
FldObj_KorokStone_A_01.008
-0.02159301
-1.070796
3.141593
2924.452
292.9131
329.3219
1.0
Obj_TreeConiferous_A_01.013
0
0.84
0
2886.521
199.749
659.0859
1.0
Obj_TreeBroadleaf_A_L.008
0
-3.12
0
2451.1
215.32
445.3331
1.0
Obj_RockLayerMoss_A_LL_03
0
-0.24
0
2469.807
217.9301
463.1604
1.0
Obj_TreeConiferous_A_01.014
0
0
0
2730.334
222.6892
20.83621
1.0
Item_Mushroom_M
0
-1.272949
0
2879.941
201.7262
532.8828
1.0
Obj_Plant_Shrub_A_02
-0.03965399
-1.032014
0.1407751
2864.762
260.0256
205.7227
0.963379
Obj_TreeConiferous_A_01.015
0
-1.48
0
2693.683
234.7712
110.5202
1.0
FldObj_WaterFallLanayru_A_S_01.001
0
-1.699999
0
2932.078
226.9434
43.34714
1.0
Obj_Plant_CypressLow_A_01.007
0.07034284
-0.6767316
-0.005407756
2070.441
117.1107
150.2813
0.932617
Obj_Plant_CypressLow_A_01.008
-2.848762
-0.7417857
2.958244
2490.884
215.1551
631.4814
1.0
Item_Plant_B
3.141479
-1.320435
3.141479
2957.883
253.7143
807.8164
1.0
FldObj_SoilRockSheiker_A_M_01.001
2.990282
-0.9660577
3.038422
2102.547
260.2371
800.0888
1.0
Item_Mushroom_M
0
1.333374
0
2472.152
216.0445
444.5938
1.0
Obj_Plant_CypressLow_A_01.009
0.3230536
1.293305
0.225152
2415.453
215.5727
381.5547
0.880371
Obj_Plant_CypressLow_A_02.003
0.2806674
-1.312294
-0.2829866
2638.211
223.2613
492.9688
1.074707
Obj_TreeConiferous_A_01.016
0
3.053586
0
2888.717
188.45
86.37592
1.0
FldObj_CliffWhiteLumpRock_A_03
-0.2568416
-0.5763291
0.03394442
2349.242
233.8438
838.1965
1.0
FldObj_KorokStone_A_01.009
0.4998206
0.01399965
-1.596426
2928.607
290.4008
332.1954
1.0
FldObj_RockZoraSet_A_02
0.7618955
1.046252
0.8340043
2943.597
216.5742
36.98206
1.0
SoundProxyWatefallS
0
0
0
2939.444
216.3649
34.05798
1.0
Obj_TreeBroadleaf_A_L.009
0
5.311532
0
2030.46
268.5983
844.2997
1.088467
Obj_Plant_CypressLow_A_02.004
0.1441558
-0.6283149
-0.144058
2789.754
210.7723
485.2969
0.891113
Item_Mushroom_D
1.541626
-0.6104736
-0.3486328
2716.75
341.6484
975.0156
1.0
FldObj_CliffWhite_A_S_02
-0.16
-1.28
0
2848.678
201.5452
581.7909
1.0
Obj_TreeConiferous_A_02.009
0
6.240693
0
2723.646
233.4989
87.37292
1.0
Animal_LittleBird_F
0
0
0
2444.531
302.2135
754.3589
1.0
Item_Material_04
-0.03668802
-0.7284163
-0.933817
2374.841
227.4478
446.814
1.0
Obj_TreeBroadleaf_A_L.010
0
1.24
0
2463.379
215.1739
410.2551
1.0
Obj_RockSetGray_A_02
0
-2.7
0
2709.079
234.7299
115.1594
1.0
Obj_TreeConiferous_A_02.010
0
-1.06
0
2861.361
205.7707
503.8062
1.0
Animal_Doe_A
0
0.7853982
0
2689.5
219.3203
453.5
1.0
EnvSeEmitPointBirdTemperate
2.119263
0.9490966
2.492188
2635.727
264.2305
368.3242
1.0
FldObj_RockZoraSet_A_01
-1.236796
-0.9453717
0.6873555
2845.022
263.1085
291.3408
1.0
Obj_TreeBroadleaf_A_LL.001
0
0
0
2378.297
223.484
373.3932
1.0
EnvSeEmitPointInsectTemperate
0
1.119995
0
2727.166
208.2452
599.2808
1.0
Obj_RockWhite_A_L_03
0
1.5
0
2388.838
227.0991
672.1406
1.0
Obj_Plant_CypressLow_A_02.005
2.730437
1.402721
2.583978
2484.05
215.5371
617.6782
1.0
EnvSeEmitPointInsectTemperate
-2.241089
1.105591
-2.459595
2310.805
234.332
833.8438
1.0
FldObj_PushRock_A_M_01.001
0.1034197
-1.328558
-0.1236788
2706.946
342.5634
906.9017
0.9
Animal_Doe_A
0
0
0
2531.078
213.5361
626.9165
1.0
Obj_Plant_CypressLow_A_02.006
0.1422484
-0.1633819
-0.0669876
2396.563
283.6736
989.3477
1.09668
FldObj_KorokStone_A_01.010
0
2.377995
0
2145.91
261.9819
794.0262
1.0
Animal_Doe_A
0
-2.352389
0
2532.227
215.5324
364.3047
1.0
Animal_Deer_A
0
0
0
2758
258.9151
697
1.0
Obj_TreeConiferous_A_01.017
0
1.56
0
2896.958
198.8932
551.5248
1.0
Obj_TreeConiferous_A_02.011
0
2.209024
0
2798.811
225.873
98.65543
1.0
Obj_Plant_CypressLow_A_01.010
-0.06190451
-0.9114094
0.09485402
2443.438
215.5376
510.1406
1.01709
Obj_Plant_HopBush_A_01
-0.1599064
-0.8586897
0.3166324
2517.055
214.1345
418.9336
1.018555
Item_Mushroom_M
3.141479
-0.7735596
3.141479
2439.164
216.614
360.0273
1.0
Animal_Fish_M
0
0
0
2685.19
216.3913
576.1397
1.0
Obj_MineralGrain_A_02
-0.5991514
-0.2873693
0.8381202
2300.643
296.7721
871.8052
0.8
Obj_TreeBroadleaf_A_L.011
0
-0.4199994
0
2416.898
227.5659
678.8764
1.0
Obj_TreeBroadleaf_A_L.012
0
-2.24
0
2473.456
216.2059
445.3071
1.0
Item_Mushroom_D
1.625
-0.08654786
0.05541993
2179.707
139.1016
52.95313
1.0
Obj_TreeBroadleaf_A_L.013
0
2.687018
0
2039.061
269.5239
841.3778
1.088327
Obj_Plant_CypressLow_A_02.007
0.09111109
0.002670673
-0.06659185
2491.93
217.6769
445.3242
1.032227
Animal_Fish_E
0
0
0
2716.519
216.0327
577.4172
1.0
EnvSeEmitPointBirdWet
3.141479
-0.8060302
3.141479
2867.188
268.1836
202.3828
1.0
Obj_TreeConiferous_A_01.018
0
2.431325
0
2874.207
188.5332
94.88885
1.0
Obj_TreeConiferous_A_01.019
0
4.960822
0
2921.559
279.4034
826.5336
1.0
Obj_RockSetGray_A_02.001
0.1322737
-1.386546
-1.043837
2762.5
207.5
0
1.0
EnvSeEmitPointInsectTemperate
0.1888428
-0.2679443
-0.3660888
2740.238
225.1758
77.67188
1.0
Obj_TreeConiferous_A_02.012
0
0
0
2907.083
197.5609
536.2392
1.0
Obj_TreeBroadleaf_A_L.014
0
-0.9999999
0
2720.01
218.1155
449.31
1.0
Obj_TreeConiferous_A_01.020
0
0
0
2788.425
228.8827
151.8702
1.0
Animal_Insect_A
0
0
0
2692.83
216.3143
561.7725
1.0
Obj_Plant_CypressLow_A_01.011
0.1674879
0.6484066
0.150823
2259.925
239.1629
766.4619
1.0
Item_Mushroom_J
0
0.9101562
0
2794.563
229.1299
149.6016
1.0
Item_Mushroom_J
0
-0.03894043
0
2977.703
239.5165
47.64063
1.0
Obj_Plant_CypressLow_A_01.012
1.358292
1.417231
1.171983
2139.257
253.1973
758.922
1.0
EnvSeEmitPointInsectTemperate
-1.14685
1.481201
-0.5971679
2358.996
227.6016
441.3203
1.0
Item_Mushroom_M
3.141479
0.6750488
3.141479
2031.668
285.4794
990.2266
1.0
EnvSeEmitPointBirdWet
0.711914
0.1397705
-0.175415
2940.375
295.0391
346.7578
1.0
FldObj_KorokStone_A_01.011
0
2.257994
0
2150.652
260.4975
790.0803
1.0
Obj_TreeConiferous_A_01.021
0
-2.2
0
2625.942
244.4911
41.73935
1.0
Obj_MineralGrain_A_04.002
-2.824142
1.284831
-2.645573
2428.573
291.7653
757.3154
1.0
Obj_MineralGrain_A_04.003
0.2143718
0.005988322
-0.05564025
2407.781
288.3751
767.6742
1.0
FldObj_KorokStone_A_01.012
-0.02159301
-1.070796
3.141593
2923.086
292.9346
329.7254
1.0
FldObj_KorokStone_A_01.013
-3.12
1.070796
2.754768E-08
2924.761
290.8852
330.6384
1.0
FldObj_RockSheiker_A_M_02
0
-1.600001
0
2024.107
285.1297
974.2244
1.0
FldObj_KorokStone_A_01.014
0
0.8071981
0
2148.72
263.9741
792.5343
1.0
FldObj_KorokStone_A_01.015
0
-0.8835986
0
2150.248
261.5131
790.421
1.0
Obj_TreeBroadleaf_A_L.015
0
-1.06
0
2445.631
215.4081
393.8031
1.0
BoxWater
2.710496
-0.7415916
3.141593
2720.755
239.8161
595.8553
1.0
FldObj_RockSheiker_A_L_01
0
-0.18
0.2
2004.728
267.726
853.9367
1.0
Obj_TreeConiferous_A_02.013
0
0.1211407
0
2851.76
202.3193
123.0573
1.0
FldObj_CliffWhite_A_S_03.001
0
-1.18
0
2500.156
290.2939
904.5038
1.0
Animal_Doe_A
0
-0.4600001
0
2803.438
262.5406
714.2344
1.0
FldObj_KorokStone_A_01.016
1.600001
1.070796
1.317549E-06
2926.422
292.4482
332.1014
1.0
Item_Mushroom_D
-1.883911
-0.4008789
3.010376
2042.23
282.7813
609.2422
1.0
Item_Mushroom_J
0
0.2978515
0
2014.129
284.9163
963.9102
1.0
EnvSeEmitPointBirdWet
3.141479
-1.23584
3.141479
2788.906
236.8359
158.9063
1.0
Obj_Plant_CypressLow_A_01.013
-0.1476423
0.0004493331
0.006075657
2486.833
214.8799
630.2294
1.0
EnvSeEmitPointBirdTemperate
0.72583
-1.200683
-2.22583
2436.813
223.3789
377.2578
1.0
Obj_Plant_CypressLow_A_01.014
-0.3742307
1.200809
-0.4775202
2203.107
244.1199
774.1841
1.0
Animal_Deer_A
0
0
0
2812.004
259.7951
670.6348
1.0
EnvSeEmitPointBirdTropical
-1.847656
-0.5059814
-2.545044
2211.422
160.5547
34.23828
1.0
Obj_TreeConiferous_A_01.022
0
4.457012
0
2876.19
207.7192
116.0035
1.0
Obj_TreeBroadleaf_A_L.016
0
-0.96
0
2473.643
216.4991
424.2259
1.0
Obj_TreeBroadleaf_A_LL.002
0
0.3613063
0
2486.156
217.3916
447.5847
1.0
Obj_LiftRockWhite_Korok_A_01.002
0
-0.8800018
0
2089.641
130.2794
181.972
1.0
Obj_Plant_CypressLow_A_01.015
0.6494212
1.029226
0.6165037
2356.532
235.3744
849.4385
1.0
Obj_Plant_HopBush_A_01.001
-0.1657705
-1.146997
0.1211954
2413.094
216.0676
513.0156
0.884277
Animal_Doe_A
0
0.7853982
0
2672.5
218.7736
535.5
1.0
Obj_Plant_CypressLow_A_02.008
-2.733333
1.07936
-2.925015
2252.199
237.2571
788.7646
1.0
Obj_TreeConiferous_A_01.023
0
0
0
2898.639
199.3059
536.204
1.0
Obj_Plant_CypressLow_A_02.009
0.002055284
-0.4681174
-0.1589237
2862.156
205.3112
494.2109
1.095215
Animal_WildGoat_A
0
0
0
2397.448
218.7717
611.6968
1.0
Obj_Plant_CypressLow_A_02.010
0.4079122
0.3553207
0.2750193
2624
237.3623
419
1.048828
Item_Mushroom_E
0
0.543457
0
2421.434
215.5295
378.0508
1.0
Obj_Plant_CypressLow_A_01.016
0
1.220823
0
2288.71
234.543
783.567
1.0
Obj_Plant_CypressLow_A_01.017
0.3733005
1.22944
0.1691698
2473.151
217.1963
621.8481
1.0
EnvSeEmitPointInsectTemperate
2.793823
-0.8026122
-1.337891
2881.027
205.207
532.8359
1.0
Obj_TreeConiferous_A_01.024
0
1.02
0
2901.788
197.4151
569.8962
1.0
EnvSeEmitPointBirdTemperate
-1.14685
1.481201
-0.5971679
2358.996
229.1523
441.3203
1.0
Obj_TreeConiferous_A_01.025
0
0
0
2896.808
201.4094
527.3857
1.0
EnvSeEmitPointBirdTemperate
2.987671
-0.2387695
2.290283
2422.332
226.1641
478.2461
1.0
Obj_Plant_HopBush_A_01.002
-0.01412446
-0.3692956
-0.1895398
2789.883
209.78
496.6367
0.858887
Obj_TreeConiferous_A_01.026
0
0
0
2897.542
199.0168
541.156
1.0
EnvSeEmitPointBirdTemperate
-2.494629
0.6711426
-1.91333
2447.219
223.0234
380.9883
1.0
Obj_Plant_CypressLow_A_02.011
-0.1343312
0.01940157
0.2864649
2470.774
221.3228
655.145
1.0
Item_Mushroom_M
3.141479
-1.50293
3.141479
2416.926
217.1321
488.7852
1.0
Item_Mushroom_M
3.141479
-0.3092041
3.141479
2928.855
279.1467
830.0898
1.0
Obj_TreeBroadleaf_A_L.017
0
1.2
0
2421.786
218.1265
478.9958
1.0
Obj_Plant_CypressLow_A_02.012
2.87722
0.4801736
2.675577
2283.568
237.9632
754.4709
1.0
Obj_Plant_CypressLow_A_02.013
0
0.2138672
0
2431.723
215.2986
508.4297
1.083496
Obj_Plant_CypressLow_A_01.018
-2.937866
-0.2120371
2.931042
2253.075
237.449
790.3475
1.0
Obj_MineralGrain_A_04.004
-0.1517659
0.7882389
0.1527572
2331.962
266.9074
812.6327
1.0
Obj_TreeConiferous_A_01.027
0
-1.5
0
2811.129
225.9717
190.2624
1.0
Obj_MineralGrain_A_04.005
0.05865073
0.002902897
-0.09888034
2271.63
268.661
710.2855
1.0
Animal_Boar_A
0
0
0
2547.134
212.8583
612.8644
1.0
Obj_TreeBroadleaf_A_L.018
0
0.6087248
0
2688.729
221.7903
491.3677
1.05123
FldObj_KorokStone_A_01.017
0
-0.7635983
0
2145.6
263.1459
795.7844
1.0
Item_Mushroom_J
0
0.255249
0
2844.168
185.9407
89.75
1.0
Obj_Plant_CypressLow_A_01.019
0
-0.956543
0
2122.836
114.5667
292.0547
1.043945
Obj_LiftRockWhite_A_01
0
0
0
2890.033
188.0037
69.07953
1.0
Obj_TreeBroadleaf_A_L.019
0
1.32
0
2459.471
215.2425
420.6584
1.0
Item_Material_04
-0.5399998
0
0.6800002
2450.568
223.7159
406.9826
1.0
FldObj_PushRock_A_M_01.002
-3.137788
-0.5557988
-3.101596
2715.921
342.2025
897.8961
0.9
Obj_TreeBroadleaf_A_LL_Set_01.001
0
0
0
2703.97
219.7675
482.2754
1.0
Item_Mushroom_M
3.141479
0.3668213
3.141479
2030.422
284.9042
979.5938
1.0
Obj_TreeBroadleafLow_A_02.003
0
0.6905553
0
2311.825
235.2519
838.1589
1.13867
Obj_Plant_CypressLow_A_02.014
-0.1122301
0.1289577
-0.188576
2205.477
243.6651
773.4089
1.0
Obj_RockWhite_A_L_03.001
0
0
0
2688.326
216.673
608.1605
1.0
Animal_Fish_L
0
0
0
2711.961
215.966
580.4343
1.0
Obj_TreeConiferous_A_02.014
0
0
0
2727.564
222.3423
35.10568
1.0
Animal_WildGoat_A
0
-0.52
0
2386.238
221.6555
626.4651
1.0
FldObj_SoilRockSheiker_A_L_01
0
-1.94
0
2120.237
262.498
836.1276
1.0
Item_Mushroom_D
1.3302
-0.2036133
-0.007934563
2202.684
133.9258
61.22266
1.0
Obj_TreeBroadleaf_A_LL.003
0
-0.48
0
2484.306
217.2321
469.9596
1.0
Animal_Fish_M
0
0
0
2732.177
216.135
548.1899
1.0
Item_Plant_I
0
4.903772
0
2029.603
267.829
868.2251
1.0
Animal_Deer_A
0
0.7853982
0
2700
217.6564
458.5
1.0
GrassCutTag
0
-0.1399997
0
2166.502
144.2019
33.5087
1.0
Animal_LittleBird_F
0
0
0
2505.022
297.557
726.8944
1.0
Obj_TreeConiferous_A_02.015
0
4.732363
0
2196.801
150.7066
23.76959
1.0
Obj_TreeConiferous_A_01.028
0
2.16
0
2908.439
192.9237
643.8296
1.0
EnvSeEmitPointInsectTemperate
2.976318
0.9697265
2.72876
2772.105
191.6563
44.66797
1.0
Obj_Plant_CypressLow_A_01.020
3.031837
-0.2340986
2.994083
2095.272
261.5106
804.9651
1.0
FldObj_KorokStone_A_01.018
-0.01179486
0.4998729
3.116989
2923.919
290.906
330.1729
1.0
Obj_Plant_CypressLow_A_01.021
-0.1557292
0.7313664
-0.1489811
2482.721
223.6762
651.5779
1.0
Obj_LiftRockWhite_A_01.001
-0.1234358
0.0006681113
0.01081139
2876
188.553
93.99997
1.0
Obj_Plant_CypressLow_A_01.022
-0.2521658
-0.008018764
-0.06324112
2486.758
223.1267
647.9695
1.0
Obj_RockGray_A_L_01
-3.118619
0.8543727
-3.111134
2770.001
203.9219
12.50122
1.0
Item_Plant_A
3.141479
-1.425903
3.141479
2364.41
278.7946
790.2734
1.0
Area
0
1.08
0
2266.5
234.7793
788.5001
60
FldObj_KorokStone_A_01.019
0
0.6871978
0
2151.932
261.4662
787.7323
1.0
Item_Mushroom_J
3.141479
-0.7716064
3.141479
2902.695
188.9514
57.26953
1.0
EnvSeEmitPointBirdSubTropic
0
-1.437866
0
2027.848
292.9023
979.8477
1.0
Obj_RockGray_A_L_02
0.06559993
-0.435399
-0.154516
2860.5
192.5
92
1.0
Obj_TreeConiferous_A_02.016
0
-2.64
0
2733.455
220.2574
28.41043
1.0
EnvSeEmitPointBirdSubTropic
-2.065185
-0.1381836
-2.690186
2020.969
293.1133
938.6133
1.0
RockLayerMoss_A_L_03
0
-2.22
0
2427.123
213.221
482.2914
1.0
Item_Plant_I
0
-1.052612
0
2037.672
284.887
919.793
1.0
Obj_TreeBroadleafLow_A_01.003
0
0
0
2483.041
215.9348
614.5004
1.0
Obj_Plant_CypressLow_A_01.023
0
0.01281738
0
2117.23
114.6929
295.3828
0.853027
Obj_TreeConiferous_A_02.017
0
6.048132
0
2186.078
149.4227
24.91278
1.0
Animal_Doe_A
0
0.28
0
2812.504
259.8769
681.1348
1.0
FldObj_KorokStone_A_01.020
1.600001
1.070796
1.317549E-06
2927.781
292.4186
331.7342
1.0
Item_Mushroom_J
0
0.8623046
0
2869.109
259.8004
197.1992
1.0
Obj_TreeConiferous_A_01.029
0
0
0
2894.862
202.7595
517.4904
1.0
Obj_TreeConiferous_A_01.030
0
-1.06
0
2871.904
204.1447
529.0197
1.0
Obj_TreeConiferous_A_01.031
0
5.676882
0
2885.846
189.1325
92.62344
1.0
Obj_Plant_CypressLow_A_01.024
0.1375187
0.7861533
0.02213382
2789.648
210.192
490.6914
0.980957
Item_Material_04
-1.070168
0.3763285
-0.7010629
2004.841
276.0551
867.4661
1.0
Item_Mushroom_M
3.141479
-1.129394
3.141479
2670
226.3052
420.5
1.0
Item_Mushroom_M
3.141479
0.6397704
3.141479
2453.02
216.6884
497.3047
1.0
Obj_Plant_CypressLow_A_01.025
0.4621112
1.292192
0.2829207
2093.923
261.4704
807.2719
1.0
EnvSeEmitPointBirdTemperate
3.006836
-0.2803955
-2.84021
2764.66
229.2734
542.418
1.0
Obj_Mineral_C_01
2.193915
-1.253076
-1.299402
2933.765
224.778
46.10538
1.0
EnvSeEmitPointBirdWet
0
-0.1474609
0
2751.566
240.4766
161.457
1.0
Item_Mushroom_E
0
0.9656982
0
2007.801
285.0602
972.0234
1.0
Obj_RockGray_A_L_01.001
0.5049587
-0.1845702
0.6888698
2326.896
235.837
828.2974
1.0
FldObj_HyrulePrairieRock_A_01
0.8401875
1.377915
0.9704792
2876.552
186.3054
87.67386
1.0
Obj_Plant_HopBush_A_02.003
-0.2771046
0.7604892
-0.1287796
2425.09
215.5906
510.5664
0.850098
AddAutoPlacementCreator
0
0
0
2701.99
215.9529
564.1892
1.0
Obj_MineralGrain_A_04.006
2.982895
-1.280613
-3.078783
2148.597
256.8099
743.3947
1.0
FldObj_PushRock_A_M_01.003
-2.993633
0.8738036
-2.964113
2753.744
347.1932
919.7006
0.9
Obj_Plant_HopBush_A_01.003
0.05870752
0.3600009
-0.2912268
2356.496
223.0281
427.832
0.862793
Obj_Plant_CypressLow_A_01.026
0.1674995
0.2348133
-0.2272167
2283.688
237.7953
755.1668
1.0
FldObj_RockSheiker_A_M_02.001
0
0
0
2028.499
284.8864
930.0746
1.0
Obj_Plant_CypressLow_A_02.015
-0.182933
0.01938598
0.2105805
2530.412
214.5879
631.3646
1.0
Obj_TreeConiferous_A_02.018
0
0
0
2909
219.7714
94.34589
1.0
Obj_Plant_HopBush_A_02.004
0
0.6723632
0
2439.164
215.3701
385.9219
0.898438
Obj_MineralGrain_A_04.007
-0.3959342
0.03725567
0.05196148
2907.822
188.684
67.06345
1.0
Obj_TreeBroadleafLow_A_02.004
0
5.959855
0
2481.417
217.3126
426.1328
1.0
Obj_Plant_CypressLow_A_01.027
0.1333985
1.070335
0.1475698
2339.79
234.494
856.0839
1.0
Animal_LittleBird_F
0
0
0
2504.378
296.8835
729.3386
1.0
Obj_TreeConiferous_A_01.032
0
-0.7
0
2903.828
198.5461
544.9672
1.0
Obj_Plant_CypressLow_A_02.016
-0.1146931
0.004806567
0.08367617
2489.543
216.1081
635.7352
1.0
Item_Mushroom_D
-1.917602
0.9399413
3.103271
2739.043
142.8125
369.0469
1.0
Obj_TreeConiferous_A_01.033
0
-1.1
0
2903.952
194.9905
656.4861
1.0
Obj_TreeBroadleaf_A_L.020
0
2.84284
0
2651.025
227.1524
455.1202
1.091123
Obj_TreeBroadleaf_A_L.021
0
-1.34
0
2422.763
215.5641
377.1943
1.0
Obj_TreeBroadleafLow_A_02.005
0
0.4226587
0
2447.932
215.5779
413.774
1.0
EnvSeEmitPointBirdTemperate
2.312622
-0.1434326
3.073608
2059.602
275.8594
856.8477
1.0
Obj_TreeBroadleaf_A_L.022
0
-0.48
0
2745.437
223.3013
516.6521
1.0
Obj_Mineral_A_01.003
0
0
0
2421.373
244.4648
721.4702
1.0
Obj_TreeBroadleaf_A_L.023
0
-1.6
0
2361.614
221.1725
432.0593
1.0
FldObj_SoilRockSheiker_A_L_01.001
-0.16
0
-0.07999999
2146.38
252.4204
747.5654
1.0
Obj_TreeConiferous_A_02.019
0
0
0
2818.672
226.2104
210.4789
1.0
EnvSeEmitPointInsectTemperate
0.3110352
-0.4934082
-0.05529784
2855.676
193.1875
96.64844
1.0
Obj_TreeBroadleaf_A_LL.004
0
0
0
2041.933
267.8593
868.277
1.0
Animal_RupeeRabbit_A
0
0
0
2039.246
284.8789
919.2158
1.0
FldObj_WaterFallLanayru_A_S_01.002
0
-1.84
0
2963.95
276.4257
61.30994
0.8
Obj_Mineral_A_01.004
0.22
0
0
2407.627
288.5848
767.1915
1.0
Obj_Plant_CypressLow_A_01.028
-0.2835587
-0.4340123
0.05907725
2422.344
215.9602
512.1641
1.075684
Animal_Doe_A
0
-3.023185
0
2434.149
214.3964
608.7954
1.0
Obj_TreeBroadleaf_A_L.024
0
2.38
0
2459.867
214.6622
399.5116
1.0
Obj_BarrelOld_A_01
0.001406455
-0.0004510401
0.0001550836
2055.918
116.9044
156.076
1.0
Obj_TreeConiferous_A_02.020
0
0
0
2749.557
219.788
18.53702
1.0
EnvSeEmitPointInsectTemperate
0
-0.09729002
0
2691
218.9729
473.5
1.0
EnvSeEmitPointInsectTemperate
0
0.1212158
0
2699.166
213.537
596.7808
1.0
EnvSeEmitPointInsectTemperate
0
-0.1789551
0
2667.516
233.1602
55.67578
1.0
Animal_Deer_A
0
2.299999
0
2890.5
205.8098
492
1.0
Obj_TreeConiferous_A_01.034
0
0
0
2787.556
228.6505
179.2383
1.0
FldObj_KorokStone_A_01.021
0
-2.334394
0
2145.222
264.0522
794.7507
1.0
FldObj_RiverPile_A_01.001
0
0.09999999
0
2144.022
116.9172
312.4568
1.0
Item_Mushroom_J
0
-0.03637695
0
2069.063
285.398
942.9063
1.0
Animal_Deer_A
0
0.8399999
0
2529.227
215.7361
362.3047
1.0
Item_Mushroom_M
0
0.8945312
0
2724
218.1293
445
1.0
Obj_Plant_HopBush_A_01.004
-0.2232935
-1.034928
-0.2619325
2365.523
219.5967
432.0273
0.870605
Obj_Plant_CypressLow_A_02.017
-0.1223069
0.5055038
-0.1320824
2392.379
216.6795
542.1914
1.028809
Animal_LittleBird_F
0
0
0
2502.827
296.3244
729.7772
1.0
EnvSeEmitPointInsectTemperate
0.711914
0.1397705
-0.175415
2940.375
287.0742
346.7578
1.0
FldObj_ArtifactZoraCandlestick_A_01
0
-1.8
0
2835.132
228.2258
192.0854
1.0
Obj_TreeConiferous_A_01.035
0
1.22
0
2890.891
203.8857
509.8249
1.0
EnvSeEmitPointBirdTemperate
0.4055175
-0.7523193
-0.9925537
2449.191
238.5625
678.5898
1.0
EnvSeEmitPointBirdTemperate
-2.663574
0.9008789
-1.924805
2530.215
224.8398
415.8828
1.0
Item_Mushroom_M
3.141479
-1.000366
3.141479
2659.371
225.8307
444.7109
1.0
Animal_Deer_A
0
-0.6946017
0
2726.406
225.4688
515.8438
1.0
Item_Plant_I
0
-1.579928
0
2020.173
267.8264
865.3572
1.0
Obj_BarrelOld_A_01.001
3.089239
1.261389
3.076195
2056.886
116.9134
154.8303
1.0
FldObj_KorokStone_A_01.022
0
2.377995
0
2148.29
264.9506
791.5284
1.0
Obj_TreeBroadleafFallenTree_A_M_01
-0.2598208
1.086061
-0.2310068
2430.191
215.1512
432.6155
1.0
Obj_TreeConiferous_A_01.036
0
0.8399999
0
2903.433
198.0747
529.269
1.0
Obj_Plant_HopBush_A_02.005
0.4281422
0.4525892
0.2592618
2825.77
358.8489
910.7344
0.950684
FldObj_RockSheiker_A_M_01
0
0.5799999
0
2026.256
267.8264
869.5701
1.0
Obj_Plant_CypressLow_A_02.018
-0.5281744
0.08186691
0.3006431
2476.378
224.5179
662.1149
1.0
Obj_TreeConiferous_A_02.021
0
0
0
2718.39
222.9716
48.52423
1.0
Obj_LiftRockWhite_A_01.002
0
0
0
2790.915
190.1886
45.1304
1.0
BoxWater
0
-2.400001
0
2710.515
209.4537
578.5313
1.0
Item_Mushroom_D
-1.96582
0.7703857
-2.698364
2368.184
300.9219
964.6836
1.0
Obj_LiftRockWhite_Korok_A_01.003
0.14
0.2999999
0
2083.085
129.1913
178.6305
1.0
Item_Material_04
-1.070168
0.3763285
-0.7010629
2450.748
223.7235
407.051
1.0
Obj_TreeBroadleafLow_A_01.004
0
0.8
0
2868.285
187.4233
86.55698
1.0
Obj_TreeConiferous_A_02.022
0
-0.96
0
2888.23
199.4062
543.7611
1.0
Obj_TreeBroadleaf_A_L.025
0
0
0
2042.161
267.966
847.8213
1.0
Obj_TreeConiferous_A_01.037
0
5.753466
0
2836.587
185.5583
57.00555
1.0
Obj_TreeConiferous_A_02.023
0
4.810571
0
2770
211.3227
72.12109
1.0
Item_Mushroom_J
0
-0.8985595
0
2883.879
205.9372
496.3008
1.0
Obj_Mineral_A_01.005
0
0
0.16
2314.061
253.2171
759.8511
1.0
Obj_Plant_CypressLow_A_01.029
-0.5133257
0.863382
-0.6976164
2277.682
234.8481
812.9853
1.0
FldObj_CliffWhite_A_S_02.001
0
-0.66
0
2394.5
220.5
373
1.0
Obj_Plant_CypressLow_A_02.019
2.91689
1.20631
2.73079
2281.814
237.5645
759.7691
1.0
Obj_Plant_CypressLow_A_01.030
-0.1583094
-0.006835072
-0.0861172
2509.339
215.0324
634.3608
1.0
EnvSeEmitPointBirdWet
0
1.38269
0
2785.531
237.2031
174.7813
1.0
Obj_TreeConiferous_A_02.024
0
0
0
2751.848
232.4263
160.639
1.0
EnvSeEmitPointInsectTropical
0
0.3082275
0
2187.145
149.6367
24.65234
1.0
FldObj_KorokStone_A_01.023
0
-0.7635983
0
2147.996
263.9506
791.8425
1.0
Obj_TreeConiferous_A_01.038
0
0
0
2971.55
241.8515
59.13965
1.0
Animal_Doe_A
0
0
0
2396.5
214.9052
404
1.0
Obj_Plant_CypressLow_A_02.020
3.010713
0.3061074
3.073046
2256.729
239.2439
765.4972
1.0
Obj_RockGray_A_L_02.001
2.891325
-0.6933983
-3.08972
2860.229
191.9985
98.72351
1.0
FldObj_KorokStone_A_01.024
0
2.257994
0
2152.261
262.4662
787.4557
1.0
Obj_RockGray_A_L_03
0.3777374
0.09306428
0.3072782
2296.166
234.889
800.8387
1.0
Obj_TreeConiferous_A_02.025
0
1.36
0
2746.878
232.3836
156.2743
1.0
Obj_TreeBroadleaf_A_L.026
0
0
0
2439.355
216.4202
361.2708
1.0
FldObj_RiverPile_A_01.002
0
0.2799999
0
2135.025
117.2429
235.0591
1.0
FldObj_KorokStone_A_01.025
0
-2.334394
0
2147.006
262.9897
794.3269
1.0
Obj_TreeConiferous_A_02.026
0
1.816112
0
2793.388
225.3473
98.50439
1.0
Animal_WildGoat_A
0
0
0
2480.985
219.3725
561.7199
1.0
Obj_TreeConiferous_A_01.039
0
0.7
0
2986.406
238.9507
54.6795
1.0
Item_Mushroom_M
0
0.07165528
0
2417.324
216.8494
490.3477
1.0
Obj_TreeConiferous_A_02.027
0
-0.7
0
2930.545
280.0528
834.9848
1.1
Obj_TreeConiferous_A_02.028
0
0
0
2823.314
228.065
177.9507
1.0
Obj_Plant_CypressLow_A_02.021
-0.2272451
0.001867538
0.01636521
2488.066
215.2163
631.9893
1.0
Animal_Doe_A
0
0.9
0
2472.516
209.1297
388
1.0
Obj_TreeBroadleaf_A_LL_Set_01.002
0
-1.72
0
2015.948
267.8422
847.5636
1.0
Obj_TreeBroadleaf_A_L.027
0
0
0
2636.898
228.4974
460.8037
1.0
FldObj_SoilRockSheiker_A_M_01.002
-0.218837
0.3441354
-0.1692384
2236.569
239.2095
787.5821
1.0
Obj_Plant_HopBush_A_02.006
-0.2979785
-0.1061379
0.3988514
2825.523
359.1439
913.8594
1.038574
Item_Mushroom_M
0
-0.4808349
0
2880.063
205.3625
506.4492
1.0
Obj_TreeBroadleaf_A_L.028
0
1.64
0
2072.078
266.9472
855.1232
1.0
FldObj_KorokStone_A_01.026
0
-2.454395
0
2151.113
259.4975
788.4006
1.0
Obj_TreeBroadleaf_A_L.029
0
-0.4599998
0
2453.666
216.4772
498.6598
1.0
Item_Material_04
-1.935679
-0.8832487
1.434907
2374.889
227.4402
446.6273
1.0
Obj_Plant_CypressLow_A_02.022
-1.540831
1.388374
-1.317319
2506.793
210.888
411.4844
0.978516
Obj_TreeConiferous_A_01.040
0
0.5560762
0
2901.589
188.6568
57.77682
1.0
FldObj_KorokStone_A_01.027
0.4998206
0.01399965
-1.596426
2928.213
292.3999
333.0359
1.0
Obj_TreeBroadleaf_A_L.030
0
0.2162955
0
2034.202
267.8696
875.4169
1.04063
EnvSeEmitPointBirdTropical
-0.6003417
0.9422607
-0.2751465
2125.215
123.1953
2.195313
1.0
Obj_TreeBroadleaf_A_L.031
0
1.22
0
2427.016
230.2235
687.7849
1.0
Obj_TreeConiferous_A_02.029
0
2.785989
0
2753.868
220.2276
75.01111
1.0
FldObj_SoilRockSheiker_A_L_01.002
-0.2344864
0.006675634
0.05666226
2231.666
238.3739
756.9998
1.0
Item_Mushroom_M
3.141479
-0.2601318
3.141479
2452.203
216.3297
499.5781
1.0
FldObj_CliffWhite_A_S_03.002
0
-2.12
0
2471.305
203.2813
374.3047
1.0
Item_Mushroom_F
3.141479
-1.066895
3.141479
2771.332
210.7188
72.17578
1.0
Obj_Plant_CypressLow_A_01.031
-0.2632488
-1.042963
-0.03826264
2364.395
224.8445
597.6367
0.928711
Obj_Plant_CypressLow_A_01.032
0.3755385
0.7326612
-0.009186857
2281.503
238.1468
756.3032
1.0
Item_Mushroom_E
0
0
0
2957.674
241.2959
57.31955
1.0
Obj_TreeConiferous_A_02.030
0
3.731034
0
2840.018
192.5475
106.4448
1.0
Obj_Plant_HopBush_A_01.005
-0.4961062
1.231232
-0.480361
2113.184
311.0291
621.3438
0.955566
Item_Mushroom_D
-2.072266
-0.5197754
-2.981933
2069.574
285.2031
878.9844
1.0
Animal_LittleBird_F
0
0
0
2562.006
247.1391
645.8136
1.0
Obj_MineralBury_A_01
0
0
0
2938.151
164.1602
487.1874
1.0
Obj_Plant_HopBush_A_01.006
0
0.1090088
0
2116
114.699
284.3438
1.034668
Obj_TreeBroadleafLow_A_02.006
0
0.8399999
0
2806.908
227.6324
173.2813
1.0
Obj_TreeBroadleaf_A_L.032
0
-0.86
0
2358.394
221.2819
442.1187
1.0
Item_Mushroom_D
-2.073852
0.008666991
-3.130737
2092.5
261.4648
465.8633
1.0
Obj_TreeBroadleaf_A_L.033
0
-0.86
0
2398.969
217.8548
470.309
1.0
Obj_Plant_CypressLow_A_02.023
0.05292922
-1.335739
0.1454744
2526
221.4993
490
0.864258
FldObj_RockYellowOcher_A_M_02
-0.18
0.16
0
2988.501
252.3197
821.8367
1.0
Obj_TreeBroadleafLow_A_02.007
0
-1.3
0
2924.832
280.9148
832.7073
1.0
FldObj_KorokStone_A_01.028
0
-0.7635983
0
2147.986
261.9506
793.296
1.0
EnvSeEmitPointBirdTemperate
2.255737
1.270996
2.420898
2441.355
225.3789
486.1094
1.0
Obj_TreeBroadleafLow_A_01.005
0
0
0
2429.595
216.1609
458.4978
1.0
Animal_Fish_M
0
0
0
2730.462
216.085
546.2015
1.0
Obj_TreeBroadleafLow_A_02.008
0
-0.92
0
2034.086
268.3052
846.5836
1.0
Obj_TreeBroadleaf_A_LL.005
0
5.393502
0
2686.053
222.0303
440.6553
1.095633
Obj_TreeConiferous_A_02.031
0
2.59747
0
2809.307
186.195
35.23953
1.0
Obj_RockGray_A_L_03.001
0.54
0
0.68
2763
208.5
0.5
1.0
EnvSeEmitPointInsectTemperate
0.3875732
1.137451
-0.1348877
2279.801
267.6094
513.5156
1.0
Kibako_Contain_01
-0.1365223
-0.009950283
0.06171266
2070.885
117.2251
153.7333
1.0
Obj_Plant_CypressLow_A_02.024
3.014619
0.6519423
2.912779
2143.317
252.7607
757.6692
1.0
Item_Mushroom_M
0
1.304321
0
2052.379
284.8887
982.2734
1.0
Item_Material_04
0.2032887
-0.8339562
-1.103434
2084.467
274.9879
852.918
1.0
Obj_TreeBroadleaf_A_L.034
0
0
0
2764.016
221.3745
541.3807
1.0
Animal_Doe_A
0
0
0
2702
222.1292
513
1.0
FldObj_KorokStone_A_01.029
0
-2.454395
0
2149.251
260.5131
789.9364
1.0
Item_Mushroom_M
3.141479
-0.5491943
3.141479
2658.207
225.9522
445.9727
1.0
Obj_TreeConiferous_A_02.032
0
0
0
2898.974
196.6585
658.7277
1.0
Obj_Plant_Shrub_A_01
-0.1129481
-1.048268
0.2668149
2869.832
260.406
201.0625
1.007324
Obj_RockLayerMoss_A_Tunnel_02
-0.04278272
0.6187158
-0.07367606
2455.075
215.6981
474.2426
1.0
Obj_TreeBroadleaf_A_L.035
0
0
0
2442.448
215.8353
517.7507
1.0
FldObj_KorokStone_A_01.030
0
0.6871978
0
2149.599
259.5131
789.6506
1.0
Item_Plant_B
0
-0.9687499
0
2445.578
215.462
505.918
1.0
Animal_Insect_A
0
0
0
2691.158
216.3132
564.1096
1.0
FldObj_BridgeZoraStone_B_02
0
0.1000004
0
2876
187.76
33.57449
1.0
Obj_TreeConiferous_A_01.041
0
1.36
0
2874.353
203.859
489.5791
1.0
FldObj_KorokStone_A_01.031
0
2.257994
0
2148.829
261.5131
790.2875
1.0
Obj_TreeConiferous_A_02.033
0
-2.52
0
2997.558
239.4992
61.21301
1.0
EnvSeEmitPointBirdTemperate
0.2635498
-1.071411
-0.4295654
2902.836
205.4258
568.9805
1.0
FldObj_ArtifactZoraPillar_A_01
0
-0.6853978
0
2875.598
188.025
69.69385
1.0
GrassCutTag
0
0
0
2993.987
251.9932
772.9237
1.0
Item_Material_04
-2.345454
-0.8771716
1.752589
2016.184
276.0634
847.5555
1.0
FldObj_KorokStone_A_01.032
0
2.377995
0
2145.943
262.1381
795.434
1.0
Obj_Plant_CypressLow_A_02.025
-0.1200601
0.02120772
0.3492809
2478.849
224.7799
659.6257
1.0
Obj_TreeConiferous_A_01.042
0
-1.04
0
2968.208
240.4464
47.65396
1.0
Obj_Plant_CypressLow_A_02.026
-0.1324306
0.3718255
-0.03558763
2456.789
216.3263
511.9414
0.995605
Item_Mushroom_D
-2.239258
0.6862792
3.016968
2451.391
156.5195
255.25
1.0
Obj_MineralBury_A_01.001
-2.756409
0.4917094
-2.262586
2300.609
297.0839
871.5109
1.0
BarrelBomb3
0.009113074
0.7988431
-0.02091066
2765.498
205.731
8.002202
1.0
Obj_LiftRockWhite_Korok_A_01.004
0
0.6599999
0
2082.162
129.0745
179.6783
1.0
Obj_TreeBroadleaf_A_L.036
0
0
0
2374.642
219.282
466.5672
1.0
EnvSeEmitPointBirdTemperate
3.141479
-1.390137
3.141479
2971.316
261.1719
760.6797
1.0
Item_Mushroom_D
-1.70105
0.7335204
2.913574
2647.25
241.7188
357.582
1.0
Animal_Doe_A
0
0
0
2757
259.764
685.5
1.0
Obj_TreeBroadleaf_A_LL.006
0
-1.16
0
2059.692
267.8633
857.7662
1.0
Obj_TreeConiferous_A_02.034
0
-0.8
0
2699.856
234.6562
110.7299
1.0
Obj_TreeConiferous_A_02.035
0
-1.42
0
2865.98
260.0497
202.8914
1.0
Obj_RockGray_A_L_03.002
0
-1.550796
0
2852.5
179.5
33
1.0
FldObj_RockSheiker_A_L_01.001
-0.09578914
-1.275352
0.1909797
2012.48
285.0583
948.9912
1.0
Animal_Fish_M
0
0
0
2689.248
215.9871
550.5009
1.0
Obj_RockSetGray_A_02.002
0
-0.7599999
0
2797.318
226.5389
184.4609
1.0
Obj_MineralGrain_A_02.001
-2.689866
-1.197178
2.594211
2901.516
199.7583
78.83148
1.0
Obj_TreeConiferous_A_02.036
0
2.14
0
2686.6
234.2958
99.55164
1.0
Obj_RockSetGray_A_02.003
-3.027376
0.3469776
3.047187
2314.411
235.6166
845.6576
1.0
Obj_RockSetGray_A_02.004
-0.7166213
-1.528411
0.8002915
2864.831
187.0875
93.94006
1.0
Obj_Plant_CypressLow_A_02.027
0.07042365
-0.05848353
-0.0967934
2801.672
218.6492
548.9063
1.081543
Item_Mushroom_M
3.141479
0.2182617
3.141479
2002.008
285.8793
981.6094
1.0
FldObj_ArtifactZoraCandlestick_A_01.001
3.120786
-0.9018923
3.095204
2844.31
185.9894
65.70511
1.0
Animal_Doe_A
0
0.7853982
0
2721
216.8759
539
1.0
Item_Plant_A
0
-1.360596
0
2778.551
190.2245
51.37891
1.0
Item_Mushroom_J
0
-0.4267578
0
2067.398
285.1353
942.6563
1.0
Obj_Plant_CypressLow_A_02.028
0.0675101
0.01148552
-0.3369186
2480.712
216.645
614.3488
1.0
Obj_TreeConiferous_A_01.043
0
0
0
2744.061
219.011
17.82938
1.0
Item_Plant_I
0
0.1429443
0
2815.172
225.0475
204.9766
1.0
Obj_RockSetGray_A_02.005
3.039745
0.4399076
2.844396
2329.375
234.2239
857.3373
1.0
Item_Plant_I
3.141479
0.2536621
3.141479
2724.813
232.3825
99.10156
1.0
EnvSeEmitPointBirdTemperate
2.734741
-0.8292236
-2.856201
2892.605
208.6016
532.7617
1.0
Obj_Plant_CypressLow_A_02.029
-0.2903163
0.9999116
-0.04294976
2511.598
212.6781
415.7969
1.032715
Obj_TreeConiferous_A_02.037
0
0
0
2887.173
199.3394
650.1809
1.0
Obj_TreeBroadleafLow_A_01.006
0
1.107544
0
2344.643
234.6164
844.5541
1.054514
Obj_TreeConiferous_A_01.044
0
-1.24
0
2730.771
231.1562
94.41779
1.0
EnvSeEmitPointBirdTemperate
-2.939453
0.9310302
3.137817
2905.203
204.4023
665.2734
1.0
Obj_TreeConiferous_A_01.045
0
-1.06
0
2957.102
241.247
56.48611
1.0
Item_Material_04
-0.5399998
0
0.6800002
2703.927
227.9886
482.0432
1.0
Obj_TreeBroadleaf_A_L.037
0
0.84
0
2357.306
222.9658
418.6678
1.0
Obj_TreeConiferous_A_02.038
0
1.32
0
2723.832
232.9362
124.299
1.0
FldObj_KorokStone_A_01.033
-0.01179486
0.4998729
3.116989
2923.574
292.9346
328.8426
1.0
FldObj_KorokStone_A_01.034
0
-2.334394
0
2146.586
261.6069
793.3152
1.0
Obj_Plant_CypressLow_A_02.030
-0.2658113
-0.8728785
0.4282249
2514.059
212.407
410.8008
0.85791
Obj_TreeBroadleaf_A_L.038
0
0
0
2474.93
216.7427
433.1919
1.0
Animal_LittleBird_F
0
0
0
2536.321
247.6831
658.0284
1.0
Obj_RockLayerMoss_A_LL_03.001
0
-0.5799999
0
2726.278
232.7821
144.7635
1.0
Obj_TreeConiferous_A_02.039
0
3.055979
0
2945.302
277.9414
836.0283
1.0
FldObj_CliffWhiteLumpRock_A_02
-0.6993735
-0.34223
0.245043
2373.405
238.6054
856.9248
1.0
Item_Plant_A
3.141479
-1.34021
3.141479
2854.953
245.7675
152.3828
1.0
Obj_TreeConiferous_A_02.040
0
-1.92
0
2869.345
205.5626
510.1666
1.0
Obj_Mineral_B_01
-0.2786728
-0.02759305
-0.4161298
2963.645
167.9213
492.751
1.0
Obj_TreeBroadleaf_A_L.039
0
0.9999999
0
2530.402
216.9546
417.0754
1.0
EnvSeEmitPointBirdSubTropic
1.664307
1.318848
1.665039
2003.047
276.1367
869.0586
1.0
EnvSeEmitPointBirdTemperate
3.141479
-0.750122
3.141479
2416.176
235.4141
678.1094
1.0
Obj_Plant_CypressLow_A_02.031
-0.2603283
-0.007881612
-0.06019019
2513.124
215.3963
637.8298
1.0
FldObj_RockSheiker_A_M_01.001
-0.4999999
0
0
2043.281
284.9042
961.2541
1.2
EnvSeEmitPointBirdTemperate
0.7172851
-1.020752
-0.9173583
2688.215
229.8672
490.9883
1.0
Obj_TreeConiferous_A_01.046
0
1.54
0
2815.145
225.3702
199.8481
1.0
Item_Mushroom_J
0.08418509
-0.8578592
-0.07777302
2422.915
215.4812
378.5474
1.0
Obj_Plant_CypressLow_A_01.033
-0.4274447
0.971259
-0.2868664
2675.508
222.3902
640.2109
0.933594
FldObj_KorokStone_A_01.035
-3.129798
-0.499873
-0.02460399
2923.963
292.9131
330.2047
1.0
Obj_Plant_CypressLow_A_01.034
-0.2366793
0.8774928
-0.1575593
2455.621
215.7379
507.918
0.937012
FldObj_KorokStone_A_01.036
0
-2.454395
0
2150.991
259.1381
789.7991
1.0
Obj_TreeConiferous_A_01.047
0
-1.16
0
2971.287
253.2875
761.5625
1.0
FldObj_KorokStone_A_01.037
0
0.8071981
0
2146.633
262.1381
794.7181
1.0
BarrelBomb3
-0.02001995
1.219462
-0.0415428
2764.999
205.7434
9.000021
1.0
Animal_Doe_A
0
-2.8
0
2500.406
208.9247
407.4766
1.0
Obj_TreeConiferous_A_02.041
0
3.202823
0
2850.057
186.269
90.27386
1.0
Obj_Plant_CypressLow_A_02.032
0.5742623
-0.9127189
-0.5545481
2570.066
315.7693
816.2109
1.043945
Obj_Plant_CypressLow_A_02.033
0.1702102
-1.177106
-0.3784218
2365.855
219.6679
437.5742
1.086914
Obj_Plant_CypressLow_A_02.034
0
2.894664
0
2347.867
234.543
846.2023
1.0
Obj_RockGray_A_L_02.002
-1.695654
-0.8422149
2.106712
2818.426
189.1484
38.35156
1.0
Obj_MineralGrain_A_04.008
-0.05505177
-0.004561359
-0.2452927
2939.283
163.6949
487.285
1.0
Item_Mushroom_J
3.141479
-0.8339843
3.141479
2052.844
284.8674
923.7031
1.0
FldObj_KorokStone_A_01.038
0
-0.8835986
0
2148.446
260.4975
790.5854
1.0
EnvSeEmitPointInsectTemperate
-0.4177246
0.8796386
-0.6850586
2670.512
232.4453
422.3438
1.0
Obj_TreeConiferous_A_02.042
0
2.856709
0
2887.888
188.8333
90.15527
1.0
Item_Mushroom_D
1.158081
-0.7337646
0.6196289
2188.871
147.1094
53.71875
1.0
Obj_Mineral_A_01.006
0
0
0
2439.563
247.2565
714.2396
1.0
Obj_TreeBroadleaf_A_L.040
0
0.4599999
0
2485.337
216.8779
421.8639
1.0
Obj_TreeConiferous_A_01.048
0
5.739819
0
2748.52
222.3657
74.88998
1.0
FldObj_PushRock_A_M_01.004
-0.8611943
1.492674
-0.853249
2750.871
345.3562
906.7751
0.9
FldObj_RiverPile_A_01.003
0
-3
0
2140.833
117.9241
290.1112
1.0
Obj_Mineral_A_01.007
-0.3400001
0
0
2961.3
167.5393
493.0339
1.0
Obj_TreeConiferous_A_01.049
0
1.1
0
2883.569
204.8136
511.2584
1.0
Obj_TreeConiferous_A_01.050
0
0.08706876
0
2779.106
208.1652
74.15356
1.0
RockSetWhite_A_01
0
0
0
2390.011
227.2201
666.7964
1.0
Obj_Plant_CypressLow_A_02.035
-3.057322
0.2632304
-2.864265
2309.986
233.0239
719.7043
1.0
Item_Mushroom_E
0
-1.460205
0
2629.906
242.3116
25.96875
1.0
Animal_Doe_A
0
0
0
2515.966
218.8121
524.6922
1.0
Obj_Plant_CypressLow_A_02.036
0.02208408
0.00229081
-0.2067133
2543.838
217.8888
591.9953
1.0
FldObj_KorokStone_A_01.039
0
-0.8835986
0
2150.356
259.1381
789.0256
1.0
Obj_TreeConiferous_A_02.043
0
0
0
2785.09
229.2618
173.0397
1.0
Obj_MineralGrain_A_04.009
0.2998715
-0.01347644
0.08914918
2983.044
278.5816
360.3119
1.0
Obj_Plant_CypressLow_A_01.035
0.04284719
-1.045233
-0.08536437
2339.736
234.44
858.8223
1.0
Item_Mushroom_D
-1.718506
-1.240478
3.128662
2130.633
298.3594
824.9414
1.0
SignalFireWood
0
0
0
2422.564
216.3737
524.562
1.0
Obj_Plant_CypressLow_A_02.037
-0.5869359
0.7907748
-0.7086843
2275.198
234.9821
811.244
1.0
Obj_Plant_CypressLow_A_02.038
-1.377113
-1.227816
1.203753
2311.27
234.0612
833.1389
1.0
Obj_RockGray_A_M_06.002
-0.3368521
-0.03123249
-0.1831816
2309.975
236.4981
844.7575
1.0
Obj_Plant_CypressLow_A_01.036
-0.1080832
0.09087443
-0.08591164
2336.661
234.7081
839.6793
1.0
Obj_RockGray_A_L_03.003
-2.318844
-0.9261799
2.031445
2823.5
185
37.5
1.0
Obj_Plant_CypressLow_A_02.039
0.1536705
-0.4513151
-0.181239
2635.438
223.9841
488.2188
0.91748
Obj_TreeConiferous_A_01.051
0
0
0
2869.378
260.0101
198.3608
1.0
Obj_TreeBroadleaf_A_L.041
0
0.96
0
2752.664
222.9528
530.9457
1.0
Obj_TreeConiferous_A_02.044
0
5.253152
0
2777.495
192.1326
40.77402
1.0
Obj_TreeConiferous_A_01.052
0
-1.4
0
2824.756
234.011
144.1193
1.0
Obj_TreeConiferous_A_02.045
0
0.8800001
0
2826.901
235.565
149.4871
1.0
Item_Mushroom_M
0
-0.34729
0
2884.391
204.707
510.957
1.0
FldObj_SoilRockSheiker_A_M_01.003
-0.2783004
0.001882049
0.0134377
2180.549
248.2347
777.7126
1.0
FldObj_KorokStone_A_01.040
1.600001
1.070796
1.317549E-06
2929.927
290.4414
333.9695
1.0
Obj_LiftRockWhite_Korok_A_01.005
0
-0.1200004
0
2086.001
129.5695
177.844
1.0
Obj_TreeBroadleafLow_A_02.009
0
0.72
0
2866.482
259.375
197.0862
1.0
Obj_RockGray_A_M_06.003
0.7062461
-0.03273134
0.08875552
2352.257
234.0814
845.6315
1.0
Obj_Plant_CypressLow_A_02.040
-0.06905156
0.1099588
0.1623809
2520.055
214.8124
420.0781
0.96875
FldObj_RockSheiker_A_M_01.002
0
2.36
0
2043.882
284.373
963.3655
1.0
Obj_Plant_CypressLow_A_01.037
0
-0.3681947
0
2358.807
234.4277
851.0983
1.0
Obj_Plant_CypressLow_A_01.038
-0.235479
-0.8649514
0.09630163
2510.563
214.8582
633.9414
0.869629
Obj_Plant_CypressLow_A_01.039
-0.2898599
-0.2919991
0.05729857
2516.174
215.2148
638.5615
1.0
Animal_Doe_A
0
-0.7853982
0
2601
221.7128
557
1.0
Item_Mushroom_D
-1.819092
-0.1589355
2.739624
2183.375
354.582
859.4258
1.0
Obj_TreeBroadleaf_A_L.042
0
2.880113
0
2643.301
228.7775
448.3821
1.0
Obj_TreeBroadleaf_A_LL_Set_01.003
0
-1.46
0
2374.663
219.2191
446.6957
1.0
Obj_TreeConiferous_A_01.053
0
-2.68
0
2751.882
219.9843
12.82651
1.0
Obj_TreeBroadleafLow_A_01.007
0
0
0
2016.26
267.8264
868.6265
1.0
Obj_Plant_CypressLow_A_02.041
0.09582251
-1.295263
0.007463324
2973.453
253.486
762.9492
0.986328
GrassCutTag
0
0
0
2991.487
251.3832
787.9237
1.0
Obj_RockZoraCoral_A_L_01
0
0
0
2897.982
262.7036
151.2462
1.0
EnvSeEmitPointInsectTemperate
0.4926758
-1.115967
-0.5561523
2839.781
235.1367
177.1211
1.0
Obj_Plant_CypressLow_A_01.040
-0.5437068
0.4103888
0.1179774
2478.587
225.6235
662.3985
1.0
FldObj_KorokStone_A_01.041
-3.129798
-0.499873
-0.02460399
2925.345
293.8758
329.8102
1.0
Obj_TreeBroadleaf_A_L.043
0
0
0
2463.014
215.6494
445.3118
1.0
Item_Plant_B
3.141479
0.621704
3.141479
2423.563
217.3602
464.3125
1.0
Obj_Plant_CypressLow_A_02.042
3.026535
-0.3778012
-3.086278
2253.469
238.9282
768.8317
1.0
Obj_Plant_CypressLow_A_02.043
2.703788
-1.001024
-2.795928
2471.023
217.1725
624.1595
1.0
Animal_Deer_A
0
0.6600001
0
2549.147
213.5717
607.7941
1.0
Obj_Plant_CypressLow_A_01.041
-0.1998096
0.9258971
-0.2352736
2513.827
214.3688
631.8142
1.0
Obj_Plant_CypressLow_A_01.042
2.79109
1.26271
2.827791
2258.87
238.845
768.6612
1.0
Item_Mushroom_F
0
0.9761962
0
2479.707
217.7038
468.457
1.0
FldObj_BirdNest_A_01.001
0
0
-0.2
2703.934
227.8586
481.9671
1.0
Obj_TreeBroadleaf_A_L.044
0
3.313207
0
2052.109
268.5874
837.7983
1.061804
Obj_TreeConiferous_A_02.046
0
2.054102
0
2112.907
115.4688
13.75235
1.0
Obj_TreeBroadleaf_A_L.045
0
1.22
0
2493.629
215.6228
476.4053
1.0
Obj_MineralGrain_A_02.002
0.2602088
-0.116394
1.286247
2331.839
269.0897
809.5529
1.0
Obj_Plant_HopBush_A_02.007
-0.7013486
1.32289
-0.7179905
2899.953
349.5617
916.8125
1.044434
Item_Plant_B
0
0.6489257
0
2741.391
225.4143
74.68359
1.0
FldObj_KorokStone_A_01.042
2.641772
-0.01399973
1.545167
2927.312
292.4186
332.5858
1.0
FldObj_KorokStone_A_01.043
0
0.8071981
0
2145.219
261.9819
794.7422
1.0
Animal_Doe_A
0
0
0
2812
264.0494
718.5
1.0
Obj_TreeConiferous_A_02.047
0
3.896719
0
2103.692
115.8261
29.11279
1.0
FldObj_BirdNest_A_01.002
1.993817
-1.352048
-1.984861
2084.626
274.8502
852.7579
1.0
Obj_Plant_CypressLow_A_02.044
-2.664037
0.7266183
-2.565667
2321.278
232.8513
689.4069
1.0
Item_Mushroom_M
3.141479
1.043213
3.141479
2945.5
277.1703
834.7148
1.0
Obj_Plant_HopBush_A_01.007
0
0.2696533
0
2123.73
114.699
335.3906
0.958984
Obj_RockSetGray_A_02.006
0
-1.46
0
2058.883
116.9834
166.1791
1.0
Obj_LiftRockWhite_Korok_A_01.006
0.14
0.2999999
0
2087.871
129.3632
184.5663
1.0
Animal_Insect_A
0
0
0
2960.393
241.7282
61.22867
1.0
Item_Mushroom_D
-2.375122
-0.7495117
-2.964721
2786
310.125
774.5117
1.0
Obj_TreeConiferous_A_01.054
0
-1.32
0
2976.841
239.7867
47.41321
1.0
Obj_Plant_CypressLow_A_01.043
0.4999317
-1.435738
-0.7394006
2478.969
217.0217
616.7993
1.0
Obj_TreeBroadleafFallenTree_A_M_01.001
0
-0.32
0.02
2438.045
215.1512
400.9695
1.0
Obj_TreeConiferous_A_01.055
0
4.143743
0
2721.841
233.114
98.18741
1.0
Obj_TreeConiferous_A_02.048
0
-1.26
0
2822.245
226.9187
199.7873
1.0
Obj_TreeConiferous_A_02.049
0
0.94
0
2904.975
196.8799
669.4277
1.0
Obj_TreeBroadleaf_A_L.046
0
2.62
0
2439.887
215.6187
447.878
1.0
Obj_TreeConiferous_A_02.050
0
-1.54
0
2896.598
195.4382
646.2257
1.0
Obj_RockGray_A_L_03.004
-2.274276
0.767306
-2.109123
2864.08
188.5622
100.0516
1.0
FldObj_PushRock_A_M_01.005
-2.65707
0.1332575
-2.980429
2741.798
343.9271
897.301
0.9
Obj_Plant_CypressLow_A_01.044
-2.930292
-0.538645
2.873973
2177.475
247.1158
772.8236
1.0
RockSetWhite_A_02
0
1.383186
0
2519.138
218.5503
509.62
1.0
Obj_TreeConiferous_A_01.056
0
-0.72
0
2903.874
196.5526
664.5776
1.0
EnvSeEmitPointInsectTemperate
2.060425
-0.3081055
2.863159
2482.398
220.1055
454.1289
1.0
Obj_Plant_CypressLow_A_01.045
-0.171364
-0.1228062
0.107187
2320.059
231.6967
685.4365
1.0
FldObj_ArtifactZoraPillar_A_01.001
0
-0.6853978
0
2876.378
188.0249
-2.575684
1.0
Obj_TreeConiferous_A_01.057
0
0.86
0
2750.847
219.5053
25.33542
1.0
Obj_Mineral_A_01.008
0
0
0
2907.531
188.6316
66.71097
1.0
EnvSeEmitPointInsectTemperate
-1.838013
0.05603027
2.463135
2238.168
241.4023
787.3242
1.0
Obj_Plant_Shrub_A_02.001
-0.2338675
-0.4955198
0.2434467
2864.242
259.0939
197.375
0.944824
Animal_Doe_A
0
-3.063185
0
2525.679
221.0733
499.5399
1.0
FldObj_PushRock_A_M_01.006
2.953629
-1.48574
-2.906
2703.858
342.8129
919.8521
0.9
Animal_Doe_A
0
0.7853982
0
2705.5
217.071
457
1.0
FldObj_RockZoraCliff_B_02
3.004508
-0.1628632
3.127093
2972.937
240.1607
34.36713
1.2
Item_Mushroom_D
-1.638183
0.326416
-2.654175
2652.168
165.2188
300.9805
1.0
Obj_Plant_CypressLow_A_02.045
0.05129669
0.3045171
0.1960187
2834.305
361.6506
919.6875
1.003418
Item_Mushroom_D
-1.912475
0.02331543
-2.986694
2448.414
257.7344
712.6367
1.0
Obj_Plant_CypressLow_A_01.046
-3.039627
0.5852716
3.090103
2202.499
243.9646
772.1976
1.0
Obj_TreeConiferous_A_02.051
0
0
0
2785.108
228.8957
155.7432
1.0
Obj_Plant_CypressLow_A_01.047
0.1531755
-0.5093188
-0.2194166
2138.238
253.0984
760.8663
1.0
Obj_Plant_HopBush_A_01.008
-0.1392987
-0.3070994
-0.1222388
2844.895
206.1264
474.6367
0.850098
Obj_Plant_CypressLow_A_02.046
0
-0.6860351
0
2440.395
215.3745
390.2852
1.032227
Animal_Fish_A
0
0
0
2720.701
216.0253
558.0121
1.0
Obj_Plant_CypressLow_A_02.047
-0.1074244
-0.6134082
0.3095837
2310.235
233.1875
720.8531
1.0
Animal_Doe_A
0
1.86
0
2819.004
261.7303
673.6348
1.0
Obj_RockWhite_A_L_03.002
0
0.3799998
0
2680.049
214.7539
569.1896
1.0
Obj_TreeZoraLow_A_02
0
-0.92
0
2974.231
240.4083
48.34552
1.0
BoxWater
0
-2.400001
0
2721.495
244.8372
596.95
1.0
Obj_TreeConiferous_A_02.052
0
1.44233
0
2881.177
208.7151
113.4915
1.0
Item_Mushroom_A
0
-1.360351
0
2441.035
215.2838
501.5742
1.0
Obj_MineralBury_A_01.002
0
-0.84
0
2273.49
268.1347
717.3471
1.0
Item_Mushroom_J
-0.2432147
-0.0001846088
-0.001510581
2988.778
240.2826
60.02747
1.0
Obj_TreeConiferous_A_01.058
0
0
0
2913.935
193.333
655.637
1.0
Obj_Plant_CypressLow_A_02.048
-0.159939
-0.02940447
-0.3629039
2368.5
218.3573
432.5
1.0
Obj_Mineral_C_01.001
-2.256319
1.173408
-1.359557
2938.773
218.5754
36.83438
1.0
Obj_TreeBroadleaf_A_L.047
0
0.9343686
0
2583.817
235.9742
374.1973
1.0
Obj_Plant_CypressLow_A_01.048
0.2877146
-1.094771
-0.2643488
2360.638
234.16
857.4694
1.0
Obj_TreeConiferous_A_01.059
0
1.26
0
2961.037
242.8887
64.76355
1.0
Obj_TreeBroadleaf_A_LL.007
0
0
0
2448.077
230.3823
678.6464
1.0
Item_Mushroom_D
1.59668
-0.7252197
0.07226562
2234.258
169.8008
-21.55469
1.0
FldObj_KorokStone_A_01.044
-0.01179486
0.4998729
3.116989
2924.859
293.8758
330.6942
1.0
EnvSeEmitPointBirdWet
-0.3215332
0.524414
-0.08532714
2890.613
195.2266
64.70703
1.0
Obj_Plant_CypressLow_A_01.049
0.09979383
-0.504769
0.04832886
2295.351
234.0461
809.0384
1.0
Obj_RockGray_A_L_03.005
0
0
0
2641.277
234.0567
28.81183
1.4
Obj_TreeConiferous_A_01.060
0
0.8
0
2900.373
194.7861
650.739
1.0
Obj_Mineral_A_01.009
0
0
0
2924.37
167.9407
487.1371
1.0
Obj_Plant_CypressLow_A_01.050
-2.950751
0.4247816
-3.113198
2288.606
235.284
731.0665
1.0
Obj_Plant_CypressLow_A_01.051
0.1661724
0.005514109
-0.06618863
2523.44
213.2444
621.5745
1.0
Obj_RockGray_A_L_03.006
-1.24191
1.453352
-1.507657
2857.66
189.864
95.34802
1.0
Obj_Plant_CypressLow_A_02.049
0.06388295
-0.3653596
-0.2161094
2798.453
209.1399
486.8438
1.012695
FldObj_HyrulePrairieRock_A_02
-2.811914
0.9965488
-2.762817
2866.588
186.0356
66.0011
0.8
Animal_LittleBird_F
0
0
0
2551.486
247.8144
656.8315
1.0
Obj_TreeConiferous_A_01.061
0
-1.14
0
2906.325
282.6782
825.4567
1.0
Area
0
0
0
2991.487
250.6938
787.9237
75
EnvSeEmitPointBirdTemperate
0
0.5554199
0
2421.949
225.4961
556.6758
1.0
Obj_TreeBroadleafLow_A_01.008
0
1.4
0
2003.262
267.8973
842.8021
1.0
Obj_TreeBroadleafLow_A_02.010
0
-1.56
0
2000.03
267.8264
871.6173
1.0
Obj_RockLayerMossSet_A_04
0.2142503
-1.413001
-0.2970237
2635.117
251.1428
368.3865
1.0
Obj_Plant_CypressLow_A_01.052
0
-0.9530029
0
2443.664
215.4488
506.8398
0.871094
FldObj_KorokStone_A_01.045
0
2.257994
0
2152.211
260.4584
788.7975
1.0
FldObj_KorokStone_A_01.046
1.600001
1.070796
1.317549E-06
2928.188
291.4003
333.0219
1.0
FldObj_KorokStone_A_01.047
0
2.257994
0
2150.234
259.5131
790.4241
1.0
Obj_TreeBroadleafLow_A_01.009
0
-1.44
0
2818.459
226.4587
194.7822
1.0
Obj_MineralGrain_A_04.010
-0.7857118
-0.5317019
0.3289582
2924.616
168.0874
487.8379
1.0
Obj_Plant_CypressLow_A_02.050
0
-0.02638938
0
2342.293
234.3876
858.2449
1.0
Animal_Doe_A
0
0
0
2434.522
215.1582
618.4019
1.0
FldObj_CliffWhite_A_S_03.003
0
0.44
0
2415
221.299
350.2891
1.0
Obj_TreeBroadleaf_A_LL.008
0
-1.16
0
2426.735
217.7743
470.9857
1.0
Obj_TreeBroadleaf_A_L.048
0
-1.16
0
2440.468
217.0703
486.9829
1.0
Obj_Plant_CypressLow_A_01.053
2.687932
-0.3941862
-2.438145
2349.147
234.6894
846.6191
1.0
Obj_TreeConiferous_A_01.062
0
5.689846
0
2810.461
228.5145
112.3542
1.0
Item_Mushroom_A
0
-1.209595
0
2685.543
222.4138
438.0742
1.0
Obj_Plant_CypressLow_A_02.051
0
-1.00154
0
2356.547
234.4326
850.8867
1.0
Obj_TreeBroadleaf_A_L.049
0
0.9713951
0
2415.794
217.0791
489.6629
1.0
Obj_Plant_CypressLow_A_01.054
2.924383
-0.806917
-2.917694
2295.083
233.8655
810.3836
1.0
FldObj_RockZora_A_L_03
0.06160219
0.7553753
0.1093926
2947.329
270.7273
107.8531
1.0
Obj_TreeConiferous_A_01.063
0
0.301518
0
2739.801
225.3165
77.72635
1.0
Obj_TreeConiferous_A_01.064
0
-1.48
0
2702.165
233.6674
91.97778
1.0
Item_Mushroom_J
3.141479
0.4384765
3.141479
2779.816
229.8938
175.6953
1.0
Animal_LittleBird_F
0
0
0
2448.346
300.3889
750.0305
1.0
EnvSeEmitPointInsectTemperate
0
-0.4505615
0
2882.672
205.4023
504.9453
1.0
Obj_TreeConiferous_A_02.053
0
4.358487
0
2891.462
187.7416
66.48727
1.0
Obj_TreeBroadleaf_A_L.050
0
-0.8862511
0
2474.378
215.5701
410.7931
1.0
Obj_Plant_CypressLow_A_01.055
-0.3599299
1.209869
-0.1551593
2508.734
212.8074
420.7891
0.936523
Obj_MineralGrain_A_04.011
0.3496344
-0.4655106
0.6227677
2314.107
253.2663
759.6088
1.0
Obj_Plant_CypressLow_A_02.052
-0.2022726
-0.8688014
0.1716051
2489.614
214.8148
629.5776
1.0
Obj_Plant_CypressLow_A_01.056
0.1512231
0.5602804
-0.07370741
2637.91
224.0624
485.2461
0.960938
Obj_Plant_CypressLow_A_02.053
0.08193654
-0.2776306
-0.3339409
2358.035
221.6227
439.3867
0.910645
Item_Mushroom_J
-0.3415725
-0.00905372
-0.05248389
2981.58
240.8168
58.10486
1.0
Obj_Plant_Shrub_A_01.001
-0.1492719
-1.200603
0.1977088
3008.828
291.6087
367.0938
1.03125
Obj_TreeConiferous_A_01.065
0
-2.22
0
2850.362
207.2834
502.8786
1.0
Obj_RockSetGray_A_02.007
-2.407644
0.7300646
-2.587519
2857.141
187.9487
96.79431
1.0
Obj_TreeConiferous_A_02.054
0
3.259243
0
2869.413
187.9008
96.07477
1.0
Obj_Plant_HopBush_A_01.009
0
-1.044067
0
2091.836
114.699
332.418
0.976563
Obj_TreeBroadleaf_A_L.051
0
0
0
2659.519
225.6538
446.0377
1.0
Obj_TreeConiferousDead_A_02
0
1.36
0
2984.248
251.3514
778.9414
1.0
EnvSeEmitPointBirdWet
-2.523071
-0.6271972
2.84729
2625.609
253.1563
42.79688
1.0
Obj_Plant_CypressLow_A_02.054
-3.021393
-0.06954391
3.085941
2277.95
234.3258
811.6401
1.0
Obj_Plant_CypressLow_A_02.055
0.4817448
-1.110212
-0.662503
2474.282
216.0661
625.8106
1.0
Obj_Plant_CypressLow_A_02.056
0.006805175
0.1310177
-0.04707359
2453.465
215.1434
398.832
0.894043
FldObj_KorokStone_A_01.048
0
0.8071981
0
2147.678
262.9428
792.1748
1.0
Animal_Doe_A
0
0
0
2752.5
258.67
700
1.0
Obj_Plant_HopBush_A_02.008
-0.2418765
1.077392
-0.2416824
2038.16
119.1716
140.2773
0.882324
Obj_TreeConiferous_A_01.066
0
1.46
0
2726.008
232.4808
131.165
1.0
Animal_Deer_A
0
-2.663187
0
2439.121
215.6448
629.7141
1.0
Obj_LiftRockWhite_Korok_A_01.007
0
1.48
0
2087.59
130.2274
178.3085
1.0
Obj_RockGray_A_L_01.002
-0.2955804
-0.1451356
-0.6684812
2317.268
237.2951
848.5209
1.0
Animal_Fish_A
0
0
0
2718.948
216.0131
555.5456
1.0
Obj_Plant_CypressLow_A_02.057
3.019456
0.1971439
3.086727
2257.108
239.0846
766.7012
1.0
Obj_Plant_CypressLow_A_02.058
0.3874875
0.7938295
0.002653471
2160.337
250.0738
758.8914
1.0
Obj_MineralBury_A_01.003
0
1.220001
0
2308.529
252.392
778.4762
1.0
Obj_LiftRockWhite_A_01.003
0
0.38
0
2832.17
186.451
73.76123
1.0
Obj_RockGray_A_M_06.004
0
-0.6799999
0
2823.073
184.6346
42.36075
1.2
Item_Mushroom_D
-1.938354
0.6707763
-3.129028
2557.996
315.9297
797.7656
1.0
FldObj_SoilRockSheiker_A_M_01.004
0
0
0
2139.857
252.1302
763.4991
1.0
Obj_TreeConiferous_A_02.055
0
-0.04
0
2904.623
220.5597
99.68787
1.0
Item_Mushroom_M
0
-0.3876953
0
2440.688
216.1475
361.4336
1.0
EnvSeEmitPointBirdTemperate
-1.665405
0.7045898
-1.836304
2960.66
280.1953
833.7617
1.0
Obj_LiftRockWhite_Korok_A_01.008
0
1.36
0
2084.525
129.2276
177.9163
1.0
Obj_TreeConiferous_A_01.067
0
1.02
0
2894.948
196.7738
650.9415
1.0
FldObj_BirdNest_A_01.003
0
0
-0.2
2004.667
275.9175
867.3215
1.0
FldObj_RockZoraCliff_B_02.001
3.017457
0.440998
3.131013
3000.88
239.8487
35.54565
1.0
FldObj_KorokStone_A_01.049
0
-0.8835986
0
2152.567
261.4662
788.5057
1.0
Obj_TreeConiferous_A_01.068
0
1.960551
0
2773.896
209.6317
72.80231
1.0
Obj_Plant_CypressLow_A_01.057
2.826172
-1.138264
-2.860716
2360.752
234.0423
858.3609
1.0
Obj_Plant_CypressLow_A_02.059
-0.1562078
-0.1875283
-0.3099177
2811
206.1459
484.3281
0.915527
Obj_RockGray_A_L_02.003
0.0317752
0.002275437
-0.1429649
2861.011
192.107
103.5353
1.0
Obj_MineralBury_A_01.004
0
0
0
2955.88
168.6809
491.0273
1.0
Obj_Plant_CypressLow_A_01.058
2.781576
0.9245428
2.642373
2477.938
215.5763
624.251
1.0
Obj_LiftRockWhite_A_01.004
3.008907
-0.7715892
-2.85172
2872.495
187.7693
70.30405
1.0
FldObj_PushRock_A_M_01.007
0.01257353
-0.04574903
0.05469033
2706.764
343.1847
932.8846
0.9
Obj_TreeConiferous_A_02.056
0
0.9873103
0
2799.811
189.0911
52.4848
1.0
FldObj_KorokStone_A_01.050
0
0.8071981
0
2145.945
264.0522
795.4426
1.0
Obj_TreeBroadleaf_A_L.052
0
-2.36
0
2078.704
266.6358
846.933
1.0
Obj_TreeBroadleaf_A_L.053
0
1.46
0
2458.338
215.0425
436.5165
1.0
Obj_TreeConiferous_A_02.057
0
0
0
2648.158
237.9019
77.5993
1.0
Obj_TreeBroadleaf_A_L.054
0
1.14
0
2517.76
211.8998
404.0704
1.0
Item_Mushroom_F
3.141479
-0.8604736
3.141479
2886.309
199.2282
646.207
1.0
Obj_TreeConiferous_A_01.069
0
1.5
0
2861.19
203.0706
545.1039
1.0
Obj_LiftRockWhite_Korok_A_01.009
0
1.36
0
2085.175
129.0644
185.2141
1.0
Obj_TreeConiferous_A_02.058
0
1.18
0
2730.922
224.2819
15.72025
1.0
Kibako_Contain_01
1.650506E-06
-5.706106E-05
0.006050894
2062.656
116.9393
159.3121
1.0
Obj_LiftRockWhite_A_01.005
0
0
0
2846.688
185.9004
64.74261
1.0
EnvSeEmitPointBirdWet
-1.481079
-0.07800291
1.982178
2968.199
248.457
47.42969
1.0
Item_Mushroom_D
1.817749
-0.56604
-0.1208496
2190.848
141.8086
55.39063
1.0
Obj_Plant_CypressLow_A_01.059
0.09021156
0.3954495
-0.2545473
2359.793
221.3991
435.8047
0.901855
Item_Mushroom_D
0
1.560004
-0.6599638
2055.094
123.9159
157.8367
1.0
Obj_RockSetGray_A_02.008
0
0.94
0
2406.415
214.5785
403.2373
1.0
FldObj_RiverPile_A_01.004
0
0.2
0
2139.341
117.55
280.6115
1.0
Obj_Plant_CypressLow_A_01.060
-0.4262033
-0.3277805
0.320355
2465.066
221.3013
661.1363
1.0
Item_Plant_I
0
0.4461182
0
2028.533
268.2758
845.1812
1.0
FldObj_KorokStone_A_01.051
0
-2.454395
0
2150.016
260.4975
789.3069
1.0
Obj_TreeConiferous_A_02.059
0
-0.8799999
0
2975.683
241.1817
56.14502
1.0
Obj_LiftRockWhite_Korok_A_01.010
0
1.98
0
2089.017
129.735
183.2858
1.0
Item_Mushroom_D
-1.345459
0.5457764
-2.686767
2657.09
159.25
302.3945
1.0
Item_Mushroom_M
0
1.151001
0
2001.145
286.3611
984.0898
1.0
Obj_TreeConiferous_A_01.070
0
1.14
0
2631.074
242.2616
26.32288
1.0
Obj_TreeConiferous_A_01.071
0
0.6798969
0
2897.702
188.5491
66.871
1.0
Item_Plant_B
3.141479
-0.5667724
3.141479
2058.203
270.1066
876.7227
1.0
Obj_TreeConiferous_A_02.060
0
0.92
0
2961.979
253.2372
805.9469
1.0
GrassCutTag
0
0
0
2978.987
251.7252
784.4237
1.0
Item_Mushroom_J
0
-0.3585205
0
2464.883
215.0653
429.582
1.0
FldObj_KorokStone_A_01.052
0.4998206
0.01399965
-1.596426
2929.951
291.3327
333.9798
1.0
Obj_MineralBury_A_01.005
-0.247115
0.4392362
-0.07542877
2429.111
292.1812
756.5143
1.0
Animal_LittleBird_F
0
0
0
2506.292
297.8431
730.222
1.0
Weapon_Spear_030
1.48
0
0.24
2063.351
119.3246
154.6137
1.0
SpotBgmTag
0
2.84
0
2631.219
254.2344
393.6172
40
FldObj_KorokStone_A_01.053
-3.129798
-0.499873
-0.02460399
2923.938
291.9057
330.1832
1.0
Obj_TreeConiferous_A_01.072
0
0
0
2992.806
239.3426
57.21686
1.0
EnvSeEmitPointBirdWet
-3.111206
0.4390869
2.753174
2770.961
218.9375
74.01953
1.0
Obj_TreeConiferous_A_02.061
0
1.32
0
2745.034
219.2432
23.69949
1.0
Obj_TreeBroadleafLow_A_02.011
0
0
0
2698.964
220.121
487.6317
1.0
Obj_TreeConiferous_A_02.062
0
0
0
2907.481
193.2998
651.4557
1.0
SoundProxyWatefallS
0
0
0
2931.969
227.1223
43.35287
1.0
Obj_TreeConiferous_A_01.073
0
0
0
2784.44
227.853
186.451
1.0
Obj_Plant_CypressLow_A_02.060
-0.09123598
0.005779075
0.1264282
2528.734
214.9022
635.5134
1.0
Obj_TreeConiferous_A_02.063
0
2.87729
0
2848.025
195.4006
112.8655
1.0
EnvSeEmitPointInsectTemperate
-2.466797
-0.1702881
-3.009765
2684.988
231.1953
440.8789
1.0
FldObj_KorokStone_A_01.054
0
-2.334394
0
2147.263
261.9662
792.6041
1.0
Animal_Doe_A
0
0.7853982
0
2657
225.6102
453.5
1.0
Obj_RockGray_A_L_02.004
3.086025
0.215406
3.031123
2864.68
192.8023
106.8964
1.0
Obj_TreeBroadleafLow_A_01.010
0
-1.44
0
2479.854
223.8869
654.1393
1.0
TBox_Field_Iron
-3.130557
0.4585692
-3.133307
2162.15
144.1018
39.09177
1.0
Obj_TreeConiferous_A_01.074
0
-1.22
0
2905.5
218.3442
93.74722
1.0
Obj_TreeBroadleafLow_A_02.012
0
0
0
2508.355
215.6379
637.5057
1.0
Item_Plant_I
0
-0.3303223
0
2049.031
284.8327
910.0625
1.0
Animal_Doe_A
0
0
0
2573.592
214.608
603.8152
1.0
Animal_Doe_A
0
-0.09999985
0
2413.624
218.2886
366.9795
1.0
FldObj_RockSheiker_A_M_01.003
2.721593
0.06159299
-3.141592
1975.384
284.1983
958.9072
1.0
Obj_TreeConiferous_A_01.075
0
0.9599999
0
2880.836
205.3747
506.1809
1.0
Weapon_Bow_013
-0.008422774
0.58005
0.01410196
2064.329
116.9654
158.7849
1.0
Animal_WildGoat_A
0
-0.64
0
2482.167
219.7828
556.1955
1.0
Obj_TreeBroadleaf_A_L.055
0
0
0
2007.931
267.8392
846.8875
1.0
Animal_Doe_A
0
2.12
0
2393.5
214.9016
408
1.0
Obj_TreeConiferous_A_02.064
0
6.056008
0
2229.409
155.61
37.04092
1.0
FldObj_PushRock_A_M_01.008
1.776071
-1.509374
-1.729631
2715.833
344.6523
941.9209
0.9
EnvSeEmitPointInsectSubtoropical
2.651489
-0.6785888
2.501343
2017.801
295.418
991.6016
1.0
EnvSeEmitPointInsectTemperate
-1.665405
0.7045898
-1.836304
2960.66
272.1719
833.7656
1.0
EnvSeEmitPointBirdTemperate
3.029541
0.1964111
2.937988
2640.852
237.625
441.7148
1.0
EventTag
0
0
0
2803.848
480.2727
143.1496
1.0
Obj_TreeConiferous_A_02.065
0
0.8
0
2868.701
205.121
502.3855
1.0
EnvSeEmitPointInsectTemperate
0
1.234863
0
2714.666
214.2188
622.2808
1.0
Obj_TreeConiferous_A_02.066
0
3.745053
0
2780.215
211.142
81.54807
1.0
Obj_TreeConiferous_A_02.067
0
-1.38
0
2877.25
204.9583
495.208
1.0
EnvSeEmitPointBirdTropical
0
-0.6152344
0
2103.188
123.793
29.13281
1.0
Obj_TreeConiferous_A_02.068
0
0.72
0
2997.449
238.3968
52.60553
1.0
Obj_TreeBroadleafLow_A_01.011
0
0.5000001
0
2842.603
242.9278
154.2588
1.0
Obj_RockSetGray_A_02.009
0
0
0
2258.438
235.2681
794.611
1.0
Obj_TreeBroadleafLow_A_02.013
0
0.8800001
0
2883.321
187.993
86.14404
1.0
FldObj_RockYellowOcher_A_L_01
-2.854549
-0.2683958
3.020077
3007.116
256.3266
825.4398
1.0
FldObj_KorokStone_A_01.055
0
-0.8835986
0
2149.613
261.5131
789.6476
1.0
Obj_Plant_CypressLow_A_02.061
-0.4267916
-0.7077109
0.428644
2319.268
232.825
690.3649
1.0
Animal_Deer_A
0
0
0
2455.891
214.9288
393.1406
1.0
Obj_TreeConiferous_A_02.069
0
5.881756
0
2870.978
187.8491
91.28
1.0
Obj_TreeBroadleafLow_A_01.012
0
1.42
0
2718.55
234.8159
124.1869
1.0
Obj_TreeConiferous_A_01.076
0
0.6
0
2875.679
204.5626
523.6808
1.0
Item_Mushroom_J
3.141479
1.281982
3.141479
2046.988
284.9023
957.5195
1.0
Obj_TreeConiferous_A_01.077
0
-1.48
0
2715.949
235.4511
135.2006
1.0
Obj_TreeConiferous_A_02.070
0
3.614267
0
2803.565
228.351
108.0652
1.0
Item_Mushroom_J
0
1.128662
0
2446.59
215.4032
392.6875
1.0
FldObj_CliffWhite_A_S_02.002
-3.021593
0.841593
3.141593
3005.851
173.1064
553.9089
1.0
Item_Mushroom_D
1.366821
-0.7971191
-0.3453369
2171.418
139.0586
58.73047
1.0
FldObj_RockZoraSet_A_01.001
-1.676674
-1.250916
1.646184
2846.665
237.6776
184.2321
1.0
FldObj_ArtifactZoraPillar_A_01.002
0
-0.6853976
0
2883.543
188.0249
68.76413
1.0
Obj_TreeBroadleaf_A_L.056
0
0
0
2670.14
225.557
434.3073
1.0
FldObj_KorokStone_A_01.056
0
2.377995
0
2146.283
262.9897
793.635
1.0
Obj_Plant_HopBush_A_02.009
0.08339544
0.5899468
0.1660167
2607.887
218.4832
586.1367
1.059082
Obj_TreeConiferous_A_01.078
0
0
0
2893.266
196.0361
641.741
1.0
Obj_TreeConiferous_A_01.079
0
-1.12
0
2884.692
205.973
497.0229
1.0
Obj_TreeConiferous_A_01.080
0
0
0
2881.156
201.5061
532.735
1.0
Item_Mushroom_F
0
0.960205
0
2473.047
215.5451
411.8047
1.0
GrassCutTag
0
0
0
3006.487
251.4238
792.4237
1.0
Obj_RockGray_A_M_06.005
1.106009
-0.075808
0.122721
2416.435
266.6788
846.2241
1.0
Animal_Insect_A
0
0
0
2961.578
240.9615
60.6561
1.0
Obj_Plant_HopBush_A_02.010
-0.1787964
0.3282217
-0.1388661
2514.001
214.7948
635.3151
1.0
Obj_TreeConiferous_A_01.081
0
-0.9
0
2844.506
243.1147
151.8889
1.0
Obj_TreeBroadleaf_A_L.057
0
0
0
2453.957
214.9157
386.1887
1.0
Obj_TreeBroadleaf_A_L.058
0
0.2162955
0
2050.324
267.9756
869.4272
1.04063
Item_Mushroom_F
3.141479
0.9003906
3.141479
2747.688
232.2896
156.9453
1.0
Item_Mushroom_D
-2.198364
-0.08581543
-2.9198
2074.836
318.3711
655.7031
1.0
Obj_TreeConiferous_A_01.082
0
4.945975
0
2839.772
186.5807
75.47607
1.0
Obj_Plant_CypressLow_A_01.061
-2.181427
-1.299616
2.325534
2322.952
232.1093
685.7645
1.0
Obj_TreeConiferous_A_02.071
0
-0.7
0
2883.548
203.0842
525.635
1.0
Item_Mushroom_J
0
-1.280273
0
2725.227
232.788
130.5039
1.0
Item_Mushroom_J
0.06322091
0.0005212515
-0.01648398
2424.207
215.5721
376.7188
1.0
Obj_RockSetGray_A_L_02
2.916137
-0.625784
-2.908375
2825.5
187.5
41
1.0
FldObj_BirdNest_A_01.004
1.060319
-1.342517
-1.071447
2374.966
227.3102
446.6255
1.0
Obj_TreeBroadleaf_A_L.059
0
3.248382
0
2688.1
219.9929
478.4435
1.051874
FldObj_KorokStone_A_01.057
-0.01179486
0.4998729
3.116989
2924.84
292.868
330.6837
1.0
Obj_TreeConiferous_A_01.083
0
0
0
2667.636
233.038
56.60025
1.0
Obj_Mineral_A_01.010
0
0
0
2271.803
268.9353
711.0287
1.0
Obj_MineralGrain_A_04.012
0.03973784
1.107758
-0.285657
2957.228
168.2091
491.6472
1.0
Animal_WildGoat_A
0
0
0
2505.184
236.9316
668.9705
1.0
Obj_Plant_HopBush_A_01.010
0.1518776
-0.1493478
0.06397256
2969.434
252.5428
768.3242
0.992188
Obj_Plant_CypressLow_A_02.062
0.286527
1.021129
0.04869257
2091.648
262.2444
804.6586
1.0
Obj_MineralGrain_A_04.013
-0.4186518
0.539621
-0.3883362
2303.598
283.0818
859.7856
0.8
Obj_TreeBroadleaf_A_L.060
0
3.333415
0
2658
227.444
433
1.074075
Item_Mushroom_M
3.141479
-1.086304
3.141479
2878.418
205.1555
495.1992
1.0
Item_Plant_I
0
-1.541382
0
2900.535
199.911
527.2969
1.0
Obj_TreeConiferous_A_01.084
0
0.7275891
0
2776.951
189.9044
50.00806
1.0
Obj_TreeConiferous_A_02.072
0
3.847124
0
2712.668
233.4063
95.92627
1.0
Obj_TreeConiferous_A_01.085
0
5.983345
0
2696.593
234.5656
82.66205
1.0
Obj_Plant_CypressLow_A_01.062
0.2678763
1.295154
0.7438937
2062.059
124.5827
198.6602
0.87207
Obj_Plant_CypressLow_A_02.063
0.1017318
0.001585608
-0.03114235
2520.433
213.3464
621.8062
1.0
Obj_TreeBroadleaf_A_L.061
0
0
0
2639.691
229.9644
440.6193
1.0
Obj_Plant_CypressLow_A_02.064
-0.2756645
0.9787306
-0.2773903
2501.782
215.3939
633.2192
1.0
Obj_TreeBroadleaf_A_LL.009
0
-0.3691923
0
2423.892
216.4089
519.2905
1.0
EnvSeEmitPointBirdTemperate
2.141845
-1.124512
-2.29834
2717.781
225.8906
450.7617
1.0
Item_Mushroom_M
0
-0.8625488
0
2882.211
201.3033
532.7617
1.0
FldObj_KorokStone_A_01.058
0
-0.8835986
0
2148.828
259.5131
790.2787
1.0
Obj_TreeBroadleaf_A_L.062
0
2.687018
0
2028.043
267.8415
858.4113
1.088327
EnvSeEmitPointBirdSubTropic
2.491089
-0.703125
-2.804199
2043.566
293.25
990.5742
1.0
Obj_TreeConiferous_A_01.086
0
3.450049
0
2915.175
277.9393
802.097
1.0
Obj_Plant_CypressLow_A_01.063
-2.865158
0.3751147
3.093052
2307.992
234.522
832.9421
1.0
Obj_Mineral_C_01.002
-2.569234
-0.9813918
-2.977409
2934.57
229.5275
43.45212
1.0
Obj_TreeConiferous_A_01.087
0
-0.8799999
0
2907.956
197.1441
553.3022
1.0
Animal_Doe_A
0
-0.4
0
2398
222.4921
356.5
1.0
Obj_TreeBroadleaf_A_L.063
0
0
0
2497.027
215.7864
463.3012
1.0
Item_Plant_B
0
-0.07739258
0
2214.695
154.4314
40.95703
1.0
Obj_TreeConiferous_A_01.088
0
0.6799999
0
2929.737
278.9438
830.3622
1.0
Obj_TreeConiferous_A_02.073
0
-0.94
0
2879.419
205.3689
512.833
1.0
Item_Mushroom_D
-1.687622
-0.7498779
-2.801025
2015
199.8164
460.0078
1.0
FldObj_KorokStone_A_01.059
0.4998206
0.01399965
-1.596426
2926.89
292.4482
331.2498
1.0
Obj_TreeBroadleaf_A_L.064
0
-0.9
0
2431.886
215.365
492.7217
1.0
Obj_MineralBury_A_01.006
0
1.98
0
2301.468
242.7934
784.9877
1.0
Item_Mushroom_M
3.141479
-1.066528
3.141479
2902.59
198.5457
528.3281
1.0
Obj_Plant_CypressLow_A_01.064
-0.1129143
-0.5323824
0.2321719
2518.199
214.7269
422.8984
0.979492
Obj_Plant_CypressLow_A_02.065
-0.512125
-0.9978426
0.5635262
2323.638
231.8814
684.5444
1.0
Obj_TreeConiferous_A_02.074
0
-1.2
0
2893.275
198.1961
665.7782
1.0
Obj_Plant_HopBush_A_02.011
-0.1026199
-0.3076661
-0.1600822
2458.793
214.3505
390.6875
0.92627
Obj_RockSetGray_A_02.010
0
0.42
0
2794.84
187.4017
49.45499
1.0
Animal_Deer_A
0
0
0
2479.281
220.6191
547.4039
1.0
Obj_TreeConiferous_A_02.075
0
2.511344
0
2857.655
197.5754
115.2292
1.0
Obj_TreeBroadleaf_A_L.065
0
1.2
0
2451.687
215.6498
507.7185
1.0
Obj_Plant_CypressLow_A_02.066
0
0.3833008
0
2438.875
215.3275
380.0313
1.091309
Obj_Plant_CypressLow_A_01.065
0.6653973
-1.212815
-0.5154398
2652.207
333.7977
920.9219
1.039551
Obj_RockLayerMoss_A_LL_05
0
1.183185
0
2638.658
243.482
379.709
1.0
Item_Mushroom_D
-1.748779
0.6596679
2.914428
2433.34
304.4297
1041.422
1.0
Obj_Plant_CypressLow_A_01.066
0.1847767
0.1743311
0.109525
2971.297
252.1511
771.7852
0.958008
Obj_TreeConiferous_A_02.076
0
4.522032
0
2748.321
222.3709
81.31668
1.0
Obj_Plant_HopBush_A_01.011
0.1710072
0.8767553
0.2247353
2610.516
218.5406
588.9688
1.030762
EnvSeEmitPointBirdTemperate
0
0.8466796
0
2443.203
224.1992
438.6641
1.0
Obj_TreeBroadleaf_A_L.066
0
-0.84
0
2088.976
262.1901
809.2186
1.0
Item_Mushroom_D
3.015625
1.39563
1.811401
2198.582
394.1445
1029.629
1.0
FldObj_ArtifactZoraCandlestick_A_01.002
0
-1.8
0
2837.063
228.2258
183.7693
1.0
Obj_TreeConiferous_A_01.089
0
-0.8799999
0
2817.737
225.5494
205.561
1.0
Obj_RockSetGray_A_02.011
-3.081882
0.01855293
3.136705
2822.361
184.7007
38.2229
1.2
Obj_TreeConiferous_A_01.090
0
4.160737
0
2794.349
189.6758
53.1532
1.0
Obj_TreeConiferous_A_02.077
0
4.70827
0
2745.775
223.914
75.07407
1.0
Item_Mushroom_J
0
0.9523925
0
2851.223
207.2002
502.8594
1.0
Animal_Doe_A
0
2.62
0
2492.809
208.4402
407.9063
1.0
Obj_TreeBroadleafLow_A_02.014
0
-1.38
0
2031.56
267.8468
862.4277
1.0
Obj_LiftRockWhite_Korok_A_01.011
0
1.98
0
2081.933
128.8899
182.6051
1.0
Obj_Plant_HopBush_A_02.012
0.1299052
-0.9293101
-0.3170086
2859
205.8709
487.375
1.080078
Obj_TreeConiferous_A_01.091
0
0
0
2894.124
204.7328
503.4273
1.0
Obj_TreeConiferous_A_01.092
0
0
0
2812.952
227.2625
176.4379
1.0
FldObj_KorokStone_A_01.060
-0.01179486
0.4998729
3.116989
2924.878
294.8758
330.7045
1.0
Obj_TreeBroadleaf_A_LL_Set_01.004
0
0
0
2004.704
267.8264
867.6298
1.0
Obj_Plant_CypressLow_A_02.067
-0.09119178
0.6596093
-0.2751915
2460.887
214.3476
396.707
0.867188
EnvSeEmitPointBirdTemperate
3.141479
-1.081177
3.141479
2741.5
238.4843
528.5
1.0
Obj_TreeConiferous_A_02.078
0
0.8037379
0
2103.463
115.1394
18.09393
1.0
Obj_TreeBroadleaf_A_L.067
0
5.339837
0
2404.108
216.5181
496.2093
1.0
EnvSeEmitPointInsectTemperate
-2.643799
0.8011474
-3.066406
2459.438
220.9102
400.1914
1.0
FldObj_RockZora_A_L_02.001
0
1.943185
0
2839.343
228.5199
176.2416
1.0
Animal_Insect_A
0
0
0
2969.541
241.1346
58.26233
1.0
Item_Mushroom_E
0
-1.060669
0
2878.957
205.3619
511.5781
1.0
Obj_TreeConiferous_A_02.079
0
2.598413
0
2211.701
152.6597
34.70142
1.0
Obj_TreeConiferous_A_01.093
0
1.162434
0
2896.141
187.5694
62.65359
1.0
Animal_Doe_A
0
0
0
2378
214.8959
429
1.0
Obj_TreeBroadleaf_A_L.068
0
3.546446
0
2044.463
268.3401
878.9542
1.08812
EnvSeEmitPointInsectTemperate
-2.621582
0.7166747
-2.335327
2910.809
219.6133
93.10938
1.0
Obj_Plant_CypressLow_A_01.067
-0.07675488
0.1456682
-0.06881987
2288.569
235.1647
729.407
1.0
Obj_LiftRockWhite_Korok_A_01.012
0
1.48
0
2083.684
128.8967
184.8448
1.0
RockWhite_A_M_06
0
0
0
2673.249
217.4763
555.5352
1.0
Obj_TreeBroadleaf_A_L.069
0
3.546446
0
2019.473
269.508
839.2106
1.08812
Obj_TreeConiferous_A_02.080
0
1.224809
0
2119.581
116.9807
11.68362
1.0
Obj_TreeConiferous_A_02.081
0
-1.7
0
2750.24
220.0689
8.934784
1.0
Obj_Plant_HopBush_A_02.013
-0.07526227
-0.1865461
0.1147972
2456.875
218.9841
540.8516
1.047363
Obj_MineralGrain_A_04.014
0.6310229
-1.052627
-0.5697595
2421.431
244.2255
721.187
1.0
FldObj_CliffWhiteLumpRock_A_03.001
0
-0.8199999
0
2283.884
235.1252
831.3604
1.0
Obj_TreeConiferous_A_02.082
0
0
0
2941.078
286.671
348.0016
1.0
FldObj_KorokStone_A_01.061
0
-0.8835986
0
2151.576
260.4584
788.024
1.0
Obj_Plant_CypressLow_A_01.068
-0.171399
0.7095664
0.09104779
2515.625
213.2652
414.1602
0.993164
EnvSeEmitPointBirdSubTropic
0
0.5163574
0
2059.258
292.5469
953.4141
1.0
Obj_TreeConiferous_A_01.094
0
0
0
2966.613
243.5155
66.21661
1.0
Obj_TreeBroadleaf_A_L.070
0
-1.48
0
2482.301
217.4987
453.7431
1.0
RockSetWhite_A_01
0
0.5
0
2685.77
215.6959
570.291
1.0
Obj_MineralGrain_A_04.015
-1.842109
-1.167425
2.760756
2939.57
219.502
36.07602
1.0
Obj_TreeBroadleaf_A_L.071
0
2.450855
0
2671
225.9666
421.5
1.025408
Obj_TreeConiferous_A_02.083
0
0
0
2983.079
240.2658
57.31909
1.0
Obj_Plant_HopBush_A_02.014
0.1166137
1.066471
-0.182665
2361.355
221.4806
428.8906
0.947266
Obj_TreeConiferous_A_01.095
0
0
0
2959.698
272.0916
833.3636
1.0
Animal_WildGoat_A
0
0
0
2503.282
237.0968
671.5908
1.0
Item_Mushroom_J
3.141479
-0.8034668
3.141479
2046.383
284.8943
956.7695
1.0
Obj_TreeBroadleaf_A_L.072
0
0.36
0
2483.142
216.1373
482.4932
1.0
Obj_TreeBroadleaf_A_L.073
0
-1.98
0
2412.154
229.6491
692.381
1.0
EnvSeEmitPointInsectTemperate
0.1099853
-0.2888184
0.4493408
2406.023
218.5742
401.8555
1.0
Obj_TreeConiferous_A_01.096
0
0
0
2838.607
206.8051
495.6548
1.0
FldObj_BirdNest_A_01.005
0
0
-0.2
2450.575
223.5859
406.9065
1.0
Obj_TreeBroadleaf_A_L.074
0
0.52
0
2447.287
214.9613
379.8665
1.0
Item_Plant_J
0
3.397954
0
2038.511
267.8557
858.3357
1.0
Animal_LittleBird_F
0
0
0
2538.263
246.8516
663.4135
1.0
Item_Mushroom_M
0
0.4365234
0
2365.727
219.9141
459.1836
1.0
Item_Mushroom_A
0
-1.417847
0
2058.031
267.8096
856.2891
1.0
Obj_Plant_CypressLow_A_01.069
-1.196276
-1.393677
1.38632
2528.345
214.4176
632.774
1.0
Enemy_Giant_Middle
0
-1.481594
0
2990.901
251.3901
787.9237
1.0
Obj_TreeZoraLow_A_01
0
0
0
2994.528
238.5008
53.82016
1.0
Obj_TreeConiferous_A_02.084
0
0.9999999
0
2712.813
235.3453
122.0898
1.0
Obj_TreeBroadleaf_A_LL_Set_01.005
0
-1.66
0
2084.316
266.7591
852.7667
1.0
FldObj_PushRock_A_M_01.009
-0.05008393
0.3209063
0.05826408
2741.751
347.6409
941.7361
0.9
Obj_TreeConiferous_A_01.097
0
-1.12
0
2765.325
234.0282
174.3297
1.0
Item_Mushroom_J
0
0.3841552
0
2034.633
284.7137
954.2617
1.0
Obj_Plant_CypressLow_A_02.068
0
-0.6474609
0
2434.27
215.272
500.4961
0.872559
Obj_Plant_HopBush_A_01.012
-0.08579522
-0.127461
0.1227022
2450.844
218.7778
547.0625
0.944824
FldObj_KorokStone_A_01.062
0
-2.454395
0
2149.465
261.5131
791.0609
1.0
Animal_Doe_A
0
0.7853982
0
2704.891
218.3242
535.7816
1.0
Obj_TreeConiferous_A_02.085
0
0
0
2720.414
234.7465
136.6882
1.0
EnvSeEmitPointInsectTemperate
1.996216
-0.4759521
-2.20813
2518.191
222.2656
508.7813
1.0
Obj_TreeBroadleaf_A_L.075
0
3.546446
0
2011.934
267.8264
864.6592
1.08812
Obj_Plant_CypressLow_A_01.070
-0.05626666
-0.2386139
-0.3647642
2816.512
203.3009
478.1953
0.87793
Obj_Plant_CypressLow_A_01.071
0
3.047973
0
2287.793
234.5697
781.9642
1.0
Item_Mushroom_E
3.141479
-0.9216309
3.141479
2529.281
216.6228
417.8125
1.0
Obj_TreeConiferous_A_02.086
0
0.98
0
2714.87
222.3745
36.29675
1.0
Obj_Plant_HopBush_A_02.015
-0.3062578
-0.385122
-0.1769312
2912.398
194.7458
667.7422
0.870605
Obj_TreeBroadleaf_A_LL.010
3.141593
0.598408
-3.061593
2738.279
223.1493
533.744
1.0
Obj_TreeConiferous_A_02.087
0
-1.7
0
2775.708
237.8402
146.4374
1.0
Obj_Plant_HopBush_A_02.016
-0.1815018
0.1902525
-0.1684954
2394.578
217.9293
551.7227
0.869629
FldObj_ArtifactZoraPillar_A_01.003
0
-0.6853975
0
2868.449
188.0249
-1.653778
1.0
RockLayerMoss_A_L_03
0
-2.223186
0
2475.515
214.6803
477.5107
1.0
Obj_TreeConiferous_A_01.098
0
0
0
2798.626
226.1839
192.7848
1.0
Obj_TreeBroadleaf_A_L.076
0
2.687018
0
2019.6
267.8264
874.4325
1.088327
Obj_Plant_CypressLow_A_02.069
0.06481493
-0.6447839
-0.2812573
2651.938
227.2127
449.4648
1.025879
SoundProxyWatefallS
0
0
0
2963.335
276.4916
61.12061
1.0
Obj_TreeBroadleafLow_A_02.015
0
0
0
2966.786
252.8426
807.2354
1.0
Obj_RockSetGray_A_02.012
-2.800874
0.3151918
2.952989
2409.711
266.1483
854.1501
0.8
Obj_LiftRockWhite_Korok_A_01.013
0
-0.8800018
0
2081.773
128.973
181.106
1.0
Obj_TreeBroadleafLow_A_01.013
0
0
0
2653.162
227.6503
439.0627
1.225601
FldObj_KorokStone_A_01.063
0
-0.7635983
0
2146.646
264.0522
794.7134
1.0
Obj_Plant_CypressLow_A_01.072
0.02704376
0.1633183
-0.2473367
2543.005
218.1665
589.488
1.0
Obj_MineralGrain_A_04.016
0.287858
0.1320109
0.9607724
2301.868
242.6498
784.6577
1.0
Obj_MineralGrain_A_04.017
0.1813284
-0.0576653
0.3343798
2308.691
252.1892
779.2904
1.0
FldObj_KorokStone_A_01.064
0
-2.454395
0
2149.081
260.4975
791.359
1.0
EnvSeEmitPointBirdTemperate
-0.3471679
-0.05224608
0.4213867
2547.41
225.2773
584.9219
1.0
Obj_TreeConiferous_A_02.088
0
0.86
0
2909.379
194.9167
664.4858
1.0
Obj_Plant_CypressLow_A_02.070
-0.09102247
0.3963034
0.2095403
2522.836
215.013
415.1719
1.064453
Obj_Plant_CypressLow_A_01.073
-0.1466643
-0.00393563
-0.05355881
2464.121
216.6071
636.7753
1.0
Obj_RockLayerMossSet_A_04.001
-3.070534
0.5427262
3.052168
2739.984
231.1608
146.1882
1.0
Obj_Mineral_A_01.011
0.1439588
0.005950204
-0.08247601
2900.5
200.0713
79.5
1.0
Obj_TreeConiferous_A_01.099
0
-1.08
0
2820.653
228.7881
173.7783
1.0
Obj_TreeConiferous_A_01.100
0
-1.72
0
2722.9
223.0936
40.49982
1.0
Item_Mushroom_D
-1.490234
0.05786133
-3.074341
2060.57
209.3203
451.8242
1.0
Obj_Plant_CypressLow_A_01.074
-0.150314
0.4263743
-0.2209065
2391.184
284.1445
985.6953
0.874023
Obj_RockWhite_A_L_03.003
3.141593
-0.1415931
-2.621593
2515.481
217.4379
511.833
1.0
Obj_TreeConiferous_A_01.101
0
-1.74
0
2752.512
231.6624
154.8403
1.0
Item_Material_04
0.2853697
-0.8593464
-1.164939
2016.089
276.071
847.7236
1.0
Obj_MineralBury_A_01.007
2.986506
0.8645369
-2.798442
2416.717
297.5374
772.8771
1.0
FldObj_ArtifactZoraCandlestick_A_01.003
0
0
0
2783.317
192.3166
37.53189
1.0
Obj_TreeBroadleafLow_A_01.014
0
4.514071
0
2290.909
234.6018
796.8463
1.099522
Obj_LiftRockWhite_Korok_A_01.014
0
1.98
0
2088.843
130.7073
179.2142
1.0
Obj_RockGray_A_M_06.006
-0.06785925
-0.3100193
-0.3070334
2770.848
202.4021
15.52527
1.0
Obj_Plant_CypressLow_A_01.075
3.107081
0.4878589
2.913668
2210.705
242.5781
773.3414
1.0
Obj_Plant_CypressLow_A_02.071
-1.402095
1.385185
-1.434063
2341
221.8454
367.5
1.003906
Animal_LittleBird_F
0
0
0
2534.102
246.7488
662.4124
1.0
Obj_Plant_HopBush_A_01.013
-0.9341009
1.088975
-1.077727
2900.555
347.9078
908.3594
1.056152
Obj_TreeBroadleaf_A_LL.011
0
0
0
2644.368
230.6117
431.1625
1.0
Item_Mushroom_A
0
0.5942383
0
2688.422
220.9608
442.7461
1.0
Obj_TreeBroadleaf_A_L.077
0
3.25906
0
2685
224.6701
421.5
1.0885
Obj_TreeConiferous_A_01.102
0
5.99606
0
2733.904
232.5138
121.1429
1.0
Obj_TreeBroadleaf_A_L.078
0
0
0
2403.664
217.7577
481.5666
1.0
EnvSeEmitPointInsectSubtoropical
3.084839
-0.288208
2.501953
2007.895
291.6133
972.7188
1.0
BarrelBomb3
0.0767334
0.3017544
-0.2528364
2765.972
205.9217
3.6534
1.0
Obj_MineralGrain_A_04.018
-0.3249715
0.06581785
1.01637
2934.76
229.6457
42.27936
1.0
Obj_Plant_HopBush_A_01.014
0
-0.6274413
0
2438.832
215.3807
508.7852
1.05127
Obj_TreeConiferous_A_01.103
0
5.957122
0
2790.46
221.7964
94.00354
1.0
Obj_Mineral_B_01.001
-0.2979683
-0.03538475
-0.1146883
2304.436
283.0899
859.9998
1.0
Obj_TreeConiferous_A_01.104
0
-2.64
0
2774.04
237.2308
140.1035
1.0
Item_Mushroom_M
0
-0.7437744
0
2027.18
284.9998
901.5898
1.0
FldObj_RockSheiker_A_S_02
0
0
0
1973.954
283.7718
957.38
1.0
Item_Material_04
-2.25209
-0.8858941
1.680518
2084.551
274.9803
852.7445
1.0
Obj_Plant_CypressLow_A_02.072
-0.06997058
-1.380547
-0.0825259
2483.87
223.5857
648.6604
1.0
Obj_TreeConiferous_A_02.089
0
-1.46
0
2796.513
230.514
144.0929
1.0
Obj_TreeBroadleafLow_A_02.016
0
3.409954
0
2462.101
215.1797
438.8776
1.0
Obj_TreeBroadleaf_A_L.079
0
-2.4
0
2749.882
221.6024
542.1617
1.0
Obj_Plant_CypressLow_A_01.076
2.73378
0.699888
3.073405
2294.489
234.2244
807.2477
1.0
FldObj_PushRock_A_M_01.010
-3.121427
-1.464339
-3.12432
2750.786
347.9379
932.7518
0.9
Animal_Fox_A
0
-1.943624E-08
0
2641
221.9923
511
1.0
Obj_TreeConiferous_A_01.105
0
6.078872
0
2717.019
233.4159
98.51346
1.0
Item_Mushroom_J
3.141479
0.01428222
3.141479
2069.336
287.34
924.9414
1.0
Obj_TreeConiferous_A_02.090
0
5.988811
0
2125.959
122.4605
33.73178
1.0
DgnObj_DLC_Weapon_Sword_502
0
0
0
2949.9
2000
72.92999
1.0
Obj_TreeConiferous_A_02.091
0
3.006002
0
2880.075
188.6609
92.35651
1.0
Animal_Doe_A
0
-1.836195
0
2511.508
208.3982
392.0078
1.0
Obj_TreeBroadleaf_A_L.080
0
-1.54
0
2411.225
218.7727
473.1825
1.0
GrassCutTag
0
0
0
2989.987
252.2188
804.4237
1.0
Obj_TreeBroadleaf_A_L.081
0
0.7813025
0
2436.351
215.4038
376.8526
1.0
FldObj_CliffWhiteLumpRock_A_03.002
2.812881
0.917584
2.993591
2311.99
237.7697
809.2629
1.0
Obj_Plant_CypressLow_A_01.077
-0.7648037
0.8641471
-0.4768965
2846.984
206.773
477.2461
1.063965
FldObj_RockZoraSet_A_01.002
-2.410912
-0.9452453
2.514391
2952.55
250.8636
90.39896
1.0
Item_Mushroom_M
3.141479
-0.9893798
3.141479
2930.52
278.6422
830.0039
1.0
Animal_Doe_A
0
0
0
2764.5
259.186
702.5
1.0
RockSetWhite_A_02
0
-2.2
0
2520.06
214.0602
633.2739
1.0
FldObj_CliffWhite_A_S_03.004
3.134424
0.01695419
2.741532
2486.688
203.5
369.8286
1.0
Item_Mushroom_D
-2.272217
-0.2722168
-2.920044
2433.664
201.5703
298.4844
1.0
Obj_TreeConiferous_A_02.092
0
1.533977
0
2813.597
185.8012
60.30469
1.0
Obj_Plant_CypressLow_A_01.078
0.6489348
0.526854
0.2435936
2145.57
255.8598
750.1328
0.862793
Obj_TreeBroadleafLow_A_02.017
0
-1.82
0
2696.351
234.5283
86.16132
1.0
Animal_Doe_A
0
-0.38
0
2505.505
218.7278
524.6995
1.0
BoxWater
2.967013
-0.7019801
3.101073
2717.434
225.6608
590.2507
1.0
Obj_Plant_HopBush_A_02.017
-0.06436365
1.452158
0.06649599
2964.953
252.6039
762.8789
0.890625
Obj_TreeConiferous_A_01.106
0
4.680852
0
2751.84
220.7696
79.49695
1.0
Obj_TreeBroadleafLow_A_02.018
0
0.72
0
2789.866
189.9116
50.47748
1.0
Obj_TreeConiferous_A_02.093
0
0.9305176
0
2124.882
115.5224
3.003845
1.0
FldObj_KorokStone_A_01.065
1.541592
-1.070796
-3.141592
2928.658
292.3999
332.2234
1.0
Obj_TreeConiferous_A_02.094
0
2.590165
0
2887.824
188.6976
81.47485
1.0
Obj_Plant_CypressLow_A_02.073
-0.139257
-0.257441
0.1916783
2063.383
124.7918
187.2227
0.914063
FldObj_RockZoraSet_A_02.001
0.173203
-1.336623
-0.1685659
2932.526
226.894
44.50916
1.0
Obj_RockGray_A_M_06.007
-0.3751816
-0.3451475
1.228045
2856.989
191.3909
98.41074
1.0
Obj_RockGray_A_M_06.008
0.4427317
0.2518963
-1.024951
2410.099
267.3208
847.3177
1.0
FldObj_KorokStone_A_01.066
0
0.8071981
0
2145.923
264.0522
794.0216
1.0
FldObj_KorokStone_A_01.067
2.641772
-0.01399973
1.545167
2927.279
291.4263
332.5875
1.0
Obj_TreeBroadleafLow_A_01.015
0
0.7713845
0
2309.889
234.5853
834.0566
1.091253
Obj_Plant_CypressLow_A_02.074
0.005747583
-0.0003476676
0.1208379
2479.339
224.0656
649.7745
1.0
Obj_TreeConiferous_A_02.095
0
0.001227675
0
2843.935
186.0706
91.14822
1.0
Obj_Plant_HopBush_A_01.015
0.1311947
-0.7405229
-0.04947558
2787.055
210.4778
487.6992
1.043457
Obj_Plant_HopBush_A_01.016
0
-1.240234
0
2445.727
215.442
505.125
0.876465
Obj_TreeBroadleaf_A_L.082
0
-2.58
0
2421.816
215.481
446.9551
1.0
Item_Mushroom_M
3.141479
0.9819335
3.141479
2738.215
223.2938
531.457
1.0
Obj_TreeConiferous_A_01.107
0
1.12
0
2829.251
228.1422
198.2716
1.0
Item_Mushroom_D
-2.181593
1.339997
-3.141592
2055.76
123.7437
160.9186
1.0
Obj_TreeConiferous_A_01.108
0
1.2
0
2810.075
227.9008
172.1649
1.0
Obj_Plant_CypressLow_A_01.079
-0.1659214
0.7590107
-0.3333496
2263.568
236.2704
794.6479
1.0
Obj_TreeConiferous_A_02.096
0
1.24
0
2804.865
228.1794
168.4249
1.0
Obj_Plant_HopBush_A_02.018
0.9629366
1.511515
0.7750196
2647.16
228.1835
450.2305
1.069824
FldObj_RockZora_A_L_02.002
2.9528
0.9267252
2.907053
2961.313
234.4029
47.46289
1.0
Item_Mushroom_F
0
-0.7104492
0
2656.973
227.4713
434.0117
1.0
Item_Mushroom_M
0
-1.421265
0
2889.109
199.4294
544.1758
1.0
Item_Mushroom_M
0
-0.7442626
0
2928.738
279.3919
831.1719
1.0
Obj_Plant_HopBush_A_01.017
-0.08169958
0.9086636
-0.005963559
2446.648
215.6826
510.7578
0.956543
Obj_Plant_CypressLow_A_02.075
2.938652
-0.1245869
2.886624
2161.748
249.9136
757.7544
1.0
Obj_Plant_CypressLow_A_02.076
-0.07186761
-0.002910962
-0.0809304
2509.785
214.2917
628.0354
1.0
EnvSeEmitPointBirdWet
-3.032715
-0.7989501
-2.899658
2859.172
205.832
113.0586
1.0
Obj_TreeConiferous_A_01.109
0
0
0
2724.213
223.9648
45.47775
1.0
FldObj_SoilRockSheiker_A_L_01.003
-0.1632278
0.3931049
-0.2597798
2068.266
267.0238
808.2605
1.0
EnvSeEmitPointBirdWet
3.141479
-0.8806152
3.141479
2753.664
239.6172
156.2852
1.0
Obj_Mineral_C_01.003
-0.246456
-1.185253
0.8804649
2933.282
226.8976
40.65546
1.0
Obj_Plant_CypressLow_A_01.080
-0.2182764
0.0009456597
0.008630303
2487.329
216.2449
637.3788
1.0
Animal_Deer_A
0
0
0
2424.258
218.6085
361.3047
1.0
Obj_Plant_CypressLow_A_02.077
-0.3857946
0.7782747
-0.5777124
2909.043
195.8095
667.5938
0.925293
Animal_Insect_A
0
0
0
2713.381
216.3001
548.1281
1.0
Obj_TreeBroadleaf_A_L.083
0
2.456071
0
2049.645
267.8474
858.0251
1.03739
Obj_Plant_CypressLow_A_02.078
0
-0.2634277
0
2431.75
215.3739
382.4805
0.991699
Obj_TreeConiferous_A_01.110
0
0
0
2780.558
229.7577
176.2477
1.0
Obj_TreeConiferous_A_01.111
0
0.72
0
2696.689
234.2701
107.3974
1.0
FldObj_KorokStone_A_01.068
1.600001
1.070796
1.317549E-06
2928.633
291.4003
332.2094
1.0
Obj_Plant_CypressLow_A_01.081
0.09009477
-0.7537969
0.05974489
2604.004
218.1641
584.1875
0.999512
Obj_TreeBroadleaf_A_L.084
0
-1.58
0
2513.088
213.2735
418.0685
1.0
Obj_TreeBroadleafLow_A_02.019
0
-0.22
0
2892.75
187.0523
63.02982
1.0
FldObj_KorokStone_A_01.069
0.4998206
0.01399965
-1.596426
2929.975
292.3242
333.996
1.0
Obj_MineralGrain_A_04.019
-0.4170733
-0.9685764
0.508687
2440.41
246.6268
713.8168
1.0
FldObj_RockZoraSet_A_03
0.3
0
0
2939.765
263.4681
108.4576
1.0
Obj_TreeBroadleaf_A_LL.012
3.141593
0.6815924
3.061593
2546.469
217.5388
584.4222
1.0
Animal_LittleBird_F
0
0
0
2443.579
301.3185
753.3409
1.0
Obj_Plant_CypressLow_A_01.082
0
-1.143677
0
2122.977
114.541
286.5
0.898926
EnvSeEmitPointInsectSubtoropical
3.141479
1.325928
3.141479
2042.766
284.7891
905.0781
1.0
Obj_TreeBroadleaf_A_L.085
0
6.253054
0
2422.4
217.4942
557.8973
1.0
Obj_TreeConiferous_A_01.112
0
1.46
0
2756.516
232.4765
165.5462
1.0
Item_Mushroom_D
0.6861572
0.8658447
-0.352539
2377.395
242.4648
533.9102
1.0
Obj_Plant_CypressLow_A_01.083
0.1292804
-0.8804073
-0.2409306
2141.619
252.8203
759.6686
1.0
FldObj_KorokStone_A_01.070
0
-2.334394
0
2148.401
262.9584
792.8666
1.0
Obj_TreeBroadleaf_A_L.086
0
5.869488
0
2588.733
237.1261
369.5526
1.0
Item_Mushroom_E
0
0.4796142
0
2670.785
226.0955
420.0742
1.0
Obj_TreeBroadleaf_A_L.087
0
1.16
0
2442.627
216.1968
439.5706
1.0
Item_Material_04
-0.5399998
0
0.6800002
2004.661
276.0475
867.3976
1.0
EnvSeEmitPointInsectTemperate
0
-1.107788
0
2405.543
217.6719
482.9844
1.0
Obj_RockGray_A_M_06.009
-2.639899
-0.6817181
-3.041344
2855.774
189.4752
97.51105
1.0
Item_Mushroom_M
0
0.9727783
0
2944.43
277.5368
835.0977
1.0
Obj_RockGray_A_L_02.005
2.34425
1.161842
2.231628
2860.54
191.0094
96.10632
1.0
Obj_Plant_CypressLow_A_02.079
-0.0790353
1.100598
-0.02031057
2465.449
215.3455
442.6055
1.068848
Obj_TreeConiferous_A_01.113
0
-1.36
0
2863.614
205.1107
495.927
1.0
Obj_Plant_HopBush_A_01.018
0.1571401
1.09894
0.2617899
2605.098
217.9475
588.9336
0.85498
EnvSeEmitPointInsectSubtoropical
-1.869018
-0.5302734
3.041992
2035.738
285.4766
954.2773
1.0
Obj_MineralGrain_A_04.020
0.158485
-0.3215497
0.9915249
2934.211
225.5256
46.40799
1.0
Obj_MineralGrain_A_04.021
2.240434
-1.107709
-1.094199
2934.087
228.6065
40.5538
1.0
Obj_TreeBroadleaf_A_L.088
0
1.04
0
2068.184
268.281
865.1925
1.0