UnitConfigName/__text
Rotate/value/0
Rotate/value/1
Rotate/value/2
Translate/value/0
Translate/value/1
Translate/value/2
_Scale
FldObj_CliffWhiteWall_B_01
0
0.8199998
0
3734.373
141.8027
-2719.587
1.0
FldObj_CliffDeathMt_C_05
-0.5559285
0.2461638
-0.2155183
3673.344
175.2125
-2753.765
1.0
LocationTag
0
0
0
3053.783
438.8557
-2299.474
1.0
ForceSetPosDirAutoSaveAnchor
0
2.536815
0
3773.837
108.8874
-2699.301
1.0
Obj_TreeApple_A_M_01
0
-0.1800002
0
3654.588
273.6003
-2067.103
1.0
Area
0
-1.659998
0
3369.666
265.8377
-2315.8
10
Item_Fruit_A
0
-0.1800002
0
3652.813
277.4003
-2067.253
1.0
FldObj_HyliaStoneRuinStraightWall_A_02_Far
0
-1.690797
0
3154.704
445.8171
-2812.292
1.0
LinkTagAnd
0
0
0
3314
230.7659
-2096.5
1.0
FldObj_CliffWhiteWall_B_12
2.929108
-0.8223559
2.989668
3859.458
150.1221
-2590.418
1.0
FldObj_CliffWhite_B_10_Far
0
0.2831852
0
3616.552
101.1468
-2623.322
1.0
KorokAnswerResponce
0
0
0
3444.07
155.1923
-2534.508
1.0
FldObj_CliffAkkare_A_05
0
1.92
0
4016.536
176.1659
-2406.617
1.0
Obj_Plant_IvyBurn_A_01
-0.1583948
-0.01787413
-0.3391198
3480.636
280.3657
-2079.966
1.0
LinkTagAnd
0
-0.6047775
0
3773.178
108.8874
-2700.809
0.3
Item_Fruit_A
0
1.396263
0
3371.266
237.103
-2073.014
1.0
LinkTagOr
0
-0.1800002
0
3661.247
273.7892
-2062.362
1.0
FldObj_PlayerChapel_A_01
0
-0.6108652
0
3743.748
103.256
-2655.562
1.0
FldObj_HyliaStoneRuinStraightWall_A_02
0
-1.690797
0
3154.704
445.8171
-2812.292
1.0
Item_Fruit_A
0
0
0
3756.954
150.365
-2886.705
1.0
FldObj_CliffDeathMt_E_14_Far
0.06986474
-0.9944951
0.1797561
2927.643
573.8967
-2931.672
1.0
Obj_Plant_IvyBurn_A_01.001
-0.3509596
-0.6213262
0.4401627
3480.25
280.2378
-2080.044
1.0
LinkTagNAnd
0
-0.6047775
0
3777.92
121.3874
-2702.394
0.6
FldObj_CliffWhiteWall_B_07_Far
0
0.16
0
3700.243
214.0469
-2350.422
1.0
Npc_HiddenKorokGround
0
3.141593
0
3732.84
139.5452
-2423.215
1.0
ActorObserverTag
0
-0.6047782
0
3752.1
129.8906
-2674.9
1.0
FldObj_CliffDeathMt_C_08
-1.015502
0.9644787
-0.03782006
3187.757
195.7611
-2137.811
1.0
Obj_RockDeathMt_D_L_03
0
2.74
0
3487.464
253.2419
-2806.202
1.0
LinkTagAnd
0
0
0
3752.1
129.8906
-2674.9
1.0
FldObj_CliffAkkare_A_06
-3.113024
0.6076298
2.952501
3572.981
213.1353
-2310.928
1.0
KorokAnswerResponce
0
-0.1800002
0
3669.345
275.9889
-2058.827
0.5
FldObj_CliffWhite_B_01
0.02526081
1.123153
0.006025346
3698.4
117.2816
-2618.579
1.0
FldObj_CliffWhiteWall_B_12.001
-0.2620629
0.4530456
-0.001024516
3747.346
151.2955
-2719.679
1.0
FldObj_CliffDeathMt_D_06
0
1.66
0
3303.289
322.394
-2805.475
1.0
LinkTagAnd
0
-1.581594
0
3322.949
381.9629
-2803.564
1.0
FldObj_CliffWhiteWall_B_12.002
-0.3412057
-0.2360587
0.007884732
3626.968
147.1717
-2632.696
1.144935
Area
0
0
0
3435.352
161.3714
-2531.69
0.1
Obj_RockDeathMt_D_L_01
0
0
-0.6599998
3073.499
515.1278
-2768.208
1.0
FldObj_CliffWhite_B_01_Far
3.128537
0.5782764
3.117709
3700.171
101.6579
-2612.683
1.0
FldObj_WaterFallBottom_A_02
0
-0.7799997
0
3769.383
108.75
-2686.49
0.9
FldObj_CliffDeathMt_C_05_Far
3.040603
-0.2887421
2.575498
3411.574
267.3381
-2815.205
1.0
FldObj_CliffWhiteWall_B_01.001
-2.878484
-1.425527
2.714506
3813.523
155.266
-2483.156
1.0
FldObj_CliffWhite_B_10
-0.14
0.5263708
0
3676.502
104.1652
-2433.01
1.0
FldObj_CliffDeathMt_F_02_Far
1.001619
1.404906
1.006587
3316.353
344.4523
-2698.378
1.0
FldObj_CliffDeathMt_D_10
-1.770389
1.227937
-1.428002
3239.531
347.6147
-2413.415
1.0
LinkTagAnd
0
0
0
3307
235.7658
-2086
2
FldObj_CliffDeathMt_F_03
0
0.9
0
3190.636
398.0466
-2347.448
1.0
LinkTagOr
0
0
0
3369.917
234.063
-2069.042
1.0
Area
0
0
0
3316.841
381.3129
-2800.359
0.1
Npc_HiddenKorokGround
0
0.3800003
0
3726.792
127.2903
-2677.462
1.0
Obj_RockDeathMt_D_L_03_Far
0
-1.18
0
3147.364
430.3484
-2871.873
1.0
FldObj_CliffDeathMt_D_10_Far
-1.048565
0.9782277
-0.7164957
3205.647
389.3305
-2486.542
1.0
FldObj_CliffWhite_B_01_Far.001
-2.452063
-1.461301
2.404709
3714.74
105.9989
-2485.792
0.9644533
FldObj_WaterFallBottom_A_02_Far
0
-1.42
0
3773.164
108.749
-2675.226
0.9
FldObj_CliffDeathMt_F_02_Far.001
-2.824134
1.479295
-2.982833
3060.069
502.4971
-2694.563
1.0
ActorObserverTag
0
1.91446
0
3731.858
147.5727
-2420.781
1.0
Obj_RockDeathMt_D_L_03.001
0.001917882
0.7601501
-0.2149173
3316.038
327.4017
-2749.725
1.0
FldObj_CliffDeathMt_D_06.001
-0.24
0
0
3201.304
272.9731
-2254.095
1.0
ShelterFromRainTag
0
-1.874051
0
3209.164
225.355
-2093.072
1.0
FldObj_KorokStoneLift_A_01
-0.0003996945
-0.000123476
-2.080722E-05
3322.356
380.0332
-2809.089
1.0
DragonDropItemTarget
0
0
0
3604.875
242.5094
-2749.735
1.0
FldObj_CliffWhite_B_01.001
-2.452063
-1.461301
2.404709
3714.74
105.9989
-2485.792
0.9644533
FldObj_CliffWhiteWall_B_12_Far
1.739987
-1.5006
-2.07518
3819.211
155.043
-2526.192
1.0
FldObj_CliffAkkare_A_05_Far
-0.3276903
-1.450408
0.5555883
3743.831
203.2124
-2246.204
1.0
LinkTagOr
-1.570796
0
0
3320.316
383.5254
-2803.34
1.0
FldObj_CliffWhiteWall_B_12_Far.001
2.929108
-0.8223559
2.989668
3859.458
150.1221
-2590.418
1.0
FldObj_CliffAkkare_A_06.001
-0.1102054
-1.384892
0.266584
3738.355
199.0306
-2295.46
1.069834
Obj_RockDeathMt_D_L_03_Far.001
2.841593
-0.7784071
-3.141592
3295.415
340.2015
-2755.931
1.0
FldObj_CliffDeathMt_F_03.001
3.030918
1.191717
2.727531
3445.306
244.2937
-2755.568
1.0
FldObj_CliffWhiteWall_B_01_Far
-3.063153
0.3370761
-3.112626
3615.858
132.8386
-2417.111
1.0
AnchorAction2
0
-2.70526
0
3316.4
233.8686
-2070.4
1.0
FldObj_SignboardWood_A_01
0
-0.2200001
0
3971.759
169.7388
-2552.958
1.0
FldObj_CliffDeathMt_C_01
0
0
0
3616.447
171.3917
-2795.446
1.0
FldObj_CliffDeathMt_D_07
-0.1242233
0.3213129
0.339844
3255.544
270.7935
-2292.096
1.0
FldObj_CliffDeathMt_D_27_Far
2.516094
0.4587872
2.786652
3178.813
427.0937
-2888.461
1.0
LookTag
0
2.530727
0
3749.453
112.057
-2663.651
1.0
FldObj_CliffWhiteWall_B_01_Far.001
0
-1.940001
0
3803.6
141.8027
-2656.274
1.0
Obj_LiftRockWhite_A_01
-0.1156128
0.3700541
-0.1841834
3726.778
127.1919
-2677.451
1.0
Area
0
-3.103047
0
3215.061
225.355
-2098.869
50
FldObj_HyliaStoneRuinDebris_A_01
-2.757635
1.352785
-2.615919
3134.242
443.932
-2847.458
1.3
FldObj_CliffAkkare_A_05_Far.001
-3.139867
-0.02152384
3.061574
3505.485
223.9063
-2341.735
1.0
LocationTag
0
0
0
3756.126
150.5647
-2672.137
1.0
Enemy_Guardian_C
0
0
0
3589.73
122.2396
-2496.916
1.0
TBox_Field_Wood
3.084148
1.53716
3.080528
3467.278
221.0612
-2253.661
1.0
SwitchTimeLag
-1.570796
-0.1800002
0
3662.994
279.2456
-2057.442
0.5
FldObj_CliffAkkare_A_06_Far
-0.2274893
0.1417291
-0.1141684
3490.889
227.7202
-2389.31
1.069834
Obj_TreeApple_A_M_01.001
0
0
0
3756.922
144.565
-2889.422
1.0
FldObj_KorokStone_A_01
0
1.91446
0
3732.009
145.5727
-2421.1
1.0
Area
0
0
0
3317.441
380.7129
-2800.359
0.1
FldObj_CliffDeathMt_F_03_Far
0
2.421593
0
3040.595
501.3302
-2881.729
1.0
FldObj_HyliaStoneRuinLookoutSmall_A_01
0
-0.14
0
3150.486
444.2774
-2852.045
0.6
FldObj_CliffAkkare_A_05_Far.002
-0.2232115
-0.5062162
-0.141284
3538.979
221.7209
-2385.084
1.0
FldObj_CliffAkkare_A_06.002
-0.08702661
-0.6352586
-0.02937642
3380.05
239.2449
-2460.104
1.069834
FldObj_WaterFallBottom_A_02.001
0
-2.140002
0
3773.469
108.749
-2664.383
0.9
FldObj_CliffAkkare_A_06_Far.001
-3.113024
0.6076298
2.952501
3572.981
213.1353
-2310.928
1.0
LinkTagOr
0
2.967059
0
3662.292
276.1752
-2067.402
1.0
FldObj_CliffDeathMt_D_10.001
2.752561
0.07409524
2.84371
3528.444
211.3388
-2818.194
1.0
FldObj_CliffWhite_B_01.002
0
0.6511081
0
3636.073
92.59095
-2569.176
0.9644067
WildHorseCreateTag02
0
0
0
3914.092
154.9651
-2658.796
1.0
FldObj_HyliaStoneRuinRightAngleWall_A_02
0
0
0
3294.333
374.4232
-2807.292
1.0
FldObj_WaterFallBottom_A_02.002
0
0.8600001
0
3730.166
104.7994
-2652.623
0.75
Obj_RockDeathMt_D_L_03_Far.002
0.001917882
0.7601501
-0.2149173
3316.038
327.4017
-2749.725
1.0
KorokAnswerResponce
0
-0.1800002
0
3653.693
276.1003
-2062.184
0.5
Obj_DragonShutter
0
-0.6047782
0
3767.922
108.487
-2690.715
1.0
FldObj_CliffAkkare_A_06_Far.002
-0.1102054
-1.384892
0.266584
3738.355
199.0306
-2295.46
1.069834
FldObj_CliffAkkare_A_05.001
-0.01131916
1.164912
-0.1208597
3431.617
261.9897
-2062.252
1.0
FldObj_WaterFallBottom_A_02_Far.001
0
-2.140002
0
3773.469
108.749
-2664.383
0.9
FldObj_CliffDeathMt_F_02_Far.002
0
1.26
0
3052.269
499.8577
-2419.36
1.3
LinkTagOr
0
0
0
3321.316
383.5254
-2803.34
1.0
FldObj_HyliaStoneRuinLookoutSmall_A_01.001
0
-0.14
0
3134.33
444.2774
-2854.321
0.6
FldObj_CliffDeathMt_D_10.002
1.60754
1.177337
1.80563
3089.435
372.6382
-2177.365
1.0
FldObj_CliffWhiteWall_B_01.002
0
-1.940001
0
3803.6
141.8027
-2656.274
1.0
FldObj_CliffAkkare_A_06.003
-3.048982
0.0928312
3.133527
3675.299
272.8278
-2063.531
1.069834
Obj_StaminaUtuwa_A_01
0
2.510796
0
3758.604
113.1962
-2676.709
1.0
Item_Fruit_A
0
0
0
3372.326
236.628
-2072.984
1.0
FldObj_CliffDeathMt_D_04
0
1.26
0.2
3159.918
452.2897
-2755.99
1.0
FldObj_CliffWhiteWall_B_12.003
1.739987
-1.5006
-2.07518
3819.211
155.043
-2526.192
1.0
FldObj_CliffWhite_B_10_Far.001
0
2.583185
0
3450.078
144.1727
-2488.849
1.0
FldObj_CliffDeathMt_D_07_Far
0
0
0
3109.146
367.335
-2263.708
1.0
FldObj_CliffAkkare_A_02
2.765816
-0.6030045
3.078724
3489.267
191.0886
-2144.505
1.0
FldObj_CliffDeathMt_D_10_Far.001
2.752561
0.07409524
2.84371
3528.444
211.3388
-2818.194
1.0
Animal_Boar_A
0
0.2200001
0
3865.031
157.7556
-2775.08
1.0
LinkTagOr
0
0
0
3476.966
284.5757
-2077.341
1.0
LinkTagAnd
0
0
0
3732.009
149.5727
-2421.1
1.0
FldObj_CliffDeathMt_F_01_Far
0
1.28
-0.06
3082.867
480.3683
-2586.534
1.0
ShelterFromRainTag
0
1.12
0
3415.701
234.2338
-2304.328
1.0
FldObj_CliffWhite_B_01_Far.002
-3.136602
-0.7423458
-3.094474
3699.076
127.4049
-2623.546
1.0
LinkTagAnd
-0.3247322
-1.174194
0.1434097
3736.867
149.7989
-2885.753
1.0
FldObj_CliffAkkare_A_06.004
0.2565196
0.1229197
0.004763861
3243.858
249.0203
-2042.995
1.0
ShelterFromRainTag
0.1069001
0.1338361
-0.09507298
3473.405
227.2327
-2364.944
1.0
FldObj_CliffDeathMt_F_03_Far.001
0
0.9
0
3190.636
398.0466
-2347.448
1.0
FldObj_WaterFallBottom_A_02.003
0
0.22
0
3752.76
108.749
-2691.841
0.9
FldObj_HyliaStoneRuinDebris_A_01_Far
-2.757635
1.352785
-2.615919
3134.242
443.932
-2847.458
1.3
FldObj_CliffDeathMt_E_14
0.06986474
-0.9944951
0.1797561
2927.643
573.8967
-2931.672
1.0
LinkTagNone
0
0
0
3467.289
221.1263
-2253.649
1.0
DragonDropItemTarget
0
0
0
3692.053
147.1574
-2636.874
1.0
FldObj_HyliaStoneRuinLookoutSmall_A_01_Far
0
1.42
0
3149.395
445.043
-2844.31
0.6
Enemy_Bokoblin_Guard_Middle_TreeHouseTop
0
-0.4600002
0
3483.078
211.4075
-2238.376
1.0
ActorObserverTag
0
-0.1800002
0
3652.948
277.7597
-2061.943
1.5
LinkTagOr
3.141479
1.342651
3.141479
3704.438
146.0579
-2646.874
1.0
Obj_Plant_IvyBurn_A_01.002
-2.293627
1.18243
-2.181862
3477.197
280.6187
-2077.706
1.0
FldObj_CliffWhite_B_10.001
2.974699
-0.8093966
3.139875
3629.439
94.091
-2437.494
1.0
Enemy_Bokoblin_Guard_Middle_TreeHouseTop
0
-1.781592
0
3458.789
215.5029
-2241.195
1.0
LinkTagOr
0
0
0
3475.966
283.4257
-2077.341
1.0
LinkTagAnd
0
0.9399999
0
3752.697
116.6491
-2673.675
1.0
FldObj_CliffWhiteWall_B_06_Far
-2.830907
0.330957
-3.0525
3465.809
142.6565
-2577.14
1.0
FldObj_CliffDeathMt_F_02
-2.824134
1.479295
-2.982833
3060.069
502.4971
-2694.563
1.0
Area
0
-0.1800002
0
3656.332
276.1456
-2067.192
0.3
LinkTagOr
0
0
0
3443.07
161.1923
-2534.508
1.0
Item_Fruit_A
0
-0.1800002
0
3669.214
277.9451
-2062.561
1.0
FldObj_CliffAkkare_A_06.005
0
0.44
0
3987.871
184.002
-2503.408
1.069834
FldObj_CliffWhiteWall_B_06
-2.830907
0.330957
-3.0525
3465.809
142.6565
-2577.14
1.0
SwitchTimeLag
-1.570796
0
0
3435.652
165.1214
-2531.99
0.5
Area
0
0
0
3435.952
161.9714
-2531.69
0.1
DragonDropItemTarget
0
0
0
3659.63
148.6389
-2858.038
1.0
FldObj_HyliaStoneRuinDebris_A_01_Far.001
-0.180294
1.438707
-0.2437869
3150.029
446.0494
-2833.971
1.0
FldObj_CliffWhiteWall_B_15_Far
2.979003
0.7869252
2.913977
3586.009
159.6039
-2443.917
1.0
LinkTagAnd
0
0
0
3435.652
164.1214
-2531.99
1.0
FldObj_CliffWhite_B_10_Far.002
0
0.2831854
0
3745.635
103.3962
-2582.492
1.153096
FldObj_CliffWhite_B_10_Far.003
-0.0907942
0.4614692
-0.1553479
3559.297
98.94413
-2554.7
1.0
Obj_RockSetWhite_B_L_02
1.153768
-0.4632336
0.1954305
3482.74
186.2505
-2463.719
1.0
FldObj_HyliaStoneRuinStraightWall_A_01_Far
0
-1.603185
0
3316.234
370.1155
-2799.778
1.0
FldObj_CliffAkkare_A_06_Far.003
3.085096
-0.9623734
3.093305
3433.213
236.4007
-2302.285
1.0
ActorObserverTag
0
-0.1800002
0
3657.722
275.8457
-2061.074
1.5
Item_Fruit_A
0
0
0
3758.732
147.13
-2889.892
1.0
FldObj_HyliaStoneRuinLookoutSmall_A_01.002
0
1.42
0
3133.239
445.043
-2846.586
0.6
Area
0
-0.1800002
0
3653.473
278.0597
-2065.426
0.3
LinkTagAnd
0
0
0
3662.994
279.2456
-2057.442
1.0
Enemy_Bokoblin_Middle
0
-1.72
0
3944.079
166.5876
-2706.114
1.0
Enemy_Bokoblin_Guard_Middle_TreeHouseTop
0
-1.541594
0
3474.247
217.3135
-2241.76
1.0
LinkTagAnd
0
0
0
3053.783
438.8557
-2299.474
1.0
Area
0
-0.1800002
0
3661.343
278.2486
-2063.993
0.3
FldObj_HyliaStoneRuinDebris_A_01_Far.002
0
3.021592
0
3142.784
446.3492
-2822.483
1.60756
FldObj_CliffDeathMt_C_04
-3.072327
-0.3241704
-3.063167
3094.076
391.8649
-2253.082
1.0
FldObj_CliffAkkare_A_05.002
3.13815
0.0386826
-2.981762
3861.973
178.5341
-2366.101
1.0
FldObj_CliffWhite_B_01_Far.003
0
0
0
3747.679
133.4794
-2425.587
1.0
Area
0
-0.1800002
0
3654.122
279.4034
-2064.545
0.3
FldObj_ScaffoldWood_B_01
0
0.03999975
0
3473.248
201.7243
-2246.791
1.0
FldObj_HyliaStoneRuinStraightWall_A_02_Far.001
0
-3.101592
0
3309.417
373.9919
-2809.472
1.0
FldObj_CliffAkkare_A_06_Far.004
-3.038333
-0.1365945
2.771816
3726.351
259.9449
-2060.902
1.069834
FldObj_CliffWhiteWall_B_01_Far.002
0
1.54
0
3703.399
142.9667
-2667.605
1.0
LinkTagNone
0
0
0
3758.25
108.9962
-2676.224
1.0
FldObj_CliffAkkare_A_05.003
0.1673616
-1.375813
-0.2589099
3422.679
228.3049
-2149.666
1.0
LinkTagAnd
-0.1156128
0.3700541
-0.1841834
3726.686
129.8361
-2677.55
1.0
FldObj_HyliaStoneRuinLookoutSmall_A_01_Far.001
0
-0.14
0
3150.486
444.2774
-2852.045
0.6
FldObj_CliffDeathMt_D_07_Far.001
-3.120575
-0.8723843
-2.802089
3307.311
268.2132
-2456.285
1.0
LinkTagAnd
0
0
0
3317.141
384.4629
-2800.059
1.0
FldObj_HyliaStoneRuinLookoutSmall_A_01.003
0
1.42
0
3149.395
445.043
-2844.31
0.6
FldObj_KorokStone_A_01.001
0
0
0
3435.652
161.1214
-2531.99
1.0
FldObj_HyliaStoneRuinStraightWall_A_02.001
0
-3.101592
0
3309.417
373.9919
-2809.472
1.0
FldObj_AkkareCave_A_01
0
-0.5999998
0
3719.567
102.6733
-2620.56
1.0
Item_Fruit_I
3.141505
-1.275343
-3.141511
3706.386
147.1679
-2646.627
1.0
FldObj_CliffAkkare_A_05.004
0
1.739998
0
3900.338
209.852
-2959.927
1.0
DragonDropItemTarget
0
0
0
3621.82
185.0833
-2680.906
1.0
LinkTagOr
0
-1.659998
0
3372.097
274.4472
-2315.741
1.0
ActorObserverTag
0
0
0
3317.391
382.4629
-2799.809
1.0
ActorObserverTag
0
0
0
3317.391
382.4629
-2800.309
1.0
FldObj_WaterFallBottom_A_02_Far.002
0
0.22
0
3752.76
108.749
-2691.841
0.9
FldObj_CliffDeathMt_D_04_Far
0
1.26
0.2
3159.918
452.2897
-2755.99
1.0
LinkTagAnd
0
1.91446
0
3732.009
148.5727
-2421.1
1.0
FldObj_CliffAkkare_A_05.005
3.100193
0.6764591
3.021004
3544.4
217.8575
-2328.792
1.0
FldObj_CliffWhite_B_01_Far.004
-0.05165577
0.2894126
-0.06846471
3656.041
101.2365
-2579.98
0.9644067
PosAfterDemoSkip
0
2.536815
0
3773.837
108.8874
-2699.301
1.0
LinkTagNAnd
0
-0.1800002
0
3651.234
278.8893
-2062.255
1.0
FldObj_CliffWhite_B_01.003
-3.136602
-0.7423458
-3.094474
3699.076
127.4049
-2623.546
1.0
Enemy_Bokoblin_Guard_Middle_TreeHouseTop
0
3.061592
0
3468.485
201.7243
-2251.947
1.0
Enemy_Guardian_C
0
0
0
3637.263
122.246
-2569.557
1.0
LinkTagAnd
0
2.967059
0
3663.277
276.1752
-2067.229
1.0
FldObj_CliffDeathMt_D_07.001
0
0.8000004
0
3335.748
234.3069
-2593.897
1.1
Obj_RockDeathMt_D_L_03.002
0.03425634
-0.139053
-0.2423858
3276.897
352.4749
-2768.764
1.0
Area
0
1.91446
0
3732.19
146.4227
-2421.484
0.1
DgnObj_EntranceTerminal_A_01
0
-1.128376
0
3776.057
108.8875
-2698.819
1.0
LinkTagOr
0
0
0
3734.69
145.48
-2422.67
1.0
LinkTagNone
0
0
0
3865.031
157.7556
-2775.08
1.0
FldObj_CliffDeathMt_D_10_Far.002
1.60754
1.177337
1.80563
3089.435
372.6382
-2177.365
1.0
FldObj_CliffDeathMt_D_11_Far
2.470475
1.04841
2.527038
3251.923
390.8389
-2765.307
1.0
LinkTagOr
0
0
0
3483.966
283.4257
-2078.341
1.0
FldObj_CliffAkkare_A_05.006
0.01277818
0.6829224
-0.1456933
3527.763
233.8225
-2200.664
1.0
FldObj_CliffWhite_B_01_Far.005
-0.02668928
3.730233
-0.02668928
3611.249
105.3259
-2572.525
0.9225786
FldObj_CliffWhite_B_01_Far.006
0.02526081
1.123153
0.006025346
3698.4
117.2816
-2618.579
1.0
SwitchTimeLag
1.570796
1.227132
3.141593
3732.009
149.5727
-2421.1
0.5
PlayerOnScaffoldCheckTag
0
2.26
0
3504.837
209.1147
-2259.581
1.0
FldObj_CliffAkkare_A_05_Far.003
-0.1144412
-1.143801
-0.2187398
3416.065
234.7727
-2427.78
1.0
FldObj_CliffAkkare_A_05_Far.004
3.100193
0.6764591
3.021004
3544.4
217.8575
-2328.792
1.0
Obj_Plant_IvyBurn_A_01.003
0.3066362
-1.288561
-0.09851456
3480.432
280.8981
-2077.926
1.0
FldObj_CliffWhiteWall_B_01.003
-3.097229
-0.416187
3.032224
3756.023
167.6373
-2409.845
1.0
FldObj_CliffDeathMt_C_01_Far
0
0
0
3616.447
171.3917
-2795.446
1.0
LinkTagAnd
0
0
0
3710.777
105.0806
-2603.382
1.0
EventTag
0
-0.6047782
0
3752.8
129.8906
-2676.7
1.0
ShelterFromRainTag
0
-0.18
0
3409.654
234.8611
-2299.614
1.0
FldObj_CliffDeathMt_C_05_Far.001
-0.5559285
0.2461638
-0.2155183
3673.344
175.2125
-2753.765
1.0
FldObj_CliffAkkare_A_06_Far.005
0.16
-1.06
0
3771.439
198.9077
-2198.394
1.069834
FldObj_CliffAkkare_A_05_Far.005
-0.05483023
-0.6686637
0.209728
3282.454
255.212
-2036.01
1.0
LinkTagPulse
0
0
0
3480.966
281.5757
-2077.341
0.25
FldObj_CliffWhiteWall_B_07
0
0.16
0
3700.243
214.0469
-2350.422
1.0
Obj_RockDeathMt_D_L_03_Far.003
0
2.74
0
3487.464
253.2419
-2806.202
1.0
WildHorseCreateTag02
0
0
0
3926.015
143.6909
-2298.384
1.0
FldObj_CliffAkkare_A_05_Far.006
-0.01131916
1.164912
-0.1208597
3431.617
261.9897
-2062.252
1.0
Area
0
1.91446
0
3732.393
145.8227
-2420.919
0.1
Item_Fruit_A
0
0
0
3370.547
239.863
-2069.797
1.0
Enemy_Bokoblin_Middle
0
1.32043E-07
0
3839.917
154.5896
-2803.784
1.0
LinkTagAnd
0
0
0
3746.392
109.057
-2655.678
1.0
Obj_RockDeathMt_D_L_01_Far
-0.1796887
-0.3042023
0.8398175
3161.409
394.192
-2288.377
1.0
Area
0
-0.6047775
0
3777.824
107.8874
-2704.892
40
FldObj_CliffAkkare_A_06_Far.006
0.2417522
-0.5827882
-0.1056415
3910.924
204.6186
-2046.006
1.069834
FldObj_RockAkkare_A_01
0
0
0
3115.384
257.1526
-2099.073
1.0
FldObj_CliffAkkare_A_05.007
-0.3276903
-1.450408
0.5555883
3743.831
203.2124
-2246.204
1.0
ShelterFromRainTag
0.1067486
0.1228961
-0.09625584
3475.196
227.0287
-2365.376
1.0
ActorObserverTag
0
0
0
3316.891
382.4629
-2799.809
1.0
DgnObj_DungeonEntrance_A_01
0
-0.6047775
0
3777.824
107.8874
-2704.892
1.0
FldObj_CliffAkkare_A_05_Far.007
0.1673616
-1.375813
-0.2589099
3422.679
228.3049
-2149.666
1.0
Npc_HiddenKorokGround
0
1.379999
0
3436.59
155.1925
-2533.653
1.0
FldObj_CliffAkkare_A_06_Far.007
-0.08702661
-0.6352586
-0.02937642
3380.05
239.2449
-2460.104
1.069834
Item_Fruit_I
3.141479
1.342651
3.141479
3706.467
146.9379
-2647.011
1.0
FldObj_CliffDeathMt_C_05_Far.002
2.92855
-0.1351541
2.516719
3676.746
167.4879
-2794.119
1.0
LinkTagNAnd
0
0
0
3476.966
283.4257
-2077.341
1.0
Obj_LiftRockWhite_A_01.001
0
0
0
3479.966
280.5757
-2077.341
1.0
FldObj_WaterFallBottom_A_02.004
0
-0.42
0
3764.015
108.75
-2690.643
0.9
Area
0
0.9399999
0
3758.868
111.4163
-2677.139
5
Obj_Plant_IvyBurn_A_01.004
0.3192241
0.4293804
0.2288107
3478.263
281.0972
-2077.713
1.0
FldObj_CliffDeathMt_D_10_Far.003
-3.138457
0.9403993
-2.779267
2914.594
591.8552
-2905.824
1.2
FldObj_CliffDeathMt_C_04_Far
-3.072327
-0.3241704
-3.063167
3094.076
391.8649
-2253.082
1.0
FldObj_CliffWhite_B_01.004
-3.07167
1.349828
-3.07167
3650.915
98.49817
-2488.365
1.046589
LinkTagNone
0
0
0
3307
230.7659
-2086
1.0
FldObj_CliffDeathMt_D_10.003
-1.048565
0.9782277
-0.7164957
3205.647
389.3305
-2486.542
1.0
LinkTagAnd
0
0
0
3435.652
165.1214
-2531.99
1.0
FldObj_CliffAkkare_A_05.008
-0.1144412
-1.143801
-0.2187398
3416.065
234.7727
-2427.78
1.0
KorokAnswerResponce
0
0
0
3735.69
139.48
-2422.67
1.0
FldObj_CliffAkkare_A_06.006
-0.2274893
0.1417291
-0.1141684
3490.889
227.7202
-2389.31
1.069834
FldObj_CliffWhite_B_10_Far.004
2.974699
-0.8093966
3.139875
3629.439
94.091
-2437.494
1.0
FldObj_CliffDeathMt_F_03_Far.002
0.32
1.38
0
3288.19
263.3454
-2548.924
1.0
FldObj_CliffDeathMt_C_05.001
2.92855
-0.1351541
2.516719
3676.746
167.4879
-2794.119
1.0
FldObj_CliffWhite_B_10_Far.005
-0.3
-0.7000005
0
3443.613
181.2554
-2453.402
1.0
Item_Fruit_A
0
1.396263
0
3757.672
147.605
-2889.922
1.0
Enemy_Lizalfos_Senior
0
0
0
3689.036
177.5159
-2791.665
1.0
FldObj_CliffWhiteWall_B_01_Far.003
-3.093206
-0.5760161
3.023799
3749.186
131.4049
-2443.929
1.072519
FldObj_CliffWhite_B_01_Far.007
0
0.6511081
0
3636.073
92.59095
-2569.176
0.9644067
FldObj_CliffDeathMt_D_11_Far.001
-0.4096685
0.9574737
-0.02245441
3298.024
341.2904
-2626.156
1.0
FldObj_CliffWhiteWall_B_03
3.001592
-0.860001
3.141593
3703.205
175.6395
-2396.89
1.0
ConstraintDummy
3.141479
1.342651
3.141479
3706.09
146.058
-2648.764
1.0
FldObj_WaterFallBottom_A_02_Far.003
0
-2.503185
0
3741.404
104.7457
-2635.117
0.75
FldObj_CliffDeathMt_C_04_Far.001
0
0
0.16
3559.601
188.1466
-2741.515
1.0
ConstraintDummy
-0.3247322
-1.174194
0.1434097
3736.935
146.3099
-2882.86
0.5
DestinationAnchor
0
2.013216
0
3775.154
108.8874
-2698.391
1.0
Obj_TreeApple_A_M_01.002
0
-0.1800002
0
3662.458
273.7892
-2065.671
1.0
FldObj_CliffAkkare_A_06.007
0.1236675
0.1323186
-0.095567
3572.45
228.6851
-2227.569
1.0
LinkTagNAnd
0
-0.1800002
0
3657.722
277.2331
-2061.074
1.0
FldObj_CliffDeathMt_D_07.002
-3.120575
-0.8723843
-2.802089
3307.311
268.2132
-2456.285
1.0
LinkTagAnd
0
0
0
3479.466
283.2257
-2077.341
1.0
FldObj_CliffWhiteWall_B_07.001
-2.530371
-1.363692
2.520183
3356.031
252.6702
-2502.153
1.0
FldObj_CliffDeathMt_D_14_Far
2.382909
0.257686
2.724909
3131.934
437.4021
-2783.17
1.0
Obj_RockDeathMt_D_L_03.003
2.841593
-0.7784071
-3.141592
3295.415
340.2015
-2755.931
1.0
Item_Fruit_A
0
1.216263
0
3655.478
276.9003
-2067.805
1.0
FldObj_CliffDeathMt_F_02.001
1.001619
1.404906
1.006587
3316.353
344.4523
-2698.378
1.0
Item_Fruit_A
0
-0.1800002
0
3653.473
278.0565
-2065.426
1.0
Obj_Plant_IvyBurn_A_01_Curtain
1.56
-0.5934119
0
3708.406
113.0385
-2607.508
2.002783
Obj_TreeApple_A_M_01.003
0
0
0
3370.516
234.063
-2072.514
1.0
Npc_HiddenKorokGround
0
0
0
3479.966
280.7756
-2077.341
1.0
LinkTagAnd
0.1816298
0.4027434
-1.165697
3728.752
127.8345
-2678.282
1.0
Area
0
-0.7103379
0
3776.605
104.7596
-2705.31
17.03987
ActorObserverTag
0
0
0
3435.402
163.1214
-2532.24
1.0
LinkTagOr
0
-1.581594
0
3322.939
381.9629
-2802.564
1.0
FldObj_HyliaStoneRuinGate_A_01
0
-0.1200001
0
3141.903
443.163
-2857.552
1.0
FldObj_CliffAkkare_A_05.009
2.925551
-1.41966
-3.022601
3421.18
233.6161
-2252.756
1.0
FldObj_CliffAkkare_A_05.010
-0.2232115
-0.5062162
-0.141284
3538.979
221.7209
-2385.084
1.0
FldObj_CliffDeathMt_D_10.004
0
1.44
0
3091.337
267.6309
-2026.26
1.0
LinkTagNone
0
0
0
3944.079
166.5876
-2706.114
1.0
ActorObserverTag
0
-0.1800002
0
3668.69
277.6483
-2059.078
1.5
FldObj_CliffAkkare_A_06.008
0
1.94
0
3916.808
208.3011
-2917.621
1.0
LinkTagAnd
0
0.9399999
0
3756.005
116.6491
-2671.182
1.0
LinkTagOr
-1.147627
0.2521612
0.3872893
3320.316
380.9629
-2803.34
1.0
FldObj_CliffWhiteWall_B_01_Far.004
-3.06408
-0.3011089
3.121539
3643.256
144.8558
-2419.917
1.0
LinkTagOr
0
0
0
3756.323
144.565
-2885.949
1.0
LinkTagAnd
0
-0.1800002
0
3662.994
281.2456
-2057.442
1.0
Animal_Boar_A
0
2.956195
0
3847.489
155.0301
-2766.15
1.0
FldObj_CliffDeathMt_D_11
2.470475
1.04841
2.527038
3251.923
390.8389
-2765.307
1.0
Area
0
-0.6047782
0
3755.57
106.8
-2673.031
1.0
LinkTagOr
-0.3247322
-1.174194
0.1434097
3737.25
149.854
-2884.831
1.0
FldObj_CliffAkkare_A_06_Far.008
-3.024897
-0.199959
3.044932
3471.155
229.6595
-2338.985
1.0
FldObj_CliffWhiteWall_B_01.004
0
1.04
0
3540.63
129.9684
-2584.006
1.0
FldObj_HyliaStoneRuinRightAngleWall_A_01_Far
0
1.561593
0
3294.374
374.05
-2797.101
1.0
LinkTagAnd
0.5676367
0.270813
-0.873912
3481.966
281.5757
-2077.341
1.0
FldObj_HyliaStoneRuinLookout_A_01
0
1.570796
0
3317.945
373.8629
-2802.816
1.0
Obj_TreeConiferous_A_03
0
2.617081
0
3369.734
238.6944
-2315.709
1.091467
FldObj_CliffAkkare_A_06.009
3.138923
-0.325332
3.09372
3525.346
288.4932
-2032.016
1.069834
FldObj_CliffWhiteWall_B_12.004
-0.306062
0.2808013
-0.02059306
3547.003
183.2422
-2628.538
1.144935
KorokAnswerResponce
0
0
0
3322.316
379.4629
-2803.34
1.0
FldObj_CliffWhite_B_01.005
-3.116251
3.930254
-3.116251
3605.082
106.735
-2489.944
0.9537545
Obj_Plant_IvyBurn_A_01_Curtain.001
1.56
-0.5934119
0
3711.703
113.0219
-2605.102
2.002783
FldObj_CliffWhiteWall_B_01_Far.005
0.4199999
-1.14
0
3804.973
139.338
-2682.157
1.0
FldObj_HyliaStoneRuinStraightWall_A_04
0
-1.690797
0
3156.283
445.8171
-2825.557
1.0
DgnObj_WarpPoint_A_01
0
-0.6047775
0
3772.595
108.8504
-2697.328
1.0
Obj_RockDeathMt_D_L_01_Far.001
0
0
-0.6599998
3073.499
515.1278
-2768.208
1.0
FldObj_ScaffoldWood_B_01_Far
0
0.03999975
0
3473.248
201.7243
-2246.791
1.0
Area
0
0
0
3316.841
380.7129
-2799.759
0.1
LinkTagAnd
0
1.379999
0
3436.496
157.6925
-2533.162
1.0
FldObj_HyliaStoneRuinLookoutSmall_A_01_Far.002
0
1.42
0
3133.239
445.043
-2846.586
0.6
LocationTag
0
0
0
3776.605
104.7596
-2705.31
1.0
Area
-0.1156128
0.3700541
-0.1841834
3726.919
128.1761
-2677.559
3
LinkTagOr
0
0
0
3483.966
284.4257
-2076.341
1.0
Area
0
0
0
3053.783
438.8557
-2299.474
30.4037
FldObj_CliffAkkare_A_06_Far.009
3.138923
-0.325332
3.09372
3525.346
288.4932
-2032.016
1.069834
RememberTag
0
0
0
3744.001
109.057
-2655.888
1.0
FldObj_CliffDeathMt_F_03.002
0
2.421593
0
3040.595
501.3302
-2881.729
1.0
FldObj_CliffWhite_B_10_Far.006
0
1.546371
0
3508.712
113.295
-2538.854
1.0
LinkTagAnd
0
0
0
3746.392
109.057
-2653.147
1.0
FldObj_WaterFallBottom_A_02.005
0
-2.000001
0
3746.822
104.7763
-2641.646
0.75
ActorObserverTag
0
1.91446
0
3732.329
147.5727
-2420.949
1.0
DragonDropItemTarget
0
0
0
3571.57
128.6309
-2988.929
1.0
DestinationAnchor
0
2.530727
0
3742.863
109.0704
-2654.317
1.0
LinkTagAnd
0
0
0
3708.793
105.2178
-2602.56
1.0
FldObj_CliffAkkare_A_05_Far.008
0.01277818
0.6829224
-0.1456933
3527.763
233.8225
-2200.664
1.0
FldObj_KorokStoneLift_A_01.001
-0.05006641
-0.0001151277
-0.01063817
3441.535
166.5497
-2519.21
1.0
Area
0
-0.18
0
3409.654
234.8611
-2299.614
50
LinkTagOr
0
3.141593
0
3732.34
142.0452
-2423.214
1.0
LinkTagOr
0
0
0
3483.966
283.4257
-2076.341
1.0
FldObj_CliffWhite_B_01_Far.008
-3.07167
1.349828
-3.07167
3650.915
98.49817
-2488.365
1.046589
FldObj_CliffWhite_B_10.002
-0.0907942
0.4614692
-0.1553479
3559.297
98.94413
-2554.7
1.0
LinkTagAnd
0
0
0
3776.605
104.7596
-2705.31
1.0
AnchorAction1
0
3.141593
0
3307
230.7659
-2086
1.0
LinkTagOr
-1.147627
0.2521612
0.3872893
3733.69
140.98
-2422.67
1.0
Obj_Plant_IvyBurn_A_01.005
-2.738094
-0.6099591
2.659933
3482.198
280.7817
-2077.233
1.0
Area
0
0
0
3435.352
161.9714
-2532.291
0.1
FldObj_CliffWhite_B_10.003
-0.3
-0.7000005
0
3443.613
181.2554
-2453.402
1.0
LinkTagAnd
0
0
0
3756.126
150.5647
-2672.137
1.0
FldObj_CliffWhite_B_01.006
-0.1186031
4.630104
-0.1186031
3572.574
100.7205
-2510.631
0.9644533
FldObj_CliffDeathMt_F_01
0
1.28
-0.06
3082.867
480.3683
-2586.534
1.0
FldObj_CliffWhiteWall_B_12.005
-0.3207583
0.8006558
-0.02842111
3625.863
178.7923
-2664.097
1.144935
DragonDropItemTarget
0
0
0
3738.76
145.9538
-2853.695
1.0
FldObj_CliffDeathMt_D_10_Far.004
-1.770389
1.227937
-1.428002
3239.531
347.6147
-2413.415
1.0
FldObj_CliffAkkare_A_05_Far.009
0
1.92
0
4016.536
176.1659
-2406.617
1.0
FldObj_CliffWhiteWall_B_03.001
2.329321
-1.23768
-2.697162
3808.392
152.0223
-2466.043
1.0
FldObj_CliffDeathMt_C_05.002
3.063787
0.9391257
-3.039868
3179.489
433.0962
-2836.777
1.0
FldObj_HyliaStoneRuinStraightWall_A_01
0
-1.603185
0
3322.712
372.2874
-2797.684
1.0
Obj_KorokPot_A_01
-1.928959
-0.7000993
1.852121
3736.203
146.2298
-2884.596
1.0
Item_Fruit_A
0
-0.1800002
0
3656.332
276.1503
-2067.192
1.0
LinkTagOr
0
0
0
3480.466
283.2257
-2077.341
1.0
Npc_HiddenKorokFly
0
-1.659998
0
3372.048
271.9472
-2315.193
1.0
FldObj_CliffWhiteWall_B_01_Far.006
0
2.819999
0
3530.597
143.153
-2466.498
1.0
FldObj_CliffDeathMt_D_10_Far.005
0
1.18
0
3141.069
303.7688
-2169.97
1.0
LinkTagAnd
0
-0.1800002
0
3654.588
283.6003
-2067.103
1.0
FldObj_CliffAkkare_A_05_Far.010
0
1.739998
0
3900.338
209.852
-2959.927
1.0
FldObj_CliffWhite_B_01_Far.009
0.1169172
3.172536
0.1169172
3739.415
99.10617
-2510.291
1.078163
DragonDropItemTarget
0
0
0
3679.33
170.5155
-2703.651
1.0
Npc_HiddenKorokGround
0
-3.079998
0
3877.544
178.8445
-2371.863
1.0
Area
0
0
0
3479.966
281.6258
-2077.341
3
LinkTagAnd
0
0
0
3777.163
108.2658
-2694.423
1.0
FldObj_CliffWhiteWall_B_01.005
0
1.54
0
3703.399
142.9667
-2667.605
1.0
Item_Fruit_A
0
-0.1800002
0
3661.343
278.2454
-2063.993
1.0
FldObj_CliffDeathMt_D_07_Far.002
0
0.2600002
0
3410.688
249.5726
-2699.25
1.0
LinkTagOr
-1.570796
0
0
3442.07
159.2548
-2534.508
1.0
FldObj_CliffWhiteWall_B_12_Far.002
-0.2620629
0.4530456
-0.001024516
3747.346
151.2955
-2719.679
1.0
LinkTagOr
0
-0.1800002
0
3669.118
273.4889
-2060.929
1.0
LinkTagAnd
0
-0.6047775
0
3773.178
108.8874
-2700.809
0.3
FldObj_CliffWhiteWall_B_01_Far.007
0.1599999
-0.5200003
0.06
3788.374
143.2402
-2721.607
1.0
FldObj_CliffWhite_B_10.004
-0.402292
-1.057055
0.3626696
3796.778
107.6551
-2497.936
1.0
LinkTagAnd
0
0
0
3777.163
108.2658
-2694.423
1.0
FldObj_WaterFallBottom_A_02.006
0
-2.503185
0
3741.404
104.7457
-2635.117
0.75
FldObj_WaterFallBottom_A_02.007
0
-1.42
0
3773.164
108.749
-2675.226
0.9
FldObj_CliffDeathMt_D_10_Far.006
0
1.44
0
3091.337
267.6309
-2026.26
1.0
FldObj_CliffWhiteWall_B_01.006
0.1599999
-0.5200003
0.06
3788.374
143.2402
-2721.607
1.0
FldObj_CliffAkkare_A_06_Far.010
0
1.94
0
3916.808
208.3011
-2917.621
1.0
FldObj_CliffWhiteWall_B_03_Far
3.001592
-0.860001
3.141593
3703.205
175.6395
-2396.89
1.0
FldObj_CliffWhiteWall_B_14
3.141593
-0.3415928
-3.041593
3679.705
178.6443
-2693.348
1.0
FldObj_CliffDeathMt_D_10.005
-3.138457
0.9403993
-2.779267
2914.594
591.8552
-2905.824
1.2
FldObj_CliffAkkare_A_06_Far.011
0.05921582
0.8726001
-0.1530569
3470.942
278.0143
-2085.419
1.0
DgnObj_DungeonEntrance_A_01_Far
0
-0.6047775
0
3777.824
107.8874
-2704.892
1.0
FldObj_WaterFallBottom_A_02_Far.004
0
0.9200003
0
3725.313
104.7962
-2646.468
0.75
FldObj_CliffWhite_B_01.007
0.1169172
3.172536
0.1169172
3739.415
99.10617
-2510.291
1.078163
FldObj_CliffWhite_B_01.008
0
0
0
3747.679
133.4794
-2425.587
1.0
Area
0
0
0
3435.952
161.3714
-2532.291
0.1
LinkTagAnd
0
0
0
3756.126
150.5647
-2672.137
1.0
FldObj_CliffAkkare_A_06.010
0.05921582
0.8726001
-0.1530569
3470.942
278.0143
-2085.419
1.0
Enemy_Bokoblin_Guard_Middle_TreeHouseTop
0
1.952386
0
3493.802
211.3257
-2248.772
1.0
Area
0.1067486
0.1228961
-0.09625584
3476.665
226.8732
-2364.884
50
FldObj_CliffWhite_B_10.005
-0.1149981
-0.7344373
0.05233193
3553.464
99.25692
-2462.294
1.0
FldObj_CliffDeathMt_D_14_Far.001
-0.8164397
1.409213
-0.3624663
2982.881
586.1971
-2525.679
1.1
FldObj_WaterFallBottom_A_02_Far.005
0
1.06
0
3741.457
108.7692
-2685.189
0.9
FldObj_HyliaStoneRuinDebris_A_01.001
-0.180294
1.438707
-0.2437869
3150.029
446.0494
-2833.971
1.0
Enemy_Bokoblin_Senior
0
0.6
0
3834.676
153.7443
-2793.734
1.0
FldObj_CliffAkkare_A_05.011
0.07035228
0.8239875
-0.05565695
3206.545
252.9676
-2014.107
1.0
KorokAnswerResponce
0
-0.1800002
0
3661.474
276.2892
-2060.26
0.5
FldObj_WaterFallBottom_A_02.008
0
1.06
0
3741.457
108.7692
-2685.189
0.9
Obj_RockDeathMt_D_L_03_Far.004
0.03425634
-0.139053
-0.2423858
3276.897
352.4749
-2768.764
1.0
EventTag
0
-1.128376
0
3776.057
108.8874
-2698.819
0.6
FldObj_CliffAkkare_A_02_Far
2.765816
-0.6030045
3.078724
3489.267
191.0886
-2144.505
1.0
ActorObserverTag
0
-0.1800002
0
3655.754
276.5957
-2061.432
1.5
Obj_HeartUtuwa_A_01
0
2.510796
0
3758.604
113.1962
-2676.709
1.0
Enemy_Bokoblin_Guard_Middle_TreeHouseTop
0
-1.721593
0
3473.418
221.7959
-2267.1
1.0
FldObj_CliffWhite_B_10_Far.007
0
0.6231852
0
3651.269
138.6488
-2681.323
1.0
FldObj_CliffAkkare_A_06_Far.012
0.1236675
0.1323186
-0.095567
3572.45
228.6851
-2227.569
1.0
FldObj_HyliaStoneRuinRightAngleWall_A_01
0
1.561593
0
3294.374
374.05
-2797.101
1.0
LinkTagOr
0
0
0
3443.07
159.2548
-2534.508
1.0
Area
0
-0.1800002
0
3652.813
277.4034
-2067.253
0.3
FldObj_CliffWhiteWall_B_01.007
-3.093206
-0.5760161
3.023799
3749.186
131.4049
-2443.929
1.072519
Obj_Plant_IvyBurn_A_01.006
1.702081
-1.235354
-2.001166
3482.982
279.9448
-2076.29
1.0
FldObj_CliffDeathMt_D_07.003
0
0.2600002
0
3410.688
249.5726
-2699.25
1.0
Enemy_Lizalfos_Senior
0
1.18
0
3431.924
275.6709
-2810.58
1.0
FldObj_CliffDeathMt_D_07.004
0
-0.5599996
0
3524.096
214.9007
-2726.971
1.1
FldObj_CliffWhite_B_10_Far.008
-0.14
0.5263708
0
3676.502
104.1652
-2433.01
1.0
LinkTagAnd
0
0.9399999
0
3754.329
116.6491
-2672.422
1.0
FldObj_HyliaStoneRuinStraightWall_A_01_Far.001
0
-1.603185
0
3322.712
372.2874
-2797.684
1.0
FldObj_CliffAkkare_A_06_Far.013
-3.048982
0.0928312
3.133527
3675.299
272.8278
-2063.531
1.069834
FldObj_CliffWhite_B_10.006
0
2.583185
0
3450.078
144.1727
-2488.849
1.0
LinkTagAnd
0
0
0
3314
230.7659
-2093.5
1.0
Npc_HiddenKorokGround
0
2.967059
0
3662.784
273.6752
-2067.316
1.0
ActorObserverTag
0
1.91446
0
3732.16
147.5727
-2421.42
1.0
FldObj_CliffWhiteWall_B_01.008
0
2.819999
0
3530.597
143.153
-2466.498
1.0
FldObj_HyliaStoneRuinDebris_A_01.002
0
3.021592
0
3142.784
446.3492
-2822.483
1.60756
LinkTagAnd
0
0
0
3317.141
383.4629
-2800.059
1.0
Enemy_Bokoblin_Middle
0
0
0
3307
229.6298
-2091
1.0
FldObj_CliffAkkare_A_06_Far.014
-2.419832
-1.140728
2.194708
3740.907
246.1598
-2083.326
1.069834
ActorObserverTag
0
1.91446
0
3731.689
147.5727
-2421.251
1.0
Area
0
0
0
3756.126
150.5647
-2672.137
49.36966
FldObj_CliffWhiteWall_B_01.009
-3.06408
-0.3011089
3.121539
3643.256
144.8558
-2419.917
1.0
LinkTagPulse
-0.1156128
0.3700541
-0.1841834
3727.835
128.0053
-2677.92
0.25
Area
0
0
0
3317.441
381.3129
-2799.759
0.1
FldObj_HyliaStoneRuinLookoutSmall_A_01_Far.003
0
0
0
3307.063
373.4782
-2792.036
1.0
FldObj_HyliaStoneRuinHouse_A_01_Far
0.02172994
1.442278
0.03207874
3139.047
445.8171
-2828.541
1.0
SwitchTimeLag
-1.570796
0
0
3317.141
384.4629
-2800.059
0.5
LinkTagOr
0
0
0
3321.316
385.4629
-2803.34
1.0
DragonDropItemTarget
0
0
0
3556.488
132.4686
-2593.892
1.0
LookTag
0
-0.6047775
0
3771.854
107.8874
-2696.254
1.0
LinkTagOr
0
0
0
3734.69
143.5425
-2422.67
1.0
AirWallHorse_HiddnKorok
0
0
0
3479.966
281.4351
-2077.341
3
FldObj_CliffAkkare_A_06.011
0.16
-1.06
0
3771.439
198.9077
-2198.394
1.069834
DgnObj_EntranceElevator_A_01
0
-0.6047775
0
3777.824
108.8875
-2704.892
1.0
FldObj_AkkareCave_A_01_Far
0
-0.5999998
0
3719.567
102.6733
-2620.56
1.0
FldObj_CliffDeathMt_C_04.001
2.853786
0.4719504
-2.859255
2967.933
583.9223
-2821.599
1.0
FldObj_CliffDeathMt_F_03.003
0.32
1.38
0
3288.19
263.3454
-2548.924
1.0
FldObj_CliffWhiteWall_B_12_Far.003
-0.3412057
-0.2360587
0.007884732
3626.968
147.1717
-2632.696
1.144935
LinkTagNAnd
0
-0.1800002
0
3654.686
280.1472
-2061.627
1.0
Obj_Plant_ChiliPepper_A_01
3.141479
1.342651
3.141479
3706.57
146.0579
-2646.824
1.0
FldObj_CliffAkkare_A_06.012
-3.024897
-0.199959
3.044932
3471.155
229.6595
-2338.985
1.0
Obj_RockDeathMt_D_L_03.004
0
-1.06
0
3517.925
244.0461
-2769.313
1.2
Area
0
1.91446
0
3731.625
145.8227
-2421.281
0.1
LinkTagOr
0
-1.659998
0
3371.999
274.4472
-2314.646
1.0
LinkTagAnd
0
0
0
3310
230.7659
-2096
1.0
FldObj_KorokStone_A_01.002
0
0
0
3317.141
380.4629
-2800.059
1.0
FldObj_HyliaStoneRuinStraightWall_A_04_Far
0
-1.690797
0
3156.283
445.8171
-2825.557
1.0
LinkTagAnd
0
0
0
3053.783
438.8557
-2299.474
1.0
FldObj_CliffWhite_B_10_Far.009
-0.402292
-1.057055
0.3626696
3796.778
107.6551
-2497.936
1.0
FldObj_HyliaStoneRuinStraightWall_A_01.001
0
-1.603185
0
3316.234
370.1155
-2799.778
1.0
Area
0
2.26
0
3501.658
209.1147
-2263.44
2
FldObj_WaterFallBottom_A_02_Far.006
0
-0.7799997
0
3769.383
108.75
-2686.49
0.9
FldObj_HyliaStoneRuinLookoutSmall_A_01_Far.004
0
-0.14
0
3134.33
444.2774
-2854.321
0.6
FldObj_CliffAkkare_A_06.013
0.9926897
-1.404092
-0.9990604
3411.453
231.0665
-2199.62
1.0
FldObj_CliffAkkare_A_05.012
-0.3276903
-1.450408
0.5555883
3743.831
203.2124
-2246.204
1.0
FldObj_CliffAkkare_A_05_Far.011
0.144437
-0.2991986
0.1259494
3862.57
201.8937
-2070.083
1.0
FldObj_CliffWhiteWall_B_03_Far.001
2.329321
-1.23768
-2.697162
3808.392
152.0223
-2466.043
1.0
FldObj_CliffDeathMt_D_27
-1.790391
1.45756
-1.124393
2977.577
626.7335
-2746.734
1.0
LinkTagOr
-0.1156128
0.3700541
-0.1841834
3727.603
129.6653
-2677.912
1.0
FldObj_CliffAkkare_A_05.013
-3.139867
-0.02152384
3.061574
3505.485
223.9063
-2341.735
1.0
Obj_TreeApple_A_M_01.004
0
-0.1800002
0
3670.329
273.4888
-2064.239
1.0
ActorObserverTag
0
0
0
3435.902
163.1214
-2532.24
1.0
FldObj_CliffWhite_B_01_Far.010
-0.1186031
4.630104
-0.1186031
3572.574
100.7205
-2510.631
0.9644533
Area
0
-1.874051
0
3209.164
225.355
-2093.072
50
ActorObserverTag
0
0
0
3435.902
163.1214
-2531.74
1.0
FldObj_CliffAkkare_A_06_Far.015
0.9926897
-1.404092
-0.9990604
3411.453
231.0665
-2199.62
1.0
FldObj_CliffDeathMt_D_06_Far
0
1.66
0
3303.289
322.394
-2805.475
1.0
FldObj_CliffDeathMt_D_07_Far.003
0
-0.5599996
0
3524.096
214.9007
-2726.971
1.1
FldObj_CliffDeathMt_D_14
2.382909
0.257686
2.724909
3131.934
437.4021
-2783.17
1.0
FldObj_CliffWhiteWall_B_01_Far.008
0
0.8199998
0
3734.373
141.8027
-2719.587
1.0
ActorObserverTag
0
-0.1800002
0
3651.234
277.1035
-2062.255
1.5
FldObj_CliffDeathMt_D_07_Far.004
0
0.8000004
0
3335.748
234.3069
-2593.897
1.1
DragonDropItemTarget
0
0
0
3732.547
145.4087
-2887.35
1.0
FldObj_CliffWhiteWall_B_12_Far.004
-0.306062
0.2808013
-0.02059306
3547.003
183.2422
-2628.538
1.144935
FldObj_CliffDeathMt_D_27_Far.001
-1.790391
1.45756
-1.124393
2977.577
626.7335
-2746.734
1.0
FldObj_CliffAkkare_A_05_Far.012
3.13815
0.0386826
-2.981762
3861.973
178.5341
-2366.101
1.0
LinkTagOr
0
-0.1800002
0
3653.376
273.6003
-2063.794
1.0
FldObj_CliffWhite_B_01_Far.011
3.098285
5.087727
3.098285
3657.836
102.9754
-2499.451
1.036381
ActorObserverTag
0
-0.1800002
0
3660.819
277.9486
-2060.51
1.5
ShelterFromRainTag
0
-3.103047
0
3215.061
225.355
-2098.869
1.0
FldObj_CliffWhiteWall_B_01_Far.009
-3.097229
-0.416187
3.032224
3756.023
167.6373
-2409.845
1.0
LinkTagAnd
0
0
0
3776.605
104.7596
-2705.31
1.0
FldObj_HyliaStoneRuinLookoutSmall_A_01.004
0
0
0
3307.063
373.4782
-2792.036
1.0
FldObj_CliffAkkare_A_05.014
-0.05483023
-0.6686637
0.209728
3282.454
255.212
-2036.01
1.0
FldObj_CliffDeathMt_D_10.006
0
1.18
0
3141.069
303.7688
-2169.97
1.0
FldObj_WaterFallBottom_A_02_Far.007
0
-2.000001
0
3746.822
104.7763
-2641.646
0.75
ActorObserverTag
0
-0.1800002
0
3654.686
279.1035
-2061.627
1.5
FldObj_CliffAkkare_A_05_Far.013
0.4510124
-1.381113
-0.2975971
3794.169
197.9522
-2156.57
1.0
FldObj_CliffWhiteWall_B_01_Far.010
-2.878484
-1.425527
2.714506
3813.523
155.266
-2483.156
1.0
FldObj_CliffDeathMt_D_07_Far.005
-0.1242233
0.3213129
0.339844
3255.544
270.7935
-2292.096
1.0
FldObj_CliffAkkare_A_06_Far.016
0.2565196
0.1229197
0.004763861
3243.858
249.0203
-2042.995
1.0
FldObj_CliffDeathMt_C_05.003
3.040603
-0.2887421
2.575498
3411.574
267.3381
-2815.205
1.0
Enemy_Bokoblin_Guard_Middle_TreeHouseTop
0
-2.521593
0
3473.319
221.0513
-2256.745
1.0
Obj_RockDeathMt_D_L_03.005
0
-1.18
0
3147.364
430.3484
-2871.873
1.0
FldObj_CliffAkkare_A_06.014
3.085096
-0.9623734
3.093305
3433.213
236.4007
-2302.285
1.0
FldObj_WaterFallBottom_A_02_Far.008
0
0.8600001
0
3730.166
104.7994
-2652.623
0.75
FldObj_CliffDeathMt_C_04_Far.002
2.853786
0.4719504
-2.859255
2967.933
583.9223
-2821.599
1.0
TwnObj_GoddesStatue_A_10
0
-0.6307965
0
3760.551
111.1562
-2679.374
0.75
Item_Fruit_I
5.450279E-05
-1.080852
-5.102948E-05
3706.76
147.0079
-2646.694
1.0
FldObj_CliffWhite_B_10_Far.010
-0.1149981
-0.7344373
0.05233193
3553.464
99.25692
-2462.294
1.0
FldObj_CliffWhite_B_10.007
0
0.6231852
0
3651.269
138.6488
-2681.323
1.0
Area
0
-0.1800002
0
3669.214
277.9483
-2062.561
0.3
FldObj_CliffDeathMt_D_27.001
2.516094
0.4587872
2.786652
3178.813
427.0937
-2888.461
1.0
FldObj_CliffAkkare_A_05_Far.014
-0.3276903
-1.450408
0.5555883
3743.831
203.2124
-2246.204
1.0
FldObj_CliffDeathMt_D_06_Far.001
-0.24
0
0
3201.304
272.9731
-2254.095
1.0
Npc_HiddenKorokGround
0
-1.581594
0
3322.944
379.4629
-2803.064
1.0
FldObj_CliffWhiteWall_B_01.010
0.4199999
-1.14
0
3804.973
139.338
-2682.157
1.0
ActorObserverTag
0
0
0
3435.402
163.1214
-2531.74
1.0
FldObj_CliffAkkare_A_05_Far.015
0.07035228
0.8239875
-0.05565695
3206.545
252.9676
-2014.107
1.0
FldObj_CliffDeathMt_F_03_Far.003
3.030918
1.191717
2.727531
3445.306
244.2937
-2755.568
1.0
FldObj_CliffDeathMt_C_05_Far.003
3.063787
0.9391257
-3.039868
3179.489
433.0962
-2836.777
1.0
FldObj_CliffWhiteWall_B_12_Far.005
-0.3207583
0.8006558
-0.02842111
3625.863
178.7923
-2664.097
1.144935
FldObj_WaterFallBottom_A_02.009
0
0.9200003
0
3725.313
104.7962
-2646.468
0.75
FldObj_CliffDeathMt_D_11.001
-0.4096685
0.9574737
-0.02245441
3298.024
341.2904
-2626.156
1.0
Area
0.1069001
0.1338361
-0.09507298
3473.223
227.1631
-2364.248
50
Enemy_Bokoblin_Senior
0
-1.12
0
3934.322
165.1924
-2712.5
1.0
FldObj_CliffAkkare_A_05.015
0.4510124
-1.381113
-0.2975971
3794.169
197.9522
-2156.57
1.0
FldObj_CliffWhiteWall_B_14_Far
-0.01296592
0.6210134
-0.1995719
3773.816
151.6941
-2633.318
1.0
FldObj_CliffWhite_B_10.008
0
0.2831852
0
3616.552
101.1468
-2623.322
1.0
LinkTagAnd
0
3.141593
0
3733.34
142.0452
-2423.215
1.0
FldObj_CliffAkkare_A_05.016
-3.139824
-0.2215236
3.061223
3922.087
178.8462
-2375.185
1.0
FldObj_CliffAkkare_A_05_Far.016
-3.139824
-0.2215236
3.061223
3922.087
178.8462
-2375.185
1.0
Area
0
1.12
0
3415.701
234.2338
-2304.328
50
FldObj_CliffWhite_B_01_Far.012
-3.116251
3.930254
-3.116251
3605.082
106.735
-2489.944
0.9537545
LinkTagNAnd
0
-0.1800002
0
3655.754
277.819
-2061.432
1.0
FldObj_CliffAkkare_A_06.015
-3.038333
-0.1365945
2.771816
3726.351
259.9449
-2060.902
1.069834
LinkTagAnd
0
0
0
3710.777
105.0806
-2600.89
1.0
FldObj_CliffDeathMt_D_14.001
-0.8164397
1.409213
-0.3624663
2982.881
586.1971
-2525.679
1.1
FldObj_CliffWhite_B_10.009
0
1.546371
0
3508.712
113.295
-2538.854
1.0
FldObj_CliffWhiteWall_B_14_Far.001
3.141593
-0.3415928
-3.041593
3679.705
178.6443
-2693.348
1.0
LinkTagAnd
0
0
0
3708.793
105.2178
-2605.052
1.0
Npc_Attacked_005
0
-3.141593
0
3307
230.7659
-2086
1.0
FldObj_CliffAkkare_A_06.016
0.2417522
-0.5827882
-0.1056415
3910.924
204.6186
-2046.006
1.069834
FldObj_CliffDeathMt_D_07.005
0
0
0
3109.146
367.335
-2263.708
1.0
FldObj_CliffWhiteWall_B_01_Far.011
0
1.04
0
3540.63
129.9684
-2584.006
1.0
Item_Fruit_A
0
-0.1800002
0
3654.122
279.4003
-2064.545
1.0
FldObj_CliffAkkare_A_06_Far.017
0
0.44
0
3987.871
184.002
-2503.408
1.069834
FldObj_CliffDeathMt_C_04.002
0
0
0.16
3559.601
188.1466
-2741.515
1.0
FldObj_CliffDeathMt_C_08_Far
-1.015502
0.9644787
-0.03782006
3187.757
195.7611
-2137.811
1.0
Area
0
-0.1800002
0
3655.478
276.8956
-2067.805
0.3
Enemy_Guardian_C
0
0
0
3694.432
125.017
-2511.311
1.0
FldObj_CliffWhiteWall_B_15
2.979003
0.7869252
2.913977
3586.009
159.6039
-2443.917
1.0
FldObj_CliffWhiteWall_B_01.011
-3.063153
0.3370761
-3.112626
3615.858
132.8386
-2417.111
1.0
LinkTagOr
-0.3247322
-1.174194
0.1434097
3736.708
147.2348
-2883.906
1.0
Obj_RockDeathMt_D_L_03_Far.005
0
-1.06
0
3517.925
244.0461
-2769.313
1.2
FldObj_CliffWhite_B_01.009
3.098285
5.087727
3.098285
3657.836
102.9754
-2499.451
1.036381
Obj_Plant_IvyBurn_A_01.007
0.5341263
-0.7801479
-0.7666945
3482.716
280.3794
-2077.571
1.0
FldObj_WaterFallBottom_A_02_Far.009
0
-0.42
0
3764.015
108.75
-2690.643
0.9
FldObj_HyliaStoneRuinHouse_A_01
0.02172994
1.442278
0.03207874
3139.047
445.8171
-2828.541
1.0
LinkTagOr
-1.570796
0
0
3733.69
143.5425
-2422.67
1.0
FldObj_CliffAkkare_A_05_Far.017
2.925551
-1.41966
-3.022601
3421.18
233.6161
-2252.756
1.0
DragonDropItemTarget
0
0
0
3677.12
134.6818
-2922.48
1.0
FldObj_CliffAkkare_A_06.017
-2.419832
-1.140728
2.194708
3740.907
246.1598
-2083.326
1.069834
FldObj_RockAkkare_A_01.001
-0.7664605
-0.5649009
-0.5403861
3486.603
247.7421
-2119.068
1.0
DgnObj_EntranceShutter_A_01
0
-0.6047775
0
3775.663
108.8875
-2701.766
1.0
LinkTagAnd
0
0
0
3776.057
108.8875
-2698.819
1.0
FldObj_HyliaStoneRuinLookout_A_01_Far
0
1.570796
0
3317.945
373.8629
-2802.816
1.0
FldObj_PlayerChapel_A_01_Far
0
-0.6108652
0
3743.748
103.256
-2655.562
1.0
FldObj_CliffAkkare_A_05.017
0.144437
-0.2991986
0.1259494
3862.57
201.8937
-2070.083
1.0
FldObj_CliffWhite_B_01.010
-0.05165577
0.2894126
-0.06846471
3656.041
101.2365
-2579.98
0.9644067
FldObj_CliffWhite_B_01.011
3.128537
0.5782764
3.117709
3700.171
101.6579
-2612.683
1.0
FldObj_CliffDeathMt_F_02.002
0
1.26
0
3052.269
499.8577
-2419.36
1.3
Npc_HiddenKorokGround
0
-1.183186
0
3736.669
147.3763
-2884.984
1.0
FldObj_HyliaStoneRuinGate_A_01_Far
0
-0.1200001
0
3141.903
443.163
-2857.552
1.0
Area
0
1.91446
0
3731.828
146.4227
-2420.717
0.1
FldObj_HyliaStoneRuinRightAngleWall_A_02_Far
0
0
0
3294.333
374.4232
-2807.292
1.0
LinkTagAnd
0
-0.6047782
0
3753.5
129.8906
-2678.3
1.0
LinkTagAnd
0
-0.6047775
0
3775.453
121.3874
-2704.1
0.6
FldObj_CliffWhite_B_10.010
0
0.2831854
0
3745.635
103.3962
-2582.492
1.153096
LinkTagOr
-1.147627
0.2521612
0.3872893
3442.07
156.6923
-2534.508
1.0
FldObj_CliffWhiteWall_B_14.001
-0.01296592
0.6210134
-0.1995719
3773.816
151.6941
-2633.318
1.0
FldObj_KorokStoneLift_A_01.002
3.13654
0.9156761
3.137384
3736.297
144.568
-2423.116
1.0
FldObj_CliffWhiteWall_B_07_Far.001
-2.530371
-1.363692
2.520183
3356.031
252.6702
-2502.153
1.0
LinkTagOr
0
1.379999
0
3436.685
157.6925
-2534.144
1.0
Obj_Plant_IvyBurn_A_01.008
3.011621
1.227139
-3.104217
3477.311
280.5845
-2076.136
1.0
Obj_RockDeathMt_D_L_01.001
-0.1796887
-0.3042023
0.8398175
3161.409
394.192
-2288.377
1.0
ActorObserverTag
0
0
0
3316.891
382.4629
-2800.309
1.0
FldObj_CliffWhite_B_01.012
-0.02668928
3.730233
-0.02668928
3611.249
105.3259
-2572.525
0.9225786