UnitConfigName/__text
Rotate/value/0
Rotate/value/1
Rotate/value/2
Translate/value/0
Translate/value/1
Translate/value/2
_Scale
LinkTagNAnd
0
0
0
3169.324
200.8779
1826.891
2
DragonDropItemTarget
0
0
0
3573.1
343.5739
1268.2
1.0
Item_Fruit_I
0
-0.7643071
0
3185.485
265.4561
1164.865
1.0
LocationTag
0
0
0
3875.426
573.6346
1311.813
1.0
FldObj_CliffSnowWall_D_14
2.541592
0.8415925
-3.141592
3311.245
269.8116
1091.802
1.0
SwitchTimeLag
0
0
0
3833.3
611.5
1193.9
5
Area
0
0
0
3697.144
374.9168
1457.811
9.577071
FldObj_MountainLanayru_A_02_Far
-0.406017
-0.312156
0.01935657
3847.571
610.5967
1343.039
0.8
LinkTagOr
-0.04108753
0.000627804
0.03055267
3744.72
547.5132
1156.121
1.0
StaminaParashawlTag
0
0
0
3893.3
611.5
1228.9
4
FldObj_MountainLanayruWall_A_01
2.517941
-0.6102174
2.961059
4084.805
289.2927
1913.451
1.0
FldObj_CliffSnowWall_D_19
2.961592
1.26
3.141593
3453.519
287.6663
1440.595
1.0
LinkTagOr
0
0
0
3166.824
196.331
1828.891
1.0
FldObj_MountainLanayru_A_02_Far.001
-2.946384
0.2644072
3.103708
3845.643
517.9634
1422.48
1.0
Npc_HiddenKorokGround
0
0
0
3741.72
542.5132
1156.121
1.0
Obj_TreeConiferous_A_Snow_03
0
0
0
3895.751
467.5908
1686.732
1.0
FldObj_CliffSnowWall_D_18_Far
0
0.03999997
-0.09999999
3839.939
639.86
1309.597
1.0
FldObj_CliffSnowWall_D_19.001
-0.6800001
0.4
0
3564.144
376.1281
1730.029
1.0
Item_Fruit_A
0
2.094395
0
3229.907
307.3823
1546.727
1.0
Enemy_AirOctarock
0
-0.5235987
0
3172.917
240.1265
1760.973
1.0
FldObj_CliffWhiteParts_A_06
2.647472
0.02655873
3.106486
3103.502
318.2449
1295.783
1.0
FldObj_MountainLanayru_A_02_Far.002
0.7954971
-1.194858
-0.5121586
3940.858
559.9492
1316.914
0.8
FldObj_CliffSnowWall_D_19.002
1.209119
-1.197467
-1.489979
3663.448
381.6586
1426.432
1.0
FldObj_CliffSnowWall_D_14.001
-0.6639814
-0.4723658
0.7804628
3657.088
397.1017
1311.528
1.0
Enemy_AirOctarock
0
3.141593
0
3184.05
229.1265
1758.151
1.0
ConstraintDummy
-0.2618462
-1.244927
-0.7467785
3465.986
275.5176
1340.257
1.0
FldObj_CliffSnowWall_D_14.002
2.761785
-1.235726
-3.13701
3780.094
544.5391
1272.6
1.0
FldObj_CliffSnowWall_D_14_Far
1.716518
-0.9731395
-2.336034
3638.082
320.9713
1508.463
1.0
FldObj_CliffSnowWall_D_14.003
-0.7120178
-0.4329078
-0.02232194
3865.556
481.3487
1460.694
1.0
FldObj_MountainLanayru_A_03_Far
-0.4770559
-1.187163
0.1878338
3817.583
574.6436
1333.753
1.0
FldObj_CliffSnowTopHalf_D_01
2.401592
-1.301593
-3.121592
3942.123
401.5054
1607.865
0.8
FldObj_MountainLanayru_A_02_Far.003
2.743435
1.070375
-3.094894
3887.675
599.3994
1290.024
1.0
ForceSetPosDirAutoSaveAnchor
0
-2.007128
0
3888.302
572.8085
1317.93
1.0
FldObj_MountainLanayru_A_02_Far.004
0.333775
0.4040427
0.2085516
3889.967
586.1151
1250.033
1.0
LinkTagOr
0
1.1
0
3391.5
237.3346
1874.503
1.0
DragonDropItemTarget
0
0
0
3719.1
423.7202
1346.5
1.0
LinkTagAnd
0
2.720001
0
3919.733
580.1823
1331.043
1.0
FldObj_CliffSnowWall_D_09_Far
1.823153
-0.02753959
2.825022
3934.69
564.7051
1375.278
0.85
FldObj_CliffSnowLargeWall_D_01
2.801593
-0.6015929
3.141593
3477.809
299.2315
1161.63
1.0
FldObj_MountainLanayru_A_02_Far.005
-1.090912
1.300733
-0.7485028
3901.512
560.2369
1336.185
0.6
ChangeWeatherTag
0
0
0
3577
600
1643.4
10
FldObj_CliffWhiteParts_A_01
0
-3.059999
0
3126.049
260.2986
1181.005
1.0
Item_Fruit_I
0
-0.9930549
0
3336.414
270.0304
1254.573
1.0
FldObj_MountainLanayru_A_03_Far.001
-0.944061
-1.333546
0.5940655
3788.79
535.2727
1352.555
1.0
StaminaParashawlTag
0
0
0
3868.3
611.5
1228.9
4
FldObj_MountainLanayru_A_01
-2.817688
-0.7303189
3.085654
3868.053
598.1268
1332.842
0.8
FldObj_CliffSnowWall_D_22_Far
0.1676313
1.00322
-0.08073561
3670.317
440.1122
1177.463
1.0
FldObj_CliffWhiteParts_A_06.001
2.821593
0.121592
-3.141592
3122.229
275.7645
1193.928
1.0
ActorObserverTag
0
0
0
3969
590
1355
1.0
LinkTagAnd
0
1.561603
0
3525.979
456.5448
1711.123
1.0
LinkTagNAnd
0
0
0
4500
0
1375
60
LinkTagAnd
0
0
0
3885.79
571.4931
1325.557
1.0
Obj_RockSetSnow_A_01
0.3999121
0.4787757
-0.5238177
3946.252
580.1449
1265.433
1.0
FldObj_KorokGoal_A_01
0
-0.18
0
3432.942
340.9529
1150.31
1.0
LinkTagOr
0
-1.57999
0
3525.947
454.0448
1714.623
1.0
Obj_TreeApple_A_M_01
0
1.1
0
3388.678
237.3346
1872.394
1.0
DragonDropItemTarget
0
0
0
3105.5
278.6684
1168.2
1.0
FldObj_CliffWhiteWall_B_13
0
0
0
3387.214
227.415
1988.644
1.0
FldObj_CliffSnowWall_D_17
-3.08382
0.2843127
-3.065737
3581.67
347.8461
1604.412
1.0
Item_Fruit_A
0
1.04
0
3557.327
291.1626
1963.416
1.0
LinkTagAnd
0
0
0
3677.453
341.252
1527.016
1.0
LinkTagAnd
0
0
0
3166.324
198.8779
1828.891
2
MountainCloud
0
0
0
3527.368
342.756
1685.013
1.0
FldObj_MountainLanayru_A_02_Far.006
0.6811295
1.073791
0.2245869
3761.75
505.6221
1209.882
1.0
LinkTagOr
0
-0.18
0
3437.738
318.0818
1103.382
1.0
Item_Fruit_I
0
-0.2345619
0
3267.829
264.517
1189.328
1.0
LinkTagOr
3.141479
0.3395996
3.141479
3455.022
292.3946
1446.568
1.0
FldObj_CliffSnowWall_D_14.004
2.111356
-1.4527
-2.590374
3709.382
491.8589
1164.138
1.2
LinkTagOr
0
-1.57999
0
3526.007
452.0448
1708.123
1.0
Obj_DragonShutter
0
1.14
0
3898.602
572.0189
1322.584
1.0
FldObj_MountainLanayru_A_01_Far
-2.757668
0.01459316
-2.910336
3919.302
439.9299
1492.068
1.0
FldObj_CliffSnowWall_D_17.001
2.907048
0.3914716
-2.853455
3563.301
286.2877
1546.151
1.0
Obj_RockSetSnow_A_01_Far
1.036977
-1.27109
-1.056728
3694.496
345.4398
1530.174
1.0
FldObj_CliffWhiteWall_A_01_Far
0.0596014
0.02115947
-0.05876901
3193.613
276.8513
1536.106
1.0
LinkTagAnd
0
0
0
3177
241.5
1756
1.0
Item_Fruit_B
-3.141479
-0.7409668
-0.0001135183
3473.151
271.7525
1361.781
1.0
Obj_RockSetWhite_B_L_02
-0.9404324
-0.08867164
-1.561049
3157.713
170.612
1727.853
1.0
FldObj_GerudoHighlandRock_C_04_Far
0
-1.2
0
3891.868
412.7729
1567.607
1.0
AscendingCurrent_Lanayru_DragonBattle
0
0
0
3901.5
596.1869
1266
1.0
FldObj_CliffSnowLargeWall_D_03_Far
2.426935
-1.14587
2.670107
3907.027
444.0128
1676.184
1.0
Npc_HiddenKorokGround
0
-0.6399994
0
3709.191
301.4515
1943.087
1.0
FldObj_CliffSnowWall_D_09
-1.032982
0.5106508
0.6934381
3686.684
418.0541
1330.401
1.0
FldObj_CliffWhiteWall_A_01_Far.001
1.555625
1.326952
2.262985
3158.933
320.2194
1393.248
1.0
FldObj_CliffWhiteWall_A_01_Far.002
2.386933
-0.3054349
2.951316
3062.765
358.176
1358.486
1.0
LinkTagAnd
0
0
0
3145.237
266.5881
1146.083
1.0
FldObj_GerudoHighlandRock_C_02_Far
0.7054747
-0.1018024
0.1074101
3866.473
414.0468
1538.1
1.0
FldObj_CliffSnowWall_D_19.003
1.886337
0.1304449
-2.960883
3805.774
425.0498
1715.43
1.0
FldObj_MountainLanayruWall_A_01.001
-0.5195689
-0.3101313
0.09071705
3694.166
344.9011
1753.161
1.0
LinkTagOr
0
0.4745231
0
3356.136
267.6429
1242.353
1.0
FldObj_MountainLanayru_A_02_Far.007
0.0398722
-0.00319574
0.1999363
3986.074
549.3597
1346.502
0.8
FldObj_CliffSnowWall_D_01
2.134897
-1.03643
-2.469518
3668.375
382.9082
1360.87
1.0
SwitchTimeLag
0
0
0
3858.3
611.5
1193.9
5
FldObj_CliffWhiteMountain_A_02_Far
0
-1.48
0
3163.241
278.5513
1249.274
1.0
ConstraintDummy
0
2.900884
0
3183.445
264.3461
1164.163
1.0
Area
0
-0.728354
0
3475.639
279.5933
1916.261
3
ActorObserverTag
0
2.094395
0
3238.704
308.8872
1547.739
1.5
FldObj_MountainLanayru_A_02
0.2146709
-0.4776031
0.1287352
3864.931
614.2075
1293.771
0.8
LinkTagAnd
0
0
0
3935
572.6041
1342.5
1.0
FldObj_CliffWhiteLumpRock_A_01
-0.9081075
0.9107262
-0.5806865
3205.622
279.0559
1225.879
1.0
FldObj_CliffWhiteWall_A_01
0.0596014
0.02115947
-0.05876901
3193.613
276.8513
1536.106
1.0
Item_Fruit_I
0
-2.922677
0
3184.796
264.024
1162.201
1.0
FldObj_CliffWhiteWall_A_02
-0.4371655
-0.5127739
0.03740433
3801.785
309.6418
1877.101
1.2
FldObj_MountainLanayruWall_A_01.002
-0.5
0
0
3867.619
347.0868
1761.546
1.0
ForbidWolfLinkAreaTag
0
0
0
3880.9
0
700
1.0
ActorObserverTag
0
1.14
0
3911.672
590.4297
1336.348
1.0
FldObj_CliffSnowLargeWall_D_01_Far
2.817789
0.9103503
-2.98753
3451.655
322.904
1599.794
1.0
FldObj_CliffSnowWall_D_19_Far
3.051938
-1.09785
2.948448
3325.297
279.7512
1352.54
1.2
FldObj_CliffWhiteWall_A_02.001
2.221592
-0.00159257
3.141593
3098.136
322.3346
1268.942
1.0
Obj_Plant_ChiliPepper_A_01
0
0.4745231
0
3356.607
267.6429
1244.433
1.0
Area
0
0
0
3900.1
577.85
1359.1
14
FldObj_CliffSnowWall_D_14_Far.001
-0.3358322
-0.7462717
0.1674442
3757.783
455.82
1347.44
1.0
FldObj_CliffSnowWall_D_18
0
0.03999997
-0.09999999
3839.939
639.86
1309.597
1.0
FldObj_CliffSnowWall_D_19_Far.001
-2.567881
1.299759
-2.276263
3998.115
542.5405
1308.415
1.1
FldObj_CliffSnowLargeWall_D_03_Far.001
2.381372
-1.043842
-3.092278
3699.151
442.5712
1146.021
1.0
LinkTagAnd
0.1083216
1.161707
-0.07894723
3341.513
245.6485
1932.596
1.0
Area
0
0
0
3858
591.5
1420.5
1.0
Obj_LiftRockWhite_A_01
2.922335
-1.157701
-3.097337
3709.191
301.3515
1943.087
1.0
FldObj_GerudoHighlandRock_C_01_Far
0.2940908
0.001970386
0.6436986
3713.231
486.9901
1257.284
1.0
Item_Fruit_I
0
2.826978
0
3615.259
351.1357
1766.906
1.0
FldObj_CliffSnowWall_D_10_Far
2.991051
-0.4169573
3.136803
3562.559
374.3189
1639.174
1.0
LinkTagOr
0
-1.401592
0
3277.858
348.8461
1436.496
1.0
FldObj_MountainLanayruWall_A_01_Far
-0.5195689
-0.3101313
0.09071705
3694.166
344.9011
1753.161
1.0
FldObj_CliffSnowWall_D_18.001
2.664504
0.8593013
2.41416
3850.306
631.207
1289.066
1.0
StaminaParashawlTag
0
0
0
3938
627.5
1487.5
4
FldObj_CliffWhiteLumpRock_A_01.001
1.880703
1.291563
2.639914
3192.425
283.9538
1298.385
1.0
Area
0
2.094395
0
3233.48
306.6794
1551.132
0.3
ActorObserverTag
0
2.094395
0
3240.458
306.8872
1550.777
1.5
FldObj_MountainLanayru_A_01.001
0.4645588
1.434995
0.1458474
3760.22
469.6818
1295.956
1.2
LinkTagAnd
0
0
0
3163.324
202.3779
1826.891
2
LinkTagOr
0
0
0
3790
600
1480
20
LinkTagAnd
0
0
0
3735.912
469.3086
1686.893
1.0
FldObj_CliffWhiteWall_A_07_Far
3.141593
-0.7615921
-3.101593
3132.778
294.9819
1546.325
0.9
FldObj_MountainLanayru_A_03
0.278021
-0.3220984
-0.07081791
3757.779
470.5398
1125.484
1.0
DragonDropItemTarget
0
0
0
3775.3
517.3657
1176.1
1.0
IceWall
0
0
0
3741.72
542.3132
1156.121
1.5
AnchorAction5
0
-1.960835
0
3336.364
244.3527
1938.471
1.0
FldObj_CliffSnowWall_D_14_Far.002
2.761785
-1.235726
-3.13701
3780.094
544.5391
1272.6
1.0
FldObj_CliffWhiteWall_A_02_Far
-0.18
-0.54
0
3211.435
338.7932
1434.558
1.0
LinkTagAnd
0
2.720001
0
3918.868
580.1823
1332.94
1.0
FldObj_CliffSnowWall_D_18.002
2.833474
-1.1677
-2.937928
3353.713
284.6458
1272.349
1.0
LinkTagAnd
0
0
0
3933.3
611.5
1218.9
20
Obj_TreeConiferous_A_Snow_01
0
0.6264946
0
3544.492
314.6957
1373.468
1.0
Area
0
-0.6000006
0
3786
438
1654.5
1.0
LinkTagAnd
0
0
0
3963
627.5
1552.5
20
FldObj_CliffWhiteWall_A_02.002
-0.405929
-0.7471775
-0.1171321
3278.616
266.8079
1582.01
1.2
Item_Fruit_I
0
1.336215
0
3250.108
268.0659
1151.223
1.0
SwitchTimeLag
1.570796
0.581593
3.141593
3230.631
308.426
1539.178
0.5
LinkTagAnd
0
2.56
0
3229.45
305.3331
1545.52
1.0
FldObj_CliffWhiteWall_A_02_Far.001
-0.8985585
-0.8535683
-0.1619945
3170.675
331.3517
1395.528
1.0
FldObj_CliffSnowWall_D_22
0.1676313
1.00322
-0.08073561
3670.317
440.1122
1177.463
1.0
FldObj_MountainLanayru_A_03.001
-2.823404
-0.1709505
-3.03319
3971.02
533.1584
1389.931
0.7
FldObj_CliffSnowWall_D_01.001
0.1062708
-1.128804
-1.010645
3706.121
373.5023
1458.605
1.1
LinkTagAnd
0
0
0
3032.797
112.0446
1779.992
1.0
FldObj_MountainLanayru_A_01_Far.001
-0.3112064
-0.4388134
0.1078508
3832.236
513.6978
1423.215
1.0
FldObj_MountainLanayru_A_01.002
0.3756741
0.2034567
-0.1514804
3728.242
483.1853
1124.723
1.0
FldObj_CliffWhiteWall_A_01.001
-0.8237203
-0.3437175
0.1602451
3623.682
332.0958
1816.807
1.0
LookTag
-0.1745329
1.396263
0
3151.357
268.0874
1150.008
1.0
LinkTagPulse
0
-0.728354
0
3476.385
279.5932
1916.927
0.25
FldObj_MountainLanayru_A_02.001
2.974223
1.039934
-3.127227
3778.76
424.3311
1397.502
1.0
FldObj_MountainSnow_A_M_04_Far
-3.115928
0.7437054
-3.03977
3495.069
328.2825
1657.079
1.0
FldObj_CliffSnowWall_D_01_Far
2.680814
-0.7667154
2.945968
3379.426
271.0582
1173.849
1.0
FldObj_MountainLanayru_A_02.002
-0.406017
-0.312156
0.01935657
3847.571
610.5967
1343.039
0.8
FldObj_CliffSnowLargeWall_D_03_Far.002
2.502702
0.3989869
3.095313
3331.154
326.5683
1483.364
1.0
FldObj_CliffSnow_B_01
2.801593
1.161594
-3.141592
3745.243
450.3844
1686.015
1.0
Enemy_Golem_Little
-0.01553388
0.08066345
0.08563719
3027.568
111.8317
1771.046
1.0
Item_Fruit_B
-3.141479
-0.3395996
-0.0001133071
3456.906
293.3838
1447.046
1.0
Obj_RockSetSnow_A_01_Far.001
0.09269778
0.6150521
1.429505
3747.819
481.6345
1309.34
1.2
FldObj_GerudoHighlandRock_C_02
0.7054747
-0.1018024
0.1074101
3866.473
414.0468
1538.1
1.0
FldObj_CliffSnowWall_D_17_Far
2.907048
0.3914716
-2.853455
3563.301
286.2877
1546.151
1.0
LinkTagAnd
0
2.720001
0
3917.981
580.1823
1334.797
1.0
FldObj_GerudoHighlandRock_C_02_Far.001
-0.09142321
-0.02323477
0.5886713
3726.587
496.1218
1246.679
1.0
LinkTagAnd
0
0
0
3165.824
196.331
1828.891
1.0
Enemy_Dragon_Grudge_Far
0
0
0
3932.047
590
1348.195
1.0
LinkTagAnd
0
0
0
4500
0
1325
60
SwitchTimeLag
0
0
0
3963
627.5
1402.5
5
FldObj_CliffWhite_B_10
0
0
0
3498.167
251.1833
1879.373
1.0
FldObj_CliffSnowWall_D_17.002
2.792626
-0.236811
-2.939848
3591.969
310.7832
1573.757
1.0
FldObj_MountainLanayru_A_03_Far.002
-2.823404
-0.1709505
-3.03319
3971.02
533.1584
1389.931
0.7
FldObj_CliffSnowWall_D_14.005
2.662954
1.145852
2.987622
4081.846
486.448
1295.297
1.0
Obj_TreeConiferous_A_Snow_03.001
0
4.957614
0
3450.493
267.0706
1366.836
1.0
FldObj_CliffSnowWall_D_14.006
-0.09171727
-1.240439
-0.02949666
3780.63
522.8188
1332.921
1.0
DestinationAnchor
0
-2.112386
0
3967.883
569.7294
1355.063
1.0
AscendingCurrent_Lanayru_DragonBattle
0
0
0
3858
539.4376
1420.5
1.0
LinkTagNAnd
0.5633217
1.14235
0.1494371
3348.51
277.1758
1937.761
1.0
FldObj_CliffSnowWall_D_14_Far.003
0.7596132
-1.0915
-1.025895
3350.179
258.091
1238.055
1.0
FldObj_GerudoHighlandRock_C_01
0.1608011
-0.0293872
0.2083372
3881.435
420.2311
1525.185
1.0
SwitchTimeLag
0
0
0
3017.797
112.0446
1794.992
1.0
FldObj_CliffSnowWall_D_01.002
-0.4959768
-0.7648144
0.3488569
3766.999
417.7802
1427.005
1.0
DgnObj_EntranceShutter_A_01
0
1.134464
0
3885.565
572.8087
1316.544
1.0
Item_Fruit_I
0
2.468412
0
3357.028
269.0052
1250.415
1.0
Enemy_Golem_Little
-1.88693
1.247261
-1.94776
3025.699
112.1889
1782.957
1.0
FldObj_GerudoHighlandRock_C_03_Far
2.399783
0.5550162
2.842552
3858.361
411.136
1564.718
1.0
TBox_Field_Stone
-2.99743
-1.498029
2.982403
3314.053
209.217
1935.986
1.0
LinkTagNAnd
0
0
0
3168.324
199.3779
1825.891
2
FldObj_MountainLanayru_A_01.003
-2.516057
1.136913
-2.900361
3723.031
384.4589
1428.46
1.0
ActorObserverTag
0
2.094395
0
3232.902
307.0854
1544.873
1.5
FldObj_CliffSnowWall_D_03
2.204007
-1.330521
-2.534303
3670.379
370.5544
1206.379
1.0
FldObj_GerudoHighlandRock_C_01_Far.001
0.1608011
-0.0293872
0.2083372
3881.435
420.2311
1525.185
1.0
Area
0
-0.4399998
0
3926.442
577.4874
1335.47
21.52388
LinkTagOr
0
2.961593
0
3432.449
345.4529
1150.221
1.0
FldObj_SpiderMountainGate_A_01_Far
0
-1.76
0
3189.084
263.114
1155.486
1.0
FldObj_MountainLanayru_A_02.003
-1.090912
1.300733
-0.7485028
3901.512
560.2369
1336.185
0.6
TwnObj_MamonoShop_A_01
0
1.16
0
3333.797
244.3527
1937.353
1.0
LinkTagAnd
0
0
0
3431.6
500
1540.5
20
ActorObserverTag
0
0
0
3272.405
347.4906
1438.471
1.0
LinkTagAnd
0
0
0
3017.797
112.0446
1782.992
1.0
AscendingCurrent_Lanayru_DragonBattle
0
0
0
3857
582.8474
1370
1.0
KorokAnswerResponce
0
0
0
3169.324
197.831
1828.891
0.5
FldObj_CliffWhiteWall_A_05_Far
-0.4018686
-1.262875
0.0698154
3378.707
287.0883
1670.292
1.0
Item_Fruit_A
0
1.1
0
3526.817
272.061
1928.943
1.0
LinkTagAnd
0
0
0
3156.324
200.8779
1820.891
2
Area
0
0
0
3184.371
173.0007
1565.436
1.0
Obj_Plant_ChiliPepper_A_01.001
0
-1.637735
0
3238.684
263.4828
1161.742
1.0
Obj_RockSetSnow_A_01_Far.002
0
-0.32
0
3417.529
265.2726
1366.085
1.0
FldObj_CliffSnowWall_D_19.004
-2.567881
1.299759
-2.276263
3998.115
542.5405
1308.415
1.1
LinkTagAnd
0
2.094395
0
3234.592
313.384
1551.356
1.0
FldObj_GerudoHighlandRock_C_02.001
3.066033
-0.1576653
-2.918783
3811.577
416.3995
1509.911
1.0
FldObj_MountainLanayru_A_01_Far.002
2.733564
-0.9669322
2.954891
3677.13
440.2498
1187.339
1.0
Obj_TreeConiferous_A_Snow_01.001
0
0.6264946
0
3552.143
312.8222
1390.642
1.0
FldObj_CliffWhiteParts_A_03
2.385128
0.8092378
3.119852
3163.397
287.7547
1520.258
1.0
EnemyNoticeTag
0
0
0
3015.797
112.0446
1785.992
1.0
ActorObserverTag
0
0
0
3272.405
347.4906
1438.971
1.0
Item_Fruit_I
0
0.2089844
0
3615.642
350.9057
1766.994
1.0
FldObj_CliffSnowTopHalf_D_01.001
2.721592
-0.02159277
-3.141592
3890.737
409.2322
1635.292
0.8
Obj_RockSetWhite_B_L_02.001
-1.019295
0.1097301
1.546891
3470.974
248.0923
1993.116
1.0
Obj_RockSetSnow_A_01_Far.003
0.05280119
-0.254701
-0.2067624
3929.18
569.706
1357.484
1.0
FldObj_CliffSnowWall_D_09_Far.001
-0.8629313
-1.010981
-0.764953
3967.727
563.6584
1318.893
0.8
LinkTagOr
0
0
0
3800.93
577.8524
1269.197
1.0
FldObj_MountainLanayru_A_03_Far.003
-0.4136638
0.572399
-0.1274372
3871.614
516.2585
1421.708
1.0
Obj_Plant_ChiliPepper_A_01.002
0
-0.8311742
0
3194.141
266.0546
1140.572
1.0
ActorObserverTag
0
2.094395
0
3238.161
306.3794
1546.798
1.5
LinkTagAnd
0
0
0
3157.369
241.7858
1156.324
1.0
FldObj_CliffSnowWall_D_22.001
-2.942992
1.074268
-3.028606
3439.691
274.8312
1341.011
1.0
FldObj_CliffSnowLargeWall_D_02
2.599853
0.04017964
-2.794993
3350.513
284.1454
1137.031
1.0
FldObj_CliffSnowWall_D_17_Far.001
-0.1738912
-1.300339
-0.0268712
3614.62
376.7354
1287.512
1.0
LinkTagOr
0
-0.18
0
3437.738
319.0818
1103.382
1.0
SwitchTimeLag
0
0
0
3988
627.5
1527.5
5
FldObj_CliffSnowWall_D_06
2.618857
-1.109044
-2.775955
3318.273
238.8535
1290.745
1.0
FldObj_CliffSnowWall_D_14.007
2.552136
0.06664535
2.838827
3910.992
572.7781
1226.162
1.0
FldObj_CliffSnowWall_D_01_Far.001
-0.4959768
-0.7648144
0.3488569
3766.999
417.7802
1427.005
1.0
FldObj_MountainLanayru_A_01_Far.003
-0.5007123
0.6928839
-0.01643456
4002.637
494.5253
1412.728
1.0
LinkTagOr
0
-1.637735
0
3240.709
263.4828
1162.409
1.0
Obj_TreeSnowberry_A
3.141479
0.7409668
3.141479
3473.473
270.9325
1361.344
1.0
FldObj_GerudoHighlandRock_C_01.001
3.09855
0.2573248
-2.572607
3726.43
490.4754
1264.001
1.0
Obj_RockSetWhite_B_L_02.002
0
0
0
3235.976
157.9759
1805.574
1.0
LinkTagAnd
0
0
0
3017.797
112.0446
1794.992
1.0
FldObj_MountainLanayru_A_02_Far.008
0.1887552
0.9665713
0.3733899
3921.59
557.7886
1306.62
0.9
SwitchTimeLag
0
0
0
3017.797
112.0446
1788.992
1.0
LinkTagAnd
0
0
0
3965.5
590
1350
1.0
FldObj_MountainLanayru_A_02_Far.009
-0.1182221
-0.4599174
-0.00445523
3839.588
451.233
1452.078
1.0
ConstraintDummy
0
-0.1495822
0
3359.123
267.8952
1250.928
1.0
ConstraintDummy
0
0.2089844
0
3617.402
350.0257
1766.651
1.0
FldObj_CliffSnowWall_D_14_Far.004
2.662954
1.145852
2.987622
4081.846
486.448
1295.297
1.0
FldObj_MountainLanayru_A_02_Far.010
1.390685
1.357279
1.713953
3946.752
572.9068
1253.393
1.0
FldObj_MountainLanayru_A_01_Far.004
0.3722423
-0.2181132
-0.04140598
3861.222
586.0539
1259.479
0.8
Item_Fruit_A
0
2.496263
0
3524.275
269.301
1926.843
1.0
LinkTagAnd
0
0
0
3183
227.5
1764.5
1.0
ActorObserverTag
0
0
0
3271.905
347.4906
1438.471
1.0
Obj_TreeConiferous_A_Snow_03.002
0
-2.04
0
3536.672
265.6282
1432.442
1.0
AscendingCurrent_Lanayru_DragonBattle
0
0
0
3875.1
425.5001
1533
1.0
Item_Fruit_I
0
0.7302098
0
3359.685
268.99
1248.484
1.0
FldObj_MountainLanayru_A_01_Far.005
-2.877917
0.9702054
-2.986687
3785.122
417.4599
1416.456
0.9
LinkTagAnd
0
0
0
3963
627.5
1427.5
20
FldObj_CliffWhiteWall_A_02.003
-0.8755018
0.2644478
-0.05962558
3098.197
234.1185
1546.597
1.0
FldObj_MountainLanayru_A_02.004
2.743435
1.070375
-3.094894
3887.675
599.3994
1290.024
1.0
StaminaParashawlTag
0
0
0
3938
627.5
1437.5
4
PointWindSetTag
0
-0.6000006
0
3786
438
1654.5
1.0
FldObj_CliffSnowWall_D_17.003
0
1.380002
0
3991.678
544.1801
1235.378
1.0
LinkTagAnd
0
0
0
3184.371
173.0007
1565.436
1.0
LinkTagOr
0
0
0
4400
0
1475
60
Obj_RockSetSnow_A_01.001
0.05280119
-0.254701
-0.2067624
3929.18
569.706
1357.484
1.0
LinkTagAnd
0
0
0
3190.531
229.1578
1763.651
1.0
FldObj_KorokStartingBlock_A_01
0
-0.14
0
3439.148
317.1276
1100.776
1.0
LinkTagOr
0
-0.8311742
0
3196.024
266.0546
1139.572
1.0
FldObj_PlayerChapel_B_01_Far
0
1.134464
0
3937.033
566.8031
1340.526
1.0
LinkTagOr
0
-2.900001
0
3171.455
296.3482
1491.055
1.0
LinkTagOr
0
-1.57999
0
3732.969
470.2948
1686.93
1.0
FldObj_CliffSnowLargeWall_D_01.001
-0.0774078
-0.2128475
-0.004900876
3892.357
542.0615
1372.098
0.95
FldObj_MountainLanayru_A_01_Far.006
0.4704334
0.3721613
-0.04580003
3780.429
503.4191
1194.322
1.0
SwitchTimeLag
-1.570796
0
0
3167.324
199.831
1828.891
0.5
AscendingCurrent_Lanayru_DragonBattle
0
0
0
3865.547
474.8175
1459.5
1.0
FldObj_MountainLanayru_A_01.004
0.7503231
-1.397149
-1.24109
3528.594
283.9092
1240.292
1.0
Obj_Plant_ChiliPepper_A_01.003
0
2.900884
0
3185.392
264.3461
1164.611
1.0
FldObj_CliffSnowWall_D_01_Far.002
1.419314
-1.420863
-1.61639
3656.965
340.5853
1440.292
1.0
Enemy_Chuchu_Ice_Junior
0
-2.299999
0
3693.44
376.9642
1461.152
1.0
StaminaParashawlTag
0
0
0
3943.3
611.5
1228.9
4
Area
0
0
0
3272.455
345.7406
1438.421
0.1
FldObj_CliffSnowWall_D_14_Far.005
-0.3817575
0.2822312
0.6533657
3823.42
419.0428
1520.44
1.0
FldObj_CliffSnowLargeWall_D_01_Far.001
2.30947
-1.36333
-2.763424
3586.323
332.5241
1175.531
0.85
FldObj_MountainLanayru_A_02_Far.011
-0.3603625
0.4120492
-0.05042896
3934.678
561.7774
1373.355
0.85
Obj_StaminaUtuwa_A_01
0
-1.992388
0
3913.786
576.7293
1329.648
1.0
Item_Fruit_A
0
2.094395
0
3235.626
307.184
1552.807
1.0
FldObj_MountainLanayru_A_01.005
-0.5007123
0.6928839
-0.01643456
4002.637
494.5253
1412.728
1.0
LinkTagAnd
0
0
0
3171.324
197.8779
1822.891
2
Obj_TreeConiferous_A_Snow_03.003
0
0.6264946
0
3553.075
268.8968
1445.857
1.0
Obj_RockSetSnow_A_01.002
-0.02773294
0.05321287
-0.4807382
3968.671
566.1523
1369.682
1.0
ActorObserverTag
0
2.094395
0
3239.587
307.5434
1549.268
1.5
FldObj_CliffSnowWall_D_19_Far.002
-0.2256816
-1.285519
0.04836869
3533.077
297.0809
1312.72
1.0
FldObj_MountainLanayru_A_02_Far.012
0.2769074
0.9788072
-0.1007416
3629.676
362.3053
1154.527
1.0
FldObj_MountainLanayru_A_02.005
-0.3603625
0.4120492
-0.05042896
3934.678
561.7774
1373.355
0.85
Obj_TreeConiferous_A_Snow_03.004
0
0
0
3739.832
468.0391
1687.919
1.0
FldObj_CliffWhite_B_01
0
0
0
3166.4
175.1155
1834.092
1.0
FldObj_MountainLanayru_A_03.002
1.358013
-1.480875
-0.9478868
3979.963
551.2909
1324.046
0.75
FldObj_MountainLanayru_A_01_Far.007
-2.516057
1.136913
-2.900361
3723.031
384.4589
1428.46
1.0
FldObj_GerudoHighlandRock_C_03
2.399783
0.5550162
2.842552
3858.361
411.136
1564.718
1.0
Item_Fruit_A
0
1.04
0
3559.176
294.3976
1966.563
1.0
FldObj_CliffSnowWall_D_05_Far
-0.2530845
0.7581879
-0.01963207
4008.341
510.8042
1379.835
1.0
LinkTagAnd
0
0
0
3811.5
0
650.9
60
LinkTagNAnd
0
1.134464
0
3884.568
585.3085
1314.424
0.6000001
SwitchTimeLag
0
0
0
3696.72
377.3397
1459.311
1.0
AnchorAction1
0
1.135349
0
3336.364
244.3527
1938.471
1.0
FldObj_KorokStartingBlock_A_01.001
-0.350221
-1.432303
0.3886737
3735.972
467.8615
1686.961
1.0
LinkTagOr
0
2.900884
0
3184.384
264.3461
1166.491
1.0
Npc_HiddenKorokFly
0
0
0
3178.812
177.0007
1607.304
1.0
Obj_TreeSnowberry_A.001
3.141479
1.010376
3.141479
3810.762
371.2869
1777.098
1.0
Area
0
-2.900001
0
3170.984
286.2719
1487.052
1.0
FldObj_MountainLanayruWall_A_01_Far.001
2.583232
0.04107657
-3.121029
3884.913
389.8319
1066.7
1.0
FldObj_MountainLanayru_A_02.006
-0.412881
0.1354874
0.1751366
3897.735
561.7511
1366.187
1.0
FldObj_MountainLanayru_A_02_Far.013
0.3997958
0.8313555
0.06887682
3792.055
540.9835
1246.356
1.0
LinkTagAnd
0
0
0
3230.631
308.426
1539.178
1.0
LinkTagAnd
0
-0.6399994
0
3708.79
303.9515
1942.789
1.0
LinkTagNAnd
0
0
0
3801.2
0
500
60
FldObj_CliffWhiteWall_A_02.004
-1.109102
0.1403842
0.5685192
3244.983
318.5379
1443.474
1.0
Item_Fruit_I
0
1.886738
0
3336.094
269.9604
1254.282
1.0
FldObj_CliffWhiteWall_A_02_Far.002
-0.22
-0.6599999
0
3369.635
309.2121
1755.245
1.0
Item_Fruit_A
0
2.436263
0
3556.765
291.6376
1964.315
1.0
LinkTagAnd
0
0
0
3178.312
179.5007
1607.304
1.0
Item_Fruit_I
0
2.645231
0
3267.396
264.447
1189.337
1.0
LinkTagAnd
0
0
0
3177.038
229.1266
1768.091
1.0
Area
0
0
0
3271.855
345.7406
1439.021
0.1
Obj_RockSetSnow_A_01_Far.004
-2.538587
0.1666181
-1.139658
3978.284
563.8407
1336.152
1.0
Obj_TreeConiferous_A_Snow_03.005
0
1.120943
0
3544.403
278.0963
1505.273
1.0
LinkTagNAnd
0
0
0
3164.324
199.3779
1825.891
2
LinkTagOr
0
-0.728354
0
3476.012
281.1932
1916.594
1.0
FldObj_CliffSnowWall_D_14_Far.006
2.675004
-0.7564437
3.029215
3675.217
427.4833
1086.415
1.0
ConstraintDummy
0
0.4745231
0
3358.372
267.6429
1243.494
1.0
Area
0
0
0
3901.2
571.6422
1323.8
8
PosAfterDemoSkip
0
-2.007128
0
3888.302
572.8085
1317.93
1.0
FldObj_CliffWhiteWaterFall_A_01
0
-3.123186
0
3275.229
261.491
1364.329
1.0
FldObj_CliffSnowLargeWall_D_02.001
0.9486303
-1.158548
-1.924293
4013.237
445.6658
1570.553
1.0
Obj_RaftWoodSail_A_S_01
-1.321251
-1.26632
1.294798
3211.12
173.4334
1833.408
1.0
FldObj_CliffWhiteWall_A_05_Far.001
-0.6908624
-0.4851062
0.1480863
4027.42
286.6945
1974.001
1.0
FldObj_CliffWhite_B_10_Far
0
0
0
3498.167
251.1833
1879.373
1.0
LinkTagAnd
0
0
0
3936.719
572.6041
1342.477
1.0
Obj_TreeConiferous_A_Snow_03.006
0
0.4635257
0
3480.205
268.8117
1423.244
1.0
Area
0
0
0
3902.606
579.4433
1363.578
10
FldObj_SpiderMountainGate_A_01
0
-1.76
0
3189.084
263.114
1155.486
1.0
LinkTagAnd
0
1.134464
0
3886.925
572.8085
1318.833
0.3
StaminaParashawlTag
0
0
0
3938
627.5
1587.5
4
Obj_RockSetWhite_B_L_02.003
0
0
1.94
3200.581
170.6792
1833.587
1.0
FldObj_CliffWhiteWall_A_05
-0.5599999
-0.3
0
3489.278
328.9703
1759.532
1.0
FldObj_CliffWhiteLumpRock_A_01.002
-1.042357
-0.4790061
0.2551019
3294.715
262.9026
1303.109
0.8
FldObj_CliffWhiteWall_A_05.001
-0.4018686
-1.262875
0.0698154
3378.707
287.0883
1670.292
1.0
TwnObj_GoddesStatue_A_10
0
1.149204
0
3910.775
574.6893
1328.298
0.7500001
FldObj_CliffSnowWall_D_09.001
1.607236
0.9229057
-3.009105
3721.668
424.476
1389.777
1.0
Item_Fruit_I
0
0.4807155
0
3185.116
264.094
1161.911
1.0
FldObj_CliffWhiteWall_A_05_Far.002
2.83679
0.3519017
3.01628
3231.567
322.0252
1419.449
0.9
FldObj_CliffSnowWall_D_14.008
2.278454
-1.209971
-2.709538
3703.903
363.9571
1543.796
1.0
FldObj_CliffSnowWall_D_01.003
-0.6972243
0.06112756
0.2965894
3954.322
469.0529
1477.276
1.0
FldObj_CliffWhite_A_S_01_Far
0.0964655
-0.3473785
-0.2769383
3220.159
268.5287
1304.321
1.0
LinkTagOr
-0.04108753
0.000627804
0.03055267
3800.93
582.8524
1269.197
1.0
SwitchTimeLag
0
0
0
3883.3
611.5
1193.9
5
FldObj_CliffWhiteWall_A_01.002
1.555625
1.326952
2.262985
3158.933
320.2194
1393.248
1.0
LinkTagOr
0
-1.210205
0
3465.133
275.0697
1340.27
1.0
Obj_RockSetSnow_A_01_Far.005
0.3015707
-0.9464684
-0.3818696
3722.256
424.8577
1373.004
1.0
FldObj_CliffSnowWall_D_14.009
1.620146
-1.138392
-2.215229
3638.664
331.2241
1459.736
1.0
LinkTagOr
0
1.561603
0
3525.988
456.5448
1710.123
1.0
LinkTagOr
0
0
0
3605.5
600
1643.3
20
FldObj_CliffSnowLargeWall_D_03
2.333903
0.3225428
-3.025097
3797.614
442.1302
1625.285
1.0
FldObj_CliffSnowWall_D_14.010
1.956855
-0.4204203
-2.731178
3794.653
432.6332
1469.63
1.0
LinkTagAnd
0
0
0
3875.426
573.6346
1311.813
1.0
FldObj_CliffWhiteWall_B_03_Far
-0.5769452
-1.323178
-0.04963374
3552.228
288.2865
2002.703
1.0
FldObj_MountainLanayru_A_02_Far.014
-2.516032
-1.332876
2.334951
3696.306
334.2205
1517.792
1.0
Obj_TreeConiferous_A_Snow_03.007
0
5.367549
0
3439.99
290.6121
1433.186
1.0
StaminaParashawlTag
0
0
0
3938
627.5
1537.5
4
Obj_TreeApple_A_M_01.001
0
0
0
3150.159
173.5848
1709.517
1.0
FldObj_CliffWhiteParts_A_03_Far
0.6984352
-0.1268463
1.595431
3133.823
290.9291
1463.472
1.2
FldObj_GerudoHighlandRock_C_02_Far.002
3.066033
-0.1576653
-2.918783
3811.577
416.3995
1509.911
1.0
Obj_RockSetSnow_A_01_Far.006
1.519919
-0.4070384
-1.807886
3986.448
551.6268
1324.138
1.0
Area
0
0
0
3871.5
629
1280
1.0
Obj_TreeApple_A_M_01.002
0
2.094395
0
3227.907
302.926
1546.961
1.0
LinkTagAnd
0
0
0
3164.324
200.8779
1825.891
2
Obj_TreeConiferous_A_Snow_03.008
0
-1.08
0
3492.768
275.6021
1358.301
1.0
Item_Fruit_I
0
3.092517
0
3356.371
268.7529
1244.302
1.0
FldObj_CliffSnowWall_D_19_Far.003
2.490564
1.061366
-2.735891
3735.302
441.7151
1669.318
1.0
Obj_RockSetSnow_A_01.003
0.1113731
-0.4983771
-1.412379
3919.4
475.9718
1471.954
0.8
ConstraintDummy
2.266286
0.4453944
-2.898359
3454.483
292.8425
1447.23
1.0
FldObj_CliffSnowWall_D_22.002
-0.06969528
-0.5756542
0.1497063
3802.585
459.7696
1460.104
1.0
Area
0
2.094395
0
3229.907
307.3854
1546.727
0.3
FldObj_GerudoHighlandRock_C_01_Far.002
-0.2374354
0.04844311
0.6768984
3691.176
464.8843
1221.491
1.0
FldObj_CliffSnowLargeWall_D_03.001
2.381372
-1.043842
-3.092278
3699.151
442.5712
1146.021
1.0
FldObj_MountainLanayruWall_A_01.003
1.537895
-1.50078
-2.291106
4174.135
334.9935
1942.569
1.0
FldObj_CliffSnowWall_D_05_Far.001
0.04000007
-0.8999999
0
3814.383
517.8198
1376.254
1.0
LinkTagAnd
0
0
0
3908.3
611.5
1218.9
20
FldObj_MountainLanayru_A_02_Far.015
2.974223
1.039934
-3.127227
3778.76
424.3311
1397.502
1.0
LinkTagOr
0
0
0
3968
590.5
1353.5
1.0
Area
0
0
0
3166.324
191.4076
1834.094
5.264507
FldObj_CliffSnowLargeWall_D_02_Far
2.544505
-0.12033
-2.797987
3634.296
390.8165
1666.437
1.0
SwitchTimeLag
0
0
0
3486
500
1606
10
FldObj_MountainLanayru_A_02.007
0.5369128
-1.053126
-1.0407
3703.166
467.6111
1204.459
1.0
AscendingCurrent_Lanayru_DragonBattle
0
0
0
3808.5
353.5
1698
1.0
FldObj_CliffWhiteWall_A_01.003
-0.6073103
-0.6012926
-0.6987158
3255.449
305.4034
1064.565
0.8
Item_Fruit_B
-3.141479
-1.010376
-0.0001135643
3810.335
372.1069
1777.434
1.0
LinkTagAnd
0
0
0
3696
420.0757
1349.5
1.0
LinkTagAnd
0
0
0
3963
627.5
1502.5
20
LinkTagAnd
0
0
0
3963
627.5
1452.5
20
FldObj_GerudoHighlandRock_C_01_Far.003
3.09855
0.2573248
-2.572607
3726.43
490.4754
1264.001
1.0
Item_Fruit_I
0
-2.067177
0
3250.116
267.9959
1151.655
1.0
LinkTagNAnd
0
2.094395
0
3237.161
307.0168
1545.066
1.0
FldObj_CliffSnowWall_D_14_Far.007
-0.2937092
-0.3719695
-0.09517048
3834.692
543.5187
1412.859
1.0
LinkTagOr
0
0.2089844
0
3615.544
350.0257
1764.963
1.0
LinkTagAnd
0
0
0
3166.324
202.3779
1825.891
2
FldObj_MountainLanayruWall_A_01_Far.002
-0.5656407
-0.6235073
-0.1858938
3907.978
313.6369
1819.578
1.0
FldObj_WaterFallBottom_A_01
0
0
0
3184.445
172.8708
1564.237
1.3
FldObj_CliffSnowLargeWall_D_02_Far.001
2.708499
0.5759366
-2.734761
3531.36
371.2419
1646.826
1.0
Obj_RockSetSnow_A_01_Far.007
0
0.34
0
3343.271
267.8097
1261.555
1.0
ConstraintDummy
0
-0.8311742
0
3195.509
266.0546
1142.028
1.0
LinkTagNone
0
0
0
3936.719
572.6041
1342.477
1.0
LinkTagAnd
0
0
0
3172.917
240.1265
1760.973
1.0
FldObj_MountainLanayru_A_01_Far.008
-0.1916481
-0.7164655
0.2926977
3806.457
435.3027
1425.49
0.9
AirOcta_Tag
0
0.2617994
0
3177
241.5
1756
1.0
AirOcta_Tag
0
-2.356194
0
3183
230.5
1764.5
1.0
FldObj_CliffWhiteWall_B_03_Far.001
2.799819
-1.338978
2.854572
3551.943
287.9109
1964.767
1.0
FldObj_CliffSnowWall_D_09.002
-0.08000004
-0.5999998
4.586093E-09
3757.795
414.5408
1451.857
1.0
FldObj_CliffWhiteWall_A_02_Far.003
-1.109102
0.1403842
0.5685192
3244.983
318.5379
1443.474
1.0
LinkTagOr
0
-0.1495822
0
3357.976
267.8952
1248.695
1.0
LinkTagAnd
0
1.134464
0
3886.925
572.8085
1318.833
0.3
FldObj_CliffWhiteLumpRock_A_01.003
-2.651289
1.44604
-1.902475
3256.67
264.3589
1346.514
0.7
Area
0
0
0
3976.5
568.5
1362
20
PointWindSetTag
1.570796
0
0
3851.5
600
1520
40
ConstraintDummy
0
-1.637735
0
3238.579
263.4828
1163.737
1.0
FldObj_MountainLanayru_A_01.006
-0.4505359
-0.06848837
0.1351298
3879.761
557.6119
1387.459
1.0
FldObj_CliffSnowWall_D_19.005
0
1.340002
0
4022.783
541.9882
1350.738
1.0
Obj_RockSetGray_A_L_01
-1.873755
0.2463275
2.758245
3228.097
286.9041
1507.626
1.0
AscendingCurrent_Lanayru_DragonBattle
0
0
0
3873.742
447.7794
1498
1.0
FldObj_MountainLanayru_A_01.007
0.4704334
0.3721613
-0.04580003
3780.429
503.4191
1194.322
1.0
LinkTagAnd
0
0
0
3166.324
191.4076
1834.094
1.0
LocationTag
0
0
0
3926.442
577.4874
1335.47
1.0
FldObj_CliffSnowWall_D_14_Far.008
-0.09171727
-1.240439
-0.02949666
3780.63
522.8188
1332.921
1.0
LinkTagAnd
0
1.14
0
3908.5
590
1332.5
1.0
Item_Fruit_A
0
2.094395
0
3236.592
307.8402
1551.121
1.0
FldObj_MountainLanayruWall_A_01.004
2.627514
0.3132074
2.677123
3810.123
392.9987
1106.098
1.0
FldObj_MountainLanayru_A_02.008
-2.516032
-1.332876
2.334951
3696.306
334.2205
1517.792
1.0
FldObj_MountainLanayru_A_02.009
1.390685
1.357279
1.713953
3946.752
572.9068
1253.393
1.0
LinkTagAnd
0
0
0
3963
627.5
1402.5
1.0
FldObj_MountainLanayruWall_A_01_Far.003
-0.5345799
-0.07087162
0.1565915
3896.919
346.7195
1760.578
1.0
AscendingCurrent_Lanayru_DragonBattle
0
0
0
3958
568.7488
1331.789
1.0
LinkTagNAnd
0
2.094395
0
3240.458
308.6731
1550.777
1.0
Area
0.4399999
0
-1.570796
3933.394
574.6893
1338.946
1.0
FldObj_CliffWhiteWall_A_05_Far.003
-0.8776272
0.009784092
-0.1631457
3945.53
286.7565
1889.195
1.0
FldObj_CliffSnowLargeWall_D_01.002
2.30947
-1.36333
-2.763424
3586.323
332.5241
1175.531
0.85
ActorObserverTag
0
2.094395
0
3237.161
305.6294
1545.066
1.5
Area
0
1.134464
0
3875.426
573.6346
1311.813
25
FldObj_WaterFallBottom_A_01_Far
0
0
0
3184.445
172.8708
1564.237
1.3
Area
0
2.720001
0
3913.311
574.9495
1329.48
5
LinkTagAnd
0
-1.401592
0
3277.689
348.8461
1435.51
1.0
IceWall
0
0
0
3896.64
416.4681
1556.54
1.2
FldObj_CliffWhiteLumpRock_A_01.004
2.201593
0.9015929
3.141593
3239.954
257.5285
1242.49
1.0
Obj_RockSetSnow_A_01_Far.008
0.1113731
-0.4983771
-1.412379
3919.4
475.9718
1471.954
0.8
DgnObj_DungeonEntrance_A_01
0
1.134464
0
3882.121
571.8085
1314.938
1.0
Enemy_Golem_Little
-0.08511738
-1.316226
0.3508843
3041.618
112.8123
1781.648
1.0
Obj_Plant_ChiliPepper_A_01.004
0
-0.1495822
0
3357.143
267.8952
1250.659
1.0
FldObj_CliffWhiteWall_B_03
-0.7425097
-1.109657
0.3298913
3516.84
266.093
1940.105
1.0
FldObj_CliffWhiteWall_A_07
0
-1.121593
0
3233.697
302.0024
1542.494
1.0
LinkTagNone
0
0
0
3183.958
240.1266
1755.871
1.0
LinkTagAnd
2.503177
-0.7386005
-1.608105
3708.323
302.3515
1944.889
1.0
FldObj_WaterFallAkkare_A_02
0
0
0
3184.371
289.76
1554.506
1.0
Item_Fruit_I
0
0.9802591
0
3238.917
264.5928
1161.607
1.0
LinkTagOr
-0.04108753
0.000627804
0.03055267
3899.64
421.6681
1556.54
1.0
Obj_RockSetWhite_B_L_02.004
-1.352661
0.5213144
0.5710247
3482.771
243.7339
2003.811
1.0
EnemyNoticeTag
0
0
0
3015.797
112.0446
1779.992
1.0
LinkTagOr
0
0
0
3276.627
350.1139
1446.542
1.0
LinkTagOr
0
2.094395
0
3231.214
302.926
1545.744
1.0
Obj_TreeConiferous_A_Snow_01.002
0
6.219779
0
3480.312
268.9827
1383.577
1.0
Npc_HiddenKorokGround
0
0
0
3896.64
416.6681
1556.54
1.0
FldObj_CliffSnowWall_D_17_Far.002
1.259781
-1.251937
-1.363044
3695.844
361.2308
1509.506
1.0
FldObj_CliffWhite_A_S_01
0.0964655
-0.3473785
-0.2769383
3220.159
268.5287
1304.321
1.0
DungeonBird_test
0
1.134464
0
3881.539
571.8085
1315.024
1.0
FldObj_MountainLanayru_A_02.010
0.333775
0.4040427
0.2085516
3889.967
586.1151
1250.033
1.0
FldObj_CliffSnowWall_D_19.006
0
1.6
0
3958.605
567.2667
1282.168
1.0
FldObj_MountainLanayruWall_A_01_Far.004
2.661592
-0.04159245
3.141593
3865.339
481.9636
1175.351
1.0
LinkTagAnd
0
0
0
4500
0
1150
60
FldObj_KorokStoneLift_A_01
-0.0004655558
-1.483556
0.0004919432
3263.696
345.467
1432.482
1.0
Obj_TreeConiferous_A_Snow_01.003
0
0.6264946
0
3536.584
310.631
1353.268
1.0
FldObj_MountainLanayru_A_01_Far.009
-0.4505359
-0.06848837
0.1351298
3879.761
557.6119
1387.459
1.0
SwitchTimeLag
0
0
0
3988
627.5
1577.5
5
Obj_RockSetSnow_A_01.004
-0.0257184
0.2110417
-0.6849976
3914.782
594.9829
1268.519
1.0
FldObj_CliffWhiteWall_A_01_Far.003
-0.6073103
-0.6012926
-0.6987158
3255.449
305.4034
1064.565
0.8
LinkTagOr
0
0
0
3790
650
1400
20
Area
0
0
0
3857
614
1370
1.0
Item_Fruit_I
0
1.786819
0
3194.205
267.1646
1140.309
1.0
Obj_RockSetSnow_A_01.005
1.036977
-1.27109
-1.056728
3694.496
345.4398
1530.174
1.0
FldObj_MountainLanayru_A_03_Far.004
0.278021
-0.3220984
-0.07081791
3757.779
470.5398
1125.484
1.0
FldObj_CliffWhiteWall_A_01.004
2.386933
-0.3054349
2.951316
3062.765
358.176
1358.486
1.0
EventTag
0
0
0
3962.5
595
1352.5
1.0
Area
0
0
0
3808.5
479
1698
1.0
Obj_RockSetSnow_A_01.006
0
0.34
0
3343.271
267.8097
1261.555
1.0
Obj_TreeConiferous_A_Snow_03.009
0
2.282773
0
3435.113
275.2558
1326.582
1.0
LinkTagOr
0
-0.18
0
3430.482
340.9529
1149.863
1.0
Item_Fruit_A
0
1.1
0
3524.783
268.826
1925.911
1.0
FldObj_CliffSnowWall_D_19_Far.004
-1.34916
-0.9635381
0.9422797
3627.48
308.4984
1577.34
1.0
FldObj_CliffSnowWall_D_01.004
-0.005148277
-1.057722
-0.469783
3570.533
311.8294
1289.198
1.0
LinkTagOr
0
-1.57999
0
3732.969
469.2948
1686.93
1.0
AnchorAction2
0
-2.004652
0
3336.364
244.3527
1938.471
1.0
FldObj_MountainLanayru_A_01_Far.010
0.3187839
1.114673
0.06703024
3646.988
370.1234
1167.251
1.0
FldObj_CliffWhite_B_10_Far.001
-0.2040288
-1.293132
0.1548584
3126.913
160.5652
1933.792
1.2
FldObj_KorokTarget_A_01
0
0
0
3166.074
212.3817
1801.93
1.0
Item_Fruit_I
0
-2.149583
0
3359.547
269.06
1248.894
1.0
Obj_HeartUtuwa_A_01
0
-1.992388
0
3913.786
576.7293
1329.648
1.0
FldObj_MountainLanayru_A_01.008
0.3187839
1.114673
0.06703024
3646.988
370.1234
1167.251
1.0
Area
0
0
0
3903.5
571.4
1338.7
10
Npc_HiddenKorokGround
0
2.56
0
3229.032
302.8331
1545.245
1.0
LinkTagAnd
0
0
0
3017.797
112.0446
1785.992
1.0
FldObj_CliffWhiteWall_A_01.005
-0.8248519
-0.3440632
-0.3026461
3164.779
335.9585
1015.516
1.0
LinkTagAnd
0
0
0
3429.6
500
1607.4
20
Area
0
0
0
3178.812
169.4244
1611.304
1.0
FldObj_CliffWhite_B_10.001
3.130901
-0.4209879
-3.01762
3137.942
161.0824
1749.207
0.9
DragonDropItemTarget
0
0
0
3162.8
293.9954
1120.2
1.0
FldObj_KorokGoal_A_01.001
0
-1.57999
0
3525.984
452.0448
1710.623
1.0
AnchorAction4
0
1.14012
0
3336.364
244.3527
1938.471
1.0
EnemyNoticeTag
0
0
0
3015.797
112.0446
1794.992
1.0
LinkTagOr
0
-0.18
0
3436.877
342.9529
1151.026
1.0
FldObj_KorokTarget_A_01.001
0
0
0
3158.479
190.0859
1801.93
1.0
FldObj_MountainLanayru_A_02_Far.016
-0.1893111
-1.06846
-0.06019261
3786.927
535.693
1364.754
1.0
LinkTagAnd
0
2.961593
0
3433.434
345.4529
1150.399
1.0
FldObj_MountainLanayru_A_02_Far.017
0.4615183
-0.58722
0.01317451
3879.832
591.6245
1262.232
0.9
Area
0
0
0
3894.788
579.3297
1370.767
10
FldObj_CliffSnowWall_D_19_Far.005
0
1.340002
0
4022.783
541.9882
1350.738
1.0
FldObj_CliffWhiteParts_A_02
2.881593
-0.2415924
3.141593
3101.273
251.0774
1167.334
1.0
Item_Fruit_B
2.318426E-07
1.210205
3.141593
3464.284
276.0591
1338.522
1.0
DgnObj_WarpPoint_A_01
0
1.134464
0
3890.455
572.7715
1318.824
1.0
LinkTagAnd
0
0
0
3988
627.5
1402.5
30
KorokAnswerResponce
0
2.094395
0
3225.985
305.426
1539.817
0.5
Area
0
0
0
3931.5
602
1265
1.0
FldObj_CliffWhiteWall_A_02.005
-0.8985585
-0.8535683
-0.1619945
3170.675
331.3517
1395.528
1.0
Obj_TreeConiferous_A_Snow_01.004
0
1.937349
0
3441.326
290.1273
1467.068
1.0
FldObj_CliffSnowWall_D_01_Far.003
0.1062708
-1.128804
-1.010645
3706.121
373.5023
1458.605
1.1
Obj_RockSetWhite_B_L_02.005
-0.1869633
-0.3622412
-0.5144897
3497.419
245.6788
1926.07
1.0
Obj_Plant_ChiliPepper_A_01.005
0
2.645231
0
3267.605
263.567
1189.384
1.0
LinkTagOr
0
1.04
0
3559.508
288.5976
1967.489
1.0
FldObj_CliffSnowWall_D_14_Far.009
2.541592
0.8415925
-3.141592
3311.245
269.8116
1091.802
1.0
Area
0
0
0
3677.453
341.252
1524.016
12
LinkTagAnd
0
0
0
4500
0
1025
60
FldObj_MountainLanayru_A_01_Far.011
0.3756741
0.2034567
-0.1514804
3728.242
483.1853
1124.723
1.0
Npc_HiddenKorokGround
0
-1.401592
0
3277.774
346.3461
1436.003
1.0
FldObj_CliffSnowWall_D_18_Far.001
2.664504
0.8593013
2.41416
3850.306
631.207
1289.066
1.0
Obj_TreeConiferous_A_Snow_03.010
0
-0.9
0
4041.301
505.9589
1394.218
1.0
Item_Fruit_A
0
2.094395
0
3233.395
305.934
1550.084
1.0
FldObj_CliffSnowWall_D_18_Far.002
3.140824
0.03839936
3.121578
3695.369
376.752
1456.325
1.0
FldObj_MountainLanayru_A_03_Far.005
1.358013
-1.480875
-0.9478868
3979.963
551.2909
1324.046
0.75
FldObj_CliffWhiteWall_A_07.001
3.141593
-0.7615921
-3.101593
3132.778
294.9819
1546.325
0.9
FldObj_CliffWhiteParts_A_06_Far
2.821593
0.121592
-3.141592
3122.229
275.7645
1193.928
1.0
FX_CliffWhiteWaterFall_01
0
-3.123186
0
3275.229
261.491
1364.329
1.0
Area
0
0
0
3907.646
572.0443
1349.704
12
FldObj_CliffSnowWall_D_01_Far.004
2.134897
-1.03643
-2.469518
3668.375
382.9082
1360.87
1.0
Obj_LiftRockWhite_A_01.001
0.3068452
-0.739895
0.07931894
3475.639
278.5932
1916.261
1.0
Area
0
2.094395
0
3235.626
307.1872
1552.807
0.3
Obj_RockSetSnow_A_01.007
0
-0.32
0
3417.529
265.2726
1366.085
1.0
LinkTagAnd
0
0
0
3439.148
318.5776
1100.776
1.0
FldObj_CliffSnowWall_D_18.003
3.140824
0.03839936
3.121578
3695.369
376.752
1456.325
1.0
Obj_Plant_ChiliPepper_A_01.006
0
1.886738
0
3336.213
269.0804
1254.459
1.0
FldObj_CliffSnowWall_D_05
0.04000007
-0.8999999
0
3814.383
517.8198
1376.254
1.0
FldObj_CliffSnowLargeWall_D_01.003
2.817789
0.9103503
-2.98753
3451.655
322.904
1599.794
1.0
Area
0
0
0
3901.5
613.5
1266
1.0
FldObj_CliffWhiteMountain_A_02
0
-1.48
0
3163.241
278.5513
1249.274
1.0
FldObj_CliffSnowWall_D_14_Far.010
-0.4599998
0.9999999
0
4088.263
474.1768
1430.742
1.0
LinkTagAnd
0
0
0
3166.324
200.8779
1820.891
2
Item_Fruit_B
-3.141479
-0.3395996
-0.0001134925
3456.707
293.2037
1447.993
1.0
FldObj_MountainLanayru_A_01_Far.012
0.7503231
-1.397149
-1.24109
3528.594
283.9092
1240.292
1.0
Item_Fruit_A
0
1.1
0
3389.08
239.8996
1870.568
1.0
Obj_TreeApple_A_M_01.003
0
1.04
0
3556.817
288.5976
1965.215
1.0
FldObj_CliffSnowWall_D_09_Far.002
1.607236
0.9229057
-3.009105
3721.668
424.476
1389.777
1.0
LinkTagOr
0
2.645231
0
3266.155
263.567
1190.947
1.0
FldObj_CliffSnowWall_D_19_Far.006
0
1.6
0
3958.605
567.2667
1282.168
1.0
SwitchTimeLag
0
0
0
3310.319
208.1853
1942.239
1.0
FldObj_MountainLanayru_A_02.011
-2.69756
-0.8303933
3.080711
3890.088
567.8618
1348.206
1.0
EventTag
0
0.6108652
0
3888.404
572.8085
1315.661
0.6
Area
0
-0.6399994
0
3709.191
302.3516
1943.087
3
Obj_RockSetSnow_A_01_Far.009
-0.02773294
0.05321287
-0.4807382
3968.671
566.1523
1369.682
1.0
FldObj_GerudoHighlandRock_C_01.002
0.2940908
0.001970386
0.6436986
3713.231
486.9901
1257.284
1.0
LinkTagAnd
0
0
0
3183.958
240.1266
1755.871
1.0
Npc_HiddenKorokGround
0
-0.728354
0
3475.639
278.6932
1916.261
1.0
Obj_TreeConiferous_A_Snow_03.011
0
-1.24
0
3415.229
274.0875
1375.916
1.0
ConstraintDummy
0
-2.922677
0
3183.04
263.144
1162.562
1.0
EventTag
0
0
0
3939.5
572.6041
1343.5
1.0
Obj_TreeConiferous_A_Snow_01.005
0
2.613069
0
3523.995
269.9808
1471.576
1.0
FldObj_CliffWhiteLumpRock_A_01.005
-1.64
0
0
3309.248
256.86
1254.279
0.8
LinkTagAnd
0
0
0
3926.442
577.4874
1335.47
1.0
LinkTagOr
0
1.886738
0
3334.085
269.0804
1254.597
1.0
FldObj_CliffSnowWall_D_14.011
-0.2937092
-0.3719695
-0.09517048
3834.692
543.5187
1412.859
1.0
LinkTagAnd
0
0
0
3879.3
0
500
60
LinkTagAnd
0
0
0
3694.72
377.3397
1460.811
1.0
FldObj_CliffSnowWall_D_19.007
3.051938
-1.09785
2.948448
3325.297
279.7512
1352.54
1.2
LinkTagAnd
0
0
0
3958.3
611.5
1193.9
30
Item_Fruit_I
0
2.900884
0
3185.178
265.2261
1164.619
1.0
DragonDropItemTarget
0
0
0
3947.4
578.8931
1303.6
1.0
FldObj_CliffSnowLargeWall_D_01_Far.002
-0.0774078
-0.2128475
-0.004900876
3892.357
542.0615
1372.098
0.95
FldObj_CliffSnowWall_D_03.001
0.1420124
-0.6832299
-0.3037629
3536.438
234.7695
1357.233
1.0
LinkTagAnd
0
0
0
3885.79
571.4931
1325.557
1.0
Obj_TreeApple_A_M_01.004
0
2.094395
0
3221.222
302.926
1542.567
1.0
FldObj_CliffSnowTopHalf_D_01_Far
2.721592
-0.02159277
-3.141592
3890.737
409.2322
1635.292
0.8
DragonDropItemTarget
0
0
0
3995.6
565.1228
1353.5
1.0
LinkTagNAnd
0
0
0
3166.324
200.8779
1825.891
2
FldObj_CliffWhiteParts_A_01.001
0
0.36
0
3122.358
250.0032
1118.797
1.0
SwitchTimeLag
0
0
0
3908.3
611.5
1193.9
5
ForbidWolfLinkAreaTag
0
0
0
3849.2
0
700
1.0
DragonDropItemTarget
0
0
0
3777.9
447.0087
1425.9
1.0
FldObj_CliffSnowWall_D_14_Far.011
-0.5750514
-0.4417954
0.5404943
3718.254
454.3381
1319.743
1.0
FldObj_CliffWhite_B_10_Far.002
3.130901
-0.4209879
-3.01762
3137.942
161.0824
1749.207
0.9
IceWall
0
0
0
3797.93
577.6524
1269.197
1.5
Obj_RockSetSnow_A_01_Far.010
-1.034125
0.3663329
0.3365765
3695.422
378.4299
1427.8
1.0
FldObj_CliffWhiteWall_A_01_Far.004
-0.8237203
-0.3437175
0.1602451
3623.682
332.0958
1816.807
1.0
FldObj_CliffWhiteParts_A_06_Far.001
2.647472
0.02655873
3.106486
3103.502
318.2449
1295.783
1.0
FldObj_MountainLanayru_A_02.012
0.7954971
-1.194858
-0.5121586
3940.858
559.9492
1316.914
0.8
KorokAnswerResponce
0
-1.57999
0
3523.011
452.0448
1707.596
1.0
FldObj_CliffSnowLargeWall_D_03_Far.003
2.433509
0.8292673
2.955566
3378.315
321.6013
1517.761
1.0
FldObj_MountainLanayruWall_A_01_Far.005
2.517941
-0.6102174
2.961059
4084.805
289.2927
1913.451
1.0
ChangeWeatherTag
0
0
0
3767.5
598.5
1480
10
FldObj_CliffSnowWall_D_18_Far.003
2.833474
-1.1677
-2.937928
3353.713
284.6458
1272.349
1.0
BeeHome
0
0
0
3151.627
175.6113
1709.427
1.0
StaminaParashawlTag
0
0
0
3938
627.5
1562
4
Obj_TreeConiferous_A_Snow_02
0
0
0
3445.945
273.7074
1321.563
1.0
FldObj_CliffWhiteParts_A_01.002
0
-2.18
0
3104.966
233.636
1160.76
1.0
FldObj_MountainLanayru_A_01.009
0.6691429
1.090441
0.2335427
3644.948
353.2758
1350.774
1.0
FldObj_CliffSnowWall_D_19_Far.007
1.209119
-1.197467
-1.489979
3663.448
381.6586
1426.432
1.0
LinkTagOr
3.141479
0.7409668
3.141479
3472.157
270.9433
1359.812
1.0
LinkTagOr
0
0
0
4400
0
1250
60
FldObj_CliffWhiteParts_A_01.003
0
-0.16
0
3167.055
259.2376
1122.832
1.0
FldObj_CliffSnowWall_D_22_Far.001
-2.942992
1.074268
-3.028606
3439.691
274.8312
1341.011
1.0
Area
0
2.094395
0
3223.223
307.3854
1542.332
0.3
Area
0
-0.18
0
3432.942
342.9029
1150.31
1.7
FldObj_CliffSnowWall_D_17.004
1.259781
-1.251937
-1.363044
3695.844
361.2308
1509.506
1.0
LinkTagAnd
0
0
0
4400
0
1350
60
Item_Fruit_I
0
-2.40527
0
3356.527
268.593
1244.649
1.0
FldObj_CliffWhiteLumpRock_A_01.006
-0.9599997
-0.48
0
3306.951
275.0117
1126.554
1.0
FldObj_MountainLanayru_A_01.010
0.4294666
-0.1129839
0.05985404
3881.677
544.6182
1213.614
1.0
FldObj_CliffSnowWall_D_17_Far.003
0.4573307
-1.203655
-0.6392426
3639.279
367.3127
1347.617
1.0
FldObj_CliffSnowWall_D_17_Far.004
-3.08382
0.2843127
-3.065737
3581.67
347.8461
1604.412
1.0
DragonDropItemTarget
0
0
0
3872.8
620.59
1283.1
1.0
FldObj_CliffWhiteLumpRock_A_01.007
-0.7
-0.5600001
0
3270.738
264.5634
1140.753
1.0
Item_Fruit_I
0
-0.3046828
0
3185.179
264.2539
1162.286
1.0
FldObj_CliffSnowWall_D_17.005
-0.1738912
-1.300339
-0.0268712
3614.62
376.7354
1287.512
1.0
FldObj_CliffWhiteParts_A_03.001
1.465414
-0.01361405
1.965369
3164.073
290.376
1529.666
1.4
FldObj_MountainLanayruWall_A_01_Far.006
-0.5
0
0
3867.619
347.0868
1761.546
1.0
LinkTagAnd
0
0
0
3883.3
611.5
1218.9
20
Obj_TreeConiferous_A_Snow_03.012
0
0
0
3527.477
442.9547
1686.732
1.0
FldObj_GerudoHighlandRock_C_01_Far.004
0.6744974
-0.08064792
0.2529525
3865.023
444.2706
1494.702
1.0
Obj_RaftWood_A_S_02
-1.321251
-1.26632
1.294798
3211.16
173.5674
1833.888
1.0
SwitchTimeLag
0
0
0
3432.7
500
1556.9
10
FldObj_CliffWhiteParts_A_02.001
3.1253
-0.07827372
-2.897603
3123.742
240.9221
1162.353
1.0
FldObj_CliffWhiteWall_A_05.002
-0.6908624
-0.4851062
0.1480863
4027.42
286.6945
1974.001
1.0
Area
0
0
0
3856.5
645.5
1338.5
1.0
Obj_Plant_ChiliPepper_A_01.007
0
0.2089844
0
3615.453
350.0257
1767.094
1.0
FldObj_CliffSnowWall_D_17_Far.005
0
1.380002
0
3991.678
544.1801
1235.378
1.0
Obj_RockSetSnow_A_01.008
0
-1.440001
0
4009.406
554.386
1337.938
1.0
Npc_HiddenKorokFly
0
-2.900001
0
3171.941
293.8482
1490.935
1.0
FldObj_CliffWhiteWall_A_01_Far.005
-0.8248519
-0.3440632
-0.3026461
3164.779
335.9585
1015.516
1.0
FldObj_MountainLanayru_A_02.013
0.1887552
0.9665713
0.3733899
3921.59
557.7886
1306.62
0.9
FldObj_WaterFallBottom_A_02_Far
0
3.021592
0
3277.504
268.5808
1349.621
1.0
LinkTagAnd
0
1.134464
0
3883.3
585.3085
1317.143
0.6000001
FldObj_CliffSnowWall_D_19_Far.008
1.886337
0.1304449
-2.960883
3805.774
425.0498
1715.43
1.0
FldObj_CliffSnowWall_D_22_Far.002
1.11645
-1.379457
-1.799528
3721.946
420.1357
1391.808
1.0
FldObj_KorokPinwheel_A_01
0.0475615
-0.01169656
0.8221967
3160.861
191.1234
1830.356
1.0
FldObj_MountainLanayru_A_03.003
-0.4136638
0.572399
-0.1274372
3871.614
516.2585
1421.708
1.0
FldObj_CliffSnowWall_D_14.012
-0.2092148
-0.1198054
0.6818247
3702.314
425.6775
1316.191
1.0
FldObj_MountainLanayru_A_02.014
0.4615183
-0.58722
0.01317451
3879.832
591.6245
1262.232
0.9
ActorObserverTag
0
0
0
3271.905
347.4906
1438.971
1.0
FldObj_CliffWhiteWall_A_02_Far.004
2.221592
-0.00159257
3.141593
3098.136
322.3346
1268.942
1.0
ConstraintDummy
0
0.7302098
0
3361.04
268.11
1247.31
1.0
LinkTagNAnd
0
2.094395
0
3238.161
307.6028
1546.798
1.0
FldObj_CliffWhiteLumpRock_A_01.008
2.881593
0.6615928
3.141593
3202.018
271.2656
1207.601
1.0
FldObj_GerudoHighlandRock_C_02_Far.003
0.9502295
-0.06157361
0.243348
3848.68
434.062
1496.372
1.0
Obj_TreeSnowberry_A.002
3.141479
0.3395996
3.141479
3456.832
292.3837
1447.465
1.0
Npc_HiddenKorokGround
0
0
0
3797.93
577.8524
1269.197
1.0
Snow_Distance_Lanayru
0
0.6999999
0
3859.477
712.8047
1310.129
1.0
Obj_TreeConiferous_A_Snow_01.006
0
5.315464
0
3466.86
271.6277
1351.266
1.0
FldObj_MountainLanayru_A_01_Far.013
0.6691429
1.090441
0.2335427
3644.948
353.2758
1350.774
1.0
DgnObj_EntranceElevator_A_01
0
1.134464
0
3882.121
572.8087
1314.938
1.0
Obj_RockSetWhite_B_L_02.006
-1.394862
-0.6192325
-0.3460913
3153.547
170.0733
1774.345
1.0
Item_Fruit_I
0
-0.1495822
0
3357.355
268.7752
1250.632
1.0
LinkTagAnd
0
0
0
3801.2
0
574.5
60
Enemy_Golem_Little
-0.3433883
-1.302073
0.3972084
3037.086
112.3085
1778.323
1.0
LinkTagAnd
0
0
0
3313.009
209.9366
1943.967
1.0
FldObj_CliffSnowLargeWall_D_02_Far.002
0.9486303
-1.158548
-1.924293
4013.237
445.6658
1570.553
1.0
LinkTagAnd
0
0
0
3184.05
229.1265
1758.151
1.0
DgnObj_DungeonEntrance_A_01_Far
0
1.134464
0
3882.121
571.8085
1314.938
1.0
Area
0
-0.14
0
3439.148
318.5776
1100.776
0.7
FldObj_MountainLanayru_A_03.004
-0.5882878
0.07567346
-0.1490685
3848.506
555.6072
1392.707
1.0
FldObj_PlayerChapel_B_01
0
1.134464
0
3937.033
566.8031
1340.526
1.0
FldObj_CliffSnowWall_D_17_Far.006
2.792626
-0.236811
-2.939848
3591.969
310.7832
1573.757
1.0
LinkTagOr
0
0
0
3179.312
179.5007
1607.303
1.0
FldObj_CliffSnowWall_D_19.008
2.581593
-1.361593
3.141593
3741.137
384.4469
1543.891
1.0
Enemy_Chuchu_Ice_Middle
0
0
0
3698.961
421.0956
1346.5
1.0
LinkTagAnd
0
0
0
3963
627.5
1577.5
20
Area
0
0
0
3946
587.5
1295
1.0
FldObj_CliffSnowWall_D_22_Far.003
-0.06969528
-0.5756542
0.1497063
3802.585
459.7696
1460.104
1.0
FldObj_CliffSnowWall_D_14.013
2.675004
-0.7564437
3.029215
3675.217
427.4833
1086.415
1.0
LinkTagOr
0
0
0
3899.64
416.6681
1556.54
1.0
LinkTagOr
0
-2.067177
0
3251.727
267.1159
1152.897
1.0
LinkTagAnd
0
0
0
3875.426
573.6346
1311.813
1.0
DragonDropItemTarget
0
0
0
3848.4
639.1739
1310.3
1.0
FldObj_CliffSnowWall_D_19.009
-1.34916
-0.9635381
0.9422797
3627.48
308.4984
1577.34
1.0
LinkTagAnd
0
0
0
3935
572.6041
1342.5
1.0
FldObj_MountainSnow_A_M_04
-3.115928
0.7437054
-3.03977
3495.069
328.2825
1657.079
1.0
DestinationAnchor
0
-2.530727
0
3888.978
572.8085
1316.48
1.0
Enemy_AirOctarock
0
-2.094395
0
3170.054
240.1578
1752.969
1.0
Area
0
0
0
3032.797
112.0446
1779.992
15
LinkTagAnd
0
0
0
3336.364
244.3527
1938.471
1.0
FldObj_GerudoHighlandRock_C_04
-2.82806
0.7482122
-2.698238
3744.075
509.0213
1215.03
1.0
FldObj_GerudoHighlandRock_C_02_Far.004
2.74724
0.08211344
-2.480044
3758.905
525.0161
1258.271
1.0
Npc_HiddenKorokFly
0
2.961593
0
3432.942
342.9529
1150.31
1.0
FldObj_MountainLanayruWall_A_01_Far.007
1.537895
-1.50078
-2.291106
4174.135
334.9935
1942.569
1.0
StaminaParashawlTag
0
0
0
3414
500
1544.4
10
FldObj_CliffSnowWall_D_06_Far
2.618857
-1.109044
-2.775955
3318.273
238.8535
1290.745
1.0
FldObj_CliffSnowLargeWall_D_03.002
2.455986
-0.4969934
3.135413
3741.125
492.0967
1132.495
1.0
LinkTagAnd
0
0
0
3168.324
200.8779
1825.891
2
Item_Fruit_A
0
2.094395
0
3236.843
309.184
1550.056
1.0
FldObj_GerudoHighlandRock_C_01.003
0
0
0
3887.264
410.5727
1580.332
1.0
FldObj_KorokStone_A_01
0
0
0
3272.155
345.4906
1438.721
1.0
ActorObserverTag
0
0
0
3965.5
590
1355
1.0
Obj_Plant_ChiliPepper_A_01.008
0
-2.067177
0
3250.163
267.1159
1151.447
1.0
Enemy_Chuchu_Ice_Junior
0
0
0
3691.5
420.2629
1346.5
1.0
LinkTagAnd
0
0
0
3963
627.5
1527.5
20
LinkTagOr
0
2.094395
0
3237.898
303.384
1550.139
1.0
SwitchTimeLag
0
0
0
3988
627.5
1552.5
5
Obj_RockSetSnow_A_01.009
1.519919
-0.4070384
-1.807886
3986.448
551.6268
1324.138
1.0
FldObj_CliffSnow_B_01_Far
2.801593
1.161594
-3.141592
3745.243
450.3844
1686.015
1.0
LinkTagAnd
0
0
0
3017.797
112.0446
1788.992
1.0
FldObj_CliffWhiteWall_A_05.003
-0.8776272
0.009784092
-0.1631457
3945.53
286.7565
1889.195
1.0
LinkTagNAnd
0
2.094395
0
3238.704
309.9309
1547.739
1.0
Area
0
1.14
0
3919.469
569.7969
1332.5
1.0
FldObj_CliffSnowWall_D_14_Far.012
-0.2092148
-0.1198054
0.6818247
3702.314
425.6775
1316.191
1.0
Enemy_AirOctarock
0
1.570451
0
3190.531
229.1578
1763.651
1.0
Obj_RockSetSnow_A_01.010
0.09269778
0.6150521
1.429505
3747.819
481.6345
1309.34
1.2
LinkTagAnd
0
0
0
3486
500
1606
1.0
FldObj_CliffSnowWall_D_18.004
0
-2.42
0
3667.69
400.6777
1398.228
1.0
Npc_HiddenKorokFly
0
0
0
3166.324
193.831
1828.891
1.0
FldObj_CliffWhiteWall_A_02_Far.005
-0.405929
-0.7471775
-0.1171321
3278.616
266.8079
1582.01
1.2
Area
0
0
0
3853.6
628.6938
1288
12
Area
0
0
0
3865.547
542
1459.5
1.0
FldObj_CliffSnowLargeWall_D_02.002
2.708499
0.5759366
-2.734761
3531.36
371.2419
1646.826
1.0
Obj_TreeConiferous_A_Snow_01.007
0
0.6264946
0
3550.755
314.0489
1359.19
1.0
FldObj_CliffSnowWall_D_05.001
-0.2530845
0.7581879
-0.01963207
4008.341
510.8042
1379.835
1.0
FldObj_CliffWhiteParts_A_02.002
0.07190607
-1.34274
0.1726644
3122.17
229.4711
1141.431
1.0
Area
0
0
0
3875.1
498
1533
1.0
Obj_RockSetSnow_A_01.011
-1.034125
0.3663329
0.3365765
3695.422
378.4299
1427.8
1.0
FldObj_KorokTarget_A_01.002
0
0
0
3173.035
189.8797
1801.93
1.0
FldObj_MountainLanayruWall_A_01_Far.008
2.627514
0.3132074
2.677123
3810.123
392.9987
1106.098
1.0
FldObj_GerudoHighlandRock_C_02.002
-0.09142321
-0.02323477
0.5886713
3726.587
496.1218
1246.679
1.0
SwitchTimeLag
0
0
0
3988
627.5
1427.5
5
ConstraintDummy
2.589585
1.079873
-2.662317
3809.068
371.7456
1775.453
1.0
KorokAnswerResponce
0
2.094395
0
3232.67
305.426
1544.211
0.5
LinkTagOr
-1.147627
0.2521612
0.3872893
3275.627
345.6139
1446.542
1.0
FldObj_CliffSnowWall_D_14.014
2.56814
0.3348638
3.076239
3877.629
579.061
1224.031
1.0
FldObj_MountainLanayruWall_A_01.005
2.975436
-0.4509279
2.925576
3650.152
277.1399
989.6593
1.0
Item_Fruit_I
0
-2.670809
0
3615.319
350.9757
1767.281
1.0
FldObj_CliffWhite_B_10.002
-0.2040288
-1.293132
0.1548584
3126.913
160.5652
1933.792
1.2
FldObj_MountainLanayru_A_01.011
2.733564
-0.9669322
2.954891
3677.13
440.2498
1187.339
1.0
FldObj_CliffSnowWall_D_01_Far.005
2.138447
1.412549
2.414544
4080.913
484.6077
1358.458
1.0
Item_Fruit_I
0
-2.934982
0
3359.309
269.2199
1248.598
1.0
FldObj_GerudoHighlandRock_C_02.003
-0.04961681
0.504688
0.6953853
3691.604
470.6432
1232.935
1.0
FldObj_CliffSnowWall_D_03_Far
2.204007
-1.330521
-2.534303
3670.379
370.5544
1206.379
1.0
LinkTagAnd
0
0
0
3926.442
577.4874
1335.47
1.0
FldObj_MountainLanayru_A_03.005
0.3146965
1.216142
0.6062545
3915.202
552.6783
1303.354
0.9
WallCrack
2.329038
-1.420271
-2.608329
3313.967
207.9824
1936.329
1.1
FldObj_MountainLanayru_A_03_Far.006
0.3146965
1.216142
0.6062545
3915.202
552.6783
1303.354
0.9
FldObj_MountainLanayruWall_A_01.006
-0.5656407
-0.6235073
-0.1858938
3907.978
313.6369
1819.578
1.0
EnemyNoticeTag
0
0
0
3015.797
112.0446
1791.992
1.0
FldObj_CliffSnowWall_D_14_Far.013
1.620146
-1.138392
-2.215229
3638.664
331.2241
1459.736
1.0
FldObj_KorokTarget_A_01.003
0
0
0
3154.177
203.9929
1801.93
1.0
FldObj_CliffWhiteWall_B_03.001
-0.5769452
-1.323178
-0.04963374
3552.228
288.2865
2002.703
1.0
FldObj_CliffSnowWall_D_19_Far.009
2.961592
1.26
3.141593
3453.519
287.6663
1440.595
1.0
Obj_RockSetWhite_B_L_02.007
-1.399159
-0.09854022
-0.01705193
3239.178
167.7186
1826.579
1.0
FldObj_CliffSnowLargeWall_D_03_Far.004
2.455986
-0.4969934
3.135413
3741.125
492.0967
1132.495
1.0
LinkTagOr
0
0
0
4400
0
1150
60
FldObj_MountainLanayru_A_02_Far.018
0.2146709
-0.4776031
0.1287352
3864.931
614.2075
1293.771
0.8
Area
0
0
0
3859.477
410.2734
1310.129
300
SwitchTimeLag
0
0
0
3988
627.5
1502.5
5
LinkTagOr
0
2.094395
0
3224.529
302.926
1541.349
1.0
FldObj_MountainLanayru_A_02_Far.019
-3.136493
-0.9957514
2.726245
3793.956
558.5774
1312.509
1.0
FldObj_MountainLanayru_A_01_Far.014
0.4859367
1.125186
0.1931372
3817.192
567.9265
1283.384
1.1
FldObj_CliffWhiteWall_A_02.006
-0.22
-0.6599999
0
3369.635
309.2121
1755.245
1.0
DragonDropItemTarget
0
0
0
3955.4
569.8731
1348.7
1.0
LinkTagOr
0
2.56
0
3228.614
305.3331
1544.971
1.0
FldObj_CliffSnowWall_D_14.015
1.874558
-0.55557
-2.510731
3757.165
401.6451
1496.914
1.0
LinkTagPulse
0
-2.02
0
3708.757
302.3515
1943.988
0.25
FldObj_MountainLanayru_A_02_Far.020
2.145339
-1.451112
-1.877388
3877.806
606.5714
1306.134
0.9
FldObj_CliffWhiteWall_A_02.007
-0.18
-0.54
0
3211.435
338.7932
1434.558
1.0
FldObj_CliffWhiteWaterFall_A_01_Far
0
-3.123186
0
3275.229
261.491
1364.329
1.0
FldObj_MountainLanayru_A_01.012
0.3722423
-0.2181132
-0.04140598
3861.222
586.0539
1259.479
0.8
Item_Fruit_I
0
2.572218
0
3193.912
267.0046
1140.551
1.0
FldObj_MountainLanayru_A_02.015
0.2769074
0.9788072
-0.1007416
3629.676
362.3053
1154.527
1.0
FldObj_CliffSnowWall_D_14.016
0.7596132
-1.0915
-1.025895
3350.179
258.091
1238.055
1.0
SignaledSpotBgmTag
0
0
0
3337.796
246.3486
1936.758
35
Obj_RockSetSnow_A_01_Far.011
-0.0257184
0.2110417
-0.6849976
3914.782
594.9829
1268.519
1.0
LinkTagAnd
0
0
0
3938
627.5
1402.5
1.0
FldObj_MountainLanayru_A_02_Far.021
0.5369128
-1.053126
-1.0407
3703.166
467.6111
1204.459
1.0
BasinTag
0
0
0
3184.371
171.0178
1564.371
1.0
Area
0
0
0
3888.6
613.1172
1283.5
9
Item_Fruit_I
0
1.765657
0
3238.54
264.4328
1161.562
1.0
FldObj_CliffSnowWall_D_17.006
0.4573307
-1.203655
-0.6392426
3639.279
367.3127
1347.617
1.0
LinkTagNAnd
0
0
0
3857.9
0
650.9
60
EnemyNoticeTag
0
0
0
3015.797
112.0446
1782.992
1.0
EnemyNoticeTag
0
0
0
3015.797
112.0446
1788.992
1.0
FldObj_CliffSnowLargeWall_D_02_Far.003
2.599853
0.04017964
-2.794993
3350.513
284.1454
1137.031
1.0
Area
0
0
0
3157.369
241.7858
1156.324
80
FldObj_MountainLanayru_A_02.016
0.0398722
-0.00319574
0.1999363
3986.074
549.3597
1346.502
0.8
FldObj_CliffSnowWall_D_01.005
2.680814
-0.7667154
2.945968
3379.426
271.0582
1173.849
1.0
Item_Fruit_B
-3.141479
-0.7409668
-0.0001132813
3473.705
271.9326
1360.987
1.0
FldObj_CliffSnowWall_D_18_Far.004
0
-2.42
0
3667.69
400.6777
1398.228
1.0
Obj_TreeConiferous_A_Snow_03.013
0
0.5
0
3702.476
376.0613
1468.028
1.0
FldObj_MountainLanayru_A_03.006
0.868654
0.9345434
0.5231147
3817.826
557.3558
1228.158
1.0
FldObj_CliffSnowWall_D_14.017
1.716518
-0.9731395
-2.336034
3638.082
320.9713
1508.463
1.0
FldObj_MountainLanayru_A_02_Far.022
-2.981593
0.4415926
3.141593
3623.504
294.6833
1569.584
1.0
FldObj_CliffSnowWall_D_14_Far.014
2.552136
0.06664535
2.838827
3910.992
572.7781
1226.162
1.0
Item_Fruit_A
0
1.1
0
3391.113
243.1346
1873.599
1.0
Obj_RockSetSnow_A_01.012
0.04097252
0.09648618
1.521858
3983.042
539.3719
1383.084
1.2
Area
0
1.134464
0
3882.121
571.8085
1314.938
40
Item_Fruit_I
0
-1.01996
0
3267.631
264.677
1189.653
1.0
FldObj_MountainLanayru_A_02_Far.023
-0.412881
0.1354874
0.1751366
3897.735
561.7511
1366.187
1.0
Enemy_Chuchu_Ice_Junior
0
0
0
3677.453
341.252
1524.016
1.0
FldObj_CliffSnowWall_D_18.005
-0.05469789
-0.7383581
0.1811682
3363.942
272.389
1258.56
1.0
FldObj_CliffSnowLargeWall_D_03_Far.005
2.333903
0.3225428
-3.025097
3797.614
442.1302
1625.285
1.0
AscendingCurrent_Lanayru_DragonBattle
0
0
0
3496
264
1371.5
1.0
FldObj_CliffSnowWall_D_19.010
2.490564
1.061366
-2.735891
3735.302
441.7151
1669.318
1.0
FldObj_CliffSnowWall_D_14_Far.015
2.283203
0.8164545
2.795104
3344.09
292.5421
1417.97
1.0
FldObj_MountainLanayru_A_02.017
-0.1893111
-1.06846
-0.06019261
3786.927
535.693
1364.754
1.0
Item_Fruit_I
0
-1.778453
0
3336.047
270.1904
1254.672
1.0
FldObj_MountainLanayru_A_02.018
-0.1182221
-0.4599174
-0.00445523
3839.588
451.233
1452.078
1.0
ConstraintDummy
2.406415
0.8312162
-2.813199
3471.402
271.3912
1360.209
1.0
LinkTagAnd
0
0
0
3161.324
197.8779
1822.891
2
FldObj_CliffWhiteWall_A_01.006
-0.482647
-0.15083
-0.1839597
3745.578
322.3961
1831.155
1.0
StaminaParashawlTag
0
0
0
3843.3
611.5
1228.9
4
FldObj_MountainLanayru_A_03_Far.007
2.885128
-0.8684667
2.8861
3616.584
357.2261
1177.226
1.0
Item_Fruit_A
0
2.094395
0
3223.223
307.3823
1542.332
1.0
FldObj_MountainLanayru_A_03_Far.008
0.868654
0.9345434
0.5231147
3817.826
557.3558
1228.158
1.0
Enemy_AirOctarock
0
1.832596
0
3183.958
240.1266
1755.871
1.0
FldObj_CliffSnowWall_D_19.011
2.815116
-0.5203585
-3.127862
3691.128
349.6783
1592.808
1.0
FldObj_CliffWhiteLumpRock_A_01.009
-1.018678
-0.03458471
-0.00374531
3354.469
267.0893
1158.207
1.0
EventTag
0
1.14
0
3911
590
1335
1.0
FldObj_GerudoHighlandRock_C_01.004
-0.2374354
0.04844311
0.6768984
3691.176
464.8843
1221.491
1.0
FldObj_MountainLanayru_A_01.013
-2.757668
0.01459316
-2.910336
3919.302
439.9299
1492.068
1.0
FldObj_MountainLanayru_A_01_Far.015
-0.5619167
-0.4476352
0.1290249
3834.377
572.2667
1369.442
1.0
TBox_Field_Iron
0
0.7853982
0
3177
238.9512
1756
1.0
FldObj_CliffSnowWall_D_10
2.991051
-0.4169573
3.136803
3562.559
374.3189
1639.174
1.0
FldObj_CliffSnowLargeWall_D_02.003
2.522774
-0.5446016
-3.072771
3742.745
415.7421
1632.414
1.0
Item_Fruit_A
0
2.496263
0
3388.572
240.3746
1871.499
1.0
LinkTagAnd
0
0
0
3169.324
202.3779
1826.891
2
Obj_RockSetSnow_A_01_Far.012
0.3999121
0.4787757
-0.5238177
3946.252
580.1449
1265.433
1.0
Enemy_Chuchu_Ice_Junior
0
0
0
3696.72
378.0957
1457.811
1.0
LinkTagAnd
0
0
0
3833.3
611.5
1218.9
20
FldObj_CliffSnowWall_D_14_Far.016
1.956855
-0.4204203
-2.731178
3794.653
432.6332
1469.63
1.0
StaminaParashawlTag
0
0
0
3918.3
611.5
1228.9
4
FldObj_MountainLanayru_A_02.019
-0.2423795
0.2329534
0.117738
3986.512
482.7212
1427.469
1.0
Item_Fruit_I
0
0.0210912
0
3185.594
265.2961
1164.501
1.0
FldObj_MountainLanayru_A_01_Far.016
0.2691794
0.9808589
0.6602603
3923.353
570.1086
1277.334
1.0
Area
1.570796
0
0
3851.5
600
1520
40
FldObj_CliffSnowWall_D_09_Far.003
-1.032982
0.5106508
0.6934381
3686.684
418.0541
1330.401
1.0
Item_Fruit_B
-3.141479
-1.010376
-0.0001132353
3811.08
372.2869
1776.815
1.0
FldObj_CliffSnowWall_D_01_Far.006
-0.005148277
-1.057722
-0.469783
3570.533
311.8294
1289.198
1.0
AscendingCurrent_Lanayru_DragonBattle
0
0
0
3871.5
615.9412
1280
1.0
Enemy_AirOctarock
0
-0.7853981
0
3177.038
229.1266
1768.091
1.0
FldObj_MountainLanayru_A_02_Far.024
-0.2423795
0.2329534
0.117738
3986.512
482.7212
1427.469
1.0
Obj_RockSetSnow_A_01.013
-2.538587
0.1666181
-1.139658
3978.284
563.8407
1336.152
1.0
FldObj_CliffSnowLargeWall_D_02_Far.004
2.522774
-0.5446016
-3.072771
3742.745
415.7421
1632.414
1.0
Obj_RockSetSnow_A_01_Far.013
2.676103
-1.180822
-2.332796
3364.215
272.1145
1286.637
1.0
ConstraintDummy
0
1.886738
0
3335.565
269.0804
1252.569
1.0
Item_Fruit_B
2.318426E-07
1.210205
-3.141593
3465.137
275.8791
1338.064
1.0
Dm_Locator
0
0
0
3910.937
574.7083
1328.276
1.0
FldObj_CliffSnowWall_D_14_Far.017
-0.6639814
-0.4723658
0.7804628
3657.088
397.1017
1311.528
1.0
LinkTagAnd
0
0
0
3183
230.5
1764.5
1.0
LinkTagOr
0
-2.922677
0
3184.914
263.144
1164.231
1.0
FldObj_MountainLanayru_A_03_Far.009
-0.5882878
0.07567346
-0.1490685
3848.506
555.6072
1392.707
1.0
FldObj_MountainLanayru_A_02_Far.025
0.4921288
1.236539
0.168581
3699.276
372.0625
1414.429
1.0
AscendingCurrent_Lanayru_DragonBattle
0
0
0
3931.5
589
1265
1.0
Area
-0.350221
-1.432303
0.3886737
3735.912
469.3086
1686.893
0.7
SwitchTimeLag
0
0
0
3933.3
611.5
1193.9
5
LinkTagOr
0
-0.6399994
0
3709.592
303.9515
1943.386
1.0
LinkTagAnd
0
0
0
3836.4
0
689.5
60
FldObj_CliffSnowLargeWall_D_01_Far.003
2.801593
-0.6015929
3.141593
3477.809
299.2315
1161.63
1.0
FldObj_CliffWhiteWall_A_01_Far.006
-0.482647
-0.15083
-0.1839597
3745.578
322.3961
1831.155
1.0
FldObj_MountainLanayru_A_03.007
-0.4770559
-1.187163
0.1878338
3817.583
574.6436
1333.753
1.0
FldObj_MountainLanayru_A_02.020
-2.981593
0.4415926
3.141593
3623.504
294.6833
1569.584
1.0
LinkTagAnd
0
-0.728354
0
3475.266
281.1932
1915.928
1.0
FldObj_MountainLanayru_A_02.021
2.145339
-1.451112
-1.877388
3877.806
606.5714
1306.134
0.9
FldObj_GerudoHighlandRock_C_02.004
2.74724
0.08211344
-2.480044
3758.905
525.0161
1258.271
1.0
FldObj_CliffWhiteLumpRock_A_01.010
-0.6984177
-0.3158036
-0.1340848
3232.59
275.0712
1115.169
1.0
FldObj_CliffWhiteWall_A_07_Far.001
0
-1.121593
0
3233.697
302.0024
1542.494
1.0
FldObj_CliffSnowWall_D_14.018
-0.3358322
-0.7462717
0.1674442
3757.783
455.82
1347.44
1.0
Item_Fruit_I
0
0.4745231
0
3356.764
268.5229
1244.287
1.0
FldObj_CliffWhite_B_01_Far
0
0
0
3166.4
175.1155
1834.092
1.0
LinkTagNAnd
0
0
0
3163.324
200.8779
1826.891
2
LinkTagOr
0
0
0
3744.72
542.5132
1156.121
1.0
FldObj_MountainLanayru_A_01.014
0.2691794
0.9808589
0.6602603
3923.353
570.1086
1277.334
1.0
LinkTagOr
0
0
0
3154.159
173.5848
1708.517
1.0
StaminaParashawlTag
0
0
0
3938
627.5
1512
4
Area
0
0
0
3271.855
346.3406
1438.421
0.1
FldObj_MountainLanayru_A_02.022
0.4921288
1.236539
0.168581
3699.276
372.0625
1414.429
1.0
LinkTagOr
-1.570796
0
0
3275.627
348.1764
1446.542
1.0
Area
0
2.094395
0
3236.843
309.1872
1550.056
0.3
FldObj_MountainLanayru_A_01.015
-2.877917
0.9702054
-2.986687
3785.122
417.4599
1416.456
0.9
ConstraintDummy
0
2.645231
0
3265.834
263.567
1188.458
1.0
FldObj_CliffWhiteWall_A_05.004
-0.6447572
-0.1684609
-0.1419947
3091.823
341.4639
992.9467
0.8
DragonDropItemTarget
0
0
0
3558.5
343.2116
1143.6
1.0
LinkTagOr
0
0
0
3166.324
202.8779
1828.891
2
LinkTagAnd
0
0
0
3936.9
572.6041
1343.3
1.0
FldObj_MountainLanayru_A_02.023
0.6811295
1.073791
0.2245869
3761.75
505.6221
1209.882
1.0
LinkTagAnd
0
0
0
3272.155
348.4906
1438.721
1.0
LinkTagAnd
0
0
0
3858.3
611.5
1218.9
20
FldObj_CliffSnowWall_D_09.003
1.823153
-0.02753959
2.825022
3934.69
564.7051
1375.278
0.85
FldObj_CliffSnowTop_D_01_Far
0
-2.563184
0
3735.638
413.2893
1686.015
1.0
FldObj_MountainLanayru_A_03.008
2.885128
-0.8684667
2.8861
3616.584
357.2261
1177.226
1.0
FldObj_CliffWhiteWall_A_05_Far.004
-0.6447572
-0.1684609
-0.1419947
3091.823
341.4639
992.9467
0.8
Item_Fruit_A
0
-2.792527
0
3233.48
306.684
1551.132
1.0
FldObj_GerudoHighlandRock_C_01.005
0.6744974
-0.08064792
0.2529525
3865.023
444.2706
1494.702
1.0
FldObj_CliffSnowWall_D_19_Far.010
2.815116
-0.5203585
-3.127862
3691.128
349.6783
1592.808
1.0
Obj_Plant_ChiliPepper_A_01.009
0
-2.922677
0
3184.984
263.144
1162.1
1.0
Area
1.570796
0
0
3851.5
650
1440
40
FldObj_CliffWhiteParts_A_03_Far.001
1.465414
-0.01361405
1.965369
3164.073
290.376
1529.666
1.4
FldObj_GerudoHighlandRock_C_01_Far.005
0
0
0
3887.264
410.5727
1580.332
1.0
FldObj_MountainLanayru_A_01.016
-0.3112064
-0.4388134
0.1078508
3832.236
513.6978
1423.215
1.0
SwitchTimeLag
-1.570796
0
0
3272.155
349.4906
1438.721
0.5
DragonDropItemTarget
0
0
0
3475.4
322.7553
1174.3
1.0
FldObj_MountainLanayruWall_A_01_Far.009
2.975436
-0.4509279
2.925576
3650.152
277.1399
989.6593
1.0
FldObj_MountainLanayru_A_01.017
0.4859367
1.125186
0.1931372
3817.192
567.9265
1283.384
1.1
Area
0
2.094395
0
3236.592
307.8434
1551.121
0.3
Obj_RockSetSnow_A_01_Far.014
0.04097252
0.09648618
1.521858
3983.042
539.3719
1383.084
1.2
ChangeWeatherTag
0
0
0
3766
650
1400
10
FldObj_WaterFallAkkare_A_02_Far
0
0
0
3184.371
289.76
1554.506
1.0
LinkTagAnd
0.5450227
1.146248
0.121167
3343.94
276.0746
1936.625
1.0
FldObj_CliffWhiteParts_A_01.004
0
3.083185
0
3166.191
248.4251
1181.923
1.0
FldObj_CliffSnowWall_D_01.006
1.419314
-1.420863
-1.61639
3656.965
340.5853
1440.292
1.0
FldObj_CliffWhiteParts_A_03.002
0.6984352
-0.1268463
1.595431
3133.823
290.9291
1463.472
1.2
Area
0
0
0
3337.796
246.3486
1936.758
35
FldObj_CliffSnowWall_D_19_Far.011
-0.6800001
0.4
0
3564.144
376.1281
1730.029
1.0
Area
0
0
0
3272.455
346.3406
1439.021
0.1
FldObj_GerudoHighlandRock_C_02_Far.005
-0.04961681
0.504688
0.6953853
3691.604
470.6432
1232.935
1.0
Area
0
0
0
3905.924
576.9262
1358.769
10
Obj_RockSetWhite_B_L_02.008
-1.3904
0.02854681
1.69333
3521.598
244.0928
1998.306
1.0
Obj_RockSetSnow_A_01.014
2.676103
-1.180822
-2.332796
3364.215
272.1145
1286.637
1.0
KorokAnswerResponce
0
0
0
3277.627
344.1139
1446.542
1.0
Npc_HiddenKorokFly
0
1.561603
0
3525.984
454.0448
1710.623
1.0
AnchorAction3
0
1.140127
0
3336.364
244.3527
1938.471
1.0
FldObj_CliffSnowWall_D_14.019
-0.5750514
-0.4417954
0.5404943
3718.254
454.3381
1319.743
1.0
DragonDropItemTarget
0
0
0
3379.6
295.0705
1223.7
1.0
SwitchTimeLag
0
0
0
3017.797
112.0446
1791.992
1.0
DgnObj_EntranceTerminal_A_01
0
0.6108652
0
3888.404
572.8087
1315.661
1.0
DragonDropItemTarget
0
0
0
3170.8
263.1053
1154.3
1.0
Area
0
-1.57999
0
3525.984
453.9948
1710.623
1.7
Enemy_Golem_Little
-2.988368
-0.3297126
3.021852
3033.631
112.6072
1789.595
1.0
PointWindSetTag
1.570796
0
0
3851.5
650
1440
40
Item_Fruit_I
0
-3.029375
0
3356.952
268.8452
1250.787
1.0
LinkTagAnd
0
0
0
3902
0
690
60
FldObj_MountainLanayruWall_A_01.007
-0.5345799
-0.07087162
0.1565915
3896.919
346.7195
1760.578
1.0
FldObj_CliffWhiteParts_A_02.003
0.07190607
-1.34274
0.1726644
3112.639
221.6598
1133.792
1.0
FldObj_GerudoHighlandRock_C_04_Far.001
-2.82806
0.7482122
-2.698238
3744.075
509.0213
1215.03
1.0
FldObj_CliffSnowWall_D_09.004
-0.8629313
-1.010981
-0.764953
3967.727
563.6584
1318.893
0.8
DestinationAnchor
0
1.396263
0
3139.99
263.0874
1148.001
1.0
FldObj_GerudoHighlandRock_C_02.005
-0.16
0
0
3864.644
413.7864
1609.168
1.0
Obj_BoardWood_Triangle_01
0
-2.356194
0
3183
227.5
1764.5
1.0
FldObj_MountainLanayru_A_02_Far.026
-2.985319
-0.2432673
-2.984158
3970.853
486.6153
1418.261
1.0
KorokAnswerResponce
0
-0.18
0
3429.453
340.9529
1152.725
1.0
FldObj_MountainLanayru_A_02.024
-0.24
-0.66
0
3745.852
414.7151
1424.325
0.9
FldObj_MountainLanayru_A_01.018
-0.1916481
-0.7164655
0.2926977
3806.457
435.3027
1425.49
0.9
FldObj_CliffSnowTopHalf_D_01_Far.001
2.401592
-1.301593
-3.121592
3942.123
401.5054
1607.865
0.8
SwitchTimeLag
0
0
0
3938
627.5
1402.5
5
FldObj_CliffWhiteParts_A_01.005
0
1.981593
0
3291.839
271.047
1371.925
1.0
LinkTagAnd
0
0
0
3911.672
590.4297
1336.348
1.0
AscendingCurrent_Lanayru_DragonBattle
0
0
0
3856.5
624
1338.5
10
Obj_BoardWood_Triangle_01.001
0
0.2617994
0
3177
238.5
1756
1.0
FldObj_CliffSnowWall_D_01_Far.007
-0.6972243
0.06112756
0.2965894
3954.322
469.0529
1477.276
1.0
Area
0
0
0
3901.735
571.7469
1331.181
9
FldObj_CliffSnowWall_D_19_Far.012
2.581593
-1.361593
3.141593
3741.137
384.4469
1543.891
1.0
FldObj_CliffWhiteWall_B_03_Far.002
-0.7425097
-1.109657
0.3298913
3516.84
266.093
1940.105
1.0
LinkTagOr
0
0
0
3276.627
348.1764
1446.542
1.0
FldObj_MountainLanayru_A_02.025
-2.946384
0.2644072
3.103708
3845.643
517.9634
1422.48
1.0
FldObj_GerudoHighlandRock_C_02_Far.006
-0.16
0
0
3864.644
413.7864
1609.168
1.0
FldObj_CliffSnowWall_D_14.020
2.283203
0.8164545
2.795104
3344.09
292.5421
1417.97
1.0
FldObj_CliffWhiteParts_A_03_Far.002
2.385128
0.8092378
3.119852
3163.397
287.7547
1520.258
1.0
LinkTagAnd
0
0
0
3696.72
377.3397
1459.311
1.0
ActorObserverTag
0
2.094395
0
3226.218
307.0854
1540.478
1.5
MountainCloud
0
0
0
3743.195
365.595
1686.175
1.0
FldObj_CliffWhiteParts_A_02.004
-0.18
0
0
3109.994
243.9557
1125.882
1.0
Obj_RockSetSnow_A_01_Far.015
0
-1.440001
0
4009.406
554.386
1337.938
1.0
LinkTagOr
3.141479
1.010376
3.141479
3809.901
371.2977
1775.271
1.0
LinkTagAnd
0
0
0
3176.324
200.8779
1820.891
2
Area
0
0
0
3873.742
520
1498
1.0
FldObj_MountainLanayru_A_03.009
-0.4675672
0.3447988
0.09018266
3880.076
569.6962
1367.004
1.0
FldObj_CliffWhiteParts_A_01.006
0
-3.059999
0
3145.893
257.5721
1178.989
1.0
FldObj_CliffWhiteWall_A_02_Far.006
-0.8755018
0.2644478
-0.05962558
3098.197
234.1185
1546.597
1.0
LinkTagAnd
0
0
0
3157.369
241.7858
1156.324
1.0
FldObj_CliffSnowLargeWall_D_03.003
2.502702
0.3989869
3.095313
3331.154
326.5683
1483.364
1.0
LocationTag
0
0
0
3157.369
241.7858
1156.324
1.0
Enemy_Golem_Little
0.07335477
0.9782348
0.008413602
3023.148
111.6694
1776.399
1.0
LinkTagAnd
0
0
0
3167.324
199.831
1828.891
1.0
Dm_Locator
0
1.16
0
3333.954
244.3527
1937.2
1.0
FldObj_CliffSnowWall_D_22.003
1.11645
-1.379457
-1.799528
3721.946
420.1357
1391.808
1.0
FldObj_MountainLanayruWall_A_01.008
2.661592
-0.04159245
3.141593
3865.339
481.9636
1175.351
1.0
FldObj_CliffSnowWall_D_09_Far.004
-0.08000004
-0.5999998
4.586093E-09
3757.795
414.5408
1451.857
1.0
FldObj_CliffSnowWall_D_14_Far.018
-0.1311657
0.2778566
0.1044847
4037.481
462.6905
1466.967
1.2
Npc_HiddenKorokGround
0
0
0
3537.012
313.5478
1376.113
1.0
FldObj_MountainLanayru_A_01.019
-0.5619167
-0.4476352
0.1290249
3834.377
572.2667
1369.442
1.0
LinkTagAnd
0
0
0
3139.104
265.78
1145.715
1.0
FldObj_CliffSnowLargeWall_D_02.004
2.544505
-0.12033
-2.797987
3634.296
390.8165
1666.437
1.0
FldObj_CliffWhiteLumpRock_A_01.011
2.226776
0.3094245
-3.124887
3030.055
304.4465
1247.561
1.2
Npc_MamonoShop
0
-2.055175
0
3336.364
244.3527
1938.471
1.0
Item_Fruit_I
0
0.5508167
0
3250.432
268.2259
1151.421
1.0
LinkTagAnd
1.117206
-0.213642
-0.8573125
3477.132
279.5932
1917.593
1.0
Area
0
0
0
3696
420.0757
1346.5
12
FldObj_CliffSnowWall_D_18_Far.005
-0.05469789
-0.7383581
0.1811682
3363.942
272.389
1258.56
1.0
FldObj_CliffWhiteWall_A_02_Far.007
-0.4371655
-0.5127739
0.03740433
3801.785
309.6418
1877.101
1.2
LinkTagAnd
0
0
0
3963
627.5
1477.5
20
LinkTagAnd
0
0
0
3017.797
112.0446
1791.992
1.0
Obj_TreeConiferous_A_Snow_03.014
0
-1.34
0
3575.713
342.4805
1103.475
1.0
FldObj_CliffSnowLargeWall_D_03.004
2.433509
0.8292673
2.955566
3378.315
321.6013
1517.761
1.0
FldObj_MountainLanayru_A_01_Far.017
-2.817688
-0.7303189
3.085654
3868.053
598.1268
1332.842
0.8
FldObj_CliffSnowWall_D_14.021
-0.1311657
0.2778566
0.1044847
4037.481
462.6905
1466.967
1.2
FldObj_CliffWhiteWall_A_05.005
2.83679
0.3519017
3.01628
3231.567
322.0252
1419.449
0.9
FldObj_MountainLanayru_A_02_Far.027
-0.24
-0.66
0
3745.852
414.7151
1424.325
0.9
FldObj_WaterFallBottom_A_02
0
3.021592
0
3277.504
268.5808
1349.621
1.0
EventTag
0
0
0
3932.6
0
500
60
FldObj_CliffSnowWall_D_14_Far.019
2.278454
-1.209971
-2.709538
3703.903
363.9571
1543.796
1.0
FldObj_CliffSnowWall_D_14_Far.020
1.874558
-0.55557
-2.510731
3757.165
401.6451
1496.914
1.0
SwitchTimeLag
0
0
0
3988
627.5
1452.5
5
FldObj_MountainLanayru_A_03_Far.010
-0.4675672
0.3447988
0.09018266
3880.076
569.6962
1367.004
1.0
StaminaParashawlTag
0
0
0
3938
627.5
1462
4
Obj_RockSetSnow_A_01.015
0.3015707
-0.9464684
-0.3818696
3722.256
424.8577
1373.004
1.0
FldObj_CliffSnowWall_D_01.007
-0.6890517
-0.1271239
0.2419918
3854.375
446.4165
1479.263
1.0
Enemy_Dragon_Grudge
0
0
0
3932.047
590
1348.195
1.0
DragonDropItemTarget
0
0
0
3576.1
360.2959
1191.7
1.0
FldObj_MountainLanayruWall_A_01.009
2.583232
0.04107657
-3.121029
3884.913
389.8319
1066.7
1.0
FldObj_MountainLanayru_A_01_Far.018
0.4645588
1.434995
0.1458474
3760.22
469.6818
1295.956
1.2
Obj_TreeApple_A_M_01.005
0
2.094395
0
3234.592
303.384
1551.356
1.0
Area
0
0
0
3702.5
439
1417.5
500
ChangeWeatherTag
0
0
0
4500
0
1475
30
LinkTagAnd
0
2.56
0
3230.631
310.426
1539.178
1.0
FldObj_CliffSnowWall_D_19.012
-0.2256816
-1.285519
0.04836869
3533.077
297.0809
1312.72
1.0
Area
0
2.094395
0
3233.395
305.9294
1550.084
0.3
FldObj_MountainLanayru_A_03.010
-0.944061
-1.333546
0.5940655
3788.79
535.2727
1352.555
1.0
SwitchTimeLag
0
0
0
3017.797
112.0446
1785.992
1.0
FldObj_MountainLanayru_A_01_Far.019
0.4294666
-0.1129839
0.05985404
3881.677
544.6182
1213.614
1.0
LinkTagAnd
0
0
0
3965.5
595
1352.5
1.0
KorokAnswerResponce
0
2.094395
0
3238.922
305.884
1548.856
0.5
FldObj_GerudoHighlandRock_C_04.001
0
-1.2
0
3891.868
412.7729
1567.607
1.0
FldObj_CliffWhiteWall_B_03.002
2.799819
-1.338978
2.854572
3551.943
287.9109
1964.767
1.0
FldObj_CliffWhiteParts_A_01.007
0
-0.16
0
3143.801
253.4173
1122.142
1.0
LinkTagNone
0
0
0
3177.038
229.1266
1768.091
1.0
FldObj_CliffWhiteWall_B_13_Far
0
0
0
3387.214
227.415
1988.644
1.0
LinkTagAnd
0
0
0
3888.404
572.8087
1315.661
1.0
Obj_Plant_ChiliPepper_A_01.010
0
0.7302098
0
3359.57
268.11
1248.664
1.0
LinkTagOr
0
1.1
0
3527.203
266.261
1929.847
1.0
AscendingCurrent_Lanayru_DragonBattle
0
0
0
3946
576.1569
1295
1.0
FldObj_CliffSnowTop_D_01
0
-2.563184
0
3735.638
413.2893
1686.015
1.0
LinkTagAnd
0
0
0
3308.752
209.8397
1938.656
1.0
DragonDropItemTarget
0
0
0
3291.8
274.3464
1155.6
1.0
Obj_TreeSnowberry_A.003
0
-1.210205
0
3464.652
275.0591
1338.309
1.0
FldObj_CliffSnowWall_D_01.008
2.138447
1.412549
2.414544
4080.913
484.6077
1358.458
1.0
FldObj_MountainLanayru_A_02.026
-3.136493
-0.9957514
2.726245
3793.956
558.5774
1312.509
1.0
Item_Fruit_I
0
-0.8311742
0
3194.323
266.9346
1140.684
1.0
LinkTagAnd
0
0
0
4500
0
1577
60
FldObj_CliffWhiteWall_A_05_Far.005
-0.5599999
-0.3
0
3489.278
328.9703
1759.532
1.0
Area
0
0
0
3496
316.5
1371.5
1.0
FldObj_KorokTarget_A_01.004
0
0
0
3177.729
203.6593
1801.93
1.0
FldObj_CliffSnowWall_D_14.022
-0.3817575
0.2822312
0.6533657
3823.42
419.0428
1520.44
1.0
FldObj_CliffSnowWall_D_03_Far.001
0.1420124
-0.6832299
-0.3037629
3536.438
234.7695
1357.233
1.0
SwitchTimeLag
0
0
0
3988
627.5
1477.5
5
LinkTagAnd
0
0
0
3177
238.9512
1756
1.0
LinkTagAnd
0
0
0
3177
238.5
1756
1.0
ConstraintDummy
0
-2.067177
0
3249.237
267.1159
1153.217
1.0
LinkTagNone
0
0
0
3914.334
572.5294
1329.894
1.0
FldObj_MountainLanayru_A_02.027
0.3997958
0.8313555
0.06887682
3792.055
540.9835
1246.356
1.0
FldObj_CliffSnowWall_D_14_Far.021
2.111356
-1.4527
-2.590374
3709.382
491.8589
1164.138
1.2
FldObj_CliffSnowLargeWall_D_03.005
2.426935
-1.14587
2.670107
3907.027
444.0128
1676.184
1.0
FldObj_MountainLanayru_A_02.028
-2.985319
-0.2432673
-2.984158
3970.853
486.6153
1418.261
1.0
RememberTag
0
0
0
3143.339
263.0932
1148.485
1.0
Obj_TreeApple_A_M_01.006
0
1.1
0
3524.381
266.261
1927.738
1.0
FldObj_CliffSnowWall_D_14.023
-0.4599998
0.9999999
0
4088.263
474.1768
1430.742
1.0
FldObj_CliffSnowWall_D_01_Far.008
-0.6890517
-0.1271239
0.2419918
3854.375
446.4165
1479.263
1.0
LinkTagOr
0
0.7302098
0
3358.588
268.11
1246.772
1.0
LinkTagAnd
0
-2.900001
0
3172.426
296.3482
1490.816
1.0
LinkTagAnd
0
0
0
3170.054
240.1578
1752.969
1.0
LinkTagAnd
0
0
0
3272.155
349.4906
1438.721
1.0
Area
0
0
0
3958
580.5
1332
1.0
Item_Fruit_I
0
-1.637735
0
3238.728
264.3628
1161.951
1.0
FldObj_MountainLanayru_A_02_Far.028
-2.69756
-0.8303933
3.080711
3890.088
567.8618
1348.206
1.0
FldObj_CliffSnowWall_D_14_Far.022
2.56814
0.3348638
3.076239
3877.629
579.061
1224.031
1.0
ChangeWeatherTag
0
1.570796
0
4500
0
1250
30
FldObj_CliffSnowWall_D_14_Far.023
-0.7120178
-0.4329078
-0.02232194
3865.556
481.3487
1460.694
1.0
Obj_TreeConiferous_A_Snow_01.008
0
3.182965
0
3488.224
269.2401
1390.225
1.0
FldObj_SignboardWood_Mamono
0
0.5615929
0
3338.817
244.1252
1934.606
1.0
FldObj_GerudoHighlandRock_C_02.006
0.9502295
-0.06157361
0.243348
3848.68
434.062
1496.372
1.0
SwitchTimeLag
0
0
0
3017.797
112.0446
1782.992
1.0
LookTag
0
1.134464
0
3891.638
571.8085
1319.376
1.0