UnitConfigName/__text
Rotate/value/0
Rotate/value/1
Rotate/value/2
Translate/value/0
Translate/value/1
Translate/value/2
_Scale
Animal_Fish_G
0
0
0
3433.889
105.2
3939.935
1.0
Obj_Mineral_A_01
-3.141592
-0.7711821
-2.881593
3289.138
172.2438
3300.172
1.0
EnvSeEmitPointInsectTemperate
3.068725
-1.461548
-2.777222
3639.273
347.3984
3276.398
1.0
Animal_Fish_F
0
0
0
3869.745
105.2
3239.801
1.0
Obj_TreePalmMini_A_01
0
0
0
3314.115
110.2641
3730.672
1.0
Obj_TreePalmBeach_A_01
0
0
0
3070.716
122.038
3540.201
1.0
Obj_RockGray_A_M_06
0
-0.5
0
3302.676
175.9597
3299.068
1.0
Item_Mushroom_D
-1.809448
0.3690185
-2.697021
3559.57
148.6211
3142.906
1.0
Obj_TreePalmBeach_A_01.001
0
0.2642066
0
3321.746
110.074
3728.284
1.0
Area
0
0
0
3272.517
133.8277
3410.885
75
Obj_MineralGrain_A_04
2.960207
-0.4861002
-2.988316
3484.889
244.3318
3321.304
1.0
FldObj_BirdNest_A_01
0
0
0
3648.094
259.3851
3327.125
1.0
Obj_LiftRockWhite_Korok_A_01
0
-2.599988
0
3438.937
216.1384
3119.461
1.0
GrassCutTag
0
0
0
3275.017
133.7491
3395.885
1.0
Area
0
2.72
0
3318.52
105.8854
3906.467
100
Obj_MineralGrain_A_04.001
2.331625
-0.7496442
-2.421801
3277.237
151.7532
3384.871
0.8
Animal_Fish_G
0
0
0
3582.015
105.2
3619.97
1.0
Obj_Plant_HopBush_A_02
-0.1234128
-0.8562443
0.07440054
3316.262
172.5339
3398.137
1.039551
Animal_LittleBird_C
0
0
0
3002.149
287.401
3196.86
1.0
Obj_LiftRockWhite_Korok_A_01.001
0
-0.9999879
0
3441.411
215.9539
3117.986
1.0
EnvSeEmitPointBirdTropical
0.1387939
-0.7590331
0.1621094
3213.461
120.5078
3686.754
1.0
Item_Material_04
0.342674
-0.8743374
-1.208627
3493.043
336.6989
3311.212
1.0
FldObj_RuinStonePillar_A_01
0
0.4363323
0
3422.824
119.3171
3310.503
1.0
FldObj_EnemyBaseRiverside_Slope_A_01
0
2.72
0
3325.32
107.5854
3893.174
1.0
TBox_Field_Iron
0.01880285
-7.308472E-05
0.01211403
2910.357
100.9408
3775.567
1.0
FldObj_RockBeach_A_S_02
0
-0.5200001
0
3365.562
107.6368
3626.497
1.0
Weapon_Lsword_030
3.126874
1.195836
-3.140005
3070.88
117.008
3390.461
1.0
Obj_Mineral_A_01.001
0
1.2
0
3486.343
115.3451
3339.653
1.0
FldObj_BirdNest_A_01.001
0.3925577
-1.43212
-0.2929261
3627.185
269.1234
3252.789
1.0
Item_Material_04
-1.437949
-0.5739121
1.162461
3528.339
295.6024
3335.885
1.0
Obj_Mineral_A_01.002
0.3311556
0.9940979
0.1384986
3674.691
311.1313
3293.229
1.0
Obj_Plant_CypressLow_A_01
2.834332
1.216759
2.876275
3444.426
119.8573
3306.936
1.0
TBox_Field_Iron
0.007029913
-0.00025138
-0.01040679
2929.624
100.8937
3746.306
1.0
Item_Material_04
-0.4967457
-0.05310193
0.7345708
3641.016
259.6917
3331.975
1.0
Animal_Fish_G
0
0
0
3434.239
105.2
3937.546
1.0
Obj_MineralBury_A_01
-0.4952897
1.25921
-1.102658
3652.922
111.0803
3281.891
1.0
Animal_Fish_G
0
0
0
3873.065
105.2
3236.015
1.0
Obj_TreeBroadleafLow_A_02
0
-1.779999
0
3656.118
349.4432
3315.96
1.0
FldObj_EnemyLookout_B_01
0
1.639936
0
3375.122
278.6414
3240.993
1.0
FldObj_CliffWhiteRock_C_03
0
0
0
3356.849
106.3746
3850.146
1.0
Animal_Fish_F
0
0
0
3584.834
105.2
3619.389
1.0
Area
0
0
0
3700.953
106.5068
3814.758
100
Obj_TreePalmBeach_A_01.002
0
1.189133
0
3328.464
109.9987
3731.287
1.0
Animal_Fish_G
0
0
0
3694.299
104.7854
3363.021
1.0
Animal_Fish_F
0
0
0
4094.075
105.2
3511.934
1.0
EnvSeEmitPointInsectTropical
3.141479
-0.1160889
3.141479
3079.371
111.7617
3650.531
1.0
FldObj_CliffWhiteScaffold_A_02
3.01124
0.5882861
-3.082974
3597.359
310.7603
3231.566
1.0
Obj_TreePalmBeach_A_02
0
0
0
3191.979
113.3424
3673.447
1.0
Obj_MineralGrain_A_04.002
-0.02636334
0.009372793
0.5431426
3299.769
156.3129
3424.936
1.0
Obj_Mineral_A_01.003
0
1.12
0
3614.03
258.8468
3336.876
1.0
Obj_Mineral_A_01.004
-0.3400015
1.34
-1.377204E-06
3389.696
112.0832
3448.968
1.0
Obj_Plant_HopBush_A_01
-0.3571689
-0.8868546
0.4852298
3073.789
252.8607
3040.258
1.043457
Obj_Mineral_A_01.005
-0.04953447
-0.2913086
0.03458552
3219.887
176.0551
3036.4
1.0
AnchorAction1
0
2.72
0
3322.501
107.6154
3900.033
1.0
Obj_RockGray_A_M_06.001
-0.003495288
0.0001165504
0.06666522
3652.512
348.5197
3298.846
1.0
Obj_TreePalmMini_A_01.001
0.06768138
3.953417
0.06768138
3073.027
112.653
3629.094
0.9590549
Animal_Fish_F
0
0
0
3012.499
105.1979
3872.027
1.0
Area
0
0
0
3700.953
106.5068
3814.758
25
Item_Mushroom_M
3.141479
0.7111816
3.141479
3016.891
123.8344
3365.582
1.0
Animal_Fish_F
0
0
0
4091.128
105.2
3514.848
1.0
Obj_MineralGrain_A_02
-0.1911464
-0.9139997
-2.756503
3281.838
176.7216
3308.721
1.0
Obj_MineralBury_A_01.001
0.4261824
0.4528294
0.3347611
3275.659
151.5824
3385.115
1.0
Obj_RockGray_A_M_06.002
-0.4670469
0.127542
0.5245587
3039.071
295.3409
3251.598
1.0
Animal_Fish_F
0
0
0
3868.603
105.2
3230.483
1.0
EnvSeEmitPointBirdTropical
0.237915
0.1010742
0.1314697
3330.703
118.1406
3769.59
1.0
Obj_TreePalmBeach_A_01.003
0
0
0
3362.169
109.7982
3520.729
1.0
Obj_Mineral_B_01
-0.09960685
0.9182017
0.2992673
3484.021
244.5037
3320.378
1.0
FldObj_SearchStone_A_01
0
0.4014257
0
3447.489
116.0554
3341.851
1.0
Animal_Fish_G
0
0
0
3432.585
105.2
3945.408
1.0
Obj_LiftRockWhite_A_01
0
0
0
3080.537
106.4337
3699.183
1.0
Obj_Plant_CypressLow_A_01.001
-2.901537
0.3286348
-3.112249
3078.814
288.8392
3219.631
0.8621696
Obj_BreakBoxIron
1.961197
-1.491846
-2.002105
3676.569
107.1062
3814.278
1.0
Obj_LiftRockWhite_A_01.001
0
0
0
3382.792
105.8438
3028.608
1.0
Obj_TreePalmBeach_A_02.001
0
0.612237
0
3085.373
111.3589
3660.378
1.0
Animal_Fish_F
0
0
0
4093.458
105.2
3512.285
1.0
Area
0
2.72
0
3318.52
105.8854
3906.467
25
Animal_LittleBird_C
0
0
0
2998.62
287.5702
3195.443
1.0
TwnObj_Village_FishingFence_A_01
0.1825574
1.212993
0.2197589
3055.661
124.7412
3414.628
1.0
Obj_RockGray_A_L_01
-1.936991
-1.252673
1.922566
3119.538
311.3612
3290.33
1.2
TwnObj_Village_FishingTorchPole_A_01
-0.02
0
0
3023.616
118.8448
3399.39
1.0
Obj_Plant_CypressLow_A_02
-0.1257391
0.5294157
0.09557236
3110.03
310.5267
3287.473
1.09494
TBox_Field_Wood
-0.001147345
-1.381022
0.000869447
3375.769
105.2622
3631.573
1.0
Enemy_Bokoblin_Middle
0
0.5
0
3699.516
106.624
3809.297
1.0
FldObj_TravelerTrace_Tent_A_01
0.1016124
0.001056788
-0.02078173
3710.734
106.3677
3806.117
1.0
Item_Mushroom_D
3.069702
1.154663
1.394287
3641.801
186.3398
3282.406
1.0
Item_Material_04
-0.4762741
-0.08796978
1.008049
3597.688
311.1102
3229.938
1.0
Obj_Plant_HopBush_A_01.001
-0.27886
0.35518
0.0583984
3524.625
331.1767
3293.383
1.0
TBox_Field_Iron
2.985481
-1.379146
-2.98278
3528.807
100.8654
3940.343
1.0
Obj_MineralGrain_A_02.001
-0.08777726
-0.01757751
-0.3248409
3671.16
310.9601
3286.445
1.0
Obj_Plant_HopBush_A_02.001
0.3029258
1.323857
0.05902207
3235.68
175.9174
3044.383
1.041016
FldObj_RuinStonePavement_A_04
-2.999969
-0.6553476
2.89855
3450.359
116.0074
3328.871
0.8
Obj_RockGray_A_M_06.003
0.38
0
0
3527.554
111.1854
3370.108
1.0
FldObj_CliffWhiteScaffold_A_02.001
0
1.500001
0
3642.86
167.7137
3292.586
1.0
FldObj_BirdNest_A_01.002
0.05731037
-0.00184382
0.06430532
3618.406
180.8409
3190.724
1.0
Item_Material_04
-0.4960366
-0.4793956
-0.634487
3627.549
336.3149
3351.675
1.0
Item_Material_04
-0.869563
0.4851134
-0.5716614
3627.115
270.3327
3248.803
1.0
Item_Material_04
-0.6007848
0.06861037
0.8116862
3536.708
295.2357
3202.812
1.0
Obj_Plant_CypressLow_A_02.001
-0.6345716
0.8008301
-0.425542
3098.82
307.6014
3281.851
0.9021072
Animal_Fish_G
0
0
0
3871.551
105.2
3235.84
1.0
Animal_Fish_G
0
0
0
3868.254
105.2
3232.754
1.0
Obj_MineralBury_A_01.002
0.008370116
-0.8701828
-0.3453277
3674.013
311.196
3291.465
1.0
Obj_RockGray_A_L_02
0
-2.14
0
3054.841
106.4549
3645.406
1.0
Animal_Fish_F
0
0
0
3431.676
105.2
3936.382
1.0
Animal_Fish_F
0
0
0
3438.118
105.2
3944.651
1.0
Obj_Plant_HopBush_A_01.002
-0.2372321
-1.055225
0.2315048
3592.359
340.7961
3308.949
1.090332
Obj_LiftRockWhite_A_01.002
0
0
0
3327.086
105.9487
3661.6
1.0
Obj_TreePalmBeach_A_01.004
0
5.029955
0
3139.208
113.7647
3648.092
1.0
Animal_Fish_F
0
0
0
3091.168
104.7625
3912.085
1.0
EnvSeEmitPointBirdWet
1.318115
0.1655273
-0.1635742
3626.02
141.6602
3265.945
1.0
TBox_Field_Iron
-0.001057082
9.528483E-05
-0.002296413
3230.251
100.563
3899.929
1.0
Obj_TreeBroadleafLow_A_01
0.01230059
-0.8811134
0.2823934
3639.649
347.545
3278.641
1.0
Animal_Fish_F
0
0
0
3583.471
105.2
3622.009
1.0
AnchorAction1
0
2.72
0
3303.707
106.415
3899.824
1.0
EnvSeEmitPointBirdTropical
-2.891723
0.9639892
-2.614746
3469.488
115.5117
3482.102
1.0
FldObj_BirdNest_A_01.003
0.2074371
1.172309
0.1915951
3543.821
324.4854
3216
1.0
Animal_Fish_F
0
0
0
4090.778
105.2
3508.848
1.0
Animal_LittleBird_C
0
0
0
3001.253
287.5054
3196.559
1.0
EnvSeEmitPointInsectTropical
0
-0.5537109
0
3055.148
108.3516
3646.547
1.0
Obj_MineralBury_A_01.003
0
0
0
3297.858
172.859
3302.604
1.0
Obj_TreePalmBeach_A_01.005
0
0.8999999
0
3365.238
110.0504
3513.037
1.0
Obj_TreePalmBeach_A_01.006
0
4.135086
0
3149.782
112.9499
3658.732
1.0
Obj_Plant_CypressLow_A_02.002
0
0.9754511
0
3659.429
349.5382
3298.84
1.0
Obj_Plant_HopBush_A_02.002
-0.0166561
-0.2097111
0.1354655
3571.035
337.0824
3284.129
1.018555
Animal_Fish_F
0
0
0
3436.021
105.2
3940.574
1.0
KibakoSeaside_Contain_01
0.05754301
0.001817983
-0.0473559
3704.502
106.8263
3804.99
1.0
Animal_Fish_G
0
0
0
3384.881
105.284
3558.899
1.0
Animal_Fish_F
0
0
0
3867.147
105.2
3235.55
1.0
Animal_Fish_G
0
0
0
3389.023
105.2547
3553.235
1.0
FldObj_RockBeach_A_S_02.001
0
0.48
0
3389.92
106.0397
3024.25
1.0
Item_Mushroom_D
-1.34436
-0.1982422
2.915649
3514.109
138.9531
3144.98
1.0
Animal_Fish_F
0
0
0
3027.019
105.4713
3876.883
1.0
Item_Plant_B
0
0.8291015
0
3504.77
110.5287
3386.926
1.0
TwnObj_Village_FishingFence_A_01.001
0.1292362
1.054869
0.1610976
3053.087
124.2126
3420.94
1.0
Obj_TreePalmBeach_A_02.002
0
-0.38
0
3103.944
124.6621
3437.385
1.0
EnvSeEmitPointBirdTropical
-0.1409912
0.0880127
-0.3989258
3071.43
130.293
3540.406
1.0
Animal_Fish_G
0
0
0
3586.5
105.2
3623.989
1.0
Obj_Plant_HopBush_A_01.003
-0.8022569
-1.070525
0.752574
3056.352
293.0262
3234.402
0.995605
FldObj_FenceWoodDamage_A_01
0
-2.259998
0
3340.459
280.0807
3218.706
1.0
Animal_LittleBird_C
0
0
0
3001.226
286.3577
3192.682
1.0
Animal_Fish_F
0
0
0
2996.003
105.2917
3898.433
1.0
Obj_Plant_CypressLow_A_02.003
-2.790064
-0.09161547
-3.137984
3083.122
295.2187
3241.28
0.8979509
Animal_Fish_F
0
0
0
4090.72
105.2
3512.227
1.0
FldObj_FenceWoodDamage_A_01.001
-1.150699
-1.47116
1.183898
3332.153
277.4055
3241.316
1.0
PointWindSetTag
0
-0.26
0
4191.359
306.7109
3438.701
1.0
Item_Mushroom_D
1.779175
0.800293
-0.453125
3643.117
228.0117
3238.551
1.0
Animal_Fish_G
0
0
0
3873.414
105.2
3233.627
1.0
Obj_TreeBroadleafLow_A_01.001
-0.3109922
0.02624912
0.1670661
3426.705
288.7
3217.258
1.0
Obj_LiftRockWhite_Korok_A_01.002
0
-0.4999876
0
3444.103
215.7164
3118.645
1.0
Obj_Plant_CypressLow_A_01.002
-0.4607135
-0.6555369
0.2204733
3231.18
279.8682
3152.832
0.914063
Obj_TreePalmBeach_A_02.003
0
0
0
3542.156
109.5375
3385.664
1.0
Obj_Plant_CypressLow_A_02.004
-1.920665
-1.39777
2.044666
3107.698
310.5032
3289.869
0.85
Animal_Fish_G
0
0
0
3391.982
105.2955
3558.788
1.0
Barrel
1.835675
-0.2585591
2.295688
3694.416
107.4307
3805.61
1.0
Obj_Mineral_A_01.006
0
0
0
3485.807
244.1561
3321.583
1.0
Obj_MineralGrain_A_02.002
-0.5232708
-0.4603219
-1.257737
3672.357
314.2684
3290.519
1.0
Obj_TreePalmMini_A_01.002
0
0.4549263
0
3053.969
108.5072
3648.848
1.024279
Obj_TreePalmBeach_A_01.007
0
0.3029936
0
3077.693
111.5971
3651.415
1.0
Animal_Fish_G
0
0
0
3429.288
105.2
3942.323
1.0
FldObj_RockBeachLump_A_L_01
0
2.04
0
3655.671
106.0553
3287.644
1.0
Animal_Gull_Swarm
0
0
0
4092.264
135.7868
3518.803
1.0
Animal_Fish_F
0
0
0
4095.124
105.2
3516.769
1.0
Item_Material_04
2.321651
0.1029289
-2.675813
3643.31
167.8518
3292.352
1.0
Obj_Mineral_B_01.001
-0.34
0
-0.1
3225.93
177.4115
3037.939
1.0
TBox_Field_Iron
3.116578
-1.381465
-3.088023
3801.798
98.83642
3344.464
1.0
GrassCutTag
0
0
0
3271.017
134.0799
3427.385
1.0
Animal_Fish_G
0
0
0
3584.054
105.2
3620.902
1.0
TBox_Field_Iron
0.0008520345
-1.200104
-0.001486476
3683.071
100.8017
3929.356
1.0
Animal_Fish_F
0
0
0
3584.986
105.2
3617.291
1.0
Obj_Plant_CypressLow_A_02.005
-0.11365
0.8065257
0.2275883
3092.262
258.811
3072.086
1.024414
Animal_Fish_G
0
0
0
3669.37
104.7854
3387.83
1.0
Obj_RockSetGray_A_02
-0.0717206
0.006636749
0.1844688
3097.857
307.1596
3286.32
1.0
Obj_RockGray_A_M_06.004
0
-2.7
0
3625.035
270.1342
3247.915
1.0
EnvSeEmitPointInsectTropical
0
1.464233
0
3326.469
109.8281
3728.191
1.0
Obj_RockSetGray_A_02.001
0
-0.28
0
3299.9
172.565
3299.223
1.0
EnvSeEmitPointBirdTropical
2.691162
-0.00256347
-2.902222
3183.574
119.3711
3515.27
1.0
Obj_Mineral_A_01.007
2.900226
-0.495544
-3.084815
3505.502
112.6938
3140.385
1.0
FldObj_Coral_A_01
0
-1.46
0
3163.349
100.795
3789.653
1.0
Obj_MineralBury_A_01.004
0
-0.9800002
0
3491.934
115.9497
3344.791
1.0
FldObj_EnemyBaseRiverside_LadderA_01
0
2.72
0
3316.592
107.5885
3910.766
1.0
Animal_Fish_G
0
0
0
3433.19
105.2
3943.08
1.0
FldObj_Coral_A_01.001
0
-1.46
0
3190.523
100.8072
3891.882
1.0
FldObj_BirdNest_A_01.004
0
0.8800002
0
3598.004
188.1159
3332.843
1.0
Animal_Fish_F
0
0
0
3032.953
105.4713
3876.698
1.0
Obj_Plant_CypressLow_A_01.003
0.2423032
1.230291
0.2041758
3232.125
236.7863
3072.527
0.862305
TwnObj_Village_Fishing_FireTorchOn_A_01
3.101593
1.181593
-3.141593
3045.817
125.0329
3389.815
1.0
FldObj_FenceWoodDamage_A_01.002
0
-1.100001
0
3336.768
280.18
3253.546
1.0
Animal_Fish_G
0
0
0
4091.302
105.2
3511.12
1.0
EnvSeEmitPointBirdTropical
-1.106567
0.3303223
-0.3549805
3689.223
116.1797
3802.125
1.0
Obj_Plant_HopBush_A_01.004
1.672875
-1.245459
-1.744255
3308.785
280.5862
3277.492
1.0
FldObj_RuinStonePillar_A_01.001
0
0.4363323
0
3432.109
118
3326.637
0.8
FldObj_Coral_A_01.002
0
0
0
3011.855
100.8072
3913.189
1.0
FldObj_Coral_A_01.003
0
0
0
3155.019
100.8072
3780.323
1.0
Obj_TreeBroadleafLow_A_01.002
0.04489164
-0.001449183
0.06453035
3628.19
347.44
3328.006
1.0
Obj_TreePalmBeach_A_02.004
0
0.4
0
3533.766
110.7856
3377.687
1.0
Animal_Fish_F
0
0
0
4096.754
105.2
3515.371
1.0
Obj_Plant_CypressLow_A_01.004
0.02995885
1.515881
0.1123106
3042.215
248.1356
3043.836
0.978516
TBox_Field_Iron
-0.2353924
0.04724178
0.374413
3706.51
105.8415
3808.428
1.0
Obj_Plant_CypressLow_A_02.006
0
-2.366318
0
3537.304
295.1815
3203.81
1.0
Animal_Fish_G
0
0
0
3578.719
105.2
3616.885
1.0
EnvSeEmitPointInsectTropical
0
0.06298829
0
3127.496
115.0977
3636.68
1.0
Obj_TreePalmBeach_A_01.008
0
4.038773
0
3518.688
106.9982
3427.507
1.0
Obj_Plant_HopBush_A_02.003
0.04920162
-1.01825
0.02367549
3581.18
338.4527
3274.344
0.850098
Obj_RockGray_A_M_06.005
0
-0.4600003
0
3649.726
258.6111
3325.765
1.0
Animal_Fish_G
0
0
0
3434.041
105.2
3943.079
1.0
Animal_Fish_F
0
0
0
3434.973
105.2
3939.468
1.0
Obj_RockGray_A_L_03
-0.2041696
1.184451
-0.6053947
3061.154
104.7876
3607.293
1.0
Obj_LiftRockWhite_Korok_A_01.003
0
-0.9999879
0
3442.345
215.8734
3125.542
1.0
AnchorAction1
0
2.72
0
3316.662
107.573
3915.498
1.0
Obj_LiftRockWhite_Korok_A_01.004
0
2.923196
0
3438.476
216.2907
3123.912
1.0
Animal_Gull_Swarm
0
0
0
3867.584
135.7868
3240.671
1.0
EnvSeEmitPointBirdTropical
2.480346
0.2838135
2.016479
3767.965
114.3047
3697.43
1.0
FldObj_Coral_A_01.004
0
-1.46
0
3223.218
100.795
3903.837
1.0
Animal_Fish_F
0
0
0
3870.444
105.2
3238.636
1.0
Obj_Plant_CypressLow_A_01.005
-0.1502725
-1.236932
0.2137884
3646.137
348.5699
3310.224
1.0
Obj_MineralGrain_A_04.003
-0.893629
1.408067
-0.7337883
3649.818
119.1914
3299.385
1.0
Obj_TreePalmBeach_A_01.009
0
-1.781315
0
3071.835
112.7016
3634.878
1.0
Animal_Fish_G
0
0
0
3579.301
105.2
3620.146
1.0
FldObj_RockBeach_A_M_02
0
1.84
0
2973.551
94.56037
3949.567
1.0
FldObj_Coral_A_03
0
1.36
0
3412.508
100.6857
3587.807
1.0
TBox_Field_Iron
-3.0715
-0.118625
-2.688352
3177.866
105.6298
3728.5
1.0
FldObj_RockBeachLump_A_L_01.001
-0.3056959
-0.4760947
0.07921363
3090.402
109.2591
3475.079
1.0
Obj_Plant_CypressLow_A_02.007
-0.3400922
-0.1692807
-0.1006691
3081.404
276.9954
3180.981
1.1
Obj_TreePalmBeach_A_02.005
0
1.681592
0
3076.242
121.4854
3541.2
1.0
Item_Material_04
-0.5399998
0
0.8800001
3648.062
259.5113
3327.201
1.0
Obj_Plant_CypressLow_A_02.008
-2.872857
-0.1117827
3.124183
3030.109
284.8127
3188.049
1.1
Obj_TreePalmBeach_A_01.010
0
-0.9999999
0
3497.031
110.3796
3389.578
1.0
Obj_Plant_CypressLow_A_01.006
3.109086
-0.8135058
-2.93375
3638.503
347.1512
3281.13
1.0
FldObj_BirdNest_A_01.005
0.06847397
-0.000537784
-0.1442988
3641.031
259.5677
3331.89
1.0
FldObj_RockBeachLump_A_M_01
0.06690598
0.004645705
-0.1385988
3564.068
106.0303
3424.607
1.0
Animal_Fish_G
0
0
0
3428.706
105.2
3939.061
1.0
Obj_TreeBroadleafLow_A_01.003
0
0
0
3624.649
344.5851
3272.745
1.0
FldObj_CliffWhiteRock_C_02
0
0
0
3479.982
112.8665
3338.613
1.0
FldObj_Coral_A_01.005
0
1.44
0
3152.56
100.8072
3796.387
1.0
Animal_Fish_G
0
0
0
3609.706
104.7854
3431.676
1.0
FldObj_RockBeach_A_S_02.002
0
3.04
0
2999.633
104.832
3538.09
1.0
Animal_Fish_F
0
0
0
3872.075
105.2
3237.238
1.0
Item_Material_04
-1.937511
-0.7366253
1.556796
3627.093
269.2422
3252.773
1.0
Animal_Fish_F
0
0
0
3356.243
105.2876
3627.399
1.0
FldObj_BirdNest_A_01.006
0
-1.02
0
3528.421
295.4762
3335.873
1.0
Item_Plant_A
0
1.188232
0
3052.031
299.1353
3251.887
1.0
Animal_Fish_G
0
0
0
3866.623
105.2
3232.987
1.0
FldObj_CliffWhiteEdgeParts_A_01
-0.09999999
0.2599999
0
3238.022
171.3717
3456.716
1.0
Obj_TreeBroadleafLow_A_01.004
-2.926747
0.09769945
2.96248
3636.579
346.5877
3282.879
1.0
Obj_TreePalmBeach_A_01.011
0
1.973005
0
3252.819
111.3646
3613.534
1.0
TwnObj_Village_Fishing_FireTorchOn_A_01.001
0
0
0
3018.851
115.8414
3422.648
1.0
Obj_Plant_HopBush_A_02.004
-0.1566363
-1.088976
0.3267745
3083.398
256.7557
3073.781
0.905273
Obj_Plant_CypressLow_A_02.009
0
1.558836
0
3361.887
172.2438
3323.395
0.85498
Obj_LiftRockWhite_Korok_A_01.005
0
-0.4999876
0
3438.161
216.3009
3122.492
1.0
Obj_MineralBury_A_01.005
0
1.020002
0
3238.872
178.8866
3011.561
1.0
Obj_Plant_CypressLow_A_01.007
0.2159882
0.6505095
-0.09439786
3237.43
283.9504
3192.715
0.956055
Animal_Fish_G
0
0
0
3696.554
104.7854
3361.258
1.0
Obj_RockGray_A_L_01.001
-0.172812
0.005574582
0.7453899
3038.919
296.8165
3253.581
1.0
FldObj_Coral_A_01.006
0
0.92
0
3178.889
100.795
3789.666
1.0
Animal_Fish_G
0
0
0
3583.203
105.2
3620.903
1.0
Obj_MineralGrain_A_04.004
-0.0267525
-0.002269778
0.04003708
3613.728
258.6907
3335.438
1.0
Obj_MineralBury_A_01.006
0
0
0
3339.332
195.4076
3108.895
1.0
Animal_Fish_F
0
0
0
4091.827
105.2
3513.683
1.0
Animal_Fish_G
0
0
0
3385.899
105.3461
3623.131
1.0
Animal_Fish_F
0
0
0
3586.034
105.2
3618.398
1.0
Obj_Mineral_A_01.008
3.011614
-0.2263177
2.811908
3649.772
119.1505
3299.062
1.0
Animal_Fish_F
0
0
0
3352.966
105.37
3608.129
1.0
SmallFishes1
0
0
0
2994.837
105.7476
3914.564
1.0
FldObj_Coral_A_01.007
0
0
0
3032.081
100.7793
3890.353
1.0
Obj_Plant_CypressLow_A_01.008
-0.3463128
-0.5333533
0.1692688
3049.98
262.7236
3125.852
0.87207
Animal_Fish_F
0
0
0
3022.331
105.2995
3908.43
1.0
Item_Material_04
-1.26022
0.5062086
-0.7706344
3643.64
229.2606
3273.4
1.0
Obj_Plant_CypressLow_A_01.009
0.02476513
0.8852121
0.1919151
3563.82
336.4182
3273.527
0.936035
Obj_TreePalmBeach_A_01.012
0
4.446368
0
3215.116
112.3802
3687.209
1.0
Obj_TreePalmBeach_A_01.013
0
0
0
3260.829
110.6075
3720.167
1.0
Obj_MineralGrain_A_04.005
-0.1678506
0.6493689
-0.3631432
3675.83
311.231
3294.37
1.0
Obj_Plant_CypressLow_A_01.010
0.371807
1.097758
0.2314714
3625.305
271.0273
3245.546
1.0
FldObj_CliffWhiteLumpRock_A_02
1.905573
-0.8809314
-3.114237
3301.19
279.2375
3266.628
1.0
Animal_Fish_G
0
0
0
3667.467
104.7854
3391.08
1.0
FldObj_RockBeach_A_M_02.001
0
0
0
3013.183
95.0135
3836.466
1.0
Obj_Mineral_B_01.002
0
-0.6
0
3618.367
259.1357
3336.346
1.0
Animal_Fish_F
0
0
0
3866.099
105.2
3230.716
1.0
Animal_Fish_F
0
0
0
3433.458
105.2
3944.185
1.0
FldObj_EnemyBaseRiverside_Slope_A_01.001
0
1.129204
0
3331.455
107.5854
3912.39
1.0
Obj_Plant_CypressLow_A_02.010
0.2669562
-0.5915328
-0.2113429
3170.863
291.9877
3254.793
1.07373
Obj_TreePalmBeach_A_01.014
0
0
0
3123.862
110.836
3534.499
1.0
FldObj_BirdNest_A_01.007
0.1083474
-0.007084989
0.13047
3597.736
310.9983
3229.849
1.0
FldObj_CliffWhiteRock_C_01
0
0
-0.05059988
3025.42
103.3035
3654.366
0.8
EnvSeEmitPointInsectTropical
0.237915
0.1010742
0.1314697
3330.703
110.0898
3769.594
1.0
Obj_TreeBroadleaf_A_LL_Set_01
0
-1.76
0
3492.908
328.4701
3311.047
1.0
Obj_Plant_HopBush_A_01.005
0.3571515
-1.16378
-0.3328482
3177.449
291.267
3256.75
0.85498
Animal_Fish_G
0
0
0
4098.094
105.2
3511.76
1.0
Obj_Plant_CypressLow_A_02.011
-0.3778027
0.8471514
-0.1115834
3527.682
332.8239
3297.562
0.9607202
FldObj_SearchStone_A_02
-1.628581
-0.6886038
0.1457232
3390.5
105.6569
3481.83
1.0
Animal_Fish_F
0
0
0
3866.04
105.2
3234.094
1.0
Obj_TreePalmMini_A_01.003
0.08901743
1.078416
0.08901743
3075.933
113.1458
3637.131
0.9740115
Weapon_Lsword_038
-2.594276
-1.459352
0.7569602
3688.622
106.7045
3813.845
1.0
Obj_TreePalmBeach_A_01.015
0
0
0
3033.054
106.3292
3597.892
1.0
EnvSeEmitPointBirdTropical
0.2279053
0.4434814
-0.07568359
3450.758
123.4688
3403.48
1.0
Animal_Fish_G
0
0
0
3390.935
105.3345
3617.569
1.0
Animal_Fish_G
0
0
0
3436.487
105.2
3946.166
1.0
Obj_TreePalmBeach_A_01.016
0
0.1799999
0
3043.118
125.6462
3376.196
1.0
Obj_Plant_HopBush_A_02.005
-0.2655009
0.2533646
0.1686842
3069.848
251.4861
3038.168
0.875
Item_Material_04
-0.5048823
-0.0453374
0.943562
3618.365
180.9601
3190.807
1.0
Obj_Plant_CypressLow_A_02.012
-0.3133143
0.2176747
-0.01179259
3081.581
297.0383
3246.85
0.9604558
FldObj_BirdNest_A_01.008
-0.0915819
-0.003029468
-0.06608841
3536.732
295.1013
3202.748
1.0
FldObj_CliffWhiteLumpRock_A_02.001
-0.810328
0.8778827
-0.09590437
3434.807
115.6806
3414.624
1.0
Enemy_Keese
0
-1.676189
0
3352.178
281.6316
3241.945
1.0
BoxWater
0
-0.7999998
0
3064.176
115.3996
3397.28
1.0
Obj_MineralBury_A_01.007
0
2.540002
0
3516.362
244.8681
3337.548
1.0
Animal_Fish_F
0
0
0
3028.265
105.2995
3908.244
1.0
Item_Mushroom_D
-1.827515
1.050537
-2.917114
3612.258
155.9492
3179.891
1.0
Obj_TreePalmBeach_A_01.017
0
0
0
3195.233
114.4289
3601.869
1.0
Obj_LiftRockWhite_A_01.003
0
0
0
3787.232
105.9532
3640.337
1.0
Obj_Plant_CypressLow_A_02.013
-0.2455709
0.9439418
-0.1017185
3653.098
349.2459
3301.129
1.0
Obj_Plant_CypressLow_A_02.014
0.07153885
0.8920238
0.1203147
3627.572
347.2499
3331.343
1.0
Animal_Fish_G
0
0
0
3582.598
105.2
3623.232
1.0
Obj_Plant_CypressLow_A_02.015
0.6015671
-1.190852
-0.7240075
3627.173
269.8658
3250.101
1.0
Obj_Plant_HopBush_A_01.006
0.008945843
-0.3903927
0.06187004
3035.277
247.5258
3032.93
0.941406
Item_Material_04
0.568125
0.553463
1.281478
3543.879
324.6064
3216.069
1.0
Animal_Fish_F
0
0
0
4093.283
105.2
3508.615
1.0
Item_Material_04
0.05273448
-0.7405462
-1.236303
3660.495
297.9729
3332.178
1.0
Obj_Plant_HopBush_A_02.006
0
1.566526
0
3311.934
172.4375
3381.672
0.907227
Obj_LiftRockWhite_A_01.004
0.1853511
4.333243
0.1853511
3007.719
124.3579
3369.056
1.0
EnvSeEmitPointBirdTropical
0
1.489746
0
3151.32
121.3711
3658.688
1.0
Area
0
2.72
0
3318.52
105.8854
3906.467
50
EnvSeEmitPointBirdTropical
-1.935425
-0.6269531
2.835205
3355.313
115.4336
3844.391
1.0
Animal_Fish_F
0
0
0
3866.448
105.2
3236.715
1.0
Obj_Plant_CypressLow_A_01.011
0
-2.202062
0
3661.441
349.4953
3299.797
1.0
FldObj_RuinStonePavement_A_04.001
0.02142954
0.8197851
0.02931151
3438.308
114.8639
3352.043
0.8
FldObj_RockBeachLump_A_L_01.002
-3.136677
0.8959993
-3.062079
3338.825
103.0164
3680.567
1.0
Obj_TreePalmMini_A_01.004
-0.07252014
-0.002072429
-0.057114
3325.966
109.7737
3726.536
1.0
GrassCutTag
0
0
0
3287.517
133.4554
3415.385
1.0
Obj_LiftRockWhite_A_01.005
-0.05779736
4.998918
-0.05779736
3024.011
123.6114
3373.773
1.0
Obj_Mineral_B_01.003
0
0
0
3297.848
174.5593
3297.826
1.0
FldObj_CliffWhiteLumpRock_A_02.002
-0.70622
-1.176453
0.0929727
3075.473
144.5167
3369.56
1.2
Obj_MineralGrain_A_04.006
-2.7564
-0.9697294
2.745052
3155.756
284.7111
3338.727
1.0
Animal_Fish_F
0
0
0
3581.689
105.2
3614.205
1.0
Animal_LittleBird_C
0
0
0
2999.637
287.9517
3196.904
1.0
Animal_Fish_F
0
0
0
3588.131
105.2
3622.475
1.0
Item_Material_04
-0.6480701
0.5013776
-0.1223041
3567.088
229.6683
3348.463
1.0
Obj_TreePalmBeach_A_01.018
0
1.075702
0
3041.14
124.6843
3380.359
1.0
Animal_Fish_G
0
0
0
4096.23
105.2
3513.973
1.0
Animal_Fish_G
0
0
0
4092.933
105.2
3510.887
1.0
TBox_Field_Wood
-3.141122
0.1631358
3.141078
3316.253
107.625
3916.408
1.0
TBox_Field_Iron
-0.5003954
1.456612
-0.2374723
3012.82
101.4437
3655.862
1.0
Obj_Plant_CypressLow_A_01.012
-2.727584
-0.2678086
3.091195
3095.936
307.1647
3281.408
1.1
Item_Material_04
-1.072428
0.3748653
-0.7150856
3625.217
272.7021
3235.449
1.0
BoxWater
0
-0.7999998
0
3082.266
150.7831
3385.766
1.0
AnchorAction1
0
0
0
3691.859
106.5997
3814.758
1.0
Area
0
0
0
3700.953
106.5068
3814.758
50
EnvSeEmitPointBirdTropical
-0.2916259
0.748413
-0.1993408
3592.332
116.125
3790.75
1.0
FldObj_RuinStonePillar_A_02
-1.535501
0.7362352
0.007439447
3437.467
115.7624
3351.361
0.8
Obj_Plant_HopBush_A_02.007
0.02846331
-0.2878179
0.1054484
3040.445
247.9723
3036.707
0.996582
TwnObj_Village_FishingTorchPole_A_01.001
9.839848E-10
0
-0.04
3047.628
124.9206
3397.462
1.0
Animal_Fish_F
0
0
0
3868.778
105.2
3234.152
1.0
Obj_MineralGrain_A_02.003
1.854503
-1.306828
-1.814577
3337.816
195.4413
3108.474
1.0
Obj_TreePalmBeach_A_01.019
0
0
0
3184.49
111.9086
3513.906
1.0
TBox_Field_Iron
-0.002180725
0.001068602
-0.0008849509
3173.996
100.7467
3914.983
1.0
Obj_TreePalmMini_A_01.005
0.06243564
-0.0009474537
0.03033759
3472.884
108.7699
3856.83
1.0
Obj_Plant_CypressLow_A_01.013
0.9049148
1.095091
0.3904076
3211.766
287.4331
3207.719
0.98291
Animal_Fish_G
0
0
0
3432.002
105.2
3942.147
1.0
Obj_MineralGrain_A_04.007
0.2353734
-1.220457
-0.2877297
3618.74
259.2226
3335.101
1.0
Obj_MineralGrain_A_02.004
-2.271559
-0.08267085
0.0615651
3291.49
181.609
3302.702
1.0
Obj_MineralBury_A_01.008
0
0
0
3294.81
172.7844
3297.889
1.0
Obj_TreePalmBeach_A_01.020
0
0
0
3451.007
115.1349
3402.573
1.0
Obj_Mineral_A_01.009
0
0
0
3335.001
194.9879
3111.539
1.0
Obj_Plant_CypressLow_A_02.016
0.05895536
0.6108593
0.2211683
3567.277
336.5817
3281.215
0.972168
FldObj_Coral_A_01.008
0
1.44
0
3185.344
100.8072
3914.789
1.0
TBox_Field_Iron
0.08746658
-0.009027556
-0.02092363
3169.205
101.4031
3777.29
1.0
Item_Material_04
-0.9496074
0.4379045
-0.512965
3602.813
266.7296
3340.643
1.0
FldObj_Coral_A_01.009
-3.068504
-0.5395203
3.075511
3401.296
100.5603
3575.76
1.0
Obj_Plant_CypressLow_A_01.014
-0.8746189
1.121122
-0.8575568
3060.289
294.7428
3239.777
0.921387
Obj_Mineral_A_01.010
0
0.3125718
0
3284.289
172.2464
3301.868
1.0
Item_Material_04
-1.13167
0.3414022
-0.5890287
3639.757
189.8496
3236.215
1.0
Obj_Mineral_A_01.011
0
-1.020001
-0.2800002
3242.266
175.0869
3027.82
1.0
Obj_Plant_CypressLow_A_01.015
0.04282974
0.04358376
-0.1295919
3646.526
259.5393
3327.962
1.0
Animal_Fish_F
0
0
0
4094.425
105.2
3517.934
1.0
Obj_TreePalmBeach_A_01.021
0
3.641923
0
3087.545
113.0361
3642.735
1.0
FldObj_RuinStonePillar_A_01.002
0
0.4363323
0
3441.597
119.3171
3301.585
1.0
Animal_Fish_G
0
0
0
3583.902
105.2
3617.758
1.0
Obj_Plant_CypressLow_A_02.017
-0.6400201
1.526885
-0.5522566
3038.875
247.8567
3039.289
0.920898
Obj_TreePalmBeach_A_02.006
0
1.24
0
3229.596
113.1224
3649.979
1.0
Item_Material_04
0.2103958
0.5133259
1.086004
3598.042
188.242
3332.916
1.0
Obj_Plant_CypressLow_A_02.018
-2.551791
0.8816215
-2.681331
3086.783
294.5871
3239.589
1.046129
SmallFishes1
0
0
0
3041.355
105.7476
3921.653
1.0
Obj_MineralBury_A_01.009
0
0.5200003
-0.04000014
3516.246
108.0596
3134.118
1.0
FldObj_EnemyLookout_B_01.001
0
-1.152591
0
3344.459
280.4425
3251.687
1.0
Item_Mushroom_F
0
0.1437988
0
3042.199
125.6103
3376.699
1.0
EnvSeEmitPointInsectTemperate
-0.09326172
0.1561279
0.4669189
3090.047
113.793
3476.234
1.0
Animal_LittleBird_C
0
0
0
2999.761
286.3268
3192.067
1.0
Animal_Fish_F
0
0
0
3869.396
105.2
3233.802
1.0
Obj_Plant_HopBush_A_02.008
0.2059123
-0.07764509
-0.2897547
3214.453
286.273
3207.73
1.052246
EnvSeEmitPointBirdTropical
0
1.428955
0
3361.598
117.9727
3522.973
1.0
EnvSeEmitPointBirdTropical
-0.3334961
-0.2442627
0.5367432
3072.281
120.3828
3648.625
1.0
Barrel
0.09506828
-0.009521542
0.03925186
3697.005
106.8917
3806.509
1.0
Item_Mushroom_D
-1.409057
0.5021973
-2.583252
3424.152
159.0703
3102.625
1.0
Animal_Fish_F
0
0
0
3434.821
105.2
3941.565
1.0
EnvSeEmitPointBirdTropical
3.141479
0.2076416
3.141479
3494.879
114.3281
3511.203
1.0
Obj_Plant_CypressLow_A_02.019
0.3480091
-1.074927
-0.3314836
3303.754
280.5347
3278.717
0.9607203
Animal_Fish_G
0
0
0
3690.101
104.7854
3355.573
1.0
FldObj_CliffWhiteScaffold_A_02.002
0.14
0.4400001
0
3601.857
266.8393
3338.892
1.0
Weapon_Lsword_038
0.002862525
-0.3244543
0.02841257
3046.502
106.3492
3656.83
1.0
Animal_Fish_G
0
0
0
4097.745
105.2
3514.148
1.0
Animal_Fish_G
0
0
0
3584.252
105.2
3615.37
1.0
Obj_MineralBury_A_01.010
0
0
0
3620.35
259.1304
3335.764
1.0
Obj_TreePalmBeach_A_01.022
0
0
0
3464.43
111.402
3446.789
1.0
Obj_LiftRockWhite_Korok_A_01.006
0
-2.599988
0
3443.884
215.7824
3124.933
1.0
FldObj_CliffWhiteEdgeParts_A_01.001
0
-2.82
0
3559.308
271.9566
3207.922
1.2
Obj_Plant_CypressLow_A_01.016
-0.8203422
-1.22176
0.9569604
3529.432
332.5155
3295.339
1.062152
Obj_MineralBury_A_01.011
-0.2799999
0
0
3104.352
160.4553
3378.057
1.0
Animal_LittleBird_C
0
0
0
3003.525
287.383
3198.018
1.0
EnvSeEmitPointBirdTropical
3.141479
0.08605957
3.141479
3464.352
116.8516
3856.055
1.0
Obj_MineralGrain_A_02.005
-1.931772
1.065426
0.7740969
3301.573
176.3162
3305.47
1.0
TwnObj_Village_FishingTorchPole_A_01.002
0
0
0
3018.851
115.8414
3422.648
1.0
Obj_LiftRockWhite_A_01.006
0
0
0
3380.148
105.888
3021.178
1.0
AnchorAction1
0
-1.22
0
3688.624
106.7045
3813.828
1.0
Animal_LittleBird_C
0
0
0
3003.775
285.2455
3187.243
1.0
Obj_Plant_CypressLow_A_01.017
0.6074048
1.14883
0.7737252
3263.074
251.9341
3012.852
0.902344
FldObj_RockBeachLump_A_M_01.001
0.2979676
-0.9598315
-0.2365671
3393.361
104.916
3482.074
1.0
Obj_RockGray_A_L_03.001
0.2233953
0.0997628
0.2340758
3061.596
114.339
3544.426
1.2
Animal_Fish_F
0
0
0
3580.582
105.2
3621.544
1.0
FldObj_CliffWhiteScaffold_A_02.003
3.01124
0.5882861
-3.082974
3543.12
324.292
3217.19
1.0
Animal_LittleBird_C
0
0
0
2998.111
287.9838
3196.478
1.0
Obj_Plant_HopBush_A_01.007
0
1.184204
0
3176.949
296.0839
3305.512
0.910156
PointWindSetTag
0
-0.26
0
3794.445
306.7109
3335.773
1.0
Obj_TreePalmBeach_A_01.023
0
0
0
3331.169
109.9721
3768.589
1.0
Animal_Fish_F
0
0
0
3432.724
105.2
3937.488
1.0
FldObj_Coral_A_01.010
0
0
0
3179.302
100.8072
3900.106
1.0
Item_Material_04
-1.004464
0.4080006
-0.6202208
3641.195
259.7046
3332.046
1.0
Animal_Fish_G
0
0
0
3868.464
105.2
3238.403
1.0
Animal_LittleBird_C
0
0
0
3001.258
287.9739
3198.083
1.0
Obj_Plant_CypressLow_A_02.020
-2.443161
0.8778718
-2.462217
3090.004
294.9739
3240.704
0.9175885
Item_Material_04
-0.5769081
-0.5267414
-0.5431021
3528.373
295.6456
3336.07
1.0
Obj_LiftRockWhite_A_01.007
0
0
0
3355.022
105.8845
3686.016
1.0
Obj_TreePalmBeach_A_01.024
0
6.245364
0
3239.127
112.3072
3675.434
1.0
AnchorAction1
0
2.72
0
3331.797
106.7208
3913.518
1.0
Area
0
-1.676189
0
3367.305
278.6316
3241.534
25
TBox_Field_Iron
1.441012
-1.521835
-1.555784
3840.883
102.3804
3662.17
1.0
Obj_MineralGrain_A_04.008
0
-1.76
0
3291.226
172.5049
3297.746
1.0
Obj_LiftRockWhite_Korok_A_01.007
0
-1.119988
0
3445.004
215.6263
3123.969
1.0
FldObj_FenceWoodDamage_A_01.003
-2.961431
-0.8744108
3.017254
3337.9
279.9973
3220.907
1.0
Animal_Fish_F
0
0
0
3582.912
105.2
3618.981
1.0
FldObj_Coral_A_01.011
0
2.203186
0
3029.863
100.8072
3908.673
1.0
EnvSeEmitPointInsectTropical
0
0.8081054
0
3083.016
113.1875
3635.328
1.0
EnvSeEmitPointBirdTropical
2.927246
-0.5919189
-2.891357
3534.379
119.8008
3374.531
1.0
Obj_TreePalmBeach_A_01.025
0
0
0
3692.04
107.8199
3799.831
1.0
TBox_Field_Iron
0.00114701
0.003713601
0.00153824
3156.879
100.812
3808.432
1.0
FldObj_RockBeach_A_S_02.003
0
-1.46
0
3188.806
104.2202
3806.727
1.0
Obj_LiftRockWhite_A_01.008
-0.1153118
3.946099
-0.1153118
3018.927
123.947
3379.446
1.0
Obj_Plant_HopBush_A_01.008
-1.690464
1.29407
-1.407836
3486.316
320.2614
3272.551
0.901367
Obj_LiftRockWhite_A_01.009
-0.08779319
0.9478467
-0.08779319
3011.454
123.5387
3362.935
1.0
Obj_Mineral_A_01.012
0
1.24
0
3106.017
160.2043
3379.035
1.0
Animal_Fish_F
0
0
0
3014.597
105.1979
3871.613
1.0
Animal_Fish_G
0
0
0
3435.672
105.2
3942.846
1.0
Obj_TreeBroadleaf_A_L
0
0.005592805
0
3625.193
344.8791
3265.657
1.0
Animal_Fish_G
0
0
0
3432.375
105.2
3939.76
1.0
Obj_RockGray_A_L_03.002
0.4726255
-0.371399
-0.6010225
3102.623
109.2556
3534.334
1.0
Animal_Fish_F
0
0
0
3867.555
105.2
3229.376
1.0
Animal_Fish_F
0
0
0
3873.997
105.2
3237.646
1.0
Animal_Fish_F
0
0
0
2993.905
105.2917
3898.847
1.0
Barrel
0.5463928
-0.2154335
1.5916
3396.321
106.409
3466.303
1.0
Obj_MineralGrain_A_04.009
0.4056852
0.1659652
0.1170048
3517.464
244.7505
3337.568
1.0
Animal_Fish_G
0
0
0
3869.768
105.2
3232.929
1.0
Barrel
3.140215
0.4216042
3.141576
3325.44
107.6413
3916.695
1.0
Obj_TreePalmBeach_A_02.007
0
-0.9728336
0
3058.108
108.9195
3657.169
1.0
Animal_Fish_F
0
0
0
3433.866
105.2
3946.806
1.0
Obj_MineralGrain_A_02.006
0.04057856
0.002097755
-0.1032862
3104.364
160.4073
3378.877
1.0
Obj_MineralGrain_A_04.010
0.1862695
0.01245448
-0.1331432
3266.49
156.4333
3386.703
1.0
Barrel
0.06536406
0.01808511
0.0840603
3393.662
105.2055
3473.213
1.0
Item_Material_04
-0.3914795
-0.1519875
0.7139577
3626.936
270.332
3248.729
1.0
FldObj_Ground_SouthCape_A_01
-0.05235988
1.32136
0.01745155
3654.633
349.192
3306.483
0.95
Item_Material_04
-1.15347
0.3285166
-0.5960666
3536.886
295.2734
3202.876
1.0
FldObj_RockBeach_A_S_02.004
0
-0.2599999
0
2851.917
105.5671
3938.474
1.0
Item_Material_04
-1.392908
-0.6507398
1.084182
3627.513
336.2894
3351.487
1.0
Item_Material_04
-0.9623588
0.4201228
-0.3283575
3597.856
311.1682
3230.012
1.0
Obj_TreePalmBeach_A_01.026
0
0
0
3554.113
106.0542
3857.823
1.0
Obj_LiftRockWhite_A_01.010
0.1031157
5.208506
0.1031157
3029.946
123.3865
3372.18
1.0
Obj_RockGray_A_L_03.003
-2.885241
1.063521
-2.850243
3523.152
109.7323
3372.048
1.0
FldObj_CliffWhiteScaffold_A_02.004
0.14
0.4400001
0
3659.762
297.9971
3331.285
1.0
Obj_TreePalmBeach_A_01.027
0
0
0
3358.056
107.3604
3842.313
1.0
Obj_MineralBury_A_01.012
0
1.300001
0
3393.282
112.2902
3447.075
1.0
Animal_LittleBird_C
0
0
0
3005.308
284.2807
3183.279
1.0
Obj_Mineral_B_01.004
0.587648
-1.088624
-0.5331867
3291.458
172.9492
3297.944
1.0
Animal_Fish_G
0
0
0
4092.561
105.2
3513.274
1.0
Animal_Fish_F
0
0
0
2993.737
105.2917
3902.071
1.0
Kibako_Contain_01
0.1654618
-0.04041584
0.07288275
3400.683
105.8348
3478.55
1.0
Obj_MineralGrain_A_04.011
0.7980852
-1.281414
-0.7200379
3508.883
244.6738
3335.556
1.0
Obj_TreeBroadleaf_A_L.001
0
3.218189
0
3425.074
291.4395
3227.047
1.0
Obj_TreePalmBeach_A_02.008
0
0.7
0
3450.841
114.8738
3411.997
1.0
Animal_Fish_F
0
0
0
3024.597
105.2995
3904.793
1.0
EnvSeEmitPointBirdTropical
-2.280518
0.5709228
2.456299
3080.336
114.2305
3709.938
1.0
Animal_Fish_G
0
0
0
3870.117
105.2
3230.541
1.0
Animal_Fish_G
0
0
0
3437.186
105.2
3943.021
1.0
Obj_TreePalmBeach_A_01.028
0
2.917861
0
3530.273
106.2935
3471.57
1.0
Animal_Fish_F
0
0
0
3352.405
105.3088
3634.733
1.0
Animal_Fish_F
0
0
0
4095.38
105.2
3512.693
1.0
Obj_Plant_CypressLow_A_02.021
-0.1812705
-1.105007
-0.07247564
3447.654
118.2793
3322.165
1.0
Animal_Fish_F
0
0
0
3583.53
105.2
3618.631
1.0
FldObj_RockBeach_A_S_02.005
0
-1.08
0
3622.735
106.3968
3381.669
1.0
Obj_MineralGrain_A_04.012
-0.18232
-0.7184722
-0.4104371
3655.092
108.3823
3279.017
1.0
Obj_Plant_CypressLow_A_02.022
-2.781271
0.7387604
3.086921
3058.781
304.0096
3268.6
1.1
Obj_Plant_CypressLow_A_02.023
0.0911779
0.31065
0.09422673
3616.691
345.9037
3338.925
1.0
FldObj_CliffWhiteRock_C_03.001
0
1.02
0
3025.096
105.4352
3663.954
1.0
Obj_TreeBroadleaf_A_L.002
0
-0.003575597
0
3502.509
328.3593
3298.662
1.0
Obj_MineralGrain_A_02.007
-0.3488729
-0.9973829
1.592696
3239.179
178.0653
3010.391
1.0
FldObj_BirdNest_A_01.009
-0.08161993
0.1993518
-0.1961981
3643.442
229.1157
3273.301
1.0
Obj_Plant_CypressLow_A_02.024
0.04552211
0.1665657
0.07214763
3626.42
347.3398
3327.683
1.0
EnvSeEmitPointBirdTropical
-2.872559
0.3309326
-3.085571
3043.898
115.2813
3442.5
1.0
FldObj_Coral_A_01.012
0
0
0
3006.714
100.8072
3887.712
1.0
Obj_RockGray_A_M_06.006
-0.2392981
0.01406305
0.1168432
3055.633
299.1699
3255.155
1.0
Obj_MineralBury_A_01.013
0
0.56
0
3285.949
172.7298
3298.703
1.0
Enemy_Keese
0
-1.676189
0
3352.599
281.6316
3237.967
1.0
Obj_TreePalmBeach_A_01.029
0
5.031097
0
3247.954
111.9604
3608.098
1.0
TwnObj_Village_Fishing_FireTorchOn_A_01.002
9.839848E-10
0
-0.04
3047.628
124.9206
3397.462
1.0
GrassCutTag
0
0
0
3260.017
134.2596
3407.385
1.0
Animal_Fish_F
0
0
0
2996.761
105.2917
3901.074
1.0
Animal_Fish_G
0
0
0
3865.167
105.2
3235.317
1.0
Obj_TreePalmBeach_A_01.030
0
5.645893
0
3076.689
106.2292
3705.833
1.0
Animal_LittleBird_C
0
0
0
2998.153
287.2422
3194.492
1.0
SmallFishes1
0
0
0
2999.093
105.7476
3872.178
1.0
Obj_RockGray_A_L_01.002
-2.420247
-1.181366
2.65918
3634.995
257.7916
3338.185
1.0
Animal_Gull_Swarm
0
0
0
3581.718
135.7868
3625.5
1.0
Obj_RockGray_A_L_01.003
-3.069455
-1.300871
3.06653
3058.264
106.9216
3622.927
1.2
Animal_Fish_F
0
0
0
3584.578
105.2
3623.465
1.0
FldObj_BirdNest_A_01.010
0.3994117
-0.03837929
0.1890754
3566.974
229.5449
3348.258
1.0
EnvSeEmitPointBirdWet
-0.1373291
-0.6124267
-0.2144775
3104.754
132.8906
3436.996
1.0
Animal_Fish_G
0
0
0
4094.599
105.2
3514.206
1.0
Obj_Plant_HopBush_A_01.009
0.7182448
0.7553142
0.6133917
3169.078
293.6466
3249.133
0.875488
Animal_Fish_F
0
0
0
4095.531
105.2
3510.595
1.0
FldObj_BirdNest_A_01.011
-0.002546654
-0.000272498
-0.2131934
3625.041
272.5664
3235.305
1.0
Obj_Plant_CypressLow_A_01.018
0
2.97093
0
3305.139
280.3178
3281.185
1.062152
BoxWater
-0.4310964
-0.7999998
0
3081.194
145.762
3386.538
1.0
SpotBgmTag
0
-0.4799998
0
3657.532
350.1009
3308.792
40
Animal_Fish_G
0
0
0
3605.681
104.7854
3435.181
1.0
FldObj_CliffWhiteRock_C_01.001
-2.029512
0.9789027
0.5990552
3429.85
116.5
3348.446
1.0
Animal_Fish_F
0
0
0
3025.355
105.2995
3907.433
1.0
FldObj_Coral_A_01.013
0
-1.46
0
3141.892
100.8072
3787.825
1.0
FldObj_FenceWoodDamage_A_01.004
-0.2233487
-1.090055
0.1930259
3338.239
280.3694
3256.964
1.0
FldObj_TravelerTrace_Mark_A_01
0
0
0
3698.474
106.5671
3812.992
1.0
Obj_MineralBury_A_01.014
2.679827
0.7353726
2.15
3287.462
179.3444
3297.509
1.0
FldObj_CliffWhiteRock_C_01.002
0
1.281592
0
3847.805
99.01884
3661.901
1.0
Animal_Fish_G
0
0
0
3869.069
105.2
3236.074
1.0
Animal_LittleBird_C
0
0
0
3000.974
285.0971
3186.225
1.0
Obj_LiftRockWhite_A_01.011
0.2407965
-0.003097269
0.02559941
3021.82
116.5827
3419.508
1.0
Obj_Plant_CypressLow_A_02.025
-0.3673019
0.219963
-0.01732312
3050.557
296.7912
3244.811
1.1
Obj_Plant_CypressLow_A_01.019
-0.04909297
-0.02497167
0.07292561
3646.397
348.7242
3312.986
1.0
Obj_Mineral_A_01.013
0
0
0
3514.285
108.7781
3134.904
1.0
FldObj_CliffWhiteParts_A_04
-0.4007307
-0.4841432
0.408087
3488.744
197.3424
3324.933
1.2
FldObj_EnemyLookout_B_01.002
0
-2.985186
0
3363.411
280.2609
3216.839
1.0
GrassCutTag
2.971136
0.8534908
2.986387
3703.281
106.5507
3811.969
1.0
BoxWater
-0.235192
-0.8386736
0.04628938
3075.688
131.6067
3390.021
1.0
Animal_Fish_G
0
0
0
3580.757
105.2
3617.816
1.0
FldObj_RockBeachLump_A_M_01.002
0.4721971
-1.268764
-0.4517041
3016.112
109.5617
3530.575
1.0
Obj_TreePalmBeach_A_01.031
0
0
0
3010.116
106.2038
3485.275
1.0
Obj_MineralGrain_A_02.008
0.1710167
-1.090235
-0.247496
3620.826
259.1711
3334.328
1.0
Animal_Fish_F
0
0
0
3586.209
105.2
3622.067
1.0
Area
0
-1.676189
0
3367.305
278.6316
3241.534
50
Obj_TreePalmBeach_A_02.009
0
-0.76
0
3467.16
106.971
3483.656
1.0
FldObj_EnemyBaseRiverside_Slope_A_01.002
0
-1.992389
0
3305.415
107.5854
3900.712
1.0
TBox_Field_Iron
-0.2286589
-0.4242577
0.06731438
3364.535
102.9034
3613.513
1.0
SmallFishes1
0
0
0
3022.958
105.7476
3879.659
1.0
Enemy_Lizalfos_Guard_Junior_LongVisibility
0
2.72
0
3320.742
107.5654
3893.627
1.0
Animal_Fish_G
0
0
0
4089.264
105.2
3510.188
1.0
FldObj_BirdNest_A_01.012
1.355613
-1.337694
-1.60156
3660.595
297.8117
3331.994
1.0
Obj_LiftRockWhite_Korok_A_01.008
-3.001593
-0.9616048
3.141593
3442.83
215.8321
3117.867
1.0
Animal_Fish_F
0
0
0
4094.017
105.2
3515.313
1.0
Obj_TreePalmBeach_A_01.032
0
4.460223
0
3534.07
106.108
3443.742
1.0
Obj_Plant_HopBush_A_02.009
0.01160834
-0.4074724
0.06900967
3033.602
247.3699
3043.461
1.016602
Animal_Fish_F
0
0
0
3580.233
105.2
3615.545
1.0
FldObj_EnemyLookout_B_01.003
0
-2.199788
0
3347.089
278.7301
3226.826
1.0
Obj_Mineral_A_01.014
0.07481962
-0.397599
-0.06957865
3491.406
116.2195
3347.024
1.0
Animal_LittleBird_C
0
0
0
2997.626
288.4846
3197.943
1.0
Weapon_Lsword_038
0.03648114
0.0008594947
-0.01995055
3691.86
106.7278
3814.764
1.0
RockSetWhite_A_02
-2.852148
0.6045691
-3.025759
2993.312
291.3648
3209.298
1.0
Obj_MineralBury_A_01.015
3.08501
-0.337056
-2.971963
3332.626
195.8495
3113.351
1.0
Animal_LittleBird_C
0
0
0
2998.653
288.3439
3197.664
1.0
FldObj_SearchStone_A_04
-2.763326
1.401105
-1.267471
3800.812
105.59
3614.034
1.0
FldObj_Coral_A_01.014
0
0
0
3398.716
100.7076
3599.147
1.0
Obj_MineralGrain_A_04.013
-2.604592
-0.7477301
2.216112
3673.297
310.991
3289.963
1.0
TBox_Field_Iron
-0.0007302884
-0.4797911
0.001783694
3581.538
98.60569
3615.779
1.0
Obj_RockGray_A_M_06.007
-0.4361827
0.009294435
0.04193349
3085.687
294.7601
3243.442
1.2
FldObj_SearchStone_A_03
-1.247179
0.2838002
0.229305
3532.5
112.2806
3365.5
1.0
Obj_Plant_CypressLow_A_01.020
-2.720203
-1.080841
2.964866
3614.895
271.1732
3234.795
1.0
FldObj_Coral_A_03.001
0
0
0
3058.931
100.8072
3938.019
1.0
Weapon_Lsword_032
-3.090458
0.1378186
3.103733
3062.211
117.0338
3395.685
1.0
Obj_Plant_CypressLow_A_02.026
3.131053
-0.7339103
-2.84265
3637.167
346.8018
3278.354
1.0
Obj_MineralGrain_A_02.009
2.72764
-1.037964
-2.722999
3513.476
244.9021
3336.153
1.0
Animal_Fish_F
0
0
0
3871.9
105.2
3233.569
1.0
Obj_Plant_HopBush_A_01.010
0.08659854
-0.5553907
0.141323
3567.039
336.996
3275.086
0.875977
Obj_TreePalmBeach_A_02.010
0
0.3800001
0
3517.727
106.6991
3431.25
1.0
Obj_TreeBroadleafLow_A_02.001
-0.1616426
0.003149125
0.03887431
3083.791
293.2739
3235.862
1.0
AnchorAction1
0
2.72
0
3326.274
106.8863
3891.622
1.0
FldObj_Coral_A_01.015
0
1.44
0
3211.348
100.8072
3918.782
1.0
Animal_Fish_F
0
0
0
3431.268
105.2
3942.555
1.0
Obj_TreePalmBeach_A_01.033
0
0.3719865
0
3017.887
123.703
3366.348
1.0
FldObj_RuinStoneWall_A_01
0
0.4363323
0
3420.017
119.317
3304.396
1.0
EnvSeEmitPointBirdTropical
3.141479
-0.3684082
3.141479
3365.18
118.2539
3513.938
1.0
TBox_Field_Iron
-3.138905
-1.261594
3.140601
3865.787
101.0993
3757.425
1.0
Animal_Fish_F
0
0
0
3022.499
105.2995
3905.207
1.0
FldObj_FenceWoodDamage_A_01.005
-0.3077587
-1.082734
0.2401566
3335.19
280.0852
3250.451
1.0
Obj_Mineral_B_01.005
-2.076947
-0.7233452
-0.4385195
3291.423
181.7041
3302.715
1.0
FldObj_FenceWoodDamage_A_01.006
2.733971
-1.506045
-2.680887
3332.212
277.3029
3238.312
1.0
Item_Material_04
-2.406415
-0.8690196
1.799311
3493.144
336.6913
3311.048
1.0
FldObj_RockBeachLump_A_L_01.003
-0.2997168
-1.206569
-0.07528234
3015.952
102.8504
3583.39
1.0
Obj_TreePalmBeach_A_01.034
0
0
0
3188.123
113.7152
3665.464
1.0
FldObj_Coral_A_02
0
-0.7200001
0
3023.905
100.8072
3952.834
1.0
FldObj_BirdNest_A_01.013
-0.06730623
-0.002232232
-0.06628132
3639.603
189.6807
3236.082
1.0
Obj_TreePalmBeach_A_01.035
0
0
0
3043.233
106.9702
3443.58
1.0
Animal_Fish_G
0
0
0
4097.046
105.2
3517.293
1.0
Item_Material_04
2.170177
0.3328217
2.188018
3643.425
167.8085
3292.501
1.0
FldObj_RuinStoneWall_A_01.001
0
0.4363323
0
3426.361
119.317
3301.438
1.0
Animal_Fish_F
0
0
0
3580.175
105.2
3618.923
1.0
Obj_Plant_CypressLow_A_02.027
0.09211143
1.090883
0.01420797
3523
140.9247
3351.684
0.950684
Obj_LiftRockWhite_A_01.012
-0.09219167
6.268429
-0.09219167
3028.566
122.8813
3386.926
1.0
Enemy_Octarock
0
0
0
2950.556
103.1976
3797.024
1.0
Obj_Plant_CypressLow_A_01.021
-1.299052
1.264328
-0.8426019
3036.981
294.3097
3248.327
1.086811
Obj_MineralGrain_A_04.014
0.02621221
0.03329236
-0.791191
3652.749
110.8629
3282.088
1.0
Obj_Plant_CypressLow_A_01.022
0
0.2043457
0
3320.715
172.3713
3394.426
1.0625
Animal_Fish_G
0
0
0
3387.976
105.2938
3612.016
1.0
Animal_Fish_G
0
0
0
3437.536
105.2
3940.632
1.0
Obj_Plant_CypressLow_A_01.023
-2.92667
-1.338692
3.003963
3647.832
348.8519
3313.486
1.0
Obj_RockGray_A_L_01.004
-0.1434763
0.027843
0.3827371
3104.991
310.2876
3295.41
1.0
Obj_LiftRockWhite_A_01.013
0
0
0
3058.72
108.6455
3653.824
1.0
FldObj_BirdNest_A_01.014
0.1265905
0.003770457
-0.05947233
3602.661
266.5887
3340.479
1.0
Obj_TreePalmBeach_A_01.036
0
0
0
3532.57
111.4352
3373.562
1.0
Obj_RockSetGray_A_02.002
-0.1964773
-0.006811225
-0.06908307
3086.374
295.9518
3246.823
1.2
Animal_Fish_F
0
0
0
3581.281
105.2
3620.379
1.0
GrassCutTag
0.4897748
-1.306424
-0.4972292
3696
106.5148
3816
1.0
Obj_TreePalmBeach_A_02.011
0
-0.14
0
3489.832
106.1662
3513.101
1.0
Animal_Fish_F
0
0
0
4096.58
105.2
3511.701
1.0
TBox_Field_Wood
-0.0005009781
-1.225768
0.0005888772
3671.396
105.2623
3342.587
1.0
GrassCutTag
0
0
0
3272.517
133.0807
3410.885
1.0
EnvSeEmitPointInsectTropical
3.141479
-0.7910156
3.141479
3170.633
116.5977
3621.586
1.0
FldObj_FenceWoodDamage_A_01.007
-3.055563
-0.8796765
3.071657
3335.699
279.9651
3223.797
1.0
Animal_Fish_F
0
0
0
3084.126
104.778
3880.38
1.0
FldObj_Coral_A_01.016
0
0
0
3214.888
100.8072
3894.506
1.0
Kibako_Contain_01
-0.0001217572
0.8993131
-0.0001911297
3311.205
107.5853
3908.122
1.0
Obj_RockGray_A_L_03.004
-2.944611
-0.3967449
3.088357
3054.889
302.1039
3271.075
1.0
Obj_Mineral_A_01.015
0.1851192
0.0712231
-0.04326257
3671.916
311.0081
3287.983
1.0
Item_Material_04
-0.1868047
-0.8290688
-0.7075852
3627.045
269.2713
3252.958
1.0
Obj_TreePalmBeach_A_01.037
0
1.218454
0
3099.998
125.4137
3436.658
1.0
Obj_LiftRockWhite_A_01.014
-0.1538513
4.913821
-0.1538513
3014.185
124.477
3376.893
1.0
Animal_Fish_F
0
0
0
3430.22
105.2
3937.721
1.0
Animal_Fish_F
0
0
0
3869.337
105.2
3237.18
1.0
TBox_Field_Wood
3.129132
1.073656
3.123615
3916.251
105.2478
3881.509
1.0
Obj_LiftRockWhite_Korok_A_01.009
0
2.923196
0
3439.527
215.8738
3124.947
1.0
TBox_Field_Iron
-1.994897
-1.494269
2.300282
3938.432
98.94866
3438.426
1.0
EnvSeEmitPointBirdTropical
-1.33728
-1.44397
1.517212
3327.383
118.2188
3730.82
1.0
EnvSeEmitPointBirdTropical
-1.847534
0.4113769
-2.416015
3313.324
117.3633
3771.242
1.0
FldObj_Coral_A_01.017
0
3.103186
0
3022.534
100.8072
3880.494
1.0
Animal_Fish_F
0
0
0
3015.355
105.1979
3874.254
1.0
Obj_Plant_CypressLow_A_01.024
-2.45085
-1.091988
2.379855
3037.695
282.5792
3182.101
1.044722
Obj_MineralGrain_A_02.010
1.344178
-0.1512239
0.1898517
3103.99
163.4242
3377.103
1.0
Item_Material_04
-1.070168
0.3763285
-0.5010629
3648.237
259.5545
3327.27
1.0
Obj_Plant_HopBush_A_02.010
0.5419911
-0.479864
-0.431308
3310.094
281.8773
3273.932
0.95
Animal_Fish_G
0
0
0
3606.462
104.7854
3428.779
1.0
Obj_Mineral_A_01.016
1.353775
-1.376738
-1.59684
3391.4
112.0607
3447.742
1.0
Animal_Fish_G
0
0
0
3587.549
105.2
3618.456
1.0
Obj_BreakBoxIron.001
1.079582
1.507855
1.042484
3676.507
106.9824
3816.307
1.0
Obj_Plant_CypressLow_A_02.028
0
1.360596
0
3359.563
172.256
3333.094
0.896484
EnvSeEmitPointInsectTropical
2.154297
-0.4599609
-1.663086
3229.301
114.4219
3650.305
1.0
Animal_Fish_F
0
0
0
3430.162
105.2
3941.099
1.0
Obj_TreePalmBeach_A_01.038
0
3.594744
0
3231.933
112.0948
3678.741
1.0
Obj_LiftRockWhite_Korok_A_01.010
0
2.923196
0
3445.15
215.608
3119.73
1.0
Animal_Fish_G
0
0
0
3872.366
105.2
3239.16
1.0
Obj_MineralBury_A_01.016
0
-0.7600001
0
3157.37
284.9346
3338.862
1.0
Obj_Plant_CypressLow_A_02.029
-0.2966276
0.4900081
-0.2777025
3038.406
284.8763
3191.141
0.967773
Obj_Plant_CypressLow_A_02.030
3.132197
0.5862451
-2.854908
3639.361
347.4999
3273.538
1.0
Obj_Plant_CypressLow_A_02.031
-0.4277816
0.7621456
-0.1131016
3289.738
219.7542
3111.18
0.850098
Obj_Plant_CypressLow_A_02.032
-0.30703
0.3494786
0.02885065
3522.344
329.524
3288.618
0.9236203
Item_Material_04
-1.014595
0.4017062
-0.4156204
3618.537
181.0106
3190.878
1.0
FldObj_Coral_A_01.018
0
0
0
3129.761
100.8072
3787.876
1.0
FldObj_Coral_A_01.019
0
0
0
3039.947
100.8072
3933.355
1.0
FldObj_BirdNest_A_01.015
0.2114885
0.01626939
-0.1529864
3626.95
270.2213
3248.628
1.0
Obj_TreeBroadleafLow_A_01.005
0
-0.92
0
3650.757
349.1747
3315.775
1.0
Obj_Plant_CypressLow_A_02.033
-0.08177291
1.327086
0.3141541
3603.075
339.0363
3251.974
1.0
FldObj_BirdNest_A_01.016
0.1611326
-1.011919
-0.1894122
3627.589
336.1606
3351.464
1.0
EnvSeEmitPointInsectTemperate
-2.909912
-1.128418
-3.136474
3039.285
297.3672
3251.262
1.0
Animal_Fish_G
0
0
0
3869.92
105.2
3236.073
1.0
Animal_Fish_F
0
0
0
3870.852
105.2
3232.462
1.0
Area
0
-2.76
0
3084.719
268.2506
3151.737
100
Animal_Fish_F
0
0
0
3355.716
105.1823
3615.418
1.0
Animal_Gull_Swarm
0
0
0
3431.705
135.7868
3947.676
1.0
EnvSeEmitPointBirdTropical
0
-0.2062988
0
3084.898
114.2852
3708.84
1.0
Animal_Fish_F
0
0
0
3434.565
105.2
3945.641
1.0
Obj_Plant_HopBush_A_02.011
0.02303375
-0.5420813
0.1815841
3373.977
172.4353
3331.234
0.986816
Animal_Fish_G
0
0
0
4089.846
105.2
3513.45
1.0
Obj_TreePalmBeach_A_01.039
0
0
0
3798.754
106.085
3616.257
1.0
TwnObj_Village_Fishing_FireTorchOn_A_01.003
-0.02
0
0
3023.616
118.8448
3399.39
1.0
Barrel
-0.6329724
0.2302634
0.6430061
3396.12
105.4375
3478.579
1.0
Obj_Plant_CypressLow_A_02.034
0.06685578
-0.01336258
-0.2489182
3237.977
175.2759
3045.25
1.090332
FldObj_FenceWoodDamage_A_01.008
2.989618
-1.429832
-2.93538
3332.47
277.5009
3235.219
1.0
FldObj_Coral_A_01.020
0
1.44
0
3135.803
100.8072
3802.56
1.0
TwnObj_Village_FishingWoodDeck_A_01
0
1.921594
0
3051.851
121.7341
3397.915
1.0
FldObj_Coral_A_02.001
0
-0.78
0
2976.362
100.8263
3936.203
1.0
Obj_TreePalmBeach_A_01.040
0
0
0
3510.883
108.1861
3396.609
1.0
FldObj_RuinStonePillar_A_01.003
0
0.4363323
0
3462.004
114.5
3340.898
0.8
Animal_Fish_G
0
0
0
3864.584
105.2
3232.055
1.0
Animal_Fish_F
0
0
0
3436.196
105.2
3944.244
1.0
Obj_Plant_CypressLow_A_02.035
0
2.654742
0
3312.614
280.2574
3279.828
1.040755
TBox_Field_Iron
-0.0005822318
0.339997
0.001025821
3582.882
98.60835
3621.299
1.0
Obj_Mineral_B_01.006
0.2881945
0.3593242
-0.1494884
3509.419
244.8781
3335.693
1.0
FldObj_BirdNest_A_01.017
2.337806
-1.296355
-2.318766
3493.218
336.5612
3311.069
1.0
Obj_MineralGrain_A_02.011
-2.025276
-0.9317817
-0.6084036
3286.558
181.2463
3300.492
1.0
FldObj_RockBeach_A_S_02.006
0
-1.1
0
2942.723
105.9366
3740.993
1.0
Animal_Fish_G
0
0
0
3430.744
105.2
3939.993
1.0
Animal_Fish_G
0
0
0
3386.946
105.307
3564.35
1.0
Obj_TreeBroadleafLow_A_01.006
0
0
0
3498.722
330.7521
3315.957
1.0
Obj_TreeBroadleafLow_A_01.007
0
0
0
3405.658
285.7168
3237.059
1.0
FldObj_CliffWhiteLumpRock_A_02.003
-0.0007946379
-0.3199269
0.002526601
3296.296
179.6961
3292.946
1.2
EnvSeEmitPointInsectTropical
3.141479
-0.4348145
3.141479
3194.41
114.3594
3599.547
1.0
Obj_Plant_CypressLow_A_02.036
-2.88117
1.232206
-2.881798
3527.545
295.4234
3334.717
1.0
Obj_LiftRockWhite_Korok_A_01.011
0
-1.819988
0
3445.72
215.5301
3121.095
1.0
Obj_MineralGrain_A_04.015
0.6485556
-1.201775
-0.8695477
3333.596
195.154
3112.036
1.0
Enemy_Golem_Junior
0
0
0
3272.517
133.0517
3409.854
1.0
Obj_Plant_CypressLow_A_02.037
0.1490045
-0.6535594
-0.3865262
3639.826
189.6272
3237.217
1.0
Item_Material_04
-0.4362571
0.1888922
0.7018052
3643.449
229.2488
3273.371
1.0
Obj_Plant_CypressLow_A_02.038
-0.3642571
0.8888813
-0.3208348
3061.609
289.3874
3218.741
0.85
Item_Mushroom_D
-0.8709716
0.5253906
-2.722656
3612.25
217.3281
3200.211
1.0
Animal_Fish_G
0
0
0
4093.749
105.2
3514.207
1.0
FldObj_RockBeach_A_M_04
-0.8357135
0.8250879
-1.01853
3350.258
98.99525
3664.709
1.1
Obj_TreePalmBeach_A_01.041
0
0
0
3494.898
106.1784
3510.015
1.0
Animal_Fish_F
0
0
0
3353.303
105.3063
3624.043
1.0
Animal_Fish_G
0
0
0
3867.881
105.2
3235.141
1.0
Enemy_Octarock
0
0
0
3022.978
103.1976
3753.944
1.0
EnvSeEmitPointInsectTropical
-0.1409912
0.0880127
-0.3989258
3071.43
122.1797
3540.406
1.0
KibakoSeaside_Contain_01
0.07311395
-0.3203515
-0.02988424
3699.997
107.1311
3803.621
1.0
Obj_Plant_HopBush_A_01.011
0
-0.8273926
0
3064.949
249.9348
3029.039
0.853516
Obj_TreePalmBeach_A_01.042
0
0.6799999
0
3601.422
107.1233
3786.863
1.0
Animal_LittleBird_C
0
0
0
3002.797
284.5608
3183.848
1.0
Obj_Plant_CypressLow_A_02.039
-0.2731919
1.49259
-0.1590328
3622.564
344.4356
3258.872
1.0
Item_Material_04
-0.5418324
0.001789182
0.6668047
3625.036
272.6967
3235.38
1.0
Obj_Plant_CypressLow_A_02.040
-0.1458813
0.6119217
-0.06361713
3370.5
284.8246
3287.148
0.975586
Obj_Mineral_A_01.017
-0.4026162
-0.7557048
0.717041
3508.106
244.4871
3336.211
1.0
FldObj_RockBeach_A_M_02.002
0
0
0
3066.496
97.04475
3950.973
1.0
Obj_TreePalmMini_A_01.006
0
2.8548
0
3055.368
108.7548
3655.564
0.9715566
FldObj_Coral_A_02.002
0
0.819162
0
3393.541
100.2
3631.494
1.0
AnchorAction1
0
2.72
0
3312.133
107.5405
3903.603
1.0
Obj_LiftRockWhite_Korok_A_01.012
0
-0.4999876
0
3440.8
215.6706
3125.598
1.0
Obj_Plant_CypressLow_A_02.041
-0.8837695
1.20367
-0.833234
3068.811
276.3935
3174.438
0.9592263
Obj_TreePalmBeach_A_01.043
0
4.445409
0
3085.954
106.2681
3710.88
1.0
Animal_Fish_F
0
0
0
3583.879
105.2
3624.63
1.0
Item_Material_04
-0.3074657
-0.3299005
1.037966
3566.922
229.623
3348.376
1.0
Animal_Fish_G
0
0
0
4094.448
105.2
3511.062
1.0
Obj_Mineral_B_01.007
0
0
-0.03999994
3651.315
111.7789
3284.763
1.0
Obj_TreePalmMini_A_01.007
0.2464978
2.266274
0.2464978
3081.385
113.2266
3635.672
1.015358
TBox_Field_Iron
-3.040899
-0.379833
3.114616
3626.302
101.3198
3429.12
1.0
Obj_Plant_CypressLow_A_01.025
-0.7870564
1.237202
-0.6915184
3024.846
284.9232
3189.071
0.8809145
Obj_Plant_CypressLow_A_02.042
2.088544
-1.476432
-2.102478
3314.06
280.3329
3277.208
0.9236203
EnvSeEmitPointBirdTropical
0
1.230591
0
3254.133
119.293
3614.664
1.0
Animal_Fish_F
0
0
0
3433.517
105.2
3940.807
1.0
EnvSeEmitPointBirdWet
0
-1.324219
0
3423.961
299.1758
3227.109
1.0
FldObj_CliffWhiteLumpRock_A_02.004
1.114182
-1.477379
-2.431048
3401.685
282.1119
3219.26
1.0
EnvSeEmitPointBirdTropical
-2.499145
-0.2342529
-2.426391
3559.125
113.9531
3860.945
1.0
Obj_TreePalmBeach_A_01.044
0
0
0
3468.766
107.5863
3477.015
1.0
EnvSeEmitPointInsectTropical
0
0.4512939
0
3054.699
108.9688
3656.859
1.0
TwnObj_Village_FishingWoodDeck_A_01.001
0
1.841594
0
3048.899
121.7341
3388.28
1.0
FldObj_CliffWhiteRock_C_03.002
-0.3000001
0
0
3422.571
116.1634
3341.803
1.0
Obj_RockGray_A_L_03.005
3.066108
0.2253698
0.1426246
3060.566
108.7802
3662.778
1.0
Animal_Fish_F
0
0
0
3870.7
105.2
3234.56
1.0
Obj_Mineral_A_01.018
-3.001491
-0.03803153
2.816231
3155.147
284.5974
3338.399
1.0
Animal_Fish_G
0
0
0
3587.199
105.2
3620.844
1.0
Obj_MineralGrain_A_04.016
-2.211414
0.2073717
2.768633
3226.571
177.6295
3038.804
1.0
FldObj_RockBeach_A_S_02.007
0
-1.358407
0
3168.172
106.438
3788.489
1.0
FldObj_BankingFlat_A_03
1.813336
-0.8882533
-1.810458
3008.161
107.0652
3440.856
1.0
Animal_Fish_G
0
0
0
4094.797
105.2
3508.674
1.0
Kibako_Contain_01
0.08614144
-0.9410248
0.1420422
3396.417
105.6919
3473.204
1.0
Item_Material_04
-2.029597
-0.9171162
1.265986
3660.552
297.9563
3331.994
1.0
Item_Material_04
-2.528859
1.186416
-1.648431
3544.009
324.6604
3215.937
1.0
FldObj_CliffWhiteLumpRock_A_03
-0.2478074
-0.8957039
0.1275767
3496.115
110.7756
3136.558
1.0
Obj_MineralBury_A_01.017
-0.2547455
1.044134
-0.1484662
3299.901
156.27
3423.471
1.0
Obj_LiftRockWhite_A_01.015
0.1316414
0.002900803
-0.04400054
3690
106.8438
3811
1.0
Obj_Plant_HopBush_A_02.012
-0.9544517
1.273985
-0.7912094
3520.835
330.6874
3293.535
0.95
SignalFireWood
0
0
0
3073.392
121.1703
3550.575
1.0
Obj_TreePalmBeach_A_01.045
0
-0.48
0
3592.99
107.6723
3791.697
1.0
TBox_Field_Wood
-3.141232
-0.2176946
3.141455
3908.504
105.2501
3885.024
1.0
EnvSeEmitPointBirdTropical
0.2641602
1.202026
0.00561523
3800.141
114.2109
3616.211
1.0
EnvSeEmitPointBirdWet
-1.880127
-0.5283203
1.213013
3492.32
336.6563
3310.258
1.0
EnvSeEmitPointBirdWet
0
-1.444092
0
3038.793
132.2148
3381.309
1.0
Obj_LiftRockWhite_A_01.016
0
0
0
3778.587
106.231
3687.359
1.0
Obj_TreePalmBeach_A_01.046
0
-0.72
0
3193.863
113.6483
3666.068
1.0
EnvSeEmitPointBirdTropical
0
0.1970215
0
3230.746
120.2656
3677.617
1.0
Animal_Fish_G
0
0
0
4093.143
105.2
3516.536
1.0
Barrel
3.1415
-0.03840913
-3.141211
3329.645
107.6415
3898.292
1.0
Animal_Fish_F
0
0
0
3582.737
105.2
3615.312
1.0
Animal_Fish_F
0
0
0
2999.672
105.2917
3901.885
1.0
Obj_TreeBroadleafLow_A_01.008
-0.1854044
0.007301805
0.07850049
3047.702
303.7384
3269.379
1.0
Obj_TreeBroadleaf_A_L.003
0
5.39781
0
3438.669
293.8594
3222.153
1.0
Obj_LiftRockWhite_Korok_A_01.013
0
-1.119988
0
3440.008
216.0459
3118.61
1.0
Obj_TreePalmBeach_A_01.047
0
0
0
3463.591
108.6902
3855.473
1.0
Animal_Fish_F
0
0
0
3430.569
105.2
3943.72
1.0
Obj_LiftRockWhite_A_01.017
0
0
0
3321.952
110.4166
3570.138
1.0
Item_Material_04
-1.892088
1.040874
-1.083972
3598.206
188.2852
3332.825
1.0
Obj_Plant_CypressLow_A_02.043
-2.883946
-1.168406
3.042438
3425.909
118.2546
3323.736
1.0
Area
0
-1.676189
0
3367.305
278.6316
3241.534
100
Obj_Plant_CypressLow_A_02.044
-0.4391837
0.9212377
-0.3099263
3023.575
283.9927
3185.72
0.8533667
Obj_Plant_CypressLow_A_02.045
-2.871645
-0.6647546
2.915486
3060.404
288.6093
3214.931
0.9870859
EnvSeEmitPointBirdTropical
-1.965576
0.3295898
2.389038
3123.879
119.3438
3534.176
1.0
Animal_Fish_G
0
0
0
3383.834
105.3231
3617.681
1.0
EnvSeEmitPointBirdWet
3.141479
-1.345581
3.141479
3006.672
253.0469
3008.902
1.0
TwnObj_Village_FishingTorchPole_A_01.003
3.101593
1.181593
-3.141593
3045.817
125.0329
3389.815
1.0
FldObj_RuinStoneWall_A_01.002
0
0.4363323
0
3432.705
119.317
3298.479
1.0
Animal_Fish_F
0
0
0
4092.234
105.2
3507.509
1.0
SpotBgmTag
0
0
0
3450
120
3340
40
Item_Material_04
-0.5846437
0.05043535
0.8125174
3639.579
189.8135
3236.149
1.0
FldObj_BirdNest_A_01.018
0
2.603186
0
3643.358
167.6824
3292.549
1.0
Animal_Fish_F
0
0
0
4098.677
105.2
3515.779
1.0
Animal_Fish_G
0
0
0
3585.685
105.2
3620.669
1.0
Item_Plant_B
0
1.044922
0
3434.188
293.009
3224.676
1.0
Animal_Fish_G
0
0
0
3582.388
105.2
3617.583
1.0
Obj_Plant_CypressLow_A_02.046
2.621607
-1.340112
-2.467978
3645.202
348.4894
3309.276
1.0
Obj_LiftRockWhite_A_01.018
-0.1083748
2.504613
-0.1083748
3024.919
123.3982
3379.891
1.0
FireWoodDie
0.1305755
0.00101492
-0.01552291
3700.953
106.5068
3814.758
1.0
Obj_TreePalmBeach_A_01.048
0
0.84
0
3421.414
114.1704
3437.656
1.0
TBox_Field_Iron
0.03795494
-1.226164
-0.06253354
3418.833
102.9259
3004.174
1.0
FldObj_EnemyLookout_B_01.004
0
-0.3671924
0
3358.33
282.4652
3264.867
1.0
Obj_LiftRockWhite_Korok_A_01.014
0
2.923196
0
3445.916
215.4953
3122.677
1.0
Item_Material_04
-0.4561763
-0.09504782
0.8162999
3602.636
266.7058
3340.571
1.0
FldObj_RuinStonePillar_A_02.001
0
0.4363323
0
3447.421
118
3319.328
0.8
EnvSeEmitPointBirdTropical
3.141479
-1.317749
3.141479
3259.379
118.4805
3722.008
1.0
AnchorAction1
0
2.72
0
3324.498
107.6173
3910.244
1.0
EnvSeEmitPointInsectTemperate
3.141479
1.001343
3.141479
3649.32
349.0898
3317.207
1.0
Obj_Plant_CypressLow_A_02.047
-1.853669
-1.31393
2.032576
3525.318
330.0504
3288.952
1.040755
Animal_Fish_F
0
0
0
3432.899
105.2
3941.158
1.0
Obj_Plant_CypressLow_A_02.048
-0.02048875
0.1767038
0.2664564
3631.811
348.0104
3327.717
1.0