UnitConfigName/__text
Rotate/value/0
Rotate/value/1
Rotate/value/2
Translate/value/0
Translate/value/1
Translate/value/2
_Scale
FldObj_CliffWhiteWall_A_04
-0.07754402
-0.1576409
0.05845162
3538.173
326.7273
3312.289
1.0
Item_Fruit_H
-1.570796
0.1592259
3.141593
3185.864
115.2683
3568.932
1.0
FldObj_CliffWhiteWall_A_02
2.901593
0.06159252
3.141593
3234.46
276.7367
3149.422
1.2
FldObj_CliffWhiteScaffold_A_01
0
-0.3570796
0
3291.367
205.439
3327.585
1.0
Obj_TreePalmBeach_A_02
0
0
0
3192.138
112.54
3513.383
1.0
Item_Fruit_H
-2.981593
-1.160461
3.141593
3126.296
116.8647
3636.405
1.0
FldObj_CliffWhiteWall_A_02.001
2.92913
0.7345148
2.924052
3610.269
268.4565
3236.393
1.2
Obj_Plant_Korok_A_01
0
-2.341592
0
3093.293
112.0526
3659.513
1.0
Obj_TreePalmBeach_A_02.001
0
-0.9231857
0
3029.842
106.2258
3600.484
1.0
FldObj_CliffWhite_A_03
0
-1.883185
0
3132.583
282.3522
3291.938
0.9
FldObj_RockBeachWall_A_02
-0.5475954
-0.2478921
0.2113889
3128.195
118.7736
3477.256
0.9
Area
0
0
0
3455.1
115
3344.1
1.0
LinkTagOr
0
-0.4567024
0
3055.067
108.5662
3653.146
1.0
FldObj_CliffWhiteScaffold_A_01_Far
0.1573076
-0.4410193
-0.07659
3567.885
230.1057
3344.134
0.9
FldObj_RockBeach_A_M_01
0
-2.62
0
3651.822
103.9993
3425.063
1.0
LinkTagOr
0
0
0
3054.565
100.8479
3895.199
1.0
PointWindSetTag
0
-0.26
0
4537.883
306.7109
3538.203
1.0
FldObj_CliffWhiteLumpRock_A_01
-0.6195919
-1.450718
-0.1972222
3259.77
172.67
3007.4
1.0
Area
0
0.18
0
3443.5
115
3348.4
1.0
Item_Fruit_G
2.581593
-0.8015934
3.141593
3783.806
117.7298
3640.298
1.0
FldObj_RockBeach_A_L_01_Far
3.096926
-0.8225438
3.079051
3339.369
104.9307
3537.844
1.0
LinkTagAnd
0
1.639936
0
3369.335
278.6414
3233.205
1.0
EnemyFortressMgrTag
0
-1.327124
0
3366.311
278.6226
3241.429
1.0
LinkTagAnd
0
0
0
3289.077
178.3
3338.793
1.0
FldObj_RockBeach_A_L_01
2.840029
-1.054601
-3.08184
3325.006
103.2812
3624.122
1.0
FldObj_CliffWhiteParts_A_06
0
1.241592
0
3409.28
111.3578
3362.643
1.2
FldObj_CliffWhiteWall_A_01
3.017221
0.4609975
3.13091
3344.056
269.2655
3188.945
1.1
FldObj_CliffWhiteWall_A_05_Far
-0.317101
-0.4096456
0.1703112
3036.219
269.9251
3244.575
1.0
Area
0
0
0
3016.987
116.4948
3898.902
1.0
Enemy_Octarock_Desert
0
2.78
0
3175.598
106.4629
3726.438
1.0
FldObj_RockBeachWall_A_02_Far
-0.4216919
-0.2588015
0.1614009
3228.34
126.629
3496.478
1.0
Area
0
0.4014257
0
3436.895
119.6766
3316.275
40
FldObj_RockBeach_A_M_01.001
0
-2.04
0
3371.373
105.3135
3588.545
1.0
ConstraintDummy
0
-1.676189
0
3360.87
292.889
3235.825
1.0
Item_Fruit_G
2.710875
0.8155171
-2.83605
3373.085
121.4593
3514.799
1.0
FldObj_CliffWhiteLumpRock_A_01.001
2.583616
0.509677
-2.796296
3232.883
206.7291
3087.313
1.0
Npc_HiddenKorokGround
0
-2.303184
0
3639.774
326.9118
3258.224
1.0
FldObj_RockBeach_A_M_01.002
-3.041593
-0.6815932
3.141593
3194.209
102.7653
3905.18
1.0
FldObj_CliffWhiteWallCurve_A_01
0
1.52
0
3241.919
170.2792
3407.436
1.0
Item_Fruit_H
-2.356194
-1.160461
3.141593
3126.256
116.6354
3636.368
1.0
FldObj_RockBeachWall_A_07
2.541593
-0.1784075
3.141593
3348.326
102.8139
3056.58
1.0
Item_Fruit_G
-0.68
0.1178885
0
3507.002
120.4304
3403.352
1.0
FldObj_RockBeach_A_L_01.001
-0.14
1.42
0
3023.199
104.3898
3520.198
0.8
FldObj_RockBeach_A_M_01_Far
0
-0.6799999
0
3410.515
104.0224
3004.947
1.0
LinkTagOr
0
2.982367
0
3184.026
114.007
3571.635
1.0
FldObj_CliffWhiteWall_A_01_Far
-3.114954
0.3155866
-2.820923
3501.803
304.2418
3231.772
1.1
LinkTagAnd
0
0
0
3441.08
120.6767
3321.017
1.0
ActorObserverTag
0
0
0
3438.33
218.5377
3120.926
1.0
LinkTagOr
0
-0.42
0
3079.715
115.7302
3643.24
1.0
Item_Fruit_G
-0.5599999
0
0
3079.756
118.0777
3716.188
1.0
LinkTagOr
0
0
0
3438.33
219.5377
3120.926
1.0
LinkTagOr
0
-0.04
0
3468.126
108.4576
3864.483
1.0
LocationTag
0
0
0
3437.228
126.9574
3316.458
1.0
FldObj_CliffWhiteWall_A_05
2.666928
0.0353756
-3.02644
3252.58
185.1242
3110.169
0.8
FldObj_CliffWhiteWallCurve_A_01.001
0
-0.8199999
0
3303.445
170.2792
3392.996
1.0
LinkTagAnd
0
0
0
3446.73
127.45
3328.05
1.0
Item_Fruit_G
-0.5599999
-0.6031849
0
3048.466
136.748
3414.265
1.0
FldObj_SouthCape_A_01
0
1.28
0
3584.729
340.9024
3291.274
1.0
ActorObserverTag
0
0
0
3063.067
103.6143
3909.025
1.0
LinkTagNAnd
0
0.8000002
0
3094.052
115.0526
3663.038
1.0
DgnObj_RemainsLithograph_A_01
0
0.4014257
0
3443.51
114
3348.373
1.0
FldObj_CliffWhite_A_S_01
1.609687
-1.211746
-1.630661
3306.695
147.9682
3478.607
1.0
Npc_HiddenKorokFly
0
3.063185
0
3170.416
109.8854
3824.316
1.0
PlayerOnScaffoldCheckTag
0
-1.152591
0
3342.429
287.4425
3247.118
1.0
FldObj_RockBeach_A_L_01.002
2.906035
-0.7160122
-3.078956
2907.835
101.7205
3728.868
1.0
Item_Fruit_G
-0.7914488
0.5683592
-0.247178
3689.203
119.4215
3808.503
1.0
LinkTagNone
0
0
0
3360.315
287.7816
3245.823
1.0
LinkTagAnd
0
3.063185
0
3170.914
112.3854
3824.355
1.0
LinkTagAnd
0
0
0
4367.27
277.0236
3318.278
1.0
FldObj_CliffWhiteTunnel_A_01
-3.071779
-0.5899213
2.670354
3239
192.9
3026.07
1.3
Item_Fruit_G
-0.6799999
-0.9005167
0
3354.057
118.7077
3849.844
1.0
Npc_SouthernVillage009
0
-1.949133
0
3034.127
106.375
3474.124
1.0
FldObj_RockBeachWall_A_07_Far
2.541593
-0.1784075
3.141593
3348.326
102.8139
3056.58
1.0
LinkTagAnd
0
0
0
3440.73
123.98
3325.36
1.0
FldObj_CliffWhiteScaffold_A_01.001
0
2.14
0
3636.584
326.7054
3261.078
1.0
FldObj_CliffWhiteScaffold_A_01.002
3.030244
0.6897132
-3.064779
3393.565
142.2041
3426.745
1.1
Area
0
-2.199788
0
3347.089
285.7301
3226.826
2
LinkTagOr
0
-2.339996
0
3061.236
111.9438
3658.987
1.0
LinkTagPulse
0
0
0
3797.614
107.1936
3618.895
0.25
FldObj_CliffWhiteWaterFall_A_01
0
-0.7999998
0
3086.883
115.3996
3382.327
1.0
FldObj_CliffWhiteWall_A_04_Far
-0.07754402
-0.1576409
0.05845162
3538.173
326.7273
3312.289
1.0
FldObj_RockBeach_A_S_01_Far
0
-3.000001
0
3174.739
103.7697
3807.094
1.0
FldObj_RockBeach_A_L_01_Far.001
-0.196161
-0.4351335
0.05458719
3433.165
107.9541
3062.814
1.0
LinkTagOr
0
1.60159
0
3024.39
110.1149
3653.728
1.0
EventTag
0
0.3672664
0
3436.895
119.6766
3316.275
1.0
FldObj_RockBeachWall_A_02_Far.001
-0.3827498
-0.1474958
0.1378513
3285.129
131.4596
3503.41
1.0
LinkTagAnd
0
0
0
3438.33
220.6002
3120.926
1.0
LinkTagAnd
0
0.4014257
0
3436.303
133.538
3318.17
1.0
Item_Fruit_H
-1.570796
-1.160461
3.141593
3126.273
116.4341
3636.438
1.0
LinkTagAnd
0
0
0
3424.58
122.89
3324.04
1.0
Obj_RockSetGray_A_L_01
0.4134223
0.01904438
-0.05109534
3264.984
268.9373
3195.779
1.0
DestinationAnchor
0
-2.96706
0
3443.5
115
3348.4
1.0
LinkTagNAnd
0
-0.42
0
3079.608
109.3236
3707.162
1.0
Obj_TreePalmBeach_A_02.002
0
-0.9
0
3006.006
106.4274
3481.914
1.0
Item_Fruit_H
-2.981593
0.1592259
3.141593
3185.901
115.6989
3568.946
1.0
Obj_Mineral_A_01
-0.02741295
0.005602744
0.4031895
3299.296
155.977
3425.681
1.0
FldObj_CliffWhiteLumpRock_A_01.002
-0.2828911
-0.43944
0.02569246
3051.739
115.6448
3420.407
1.0
Item_Fruit_G
-0.5599999
0
0
3037.626
118.2965
3452.83
1.0
SwitchTimeLag
-1.570796
0
0
3438.33
221.6002
3120.926
0.5
LookTag
0
0.4014257
0
3440.802
119.6766
3325.48
1.0
Item_Fruit_G
-0.5599999
-0.9231857
0
3024.585
118.0799
3604.572
1.0
Obj_Plant_Korok_A_01.001
0
2.721593
0
3082.657
106.3236
3705.238
1.0
FldObj_CliffWhiteWallCurve_A_01_Far
0
1.52
0
3241.919
170.2792
3407.436
1.0
LinkTagAnd
0
0
0
3427.66
122.73
3328.45
1.0
FldObj_CliffWhiteWall_A_05_Far.001
2.752036
0.5687134
-3.013899
3535.036
197.8275
3230.85
0.9
DgnObj_EntranceElevatorSP
0
0.4014257
0
3436.895
120.6767
3316.275
1.0
Item_Fruit_G
-0.5599999
0
0
3420.354
125.2253
3448.83
1.0
ActorObserverTag
0
0
0
3064.973
103.6143
3909.025
1.0
Area
0
-2.985186
0
3363.411
287.2609
3216.839
2
FldObj_CliffWhiteScaffold_A_01.003
-0.07761145
-0.4470865
-0.009927327
3530.627
294.9797
3333.96
1.0
AnchorAction2
0
-2.409135
0
2897.383
112.4405
3411.896
1.0
FldObj_CliffWhiteWall_A_05.001
2.752036
0.5687134
-3.013899
3535.036
197.8275
3230.85
0.9
Item_Fruit_H
-2.356194
0.1592259
3.141593
3185.927
115.4696
3568.898
1.0
Item_Fruit_G
1.227858
-1.352787
-1.877352
3763.797
117.8489
3693.804
1.0
FldObj_CliffWhiteScaffold_A_01_Far.001
0
2.399999
0
3535.003
294.9257
3205.245
0.9
FldObj_RockBeach_A_L_01.003
3.096926
-0.8225438
3.079051
3339.369
104.9307
3537.844
1.0
Obj_TreePalmBeach_A_02.003
0
0.46
0
3541.672
105.9687
3455.632
1.0
FldObj_EnemyBaseRiverside_A_01
0
2.72
0
3318.52
106.8854
3906.467
1.0
FldObj_RockBeach_A_M_01_Far.001
-3.019804
-1.078008
3.017046
3367.293
107.0787
3529.779
1.0
LinkTagOr
0
-1.981131
0
3128.435
115.1728
3638.889
1.0
BarrelBomb2
2.588131
-1.445578
-2.61271
3362.426
278.6091
3235.461
1.0
WildHorseCreateTag02
0
0
0
3173.153
112.7533
3656.435
1.0
LinkTagAnd
0
0
0
3796.114
108.7936
3618.895
1.0
Enemy_Bokoblin_Guard_Junior
0
-0.3671924
0
3358.33
287.5528
3264.867
1.0
Obj_TreeBananaMini_A_01
0
-0.7077139
0
3169.684
116.6529
3622.597
1.0
LinkTagAnd
0
0
0
3656.745
347.6351
3307.579
1.0
TBox_Field_Iron
-0.001161639
0.1191552
0.0005819543
3015.732
100.815
3896.531
1.0
LinkTagNone
0
0
0
3328.557
107.5863
3910.969
1.0
LinkTagOr
0
0
0
3190.613
112.54
3518.539
1.0
FldObj_CliffWhiteWaterFall_A_01_Far
0
-0.7999998
0
3086.883
115.3996
3382.327
1.0
Rope
0
-1.676189
0
3361.367
292.889
3235.878
1.0
Area
0
0
0
3289.577
168.2237
3342.793
1.0
Area
0
0.2799999
0
3434.794
126.0766
3325.975
40
FldObj_RockBeach_A_L_01_Far.002
-0.14
1.42
0
3023.199
104.3898
3520.198
0.8
LinkTagNone
0
0
0
3082.313
270.2338
3159.167
1.0
FldObj_CliffWhiteScaffold_A_01_Far.002
-0.07761145
-0.4470865
-0.009927327
3530.627
294.9797
3333.96
1.0
FldObj_CliffWhiteWall_A_02_Far
-1.596308
1.526446
-1.138322
3270.021
170.9615
3013.377
1.0
LinkTagAnd
0
0
0
3437.228
126.9574
3316.458
1.0
Enemy_Bokoblin_Middle
0
-2.76
0
3089.359
268.3239
3149.875
1.0
FldObj_RockBeach_A_L_01_Far.003
2.672719
-1.170552
-2.798709
2879.969
100.5047
3759.575
1.0
SwitchTimeLag
0
0
0
3440.73
123.98
3325.36
1.0
FldObj_CliffWhiteParts_A_06.001
-2.523473
1.022659
-2.875666
3627.272
147.9842
3234.485
1.1
FldObj_RockBeach_A_M_01.003
2.899681
1.041362
2.861663
3563.29
108.9731
3399.662
1.0
LinkTagAnd
0
0
0
3079.715
113.9302
3643.24
1.0
LinkTagAnd
0
-2.339996
0
3059.08
111.9438
3656.901
1.0
FldObj_CliffWhiteWall_A_02_Far.001
-0.16
1.34
0
3391.694
172.1222
3320.284
1.0
Obj_TreeBananaMini_A_01.001
0
2.982367
0
3185.779
113.9496
3569.163
1.0
FldObj_RockBeach_A_S_01
0
2.563185
0
3227.067
103.7697
3918.586
1.0
BarrelBomb2
-2.992888
-1.462393
3.024351
3360.916
278.6745
3244.886
1.0
LinkTagAnd
-2.95315
-0.8365069
3.111532
3639.835
329.3668
3257.539
1.0
FldObj_CliffWhiteParts_A_06.002
0
-0.7
0
3068.392
115.7054
3369.325
1.0
Enemy_Bokoblin_Senior
0
-1.327124
0
3371.163
278.641
3240.222
1.0
LinkTagOr
0
0.16
0
3311.979
109.1418
3776.029
1.0
FldObj_CliffWhite_A_04_Far
0
0
0
3494.911
314.1522
3308.768
1.0
LinkTagAnd
0
0
0
3082.657
107.5236
3705.238
1.0
EnemyLookTag
0
-1.327124
0
3366.311
278.6226
3241.429
1.0
Item_Fruit_H
0.7853982
-0.7077139
0
3169.419
118.1729
3622.746
1.0
FldObj_RockBeach_A_M_03
0.6395053
0.04375436
1.512948
3367.688
100.31
3554.151
1.0
Area
0
-0.42
0
3082.657
107.5236
3705.238
2
Item_Fruit_G
-0.5599999
0.7799999
0
3563.591
117.8058
3865.741
1.0
LinkTagOr
0
1.72
0
3372.013
109.8141
3516.738
1.0
DestinationAnchor
0
3.019419
0
3440.958
120.6766
3322.01
1.0
FldObj_RockBeach_A_L_01_Far.004
-0.4234348
-0.3995227
0.1228589
3392.417
108.461
3055.437
1.0
FldObj_RockBeach_A_L_01.004
0.6212872
-1.425889
-0.78541
3304.092
106.5981
3594.661
1.0
SwitchTimeLag
-1.570796
-0.42
0
3081.842
109.3236
3707.064
0.5
AnchorSleep
0
-1.319999
0
2906.912
114.7555
3400.213
1.0
FldObj_RockBeach_A_L_01.005
0.02076943
-1.019363
-0.1171001
3361.107
104.5126
3513.397
1.0
FldObj_CliffWhiteWall_A_06_Far
-0.09580456
0.1798401
-0.1871732
3493.263
198.9823
3302.954
1.2
LinkTagAnd
0
-1.836449
0
3656.596
362.8364
3306.283
0.6
Item_Fruit_G
2.792871
-0.5019495
-2.021423
3507.349
120.3972
3402.403
1.0
LinkTagOr
0
0
0
3290.077
178.3
3338.792
1.0
LinkTagOr
0
-0.02003501
0
3071.124
111.7577
3654.336
1.0
LinkTagNAnd
0
1.639936
0
3368.627
278.664
3242.241
1.0
FldObj_RockBeachWall_A_02_Far.002
-0.555173
-0.4363408
0.1300646
3176.058
122.7228
3475.164
1.0
TBox_Field_Iron
-0.00115464
-0.0007420254
0.0006242706
3017.38
100.819
3900.455
1.0
FldObj_RockBeachWall_A_01
-1.522753
0.1561115
-0.03520323
3591.146
92.65552
3376.723
0.8
FldObj_CliffWhiteLumpRock_A_01.003
2.721592
1.459999
3.141593
3231.617
228.9333
3105.102
1.0
Enemy_Lizalfos_Junior
0
1.149204
0
3328.557
107.5863
3910.969
1.0
LinkTagAnd
0
-1.100004
0
3366.881
112.4
3653.092
1.0
Item_Fruit_H
0.1599999
-0.7077139
0
3169.466
118.4023
3622.719
1.0
Obj_TreePalmBeach_A_02.004
0
1.72
0
3366.688
109.8141
3515.997
1.0
LinkTagAnd
0
0
0
3441.89
127.52
3367.52
1.0
Npc_HiddenKorokFly
0
-1.100004
0
3367.108
109.9
3653.537
1.0
FldObj_CliffWhiteParts_A_01
-0.3940606
0.6216648
-0.113616
3316.33
145.1486
3444.562
1.0
PosAfterDemoSkip
0
-2.740167
0
3439.485
120.6766
3322.635
1.0
Item_Fruit_G
-0.5599999
0.28
0
3472.695
119.198
3489.915
1.0
Obj_TreePalmBeach_A_02.005
0
-0.04
0
3469.855
108.4576
3859.393
1.0
Enemy_Bokoblin_Middle
0
2.861667
0
3364.929
278.6227
3246.234
1.0
LinkTagAnd
0
-1.501657
0
3364.134
298.6531
3234.316
1.0
FldObj_CliffWhiteWall_A_04.001
-0.186119
-0.2557045
0.04758978
3166.257
155.8217
3434.818
1.0
LinkTagPulse
-2.95315
-0.8365069
3.111532
3639.006
327.8194
3258.854
0.25
FldObj_CliffWhiteParts_A_03
0
0
0
3489.349
159.2155
3326.492
1.2
DgnObj_WarpPoint_A_01
0
-1.836449
0
3649.259
350.2994
3305.841
1.0
LinkTagOr
0
-0.7077139
0
3172.468
116.7103
3621.402
1.0
EventTag
0
-0.1221731
0
3441.08
120.6766
3321.017
1.0
LinkTagOr
0
0
0
3687.446
107.7763
3807.154
1.0
Npc_HiddenKorokGround
0
-1.861591
0
3441.938
216.0831
3121.876
1.0
FldObj_RockBeach_A_L_01.006
-0.196161
-0.4351335
0.05458719
3433.165
107.9541
3062.814
1.0
DestinationAnchor
0
-2.181662
0
3455.1
115
3344.2
1.0
SwitchTimeLag
-1.570796
0.8000002
0
3094.728
115.0526
3660.906
0.5
LinkTagAnd
0
0
0
3049.891
100.7584
3885.398
1.0
Item_Fruit_G
-2.614105
0.0726209
-2.228791
3355.047
118.6745
3849.641
1.0
Item_Fruit_G
-0.68
-0.8021466
0
3072.339
123.4107
3655.676
1.0
FldObj_CliffWhiteScaffold_A_01_Far.003
0
-0.3570796
0
3291.367
205.439
3327.585
1.0
Npc_HiddenKorokGround
0
0
0
3796.614
106.2936
3618.895
1.0
Obj_Mineral_B_01
0.2739913
0.6142406
-0.4011978
3267.004
156.105
3388.058
1.0
Area
0
-0.3671924
0
3358.33
289.4652
3264.867
2
FldObj_CliffWhiteWall_A_02_Far.002
-0.16
-1.32
0
3116.146
154.9582
3393.411
1.0
Obj_TreeBananaMini_A_01.002
0
-1.981131
0
3126.476
115.1154
3636.577
1.0
FldObj_CliffWhiteLumpRock_A_01.004
-2.768267
-0.8011062
-3.131295
3238.04
196.3
3049.11
1.0
LinkTagAnd
0
0.4014257
0
3438.984
120.6766
3320.778
1.0
FldObj_RockBeach_A_M_01_Far.002
0
-1.26
0
3694.148
103.6683
3337.489
1.0
FldObj_CliffWhiteWall_A_02.002
-1.596308
1.526446
-1.138322
3270.021
170.9615
3013.377
1.0
FldObj_RockBeachWall_A_02_Far.003
-0.5475954
-0.2478921
0.2113889
3128.195
118.7736
3477.256
0.9
BarrelBomb2
-2.912689
-1.4581
2.907434
3366.309
278.678
3241.437
1.0
Obj_TreePalmBeach_A_02.006
0
0
0
3688.97
107.7763
3801.999
1.0
Item_Fruit_G
2.581593
1.201236
3.141593
3262.692
123.2529
3598.957
1.0
LinkTagOr
0
-0.9
0
3001.02
106.4274
3483.925
1.0
Obj_LiftRockWhite_Korok_A_01
0
0
0
3438.33
216.3377
3120.926
1.0
BattleBgmRequestFinishTag
0
1.639936
0
3367.991
298.5995
3230.369
1.0
Area
0
-0.5200518
0
3656.745
347.6351
3307.579
25
Enemy_Bokoblin_Guard_Junior
0
-2.985186
0
3363.411
285.3484
3216.839
1.0
LocationTag
0
0
0
3462.3
103.8041
3378.536
1.0
FldObj_CliffWhiteParts_A_01.001
-0.01010401
0.7240472
0.1878873
3238.074
129.5345
3461.566
1.2
FldObj_CliffWhiteWall_A_01.001
-0.05986766
0.1000359
0.001205226
3380.006
275.4904
3284.446
1.0
Item_Fruit_G
-0.5599999
-0.28
0
3445.096
127.1445
3417.174
1.0
ActorObserverTag
0
0
0
3439.33
218.5377
3120.926
1.0
FldObj_CliffWhiteScaffold_A_01_Far.004
-3.065283
1.341608
3.137779
3642.682
228.9275
3275.572
1.0
Enemy_Bokoblin_Guard_Junior
0
-2.199788
0
3347.089
283.8177
3226.826
1.0
Obj_TreePalmBeach_A_02.007
0
-2.22
0
3769.119
106.2037
3697.55
1.0
FldObj_CliffWhiteParts_A_06_Far
-2.523473
1.022659
-2.875666
3627.272
147.9842
3234.485
1.1
FldObj_CliffWhiteWall_A_05_Far.002
-0.3132882
-0.03887453
0.1374764
3542.852
211.2328
3269.679
0.85
FldObj_CliffWhiteParts_A_06_Far.001
0
1.241592
0
3409.28
111.3578
3362.643
1.2
FldObj_RockBeach_A_M_01.004
0
-2.76
0
2927.397
100.3867
3767.347
1.0
FldObj_CliffWhiteLumpRock_A_01.005
3.051184
0.3446924
2.991775
3070.811
118.4573
3422.415
1.0
LinkTagAnd
0
1.639936
0
3368.723
278.633
3236.774
1.0
FldObj_CliffWhiteWall_A_02.003
-0.5
1.52
0
3126.03
276.2991
3116.241
1.2
DgnObj_DungeonEntrance_A_01_Far
0
-1.836449
0
3658.132
349.3364
3308.255
1.0
FldObj_RockBeachWall_A_06
-0.3029462
0.6588309
0.08589378
3337.196
112.3457
3509.424
1.0
LookTag
0
-1.836449
0
3648
349.3364
3305.499
1.0
Item_Fruit_H
1.570796
-0.7077139
0
3169.491
117.9716
3622.75
1.0
LinkTagOr
0
0.46
0
3542.595
105.9687
3460.928
1.0
Area
0
-1.759999
0
3027.251
109.2869
3653.854
2
FldObj_CliffWhiteLumpRock_A_01.006
-0.391588
-0.3432511
-0.003904968
3089.963
117.0542
3429.54
1.0
FldObj_CliffWhiteWall_A_05.002
-0.3132882
-0.03887453
0.1374764
3542.852
211.2328
3269.679
0.85
LinkTagAnd
0
-0.42
0
3078.492
115.7302
3645.979
1.0
DgnObj_EntranceTerminalSP
0
-0.1221731
0
3441.08
120.6767
3321.017
1.0
Npc_HiddenKorokGround
0
0
0
3175.443
309.289
3204.03
1.0
FldObj_EnemyBaseRiverside_A_01_Far
0
2.72
0
3318.52
106.8854
3906.467
1.0
Enemy_Bokoblin_Middle
0
0
0
3721.5
105.9531
3815
1.0
LinkTagOr
0
-2.22
0
3765.934
106.2038
3693.219
1.0
Item_Fruit_G
-0.68
-0.6221116
0
3313.415
120.7948
3777.129
1.0
Enemy_Bokoblin_Middle
0
1.814469
0
3361.458
278.6139
3242.635
1.0
FldObj_CliffWhiteSet_A_01
0
-0.22
0
3174.092
277.9836
3196.377
1.0
FldObj_CliffWhiteScaffold_A_01.004
-0.07761145
-0.4470865
-0.009927327
3597.46
187.7036
3329.987
1.0
FldObj_HangedLamp_A
0
-1.676189
0
3360.315
287.7816
3245.823
1.0
FldObj_RockBeach_A_M_01_Far.003
0
1.559025
-0.03928751
3016.302
105.4839
3551.042
0.8
Area
0
0.8000002
0
3093.293
113.2526
3659.513
2
FldObj_SkullRock_A_01
0
-1.676189
0
3367.305
278.6316
3241.534
1.0
PlayerOnScaffoldCheckTag
0
1.639936
0
3375.467
285.6414
3245.981
1.0
ForceSetPosDirAutoSaveAnchor
0
1.305143
0
3651.533
350.3364
3306.356
1.0
FldObj_CliffWhite_A_03_Far
0
-1.883185
0
3132.583
282.3522
3291.938
0.9
LinkTagOr
0
0.7799999
0
3561.387
105.9516
3865.807
1.0
ActorObserverTag
0
0
0
3437.33
218.5377
3120.926
1.0
Area
0
0.3672664
0
3437.228
126.9574
3316.458
25
FldObj_RockBeach_A_L_01_Far.005
0.02076943
-1.019363
-0.1171001
3361.107
104.5126
3513.397
1.0
FldObj_CliffWhiteWall_A_05_Far.003
0
0
0
3159.345
271.8548
3314.569
1.0
FldObj_RockBeach_A_M_01.005
0
-0.6799999
0
3410.515
104.0224
3004.947
1.0
LinkTagAnd
0
-1.836449
0
3652.736
350.3364
3305.233
0.3
FldObj_CliffWhiteWall_A_02_Far.003
2.92913
0.7345148
2.924052
3610.269
268.4565
3236.393
1.2
Obj_TreeBananaMini_A_01.003
0
-1.622062
0
3139.445
114.8654
3562.062
1.0
LinkTagNAnd
0
-2.339996
0
3060.471
111.9438
3655.464
1.0
Obj_TreePalmBeach_A_02.008
0
-2.339999
0
3788.651
105.8756
3644.866
1.0
FldObj_RockBeach_A_M_01.006
-3.019804
-1.078008
3.017046
3367.293
107.0787
3529.779
1.0
FldObj_RockBeach_A_S_01.001
0
2.920001
0
2959.575
103.7697
3753.695
1.0
Obj_LiftRockWhite_A_01
0
0
0
3796.614
106.1936
3618.895
1.0
Obj_TreePalmBeach_A_02.009
0
0.16
0
3312.663
109.1418
3770.696
1.0
Area
-2.95315
-0.8365069
3.111532
3639.676
327.7993
3258.111
3
Enemy_Bokoblin_Senior
0
-2.374321
0
3369.781
278.6042
3245.028
1.0
TBox_Field_Enemy
0
-1.501657
0
3375.893
283.6814
3240.939
1.0
GrassCutTag
0
-1.327124
0
3366.311
278.6226
3241.429
1.0
Obj_RockSetGray_A_L_01.001
0.132645
0.07974409
-0.08011062
3221.43
171.285
3042.87
1.0
FldObj_SouthCape_A_01_Far
0
1.28
0
3584.729
340.9024
3291.274
1.0
LinkTagNAnd
0
-1.836449
0
3655.808
362.8364
3309.177
0.6
Item_Fruit_G
-0.5599999
0
0
3192.226
124.3941
3520.042
1.0
LinkTagAnd
0
-1.861591
0
3442.082
218.5831
3121.397
1.0
Enemy_Bokoblin_Middle
0
0
0
3697.016
107.6523
3800.094
1.0
FldObj_CliffWhiteScaffold_A_01.005
0.1573076
-0.4410193
-0.07659
3567.885
230.1057
3344.134
0.9
LinkTagOr
0
-0.42
0
3082.657
109.3236
3705.238
1.0
FldObj_RockBeach_A_S_01.002
0
-3.000001
0
3174.739
103.7697
3807.094
1.0
FldObj_CliffWhiteTunnel_A_01_Far
3.01328
0.2714626
3.084373
3291.938
189.4484
3288.001
1.0
FldObj_CliffWhiteScaffold_A_01_Far.005
-0.07761145
-0.4470865
-0.009927327
3597.46
187.7036
3329.987
1.0
Obj_TreePalmBeach_A_02.010
0
-0.6031849
0
3052.17
124.8939
3408.731
1.0
Obj_TreePalmBeach_A_02.011
0
-0.02003501
0
3072.751
111.7577
3649.212
1.0
FldObj_CliffWhiteScaffold_A_01.006
0
2.399999
0
3535.003
294.9257
3205.245
0.9
AnchorAction4
0
-1.878408
0
3237.161
128.8066
3495.463
1.0
LinkTagOr
0
0.28
0
3470.729
107.3438
3488.917
1.0
FldObj_CliffWhiteWall_A_02.004
-0.16
-1.32
0
3116.146
154.9582
3393.411
1.0
FldObj_CliffWhite_A_S_01_Far
1.609687
-1.211746
-1.630661
3306.695
147.9682
3478.607
1.0
FldObj_CliffWhiteParts_A_03_Far
-0.3055685
-0.1550913
-0.0936377
3389.12
100.5253
3453.376
1.2
Obj_TreePalmBeach_A_02.012
0
0.9
0
3502.109
108.7774
3399.109
1.0
LinkTagAnd
0
0
0
3455.24
123.09
3343.08
1.0
FldObj_RockBeachWall_A_02.001
-0.5477019
0.8384415
-0.06992716
3629.172
120.2642
3324.654
1.2
DgnObj_DungeonEntranceSP_Far
0
0.4014257
0
3436.895
119.6766
3316.275
1.0
FldObj_RockBeachWall_A_02_Far.004
-0.5477019
0.8384415
-0.06992716
3629.172
120.2642
3324.654
1.2
Obj_TreePalmBeach_A_02.013
0
-0.4567024
0
3058.709
108.5662
3649.19
1.0
ActorObserverTag
0
0
0
3060.981
103.6143
3909.025
1.0
LinkTagAnd
2.915926
-0.8152503
-1.771707
3638.336
327.8395
3259.596
1.0
LinkTagOr
0
-0.9231857
0
3024.811
106.2258
3602.379
1.0
Obj_Plant_Korok_A_01.002
0
0.8015965
0
3061.236
108.9438
3658.987
1.0
FldObj_HangedLamp_A.001
0
-1.676189
0
3361.367
288.889
3235.878
1.0
FldObj_RockBeach_A_S_01_Far.001
-3.081592
-0.6984081
-3.141592
2851.204
103.0822
3953.642
1.0
FldObj_CliffWhiteEdgeParts_A_04_Far
3.01484
0.3199288
-3.036227
3405.082
283.602
3200.609
1.0
Obj_TreePalmBeach_A_02.014
0
0
0
3079.667
106.2235
3709.529
1.0
FldObj_CliffWhiteLumpRock_A_01.007
-2.77996
0.4555309
2.928837
3194
199.5
3041
1.0
LinkTagAnd
0
1.60159
0
3024.421
110.1149
3654.727
1.0
LinkTagAnd
0
0
0
3462.3
103.8041
3378.536
1.0
ForceSetPosDirAutoSaveAnchor
0
-2.740167
0
3439.485
120.6766
3322.635
1.0
FldObj_CliffWhiteWall_A_01.002
-3.114954
0.3155866
-2.820923
3501.803
304.2418
3231.772
1.1
LinkTagOr
0
0.9
0
3505.2
108.7774
3403.508
1.0
FldObj_CliffWhiteParts_A_01.002
0
-0.3799996
0
3514.768
109.0567
3348.09
1.2
Obj_Mineral_A_01.001
0.6222851
0.00463349
-0.03884019
3277.75
151.433
3384.976
1.0
FldObj_SkullRock_A_01_Far
0
-1.676189
0
3367.305
278.6316
3241.534
1.0
Item_Fruit_G
1.816449
-0.652779
-1.455607
3372.671
121.4339
3514.413
1.0
FldObj_RockBeach_A_L_01.007
-0.4234348
-0.3995227
0.1228589
3392.417
108.461
3055.437
1.0
EventTag
0
-2.360048
0
3651.817
350.3364
3308.61
0.6
LinkTagNone
0
0
0
3267.004
156.105
3388.058
1.0
FldObj_CliffWhiteWall_A_05_Far.004
2.941593
0.1215933
3.141593
3386.268
217.8443
3177.83
1.0
AnchorAction1
0
-3.141593
0
3447.14
114.3114
3344.1
1.0
FldObj_RockBeachWall_A_02.002
-0.18
0
0
3576.312
128.0844
3363.792
1.0
FldObj_RockBeachWall_A_01_Far
2.516216
0.3316325
3.069396
3381.163
125.7525
3088.894
1.0
Area
0
0
0
3462.3
103.8041
3378.536
100
Item_Fruit_G
-0.5599999
-0.9
0
3000.846
118.2816
3486.123
1.0
FldObj_RockBeach_A_S_01.003
0
-1.46
0
3936.271
96.30386
3438.042
1.0
LinkTagOr
0
1.940357
0
3261.873
111.3987
3601.004
1.0
FldObj_CliffWhiteEdgeParts_A_04
3.01484
0.3199288
-3.036227
3405.082
283.602
3200.609
1.0
LinkTagNOr
0
1.639936
0
3375.371
278.6445
3248.528
1.0
Item_Fruit_G
-0.5599999
-0.4567024
0
3055.852
120.4203
3655.206
1.0
Obj_TreePalmBeach_A_02.015
0
-0.1184052
0
3355.102
107.0547
3843.453
1.0
LinkTagAnd
0
0
0
3061.236
110.1438
3658.987
1.0
FldObj_RockBeach_A_M_01_Far.004
0
-2.04
0
3316.959
105.3135
3644.494
1.0
EnemyLookTag
0
1.149204
0
3332.171
107.5198
3912.589
1.0
AnchorAction5
0
-1.878407
0
3237.162
128.8066
3495.463
1.0
Obj_Plant_Korok_A_01.003
0
2.721593
0
3079.715
112.7302
3643.24
1.0
PlayerOnScaffoldCheckTag
0
-0.3671924
0
3353.663
289.4652
3263.073
1.0
LinkTagOr
0
-0.28
0
3443.961
115.2904
3415.284
1.0
Obj_Plant_Korok_A_01.004
0
1.381594
0
3027.251
108.087
3653.854
1.0
LinkTagOr
0
0
0
3797.114
108.7936
3618.895
1.0
Area
0
3.063185
0
3170.729
102.9107
3820.328
1.0
FldObj_RockBeach_A_L_01.008
2.774094
-1.200417
-2.923173
3328.632
106.3408
3585.556
1.0
LinkTagAnd
0
0
0
3093.293
113.2526
3659.513
1.0
DgnObj_RemainsLithograph_A_01
0
0.4014257
0
3455.121
114
3344.132
1.0
LinkTagNone
0
0
0
3175.598
106.4629
3726.438
1.0
FldObj_RockBeachWall_A_01.001
2.516216
0.3316325
3.069396
3381.163
125.7525
3088.894
1.0
LinkTagOr
0
-0.1184052
0
3352.979
107.0547
3848.392
1.0
FldObj_CliffWhiteWall_A_01_Far.001
-0.05986766
0.1000359
0.001205226
3380.006
275.4904
3284.446
1.0
FldObj_RockBeach_A_S_01_Far.002
0
2.920001
0
2959.575
103.7697
3753.695
1.0
LinkTagAnd
0
0.4014257
0
3438.984
120.6766
3320.778
1.0
Enemy_Bokoblin_Senior
0
-0.2799259
0
3367.692
278.5989
3236.624
1.0
FldObj_RockBeach_A_S_01_Far.003
0
-1.46
0
3936.271
96.30386
3438.042
1.0
FldObj_CliffWhiteWall_A_04_Far.001
0.12
0.05999999
0
3441.381
218.3279
3288.489
1.0
LookTag
0
-2.025255
0
3374.3
285.4414
3240.161
1.0
Rope
0
-1.676189
0
3360.315
291.7816
3245.823
1.0
FldObj_CliffWhiteScaffold_A_01_Far.006
2.873822
1.109033
3.060807
3616.198
179.9641
3193.469
1.0
FldObj_CliffWhiteScaffold_A_01_Far.007
3.030244
0.6897132
-3.064779
3393.565
142.2041
3426.745
1.1
FldObj_RockBeach_A_M_01_Far.005
2.899681
1.041362
2.861663
3563.29
108.9731
3399.662
1.0
Item_Fruit_G
-2.707707
0
-2.232194
3689.646
119.3961
3808.15
1.0
FldObj_RockBeachWall_A_01.002
1.291612
-1.024578
-2.950743
3687.299
84.81909
3398.234
1.0
Obj_TreeBananaMini_A_01.004
0
2.801415
0
3261.689
111.265
3594.389
1.0
FldObj_CliffWhiteWall_A_01.003
3.133613
0.2919411
-2.909291
3544.289
321.815
3241.814
1.1
FldObj_RockBeachWall_A_01_Far.001
-1.522753
0.1561115
-0.03520323
3591.146
92.65552
3376.723
0.8
FldObj_WaterFallBottom_A_02_Far
0
-0.7999996
0
3074.1
123.8978
3390.795
1.15
FldObj_CliffWhiteScaffold_A_01_Far.008
0
2.14
0
3636.584
326.7054
3261.078
1.0
DgnObj_EntranceShutterSP
0
0.4014257
0
3438.379
120.6767
3319.773
1.0
LinkTagOr
0
-1.100004
0
3367.335
112.4
3653.983
1.0
FldObj_CliffWhiteWall_A_01.004
0.02990484
-0.08517029
0.2956741
3465.895
303.239
3296.317
1.0
Item_Fruit_G
-0.5599999
0.46
0
3544.708
117.8229
3461.559
1.0
LinkTagAnd
0
0
0
3438.33
221.6002
3120.926
1.0
Obj_RockSetWhite_A_L_01_Far
1.410253
-0.9632589
-1.374269
3049.422
264.4724
3165.051
1.0
Item_Fruit_G
-0.3710097
0.5112492
-1.130984
3763.81
117.8235
3694.37
1.0
FldObj_WaterFallBottom_A_02
0
-0.7999996
0
3074.1
123.8978
3390.795
1.15
FldObj_CliffWhiteScaffold_A_01.007
2.604351E-09
0
0.09999999
3627.132
335.9384
3347.975
1.0
FldObj_CliffWhiteWallCurve_A_01_Far.001
0
-0.8199999
0
3303.445
170.2792
3392.996
1.0
AnchorAction3
0
-1.358408
0
3387.763
142.1091
3434.568
1.0
FldObj_CliffWhiteScaffold_A_01.008
-3.065283
1.341608
3.137779
3642.682
228.9275
3275.572
1.0
LinkTagNAnd
0
-0.42
0
3076.666
115.7302
3645.164
1.0
FldObj_RockBeachWall_A_06_Far
-0.3029462
0.6588309
0.08589378
3337.196
112.3457
3509.424
1.0
FldObj_RockBeachWall_A_02.003
-0.555173
-0.4363408
0.1300646
3176.058
122.7228
3475.164
1.0
Obj_TreePalmBeach_A_02.016
0
0
0
3420.266
113.3712
3442.171
1.0
FldObj_CliffWhiteWall_A_04.002
0.12
0.05999999
0
3441.381
218.3279
3288.489
1.0
KorokAnswerResponce
0
0
0
3435.83
219.6002
3120.926
1.0
Enemy_Bokoblin_Guard_Junior
0
-1.152591
0
3344.459
285.5301
3251.687
1.0
FldObj_CliffWhiteWallCurve_A_01_Far.002
0
1.22
0
3355.071
140.7632
3460.267
1.0
LinkTagAnd
0
0
0
3443.1
123.26
3348.1
1.0
LinkTagAnd
0
0
0
3656.745
347.6351
3307.579
1.0
DungeonBird_test
-0.02986113
-1.530727
0.06972109
3654.132
348.1935
3308.943
1.0
Obj_TreePalmBeach_A_02.017
0
0
0
3037.538
106.4423
3446.172
1.0
LinkTagAnd
0
0
0
3442.6
124.9
3329.75
1.0
LinkTagOr
0
0.8000002
0
3093.293
115.0526
3659.513
1.0
DestinationAnchor
0
0.7815447
0
3651.113
350.3364
3307.9
1.0
FldObj_CliffWhiteWall_A_02_Far.004
2.901593
0.06159252
3.141593
3234.46
276.7367
3149.422
1.2
Obj_TreePalmBeach_A_02.018
0
0.7799999
0
3558.845
105.9516
3861.07
1.0
TBox_Field_Iron
-3.14082
0.7019083
-3.140535
3015.001
100.8177
3900.458
1.0
FldObj_CliffWhiteWall_A_03_Far
0.1589436
-0.08076084
0.009584743
3541.565
253.2488
3327.343
0.95
FldObj_CliffWhiteWall_A_03
0.1589436
-0.08076084
0.009584743
3541.565
253.2488
3327.343
0.95
Item_Fruit_H
-1.570796
-1.519531
3.141593
3139.206
116.1841
3562.003
1.0
Item_Fruit_G
-0.7857031
0.5489256
-0.2441324
3072.854
123.4028
3655.72
1.0
LinkTagAnd
0
-1.836449
0
3652.736
350.3364
3305.233
0.3
FldObj_RockBeach_A_L_01_Far.006
2.906035
-0.7160122
-3.078956
2907.835
101.7205
3728.868
1.0
SwitchTimeLag
-1.570796
-0.42
0
3078.9
115.7302
3645.066
0.5
TBox_Field_Iron
-3.0715
-0.118625
-2.688352
3481.179
106.2366
3766.808
1.0
FldObj_CliffWhiteParts_A_06_Far.002
0
-1.8
0
3296.443
134.7849
3447.463
1.0
FldObj_CliffWhiteWall_A_06
-0.09580456
0.1798401
-0.1871732
3493.263
198.9823
3302.954
1.2
Obj_LiftRockWhite_A_01.001
0
0
0
3404.852
219.8266
3111.903
1.0
PosAfterDemoSkip
0
1.305143
0
3651.533
350.3364
3306.356
1.0
LinkTagAnd
0
0
0
3437.228
126.9574
3316.458
1.0
FldObj_RockBeach_A_M_01_Far.006
-3.041593
-0.6815932
3.141593
3194.209
102.7653
3905.18
1.0
Item_Fruit_H
-2.981593
0.3401779
3.141593
3261.849
113.0144
3594.197
1.0
LinkTagOr
0
-2.339999
0
3786.008
105.8756
3640.185
1.0
LinkTagOr
0
0
0
3444.51
127.13
3334.22
1.0
DgnObj_EntranceShutter_A_01
0
-1.836449
0
3654.465
350.3365
3307.258
1.0
LinkTagAnd
0
0
0
3651.817
350.3365
3308.61
1.0
LinkTagOr
0
3.063185
0
3169.917
112.3854
3824.277
1.0
LocationTag
0
0
0
3656.745
347.6351
3307.579
1.0
TBox_Field_Iron
-0.000565941
-0.3599293
0.0008265611
3019.815
100.8179
3897.963
1.0
FldObj_CliffWhiteEdgeParts_A_04.001
0
-0.07999998
0
3304.918
280.6932
3289.889
1.0
Item_Fruit_G
-0.5599999
-0.04
0
3469.678
120.3118
3866.05
1.0
FldObj_CliffWhiteWall_A_01_Far.002
3.133613
0.2919411
-2.909291
3544.289
321.815
3241.814
1.1
LinkTagOr
-2.95315
-0.8365069
3.111532
3639.166
329.387
3258.281
1.0
LinkTagOr
0
-0.6031849
0
3047.99
124.8939
3412.112
1.0
Enemy_Lizalfos_Junior
0
0
0
3005.733
100.8194
3845.505
1.0
Area
0
1.639936
0
3375.122
285.6414
3240.993
2
LinkTagAnd
0
0
0
3027.251
109.2869
3653.854
1.0
Obj_TreePalmBeach_A_02.019
0
0.28
0
3470.77
107.3438
3483.541
1.0
Npc_HiddenKorokFly
0
0
0
3289.577
175.8
3338.793
1.0
BarrelBomb2
-3.053901
-1.432507
3.061134
3361.769
278.5839
3236.92
1.0
FldObj_CliffWhiteLumpRock_A_01.008
-0.4223188
0.2775972
-0.2600647
3403.75
121.0003
3417.168
1.0
FldObj_RockBeachWall_A_02.004
-0.4216919
-0.2588015
0.1614009
3228.34
126.629
3496.478
1.0
FldObj_RockBeach_A_M_01_Far.007
0
-2.62
0
3651.822
103.9993
3425.063
1.0
LinkTagOr
0
-0.42
0
3093.253
116.6059
3636.125
1.0
FldObj_CliffWhiteTunnel_A_01_Far.001
-3.071779
-0.5899213
2.670354
3239
192.9
3026.07
1.3
LinkTagOr
0
-1.622062
0
3142.091
114.9228
3563.538
1.0
DgnObj_WarpPointSP
0
0.4014257
0
3440.487
120.6396
3324.74
1.0
FldObj_CliffWhiteTunnel_A_01.001
3.01328
0.2714626
3.084373
3291.938
189.4484
3288.001
1.0
FldObj_CliffWhiteWall_A_02_Far.005
0
0.8799996
0
3352.959
169.8577
3382.639
1.0
LinkTagAnd
0
0
0
3462.3
103.8041
3378.536
1.0
FldObj_CliffWhiteWall_A_04_Far.002
-0.186119
-0.2557045
0.04758978
3166.257
155.8217
3434.818
1.0
FldObj_RockBeachWall_A_02_Far.005
-0.18
0
0
3576.312
128.0844
3363.792
1.0
LinkTagOr
0
0
0
3078.143
106.2235
3714.685
1.0
Area
0
-1.100004
0
3363.543
102.3237
3655.352
1.0
FldObj_CliffWhiteParts_A_06.003
-0.2199999
0.7
0
3323.231
136.136
3448.697
1.0
LinkTagNone
0
0
0
3307.585
107.5281
3901.563
1.0
AnchorAction1
0
-1.327124
0
3366.311
278.6226
3241.429
1.0
FldObj_RockBeach_A_L_01_Far.007
2.774094
-1.200417
-2.923173
3328.632
106.3408
3585.556
1.0
Area
0
-0.42
0
3079.715
113.9302
3643.24
2
FldObj_RockBeach_A_M_01_Far.008
0
-2.04
0
3371.373
105.3135
3588.545
1.0
Obj_SweepCollision
0
0.4014257
0
3436.504
134.6766
3315.355
1.0
FldObj_RockBeach_A_M_01.007
0
1.559025
-0.03928751
3016.302
105.4839
3551.042
0.8
Item_Fruit_G
-1.821522
1.345344
-1.174281
3507.349
120.4226
3402.969
1.0
FldObj_CliffWhiteSet_A_01_Far
0
-0.22
0
3174.092
277.9836
3196.377
1.0
FldObj_CliffWhiteParts_A_06_Far.003
-0.2199999
0.7
0
3323.231
136.136
3448.697
1.0
DgnObj_EntranceTerminal_A_01
0
-2.360048
0
3651.817
350.3365
3308.61
1.0
Item_Fruit_G
-0.8434536
0.7229039
-0.2785676
3313.929
120.7869
3777.08
1.0
FldObj_RockBeach_A_M_01.008
0
-1.26
0
3694.148
103.6683
3337.489
1.0
Obj_RockSetGray_A_L_01.002
2.885801
1.096267
-1.994135
3295.617
175.6147
3291.605
1.0
Item_Fruit_G
-0.68
0.9378883
0
3373.128
121.4671
3515.314
1.0
FldObj_RockBeach_A_M_01.009
0
-2.04
0
3316.959
105.3135
3644.494
1.0
Item_Fruit_H
-2.356194
0.3401779
3.141593
3261.883
112.785
3594.155
1.0
FldObj_RockBeach_A_S_01_Far.004
0
2.563185
0
3227.067
103.7697
3918.586
1.0
LinkTagAnd
0
0.8000002
0
3095.446
115.0526
3661.603
1.0
FldObj_RockBeach_A_L_01.009
2.672719
-1.170552
-2.798709
2879.969
100.5047
3759.575
1.0
FldObj_CliffWhiteWall_A_02.005
-0.16
1.34
0
3391.694
172.1222
3320.284
1.0
FldObj_CliffWhiteWall_A_05_Far.005
2.666928
0.0353756
-3.02644
3252.58
185.1242
3110.169
0.8
FldObj_CliffWhiteWall_A_05.003
-0.317101
-0.4096456
0.1703112
3036.219
269.9251
3244.575
1.0
FldObj_CliffWhiteParts_A_03_Far.001
0
0
0
3489.349
159.2155
3326.492
1.2
DgnObj_DungeonEntrance_A_01
0
-1.836449
0
3658.132
349.3364
3308.255
1.0
Obj_TreePalmBeach_A_02.020
0
1.940357
0
3256.515
111.3987
3601.444
1.0
LinkTagAnd
0.5676367
0.270813
-0.873912
3798.614
107.1936
3618.895
1.0
Npc_SouthernVillage014
0
1.570796
0
3439.86
114.8651
3344.2
1.0
FldObj_CliffWhiteParts_A_03.001
-0.3055685
-0.1550913
-0.0936377
3389.12
100.5253
3453.376
1.2
Enemy_Bokoblin_Middle
0
2.923186
0
3082.313
270.2338
3159.167
1.0
Area
0
-1.152591
0
3344.459
287.4425
3251.687
2
FX_CliffWhiteWaterFall_01
0
-0.7999998
0
3086.883
115.3996
3382.327
1.0
FldObj_RockBeach_A_L_01_Far.008
2.840029
-1.054601
-3.08184
3325.006
103.2812
3624.122
1.0
LinkTagNone
0
0
0
3017.377
100.8581
3900.454
1.0
FldObj_CliffWhiteWall_A_02.006
0
0.8799996
0
3352.959
169.8577
3382.639
1.0
FldObj_CliffWhiteParts_A_06_Far.004
-0.05999999
0.96
0
3331.95
135.3665
3418.779
1.0
Item_Fruit_H
-1.570796
0.3401779
3.141593
3261.815
112.5838
3594.176
1.0
FldObj_RockBeach_A_L_01_Far.009
0.6212872
-1.425889
-0.78541
3304.092
106.5981
3594.661
1.0
LinkTagNAnd
0
0.4014257
0
3438.533
133.0425
3317.252
1.0
Area
0
-2.339996
0
3061.236
110.1438
3658.987
2
FldObj_CliffWhiteWall_A_02_Far.006
-0.5
1.52
0
3126.03
276.2991
3116.241
1.2
FldObj_RockBeachWall_A_01_Far.002
1.291612
-1.024578
-2.950743
3687.299
84.81909
3398.234
1.0
PlayerOnScaffoldCheckTag
0
-2.199788
0
3350.031
285.7301
3222.783
1.0
Obj_TreePalmBeach_A_02.021
0
-0.28
0
3446.851
115.2904
3410.751
1.0
Item_Fruit_G
-2.834376
-0.09801336
-2.225973
3314.311
120.7616
3776.662
1.0
SwitchTimeLag
0
1.639936
0
3361.514
298.6316
3241.149
1.0
Item_Fruit_G
-0.7592938
0.453317
-0.2314301
3354.565
118.6999
3849.939
1.0
FldObj_CliffWhiteWall_A_05.004
2.941593
0.1215933
3.141593
3386.268
217.8443
3177.83
1.0
Item_Fruit_H
-2.981593
-1.519531
3.141593
3139.216
116.6147
3561.964
1.0
FldObj_RockBeach_A_S_01.004
-3.081592
-0.6984081
-3.141592
2851.204
103.0822
3953.642
1.0
FldObj_CliffWhiteWall_A_01_Far.003
0.02990484
-0.08517029
0.2956741
3465.895
303.239
3296.317
1.0
LinkTagAnd
0
-0.42
0
3081.434
109.3236
3707.978
1.0
FldObj_CliffWhite_A_04
0
0
0
3494.911
314.1522
3308.768
1.0
FldObj_CliffWhiteEdgeParts_A_04_Far.001
0
-0.07999998
0
3304.918
280.6932
3289.889
1.0
ActorObserverTag
0
0
0
3057.231
103.6143
3909.025
1.0
Item_Fruit_G
-0.6799999
-0.7821115
0
3688.688
119.4293
3808.469
1.0
FldObj_CliffWhiteWall_A_05.005
0
0
0
3159.345
271.8548
3314.569
1.0
FldObj_RockBeachWall_A_02.005
-0.3827498
-0.1474958
0.1378513
3285.129
131.4596
3503.41
1.0
LinkTagOr
0
2.801415
0
3259.521
111.3224
3596.504
1.0
FldObj_CliffWhiteParts_A_01.003
0
0
0
3387.962
127.4462
3380.234
1.0
LinkTagAnd
0
1.639936
0
3367.476
278.652
3247.549
1.0
FldObj_CliffWhiteWallCurve_A_01.002
0
1.22
0
3355.071
140.7632
3460.267
1.0
Item_Fruit_G
-2.691896
0.0123054
-2.232097
3073.304
123.3775
3655.376
1.0
Obj_RockSetWhite_A_L_01
1.410253
-0.9632589
-1.374269
3049.422
264.4724
3165.051
1.0
PlayerOnScaffoldCheckTag
0
-2.985186
0
3368.35
287.2609
3216.06
1.0
LinkTagAnd
0
0
0
3427.66
122.73
3328.45
1.0
Area
0
0
0
3438.33
216.9377
3120.926
1.0
DgnObj_EntranceElevator_A_01
0
-1.836449
0
3658.132
350.3365
3308.255
1.0
SwitchTimeLag
1.570796
-0.8015963
3.141593
3059.799
111.9438
3657.596
0.5
FldObj_CliffWhiteParts_A_06_Far.005
0
-0.7
0
3068.392
115.7054
3369.325
1.0
Item_Fruit_G
2.461593
-0.1394816
3.141593
3764.136
117.8568
3693.414
1.0
FldObj_CliffWhiteScaffold_A_01_Far.009
2.604351E-09
0
0.09999999
3627.132
335.9384
3347.975
1.0
Npc_HiddenKorokGround
0
1.60159
0
3024.405
107.6149
3654.227
1.0
FldObj_CliffWhiteScaffold_A_01.009
2.873822
1.109033
3.060807
3616.198
179.9641
3193.469
1.0
ConstraintDummy
0
-1.676189
0
3359.818
291.7816
3245.77
1.0
EventTag
0
-1.501657
0
3370.361
298.6257
3250.171
1.0
LinkTagOr
0
0
0
3418.741
113.3712
3447.327
1.0
FldObj_CliffWhiteParts_A_06.004
0
-1.8
0
3296.443
134.7849
3447.463
1.0
FldObj_RockBeach_A_M_01_Far.009
0
-2.76
0
2927.397
100.3867
3767.347
1.0
Enemy_Bokoblin_Middle
0
0.7672716
0
3362.84
278.6083
3237.83
1.0
FldObj_CliffWhiteLumpRock_A_01.009
1.819505
1.545869
2.377482
3131.483
252.799
3038.276
1.2
EnemyLookTag
0
-1.992389
0
3304.377
108.7213
3900.124
1.0
BarrelBomb2
-2.720252
-1.454919
2.695189
3361.247
278.7141
3246.436
1.0
LinkTagOr
0
-1.861591
0
3441.795
218.5831
3122.355
1.0
Item_Fruit_H
-2.356194
-1.519531
3.141593
3139.166
116.3854
3561.944
1.0
FldObj_CliffWhiteWall_A_01_Far.004
3.017221
0.4609975
3.13091
3344.056
269.2655
3188.945
1.1
LinkTagOr
0
0
0
3036.013
106.4423
3451.328
1.0
FldObj_CliffWhiteParts_A_06.005
-0.05999999
0.96
0
3331.95
135.3665
3418.779
1.0
Area
0
0
0
3796.614
107.1937
3618.895
3
Obj_LiftRockWhite_A_01.002
-2.95315
-0.8365069
3.111532
3639.785
326.8132
3258.237
1.0
Enemy_Lizalfos_Middle
0
-1.992389
0
3307.585
107.5281
3901.563
1.0
DgnObj_DungeonEntranceSP
0
0.4014257
0
3436.895
119.6766
3316.275
1.0