UnitConfigName/__text
Rotate/value/0
Rotate/value/1
Rotate/value/2
Translate/value/0
Translate/value/1
Translate/value/2
_Scale
LinkTagOr
-0.01180628
0.0008587689
0.1452192
4815.634
108.2807
-3300.276
1.0
EventTag
0
0
0
4499.014
359.2762
-3150.727
3
FldObj_CliffAkkare_A_05_Far
-0.07545831
-0.2176557
-0.3017062
4237.862
295.4157
-3310.947
1.0
FldObj_HugeMazeFence_A_01
3.141592
2.316462E-07
1.570796
4652
235.1
-3682
1.0
FldObj_WorldEnd_A_03
0
1.803185
0
4556.788
-4.5233
-4192.616
1.0
TwnObj_AncientReactor_A_01_Far
0
1.541593
0
4160.133
343.1119
-3167.573
1.0
FldObj_WorldEnd_A_03_Far
0
-1.816814
0
4442.694
-9.6483
-4121.182
1.270822
LinkTagAnd
0
0
0
4657
237.4002
-3704
1.0
LinkTagAnd
0
0
0
4522.015
354.2327
-3166.633
1.0
FldObj_HugeMazeLadder_A_01
0
-1.570796
0
4635
195.1
-3687.5
1.0
Enemy_Chuchu_Electric_Junior
0
-1.570796
0
4595
195.3422
-3667.477
1.0
Area
0
0
0
4720
155.3
-3665
12
Enemy_Guardian_A_Moss
0
1.570796
0
4589.2
155.5
-3618.7
1.0
FldObj_CliffAkkare_A_06_Far
0
-2.739999
0
4534.433
352.8032
-3151.641
1.0
LinkTagAnd
0
0
0
4655
154.9
-3650
1.0
LinkTagPulse
0
0.5000006
0
4423.84
116.0583
-3340.699
0.25
FldObj_HugeMazeWall_B_04
0
0
0
4655
190.59
-3650
1.0
DgnObj_WarpPoint_A_01
0
0
0
4655
237.363
-3700.805
1.0
Obj_TreeMaple_A_02
0
-1.661728
0
4043.202
306.1047
-3217.176
1.117206
FldObj_HugeMazeParts_B_05_Far
0
0
0
4655
190.59
-3650
1.0
TwnObj_AncientCivilLaboParts_A_01
0
-0.08689296
0
4515.514
352.093
-3163.901
1.0
LinkTagOr
-2.980455
0.003595924
-3.042718
4743.654
107.0269
-3119.111
1.0
FldObj_CliffAkkare_A_06_Far.001
-0.1876147
0.007367508
-0.001731463
4490.491
348.3104
-3224.791
1.0
AnchorAction3
0
-2.04
0
4510.583
352.9931
-3165.493
1.0
LinkTagAnd
0
0
0
4252.148
345.5955
-3134.255
1.0
LinkTagOr
-2.980455
0.003595924
-3.042718
4741.295
110.4136
-3115.651
1.0
FldObj_WorldEnd_A_03_Far.001
0
0.1031859
0
4690.858
-4.5233
-4296.097
1.0
FldObj_KorokStartingBlock_A_01
2.852354
1.016072
3.069312
4252.398
344.1839
-3134.472
1.0
LinkTagOr
0.4785497
-0.03664839
0.1499653
4764.649
106.0706
-3143.975
1.0
AreaCulling_InnerHide
0
0
0
4747.468
246.8994
-3699.863
1.0
FldObj_CliffAkkare_A_12
2.487299
-1.366369
-2.604141
4381.54
309.9355
-3231.621
1.0
FldObj_WorldEnd_A_03_Far.002
2.798339
1.28106
2.784624
4162.031
-10.51939
-3911.265
1.0
FldObj_WorldEnd_A_03_Far.003
0.2599999
0.3199999
0
4202.841
-30.54674
-4002.173
1.0
FldObj_AncientReactorCoverAkkare_A_01_Far
0
1.541593
0
4160.133
343.1119
-3167.573
1.0
TBox_Field_Stone
0
3.141593
0
4655
156.1
-3640
1.0
LinkTagAnd
0
0
0
4666.436
111.0686
-3537.081
10
LinkTagOr
0
1.570796
0
4503.659
381.7101
-3164.938
1.0
LinkTagOr
0.4785497
-0.03664839
0.1499653
4766.031
110.8355
-3146.07
1.0
FldObj_WorldEnd_A_03.001
-0.5376958
-1.0592
0.5998116
4178.705
-11.46861
-3820.906
1.0
AscendingCurrent
0
0
0
4655
103.3324
-3537.2
1.0
KorokAnswerResponce
0
1.781602
0
4347.618
361.3881
-3176.063
1.0
FldObj_RuinGuardian_A_Dynamic
0.02198315
-0.0003065283
0.04279698
4721.589
105.502
-3231.617
1.0
EnemyLookTag
0
1.489066
0
4183.319
303.6462
-3289.969
1.0
Area
0
2.021594
0
4422.963
116.0584
-3340.219
3
FldObj_HugeMazeParts_B_11_Far
0
0
0
4655
190.59
-3650
1.0
Enemy_Guardian_A_Fixed_Moss
0
1.570796
0
4605
155.5
-3645
1.0
FldObj_CliffAkkareEnd_A_02_Far
0.05618298
-0.3564956
-0.1687513
4344.252
266.1868
-3282.648
1.0
AreaCulling_InnerHide
0
0
0
4654.892
246.34
-3615.449
1.0
SignalFlowchart
0
0
0
4670.4
51.6
-3658.7
3
Enemy_Chuchu_Junior
0
-2.990797
0
4047.006
306.68
-3218.765
1.0
TwnObj_AncientReactorFurnace_B_01
0
0.2799998
0
4505.413
351.3968
-3151.298
1.0
AnchorAction1
0
-2.38637
0
4511.808
353.0132
-3167.07
1.0
FldObj_HugeMazeParts_B_05
0
0
0
4655
190.59
-3650
1.0
FldObj_CliffAkkare_A_12_Far
0.1908877
-1.156278
-0.1110057
4111.313
325.9781
-3120.697
1.0
FldObj_HugeMazeParts_B_02
0
0
0
4655
190.59
-3650
1.0
Area
0
0
0
4655
245.3
-3705.5
1.0
FldObj_CliffAkkare_A_12_Far.001
3.097594
-0.8432317
-2.990585
4121.802
335.467
-3189.464
1.0
FldObj_HugeMazeRoof_B_02
0
0
0
4555
190.6
-3600
1.0
EventTag
0
-0.5235988
0
4657
237.4
-3704
0.6
LinkTagAnd
0
0
0
4801.755
107.4399
-3121.733
1.0
FldObj_HugeMazeParts_B_06
0
0
0
4655
190.59
-3650
1.0
FldObj_CliffAkkareEnd_A_01_Far
0
-0.26
0
4518.268
305.1243
-3250.734
1.0
LinkTagAnd
0
0
0
4504.479
364.8425
-3154.174
2.981356
LinkTagAnd
0
0
0
4815.888
107.0865
-3099.827
1.0
LinkTagAnd
0
-1.42
0
4041.7
311.0115
-3227.062
1.0
Npc_HiddenKorokGround
0
0
0
4428.835
352.2694
-3182.9
1.0
Area
0
0
0
4559.641
196.5
-3632.5
9
TwnObj_AncientCivilLabo_A_01
0
-0.08689271
0
4515.514
352.093
-3163.901
1.0
Area
0
0
0
4589.2
155.3
-3618.7
12
LinkTagAnd
0
0
0
4595
199.1719
-3665.57
1.0
LinkTagOr
0
1.781602
0
4258.941
346.9298
-3148.476
1.0
Enemy_Guardian_C
0
-0.7853982
0
4632.842
248.4375
-3657.058
1.0
LinkTagOr
0
0
0
4423.936
114.9433
-3338.313
1.0
Obj_Plant_KorokColor_A_01
0
-2.98
0
4816.317
105.8865
-3100.302
0.92
LinkTagOr
0
-2.98
0
4813.592
105.8865
-3101.479
1.0
LinkTagOr
0
0
0.2999999
4734.966
111.7355
-3122.007
1.0
FldObj_CliffDeathMt_D_14
3.138193
-0.3029889
3.058493
4428.165
271.9886
-3272.636
1.0
FldObj_WorldEnd_A_03_Far.004
-2.881593
-0.6815925
3.141593
4023.201
-6.24205
-3711.532
1.0
FldObj_WorldEnd_A_03_Far.005
0
-3.06
0
4129.845
-4.5233
-3862.906
1.0
FldObj_HugeMazeRoof_B_02.001
0
1.570796
0
4565
190.6
-3605
1.0
Area
0
0
0
4586.297
195.1953
-3667.516
3
AreaCulling_InnerHide
0
0
0
4562.895
247.4414
-3597.432
1.0
TreasureSpot_00
0
0
0
4755.02
107.1982
-3063.47
1.0
FldObj_CliffAkkare_A_05
0.02980835
0.9797016
0.03589454
4035.863
304.3193
-3246.133
1.0
LinkTagAnd
0
0
0
4559.641
196.5
-3632.5
1.0
FldObj_CliffAkkare_A_12_Far.002
2.192255
-1.224641
-2.230596
4387.804
315.4806
-3028.155
1.0
LinkTagAnd
0
0
0
4653.5
237.4
-3704
0.3
Obj_LiftRockWhite_A_01
0.3359919
-0.09389383
0.3404907
4428.85
352.1766
-3182.934
1.0
FldObj_CliffAkkare_A_05.001
1.676402
-1.404112
-2.067284
4265.15
263.0294
-3175.574
1.0
FldObj_HugeMazeWall_B_03
0
0
0
4655
190.59
-3650
1.0
AnchorAction2
0
2.62
0
4512.982
353.0132
-3158.115
1.0
Area
0
0
0
4130.085
295.1566
-3033.421
12
LinkTagAnd
0
0
0
4671
245.1
-3623.6
1.0
FldObj_HugeMazeParts_B_06_Far
0
0
0
4655
190.59
-3650
1.0
Area
0
-1.42
0
4043.202
306.0115
-3217.176
15
Enemy_Guardian_C
0
0.7853982
0
4677.611
248.3906
-3657.561
1.0
FldObj_CliffAkkare_A_05_Far.001
-0.1714156
0.3633545
-0.139759
4410.715
352.8459
-3210.716
1.0
FldObj_CliffDeathMt_D_14_Far
3.104849
0.4176378
3.120444
4360.107
232.7386
-3284.485
1.0
Obj_Plant_KorokColor_A_01.001
0.08457525
-0.0045429
0.3135863
4801.559
106.0971
-3121.588
0.96
LinkTagOr
-3.122969
-0.2420623
-3.08964
4816.572
108.5904
-3094.143
1.0
Enemy_Moriblin_Middle
0
-0.36
0
4153.171
303.679
-3295.204
1.0
FldObj_CliffAkkare_A_06_Far.002
0.09156375
-1.118343
-0.08319439
4532.355
352.8032
-3173.055
1.0
FldObj_HugeMazeRoof_B_02_Far
0
1.570796
0
4565
190.6
-3605
1.0
Enemy_Guardian_A_Fixed_Moss
0
-1.8
0
4460.751
310.2067
-3034.91
1.0
LinkTagOr
0.08457525
-0.0045429
0.3135863
4804.026
106.9196
-3121.826
1.0
FldObj_CliffAkkareEnd_A_02
0.05618298
-0.3564956
-0.1687513
4344.252
266.1868
-3282.648
1.0
FldObj_CliffAkkare_A_06
2.537444
-0.9609306
-2.638086
4512.523
323.3333
-3040.894
1.0
Enemy_Guardian_C
0
0.7853982
0
4642.658
248.5
-3612.78
1.0
LinkTagAnd
0
0
0
4504.479
364.8425
-3143.159
2.981356
AreaCulling_InnerHide
0
0
0
4655.153
224.5595
-3717.048
1.0
Enemy_Bokoblin_Middle
0
-2.699725
0
4185.457
303.6503
-3285.449
1.0
Area
0
1.781602
0
4344.057
363.3381
-3178.368
1.7
LocationTag
0
0
0
4654.1
122.1
-3650.3
1.0
FldObj_CliffDeathMt_D_14.001
2.568367
-0.3235647
-2.98063
4512.264
291.6819
-3225.402
1.0
Npc_HiddenKorokGround
0
2.021594
0
4422.963
115.1583
-3340.219
1.0
FldObj_HugeMazeParts_B_08
0
0
0
4655
190.59
-3650
1.0
LinkTagAnd
0.08457525
-0.0045429
0.3135863
4805.929
107.5365
-3121.817
1.0
FldObj_CliffAkkare_A_06.001
-0.1876147
0.007367508
-0.001731463
4490.491
348.3104
-3224.791
1.0
FldObj_HugeMazeRoof_B_04
0
0
0
4550
190.6
-3605
1.0
GrassCutTag
0
1.489066
0
4183.319
303.6462
-3289.969
1.0
FldObj_CliffAkkare_A_06_Far.003
0
-2.54
0
4280.472
279.3754
-3274.735
1.0
FldObj_RockAkkare_A_01
0
1.060001
0
4568.899
143.222
-3252.379
1.0
LinkTagAnd
-3.122969
-0.2420623
-3.08964
4817.542
108.6408
-3094.383
1.0
FldObj_HugeMazeRoof_B_04_Far
0
0
0
4550
190.6
-3605
1.0
Obj_Plant_KorokColor_A_01.002
0.166666
1.036544
0.4577563
4802.74
106.5113
-3121.932
1.0
Npc_HiddenKorokFly
0
1.570796
0
4503.659
379.2101
-3164.388
1.0
LinkTagAnd
0.8445827
0.50799
-0.6110227
4430.675
353.4069
-3182.541
1.0
FldObj_WorldEnd_A_03_Far.006
0
-3.119999
0
4560.389
-4.5233
-4196.761
1.0
TwnObj_AncientReactorCoreOff_A_01
0
-1.26
0
4504.598
351.3075
-3150.074
2
FldObj_HugeMazeWall_B_01_Far
0
0
0
4655
190.59
-3650
1.0
FldObj_WorldEnd_A_03.002
-2.881593
-0.6815925
3.141593
4023.201
-6.24205
-3711.532
1.0
LinkTagNAnd
0.08457525
-0.0045429
0.3135863
4801.157
109.3093
-3123.574
1.0
FldObj_SkullRock_A_01
0
1.14
0
4182.41
303.6508
-3290.387
1.0
FldObj_WorldEnd_A_03.003
0
-1.36
0
4266.119
-4.5233
-3963.468
1.0
FldObj_RockAkkare_A_01.001
0
-0.2
0
4372.502
301.5436
-3198.025
1.0
LinkTagAnd
0
-1.359991
0
4343.952
365.8881
-3178.857
1.0
FldObj_CliffAkkare_A_05_Far.002
-2.671842
1.089584
3.087488
4111.104
317.6198
-3119.904
1.0
LocationTag
0
0
0
4655
245.3
-3705.5
1.0
FldObj_CliffAkkare_A_05_Far.003
0.8372914
1.362104
1.16817
4329.932
290.094
-3068.358
1.0
Enemy_Guardian_A_Fixed_Moss
3.021189
0.2448042
-3.059532
4654.255
155.5
-3621.008
1.0
FldObj_HugeMazeParts_B_04_Far
0
0
0
4655
190.59
-3650
1.0
ActorObserverTag
0
0
0
4815.516
108.6781
-3297.245
1.0
DgnObj_EntranceElevator_A_01
0
0
0
4655
237.4002
-3710
1.0
FldObj_CliffAkkare_A_06_Far.004
0.09676163
1.178063
0.1046796
4020.078
304.104
-3205.899
1.0
FldObj_CliffAkkare_A_06.002
0.09156375
-1.118343
-0.08319439
4532.355
352.8032
-3173.055
1.0
FldObj_WorldEnd_A_03.004
0
2.223185
0
4369.787
-9.6483
-4048.046
1.270822
LookTag
0
0
0
4655
236.4
-3699.5
1.0
FldObj_CliffAkkareEnd_A_01
0
-0.5799999
0
3895.455
249.9336
-3379.795
1.0
FldObj_CliffAkkare_A_11_Far
-2.954803
0.6949126
3.065658
4591.63
320.9954
-3174.677
1.0
LinkTagAnd
0
0
0
4655
240.7797
-3684.633
1.0
LinkTagAnd
0
0
0
4762.42
107.7426
-3145.271
1.0
FldObj_WorldEnd_A_03.005
2.798339
1.28106
2.784624
4162.031
-10.51939
-3911.265
1.0
Enemy_Guardian_A_Fixed_Moss
0
-1.832596
0
4715
155.5
-3630
1.0
LinkTagAnd
-0.01180628
0.0008587689
0.1452192
4814.645
108.136
-3300.275
1.0
Obj_RaftWood_A_S_02
0
-1.372608
0
4543.6
105.8747
-3345.57
1.0
DgnObj_WarpPoint_A_01
0
2.740167
0
4507.4
351.3626
-3146.3
1.0
LinkTagAnd
0
0
0
4654.1
122.1
-3650.3
1.0
FldObj_WorldEnd_A_03_Far.007
0.22
0.3199999
0
4054.544
-30.15807
-3915.763
1.0
AnchorAction1
0
1.489066
0
4183.319
303.6462
-3289.969
1.0
FldObj_CliffAkkare_A_12_Far.003
-3.109307
0.2598407
-3.042158
4192.221
321.8477
-3245.195
1.0
SwitchTimeLag
0
0
0
4655.1
207.7
-3678.9
1.0
SwitchTimeLag
1.570796
-0.1615931
3.141593
4811.94
107.8865
-3099.183
0.5
LinkTagAnd
0
0
0
4675.87
51.6
-3654.37
1.0
LinkTagPulse
-0.01180628
0.0008587689
0.1452192
4816.36
106.77
-3300.258
0.25
LinkTagOr
0
-2.98
0
4813.914
105.8865
-3099.505
1.0
LinkTagAnd
0
0
0.2999999
4736.876
112.3265
-3122.007
1.0
Obj_Plant_KorokColor_A_01.003
0
-2.7182
0
4816.017
105.8865
-3099.037
1.05
Obj_Plant_KorokColor_A_01.004
0
0
0.2999999
4733.055
111.1444
-3122.007
1.0
FldObj_CliffAkkare_A_12_Far.004
2.487299
-1.366369
-2.604141
4381.54
309.9355
-3231.621
1.0
FldObj_HugeMazeParts_B_01
0
0
0
4655
190.59
-3650
1.0
FldObj_HugeMazeLadder_Top_A_01_Far
0
-1.570796
0
4635
200.1
-3687.5
1.0
FldObj_RuinGuardian_A_Dynamic.001
-0.0006889788
5.670987E-05
0.01056173
4788.938
105.6767
-3115.641
1.0
LinkTagAnd
0
0
0
4720
155.3
-3665
1.0
FldObj_CliffAkkareEnd_A_01_Far.001
0
0.01999998
0
4176.979
298.4134
-3321.695
1.0
Obj_Plant_KorokColor_A_01.005
0.4975145
-0.268185
0.02604584
4762.063
106.5182
-3145.666
1.05
WallCrack
3.101593
1.240006
3.141592
4422.334
114.9458
-3339.677
1.0
LinkTagOr
0
1.781602
0
4343.22
363.3881
-3182.28
1.0
LinkTagOr
0
1.781602
0
4258.941
345.9298
-3148.476
1.0
ChangeWeatherTag
0
0
0
4670.2
92.5
-3659
3
LinkTagOr
0.4785497
-0.03664839
0.1499653
4764.576
106.991
-3145.75
1.0
LinkTagAnd
0
0
0
4520.696
358.9373
-3158.741
1.0
EnemyLookTag
0
0
0
4151
303.6545
-3291
1.0
FldObj_CliffDeathMt_D_14.002
2.004236
1.438503
2.007591
4592.533
291.2213
-3146.085
1.049891
LinkTagAnd
0
0
0
4655
245.3
-3705.5
1.0
FldObj_CliffAkkare_A_11_Far.001
0
1.143186
0
4218.32
322.6056
-3097.444
1.0
LinkTagAnd
0
0
0
4651.07
160.6274
-3561.21
1.0
Enemy_Guardian_A_Fixed_Moss
0
-0.5235988
0
4670
155.5
-3670
1.0
FldObj_CliffAkkare_A_05.002
0.8372914
1.362104
1.16817
4329.932
290.094
-3068.358
1.0
FldObj_CliffAkkare_A_06.003
0
-2.739999
0
4534.433
352.8032
-3151.641
1.0
FldObj_WorldEnd_A_03_Far.008
-0.5376958
-1.0592
0.5998116
4178.705
-11.46861
-3820.906
1.0
Area
0
0
0
4654.1
122.1
-3650.3
220
EventTag
0
0
0
4684.2
51.6
-3658.6
3
LinkTagOr
0
-1.359991
0
4344.162
365.8881
-3177.879
1.0
Area
0
0
0
4655
153.9
-3650
1.0
LinkTagAnd
0
-1.42
0
4031.813
311.0115
-3225.56
1.0
FldObj_HugeMazeParts_B_11
0
0
0
4655
190.59
-3650
1.0
Enemy_Bokoblin_Senior
0
1.489066
0
4178.335
303.6545
-3290.377
1.0
FldObj_WorldEnd_A_03.006
0
-0.01681462
0
4219.009
-9.6483
-3903.651
1.0
LinkTagAnd
0
0
0
4653.5
249.9
-3708
0.6
Enemy_Chuchu_Junior
0
0
0
4125.585
290.6442
-3033.421
1.0
FldObj_CliffAkkare_A_05.003
-0.2408452
1.039738
0.05434165
4342.644
297.1172
-3119.238
1.0
FldObj_CliffAkkare_A_06.004
0.09676163
1.178063
0.1046796
4020.078
304.104
-3205.899
1.0
FldObj_CliffAkkare_A_12.001
0.1908877
-1.156278
-0.1110057
4111.313
325.9781
-3120.697
1.0
Obj_RockDeathMt_D_L_01
0
-0.9231852
0
4301.128
254.5174
-3274.567
1.0
FldObj_HugeMazeParts_B_03
0
0
0
4655
190.59
-3650
1.0
FldObj_HugeMazeParts_B_03_Far
0
0
0
4655
190.59
-3650
1.0
TwnObj_AncientCivilLaboParts_A_01_Far
0
-0.08689296
0
4515.514
352.093
-3163.901
1.0
Enemy_Chuchu_Middle
0
0
0
4134.585
291.3835
-3033.421
1.0
FldObj_WorldEnd_A_03_Far.009
0
-3.136814
0
4602.595
-9.6483
-4253.436
1.0
LinkTagNAnd
-2.980455
0.003595924
-3.042718
4745.276
110.8084
-3115.637
1.0
TwnObj_AncientReactor_A_01
0
1.541593
0
4160.133
343.1119
-3167.573
1.0
LinkTagOr
-2.980455
0.003595924
-3.042718
4743.615
107.3455
-3117.137
1.0
LinkTagAnd
0
0
0
4815.516
108.6781
-3298.745
1.0
LinkTagAnd
0
0
0
4642.458
252.5683
-3612.894
10
FldObj_HugeMazeWall_B_02_Far
0
0
0
4655
190.59
-3650
1.0
FldObj_CliffDeathMt_D_14.003
2.634828
-0.3592995
3.061492
4446.107
289.1663
-3230.684
1.0
Enemy_Moriblin_Middle
0
-1.88
0
4189.873
325.1958
-3225.188
1.0
FldObj_CliffDeathMt_D_14.004
2.53416
0.886624
2.670569
4576.023
271.6444
-3191.655
1.049891
FldObj_WorldEnd_A_03.007
0.22
0.3199999
0
4054.544
-30.15807
-3915.763
1.0
DgnObj_EntranceShutter_A_01
0
0
0
4655
237.4002
-3706.2
1.0
Enemy_Moriblin_Middle
0
0.9215931
0
4157.281
286.6931
-3002.742
1.0
FldObj_HugeMazeWall_B_01
0
0
0
4655
190.59
-3650
1.0
LinkTagAnd
0.3474037
-0.02667632
0.1517448
4427.963
354.5139
-3182.063
1.0
Obj_RockDeathMt_D_L_01_Far
0
-0.9231852
0
4301.128
254.5174
-3274.567
1.0
LinkTagAnd
0
1.750338
0
4358.303
276.1415
-3277.429
1.0
FldObj_CliffDeathMt_D_14_Far.001
2.568367
-0.3235647
-2.98063
4512.264
291.6819
-3225.402
1.0
FldObj_CliffDeathMt_D_14_Far.002
3.138193
-0.3029889
3.058493
4428.165
271.9886
-3272.636
1.0
Enemy_Chuchu_Junior
0
-2.350796
0
4085.451
287.2261
-3056.48
1.0
FldObj_WorldEnd_A_03.008
0
0.1031859
0
4690.858
-4.5233
-4296.097
1.0
FldObj_CliffDeathMt_E_01_Far
0.05337006
-0.3211331
0.02103974
4321.463
265.4203
-3254.979
1.0
LinkTagAnd
0
0
0
4502.572
364.8425
-3138.846
3
FldObj_HugeMazeParts_B_07_Far
0
0
0
4655
190.59
-3650
1.0
LinkTagNAnd
0
0
0
4656.5
249.9
-3708
0.6
FldObj_WorldEnd_A_03_Far.010
0
1.803185
0
4772.033
-4.5233
-4315.307
1.0
Area
0
0.6981317
0
4522.015
354.2327
-3166.633
50
AnchorAction1
0
-1.08
0
4516.342
353.1199
-3161.546
1.0
LinkTagAnd
0
0
0
4515.533
352.8503
-3143.159
2.981356
AscendingCurrent
0
0
0
4655
125
-3687.5
1.0
FldObj_WorldEnd_A_03.009
0
0
0
4044.585
-4.5233
-3841.386
1.0
Npc_HiddenKorokGround
0
0
0
4815.501
105.7348
-3300.246
1.0
Obj_Plant_KorokColor_A_01.006
0.9375418
0.9632291
1.010208
4762.581
106.9224
-3146.266
1.0
FldObj_CliffAkkareEnd_A_02_Far.001
2.615418
-1.352772
-2.520211
4490.093
295.5262
-2935.313
1.0
FldObj_WorldEnd_A_03.010
0
-1.36
0
4048.275
-4.5233
-3845.452
1.0
Obj_RockDeathMt_D_L_03_Far
-0.02
-0.1199999
0.03999993
4297.969
245.57
-3101.806
1.0
LinkTagAnd
0.4785497
-0.03664839
0.1499653
4766.552
107.2896
-3145.676
1.0
FldObj_RuinGuardian_A_Dynamic.002
-0.01348069
-0.0001446605
-0.02926068
4755.014
105.7109
-3063.467
1.0
FldObj_CliffAkkare_A_05.004
1.332949
-1.329078
-1.732547
4264.655
274.6154
-3227.627
1.0
FldObj_CliffDeathMt_D_14_Far.003
2.53416
0.886624
2.670569
4576.023
271.6444
-3191.655
1.049891
LinkTagAnd
0
0
0
4655.1
207.7
-3678.9
1.0
FldObj_CliffAkkare_A_11
0.287746
0.4779204
-0.06889164
4519.519
314.3116
-3057.917
1.0
FldObj_CliffAkkare_A_06.005
0.9781923
1.331367
0.3753368
4109.604
320.7904
-3155.44
1.0
Area
0.4785497
-0.03664839
0.1499653
4762.42
107.7426
-3145.271
2
FldObj_HugeMazeParts_B_01_Far
0
0
0
4655
190.59
-3650
1.0
Enemy_Guardian_A_Moss
0
-1.570796
0
4720
155.5
-3665
1.0
FldObj_CliffAkkare_A_06_Far.005
0.9781923
1.331367
0.3753368
4109.604
320.7904
-3155.44
1.0
AnchorSleep
0
1.94
0
4508.161
353.8884
-3160.946
1.0
ForceSetPosDirAutoSaveAnchor
0
-3.141593
0
4654.9
237.4
-3703.134
1.0
LinkTagPulse
0.3474037
-0.02667632
0.1517448
4429.688
353.2558
-3182.567
0.25
FldObj_WorldEnd_A_03.011
0
-3.119999
0
4560.389
-4.5233
-4196.761
1.0
LinkTagOr
0
2.021594
0
4422.745
117.6583
-3340.669
1.0
Enemy_Guardian_A_Moss
0
0
0
4655
195.09
-3678.1
1.0
FldObj_WorldEnd_A_03_Far.011
0
0
0
4044.585
-4.5233
-3841.386
1.0
LinkTagAnd
0
0
0
4633.125
252.4221
-3656.539
10
Enemy_Guardian_C
0
-0.7853982
0
4667.653
248.4844
-3622.547
1.0
Obj_TreeMaple_A_02.001
0
-1.021728
0
4083.348
286.4415
-3052.933
1.117206
Obj_Plant_KorokColor_A_01.007
-2.916435
-0.7689754
3.081934
4745.152
107.5463
-3116.835
1.05
FldObj_CliffAkkare_A_05_Far.004
-0.2408452
1.039738
0.05434165
4342.644
297.1172
-3119.238
1.0
LinkTagOr
0
1.570796
0
4503.659
381.7101
-3163.838
1.0
LocationTag
0
0
0
4522.015
354.2327
-3166.633
1.0
LinkTagAnd
-2.980455
0.003595924
-3.042718
4741.625
107.1481
-3117.144
1.0
Enemy_Moriblin_Middle
0
1.14
0
4218.288
336.0897
-3164.632
1.0
FldObj_CliffAkkare_A_10
-2.910192
-1.314618
2.902675
4385.08
354.1056
-3192.19
1.0
FldObj_RockAkkare_A_01.002
0
0
0
4048.571
262.5768
-3315.738
1.0
LinkTagAnd
0
0
0
4655
245.3
-3705.5
1.0
FldObj_RockAkkare_A_01.003
0
-2.579999
0
4074.708
279.3744
-3082.723
1.0
Obj_RaftWoodSail_A_S_01
0
-1.372608
0
4543.501
105.8854
-3346.061
1.0
FldObj_HugeMazeFence_A_01.001
3.141592
2.316462E-07
1.570796
4645.227
235.1
-3682
1.0
FldObj_CliffAkkare_A_05.005
-0.1255532
-0.9582292
0.1045086
4170.941
342.995
-3193.184
1.0
LinkTagAnd
0
0
0
4670.4
51.6
-3658.7
1.0
FldObj_CliffAkkareEnd_A_02.001
0.07034422
-0.2776345
0.16683
4020.486
262.9212
-3324.812
1.0
FldObj_WorldEnd_A_03.012
0
-3.136814
0
4602.595
-9.6483
-4253.436
1.0
FldObj_CliffAkkareEnd_A_02_Far.002
0.07034422
-0.2776345
0.16683
4020.486
262.9212
-3324.812
1.0
FldObj_WorldEnd_A_03_Far.012
0
2.223185
0
4369.787
-9.6483
-4048.046
1.270822
DgnObj_DungeonEntrance_A_01_Far
0
0
0
4655
236.4
-3710
1.0
AreaCulling_InnerHide
0
0
0
4747.801
247.4414
-3597.237
1.0
FldObj_WorldEnd_A_03.013
0
-3.06
0
4129.845
-4.5233
-3862.906
1.0
FldObj_WorldEnd_A_03_Far.013
0
-0.01681462
0
4219.009
-9.6483
-3903.651
1.0
FldObj_CliffAkkareEnd_A_01_Far.002
0
-0.5799999
0
3895.455
249.9336
-3379.795
1.0
LinkTagOr
0
0
0
4518.462
356.8459
-3159.201
1.0
LinkTagOr
0.08457525
-0.0045429
0.3135863
4804.07
106.7561
-3119.833
1.0
Area
0
-0.7799999
0
4083.348
286.4415
-3052.933
15
FldObj_RockAkkare_A_01.004
0
-1.260002
0
4191.108
256.3638
-3003.076
1.0
FldObj_WorldEnd_A_03_Far.014
0
-1.36
0
4048.275
-4.5233
-3845.452
1.0
FldObj_WorldEnd_A_03.014
0
0
0
4262.429
-4.5233
-3959.402
1.0
LinkTagNone
0
0
0
4153.171
303.679
-3295.204
1.0
Enemy_Moriblin_Middle
0
0.9215931
0
4205.652
333.1277
-3116.25
1.0
Npc_HiddenKorokGround
0
-2.9
0
4817.198
106.12
-3094.218
1.0
Obj_Plant_KorokColor_A_01.008
0.08982647
0.3432244
0.3442725
4801.92
106.29
-3122.434
0.98
FldObj_HugeMazeParts_B_02_Far
0
0
0
4655
190.59
-3650
1.0
AreaCulling_InnerHide
0
0
0
4655.213
164.9191
-3649.394
1.0
Area
0
0
0.2999999
4732.701
112.2908
-3122.007
2
Obj_Plant_KorokColor_A_01.009
0
-1.932802
0
4815.229
105.8865
-3099.517
0.95
Enemy_Chuchu_Electric_Junior
0
0
0
4767.514
195.1081
-3662.503
1.0
Obj_Plant_KorokColor_A_01.010
0
2.95412
0
4816.627
105.8865
-3099.643
1.02
FldObj_CliffAkkare_A_05_Far.005
0.3484445
0.451674
0.1089771
4124.918
331.8348
-3190.821
1.0
TreasureSpot_00
0.1017589
-0.001820738
0.03575062
4721.539
107.1823
-3231.453
1.0
FldObj_CliffDeathMt_D_14.005
3.104849
0.4176378
3.120444
4360.107
232.7386
-3284.485
1.0
FldObj_CliffAkkare_A_10_Far
-2.910192
-1.314618
2.902675
4385.08
354.1056
-3192.19
1.0
TBox_Field_Iron_NoReaction_Aoc_long
0
-3.141593
0
4655
155.4969
-3560.016
1.0
Obj_LiftRockWhite_A_01.001
-0.01180628
0.0008587689
0.1452192
4815.516
105.6359
-3300.245
1.0
FldObj_CliffAkkareEnd_A_01_Far.003
-3.111714
-1.341921
-3.050863
4564.723
314.0853
-3087.845
0.8965973
FldObj_CliffDeathMt_D_14_Far.004
2.004236
1.438503
2.007591
4592.533
291.2213
-3146.085
1.049891
FldObj_HugeMazeWall_B_02
0
0
0
4655
190.59
-3650
1.0
FldObj_CliffAkkareEnd_A_01.001
0
-0.26
0
4518.268
305.1243
-3250.734
1.0
LinkTagAnd
0
0
0
4504.479
368.3347
-3143.159
6
LinkTagAnd
0
2.021594
0
4423.181
117.6583
-3339.77
1.0
FldObj_WorldEnd_A_03_Far.015
0
-3.119999
0
4775.633
-4.5233
-4319.452
1.0
FldObj_CliffAkkare_A_11.001
0
1.143186
0
4218.32
322.6056
-3097.444
1.0
LinkTagAnd
0
-0.7799999
0
4076.239
291.4415
-3059.966
1.0
FldObj_CliffAkkare_A_06_Far.006
2.537444
-0.9609306
-2.638086
4512.523
323.3333
-3040.894
1.0
FldObj_CliffDeathMt_D_14_Far.005
2.634828
-0.3592995
3.061492
4446.107
289.1663
-3230.684
1.0
Area
0.3474037
-0.02667632
0.1517448
4428.699
353.1047
-3182.594
3
FldObj_CliffAkkare_A_12.002
3.097594
-0.8432317
-2.990585
4121.802
335.467
-3189.464
1.0
FldObj_WorldEnd_A_03.015
0.2599999
0.3199999
0
4202.841
-30.54674
-4002.173
1.0
LinkTagAnd
0
0
0
4130.085
295.1566
-3030.421
1.0
FldObj_CliffDeathMt_E_12_Far
-1.753006
-0.2543693
2.619274
4316.718
252.0264
-3207.046
1.0
FldObj_HugeMazeLadder_Top_A_01
0
-1.570796
0
4635
200.1
-3687.5
1.0
FldObj_HugeMazeParts_B_08_Far
0
0
0
4655
190.59
-3650
1.0
Obj_RockCover
2.940186
-1.483025
-2.995046
4815.615
106.3269
-3299.443
0.6
Npc_HiddenKorokFly
0
-1.359991
0
4344.057
363.3881
-3178.368
1.0
FldObj_CliffAkkare_A_05_Far.006
1.332949
-1.329078
-1.732547
4264.655
274.6154
-3227.627
1.0
Area
0
-2.98
0
4815.888
107.0865
-3099.827
2
FldObj_CliffAkkare_A_12.003
2.192255
-1.224641
-2.230596
4387.804
315.4806
-3028.155
1.0
AnchorAction2
0
-3.043185
0
4514.384
353.0132
-3158.552
1.0
TreasureSpot_00
0
0
0
4788.924
107.2558
-3115.626
1.0
EnemyFortressMgrTag
0
1.489066
0
4183.319
303.6462
-3289.969
1.0
FldObj_CliffAkkare_A_05_Far.007
1.676402
-1.404112
-2.067284
4265.15
263.0294
-3175.574
1.0
FldObj_WorldEnd_A_03.016
0
-3.119999
0
4775.633
-4.5233
-4319.452
1.0
LinkTagNone
0
0
0
4185.457
303.6503
-3285.449
1.0
Enemy_Bokoblin_Middle
0
-0.6053297
0
4186.164
303.6336
-3294.081
1.0
Obj_Plant_KorokColor_A_01.011
0
-2.369134
0
4815.355
105.8865
-3100.297
1.0
FldObj_CliffAkkare_A_05_Far.008
1.549937
1.270793
1.867656
4335.079
278.9631
-3016.47
1.0
LinkTagOr
0
0
0.2999999
4734.966
111.7355
-3120.007
1.0
LinkTagAnd
0
-2.98
0
4811.94
105.8865
-3099.183
1.0
Obj_RockDeathMt_D_L_03
-0.02
-0.1199999
0.03999993
4297.969
245.57
-3101.806
1.0
AreaCulling_InnerHide
0
0
0
4562.562
246.8994
-3700.058
1.0
LinkTagAnd
0
0
0
4650
236.2
-3689.7
1.0
LinkTagAnd
0.559109
0.2623014
-0.7309341
4817.35
106.9147
-3300.258
1.0
AreaCulling_OuterNPCMementary
0
0
0
4655.528
162.8409
-3647.452
219.1472
LinkTagAnd
0.1187641
0.5600898
-1.059592
4424.718
116.0583
-3341.178
1.0
FldObj_SkullRock_A_01_Far
0
1.14
0
4182.41
303.6508
-3290.387
1.0
Enemy_Moriblin_Middle
0
0.9215931
0
4118.746
327.0176
-3115.941
1.0
Npc_AncientDoctor_Hateno
0
-2.941594
0
4514.279
352.9619
-3158.731
1.0
LinkTagAnd
0
1.750338
0
4348.464
276.1415
-3275.643
1.0
Enemy_Guardian_A_Fixed_Moss
0
-3.141593
0
4558.664
195.09
-3632.5
1.0
FldObj_RockAkkare_A_01.005
0
-0.6631814
0.14
4551.818
325.251
-3145.612
1.0
FldObj_HugeMazeFence_A_01.002
3.141592
2.316462E-07
1.570796
4658.75
235.1
-3682
1.0
FldObj_HugeMazeWall_B_04_Far
0
0
0
4655
190.59
-3650
1.0
FldObj_HugeMazeRoof_B_02_Far.001
0
0
0
4555
190.6
-3600
1.0
FldObj_CliffAkkare_A_05_Far.009
0.02980835
0.9797016
0.03589454
4035.863
304.3193
-3246.133
1.0
LinkTagAnd
0
0
0
4522.015
354.2327
-3166.633
1.0
FldObj_CliffAkkareEnd_A_01.002
0
0.01999998
0
4176.979
298.4134
-3321.695
1.0
LinkTagAnd
0
0
0
4654.1
122.1
-3650.3
1.0
FldObj_CliffAkkare_A_12_Far.005
-3.050276
0.03764232
3.002365
4483.779
345.4086
-3221.597
1.0
Area
2.852354
1.016072
3.069312
4252.148
345.5955
-3134.255
0.7
FldObj_CliffAkkare_A_11_Far.002
0.287746
0.4779204
-0.06889164
4519.519
314.3116
-3057.917
1.0
Area
0
0
0
4774.295
194.8488
-3657.456
3
LinkTagAnd
0
0
0
4677.677
252.5158
-3657.749
10
Area
-0.01180628
0.0008587689
0.1452192
4815.371
106.6254
-3300.257
3
LinkTagOr
0
1.781602
0
4344.58
361.3881
-3175.924
1.0
FldObj_CliffAkkare_A_12.004
-3.050276
0.03764232
3.002365
4483.779
345.4086
-3221.597
1.0
FldObj_CliffDeathMt_E_01
0.05337006
-0.3211331
0.02103974
4321.463
265.4203
-3254.979
1.0
LinkTagAnd
0
0
0
4767.381
198.8253
-3660.596
1.0
FldObj_CliffAkkareEnd_A_02.002
2.615418
-1.352772
-2.520211
4490.093
295.5262
-2935.313
1.0
LinkTagAnd
0
0
0
4655.047
158.1156
-3640.041
1.0
Area
0
1.670794
0
4503.659
378.5538
-3164.388
2
Area
0
0
0
4655
244.9521
-3702.5
1.0
Obj_Plant_KorokColor_A_01.012
0.09732712
0.5169988
0.3621927
4802.329
106.3071
-3121.136
0.9299999
FldObj_CliffAkkare_A_11.002
-2.954803
0.6949126
3.065658
4591.63
320.9954
-3174.677
1.0
FldObj_CliffAkkare_A_12.005
-3.109307
0.2598407
-3.042158
4192.221
321.8477
-3245.195
1.0
FldObj_WorldEnd_A_03_Far.016
0
0
0
4262.429
-4.5233
-3959.402
1.0
DgnObj_EntranceTerminal_A_01
0
-0.5235988
0
4657
237.4002
-3704
1.0
FldObj_CliffAkkare_A_05.006
-0.07545831
-0.2176557
-0.3017062
4237.862
295.4157
-3310.947
1.0
FldObj_CliffAkkare_A_06.006
0
-2.54
0
4280.472
279.3754
-3274.735
1.0
SwitchTimeLag
0
0
0
4671
245.1
-3623.6
1.0
LinkTagOr
0.08457525
-0.0045429
0.3135863
4804.962
110.5432
-3123.556
1.0
Area
0
1.750338
0
4346.678
271.1415
-3285.483
15
PosAfterDemoSkip
0
-3.141593
0
4654.9
237.4
-3703.134
1.0
Area
0.08457525
-0.0045429
0.3135863
4801.755
107.4399
-3121.733
2
FldObj_CliffAkkare_A_05.007
1.549937
1.270793
1.867656
4335.079
278.9631
-3016.47
1.0
FldObj_CliffAkkare_A_05_Far.010
-0.1255532
-0.9582292
0.1045086
4170.941
342.995
-3193.184
1.0
FldObj_HugeMazeParts_B_09
0
0
0
4655
190.62
-3650
1.0
FldObj_WorldEnd_A_03.017
0
-1.816814
0
4442.694
-9.6483
-4121.182
1.270822
Obj_Plant_KorokColor_A_01.013
-2.979901
-0.08253757
-3.05675
4745.81
107.5149
-3117.425
0.95
Area
-2.980455
0.003595924
-3.042718
4745.489
108.7217
-3117.322
2
FldObj_HugeMazeLadder_A_01_Far
0
-1.570796
0
4635
195.1
-3687.5
1.0
LinkTagOr
0.3474037
-0.02667632
0.1517448
4428.951
354.6653
-3182.036
1.0
FldObj_CliffAkkare_A_12.006
1.426387
1.201336
1.337171
4202.768
298.1674
-3036.312
1.0
FldObj_WorldEnd_A_03_Far.017
0
-1.36
0
4266.119
-4.5233
-3963.468
1.0
Obj_TreeMaple_A_02.002
0
1.50861
0
4346.678
271.1618
-3285.483
1.117206
Npc_AncientAssistant004
0
2.903186
0
4513.247
353.0132
-3157.795
1.0
FldObj_CliffAkkareEnd_A_01.003
-3.111714
-1.341921
-3.050863
4564.723
314.0853
-3087.845
0.8965973
FldObj_RockAkkare_A_01.006
0
-0.2999997
0
4122.415
287.2241
-3055.57
1.0
DgnObj_DungeonEntrance_A_01
0
0
0
4655
236.4
-3710
1.0
Obj_LiftRockWhite_A_01.002
-0.1081105
0.489143
-0.2270055
4422.963
115.0583
-3340.219
1.0
Area
0
0
0
4815.516
106.2351
-3300.245
0.557
FldObj_RockAkkare_A_01.007
0.09293625
0.4716071
0.2023453
3895.104
116.3636
-3435.792
1.0
AnchorAction4
0
-1.62
0
4510.291
352.9931
-3163.808
1.0
FldObj_CliffAkkare_A_12_Far.006
1.426387
1.201336
1.337171
4202.768
298.1674
-3036.312
1.0
PointWindSetTag
0
0
0
4655
317.1
-3650.9
1.0
FldObj_CliffAkkare_A_05.008
0.3484445
0.451674
0.1089771
4124.918
331.8348
-3190.821
1.0
FldObj_HugeMazeWall_B_03_Far
0
0
0
4655
190.59
-3650
1.0
LinkTagAnd
0
-0.7799999
0
4069.207
291.4415
-3052.857
1.0
LinkTagAnd
0
0
0
4667.356
253.2737
-3622.61
10
Enemy_Chuchu_Junior
0
0.1795421
0
4342.921
270.8345
-3283.784
1.0
FldObj_HugeMazeParts_B_04
0
0
0
4655
190.59
-3650
1.0
FldObj_CliffAkkare_A_05.009
-2.671842
1.089584
3.087488
4111.104
317.6198
-3119.904
1.0
FldObj_RockAkkare_A_01.008
1.220432
1.013352
-0.2958386
4216.699
237.0366
-3337.493
1.0
FldObj_WorldEnd_A_03_Far.018
0
1.803185
0
4556.788
-4.5233
-4192.616
1.0
LinkTagAnd
0
0
0
4656.8
51.4
-3659
3
FldObj_HugeMazeParts_B_09_Far
0
0
0
4655
190.62
-3650
1.0
LinkTagAnd
0
0
0
4589.2
155.3
-3618.7
1.0
LinkTagAnd
0
0
0
4653.5
237.4
-3704
0.3
FldObj_HugeMazeParts_B_07
0
0
0
4655
190.59
-3650
1.0
FldObj_HugeMazeFence_A_01.003
0
1.570611
-1.570796
4650.883
234.7406
-3685
1.0
FldObj_KorokGoal_A_01
0
1.781602
0
4344.057
361.3881
-3178.368
1.0
FldObj_CliffDeathMt_E_12
-1.753006
-0.2543693
2.619274
4316.718
252.0264
-3207.046
1.0
Obj_Plant_KorokColor_A_01.014
0.579546
0.5729676
0.5099452
4763.108
106.5829
-3145.45
0.9499999
FldObj_AncientReactorCoverAkkare_A_01
0
1.541593
0
4160.133
343.1119
-3167.573
1.0
DestinationAnchor
0
2.617994
0
4656.5
237.4
-3703.134
1.0
TwnObj_AncientCivilLabo_A_01_Far
0
-0.08689271
0
4515.514
352.093
-3163.901
1.0
FldObj_WorldEnd_A_03.018
0
1.803185
0
4772.033
-4.5233
-4315.307
1.0
FldObj_CliffAkkare_A_05.010
-0.1714156
0.3633545
-0.139759
4410.715
352.8459
-3210.716
1.0
LinkTagAnd
0
0
0
4655
214.1625
-3677.414
10
LinkTagNAnd
0.4785497
-0.03664839
0.1499653
4762.079
110.2383
-3146.216
1.0