UnitConfigName/__text
Rotate/value/0
Rotate/value/1
Rotate/value/2
Translate/value/0
Translate/value/1
Translate/value/2
_Scale
Item_Mushroom_J
0
-0.8540038
0
4154.074
449.8618
-278.3633
1.0
Obj_TreeConiferous_A_02
0
0
0
4029.702
342.9634
-798.7776
1.0
Obj_TreeConiferous_A_01
0
-0.72
0
4392.971
389.3404
-864.3909
1.0
Weapon_Lsword_031
2.336939
0.53673
0.2119688
4305.072
338.6787
-792.2417
1.0
Item_Plant_A
0
0.01852962
0.08726472
4642.012
370.2886
-792.6974
1.0
FldObj_RockZoraSet_A_01
0
-0.46
0
4062.309
467.4005
-381.2309
1.0
FldObj_BridgeZoraWoodBase_A_01
0.1138232
-1.559955
-0.0738353
4499.713
360.7679
-636.6118
1.1
Obj_RockSetGray_A_L_02
1.5594
0.6307654
1.564075
4192.547
338.9922
-835.8293
1.3
FldObj_KorokStone_A_01
0
0.8107996
0
4073.594
421.7656
-217.963
1.0
Obj_Plant_CypressLow_A_01
0.06550601
-0.7169925
-0.1217742
4208.947
381.2154
-165.8553
1.0
Obj_RockWhite_A_L_03
2.657968
0.8902993
2.547334
4669.568
353.8198
-770.5773
1.0
Obj_TreeConiferous_A_01.001
0
0.7069681
0
4113.191
371.5739
-620.6935
1.0
Obj_TreeConiferous_A_02.001
0
1.808054
0
4247
386.4203
-954.5
1.15
TreasureSpot_00
-2.244351
-1.456346
2.071371
4655.024
363.4806
-657.1196
1.0
Obj_Plant_CypressLow_A_01.001
0.016496
-1.208338
-0.1385826
4381.945
383.5293
-722.5586
0.880371
FldObj_CliffZoraGround_A_02
0
0
0
4266.271
379.959
-613.207
1.0
SpotBgmTag
0
1.508996
0
4193.58
329.6719
-856.5688
20
Obj_TreeBroadleafLow_A_02
0
-0.52
0
4287.375
379.9208
-553.91
1.0
Item_Mushroom_J
0
-0.6854247
0
4079.25
371.7495
-540.6289
1.0
Obj_RockWhite_A_L_03.001
0
-0.1000001
0
4313.846
375.486
-628.2499
1.0
FldObj_PushRock_A_M_01
-0.09142674
-0.3598768
-0.00736366
4578.342
335.4059
-645.454
1.0
Obj_MineralGrain_A_02
-0.09727897
-0.001378273
-0.02831227
4263.146
300.7579
-796.8439
1.0
Obj_TreeConiferous_A_02.002
0
3.102771
0
4209.938
376.1226
-637.605
1.15
FldObj_KorokStone_A_01.001
0
-2.34159
0
4073.643
420.7734
-215.1222
1.0
Obj_TreeConiferous_A_01.002
0
0.72
0
4312.137
396.5512
-899.6417
1.0
Obj_Plant_CypressLow_A_01.002
3.136484
0.5256985
-2.950243
4216.837
456.0914
-524.812
1.0
Animal_Fish_B
0
0.2400001
0
4102.268
367.8775
-498.0374
1.0
Enemy_Octarock
0
-2.859997
0
4627.985
358.7435
-638.9914
1.0
RockWhite_A_M_06
3.089696
-0.4416206
3.004948
4618.794
246.2706
-931.6833
1.0
Obj_Mineral_A_01
0
0
0
4635.206
319.0069
-744.8105
1.0
Obj_Plant_CypressLow_A_01.003
0.3233585
1.501015
0.234966
4428.469
378.6303
-704.6719
1.098145
Obj_Plant_HopBush_A_01
0.3645102
1.419659
0.2695277
4430.145
378.5118
-701.3477
1.069824
Obj_MineralGrain_A_04
-0.1507939
1.479818
-0.02718379
4628.333
250.2775
-688.5514
1.0
FldObj_SoilRockZora_A_L_01
0
-1.303186
0
4397.12
385.7965
-784.0878
0.9
FldObj_PushRock_A_M_01.001
0.03197833
0.0008104737
0.03961116
4191.987
361.6853
-821.3488
1.0
Obj_TreeConiferous_A_02.003
0
6.090624
0
4642.336
352.6765
-1014.979
1.0
Obj_Mineral_A_01.001
-0.02890883
-1.078985
0.1484809
4629.081
250.5442
-688.5872
1.0
Obj_TreeConiferous_A_02.004
0
-0.5600001
0
4286.407
382.0683
-497.6224
1.0
FldObj_CliffZoraGround_A_01
-0.14
0.7800001
0
4293.261
383.9597
-659.4176
1.0
EnvSeEmitPointBirdTemperate
0
-0.1046143
0
4047.715
353.9766
-702.9922
1.0
Obj_TreeBroadleafLow_A_02.001
0
-1.480001
0
4674.26
354.4781
-796.2803
1.0
Obj_Plant_CypressLow_A_01.004
0
0
0
4214.235
380.695
-145.2687
1.0
Obj_TreeConiferous_A_01.003
0
0
0
4089.684
370.7179
-559.3519
1.0
FldObj_SoilRockZora_A_M_01
-3.10031
-0.8007665
3.084119
4013.62
345.1945
-746.6954
1.0
Obj_TreeConiferous_A_02.005
0
-1.4
0
4336.614
377.2369
-642.5907
1.0
FldObj_CliffZoraGround_A_02.001
-0.2299211
1.313069
-0.2374869
4358.865
394.2031
-880.0943
1.0
TBox_Field_Iron
0.005417628
-0.3797359
-0.006759151
4037.041
341.9373
-318.2723
1.0
FldObj_SoilRockZora_A_L_01.001
0
2.763185
0
4241.717
377.7866
-561.1075
1.0
Obj_TreeConiferous_A_01.004
0
0
0
4028.317
362.8821
-192.2743
1.0
FldObj_PushRock_A_M_01.002
-3.124339
-0.1833403
2.951282
4583.041
335.3024
-640.5055
1.0
Item_Plant_H
0
0
0
4685.244
319.5394
-543.6714
1.0
FldObj_KorokStone_A_01.002
0
-0.7599967
0
4072.912
421.7656
-217.2457
1.0
FldObj_BridgeZoraWoodScaffold_A_01
-3.103615
-0.5204545
3.072547
4597.087
334.2032
-665.3079
1.0
FldObj_PushRock_A_M_01.003
-0.09709889
-0.01022916
-0.1267858
4174.92
361.3688
-829.0176
1.0
FldObj_BridgeZoraWoodThin_A_01
-0.1448623
-0.2118204
0.05414283
4579.997
273.9562
-1015.424
0.9
Obj_Mineral_B_01
0.2739859
0.5620633
0.6092541
4599.615
208.4503
-746.0368
1.0
Obj_Plant_CypressLow_A_02
0.2108523
1.280913
0.2716026
4255.922
451.7783
-397.6172
0.85791
FldObj_SoilRockZora_A_M_01.001
0
-0.52
0
4200.059
379.4056
-583.697
1.0
Obj_TreeConiferous_A_02.006
0
0.5444173
0
4205.064
380.9519
-150.3833
1.0
Obj_TreeConiferous_A_01.005
0
-1.16
0
4222.075
351.0847
-892.7629
1.0
FldObj_SoilRockZora_A_L_01.002
-3.116133
-0.4008279
3.07642
4624.823
267.8188
-1062.024
0.9
Obj_MineralGrain_A_04.001
-0.382537
-0.8574576
0.3490317
4614.039
271.7838
-1055.553
1.0
Obj_TreeConiferous_A_01.006
0
-1.02
0
4376.938
386.3183
-827.14
1.0
Obj_TreeConiferous_A_01.007
0
5.253152
0
4615.693
336.7427
-750.5239
1.0
EnvSeEmitPointBirdTemperate
0.05310058
0.4389648
0.2261963
4129.379
379.9102
-580.9688
1.0
Obj_TreeConiferous_A_01.008
0
2.12
0
4706.229
319.325
-978.8677
1.0
FldObj_SoilRockZora_A_L_01.003
0
2.699998
0
4096.608
255.5179
-795.0715
1.0
FldObj_BridgeZoraWoodBase_A_01.001
-2.600044
0.08047611
-3.062082
4662.205
266.0919
-1189.057
1.1
Obj_TreeConiferous_A_01.009
0
1.18
0
4092.861
383.5487
-944.1077
1.0
Obj_TreeConiferous_A_02.007
0
0
0
4017.486
362.2225
-212.9962
1.0
AscendingCurrent
0
1.041213
0
4670.82
103.2053
-670.5017
1.0
FldObj_BridgeZoraWoodScaffold_A_01.001
3.020318
-1.117952
-3.004218
4585.459
334.6387
-653.5261
1.0
Obj_TreeConiferous_A_01.010
0
1.28
0
4143.446
360.7727
-869.1743
1.0
AirWallHorse_HiddnKorok
0
1.88
0
4074.651
482.0447
-459.9667
1.0
TBox_Field_Iron
-0.2705244
-0.05149248
-0.272184
4651.182
370.4958
-781.9483
1.0
Obj_TreeConiferous_A_02.008
0
0.1801021
0
4374.378
386.1524
-846.6439
1.15
EnvSeEmitPointBirdTemperate
3.141479
-0.8914794
3.141479
4205.66
389.9688
-168.9883
1.0
Obj_TreeConiferous_A_01.011
0
-1.9
0
4232.444
376.1786
-581.202
1.0
Enemy_Keese
0
1.16
0
4198.464
459.0948
-521.8302
1.0
Item_Mushroom_E
0
1.52837
0
4225.778
351.0249
-909.6727
1.0
FldObj_CliffZoraGround_A_01.001
0
0.6031877
0
4263.059
384
-657.8164
1.0
Obj_Plant_CypressLow_A_01.005
0.407948
-1.209052
-0.4752183
4336.098
406.4142
-689.4258
0.877441
FldObj_BridgeZoraWoodBase_A_01.002
-0.05800365
-0.7869173
0.0270167
4604.744
350.5299
-970.3884
1.0
Item_Plant_B
0
-0.46
0
4155.878
428.0073
-81.16211
1.0
Obj_Mineral_B_01.001
2.650994
-0.3062284
2.753149
4601.768
324.2126
-934.0246
1.0
FldObj_CliffZoraGround_A_02.002
-2.858203
1.330885
-2.821389
4131.184
252.8904
-774.7595
1.0
FldObj_SoilRockZora_A_M_01.002
0
0
0
4304.001
381.233
-393.5923
1.0
FldObj_PushRock_A_M_01.004
2.913544
-1.458647
-2.914446
4306.279
339.1068
-814.6885
1.0
FldObj_SoilRockZora_A_L_01.004
0.251017
0.4561575
-0.08936585
4174.121
453.7777
-308.4368
1.0
EnvSeEmitPointBirdTemperate
3.141479
-0.09240723
3.141479
4137.43
373.3984
-885.2773
1.0
Obj_TreeConiferous_A_01.012
0
-0.7199999
0
4203.392
375.7975
-633.0812
1.0
EnvSeEmitPointInsectTemperate
-0.836792
0.6676025
-2.207397
4454.07
387.8594
-734.8945
1.0
Obj_TreeBroadleafLow_A_02.002
0
0.66
0
4376.813
378.3997
-635.652
1.0
FldObj_SoilRockZora_A_L_01.005
0
1.48
0
4088.216
295.642
-683.699
1.0
Obj_Plant_CypressLow_A_01.006
-0.002410457
0.3567493
-0.05505455
4375.883
386.4402
-835.8477
0.972656
FldObj_SoilRockZora_A_M_01.003
0
-3.02
0
4661.961
349.4691
-585.9684
0.8
Item_Plant_A
0
-0.6806952
0.05235988
4641.104
370.3452
-791.0448
1.0
Obj_TreeConiferous_A_02.009
0
0.8
0
4682.3
327.9868
-990.2689
1.1
FldObj_PushRockIron_A_M_01
-0.9674159
-1.32123
1.036906
4614.281
248.4809
-935.1708
1.0
Item_Plant_A
0
-0.5947266
0
4283.473
379.7439
-349.2422
1.0
FldObj_BridgeZoraWoodBase_A_01.003
3.108633
-1.083007
-3.01371
4648.028
320.2302
-568.4224
1.0
FldObj_BridgeZoraWoodScaffold_A_01.002
-2.77067
1.19532
-2.751561
4691.145
321.8932
-800.996
1.0
Obj_TreeConiferous_A_02.010
0
0
0
4050.757
380.1853
-914.2141
1.0
FldObj_PushRockIron_A_M_01.001
-0.09444323
0.6528298
0.02967895
4616.6
248.7759
-933.0876
1.0
EnvSeEmitPointBirdTemperate
3.141479
0.6408691
3.141479
4020.52
351.3672
-802.7852
1.0
Obj_TreeConiferous_A_02.011
0
-1.02
0
4383.409
388.2523
-858.8627
1.0
Obj_TreeConiferous_A_01.013
0
-0.98
0
4344.061
395.7568
-910.8954
1.0
Enemy_Lizalfos_Bone_Junior
-3.001594
0.2601398
2.870196
4242.684
379.8781
-186.0158
1.0
Obj_MineralGrain_A_04.002
-0.07579251
-0.005328834
-0.1403187
4267.279
300.529
-794.84
1.0
Obj_MineralBury_A_01
0
0
0
4278.5
325.424
-781
1.0
FldObj_CliffZoraGround_A_01.002
-2.915501
0.8356261
-2.840874
4194.352
339.5703
-698.0996
1.0
EnvSeEmitPointBirdTemperate
0.1035156
-1.368042
-0.3931885
4105.602
364.9063
-865.8906
1.0
Obj_RockWhite_A_L_02
-2.950969
0.1434298
-2.949968
4063.3
352.637
-660.0121
1.0
Obj_TreeConiferous_A_02.012
0
0
0
4393.785
388.4894
-876.1299
1.0
Item_Plant_A
0
0.6376953
0
4425.773
367.1517
-562.0781
1.0
FldObj_BridgeZoraWoodScaffold_A_01.003
-3.071871
0.4751095
-2.984049
4681.079
319.3855
-812.9009
1.0
FldObj_PushRockIron_A_M_01.002
3.135098
-0.01196995
-3.069577
4611.018
247.9672
-935.3864
1.0
FldObj_BridgeZoraWoodThin_A_02
0
1.1
0
4664.833
324.2706
-560.9526
0.95
Obj_TreeBroadleafLow_A_02.003
0
0
0
4220.35
378.8911
-587.1514
1.0
Obj_TreeConiferous_A_02.013
0
0.38
0
4681.167
313.994
-830.1007
1.0
Item_Mushroom_J
3.141479
-1.45459
3.141479
4082.551
353.1544
-856.6758
1.0
FldObj_KorokStone_A_01.003
1.070796
1.992871E-08
1.570796
4081.276
426.4219
-221.0161
1.0
FldObj_SoilRockZora_A_M_01.004
0
0
0
4582.61
268.4178
-1047.609
1.0
Area
0
2.819999
0
4356.945
377.6535
-630.2129
100
Obj_Plant_Shrub_A_02
0
-0.3101806
0
4004.645
356.0765
-280.168
1.06543
Obj_TreeConiferous_A_02.014
0
1.18
0
4396.334
389.7781
-857.0325
1.0
Obj_Plant_HopBush_A_01.001
0
0
0
4206.489
380.756
-153.707
1.0
Obj_TreeConiferous_A_01.014
0
0.5
0
4413.783
378.8412
-714.3403
1.0
FldObj_CliffZoraGround_A_01.003
0.0114986
-0.27977
-0.04161907
4156.57
386.014
-976.3165
1.0
EnvSeEmitPointBirdTemperate
-2.236938
1.073975
-2.284912
4258.016
388.1797
-549.3906
1.0
Item_Plant_H
0
0
0
4655.792
314.3954
-839.1116
1.0
Area
0
1.16
0
4183.914
456.0948
-525.9867
100
EnvSeEmitPointBirdTemperate
3.141479
-1.266724
3.141479
4113.512
379.7578
-621.918
1.0
FldObj_BridgeZoraWoodBase_A_01.004
-3.009172
-0.1056337
-3.061994
4635.564
351.7155
-742.4601
1.05
EnvSeEmitPointInsectTemperate
0
-1.413818
0
4209.547
376.0352
-633.5664
1.0
Item_Plant_H
-0.06926215
0.9553054
-0.0009414849
4704.63
329.7229
-1016.652
1.0
Item_Mushroom_D
-1.541044
1.420535
-2.452004
4689.637
318.7579
-1043.291
1.0
EnvSeEmitPointInsectTemperate
2.84729
0.6295165
3.029175
4210.766
381.8672
-951.5117
1.0
FldObj_CliffZoraGround_A_01.004
-3.132118
-0.06166607
-3.113135
4159.187
371.7908
-627.6092
1.0
Obj_TreeBroadleafLow_A_02.004
0
0.2800002
0
4664.553
300.9086
-870.6333
1.0
FldObj_BridgeZoraWoodScaffold_A_01.004
0
2.1
0
4715.994
297.1512
-1024.485
1.0
WallCrack
0.2956576
-0.1245173
0.04363323
4198.276
321.3125
-836.578
1.252
FldObj_CliffZoraGround_A_02.003
0
1.12
0
4119.737
365.17
-890.6714
1.0
Obj_TreeConiferous_A_01.015
0
0
0
4620.324
335.3219
-742.6743
1.0
Obj_MineralBury_A_01.001
-0.2068583
-0.5617776
0.3735962
4261.878
319.6041
-709.5139
1.0
Obj_MineralGrain_A_04.003
0
-0.03999997
0
4075.019
338.144
-818.7104
1.0
Obj_MineralGrain_A_04.004
1.213053
0.2484609
-0.3794783
4601.652
325.2281
-934.5288
1.0
Obj_Mineral_A_01.002
0.1219448
0.1221948
0.4364115
4596.075
207.8509
-750.7932
1.0
Item_Mushroom_J
3.141479
0.4046631
3.141479
4219.836
351.1687
-913.8828
1.0
Item_Plant_H
-0.01988806
0.3805671
0.0614
4699.659
329.3062
-1016.844
1.0
Obj_TreeBroadleafLow_A_01
0
0.62
0
4297.997
380.4783
-627.1031
1.0
Obj_TreeConiferous_A_02.015
0
1.816112
0
4032.243
361.4205
-90.48212
1.0
Item_Plant_B
0
0.8400002
0
4164.063
428.4484
-68.0484
1.0
FldObj_SoilRockZora_A_M_01.005
0
0
0
4612.351
333.4167
-665.4065
1.0
FldObj_CliffZora_A_03
0
1.720008
0
4455.719
369.9824
-654.4591
1.2
FldObj_BridgeZoraWoodBase_A_01.005
0.2
-0.09999998
4.520698E-10
4666.014
299.4972
-892.8246
1.2
Obj_Plant_HopBush_A_01.002
0.2918184
-1.415997
-0.2246909
4259.082
452.3629
-403.1055
0.856934
Obj_TreeConiferous_A_01.016
0
-1.38
0
4056.062
380.9946
-920.655
1.0
FldObj_KorokStone_A_01.004
0
2.370799
0
4073.643
421.7656
-215.1222
1.0
Obj_TreeConiferous_A_02.016
0
0.7600001
0
4293.809
381.3612
-497.6633
1.1
FldObj_PushRock_A_M_01.005
-0.03507399
-0.297047
-0.009992853
4578.635
335.6316
-641.1929
1.0
FldObj_CliffZoraGround_A_01.005
-3.06181
-0.4587985
3.097056
4211.49
378.3254
-589.825
1.0
Animal_Fish_B
0
0.2400001
0
4098.907
367.8775
-499.9371
1.0
Obj_Plant_Shrub_A_02.001
-0.1791126
-0.4808974
0.0437127
4008.352
355.3963
-288.3672
0.888184
FldObj_SoilRockZora_A_L_01.006
0
0.92
0
4233.317
380.3824
-208.1088
1.0
FldObj_EnemyLookout_B_01
0
1.108997
0
4199.489
455.5152
-545.5419
1.0
EnvSeEmitPointBirdTemperate
-1.352539
0.09704589
-1.442993
4246.289
393.0547
-994.1055
1.0
FldObj_SoilRockZora_A_M_01.006
0
0
0
4691.658
319.8203
-536.5732
1.0
Animal_Bull_A
0
-0.86
0
4389.351
390.5268
-893.1235
1.0
Obj_TreeConiferous_A_02.017
0
5.236325
0
4211.69
381.9323
-951.4172
1.15
FldObj_SoilRockZora_A_M_01.007
0.1610818
0.5530621
-0.0735113
4063.431
341.1093
-774.3877
1.0
Obj_TreeBroadleafLow_A_01.001
0
0
0
4617.185
336.7769
-752.9323
1.0
WallCrack
-0.0059549
0.06780313
-2.85652
4200.158
337.3591
-833.6863
1.2
Obj_TreeBroadleafLow_A_02.005
0
1.04
0
4328.927
397.7427
-886.4364
1.0
Item_Mushroom_E
0
4.265831
0
4224.698
350.9516
-908.5555
1.0
Obj_MineralBury_A_01.002
-2.819034
-0.1776837
3.094009
4632.806
269.053
-839.2497
1.0
Item_Mushroom_J
0
-0.6083984
0
4189.801
385.5626
-968.2422
1.0
Obj_TreeConiferous_A_01.017
0
1.24
0
4633.099
362.1469
-650.2595
1.0
Obj_TreeBroadleafLow_A_02.006
0
-0.9400001
0
4135.277
373.1328
-579.0644
1.0
FldObj_BridgeZoraWoodThin_A_01.001
0
0.3192501
0
4614.492
350.7909
-891.0574
0.98
GrassCutTag
0
-0.5400091
0
4218.505
380.7061
-156.8967
1.0
Obj_TreeConiferous_A_01.018
0
-0.84
0
4366.729
386.842
-849.9957
1.0
FldObj_CliffZoraGround_A_02.004
-3.070371
0.6773958
-2.990446
4039.051
350.3411
-656.9297
1.0
Enemy_Moriblin_Senior
0
2.58
0
4270.027
378.3464
-555.7789
1.0
Obj_RockWhite_A_L_03.002
3.125612
-0.2418491
3.10855
4046.674
344.5116
-721.4605
1.0
EnvSeEmitPointBirdTemperate
3.141479
0.2895508
3.141479
4064.055
379.9492
-534.7656
1.0
Item_Plant_A
0
-0.9182129
0
4367.664
385.3222
-729.6445
1.0
FldObj_CliffZoraGround_A_01.006
0
-2.1
0
4144.428
294.4122
-662.8281
1.0
AscendingCurrent
0
0.04448158
0
4175.04
277.8987
-682.0474
1.0
Obj_TreeConiferous_A_01.019
0
3.259243
0
4234.603
385.5005
-644.9793
1.0
Obj_Plant_CypressLow_A_01.007
-0.08928285
-0.5569044
0.08167515
4330.865
397.6115
-889.7573
1.0
Area
0
0
0
4343.558
397.6997
-864.9425
25
Obj_MineralGrain_A_02.001
-3.123305
-0.5155612
-2.91755
4596.594
208.0738
-750.543
1.0
Obj_TreeConiferous_A_02.018
0
2.322961
0
4107.887
356.6761
-864.8529
1.0
EnvSeEmitPointBirdTemperate
0
1.00354
0
4213.699
387.7852
-586.9609
1.0
RockSetWhite_A_01
0
0
0
4678.218
305.922
-854.8396
1.0
EnvSeEmitPointInsectTemperate
3.141479
-0.4315185
3.141479
4039.086
351.5117
-651.7852
1.0
Area
0
0
0
4343.558
397.6997
-864.9425
60
FldObj_BridgeZoraWoodBase_A_01.006
-0.252053
0.649356
-0.05589701
4641.693
311.0995
-855.7495
1.0
FldObj_CliffZora_A_03.001
0
-0.6
0
4697.73
314.2633
-546.6364
1.2
Obj_Plant_CypressLow_A_02.001
0.2232557
0.921034
0.5221075
4369.508
393.0912
-675.3047
1.040039
FldObj_SoilRockZora_A_M_01.008
0
0
0
4359.329
377.9298
-653.7896
1.0
Obj_TreeConiferous_A_02.019
0
0.8199999
0
4078.563
381.6708
-924.46
1.0
Obj_MineralBury_A_01.003
2.205579
0.08451703
-2.390327
4624.229
337.6815
-750.4615
1.0
FldObj_KorokStone_A_01.005
0
0.8107996
0
4072.223
421.7656
-216.5208
1.0
FldObj_SoilRockZora_A_L_01.007
-0.1859032
0.9140534
-0.03415856
4060.988
340.2829
-722.9588
1.0
AscendingCurrent
0
0.9812075
0
4562.122
103.858
-647.8934
1.0
Obj_TreeConiferous_A_02.020
0
-0.8600001
0
4021.711
361.4142
-194.6708
1.1
Item_Plant_C
0.0853249
-0.002154904
0.05046921
4700.747
329.3408
-1015.761
1.0
EnvSeEmitPointBirdTemperate
0
-0.2529297
0
4676.883
321.8438
-821.1172
1.0
FldObj_KorokStone_A_01.006
-1.570796
-1.071851
-3.141593
4083.656
424.4297
-220.2223
1.0
EnvSeEmitPointBirdTemperate
0.2011719
0.9104003
0.3205566
4390.281
396.0742
-845.5313
1.0
Obj_Mineral_C_01
3.08758
-0.2381384
-2.625939
4579.744
324.1328
-588.6348
1.0
Obj_MineralGrain_A_04.005
-0.01814765
-0.3581462
0.2173707
4691.333
322.5308
-784.174
1.0
Obj_RockSetGray_A_L_02.001
-0.07999999
0
0
4658.181
298.2295
-863.8029
1.0
FldObj_CliffZoraGround_A_02.005
0
1.18
0
4477.631
362.6625
-634.1471
1.0
Obj_TreeConiferous_A_01.020
0
2.827142
0
4232.134
380.9004
-157.7725
1.0
EnvSeEmitPointInsectTemperate
-0.4464111
-0.7578124
0.5499267
4022.449
358.25
-90.5
1.0
Obj_Plant_HopBush_A_01.003
-0.004798079
1.07237
0.08801309
4232.602
384.8946
-636.3906
0.96875
Item_Mushroom_J
3.141479
1.462402
3.141479
4211.367
382.2008
-952.5313
1.0
Obj_TreeConiferous_A_01.021
0
0
0
4580.116
353.8836
-609.4613
1.0
Obj_TreeConiferous_A_01.022
0
1.176854
0
4202.447
381.2447
-160.5824
1.0
FldObj_SoilRockZora_A_L_01.008
0
-3.08
0
4295.26
295.5442
-727.2911
1.0
Item_Mushroom_J
0
-0.09999992
0
4221.444
351.1461
-913.8311
1.0
EnvSeEmitPointInsectTemperate
-0.06591796
0.3696289
0.3399658
4033.328
361.7227
-91.83203
1.0
FldObj_PushRock_A_M_01.006
-0.01130439
0.0001696534
-0.05641012
4289.006
337.0351
-810.079
0.5
Item_Plant_A
-0.1095988
0.6129341
-0.157545
4339.814
406.2105
-703.5767
1.0
Obj_TreeConiferous_A_01.023
0
2.08
0
4340.303
377.2111
-623.5637
1.0
FldObj_CliffZoraGround_A_01.007
0
1.560002
0
4113.395
254.8146
-802.5977
1.0
Obj_Mineral_A_01.003
0
-2.1
0
4307.223
337.9011
-797.7109
1.0
FldObj_BridgeZoraWoodScaffold_A_01.005
-3.112967
-0.5407397
3.072097
4630.57
318.6207
-836.855
1.0
FldObj_SoilRockZora_A_M_01.009
0.07942711
-0.009566909
-0.02038007
4314.686
382.2765
-575.2993
1.0
Obj_TreeConiferous_A_01.024
0
1.42
0
4084.889
383.1005
-945.8943
1.0
Obj_TreeConiferous_A_01.025
0
0.84
0
4379.696
386.7591
-852.7087
1.0
Obj_Plant_HopBush_A_01.004
0.002771311
0.8748378
-0.09213981
4394.52
395.8283
-680.793
1.01416
EnvSeEmitPointBirdTemperate
0.1303711
0.4299316
0.2956543
4095.063
393.4258
-973.0195
1.0
Obj_TreeConiferous_A_01.026
0
1.599996
0
4085.533
337.0759
-770.6989
1.0
Obj_RockWhite_B_L_01
0
-0.1999999
0
4610.435
242.7805
-929.3591
1.0
FldObj_SoilRockZora_A_L_01.009
0
-0.74
0
4154.07
293.7422
-713.0872
1.0
Obj_TreeConiferous_A_01.027
0
-0.8
0
4380.07
386.4167
-839.6053
1.0
FldObj_SoilRockZora_A_L_01.010
-0.02980842
-0.9797027
0.03589463
4222.417
376.0933
-627.218
1.0
FldObj_CliffZoraGround_A_01.008
0
-2.700001
0
4021.374
367.1017
-925.0834
1.0
FldObj_KorokStone_A_01.007
-2.642647
7.676486E-08
-1.570796
4083.198
425.4297
-219.3864
1.0
EnvSeEmitPointBirdTemperate
1.416992
-1.13623
0.1744385
4668.773
335.168
-990.082
1.0
Weapon_Lsword_031
-0.4796686
-0.04739802
-3.101167
4660.787
314.8604
-847.7466
1.0
Obj_TreeConiferous_A_01.028
0
0.6
0
4633.063
352.0443
-1012.126
1.0
FldObj_CliffZoraGround_A_02.006
0
0.9800001
0
4029.844
487.0045
-495.3584
1.0
FldObj_BridgeZoraWoodThin_A_02.001
0
-0.07993579
0
4669.596
305.2246
-926.8353
1.2
Obj_Plant_HopBush_A_02
-0.2052537
-1.305298
0.3230869
4044.344
352.1238
-656.0781
0.990723
Item_Plant_A
0
0.008055184
-0.08972272
4289.897
379.9605
-356.2606
1.0
FldObj_SoilRockZora_A_M_01.010
3.036646
0.7152828
3.022341
4254.992
380.3671
-301.9238
1.0
Animal_Fish_B
0
0.2400001
0
4091.738
367.8775
-495.0232
1.0
Animal_Fish_E
0
0.48
0
4089.813
368.1314
-504.343
1.0
Obj_TreeConiferous_A_02.021
0
1.418763
0
4111.596
371.1396
-617.045
1.0
Item_Mushroom_J
0
1.500732
0
4338.133
360.0937
-795.2813
1.0
Obj_Plant_CypressLow_A_02.002
-0.04813084
0.226084
0.1043425
4045.723
352.5477
-650.2813
0.869629
Obj_TreeConiferous_A_01.029
0
-0.7
0
4381.4
387.7974
-867.0247
1.0
Obj_Plant_CypressLow_A_01.008
0.06596678
0.003253689
-0.09853192
4284.675
379.7446
-351.3612
1.0
FldObj_SoilRockZora_A_M_01.011
0
0
0
4317.414
378.0083
-609.2387
1.0
Area
0
-2.1
0
4215.934
380.6873
-152.6082
25
Obj_TreeConiferous_A_02.022
0
0
0
4243.646
385.2384
-640.0446
1.0
EnvSeEmitPointBirdTemperate
3.141479
-0.151001
3.141479
4584.406
361.6406
-617.832
1.0
Obj_TreeConiferous_A_01.030
0
0
0
4317.899
378.3873
-635.222
1.0
Obj_TreeConiferous_A_01.031
0
0
0
4140.461
372.512
-601.3875
1.0
FldObj_CliffZoraGround_A_01.009
0
-0.76
0
4115.077
355.3432
-874.6376
1.0
FldObj_CliffZoraGround_A_01.010
-3.044706
-0.2727154
3.079898
4250.923
382.5356
-519.1967
1.0
Item_Mushroom_F
-1.55658
-1.472382
1.310473
4639.765
301.7185
-742.1779
1.0
Obj_MineralGrain_A_02.002
0.005839279
0.000140829
-0.04822557
4077.877
338.2393
-821.8091
1.0
EnvSeEmitPointBirdTemperate
3.141479
1.504516
3.141479
4371.543
386.3906
-612.7734
1.0
Item_Mushroom_J
3.141479
-1.22937
3.141479
4015.395
356.069
-284.3711
1.0
Obj_TreeBroadleafLow_A_02.007
0
-0.6399999
0
4357.628
396.9543
-876.807
1.0
Obj_TreeBroadleafLow_A_02.008
0
0
0
4222.226
382.7142
-949.3356
1.0
EnvSeEmitPointInsectTemperate
3.141479
0.796997
3.141479
4141.309
360.6523
-867.793
1.0
Obj_TreeConiferous_A_02.023
0
5.151073
0
4371.641
378.503
-611.6722
1.15
Obj_Mineral_C_01.001
-3.141592
-0.9015927
-2.921593
4309.089
338.8123
-825.5508
1.0
EnvSeEmitPointBirdTemperate
2.120972
1.245605
2.086914
4404.586
389.0703
-736.418
1.0
Obj_TreeConiferous_A_02.024
0
0.82
0
4098.651
383.8409
-938.5574
1.0
FldObj_CliffZoraGround_A_02.007
0
1.36
0
4224.265
366.8499
-852.8095
1.1
Obj_TreeBroadleafLow_A_02.009
0
-1.800001
0
4075.923
338.4244
-769.6492
1.0
Item_Mushroom_E
0
1.90731
0
4224.058
350.9461
-909.4808
1.0
Obj_TreeConiferous_A_01.032
0
-0.6200001
0
4463.712
374.5603
-701.693
1.0
Obj_Plant_CypressLow_A_01.009
0.07765796
0.003819747
-0.09824469
4220.192
380.4919
-145.0686
1.0
FldObj_CliffZoraGround_A_02.008
0
-1.899999
0
4263.728
386.4791
-645.0507
1.0
FldObj_SoilRockZora_A_L_01.011
3.050687
0.735448
3.006551
4210.269
355.7213
-879.4655
1.0
Area
0
2.819999
0
4356.945
377.6535
-630.2129
50
Obj_MineralBury_A_01.004
-0.2737547
-0.8103138
0.9209654
4574.903
282.0718
-941.7048
1.0
Obj_MineralGrain_A_02.003
-3.042282
0.6992768
3.118754
4690.778
238.7916
-1054.227
1.0
FldObj_BridgeZoraWoodScaffold_A_01.006
5.656151E-09
-1.38
1.316853E-07
4602.397
334.074
-774.2701
1.0
Obj_TreeConiferous_A_01.033
0
0.8
0
4117.306
370.8888
-557.574
1.0
Enemy_Moriblin_Senior
0
-0.7597225
0
4440.315
365.3625
-573.8082
1.0
FldObj_BridgeZoraWoodBase_A_01.007
0.1562137
1.098172
-0.008589773
4670.352
319.3675
-556.9697
1.1
FldObj_BridgeZoraWoodBase_A_01.008
0
-0.24
0
4568.375
279.699
-966.9031
1.0
BarrelBomb2
-3.1288
0.3215057
-3.085424
4349.974
377.8697
-632.7362
1.0
Enemy_Keese_Swarm
0
0
0
4656.008
298.1129
-1125.979
1.0
Obj_TreeConiferous_A_01.034
0
0
0
4613.158
362.4922
-619.8364
1.1
Obj_TreeConiferous_A_01.035
0
0.8800001
0
4063.716
371.9525
-534.4186
1.0
FldObj_BridgeZoraWoodScaffold_A_01.007
0
-0.4799998
0
4633.032
348.8204
-581.8639
1.0
FldObj_PushRockIron_A_M_01.003
3.011087
-0.547263
-2.923219
4615.746
248.5696
-940.5692
1.0
Obj_Mineral_C_01.002
0
0
0
4297.943
336.9697
-782.3898
1.0
EnvSeEmitPointBirdTemperate
3.141479
-1.457886
3.141479
4095.113
391.1289
-935.9258
1.0
Obj_TreeConiferous_A_01.036
0
5.040781
0
4094.841
385.2055
-971.9651
1.14274
Obj_TreeBroadleafLow_A_02.010
0
0.7400001
0
4635.488
361.9531
-651.3512
1.0
FldObj_CliffZoraGround_A_02.009
0
0.5799999
0
4034.779
484.1234
-481.1472
1.0
Obj_TreeConiferous_A_02.025
0
0.6199999
0
4273.172
385.4973
-930.1989
1.0
Obj_TreeConiferous_A_01.037
0
-0.84
0
4449.677
382.6882
-744.8536
1.0
Obj_MineralGrain_A_04.006
-0.8763022
0.2316959
0.8668952
4623.415
272.4803
-1061.905
1.0
Item_Mushroom_E
3.141479
-0.8526611
3.141479
4030.523
343.0195
-799.7383
1.0
Obj_TreeConiferous_A_01.038
0
0
0
4026.191
342.9414
-793.9414
1.0
EnvSeEmitPointBirdTemperate
0
-0.09362792
0
4382.027
398.9805
-906.1094
1.0
EnvSeEmitPointBirdTemperate
3.141479
-0.3843994
3.141479
4679.996
321.957
-829.8164
1.0
FldObj_CliffZoraGround_A_02.010
0
-0.48
0
4444.416
381.7585
-725.0342
1.0
Item_Mushroom_E
3.141479
-1.321167
3.141479
4075.102
339.3042
-774.4297
1.0
Animal_Bull_A
0
1.1
0
4421.46
389.5672
-854.8611
1.0
FldObj_PushRock_A_M_01.007
-0.1045324
0.8027083
-0.03456452
4277.848
374.0008
-695.9456
1.5
Obj_MineralGrain_A_02.004
-0.08031686
0.01069676
0.1266018
4578.429
324.0638
-589.8906
1.0
Item_Mushroom_J
0
0.3217773
0
4464.238
374.5311
-702.2891
1.0
FldObj_SoilRockZora_A_M_01.012
0
0
0
4303.935
381.8683
-473.8399
1.0
FldObj_CliffZoraGround_A_02.011
0
0.6799999
0
4021.691
494.1204
-491.5318
1.0
Obj_TreeConiferous_A_01.039
0
1.72
0
4326.199
354.4806
-819.4134
1.0
Obj_MineralBury_A_01.005
0
1.46
0
4074.558
338.6172
-817.0752
1.0
FldObj_SoilRockZora_A_L_01.012
0
-2.06
0
4267.574
250.7344
-759.1462
1.0
Animal_Fish_E
0
0.48
0
4091.256
368.2003
-511.6313
1.0
Item_Mushroom_F
0
-0.3435058
0
4450.539
382.7223
-744.6758
1.0
Obj_MineralGrain_A_02.005
0.1412103
1.19209
0.3032232
4623.269
337.1924
-750.6656
0.85
Obj_TreeConiferous_A_01.040
0
0
0
4179.896
359.8644
-906.6211
1.0
TBox_Field_Wood
0.096532
1.338202
0.09412976
4686.137
305.8274
-851.6708
1.0
Obj_TreeConiferous_A_01.041
0
2.209024
0
4010.604
357.3724
-82.75308
1.0
Obj_Plant_HopBush_A_01.005
-0.1236547
-0.6085764
0.1023444
4239.453
385.2985
-638.75
0.861328
Item_Mushroom_J
3.141479
1.115845
3.141479
4408.18
380.1715
-703.4102
1.0
TBox_Field_Iron
-3.070764
-0.577617
3.060566
4347.103
397.4614
-864.771
1.0
WallCrack
-0.01942418
-0.2012861
-3.046626
4184.31
336.7363
-832.9656
1.1
Area
0
1.16
0
4183.914
456.0948
-525.9867
25
Obj_TreeConiferous_A_02.026
0
0.4226587
0
4137.55
373.8419
-584.7377
1.0
Obj_Plant_HopBush_A_01.006
-0.07218105
0.7388892
-0.03226497
4191.844
482.2043
-361.4961
1.056152
FldObj_SoilRockZora_A_L_01.013
0
1.56
0
4299.456
382.9549
-403.9166
1.0
Obj_Plant_CypressLow_A_01.010
0.07310979
0.1626451
0.1876611
4399.477
389.625
-845.4023
0.920898
Obj_TreeConiferous_A_01.042
0
1.28
0
4321.853
379.7493
-508.635
1.0
FldObj_BridgeZoraWoodScaffold_A_01.008
-0.09753834
1.178048
-0.1046547
4691.424
323.2936
-770.5079
1.0
Obj_Plant_CypressLow_A_02.003
-1.066861
1.497636
-1.038466
4423.301
379.075
-690.1953
1.04834
EnvSeEmitPointBirdTemperate
3.141479
1.21875
3.141479
4378.98
391.5156
-713.8594
1.0
FldObj_SoilRockZora_A_L_01.014
0.4768949
-1.310876
-0.4835918
3964.307
355.9004
-853.9801
1.0
FldObj_EnemyTrace_Garbage_A_01
0
-1.500001
0
4176.438
456.071
-520.1789
1.0
Obj_TreeConiferous_A_02.027
0
-1.72
0
4090.479
370.7953
-554.5675
1.0
FldObj_CliffZoraGround_A_01.011
1.451518
-1.230442
-1.430642
4304.829
347.0376
-858.1944
0.8
Obj_TreeBroadleafLow_A_02.011
0
-1.560001
0
4098.272
369.5971
-575.0945
1.0
EnvSeEmitPointBirdTemperate
3.141479
0.09350586
3.141479
4605.441
362.1172
-596.7695
1.0
FldObj_CliffZoraGround_A_02.012
0.0465048
-0.6586041
-0.07589532
4158.664
383.9323
-952.9513
1.0
AscendingCurrent
0
1.241213
0
4699.114
231.6071
-1045.908
1.0
Obj_Plant_CypressLow_A_01.011
0
2.25246
0
4211.939
455.7328
-519.1122
1.0
FldObj_CliffZoraGround_A_02.013
0
1.44
0
4206.04
352.0005
-908.0824
1.0
Item_Mushroom_J
0
1.335205
0
4011.469
357.3709
-83.52344
1.0
EnvSeEmitPointInsectTemperate
3.141479
-0.06091307
3.141479
4681.078
324.1172
-748.2539
1.0
Obj_TreeConiferous_A_01.043
0
-0.92
0
4627.818
300.6161
-731.2801
1.0
Obj_TreeConiferous_A_01.044
0
0.4199999
0
4379.77
388.1592
-877.8693
1.0
PointWindSetTag
0
0
0
4210.93
324.8828
-780.0596
1.0
Obj_TreeConiferous_A_02.028
0
6.047075
0
4103
386.1519
-964.5
1.093533
Obj_TreeConiferous_A_02.029
0
1.96
0
4038.575
351.5665
-653.5789
1.0
FldObj_BridgeZoraWoodScaffold_A_01.009
0
2.379999
0
4705.263
296.9613
-1038.239
1.0
FldObj_CliffZoraGround_A_01.012
0
0.28
0
4058.921
369.2961
-537.4874
1.0
Obj_TreeConiferous_A_01.045
0
-1.08
0
4282.058
388.9728
-946.3672
1.0
FldObj_CliffZoraGround_A_02.014
0
2.783185
0
4668.659
352.8486
-1044.108
1.0
FldObj_SoilRockZora_A_M_01.013
-2.566871
-1.264361
2.357775
4030.382
345.3431
-687.1763
1.0
Obj_TreeConiferous_A_02.030
0
5.046391
0
4255.456
387.1719
-958.1036
1.15
EnvSeEmitPointInsectTemperate
-1.411011
0.0324707
1.217041
4012.633
356.3008
-100.3789
1.0
AscendingCurrent
0
0.9012132
0
4642.792
105.2243
-1089.791
1.0
FldObj_CliffZoraGround_A_02.015
-3.056082
-1.340737
3.05378
4056.327
346.7716
-687.1774
0.8
EnvSeEmitPointInsectTemperate
-0.2697754
-0.8305663
0.3082275
4654.172
314.3086
-838.2852
1.0
FldObj_CliffZoraGround_A_02.016
2.996829
-1.195776
-2.921852
4024.594
375.0886
-892.7762
1.0
Obj_TreeConiferous_A_02.031
0
0.9319638
0
4188.589
385.6776
-968.3431
1.067637
Obj_Plant_CypressLow_A_01.012
-0.2205208
0.1781704
-0.002496743
4190.717
456.9614
-495.8933
1.0
FldObj_CliffZoraGround_A_02.017
0
-1.22
0
4291.849
294.21
-751.8474
1.0
Obj_TreeConiferous_A_02.032
0
-0.62
0
4310.591
397.4711
-907.7159
1.0
FldObj_PushRock_A_M_01.008
-0.001519189
-1.333302E-05
0.06186772
4198.326
361.2664
-825.2139
0.8
FldObj_CliffZoraGround_A_02.018
-0.03491139
1.162289
0.003310869
4651.103
355.6257
-1033.796
1.0
FldObj_CliffZoraGround_A_02.019
0
-0.98
0
4127.372
358.0359
-866.8427
1.0
FldObj_SoilRockZora_A_L_01.015
0
2.3
0
4011.864
345.9434
-723.6757
1.0
Obj_MineralGrain_A_04.007
0.4950355
0.4444491
-0.3682911
4665.129
349.8747
-586.5044
1.0
Item_Mushroom_J
0
-0.876709
0
4462.941
374.7754
-702.6758
1.0
RockSetWhite_A_02
0
-0.07999997
0
4631.568
361.5035
-645.386
1.0
FldObj_BridgeZoraWoodBase_A_01.009
0.06189048
0.3008876
0
4630.855
349.7483
-838.7415
1.0
EnvSeEmitPointInsectTemperate
3.141479
-1.329956
3.141479
4390.832
389.1563
-855.4063
1.0
Obj_Plant_CypressLow_A_01.013
-3.102222
0.7646869
2.924994
4357.544
396.7674
-883.5498
1.0
Obj_TreeConiferous_A_02.033
0
6.19827
0
4382.184
378.1436
-629.5557
1.15
FldObj_CliffZoraGround_A_02.020
-3.101593
-0.8415927
3.141593
4032.449
373.2668
-912.647
1.0
Animal_Boar_B
0
-1.52
0
4397.046
381.1356
-729.0098
1.0
FldObj_SoilRockZora_A_M_01.014
-0.4999999
-0.3
0
4214.834
338.0507
-710.1599
1.0
Animal_Fish_E
0
0.48
0
4083.556
368.2437
-495.1334
1.0
Obj_Plant_HopBush_A_02.001
-0.1727388
-0.009873291
-0.1139074
4357.497
396.409
-886.4539
1.0
Enemy_Octarock
0
-1.54
0
4624.015
358.7381
-639.4619
1.0
Obj_Mineral_A_01.004
-2.665828
0.1510486
-2.852973
4635.008
268.8191
-839.9525
1.0
Item_Plant_J
0.03397432
-0.2404361
0.0262108
4164.362
428.2605
-72.40219
1.0
EnvSeEmitPointInsectTemperate
3.141479
-0.15625
3.141479
4237.52
384.9648
-641.3125
1.0
FldObj_SoilRockZora_A_L_01.016
0
-2.1
0
4313.46
340.3721
-787.422
1.0
Item_Mushroom_J
3.141479
0.2730713
3.141479
4013.789
356.1517
-282.418
1.0
Obj_TreeConiferous_A_01.046
0
0
0
4069.841
371.8395
-536.9948
1.0
FldObj_SoilRockZora_A_M_01.015
0
0
0.2600002
4029.049
342.6278
-778.7107
1.0
FldObj_SoilRockZora_A_M_01.016
0
1.28
0
4254.646
378.4149
-243.6295
1.0
AscendingCurrent
0
1.341213
0
4576.572
103.9009
-1003.789
1.0
Obj_Mineral_A_01.005
0.1955013
-0.701941
-0.8345526
4621.917
297.0143
-1002.767
1.0
FldObj_PushRockIron_A_M_01.004
-0.1683371
-0.07959851
-0.04293796
4616.438
248.5187
-937.5946
1.0
FldObj_CliffZoraGround_A_02.021
-0.04189913
0.119052
-0.06852434
4225.146
454.5151
-472.3079
1.0
RockSetWhite_A_02
0
0.6199999
0
4344.093
395.7903
-899.5897
1.0
FldObj_CliffZoraGround_A_01.013
0
1.38
0
4445.617
374.6868
-713.868
1.0
Obj_Plant_CypressLow_A_02.004
0
0
0
4217.149
380.6362
-145.6476
1.0
Obj_TreeConiferous_A_01.047
0
1.38
0
4094.75
352.6112
-847.1724
1.1
Obj_Plant_CypressLow_A_02.005
0.1091554
0.007542131
-0.1378354
4237.878
380.6816
-175.336
1.0
Obj_TreeConiferous_A_01.048
0
0
0
4323.365
397.286
-901.9552
1.0
Item_Plant_A
0.05843758
-0.0006725945
0.02301168
4327.457
407.1025
-692.5367
1.0
FldObj_EnemyLookout_B_01.001
0
0.6364011
0
4198.771
456.2179
-505.8807
1.0
Item_Plant_J
0.07012234
-1.243329
0.01214562
4166.049
427.4893
-78.26913
1.0
Obj_MineralBury_A_01.006
-0.6471714
0.8086075
0.02040434
4626.951
250.2902
-687.5007
1.0
Obj_TreeBroadleafLow_A_01.002
0
1.18
0
4341.887
377.1564
-619.9412
1.0
Obj_MineralGrain_A_04.008
-2.443948
-1.28382
2.608614
4144.552
310.1372
-754.9134
1.0
FldObj_CliffZoraGround_A_01.014
0
0.96
0
4226.189
349.9391
-911.2576
1.0
Obj_TreeConiferous_A_01.049
0
1.26
0
4241.148
375.0919
-581.3892
1.0
Obj_Plant_CypressLow_A_02.006
-0.04508332
0.2027204
0.07555046
4234.09
385.1441
-631.8672
0.910156
Obj_TreeBroadleafLow_A_01.003
0
1.1
0
4122.317
371.6828
-622.1436
1.0
Obj_Plant_CypressLow_A_01.014
0.3986164
-1.298405
-0.4077631
4220.364
381.6835
-178.4776
1.0
Obj_Mineral_C_01.003
-1.65714
1.518563
-1.043239
4581.19
326.2939
-587.6575
1.0
Obj_Plant_HopBush_A_01.007
-0.2382611
-0.8361014
0.1630766
4404.652
389.5801
-859.9844
0.956055
Obj_MineralGrain_A_02.006
-0.587075
1.237431
-0.6695035
4621.343
296.9729
-1002.247
1.0
Obj_TreeConiferous_A_01.050
0
4.440102
0
4374.963
377.8749
-629.8677
1.15
EnvSeEmitPointInsectTemperate
3.141479
-0.4140625
3.141479
4106.695
386.4609
-958.4453
1.0
FldObj_PushRockIron_A_M_01.005
2.859889
-1.281574
-2.859638
4605.208
248.1523
-968.978
1.0
FldObj_CliffZoraGround_A_01.015
3.039964
-1.219036
-3.018261
4058.882
378.7148
-916.8414
1.0
Obj_TreeConiferous_A_01.051
0
1.533977
0
4602.795
335.3164
-756.8291
1.0
FldObj_RockZora_A_L_02
-3.109178
-0.5077955
3.016832
4037.612
351.0814
-294.6279
1.0
Item_Mushroom_F
3.141479
-0.3699951
3.141479
4096.203
384.5404
-958.1836
1.0
FldObj_HyliaWoodRuin_A_01
0
2.721593
0
4417.188
378.5592
-701.7227
1.0
FireWoodDie
0
0.9600009
0
4657.955
313.9951
-847.7061
1.0
TBox_Field_Stone
0
-2.22
0
4102.728
368.6731
-473.6411
1.0
FldObj_CliffZoraGround_A_01.016
-3.076344
-1.020287
3.065074
4295.891
387.4063
-661.7375
0.8
FldObj_CliffZoraGround_A_01.017
-3.081592
-1.121593
3.141593
4190.433
374.9689
-601.7064
1.0
FldObj_KorokStone_A_01.008
-0.4989455
0
1.570796
4083.198
424.4297
-219.3864
1.0
Obj_Plant_CypressLow_A_02.007
0.1029536
-0.2629975
-0.02091899
4253.949
452.4026
-409.2969
0.940918
FldObj_SoilRockZora_A_L_01.017
2.881593
-0.8615931
3.141593
4176.435
359.6188
-872.2023
1.0
Obj_RockWhite_A_L_03.003
0
0
-0.14
4284.588
336.6484
-791.465
1.0
Obj_TreeConiferous_A_01.052
0
-1.04
0
4447.465
383.0311
-729.3369
1.0
Obj_Mineral_C_01.004
0.42
1.380001
0
4267.359
301.1758
-794
1.0
Area
0
2.819999
0
4356.945
377.6535
-630.2129
25
Obj_MineralGrain_A_04.009
-0.1222783
-0.02493901
-0.341591
4597.237
270.1753
-1071.865
1.0
Obj_RockSetGray_A_L_02.002
0.07461441
0.3612314
0.1050293
4593.435
351.7624
-610.5868
1.0
Obj_TreeConiferous_A_02.034
0
-1.940008
0
4609.12
353.644
-600.3566
1.0
Obj_TreeConiferous_A_01.053
0
-0.38
0
4676.591
354.9552
-792.4376
1.0
EnvSeEmitPointBirdWet
0
1.136597
0
4015.27
364.2344
-93.32031
1.0
Obj_TreeConiferous_A_01.054
0
0.78
0
4046.997
345.7551
-704.1027
1.0
Obj_TreeConiferous_A_01.055
0
0.1211407
0
4012.673
355.7106
-100.1408
1.0
Obj_MineralGrain_A_04.010
-0.2888341
1.286703
-0.3307698
4280.092
325.3843
-779.8513
1.0
BoxWater
0
-2.73616
0
4109.489
476.36
-458.2383
1.0
RockWhite_A_M_06
-0.03617197
-0.00493574
-0.2712005
4071.449
480.0624
-459.3157
1.0
Obj_TreeConiferous_A_02.035
0
0
0
4389.656
390.1477
-909.6041
1.0
Obj_Plant_CypressLow_A_01.015
-0.3093657
0.8125304
-0.2585196
4331.889
396.5738
-901.9686
1.0
Obj_TreeConiferous_A_01.056
0
-0.9800001
0
4653.695
301.4078
-862.5876
1.1
FldObj_SoilRockZora_A_L_01.018
0
-0.48
0
4250.918
249.9688
-802.0206
1.0
EnvSeEmitPointInsectTemperate
3.141479
0.1009521
3.141479
4666.719
314.3789
-830.9336
1.0
EnvSeEmitPointInsectTemperate
-1.352539
0.09704589
-1.442993
4246.289
409.2656
-994.1055
1.0
Obj_Plant_CypressLow_A_01.016
-1.139647
1.263297
-1.121123
4196.76
457.4309
-495.0139
1.0
AscendingCurrent
0
1.061213
0
4660.307
103.858
-561.1716
1.0
FldObj_SoilRockZora_A_L_01.019
0
1.761593
0
4069.322
367.8277
-516.3054
1.0
Obj_Mineral_A_01.006
-0.1445814
0.1382262
0.1196062
4076.914
338.3114
-822.3438
1.0
Weapon_Lsword_031
3.01174
1.374681
3.124923
4302.84
338.1655
-806.3782
1.0
FldObj_PushRock_A_M_01.009
-0.06999017
0.001994606
-0.08430936
4171.504
361.2999
-831.022
0.8
Obj_TreeConiferous_A_02.036
0
0.9873103
0
4654.1
357.5426
-1038.517
1.0
RockSetWhite_A_01
0
-1.98
0
4178.541
425.7233
-91.23132
1.0
FldObj_BridgeZoraWoodScaffold_A_03
1.7272
-1.388634
-1.735393
4467.063
372.5753
-684.8228
1.0
Obj_TreeConiferous_A_02.037
0
-0.3946301
0
4207.17
381.6854
-168.061
1.0
EnvSeEmitPointBirdTemperate
3.043091
-0.9155273
2.989258
4075.641
347.3242
-774.6406
1.0
FldObj_PushRock_A_M_01.010
0.1265404
0.1255342
0.1777852
4280.079
338.9499
-793.001
0.5
Obj_TreeBroadleafLow_A_01.004
0
0.8600001
0
4036.746
346.2623
-678.0284
1.0
FldObj_BridgeZoraWoodScaffold_A_01.010
0
0.5400001
0
4666.81
333.8162
-746.4662
1.0
Obj_Mineral_A_01.007
0.03050322
0.8011911
-0.1120361
4613.338
272.3146
-1054.155
1.0
Obj_TreeConiferous_A_02.038
0
5.32051
0
4208.714
383.2191
-958.0347
1.15
FireWoodDie
0
0.6600001
0
4598.638
353.4828
-608.8688
1.0
FldObj_BridgeZoraWoodBase_A_01.010
-3.042101
0.2401001
3.139537
4581.332
268.1519
-1024.565
1.0
Animal_Boar_B
0
-0.36
0
4374.647
394.8056
-750.6292
1.0
FldObj_SoilRockZora_A_M_01.017
0.4345113
0.09158761
-0.4093876
4168.826
439.5895
-270.5908
1.0
Item_Mushroom_E
3.141479
-1.03418
3.141479
4252.742
386.2336
-949.7539
1.0
RockSetWhite_A_01
0
2.643184
0
4100.357
368.396
-581.0983
1.0
Obj_TreeConiferous_A_02.039
0
5.959855
0
4258.901
379.9149
-549.9868
1.0
Obj_TreeConiferous_A_01.057
0
-1.078736
0
4118.124
372.5551
-628.006
1.0
Obj_TreeConiferous_A_01.058
0
2.46
0
4352.682
378.0444
-608.4435
1.0
Obj_Plant_CypressLow_A_01.017
0.05863705
0.1848825
-0.1688924
4236.8
380.5443
-172.0034
1.0
Obj_RockGray_A_L_03
1.570796
-1.281592
3.141593
4140.271
354.7344
-831.459
1.2
FldObj_CliffZoraGround_A_02.022
3.02671
-0.9404946
-3.073692
4293.083
379.5666
-574.3224
1.0
Obj_Mineral_A_01.008
0.05757268
-0.0004152843
0.0144222
4621.946
250.0522
-684.9539
1.0
Obj_TreeConiferous_A_02.040
0
-0.58
0
4670.599
301.0089
-871.1791
1.1
Obj_Plant_Shrub_A_01
0
1.236982
0
4009.327
356.1704
-279.127
1.0
Area
0
1.16
0
4183.914
456.0948
-525.9867
50
Obj_Plant_CypressLow_A_01.018
1.304891
-1.374002
-1.096487
4404.957
389.2187
-867.6484
0.906738
Obj_Plant_HopBush_A_01.008
-0.04542064
0.3442727
0.06438584
4313.871
396.7162
-896.9414
1.092773
Obj_TreeConiferous_A_01.059
0
0
0
4133.421
371.9386
-590.7756
1.0
FldObj_EnemyLookout_B_01.002
0
1.051003
0
4180.264
456.364
-500.8855
1.0
FldObj_PushRock_A_M_01.011
-0.02919864
0.7839878
-0.0309216
4313.09
339.7552
-813.1691
1.5
RockSetWhite_A_02
0
0
0
4397.896
380.9099
-705.391
1.0
Obj_Plant_Shrub_A_01.001
0.5282978
-1.029212
-0.5592176
4026.691
362.507
-188.0703
0.944336
RockSetWhite_A_01
0
-2.28
0
4196.829
379.0823
-592.6579
1.0
Obj_TreeConiferous_A_01.060
0
1.38
0
4381.275
391.031
-905.8758
1.0
Obj_TreeConiferous_A_02.041
0
-1.62
0
4224.793
377.9243
-584.93
1.0
Obj_TreeConiferous_A_01.061
0
0.94
0
4080.017
371.7786
-540.9764
1.0
FldObj_BridgeZoraWoodBase_A_01.011
-0.06159275
0.1167907
-0.03466799
4645.769
360.2549
-670.8468
1.0
Obj_TreeConiferous_A_02.042
0
3.614267
0
4014.509
356.1803
-93.22101
1.0
RockSetWhite_A_01
0
2.643184
0
4153.272
447.4127
-273.4215
1.0
Obj_TreeConiferous_A_01.062
0
0.96
0
4149.546
374.239
-603.8309
1.0
Item_Mushroom_J
0
-0.8452148
0
4024.582
358.6567
-91.07031
1.0
EnvSeEmitPointInsectTemperate
0.2879638
-0.3535156
-1.116699
4153.957
449.293
-273.3789
1.0
FldObj_CliffZoraGround_A_01.018
0
1.98158
0
4428.778
377.3461
-693.4072
1.0
FldObj_PushRock_A_M_01.012
0.5135114
-0.6316808
2.880605
4266.479
373.5651
-708.8126
1.5
Obj_TreeConiferous_A_01.063
0
0.5099636
0
4095.2
384.3371
-958.4287
1.15
Obj_MineralBury_A_01.007
-0.2347116
0.8298521
0.3650132
4625.306
271.2641
-1064.374
1.0
FldObj_BridgeZoraWoodBase_A_01.012
-2.97056
0.420387
-3.131078
4664.641
325.3821
-734.4196
1.0
TBox_Field_Iron
0.0002712835
-1.320049
-0.0003599043
4155.902
247.0619
-789.1213
1.0
TBox_Field_Iron
2.779913
1.139688
2.54884
4112.685
292.215
-671.4897
1.0
Item_Mushroom_J
0
-1.531006
0
4080.539
371.9399
-541.8164
1.0
Obj_Mineral_A_01.009
-0.3396918
-0.02702034
-0.1572394
4622.143
272.7409
-1061.672
1.0
FldObj_SoilRockZora_A_L_01.020
3.021711
-0.005588755
3.082024
4107.83
294.4258
-658.6401
1.0
Animal_Fish_E
0
0.48
0
4087.255
368.1293
-502.8878
1.0
FldObj_PushRock_A_M_01.013
-0.04409926
0.5520393
-0.01768082
4574.514
335.4918
-641.5576
1.0
FldObj_PushRock_A_M_01.014
-3.02117
0.8307019
1.748997
4269.64
373.3056
-713.9722
1.0
Item_Mushroom_E
0
0.9191954
0
4215.257
352.9452
-908.4716
1.0
Obj_RockSetGray_A_L_02.003
1.550535
0.1675867
1.568368
4183.482
341.3867
-837.6504
1.25
FldObj_BridgeZoraWoodBase_A_01.013
-2.834206
-0.6968039
-3.090967
4585.381
282.7063
-924.7133
1.05
FldObj_CliffZoraGround_A_02.023
-0.1685562
0.9310033
-0.04828389
4229.312
456.9625
-505.2674
1.0
Item_Plant_C
0
0
0
4654.163
382.5276
-638.0507
1.0
Obj_TreeConiferous_A_01.064
0
0
0
4130.029
372.0748
-581.6086
1.0
Weapon_Lsword_031
-1.750796
0.5235988
3.141592
4287.911
339.0664
-794.4502
1.0
FldObj_PushRock_A_M_01.015
-0.09545108
-0.008079763
-0.1254814
4172.138
361.5201
-827.695
0.8
FldObj_SoilRockZora_A_L_01.021
0
1.82
0
3999.062
345.6864
-777.8704
1.0
Obj_MineralBury_A_01.008
0.09376268
-1.26143
-0.504571
4689.363
239.1502
-1055.608
1.0
FldObj_SoilRockZora_A_L_01.022
-0.1894965
-0.9686733
0.2114099
4350.043
358.7452
-821.0004
0.8
Obj_TreeConiferous_A_01.065
0
2.1
0
4301.441
380.5445
-490.9571
1.0
Obj_TreeConiferous_A_01.066
0
0.46
0
4371.888
384.4656
-716.4159
1.0
AscendingCurrent
0
-0.5399999
0
4300.078
292
-732.6719
1.0
Obj_Mineral_A_01.010
-0.2853082
-0.02822148
-0.4691583
4687.458
239.4875
-1057.298
1.0
Obj_Plant_CypressLow_A_02.008
0.313097
-0.9251068
-0.349227
4338.379
405.9737
-687.9063
1.073242
Obj_TreeConiferous_A_02.043
0
0.6400001
0
4453.616
383.3375
-734.6461
1.0
Obj_Mineral_A_01.011
2.804477
-0.7263767
-2.728797
4601.314
269.4032
-1069.41
1.0
FldObj_SoilRockZora_A_L_01.023
0
1.2
0
4257.023
382.0255
-325.0865
1.0
Item_Mushroom_J
3.141479
-1.494873
3.141479
4292.359
381.2312
-504.6016
1.0
RockSetWhite_A_01
0
0.42
0
4605.669
363.7815
-639.3976
1.0
FldObj_CliffZoraGround_A_02.024
-0.7196636
0.9566955
-0.3454738
4058.986
341.7182
-737.111
1.0
FldObj_CliffZoraGround_A_02.025
0
-2.239999
0
4660.227
299.7642
-864.1995
1.0
Obj_Plant_Shrub_A_01.002
-0.5592623
-1.038436
0.7362874
4024.629
361.9052
-195.4531
1.057129
Obj_TreeConiferous_A_01.067
0
1.620009
0
4600.187
353.2446
-604.2447
1.0
Obj_TreeConiferous_A_02.044
0
0
0
4340.421
357.3086
-814.3331
1.0
Obj_TreeConiferous_A_01.068
0
0
0
4301.673
381.0065
-633.4798
1.0
Obj_TreeConiferous_A_02.045
0
4.440102
0
4388.441
386.4264
-828.2738
1.15
FldObj_KorokStone_A_01.009
0
-2.070796
0
4083.652
423.9141
-219.1442
1.0
FldObj_BridgeZoraWoodThin_A_03
-0.3201967
-0.1057425
0
4665.881
262.3553
-1215.258
1.0
Obj_TreeBroadleafLow_A_01.005
0
-1.020079
0
4234.017
380.7778
-163.455
1.0
Obj_TreeConiferous_A_01.069
0
0
0
4384.712
382.2358
-602.1393
1.0
BarrelBomb2
3.075571
0.3276952
-3.077221
4363.321
377.7478
-635.637
1.0
FldObj_BridgeZoraWoodScaffold_A_01.011
2.940617
-0.9897362
-2.924216
4568.683
333.147
-628.1633
1.0
FldObj_CliffZoraGround_A_01.019
-0.04288084
0.5191423
-0.04606934
4206.41
456.2155
-490.5383
1.0
FldObj_CliffZoraGround_A_02.026
0
-2.26
0
4050.16
345.0711
-694.4238
0.8
Obj_TreeConiferous_A_01.070
0
-1.32
0
4071.301
339.6376
-771.3488
1.0
Obj_MineralGrain_A_02.007
-0.08868086
-0.7809206
-0.02919179
4633.987
268.7346
-839.6312
1.0
Obj_Plant_CypressLow_A_02.009
0.06085821
-0.3756097
-0.01299002
4217.48
432.2253
-285.6289
0.936523
Obj_Plant_HopBush_A_01.009
-1.057585
-1.509338
1.177359
4046.191
352.2965
-657.125
0.882813
Obj_Plant_CypressLow_A_01.019
0.2117063
0.02430426
-0.2277672
4354.66
397.0014
-871.9382
1.0
Obj_TreeConiferous_A_01.071
0
-0.56
0
4678.604
327.5849
-1002.708
1.0
Obj_Mineral_A_01.012
0
-2.3
0
4305.977
337
-795.2109
1.0
FldObj_SoilRockZora_A_L_01.024
0
-1.84
0
4169.465
295.2438
-679.8809
1.0
AscendingCurrent
0
-0.07999978
0
4094.688
255
-808.415
1.0
Obj_MineralBury_A_01.009
0
0
0
4596.952
208.3335
-748.9392
1.0
Obj_Mineral_A_01.013
0.2892703
0.04801926
-0.09371323
4663.736
349.6967
-585.6561
1.0
FldObj_KorokStone_A_01.010
0
-0.7599967
0
4074.283
421.7656
-218.6879
1.0
FldObj_SoilRockZora_A_M_01.018
-2.285997
1.24306
-2.374331
4186.472
341.7768
-693.5109
0.8
Obj_TreeConiferous_A_01.072
0
-1.560008
0
4291.326
381.5379
-493.1936
1.0
Obj_Plant_HopBush_A_01.010
-0.04268646
0.6025946
0.0932898
4045.98
352.4621
-653.1406
0.990723
FldObj_BridgeZoraWoodScaffold_A_01.012
0.2540748
-1.062502
-0.2911994
4568.448
324.845
-599.575
1.0
Item_Plant_A
0.02971184
0.001081482
-0.07276057
4666.201
353.8724
-1033.898
1.0
Obj_Plant_HopBush_A_01.011
0.1630655
0.01736386
-0.2117063
4259.268
379.0471
-296.0057
1.0
FldObj_KorokStone_A_01.011
-2.642571
6.219747E-08
-1.570796
4083.222
427.4063
-219.3746
1.0
Item_Mushroom_F
0.05343431
0.4812762
-0.05383607
4662.807
300.8419
-866.6346
1.0
Obj_MineralBury_A_01.010
0
0
0
4597.679
269.8278
-1073.619
1.0
Obj_TreeConiferous_A_02.046
0
2.856709
0
4116.36
367.6947
-885.8853
1.0
Item_Mushroom_J
0
0.4157715
0
4383.707
390.1483
-912.3203
1.0
FldObj_SoilRockZora_A_L_01.025
0.2057236
-0.3026576
0.1292181
4262.594
328.2121
-846.5586
0.8
Obj_TreeConiferous_A_01.073
0
-1.64
0
4064.405
372.3094
-540.963
1.0
RockSetWhite_A_02
0.1305306
0.86988
-0.09125242
4099.315
371.6266
-885.9573
1.0
FldObj_SoilRockZora_A_M_01.019
2.917351
-0.4056112
2.881625
4180.656
437.0344
-277.3287
1.0
EnvSeEmitPointBirdTemperate
0
0.4398193
0
4445.242
390.8359
-729.1055
1.0
Obj_TreeConiferous_A_02.047
0
2.598413
0
4068.454
372.8281
-546.1059
1.0
Obj_TreeConiferous_A_01.074
0
-0.7000001
0
4385.552
383.4856
-717.6002
1.0
Animal_Fish_E
0
0.48
0
4090.37
367.9914
-494.8959
1.0
Obj_Plant_Shrub_A_01.003
0.08285998
-0.003317554
0.07998592
4001.924
355.4626
-269.9987
1.0
FldObj_PushRock_A_M_01.016
2.344588
-1.470207
-2.243072
4301.696
338.5177
-804.8687
0.5
Item_Mushroom_J
0
-0.04956055
0
4604.586
354.0907
-597.5039
1.0
FldObj_KorokStone_A_01.012
1.570796
0.5000003
-3.141593
4083.488
426.4219
-220.8932
1.0
Item_Mushroom_J
0
0.118042
0
4157.688
448.6543
-274.7383
1.0
Animal_Fish_E
0
0.48
0
4100.632
367.5869
-504.8215
1.0
Obj_TreeConiferous_A_02.048
0
0.34
0
4415.502
389.8566
-863.6569
1.0
FldObj_PushRock_A_M_01.017
-1.358685
1.322507
-1.192794
4312.227
339.2391
-805.5427
1.0
Obj_TreeConiferous_A_01.075
0
0.9600001
0
4656.468
356.9362
-1031.547
1.0
Item_Mushroom_D
-2.021592
1.401592
-3.141592
4690.895
299.4454
-1045.033
1.0
Obj_Plant_CypressLow_A_02.010
0.08694267
-0.2905709
-0.05753625
4409.051
385.9418
-580.0117
1.016602
FldObj_CliffZoraGround_A_02.027
-0.1080213
1.038639
-0.07889503
4246.592
347.7969
-901.2673
1.0
FldObj_KorokStone_A_01.013
0
2.370799
0
4072.958
421.7656
-218.7521
1.0
Obj_RockWhite_A_L_03.004
0.1870226
0.01616284
-0.1719187
4300.433
376.3647
-627.4851
1.0
FldObj_CliffZoraGround_A_02.028
2.981593
-1.141593
-3.141592
4404.434
383.4686
-588.1564
1.0
Obj_TreeBroadleafLow_A_02.012
0
-1.680001
0
4153.978
372.4979
-627.9089
1.0
Obj_TreeConiferous_A_02.049
0
-0.8199999
0
4403.29
381.1716
-737.0543
1.0
Obj_Mineral_C_01.005
-0.1256293
-0.2758287
0.08526736
4266.813
300.4787
-796.2529
1.0
Item_Mushroom_D
-1.363847
1.304857
-2.249744
4690.692
301.0001
-1045.354
1.0
Obj_MineralGrain_A_02.008
0
0
0
4635.35
319.1155
-744.0082
1.0
Obj_TreeConiferous_A_01.076
0
-1.4
0
4156.851
375.0835
-603.0673
1.0
Obj_TreeConiferous_A_02.050
0
3.409954
0
4152.996
375.4866
-600.4534
1.0
FldObj_PushRockIron_A_M_01.006
-0.1204478
0.7715695
-0.1187825
4230.839
355.4406
-669.2043
1.2
Obj_TreeBroadleafLow_A_02.013
0
1.561594
0
4605.491
353.4891
-601.6064
1.0
FldObj_SoilRockZora_A_M_01.020
0
0.1599999
0
4228.474
379.8818
-142.7451
1.0
FldObj_CliffZoraGround_A_02.029
-2.834217
1.415573
-2.827559
4252.057
453.8849
-441.7408
1.0
Obj_Plant_HopBush_A_02.002
-0.2286337
0.6103731
-0.1533454
4403.953
385.7317
-590.2773
0.953125
Item_Mushroom_J
3.141479
-1.178833
3.141479
4079.289
371.957
-541.5156
1.0
Obj_TreeConiferous_A_01.077
0
1.18
0
4604.74
354.1266
-596.2626
1.0
Obj_TreeConiferous_A_02.051
0
0.62
0
4211.333
376.3163
-628.3458
1.0
Item_Mushroom_F
-1.55658
-1.472382
1.310473
4640.353
301.5786
-742.1006
1.0
Obj_TreeConiferous_A_02.052
0
2.345393
0
4231
384.0457
-949.5
1.007065
Obj_MineralGrain_A_04.011
-3.067402
-0.8188024
-3.126012
4622.595
337.3428
-753.6594
1.0
FldObj_EnemyLookout_B_01.003
0
-1.80706
0
4176.296
456.0711
-527.8207
1.0
Obj_Plant_CypressLow_A_02.011
1.227227
-1.398728
-1.414552
4083.75
337.5561
-774.25
1.010742
FldObj_SoilRockZora_A_L_01.026
2.767377
-1.561617
-2.687759
4611.261
271.0467
-1040.293
1.0
Obj_Plant_HopBush_A_01.012
0
-0.9229735
0
4241.191
385.0466
-643.5742
0.853516
Obj_TreeConiferous_A_01.078
0
2.590165
0
4338.912
360.102
-795.838
1.0
FldObj_BridgeZoraWoodScaffold_A_03.001
-1.832523
1.156052
-1.842511
4674.769
316.6137
-821.6525
1.0
FldObj_CliffZoraGround_A_01.020
0
0.3799999
0
4257.745
346.786
-897.5679
1.0
Obj_TreeConiferous_A_02.053
0
-1.38
0
4082.636
353.166
-855.3202
1.1
FldObj_CliffZoraGround_A_01.021
-3.081593
-0.2415924
3.141593
4279.192
377.7653
-559.8267
1.0
WallCrack
0.1823049
0.4220727
-0.06806784
4188.083
321.6367
-836.1635
1.25
Obj_Plant_CypressLow_A_01.020
0.009163671
-0.587227
0.08196479
4316.926
397.0895
-879.3242
1.013184
FldObj_SoilRockZora_A_L_01.027
0
-3.043184
0
4633.122
337.8737
-659.5533
0.9
Obj_TreeConiferous_A_01.079
0
-0.4
0
4669.253
314.017
-831.78
1.0
FldObj_SoilRockZora_A_M_01.021
0
-0.38
0
4617.184
268.5365
-1079.64
1.0
Obj_TreeConiferous_A_01.080
0
1.52
0
4041.858
344.6757
-771.7797
1.0
Obj_TreeConiferous_A_01.081
0
-2.552151
0
4210.022
380.6652
-154.4446
1.0
FldObj_SoilRockZora_A_L_01.028
0.1887919
-0.9267238
-0.2345392
4289.066
342.7877
-865.3335
1.0
Obj_Plant_CypressLow_A_02.012
0
0
0
4224.269
381.4135
-177.1132
1.0
EnvSeEmitPointBirdTemperate
3.141479
0.6854247
3.141479
4676.457
362.9414
-792.8086
1.0
FldObj_BridgeZoraWoodScaffold_A_01.013
-0.03190809
-0.3787227
0.08611593
4634.014
298.0049
-993.3428
1.0
Obj_TreeConiferous_A_01.082
0
-1.24
0
4661.543
352.4912
-1008.432
1.0
Obj_TreeConiferous_A_01.083
0
1
0
4293.245
381.1505
-503.915
1.0
FldObj_SoilRockZora_A_M_01.022
-0.94716
0.1122769
0.1531839
4252.683
258.3263
-742.9243
1.0
Obj_Plant_HopBush_A_02.003
-0.06410921
-0.8002472
-0.01105802
4203.018
380.997
-153.6062
1.0
Item_Mushroom_F
0
0.7722168
0
4614.629
336.7182
-750.125
1.0
Obj_TreeConiferous_A_01.084
0
0
0
4082.374
352.8864
-844.4093
1.0
Obj_TreeConiferous_A_01.085
0
0
0
4629.425
334.9943
-679.2253
1.0
Obj_Plant_HopBush_A_02.004
0.719704
1.485224
0.6518873
4214.16
432.2722
-285.5938
1.033691
EnvSeEmitPointBirdTemperate
3.141479
-0.4836425
3.141479
4188.008
393.6484
-967.2383
1.0
Obj_Plant_CypressLow_A_02.013
-0.3501822
-0.002009252
-0.1470357
4396.301
394.4609
-685.8789
0.967285
Item_Mushroom_L
3.141479
0.842041
3.141479
4680.148
313.9576
-830.6602
1.0
FldObj_BridgeZoraWoodBase_A_01.014
3.052739
1.461839
-3.090253
4580.81
361.6831
-643.8383
1.1
Obj_TreeBroadleafLow_A_02.014
0
1.26
0
4209.487
376.1261
-632.9922
1.0
Item_Mushroom_J
0
-0.09999992
0
4235.233
351.0737
-912.541
1.0
Obj_TreeConiferous_A_01.086
0
-1.52
0
4476.19
363.805
-624.2169
1.0
FldObj_SoilRockZora_A_L_01.029
0
1.52
0
4230.254
457.1881
-435.5313
1.0
Obj_TreeConiferous_A_01.087
0
-1.099352
0
4127.277
371.6182
-621.6691
1.0
Obj_TreeConiferous_A_01.088
0
-0.3999999
0
4137.448
365.3171
-884.5543
1.0
FldObj_CliffZoraGround_A_01.022
0
0.8799999
0
4151.2
362.709
-914.5027
1.0
FldObj_CliffZoraGround_A_02.030
0
2.601588
0
4369.207
391.1354
-585.1448
1.0
FldObj_KorokStone_A_01.014
-0.4989455
0
1.570796
4083.656
425.4297
-220.2223
1.0
Obj_TreeConiferous_A_02.054
0
0
0
4607.674
268.3627
-1071.67
1.0
Obj_Plant_CypressLow_A_01.021
0.003327142
0.9378064
0.06039309
4305.047
381.7719
-456.6875
1.035645
Obj_TreeConiferous_A_01.089
-0.1788891
-1.000738
-0.01522253
4229.815
381.5579
-182.1602
1.0
FldObj_CliffZora_A_03.002
0
0
0
4290.943
378.553
-568.9579
0.9
Obj_TreeConiferous_A_01.090
0
0.001227675
0
4239.035
385.213
-639.4626
1.0
FldObj_CliffZoraGround_A_02.031
0
0.52
0
4138.479
256.6235
-815.0432
1.0
Obj_Mineral_B_01.002
0.09197037
0.4295236
-0.1373535
4701.846
320.383
-538.2507
1.0
Item_Mushroom_J
3.141479
1.441894
3.141479
4339.629
360.1894
-796.25
1.0
FldObj_SoilRockZora_A_M_01.023
0.3615051
-0.03369283
0.1838663
4127.696
485.4087
-362.746
1.0
Item_Mushroom_J
0
0.366333
0
4055.531
380.9591
-921.3516
1.0
Enemy_Keese_Swarm
0
-0.3800001
0
4654.349
332.6939
-710.1839
1.0
FldObj_SoilRockZora_A_L_01.030
0.1940625
-0.7604679
-0.2777688
4026.335
343.9193
-817.7534
1.0
Item_Plant_I
0
1.168228
0
4260.685
378.662
-295.2452
1.0
Item_Mushroom_E
0
0.4622277
0
4233.43
351.1173
-908.1243
1.0
FldObj_EnemyLookout_B_01.004
0
1.343599
0
4208.755
455.674
-528.8008
1.0
Obj_TreeConiferous_A_01.091
0
1.26
0
4019.624
356.9744
-158.0465
1.0
Obj_Mineral_A_01.014
3.011175
0.4246124
-2.812707
4622.232
337.3116
-753.5204
1.0
EnvSeEmitPointBirdTemperate
0
1.151245
0
4031.77
351.0117
-788.5977
1.0
FldObj_BridgeZoraWoodScaffold_A_03.002
-0.3193966
0.4140913
-0.4376541
4623.875
321.0217
-833.631
1.0
EnvSeEmitPointBirdTemperate
-1.376709
0.09069823
-2.177246
4301.496
388.5313
-491.3008
1.0
Animal_Fish_E
0
0.48
0
4099.052
368.2199
-506.9557
1.0
FldObj_CliffZoraGround_A_01.023
0
1.54
0
4179.69
355.6895
-913.9401
1.0
FldObj_SoilRockZora_A_L_01.031
0
0.98
0
4433.305
366.7245
-591.1388
1.0
Obj_Plant_CypressLow_A_01.022
3.10591
0.3169538
3.055899
4223.811
381.4425
-179.8801
1.0
Obj_TreeBroadleafLow_A_02.015
0
1.04
0
4377.539
383.8307
-716.7407
1.0
Obj_TreeConiferous_A_01.092
0
6.061981
0
4342.118
357.8448
-807.8533
1.0
Item_Plant_C
0
4.849478
0
4650.901
381.9357
-640.5897
1.0
EnvSeEmitPointBirdTemperate
0
1.035034
0
4242.543
393.2617
-638.9141
1.0
Item_Plant_O
-1.810796
0.8815946
-3.141592
4685.958
311.0339
-1056.49
1.0
Obj_TreeConiferous_A_01.093
0
1.46
0
4021.981
343.3238
-803.8799
1.0
Obj_Mineral_B_01.003
0.09629884
-0.01395194
0.2875463
4619.977
272.2993
-1060.455
1.0
WallCrack
-0.2902293
0.4021606
-3.123233
4191.428
336.916
-832.7852
1.35
FldObj_KorokStone_A_01.015
0
-2.34159
0
4072.925
421.7656
-215.8189
1.0
FldObj_RockZoraSet_A_01.001
-2.907497
-0.8780242
2.825867
4025.249
356.1234
-275.4037
1.0
RockSetWhite_A_01
0
0
0
4066.359
352.282
-665.5812
1.0
Obj_TreeConiferous_A_02.055
0
5.211
0
4189.227
386.2157
-975.0433
1.15
Item_Plant_H
0
0
0
4311.922
382.4169
-435.6172
1.0
EnvSeEmitPointBirdTemperate
0
-0.9648437
0
4630.492
342.9922
-678.7578
1.0
EnvSeEmitPointBirdWet
-3.02356
0.6439208
3.001953
4029.602
352.9375
-709.207
1.0
FldObj_SoilRockZora_A_L_01.032
0
0.16
-0.14
4131.243
368.6393
-906.9238
1.0
Obj_TreeConiferous_A_02.056
0
3.155262
0
4226
384.206
-954
1.103056
Obj_Plant_CypressLow_A_01.023
-0.08027766
0.3570434
-0.1332649
4282.613
337.4626
-804.5898
1.087891
Obj_TreeConiferous_A_01.094
0
2.511344
0
4211.834
380.7341
-149.465
1.0
WallCrack
0.06720269
0.3574748
-0.1224797
4182.085
322.7468
-834.1508
1.15
Obj_Plant_CypressLow_A_02.014
-0.03939403
-1.143424
-0.1775796
4249.305
455.6454
-434.7383
0.920898
FldObj_SoilRockZora_A_L_01.033
0.03627735
0.1216562
0.04758466
4138.497
491.0656
-377.8679
1.0
EnvSeEmitPointBirdTemperate
-2.637817
-0.9785156
2.992065
4339.402
368.0742
-796.3242
1.0
EnvSeEmitPointBirdTemperate
0
0.590332
0
4339.914
365.6992
-807.5156
1.0
FldObj_SoilRockZora_A_L_01.034
0.1851439
-0.5647027
-0.01114714
4592.518
325.3904
-583.1491
1.0
Obj_TreeConiferous_A_01.095
0
1.26
0
4338.341
376.8724
-615.3746
1.0
FldObj_BridgeZoraWoodBase_A_01.015
-3.120374
0.7886541
-3.139891
4629.746
351.6639
-996.4827
1.0
AscendingCurrent
0
1.921224
0
4697.09
316.2393
-804.7894
1.0
Enemy_Chuchu_Electric_Middle
0
-1.32
0
4227.052
380.7009
-155.8749
1.0
Obj_MineralBury_A_01.011
0
2.08001
0
4690.528
320.7338
-538.9382
1.0
Obj_TreeConiferous_A_02.057
0
2.582712
0
4212.5
372.9058
-656
1.15
Obj_Plant_HopBush_A_01.013
-0.1126026
-0.9419485
0.09065596
4211.797
432.1056
-275.9961
0.918945
Obj_TreeConiferous_A_01.096
0
-0.84
0
4024.212
362.4192
-188.4867
1.0
Obj_TreeConiferous_A_01.097
0
0
0
4298.447
379.1671
-616.867
1.0
Obj_Plant_Shrub_A_01.004
-0.3487399
1.109642
0.02670404
4046.594
370.6032
-276.168
0.932129
FldObj_CliffZoraGround_A_02.032
0.008504003
-1.179515
-0.0524626
4169.752
372.4606
-627.0192
0.8
Obj_TreeBroadleafLow_A_01.006
0
1.14
0
4024.289
342.9028
-797.8033
1.0
Obj_TreeBroadleafLow_A_01.007
0
-1.34
0
4087.22
353.0576
-846.7957
1.0
FldObj_BridgeZoraWoodScaffold_A_03.003
-0.1917725
0.04643451
-0.4128577
4642.693
316.0603
-841.4801
1.0
FldObj_SoilRockZora_A_M_01.024
0.763426
0.1759068
-0.4324962
4165.291
453.5036
-296.8141
1.0
Obj_TreeConiferous_A_01.098
0
0
0
4376.595
377.8868
-625.8151
1.0
Obj_TreeConiferous_A_01.099
0
-2.52
0
4086.066
353.1948
-850.7172
1.0
FldObj_SoilRockZora_A_M_01.025
0
0.16
0.04000001
4184.395
455.9991
-513.0156
1.0
FldObj_BridgeZoraWoodScaffold_A_01.014
-0.004821847
-0.1199035
0.04028943
4663.623
300.6541
-734.7684
1.0
FldObj_CliffZora_A_03.003
0
0
0
4698.937
327.559
-1003.383
1.0
TBox_Field_Iron
-3.139808
0.09827822
3.100873
4218.923
380.62
-147.5612
1.0
Obj_MineralGrain_A_04.012
-0.03368303
0.7533063
0.2123694
4599.856
208.5449
-745.6068
1.0
Obj_MineralBury_A_01.012
0
0
0
4618.812
297.0379
-1003.12
1.0
Obj_Plant_CypressLow_A_01.024
-0.315394
-1.333808
0.379736
4215.677
456.3812
-507.3265
1.0
FldObj_BridgeZoraWoodScaffold_A_01.015
0
-1.84
0
4601.895
325.8879
-795.1285
1.0
Obj_TreeConiferous_A_02.058
0
4.066627
0
4100.217
385.0593
-949.2957
1.0
FldObj_SoilRockZora_A_L_01.035
0
0.3200001
0
4091.779
258.7264
-821.1208
1.0
Obj_TreeConiferous_A_02.059
0
1.224809
0
4377.264
383.0736
-704.7378
1.15
Obj_TreeBroadleafLow_A_02.016
0
3.202823
0
4339.783
377.0508
-637.7609
1.0
Obj_Plant_CypressLow_A_02.015
0.08257745
0.003757406
-0.09088986
4287.944
379.5428
-352.6772
1.0
Obj_TreeConiferous_A_01.100
0
-1.38
0
4269.916
386.5038
-937.3455
1.0
Obj_TreeConiferous_A_02.060
0
0.7600001
0
4620.124
336.908
-750.4594
1.0
Obj_TreeConiferous_A_01.101
0
-1.02
0
4595.748
267.477
-1031.858
1.0
Obj_Plant_HopBush_A_01.014
-0.1025863
-0.2321579
0.07613612
4160.645
455.7803
-496.2578
1.091309
Obj_TreeConiferous_A_01.102
0
-1.14
0
4031.418
343.0005
-789.5424
1.0
FldObj_CliffZoraGround_A_02.033
0
0.5599999
0
4199.274
353.9453
-907.7523
1.0
FldObj_BridgeZoraWoodScaffold_A_01.016
0
0.12
0
4649.917
349.2146
-578.558
1.0
Obj_TreeConiferous_A_01.103
0
-2.98
0
4043.882
352.084
-655.6289
1.0
Item_Plant_I
0.06092045
0.9374439
0.1417451
4472.234
362.137
-617.2092
1.0
Obj_TreeConiferous_A_01.104
0
0
0
4228.151
376.6501
-577.4153
1.0
Obj_Plant_HopBush_A_02.005
-0.200076
0.5597067
-0.1724489
4312.402
381.9576
-452.3555
1.092285
BarrelBomb2
3.137115
0.3184182
-3.079432
4358.444
377.6473
-621.9421
1.0
Obj_TreeConiferous_A_01.105
0
0.8037379
0
4039.155
346.6239
-673.3083
1.0
Obj_TreeConiferous_A_01.106
0
-0.8000001
0
4685.807
328.1032
-1009.338
1.0
FldObj_BridgeZoraWoodScaffold_A_01.017
-2.915924
-1.025724
2.869596
4614.888
324.3999
-823.9327
1.0
FldObj_BridgeZoraWoodThin_A_02.002
0.02617994
-0.7686181
0
4621.056
355.7509
-986.1246
0.95
Item_Plant_O
-1.883125
0.7702223
-2.765045
4684
313.5105
-1057.22
1.0
Obj_TreeBroadleafLow_A_02.017
0
0
0
4680.239
324.1622
-746.8307
1.0
Obj_TreeConiferous_A_01.107
0
0
0
4407.033
380.7036
-703.387
1.0
Obj_RockSetGray_A_L_02.004
0
-1.36
0
4683.873
304.9895
-856.1609
1.0
Obj_Plant_HopBush_A_01.015
-0.08817882
-0.9128082
0.06010444
4401.637
386.0994
-586.125
1.053223
Obj_TreeConiferous_A_02.061
0
1.198778
0
4202.619
382.3032
-954.4316
1.078429
AscendingCurrent
0
1.64038
0
4619.515
103.9313
-711.2296
1.0
FldObj_KorokStone_A_01.016
-1.570796
1.08
6.306028E-08
4084.499
424.4063
-217.5621
1.0
Obj_TreeConiferous_A_01.108
0
0
0
4382.632
388.3977
-925.7598
1.0
Obj_BreakBoxIron
0.01214503
-0.2398325
-0.008465356
4337.845
397.7472
-871.4374
1.0
Obj_TreeConiferous_A_02.062
0
4.440102
0
4195.82
385.3294
-970.6133
1.15
FldObj_PushRock_A_M_01.018
-0.21104
-0.1060223
-0.2625197
4278.087
339.1324
-799.4666
1.0
FldObj_BridgeZoraWoodScaffold_A_01.018
-0.1624234
1.215115
-0.1730596
4724.482
298.6
-974.7558
1.0
Obj_Plant_HopBush_A_01.016
0.0989788
-0.2793337
0.01872761
4115.273
352.2561
-841.0039
0.919434
Obj_TreeConiferous_A_02.063
0
2.680102
0
4386.864
386.7213
-835.5398
1.15
FldObj_SoilRockZora_A_M_01.026
0
0
0
4689.479
319.5538
-554.5833
1.0
FldObj_BridgeZoraWoodScaffold_A_01.019
-0.03832265
0.5400782
0.03898752
4714.026
298.9702
-961.8063
1.0
FldObj_RuinGuardian_A_01
-2.244351
-1.456346
2.071371
4654.762
362.0097
-656.9857
1.0
Obj_TreeConiferous_A_02.064
0
4.732363
0
4347.668
377.2251
-614.006
1.15
Item_Mushroom_J
0
-1.107178
0
4212.969
382.0574
-951.5156
1.0
Obj_TreeConiferous_A_01.109
0
-1.22
0
4214.603
379.7649
-586.6214
1.0
Obj_TreeConiferous_A_02.065
0
3.896719
0
4085.6
371.361
-538.64
1.0
Weapon_Lsword_031
0.8082346
-1.37331
0.4538588
4421.931
380.6069
-701.0508
1.0
Obj_TreeConiferous_A_02.066
0
1.909183
0
4245.202
376.3398
-575.9079
1.0
FldObj_EnemyLookout_B_01.005
0
-2.623186
0
4344.825
377.0507
-643.9787
1.0
Item_Mushroom_J
0
1.249634
0
4270.566
386.5274
-936.8555
1.0
Weapon_Lsword_031
-0.641893
0.9910316
-0.254689
4286.53
340.7892
-791.2034
1.0
Obj_TreeConiferous_A_02.067
0
2.180085
0
4088.575
383.4536
-958.4688
1.040391
Item_Plant_C
-0.08726472
0.7041587
0.08726472
4658.127
381.6457
-640.4907
1.0
Obj_TreeBroadleafLow_A_02.018
0
0
0
4225.066
351.1406
-915.952
1.0
FldObj_BridgeZoraWoodScaffold_A_01.020
0
1.460004
0
4484.027
359.463
-658.5488
1.0
Obj_Plant_CypressLow_A_01.025
0.1892463
0.1168633
0.1650992
4402.813
388.9557
-837.3398
0.949707
EnvSeEmitPointBirdTemperate
2.74585
0.5994873
3.100708
4311.41
405.7773
-908.3203
1.0
Item_Mushroom_J
0
0.513916
0
4414.145
389.9003
-863.332
1.0
Obj_Mineral_C_01.006
0
-1.76
0
4145.042
310.2748
-755.2007
1.0
FldObj_CliffZoraGround_A_02.034
-3.061593
1.341593
3.141593
4026.55
487.0128
-484.2041
1.0
Obj_TreeBroadleafLow_A_02.019
0
-1.420001
0
4327.852
397.1361
-898.1815
1.0
FldObj_BridgeZoraWoodBase_A_01.016
-0.11707
-0.4182299
-0.006945827
4643.136
334.1286
-682.619
1.0
FldObj_SoilRockZora_A_M_01.027
-0.09999999
0
0
4305.561
379.9165
-595.8136
1.0
EnvSeEmitPointBirdTemperate
0.3085937
-0.8526611
-0.2609863
4201.719
390.4297
-954.875
1.0
Obj_TreeConiferous_A_02.068
0
0
0
4067.546
371.6584
-531.7604
1.0
Obj_Plant_HopBush_A_02.006
0.2028009
-0.9228151
0.1473282
4373.645
394.4464
-674.8047
1.013672
EnvSeEmitPointBirdTemperate
3.141479
0.796997
3.141479
4141.309
368.6953
-867.793
1.0
Obj_Plant_HopBush_A_02.007
0.09037249
1.061556
0.1204367
4252.617
451.8896
-402.7891
0.869629
Obj_TreeBroadleafLow_A_02.020
0
0
0
4288.941
381.5206
-507.1059
1.0
Obj_MineralGrain_A_04.013
-0.2506828
-0.057376
-0.4478447
4600.435
269.3538
-1069.999
1.0
Obj_MineralGrain_A_04.014
-3.139896
0.5984459
3.086618
4609.579
325.5547
-804.3763
1.0
TBox_Field_Iron
-1.553803
0.4589036
0.03825481
4614.638
247.1183
-934.7617
1.0
EnvSeEmitPointBirdTemperate
0
-0.4266357
0
4336.746
385.3672
-644.4102
1.0
Weapon_Lsword_032
-0.8651841
0.6997739
-2.986615
4600.844
354.9119
-610.2427
1.0
FldObj_SoilRockZora_A_L_01.036
0
0.36
0
4315.846
380.0382
-650.8567
1.0
FldObj_CliffZoraGround_A_02.035
-0.04833597
0.8790329
-0.06273054
4042.551
482.3447
-473.889
1.0
Obj_TreeConiferous_A_01.110
0
4.440102
0
4361.027
377.7899
-645.0078
1.15
Obj_TreeConiferous_A_01.111
0
-0.74
0
4678.362
313.7609
-821.5101
1.0
Obj_Plant_CypressLow_A_02.016
-0.3498267
-0.478763
0.2054057
4193.157
458.1716
-492.3081
1.0
Obj_MineralGrain_A_04.015
-0.04482897
-0.005813017
-0.2578609
4688.191
239.0299
-1057.189
1.0
FldObj_KorokStone_A_01.017
0
-0.5000001
0
4084.529
423.9141
-218.6647
1.0
Obj_MineralGrain_A_02.009
1.562987
0.4544635
0.1691713
4604.83
332.2166
-936.7941
1.0
AscendingCurrent
0
2.123185
0
4099.248
273.1875
-674.6152
1.0
FldObj_EnemyTrace_Garbage_A_01.001
-0.3598854
-1.158168
0.09155086
4175.894
456.0079
-518.026
1.0
FldObj_BridgeZoraWoodThin_A_01.002
-3.045599
0.3981911
3.128627
4656.123
331.5734
-715.5226
0.85
Obj_Plant_CypressLow_A_01.026
0.2239693
1.273649
-0.1204037
4387.449
383.1276
-717.9961
1.088379
FldObj_CliffZoraGround_A_02.036
0
-3.02
0
4195.71
375.6339
-605.4827
1.0
Obj_TreeConiferous_A_01.112
0
-0.8799999
0
4095.124
383.116
-934.7074
1.0
Obj_TreeConiferous_A_01.113
0
0
0
4138.002
373.5119
-589.3867
1.0
Obj_MineralGrain_A_04.016
-0.4298767
-0.7644428
0.6841381
4619.061
272.3271
-1059.538
1.0
Enemy_Keese
0
1.16
0
4196.867
459.0948
-518.163
1.0
Item_Mushroom_D
1.740106
1.214456
0.5285848
4689.645
318.2579
-1044.789
1.0
Obj_TreeBroadleafLow_A_02.021
0
5.95075
0
4353.644
377.9193
-612.465
1.0
Obj_TreeConiferous_A_01.114
0
-0.72
0
4087.426
382.683
-937.1106
1.0
Obj_Mineral_B_01.004
-0.0570662
-0.2742728
0.2078774
4280.125
325.4088
-780.2031
1.0
Obj_Plant_HopBush_A_01.017
0.02311344
0.6005504
0.1060939
4381.332
386.516
-840.3633
0.947754
FldObj_CliffZoraGround_A_02.037
-3.141592
1.261593
3.041593
4431.736
386.8433
-668.0897
1.0
Obj_TreeBroadleafLow_A_02.022
0
-1.46
0
4070.821
372.7639
-542.8251
1.0
FldObj_PushRock_A_M_01.019
-3.013371
0.7211841
0.3093446
4288.95
338.6523
-817.9357
1.5
Obj_Plant_CypressLow_A_02.017
0
-0.04
0
4215.678
380.6733
-147.4859
1.0
FldObj_CliffZoraGround_A_02.038
0
-0.36
0
4620.568
335.8
-756.1707
0.95
EnvSeEmitPointBirdTemperate
3.141479
-0.6984863
3.141479
4684.035
335.7813
-990.1641
1.0
Item_Mushroom_E
0
0.8335718
0
4217.43
351.9458
-908.5284
1.0
Obj_Plant_CypressLow_A_02.018
0.1676127
0.7836995
0.1047242
4425.863
378.7786
-696.6641
0.908691
Item_Mushroom_D
2.657055
1.258883
1.435983
4690.622
300.2422
-1046.578
1.0
FldObj_BridgeZoraWoodThin_A_03.001
-0.6510078
-0.1057425
0
4655.721
311.4067
-1118.816
1.0
Obj_TreeConiferous_A_01.115
0
1.12
0
4390.596
389.0784
-854.3692
1.0
Obj_TreeBroadleafLow_A_02.023
0
0
0
4604.984
349.9415
-952.9042
1.0
Obj_RockWhite_A_L_03.005
-2.95077
0.9151332
2.698559
4061.364
339.7508
-764.442
1.0
FldObj_BridgeZoraWoodBase_A_01.017
-3.040366
-0.3082195
-3.079075
4599.766
350.0748
-932.8084
1.0
Obj_Plant_CypressLow_A_01.027
-0.1949799
-1.110562
0.09099019
4412.598
390.2039
-856.2227
0.86084
WallCrack
0.05154435
-0.5089392
0.1969074
4204.275
322.5625
-834.3708
1.2
FldObj_PushRock_A_M_01.020
1.126517
-1.309357
-0.9899663
4573.418
335.3687
-636.8835
1.0
FldObj_BridgeZoraWoodBase_A_01.018
0
2.999999
0
4670.31
299.9009
-951.6985
1.2
EnvSeEmitPointInsectTemperate
0.2824707
0.7423096
0.2607422
4207.73
382.8594
-956.8945
1.0
Obj_Plant_Shrub_A_02.002
0
0
0
4005.371
356.1219
-278.0803
1.0
FldObj_CliffZoraGround_A_02.039
0
-2.421592
0
4254.766
255.6139
-739.3628
1.0
FldObj_CliffZoraGround_A_01.024
-0.01583098
0.08066707
0.007776761
4650.075
352.6542
-1034.191
0.8
FldObj_CliffZoraGround_A_02.040
-0.004553326
1.022388
0.06670502
4461.225
372.1596
-697.8043
1.0
EnvSeEmitPointInsectTemperate
3.043091
-0.9155273
2.989258
4075.641
339.2344
-774.6406
1.0
EnvSeEmitPointBirdTemperate
1.364136
-0.1397705
-2.01416
4232.125
388.9141
-157.6406
1.0
Animal_Fish_E
0
0.48
0
4087.788
367.8962
-499.8969
1.0
EnvSeEmitPointBirdWet
2.853027
-1.256714
-2.643677
4017.855
370.1563
-212.0547
1.0
FldObj_BridgeZoraWoodThin_A_01.003
-0.2919735
0.6897579
0.0123228
4608.54
295.7162
-897.6023
1.0
Item_Mushroom_J
0
0.7432861
0
4384.152
389.9846
-913.3516
1.0
FldObj_SoilRockZora_A_L_01.037
-0.48
-0.5800004
0.05999999
4172.842
334.4626
-714.7006
0.9
FldObj_SoilRockZora_A_M_01.028
0
0
0
4313.155
338.7325
-822.6494
1.0
Item_Mushroom_J
3.141479
0.889038
3.141479
4674.746
327.6983
-997.5625
1.0
Obj_TreeBroadleafLow_A_01.008
0
-1.08
0
4141.005
373.2628
-597.5863
1.0
Obj_TreeConiferous_A_01.116
0
4.440102
0
4352.857
377.6553
-618.7731
1.15
FldObj_BridgeZoraWoodScaffold_A_01.021
2.938432
1.377522
2.932244
4721.324
297.2304
-1009.786
1.0
Obj_TreeConiferous_A_01.117
0
0
0
4346.142
377.714
-619.3228
1.0
Obj_TreeConiferous_A_01.118
0
2.054102
0
4043.907
352.2365
-649.9938
1.0
Item_Mushroom_J
0
1.122803
0
4220.723
351.1414
-912.8164
1.0
Obj_TreeBroadleafLow_A_01.009
0
0
0
4655.407
314.1979
-839.8104
1.0
RockSetWhite_A_01
-0.6743336
1.174411
-0.7080164
4060.655
340.399
-759.0983
1.0
FldObj_SoilRockZora_A_L_01.038
0
2.599999
0
4594.948
267.4614
-1071.825
0.8
Obj_TreeConiferous_A_02.069
0
2.757568
0
4107.5
386.6294
-958.5
1.15
FldObj_KorokStone_A_01.018
0
-0.7707937
0
4072.241
421.7656
-219.4489
1.0
Item_Mushroom_E
3.141479
-1.324829
3.141479
4136.648
365.4272
-884.9063
1.0
Obj_TreeConiferous_A_02.070
0
0
0
4225.778
385.9019
-637.4643
1.0
Obj_Plant_HopBush_A_01.018
0.2886932
-0.8564283
-0.4613217
4074.113
339.3589
-772.5625
0.878418
Item_Ore_G
0
1.999999
0
4422.776
379.1592
-704.5485
1.0
FldObj_SoilRockZora_A_L_01.039
-2.076246
-1.384646
2.021778
4100.436
365.8378
-621.4444
0.9
Obj_TreeConiferous_A_01.119
0
2.783185
0
4384.813
390.1126
-912.4344
1.0
Obj_Plant_HopBush_A_01.019
0
-0.1135254
0
4430.395
378.2728
-695.8789
0.92334
PointWindSetTag
1.570796
0
0
4684.852
256.1362
-667.4492
200
Obj_TreeConiferous_A_02.071
0
-1.22
0
4673.449
327.6655
-997.9843
1.0
EnvSeEmitPointBirdTemperate
2.881592
0.1508789
2.881958
4462.777
382.6836
-701.2031
1.0
FldObj_KorokStone_A_01.019
-1.570796
-1.071774
3.141593
4083.7
427.4063
-220.2527
1.0
Obj_TreeConiferous_A_02.072
0
0.2226928
0
4253.5
386.5147
-950.5
1.054816
FldObj_PushRock_A_M_01.021
0.8275077
-1.220777
-1.106755
4640.583
302.9174
-740.0922
1.0
Obj_Mineral_A_01.015
-0.3683524
-0.5414568
0.4236323
4264.488
319.7971
-710.4375
1.0
FldObj_CliffZoraGround_A_01.025
0
0
0.3000002
4235.75
350.637
-692.1485
1.0
Animal_Fish_B
0
0.2400001
0
4095.574
367.8775
-491.4738
1.0
FldObj_SoilRockZora_A_M_01.029
3.08441
-0.6193039
-3.043293
4285.571
294.1544
-743.1509
1.0
Obj_Plant_HopBush_A_01.020
-0.073121
0.3406351
0.01842143
4327.386
397.3904
-890.7739
1.0
Obj_Mineral_B_01.005
2.270714
0.8036767
1.829982
4604.161
330.2847
-936.5243
1.0
Item_Mushroom_E
0
0.791626
0
4243.902
376.3036
-575.3672
1.0
Item_Mushroom_J
3.141479
-1.118774
3.141479
4022.156
357.7326
-92.28906
1.0
Obj_MineralGrain_A_02.010
0
-1.239997
0
4623.844
250.0201
-686.0205
1.0
Obj_TreeConiferous_A_02.073
0
-1.16
0
4219.638
351.1999
-912.7098
1.0
Obj_TreeBroadleafLow_A_01.010
0
-0.6600001
0
4678.061
327.6451
-998.1542
1.0
Obj_Plant_Shrub_A_01.005
0.1652871
0.7791402
0.1833596
4042.32
369.9776
-271.7109
0.861816
Obj_TreeConiferous_A_02.074
0
4.440102
0
4401.3
389.715
-842.4706
1.15
FldObj_KorokStone_A_01.020
1.070796
1.992871E-08
1.570796
4081.733
426.4219
-221.8521
1.0
RockSetWhite_A_02
0
0
0
4255.707
378.0561
-598.7402
1.0
Obj_MineralBury_A_01.013
0
0.6199999
0
4695.443
320.787
-535.9788
1.0
Obj_TreeConiferous_A_01.120
0
1.2
0
4111.765
387.0585
-965.5549
1.0
Obj_Plant_Shrub_A_02.003
-0.04926228
-0.7623873
0.181502
4024.18
362.3374
-191.5781
1.025879
FldObj_SoilRockZora_A_M_01.030
0.01854691
-0.2994434
-0.06279789
4227.431
381.8983
-188.7663
1.0
Obj_Plant_HopBush_A_01.021
0.1011981
0.5017781
0.09196088
4433.473
378.3946
-698.0508
1.000977
Obj_TreeConiferous_A_02.075
0
0.9305176
0
4388.943
382.8591
-705.0182
1.15
FldObj_BridgeZoraWoodThin_A_01.004
-0.0715585
0.1404803
0.003227532
4639.133
357.5326
-724.5112
1.0
FldObj_SoilRockZora_A_L_01.040
3.039249
-0.7434328
3.092841
4325.589
379.6584
-595.6663
1.0
Obj_TreeConiferous_A_01.121
0
-0.92
0
4407.18
389.4881
-861.3572
1.0
Obj_TreeConiferous_A_02.076
0
1.62
0
4076.267
339.0887
-774.098
1.1
FldObj_BankingFlat_A_02
-0.03909584
0.5382794
0.04146482
4637.963
351.9632
-1003.147
1.0
FldObj_KorokStone_A_01.021
1.570796
-0.5000002
2.227681E-08
4082.154
426.4219
-220.5367
1.0
Item_Ore_G
0
-0.02000001
0
4422.854
379.1592
-703.9391
1.0
Obj_TreeConiferous_A_02.077
0
1.10123
0
4132.481
364.5096
-879.6888
1.0
Obj_MineralBury_A_01.014
0
0
0
4577.496
281.9218
-938.9148
1.0
Obj_TreeConiferous_A_01.122
0
1.62
0
4668.912
327.1945
-990.0536
1.0
Obj_TreeConiferous_A_02.078
0
3.929342
0
4377.373
381.6854
-603.1791
1.15
AscendingCurrent
0
0.5812126
0
4620.675
103.5199
-913.9185
1.0
FldObj_CliffZoraGround_A_02.041
-0.04293277
0.6804456
0.3638765
4258.717
334.8717
-860.3099
1.0
EnvSeEmitPointInsectTemperate
0
1.00354
0
4213.699
379.7266
-586.9609
1.0
EnvSeEmitPointBirdTemperate
-0.2077637
0.5123291
0.04052735
4352.617
386.1133
-608.0156
1.0
Obj_TreeConiferous_A_02.079
0
5.752281
0
4252
383.7945
-937
1.15
Obj_TreeConiferous_A_01.123
0
-2.14
0
4585.526
353.5843
-618.7822
1.0
Obj_MineralGrain_A_04.017
-1.128064
-0.9632481
1.118071
4625.228
270.3906
-1065.389
1.0
Obj_Plant_HopBush_A_02.008
0.2308726
1.318143
0.1006092
4377.875
383.8651
-717.9336
1.063965
Obj_TreeConiferous_A_02.080
0
1.24
0
4375.44
387.5077
-871.926
1.0
Obj_Plant_Shrub_A_01.006
0
3.097333
0
4008.569
356.2011
-275.0878
1.0
Obj_TreeConiferous_A_01.124
0
0
0
4331.721
376.8703
-635.3209
1.0
Obj_TreeConiferous_A_01.125
0
1.18
0
4050.297
378.549
-880.573
1.0
AddAutoPlacementCreator
0
0
0
4100.101
366.3923
-515.5411
1.0
Obj_TreeZoraLow_A_02
0
-0.7400002
0
4019.897
357.059
-162.9419
1.0
Obj_TreeConiferous_A_01.126
0
-1.38
0
4393.494
382.8351
-705.0808
1.0
Obj_TreeConiferous_A_01.127
0
1.055097
0
4090.332
383.8548
-948.6373
1.15
Obj_TreeConiferous_A_02.081
0
-3.063083
0
4367.12
386.214
-861.303
1.15
FldObj_CliffZora_A_03.004
0
0.9400005
0
4389.076
380.7789
-586.7615
1.0
Animal_Fish_E
0
0.48
0
4097.62
367.9793
-499.5751
1.0
Obj_TreeBroadleafLow_A_01.011
0
-0.7599999
0
4395.398
381.8969
-743.2826
1.0
EnvSeEmitPointBirdTemperate
-1.546142
0.1922607
-2.841553
4476.18
371.7969
-624.332
1.0
Obj_Plant_HopBush_A_01.022
0.1014666
1.094159
-0.03303796
4379.273
383.7884
-719.7188
0.852539
Obj_Plant_HopBush_A_01.023
0
0
0
4329.239
397.7471
-880.5712
1.0
EnvSeEmitPointInsectTemperate
3.141479
1.359741
3.141479
4205.238
380.8984
-150.8633
1.0
Obj_TreeBroadleafLow_A_02.024
0.03318474
0.001064106
-0.06410439
4205.865
381.2738
-162.2052
1.0
Item_Mushroom_J
3.141479
-1.149048
3.141479
4011.613
355.6495
-100.4727
1.0
Area
0
-2.1
0
4215.934
380.6873
-152.6082
40
FldObj_CliffZoraGround_A_02.042
0.03491303
0.5554975
0.1413683
4253.629
382.2154
-620.4286
1.0
Obj_TreeBroadleafLow_A_02.025
0
-0.5
0
4637.687
352.6252
-1015.577
1.0
AscendingCurrent
0
0.7812128
0
4553.323
235.9298
-916.8833
1.0
FldObj_PushRockIron_A_M_01.007
-0.06965436
-0.2247742
0.06029202
4553.745
246.4324
-949.4303
1.0
Enemy_Moriblin_Senior
0
2.88
0
4319.049
381.5741
-409.9212
1.0
Obj_TreeConiferous_A_01.128
0
1.5
0
4668.271
299.8636
-878.8664
1.0
Item_Mushroom_J
3.141479
-0.4870605
3.141479
4056.777
381.2434
-921.2813
1.0
Obj_TreeZoraLow_A_02.001
0
5.651861
0
4011.906
356.1392
-277.8434
1.0
Obj_Plant_Shrub_A_01.007
0
-0.7648205
0
4005.203
356.0887
-281.2856
1.0
Obj_Plant_CypressLow_A_01.028
-0.4061503
0.1462842
-0.5493008
4359.103
393.2043
-895.9756
1.0
Obj_TreeBroadleafLow_A_02.026
0
0
0
4447.211
382.8842
-733.4414
1.0
Obj_TreeConiferous_A_01.129
0
-1.18
0
4264.822
377.5975
-595.6238
1.0
Obj_TreeConiferous_A_01.130
0
1.46
0
4117.79
371.3532
-618.2211
1.0
FldObj_BridgeZoraWoodBase_A_01.019
-0.6802434
-0.07775044
0.00228053
4650.254
341.8684
-1076.625
1.0
Item_Mushroom_F
3.141479
0.3696289
3.141479
4094.961
385.3779
-973.0547
1.0
EnvSeEmitPointInsectTemperate
0.07727052
-1.187622
0.1503906
4055.039
380.6914
-920.5938
1.0
Obj_RockWhite_A_L_03.006
-1.068795
-1.096318
1.467879
4215.259
350.1929
-668.4448
1.0
Item_Mushroom_J
3.141479
-1.286255
3.141479
4131.133
364.4437
-879.7148
1.0
Obj_BreakBoxIron.001
-0.007099057
0.0003560459
-0.008300986
4332.458
397.7785
-875.6873
1.0
FldObj_KorokStone_A_01.022
1.070796
1.992871E-08
1.570796
4083.031
426.4219
-220.0573
1.0
EnvSeEmitPointInsectTemperate
0
-0.2788086
0
4087.313
352.9102
-846.1172
1.0
Obj_TreeConiferous_A_01.131
0
0
0
4083.143
368.0005
-602.2463
1.0
FldObj_SoilRockZora_A_M_01.031
0
0
0.14
4125.836
372.2097
-563.3919
1.0
FldObj_SoilRockZora_A_M_01.032
0
-0.9400003
0.4399997
4321.958
342.1557
-806.5205
1.0
FldObj_PushRock_A_M_01.022
-3.050148
-0.5536193
-3.036743
4296.971
337.7321
-813.3515
0.5
Obj_TreeBroadleafLow_A_01.012
0
1.12
0
4657.624
357.0355
-1034.789
1.0
Obj_Plant_CypressLow_A_02.019
0.06319518
-0.2208627
0.068461
4313.238
396.647
-878.2227
0.973633
Item_Plant_J
0.1782119
-1.081061
-0.05066799
4163.783
427.517
-79.2663
1.0
Obj_TreeConiferous_A_02.082
0
0.7399999
0
4292.066
380.5035
-617.7689
1.0
EnvSeEmitPointInsectTemperate
-2.279541
-0.5684814
2.893799
4196.945
381.4961
-592.7578
1.0
FldObj_SoilRockZora_A_L_01.041
2.941593
0.05999942
3.141593
4148.608
481.7676
-457.7942
1.0
FldObj_SoilRockZora_A_L_01.042
2.961593
1.14
3.141593
4293.397
381.3139
-470.1783
1.0
Obj_TreeConiferous_A_01.132
0
-2.4
0
4028.42
345.1604
-709.4137
1.0
Obj_TreeBroadleafLow_A_02.027
0
-1.28
0
4097.316
353.1733
-857.9302
1.0
Obj_MineralGrain_A_04.018
3.10624
-1.197645
2.991603
4633.636
318.7706
-745.4611
1.0
Item_Mushroom_E
3.141479
-1.224365
3.141479
4081.285
352.9832
-844.8125
1.0
FldObj_EnemyTrace_Garbage_A_01.002
2.923738
0.7703162
3.059015
4183.963
456.1573
-536.6481
1.0
FldObj_CliffZora_A_03.005
0
-0.8200004
0
4178.671
335.0771
-700.4348
1.0
Obj_Plant_CypressLow_A_01.029
0.04655952
-0.7433379
0.166201
4368.816
393.2466
-679.4922
0.900391
FldObj_KorokStone_A_01.023
1.570796
-0.5000002
2.227681E-08
4082.611
426.4219
-221.3727
1.0
Obj_Plant_HopBush_A_02.009
0.1988636
-0.4756744
-0.185078
4338.309
405.4697
-685.2852
1.039551
Obj_TreeConiferous_A_01.133
0
0
0
4381.064
384.4341
-597.7438
1.0
Obj_TreeBroadleafLow_A_01.013
0
-1.34
0
4236.32
375.6201
-584.313
1.0
RockSetWhite_A_01
0
3.083185
0
4031.233
342.9479
-765.8699
1.0
Obj_TreeBroadleafLow_A_01.014
0
-0.6
0
4085.777
372.0204
-545.5424
1.0
Obj_RockSetGray_A_L_02.005
1.797221
0.2765962
1.614169
4200.494
341.4648
-836.8159
1.25
Obj_MineralGrain_A_04.019
3.10682
0.538721
-3.092041
4689.814
320.2809
-538.1467
0.8224798
Enemy_Lizalfos_Middle
0
0
0
4636.102
363.6363
-1040.263
1.0
FldObj_BridgeZoraWoodThin_A_01.005
0
-1.48
0
4544.176
363.734
-639.8103
1.0
RockSetWhite_A_01
0
2.723185
0
4265.771
256.2411
-751.7255
1.0
EnvSeEmitPointInsectTemperate
3.141479
0.4257812
3.141479
4275.137
385.2852
-929.5703
1.0
Obj_TreeConiferous_A_01.134
0
0.98
0
4288.264
381.7023
-503.9236
1.0
Obj_TreeConiferous_A_01.135
0
1.08
0
4223.034
377.3399
-578.1993
1.0