UnitConfigName/__text
Rotate/value/0
Rotate/value/1
Rotate/value/2
Translate/value/0
Translate/value/1
Translate/value/2
_Scale
Obj_TreeBroadleafLow_Snow_A_01
0
0.02610282
0
3995.56
436.7925
1041.816
1.058622
FldObj_GerudoHighlandRock_C_06
-2.88788
-1.423127
2.552101
4146.439
416.4199
1212.19
1.0
Obj_TreeConiferous_A_Snow_01
0
0.5503427
0
4156.632
412.2543
1305.888
1.075909
Obj_TreeBroadleafLow_Snow_A_01.001
0
0.3238549
0
4096.129
416.8467
1070.325
1.0562
Obj_TreeBroadleafLow_Snow_A_02
0
2.621009
0
4121.773
427.4117
1120.715
1.144746
Obj_Mineral_B_01
0
0
0
4510.811
114.009
1722.046
1.0
Item_Plant_E
0
1.451416
0
4169.539
412.0826
1278.512
1.0
Obj_TreeConiferousDead_A_Snow_01
0
1.840142
0
3968.615
431.9243
1042.004
1.11666
Item_Mushroom_B
0
-0.8909912
0
4128.25
426.6978
1131.941
1.0
Obj_Plant_CypressLow_B_01
0.5856555
1.296579
0.7484139
4250.152
418.9424
1935.488
1.027832
Obj_TreeConiferous_A_Snow_01.001
0
4.129766
0
4220.53
289.0035
1671.685
1.0
Obj_Plant_CypressLow_A_01
-0.348831
-1.242066
0.1561836
4402.957
166.7422
1690.449
1.04248
Item_Mushroom_B
0
0.007324222
0
4129.438
426.5289
1132.902
1.0
Obj_TreeBroadleafLow_Snow_A_02.001
0
4.423382
0
4145.461
426.6859
1128.38
0.8303695
Obj_TreeBroadleafLow_Snow_A_02.002
0
5.772733
0
3945.567
429.1456
1030.181
1.125908
Obj_TreeBroadleafLow_Snow_A_02.003
0
5.810103
0
4155.405
420.7891
1173.256
0.8993722
Obj_Mineral_A_01
0
0
0
4582.517
111.3383
1866.513
1.0
Obj_TreeConiferousDead_A_Snow_01.001
0
0.069246
0
4095.408
417.3171
1062.543
1.099578
Obj_TreeBroadleafLow_Snow_A_02.004
0
5.07866
0
4153.271
421.4796
1161.478
0.8001606
Obj_MineralGrain_A_04
-0.3210976
-0.2992594
0.5168173
4511.386
114.076
1722.93
1.0
Obj_Mineral_C_01
-0.002045503
0.9564008
-0.5508389
4452.054
108.2457
1550.497
1.0
Obj_Plant_HopBush_C_Snow_02
0.3952339
0.923297
0.08373722
4030.135
423.3143
1039.246
1.0
Obj_TreeBroadleafLow_Snow_A_02.005
0
2.248334
0
4100.615
417.5665
1065.611
1.056173
Obj_TreeConiferous_A_Snow_02
0
0.28
0
4228.562
288.7742
1668.812
1.0
Obj_TreeBroadleafLow_Snow_A_01.002
0
1.04
0
4211.654
287.9772
1676.167
1.0
Obj_TreeConiferous_A_Snow_02.001
0
-0.98
0
4240.996
287.2729
1691.478
1.0
Obj_LiftRockWhite_Korok_A_01
-0.006263881
0.06020961
0.06710868
4088.88
423.1481
1139.725
1.0
Obj_Plant_HopBush_C_Snow_02.001
0.04218317
-1.08461
0.014368
4250.52
286.5901
1678.168
1.00293
Obj_TreeConiferous_A_Snow_01.002
0
3.301173
0
3948.278
440.2915
1073.834
1.061892
FldObj_RockBeachLump_A_L_01
0
2.481593
0
4492.449
107.2426
1590.124
1.0
Obj_TreeConiferousLow_A_Snow_01
0
-1.06
0
4219.437
287.713
1687.796
1.0
Item_Mushroom_D
-2.365112
0.8585204
2.771484
4324.73
202.3359
1662.746
1.0
Obj_Plant_HopBush_C_Snow_02.002
0.3888067
0.56136
0.04281796
4143.301
426.3809
1136.02
0.863281
Obj_TreeConiferous_A_Snow_02.002
0
1.616963
0
4007.958
448.5594
1125.59
1.010992
Obj_TreeConiferous_A_Snow_02.003
0
5.665004
0
4098.94
424.1032
1138.232
1.077257
Item_Mushroom_D
1.113281
1.035645
0.07543945
4134.973
435.1445
1393.844
1.0
Obj_TreeConiferousDead_A_Snow_01.002
0
0.1323561
0
3994.815
450.2798
1116.959
1.060598
Obj_LiftRockWhite_Korok_A_01.001
-0.009369663
0.8401893
0.06050728
4087.543
423.094
1145.51
1.0
Obj_RockSetSnow_A_03
-0.004212681
-0.01662519
-0.3161221
4209.1
298.3099
1627.602
1.0
Obj_TreeBroadleafLow_Snow_A_01.003
0
2.359269
0
4114.118
409.375
1048.02
1.109878
Obj_TreeConiferous_A_Snow_01.003
0
4.287687
0
4136.266
425.5284
1141.837
1.041494
Enemy_Chuchu_Ice_Middle
0
-0.8000001
0
4065.607
518.2761
1317.486
1.0
Obj_TreeConiferous_A_Snow_02.004
0
0.08547556
0
4160.519
412.4813
1296.516
1.111198
Obj_TreeConiferous_A_Snow_01.004
0
4.216237
0
4167.836
412.2737
1282.858
1.109672
Obj_Plant_HopBush_C_Snow_02.003
0.008855132
0.5293376
-0.16994
4054.383
423.0851
1123.121
1.067383
Obj_TreeStump_Coniferous_A_01
0
1.225744
0
3967.21
434.6102
1027.389
0.8849089
Obj_Plant_CypressLow_B_01.001
-0.1951091
0.6343324
-0.2057698
4245.445
287.7269
1642.531
0.882324
Obj_TreeBroadleafLow_Snow_A_02.006
0
2.771099
0
4100.073
416.9259
1069.929
1.11687
Obj_TreeConiferous_A_Snow_01.005
0
-0.1800001
0
4233.522
287.3161
1677.853
1.0
Obj_MineralGrain_A_04.001
-0.5337092
1.173928
-0.6151282
4584.047
113.4596
1873.504
1.0
Item_Mushroom_D
1.684692
1.318481
0.4597168
4293.172
242.4375
1498.691
1.0
Obj_Mineral_A_01.001
0
0
-0.3599999
4489.335
105.4633
1575.136
1.0
Obj_Plant_CypressLow_A_02
-0.2402692
-0.08942118
-0.1876377
4460.582
151.1646
1692.09
1.083496
Obj_RockSetSnow_A_03.001
0
2.48319
0
4195.858
287.157
1695.238
0.8
Obj_MineralGrain_A_02
0.08155853
0.01872547
-0.4511393
4279.213
280.6343
1336.835
1.0
Obj_TreeBroadleafLow_Snow_A_02.007
0
3.36745
0
3918.773
444.211
1074.27
1.100626
Obj_RockSnow_A_01
0.2878044
0.3375742
0.7293751
4224.065
291.1415
1652.839
1.0
Obj_RockSetSnow_A_03.002
0.4027498
1.244872
-0.1474395
4184.779
394.6749
1360.526
1.0
Item_Mushroom_B
3.141479
-0.7100829
3.141479
4217.809
288.1978
1692.527
1.0
FldObj_RockBeachLump_A_L_01.001
-3.076759
0.7526883
-2.967079
4411.15
107.7006
1131.594
1.0
Obj_Plant_HopBush_C_Snow_01
-0.1739069
-0.1486754
0.03689097
4065.204
423.1139
1142.799
1.0
Item_Mushroom_D
-2.145019
1.062012
2.960449
4371.055
171.2227
1119.516
1.0
Obj_TreeBroadleafLow_Snow_A_01.004
0
0.7794872
0
3917.722
435.5013
1060.798
1.090794
Obj_TreeConiferous_A_Snow_01.006
0
4.19784
0
3982.747
445.4315
1096.145
1.081097
Obj_Plant_HopBush_C_Snow_02.004
0.3000377
-0.3003719
-0.2985594
4032.09
422.5745
1040.516
1.015137
Obj_TreeConiferous_A_Snow_01.007
0
4.637424
0
4088.498
416.8213
1059.022
1.132723
Obj_LiftRockWhite_Korok_A_01.002
-0.009369663
0.8401893
0.06050728
4084.938
422.8956
1141.946
1.0
Obj_Plant_HopBush_C_Snow_01.001
0.04760491
1.303318
-0.09268367
4141.371
427.7731
1127.129
0.958984
Item_Mushroom_B
3.141479
-1.195923
3.141479
4045.297
506.6625
1388.188
1.0
FldObj_RockBeachLump_A_M_01
-3.018169
-0.651684
2.939842
4461.783
105.7618
1560.228
1.0
Obj_TreeBroadleafLow_Snow_A_02.008
0
0.2854213
0
4091.99
416.5881
1068.529
1.10613
Obj_MineralGrain_A_04.002
-1.626101
1.064429
-1.859832
4491.616
109.2798
1583.396
1.0
Obj_TreeBroadleafLow_Snow_A_01.005
0
5.810139
0
4149.835
420.5485
1175.74
0.939166
Item_Mushroom_D
0.6656494
1.061157
-0.6905518
4604.398
125.5273
1970.98
1.0
Obj_TreeConiferousLow_A_Snow_01.001
0
0.654809
0
4075.036
422.4719
1143.424
0.8735601
Item_Mushroom_D
1.783203
1.088379
0.6176757
4309.566
261.8594
1273.844
1.0
Obj_TreeBroadleafLow_Snow_A_01.006
0
5.178211
0
3979.377
440.358
1009.72
1.058718
Obj_Plant_HopBush_C_Snow_01.002
0
1.465454
0
4256.141
286.2844
1695.477
0.93457
Obj_Plant_HopBush_C_Snow_01.003
0.3109253
0.3181024
0.3464959
4072.785
512.3832
1343.492
0.864746
Obj_TreeConiferous_A_Snow_01.008
0
6.034922
0
3993.357
449.0111
1110.421
1.117021
Obj_TreeBroadleafLow_Snow_A_01.007
0
3.693387
0
3967.854
434.1886
1029.898
1.091636
Item_Plant_E
3.141479
-1.012451
3.141479
4257.23
285.8555
1709.75
1.0
Obj_TreeConiferous_A_Snow_02.005
0
3.534483
0
3977.26
438.7051
1020.036
1.031732
Item_Mushroom_B
3.141479
-0.4865722
3.141479
4217.797
288.1007
1691.629
1.0
Obj_TreeBroadleafLow_Snow_A_02.009
0
1.852102
0
3951.424
430.0891
1040.046
1.064325
Obj_MineralBury_A_01
-1.049026
0.0387617
-0.1856768
4583.61
114.1354
1873.428
1.0
Obj_RockSetSnow_A_04
0
1.180002
0
4196.993
287.0899
1673.704
1.1
Obj_TreeConiferousDead_A_Snow_01.003
0
5.518998
0
4093.781
417.7523
1055.445
1.034288
Item_Mushroom_B
0
1.3927
0
4077.633
423.7301
1155.414
1.0
Item_Plant_E
3.141479
-1.060547
3.141479
4032.668
422.3283
1040.961
1.0
Item_Mushroom_D
3.084106
1.133057
2.20105
4104.605
458.6992
1424.043
1.0
Item_Mushroom_D
-1.681885
0.4984131
-2.668579
4288.574
329.3789
1805.227
1.0
Obj_RockSetSnow_A_02
-0.16
-1.54
0
4025.33
419.5438
1067.426
1.0
Obj_MineralGrain_A_04.003
1.730991
1.345479
1.65119
4486.607
111.3011
1532.034
1.0
Obj_Plant_HopBush_C_Snow_01.004
0.230487
-0.7495131
-0.03171279
4085.152
417.1156
1054.191
1.021484
Item_Mushroom_D
0.6693115
0.9442138
-0.4216308
4138.109
413.5234
1423.59
1.0
Item_Mushroom_F
0
0.002441401
0
4152.438
423.0694
1146.301
1.0
Obj_TreeBroadleafLow_Snow_A_02.010
0
0.3704475
0
4089.342
423.4377
1136.744
0.8872
Obj_TreeBroadleafLow_Snow_A_01.008
0
0.244574
0
3915.765
441.3141
1070.277
1.129877
Obj_TreeConiferous_A_Snow_01.009
0
4.804177
0
4158.308
413.5941
1290.875
1.120656
Obj_TreeBroadleafLow_Snow_A_02.011
0
6.122929
0
4002.749
446.8587
1084.09
1.127204
Obj_Plant_HopBush_C_Snow_01.005
0.4978446
-1.307797
-0.2317598
4031.992
450.461
1679.879
1.068848
Item_Mushroom_D
-2.996338
1.124512
2.37207
4394.758
213.1367
1823.5
1.0
Obj_LiftRockWhite_A_01
0
0
0
4570.667
106.7683
1758.665
1.0
Obj_RockSnow_A_01.001
-0.2799999
0
0.18
4189.426
288.3067
1694.214
1.0
Obj_Plant_HopBush_C_Snow_02.005
-0.3544807
-1.036845
0.2994846
4200.582
403.0464
1826.387
0.860352
Obj_Plant_HopBush_C_Snow_01.006
1.438748
-1.399868
-1.566289
4024.41
502.4998
1446.57
0.969727
Item_Mushroom_B
0
0.3181152
0
4229.496
288.2287
1700.23
1.0
FldObj_RockBeachLump_A_M_01.001
-0.2632542
-0.6958557
-0.1575747
4554.228
110.6482
1774.137
1.0
Obj_Plant_CypressLow_B_01.002
0
-0.3548584
0
4264.777
286.3174
1685.121
1.007324
Obj_TreeConiferous_A_Snow_01.010
0
3.609345
0
4062.07
423.054
1142.71
1.036193
Obj_TreeConiferous_A_Snow_02.006
0
6.064464
0
4076.518
423.8479
1155.101
1.146842
Obj_TreeConiferousDead_A_Snow_01.004
0
2.296507
0
4115.906
410.2263
1055.648
1.050309
Obj_Plant_HopBush_C_Snow_02.006
-0.5767868
-0.3435677
0.1690799
4259.46
284.0346
1726.869
1.0
FldObj_RockBeachLump_A_L_01.002
0.2799999
0.26
0
4479.45
106.275
1534.019
1.0
Obj_Plant_CypressLow_B_01.003
0.1925755
0.8088228
-0.1036545
4127.242
419.0253
1218.887
1.039551
Obj_MineralGrain_A_04.004
-0.1154729
0.3482781
-0.2896655
4321.071
197.7605
1100.128
1.0
FldObj_RockBeach_A_S_02
0
-0.24
0
4520.576
106.0502
1534.819
1.0
Obj_Mineral_A_01.002
0.1939527
-0.5949112
0.3026188
4514.601
114.1442
1716.687
1.0
Obj_LiftRockWhite_Korok_A_01.003
-3.130345
0.981352
-3.064757
4090.434
423.2561
1140.191
1.0
Obj_TreeConiferous_A_Snow_01.011
0
5.053321
0
3979.757
440.0681
1012.86
1.054024
Item_Mushroom_D
2.988769
1.129516
1.778198
4097.184
412.8555
1687.043
1.0
Obj_Mineral_B_01.001
0
-0.9600005
0
4271.211
293.1159
1322.455
1.0
Obj_Plant_HopBush_C_Snow_01.007
0.4727013
-0.7193857
-0.4772342
4040.883
459.8207
1630.992
0.90918
Obj_TreeBroadleafLow_Snow_A_01.009
0
2.909699
0
4090.458
423.6048
1152.768
0.9262792
Obj_TreeStump_Coniferous_A_01.001
0
0.7523942
0
3996.785
451.3656
1127.554
0.9143064
Obj_TreeBroadleafLow_Snow_A_01.010
0
3.461777
0
4070.416
423.3038
1123.947
0.8120372
Obj_TreeConiferous_A_Snow_01.012
0
1.22
0
4229.593
288.4274
1701.393
1.0
Obj_TreeStump_Coniferous_A_01.002
0
2.134667
0
4097.725
417.4173
1062.841
0.8894987
Obj_TreeStump_Coniferous_A_01.003
0
3.516287
0
4000.471
449.9945
1119.507
0.9823199
Obj_MineralGrain_A_04.005
0.7716705
-1.18674
-1.114061
4283.981
272.3007
1346.883
1.0
Obj_MineralBury_A_01.001
-0.7067143
0.0649235
-1.157066
4509.617
116.3249
1724.045
1.0
Obj_MineralBury_A_01.002
-1.25179
1.278136
-1.546797
4498.064
111.2003
1656.275
1.0
Obj_TreeConiferous_A_Snow_01.013
0
1.484329
0
4071.252
422.6004
1142.536
1.058305
Obj_TreeBroadleafLow_Snow_A_02.012
0
3.506836
0
4150.32
420.9735
1172.757
0.8310724
Obj_MineralGrain_A_04.006
2.626447
0.2416778
2.763119
4452.341
109.2954
1547.802
1.0
Obj_TreeBroadleafLow_Snow_A_02.013
0
2.175664
0
3956.373
433.3745
1019.324
1.037657
Obj_TreeConiferous_A_Snow_01.014
0
2.213551
0
3985.994
437.0038
1033.883
1.054647
Item_Mushroom_D
-1.724487
1.036865
-2.758056
4333.531
153.2148
1056.555
1.0
Obj_LiftRockWhite_A_01.001
0
0
0
4647.339
101.7159
1772.975
1.0
PointWindSetTag
0
0
0
4617.253
103.3882
1909.593
25
Obj_MineralBury_A_01.003
0.7323819
-0.207514
-0.3784672
4278.576
281.4844
1334.928
1.0
Obj_TreeConiferous_A_Snow_01.015
0
2.105109
0
4128.448
426.5427
1133.145
1.078017
Item_Mushroom_D
2.383545
1.335327
1.380981
4320.891
270.5859
1176.988
1.0
Obj_TreeConiferous_A_Snow_02.007
0
-1.579997
0
4222.703
288.264
1699.415
1.0
Obj_Plant_HopBush_C_Snow_01.008
1.103056
-1.358275
-1.20492
4149.586
425.6387
1130.559
1.068359
Enemy_Lizalfos_Middle
0
0.7600004
0
4035.995
505.5536
1406.237
1.0
Obj_TreeConiferousDead_A_Snow_01.005
0
5.865034
0
3972.512
431.7969
1048.109
1.08432
Item_Mushroom_B
3.141479
0.8895263
3.141479
4127.293
426.4716
1133.648
1.0
Obj_TreeConiferous_A_Snow_01.016
0
2.105109
0
4131.853
422.0564
1165.841
1.078017
Obj_Mineral_C_01.001
0
2.583185
0
4464.435
105.0515
1562.719
1.0
Obj_TreeConiferous_A_Snow_01.017
0
5.962853
0
4173.45
411.9661
1288.407
1.099769
Obj_TreeBroadleafLow_Snow_A_02.014
0
3.684236
0
4024.722
447.1594
1125.867
1.005503
Obj_TreeConiferousDead_A_Snow_01.006
0
1.622834
0
4122.597
408.3661
1046.212
1.054652
Obj_Plant_HopBush_C_Snow_02.007
0.05380764
-0.8532156
-0.01008044
4147.903
419.964
1180.166
1.0
Obj_TreeConiferous_A_Snow_01.018
0
1.924068
0
4115.637
409.6833
1051.226
1.031166
Item_Mushroom_D
0.652832
1.128296
-0.2521972
4347.156
215.1484
1358.586
1.0
FldObj_RockBeachLump_A_L_01.003
0
1.12
0
4420.617
107.5849
1290.765
1.0
Item_Mushroom_B
0
1.139282
0
4128.383
409.1056
1050.41
1.0
Obj_TreeBroadleafLow_Snow_A_02.015
0
0.3017424
0
4077.214
416.265
1063.265
1.082968
Item_Mushroom_D
1.037842
0.7499999
-0.2147217
4087.734
459.3828
1455.652
1.0
Obj_TreeConiferous_A_Snow_01.019
0
4.068932
0
3987.672
439.1534
1027.131
1.038182
SpotBgmTag
0
0
0
4184
291
1684
15
Obj_MineralGrain_A_04.007
2.198853
-0.5302706
-2.441578
4474.73
108.4072
1537.921
1.0
Obj_Plant_HopBush_C_Snow_01.009
-0.4585696
1.427395
-0.469697
4194.891
402.4819
1821.914
0.851074
Obj_TreeConiferous_A_Snow_01.020
0
3.764063
0
4105.679
423.458
1205.8
1.147431
Obj_MineralBury_A_01.004
-1.002881
-0.9691908
0.7918974
4320.308
197.6481
1098.375
1.0
Obj_TreeConiferous_A_Snow_01.021
0
5.356847
0
4123.808
427.3314
1126.588
1.126316
Item_Mushroom_D
0.1136474
1.324585
-0.7673339
4105.254
457.8984
1424.461
1.0
Item_Mushroom_D
-1.437988
0.9854736
-2.763916
4217.645
331.5703
1095.422
1.0
Item_Mushroom_D
3.120483
1.147461
1.9906
4564.258
170.2891
2076.094
1.0
Item_Mushroom_D
-2.260864
0.7581787
2.709717
4074.883
410.1328
1610.539
1.0
Obj_TreeBroadleafLow_Snow_A_01.011
0
3.198207
0
4133.813
417.0644
1222.747
0.8468239
Obj_TreeBroadleafLow_Snow_A_02.016
0
2.155397
0
4104.773
417.1658
1071.363
1.100276
Obj_TreeBroadleafLow_Snow_A_01.012
0
4.786139
0
4127.033
419.358
1216.104
0.9598003
Item_Mushroom_D
1.787475
1.314209
0.5574951
4007.602
562.9766
1380.094
1.0
Obj_MineralGrain_A_02.001
-0.6616964
-1.001878
0.2260967
4318.026
196.4385
1092.167
1.0
Obj_Plant_HopBush_C_Snow_01.010
0.4740672
0.9069715
0.1797826
4032.604
422.1333
1041.628
1.0
Obj_Mineral_B_01.002
0
0
-0.12
4457.814
107.5526
1563.33
1.0
Obj_TreeConiferousDead_A_Snow_01.007
0
3.52072
0
4001.255
450.2527
1127.265
1.029573
Obj_TreeConiferous_A_Snow_02.008
0
3.929597
0
4111.49
423.236
1212.754
1.019781
Obj_TreeConiferous_A_Snow_01.022
0
3.061437
0
4000.515
439.4186
1035.136
1.098459
Obj_TreeBroadleafLow_Snow_A_02.017
0
0.8691774
0
4087.722
423.8515
1159.473
0.82759
Obj_TreeStump_Coniferous_A_01.004
0
5.295514
0
3977.153
430.9758
1049.731
0.8106227
Item_Mushroom_D
-2.175781
0.8618163
-3.104736
4304.875
283.3945
1785.246
1.0
Obj_TreeBroadleafLow_Snow_A_02.018
0
2.718555
0
4067.917
423.0244
1125.708
1.054799
Obj_MineralBury_A_01.005
0.549079
-0.1161819
0.2672431
4275.054
288.02
1330.512
1.0
Item_Mushroom_D
-1.411011
0.185791
-3.120117
4025.992
439.3789
1085.445
1.0
FldObj_RockBeachLump_A_L_01.004
0
2.361593
0
4584.578
109.0575
1873.873
1.0
Obj_TreeStump_Coniferous_A_01.005
0
2.872908
0
4147.849
423.8909
1145.445
0.9514408
Item_Mushroom_D
2.791137
1.511474
1.590332
4237.691
321.4922
1380.887
1.0
Obj_LiftRockWhite_Korok_A_01.004
-0.201685
1.539577
-0.1341039
4090.997
423.3029
1141.595
1.0
Obj_MineralBury_A_01.006
-2.585643
0.5727871
-3.018383
4055.482
458.2281
1198.73
1.0
Obj_TreeConiferous_A_Snow_02.009
0
4.976739
0
4055.319
423.0244
1120.051
1.141853
Obj_Plant_HopBush_C_Snow_02.008
-0.36081
0.582247
-0.0636724
4235.57
409.3194
1840.371
0.936523
Obj_LiftRockWhite_Korok_A_01.005
-3.071686
1.481164
-3.004479
4085.213
422.9243
1143.564
1.0
Obj_Plant_HopBush_C_Snow_02.009
-0.008941586
-0.1006437
-0.1226081
4248.578
286.8129
1691.582
1.06543
Enemy_Keese_Ice_AllDay
0
-1.48
0
4063.364
517.5839
1367.059
1.0
Item_Mushroom_B
0
-1.00354
0
4125.152
427.3581
1126.734
1.0
Obj_MineralBury_A_01.007
-2.710845
0.3302138
-2.750482
4492.338
109.9614
1583.991
1.0
Obj_TreeConiferous_A_Snow_01.023
0
2.898715
0
4128.521
409.3474
1051.44
1.108883
Obj_Plant_HopBush_C_Snow_02.010
-1.249412
-1.266273
1.252416
4002.836
559.4019
1339.766
0.852539
Obj_TreeBroadleafLow_Snow_A_01.013
0
0.27303
0
3953.188
432.9567
1016.749
1.130685
Obj_Mineral_A_01.003
-0.6297197
-0.9481487
0.7311683
4483.76
132.9911
1497.741
1.0
Obj_TreeConiferous_A_Snow_01.024
0
0.8731954
0
4136.044
422.1842
1158.348
1.060189
FldObj_RockBeachLump_A_L_01.005
0
1.94
0
4500.52
105.5875
1659.412
1.0
Obj_Plant_HopBush_C_Snow_01.011
0.006380436
1.326011
-0.1081299
4253.059
287.3937
1646.16
1.030273
Item_Mushroom_D
-1.891479
1.392822
-2.872559
4203.781
299.7305
1688.027
1.0
Item_Mushroom_D
2.06543
1.156616
0.2713623
4285.801
275.9766
1681.824
1.0
Item_Mushroom_D
1.789917
1.126587
0.1804199
4114.285
392.4297
1647.527
1.0
Obj_Mineral_A_01.004
2.885652
-0.6690377
-2.772485
4317.706
196.8575
1092.685
1.0
Item_Mushroom_D
-2.338989
1.072876
2.870727
4093.773
481.8203
1290.68
1.0
Item_Mushroom_D
-2.185303
1.455566
2.888916
4535.27
233.6836
2023.969
1.0
Obj_TreeStump_Coniferous_A_01.006
0
2.174147
0
4144.541
421.9185
1155.281
0.9410288
Obj_TreeConiferous_A_Snow_01.025
0
0.9850153
0
4148.449
421.6449
1161.88
1.100487
Obj_TreeBroadleafLow_Snow_A_02.019
0
0.8159382
0
3979.845
430.9538
1050.121
1.089112
Obj_MineralGrain_A_04.008
-1.110479
-0.3866796
0.6841964
4322.099
198.9592
1102.538
1.0
Obj_TreeConiferousLow_A_Snow_01.002
0
4.320171
0
4073.939
422.114
1136.26
0.9563407
Obj_Plant_HopBush_C_Snow_02.011
-0.1046893
-0.1514643
0.007552205
4066.26
422.6473
1139.347
1.0
Obj_Plant_HopBush_C_Snow_02.012
0.08553688
0.9252736
0.01971897
4033.109
505.7577
1406.02
0.969238
Obj_Mineral_A_01.005
0
0
0
4489.688
109.7407
1583.277
1.0
Obj_Plant_CypressLow_A_01.001
-0.09842666
1.062801
-0.3385751
4372.254
187.3256
1532.844
0.952637
Obj_TreeStump_Coniferous_A_01.007
0
5.86833
0
4091.066
416.94
1061.595
0.8587389
Obj_TreeBroadleafLow_Snow_A_01.014
0
0.1961418
0
4012.316
447.1155
1129.184
1.00745
Item_Mushroom_B
0
0.8735351
0
4145.883
421.9033
1155.086
1.0
Item_Mushroom_D
-1.73706
1.441894
-2.661499
4334.605
240.2031
1235.57
1.0
Obj_TreeBroadleafLow_Snow_A_02.020
0
2.721843
0
4054.238
416.6747
1053.234
1.061036
Obj_RockSetSnow_A_02.001
0
0
-0.09999999
4181.931
289.453
1673.169
0.8
Obj_Plant_HopBush_C_Snow_02.013
0.004217383
-0.08615217
-0.07208355
4250.48
287.5872
1644.875
0.854492
Obj_LiftRockWhite_Korok_A_01.006
-3.071686
1.481164
-3.004479
4089.149
423.203
1145.58
1.0
Obj_RockSetSnow_A_05
0.6835579
-0.8628462
-1.849663
4092.167
417.4273
1685.598
1.0
Item_Mushroom_B
3.141479
1.050537
3.141479
4083.469
424.7085
1164.645
1.0
Obj_Plant_HopBush_C_Snow_01.012
0
1.132934
0
4088.492
416.6083
1066.719
0.865234
Obj_Plant_HopBush_C_Snow_01.013
0.1927283
-0.4790061
-0.3183078
4049.297
347.0417
1877.41
0.900879
Obj_Plant_CypressLow_B_01.004
0.5616069
-1.392765
-0.5185257
4092.07
417.8771
1054.293
0.915527
Obj_TreeBroadleafLow_Snow_A_02.021
0
1.08
0
4222.27
288.114
1689.322
1.0
Obj_Plant_CypressLow_B_01.005
-1.176695
1.136575
-1.188446
4237.711
411.3285
1845.574
1.085449
Obj_TreeBroadleafLow_Snow_A_02.022
0
0.03781613
0
4062.586
422.858
1127.092
1.113289
Obj_TreeConiferousDead_A_Snow_01.008
0
-0.1889087
0
3997.595
451.0917
1131.758
1.072685
FldObj_RockBeachLump_A_L_01.006
-0.05106177
0.9207519
-0.03600549
4460.596
128.4973
1596.318
1.0
Item_Mushroom_D
1.900268
1.016479
0.8254394
4497.012
157.9531
1837.277
1.0
Item_Mushroom_D
1.831909
0.9510497
0.786499
4300.176
258.8945
1721.586
1.0
Obj_TreeConiferous_A_Snow_02.010
0
3.843126
0
4071.461
424.6934
1118.306
1.054755
Obj_TreeConiferous_A_Snow_01.026
0
1.441223
0
4080.819
416.7894
1052.032
1.114918
Obj_TreeConiferous_A_Snow_02.011
0
5.929458
0
4098.991
423.8387
1153.102
1.144528
FldObj_RockBeachLump_A_M_01.002
0
0.7
0
4452.908
105.5618
1555.616
1.0
Obj_Plant_CypressLow_B_01.006
-0.4872394
0.2224192
-0.04281414
4106.621
353.5326
1937.367
0.884766
Obj_Plant_CypressLow_B_01.007
0.05558633
0.0600314
-0.04739759
4132.945
421.9829
1166.121
1.083008
FldObj_RockBeachLump_A_L_01.007
0
1.14
0
4608.362
106.2428
1962.267
1.0
Obj_TreeConiferous_A_Snow_01.027
0
1.709005
0
4084.758
423.6956
1157.848
1.042608
Obj_TreeConiferous_A_Snow_01.028
0
6.24162
0
3936.183
439.8412
1072.999
1.08164
Obj_TreeBroadleafLow_Snow_A_01.015
0
3.981113
0
4074.733
422.2649
1138.738
0.8391532
Obj_Plant_HopBush_C_Snow_02.014
-0.1897912
0.8976521
-0.4896284
4039.563
448.7519
1705.406
1.020508
Obj_TreeConiferous_A_Snow_01.029
0
5.356847
0
4127.211
422.9905
1159.284
1.126316
Obj_Plant_CypressLow_B_01.008
-0.3196587
-1.043635
0.03098302
4120.352
409.0062
1052.969
0.943359
FldObj_RockBeach_A_S_02.001
0
1.36
0
4182.241
105.2061
850.0089
1.0
Item_Mushroom_D
-2.025146
0.7451171
-2.977661
4486.543
118.2305
1597.609
1.0
Obj_TreeBroadleafLow_Snow_A_01.016
0
3.872709
0
4079.495
422.5675
1140.412
0.8564388
Item_Mushroom_D
-2.259765
1.2323
2.945923
4274.148
379.9922
1844.902
1.0
Item_Mushroom_D
-2.195068
1.141846
2.975464
4475.852
249.5313
1949.387
1.0
Obj_TreeConiferous_A_Snow_01.030
0
0.8731954
0
4132.64
427.2014
1125.651
1.060189
Obj_TreeBroadleafLow_Snow_A_01.017
0
0.6506007
0
4094.585
417.5962
1057.729
1.016466
Obj_Mineral_A_01.006
0
-2.443185
0
4055.957
458.1007
1200.529
1.0
Item_Mushroom_D
-1.900268
0.6439208
-2.729248
4031.223
478.5313
1199.938
1.0
FldObj_RockBeachLump_A_L_01.008
-2.879076
0.8040127
-3.028029
4175.054
113.051
884.2913
1.0
Obj_TreeBroadleafLow_Snow_A_01.018
0
1.567222
0
3951.767
439.4606
1071.069
1.064085
Obj_RockGray_A_M_06
-0.3753718
-0.05356733
-0.2802686
4431.279
137.0424
1434.634
1.0
Obj_TreeConiferous_A_Snow_02.012
0
4.732363
0
3919.675
437.279
1064.973
1.014522
Obj_TreeConiferous_A_Snow_01.031
0
4.224337
0
4120.588
421.0354
1198.862
1.030736
Obj_TreeStump_Coniferous_A_01.008
0
3.112107
0
4094.5
416.9488
1066.927
0.9132257
Obj_TreeConiferous_A_Snow_01.032
0
3.289866
0
3982.643
447.2347
1105.707
1.107123
Obj_TreeBroadleafLow_Snow_A_02.023
0
5.681233
0
3927.271
436.5139
1064.996
1.090877
Obj_TreeBroadleafLow_Snow_A_02.024
0
0.01129914
0
4081.018
422.9949
1150.895
0.8354051
Obj_TreeBroadleafLow_Snow_A_01.019
0
6.177467
0
4153.343
423.4286
1143.098
0.9553459
Obj_TreeConiferous_A_Snow_01.033
0
3.957655
0
4121.125
409.5781
1057.094
1.093593
Obj_TreeStump_Coniferous_A_01.009
0
5.741096
0
3991.385
436.6449
1038.825
0.8117695
Obj_TreeConiferous_A_Snow_01.034
0
3.589376
0
3989.95
440.7981
1020.34
1.116643
Obj_TreeBroadleafLow_Snow_A_01.020
0
2.322106
0
4106.561
423.2379
1160.538
0.8103818
Item_Mushroom_B
3.141479
-0.6417236
3.141479
4228.832
288.4288
1701.641
1.0
Item_Mushroom_B
3.141479
-0.8543701
3.141479
4139.867
427.2455
1132.777
1.0
Item_Mushroom_D
1.117798
0.7073975
-0.2414551
4601.273
129.1641
1933.234
1.0
Item_Mushroom_B
0
-0.4440918
0
4020.418
446.4427
1123.227
1.0
Obj_LiftRockWhite_A_01.002
0
0
0
4552.926
107.6754
1743.683
1.0
Obj_TreeBroadleafLow_Snow_A_02.025
0
2.621556
0
3944.24
442.7112
1084.093
1.133033
Obj_TreeConiferous_A_Snow_02.013
0
6.056008
0
3934.154
437.9359
1068.548
1.126323
Obj_RockGray_A_M_06.001
-0.70243
0.03801838
0.1036798
4436.649
136.5096
1436.928
1.0
Obj_Plant_CypressLow_B_01.009
0.316774
0.5899166
0.3517687
4190.191
390.3723
1399.637
0.871094
Obj_TreeBroadleafLow_Snow_A_02.026
0
0.04867567
0
4117.251
421.3553
1205.802
0.8126457
Obj_TreeBroadleafLow_Snow_A_02.027
0
2.944855
0
4125.833
408.6612
1047.46
1.075446
WallCrack
0
1.644804
0
4205.55
287.0894
1682.95
1.0
Obj_TreeBroadleafLow_Snow_A_02.028
0
1.537654
0
4141.813
425.6847
1139.088
0.9010821
Obj_TreeConiferous_A_Snow_02.014
0
4.038216
0
4125.49
410.4697
1061.218
1.113051
Item_Mushroom_D
-2.873047
1.092773
2.429809
4135.383
368.4531
1574.91
1.0
Obj_LiftRockWhite_A_01.003
0
0
0
4625.995
104.9489
1795.227
1.0
Item_Mushroom_B
3.141479
0.04479981
3.141479
4076.32
423.3967
1153.555
1.0
Obj_Plant_HopBush_C_Snow_01.014
0.008842499
1.092358
-0.2117552
4113.891
421.9883
1208.758
0.881348
Obj_TreeBroadleafLow_Snow_A_02.029
0
4.382414
0
4110.058
422.8057
1196.725
0.9098087
Obj_Mineral_B_01.003
0.3757506
-0.0433691
0.05530261
4322.501
197.8089
1101.339
1.0
Obj_Plant_HopBush_C_Snow_02.015
-0.1030197
-0.1959641
0.2635386
4105.816
352.0507
1933.559
1.01416
Obj_TreeBroadleafLow_Snow_A_02.030
0
2.828071
0
4073.644
423.4212
1151.533
0.8454589
Item_Mushroom_D
1.347656
0.7729492
0.41333
4286.805
268.7422
1759.191
1.0
Obj_TreeBroadleafLow_Snow_A_01.021
0
2.038688
0
4086.013
416.4888
1064.083
1.078956
Obj_TreeBroadleafLow_Snow_A_02.031
0
6.045929
0
4016.176
446.6277
1117.959
1.022839
Obj_Mineral_C_01.002
0
0
0
4452.961
110.3143
1545.669
1.0
Obj_TreeBroadleafLow_Snow_A_02.032
0
0.4581929
0
4021.288
448.5012
1109.145
1.0579
Item_Mushroom_D
-2.408325
0.567627
2.84497
4245.137
286
1063.516
1.0
Obj_TreeBroadleafLow_Snow_A_01.022
0
5.948774
0
4092.147
419.148
1045.464
1.144812
Obj_TreeBroadleafLow_Snow_A_01.023
0
1.035614
0
4073.491
422.1937
1131.527
0.8656659
Obj_TreeBroadleafLow_Snow_A_01.024
0
0.005503416
0
4154.085
422.3672
1148.055
0.8885744
Item_Mushroom_D
2.058227
0.9526367
0.7167969
4499.68
122.7305
1538.598
1.0
Obj_MineralBury_A_01.008
0
0.3200001
-0.3399999
4584.009
109.4075
1863.043
1.0
Obj_Plant_CypressLow_B_01.010
0.2777934
-0.4397203
-0.1168577
4005.324
501.2498
1434.566
1.0
Obj_TreeBroadleafLow_Snow_A_01.025
0
4.102512
0
3945.89
429.4688
1026.924
1.027421
Enemy_Keese_Ice_AllDay
0
0
0
4063.62
518.0329
1371.379
1.0
Obj_Plant_HopBush_C_Snow_01.015
0.1015042
-0.8463081
-0.2105475
4144.845
419.9751
1182.15
1.0
Obj_Mineral_B_01.004
0
0
0
4455.638
112.5737
1538.947
1.0
Obj_TreeBroadleafLow_Snow_A_02.033
0
6.062741
0
4026.906
448.1221
1118.396
1.0795
Obj_MineralBury_A_01.009
-0.7070128
0.1517425
-0.460113
4320.806
199.6707
1102.576
1.0
Obj_TreeConiferous_A_Snow_02.015
0
4.516657
0
4140.96
427.2739
1132.986
1.124593
Item_Mushroom_D
-2.345337
0.7825927
2.748657
4213.109
365.8477
1137.336
1.0
Obj_RockSetSnow_A_03.003
-0.1599999
-0.6800003
0
4209.474
289.2052
1703.779
1.0
FldObj_RockBeach_A_M_04
0
-0.3399998
0
4527.239
98.99557
1515.445
1.0
FldObj_RockBeachLump_A_L_01.009
0
0.86
0
4452.13
107.3643
1541.396
1.0
Obj_TreeConiferousDead_A_Snow_01.009
0
1.636649
0
4145.583
422.5826
1149.762
1.027118
Obj_TreeConiferous_A_Snow_01.035
0
3.253194
0
4005.352
448.8282
1132.615
1.11555
Obj_TreeConiferous_A_Snow_01.036
0
2.149419
0
3961.424
431.4113
1040.073
1.139727
Obj_LiftRockWhite_Korok_A_01.007
0.1329501
0.480201
0.06422883
4085.895
422.9799
1145.075
1.0
Obj_Mineral_C_01.003
0.38
0
0
4473.658
109.1853
1536.995
1.0
FldObj_RockBeach_A_S_02.002
0
1.2
0
4357.041
105.2877
1032.362
1.0
Obj_Plant_CypressLow_B_01.011
-0.1219236
0.893038
0.1954638
4105.707
366.9507
1845.555
0.977051
Obj_Plant_CypressLow_B_01.012
0.2833382
0.5960295
0.4273075
4032.547
503.2253
1445.305
0.890625
Obj_MineralGrain_A_02.002
0.6471035
1.298011
-0.3890194
4274.439
287.7412
1331.766
1.0
Obj_MineralBury_A_01.010
0.1600613
-0.6246588
-0.5275492
4049.959
461.755
1200.42
1.0
Obj_TreeBroadleafLow_Snow_A_02.034
0
2.567418
0
4138.961
427.7789
1124.779
0.9159043
AirWallHorse_HiddnKorok
0
-1.480003
0
4434.854
138.3318
1432.56
2.5
Enemy_Chuchu_Ice_Junior
0
0
0
4066.893
518.0309
1319.006
1.0
Obj_Plant_CypressLow_B_01.013
0.2967891
0.7063034
0.03005387
4053.566
345.452
1881.09
0.882324
Obj_RockSnow_A_01.002
-0.4207747
-0.3112347
-0.6104101
4171.172
290.7499
1692.211
1.2
Obj_TreeBroadleafLow_Snow_A_01.026
0
3.074257
0
4123.263
427.4026
1122.694
1.050645
Enemy_Lizalfos_Ice
0
1.819997
0
4038.849
518.5179
1300.523
1.0
Obj_RockSetSnow_A_05.001
-0.4987914
0.8984779
-0.5605024
4217.369
294.3138
1724.532
1.0
Obj_TreeConiferous_A_Snow_02.016
0
-1
0
4214.283
288.8191
1671.773
1.0
Obj_TreeBroadleafLow_Snow_A_02.035
0
4.166377
0
4122.864
427.8789
1116.559
1.009954
Obj_TreeBroadleafLow_Snow_A_01.027
0
5.897293
0
4027.209
448.2866
1122.568
1.103368
Obj_Plant_HopBush_C_Snow_01.016
0.2903654
0.367193
0.1944597
4065.238
510.7961
1343.211
0.880859
Item_Mushroom_D
-2.0625
1.562378
2.909424
4279.266
254.5313
1645.699
1.0
Obj_Mineral_C_01.004
1.367384
-1.018326
-0.9060037
4487.64
111.583
1532.427
1.0
Item_Mushroom_D
-2.830932
1.027099
2.436645
4473.238
199.6094
1890.445
1.0
FldObj_RockBeach_A_M_04.001
0
2.36
0
4369.704
98.13962
1042.996
1.0
Obj_TreeConiferous_A_Snow_01.037
0
4.103878
0
4083.436
416.3925
1061.895
1.125211
Obj_TreeBroadleafLow_Snow_A_01.028
0
5.395356
0
3970.673
432.4095
1038.921
1.138689
Obj_Plant_HopBush_C_Snow_02.016
-0.2125791
1.091953
-0.124009
4123.82
410.2184
1059.664
1.087402
Obj_Plant_HopBush_C_Snow_02.017
0.3208366
-1.122135
-0.3823985
4238.406
288.6562
1716.559
0.957031
Obj_TreeBroadleafLow_Snow_A_02.036
0
4.338592
0
3956.964
430.5768
1037.932
1.003236
Obj_RockSetSnow_A_04.001
0
2.203185
0
4177.05
287.7376
1696.593
1.0
Obj_TreeBroadleafLow_Snow_A_01.029
0
1.235074
0
4128.524
410.3965
1057.811
1.095868
FldObj_RockBeach_A_S_02.003
0
0
0
4410.118
105.9103
1099.928
1.0
Obj_Plant_HopBush_C_Snow_01.017
-0.3760408
-0.7767804
0.2334215
4138.977
425.9977
1118.043
1.04834
Obj_RockSetSnow_A_02.002
0.6217808
-0.2405192
-0.8616772
4185.406
317.3884
1612.76
1.0
Item_Mushroom_D
-1.192749
0.9395751
-2.275879
4236.184
332.1602
1764.336
1.0
Obj_Plant_HopBush_C_Snow_02.018
0.1901077
0.9386932
0.08740245
4143.609
397.5048
1748.578
0.986328
Obj_TreeConiferous_A_Snow_01.038
0
1.246069
0
4021.357
446.8515
1122.716
1.0
Obj_TreeConiferousLow_A_Snow_01.003
0
4.327402
0
4154.121
421.3047
1165.163
0.8607918
Obj_Plant_CypressLow_B_01.014
0.194765
-0.8640962
-0.2884461
4145.453
425.4614
1138.008
1.041504
Item_Mushroom_B
0
-0.4404297
0
4055.801
423.144
1119.004
1.0
Obj_TreeConiferousDead_A_Snow_01.010
0
3.932296
0
4150.673
421.8333
1154.138
1.039319
Obj_TreeBroadleafLow_Branch_A_01
0
2.5
0
4222.082
291.0898
1660.069
1.0
Obj_Mineral_A_01.007
-1.285886
-1.143653
1.000758
4496.474
111.1976
1654.338
1.0
Obj_Plant_CypressLow_A_01.002
-1.071053
-1.181934
0.7897074
4460.59
149.4735
1686.27
0.959473
Item_Mushroom_B
0
-1.287109
0
4029.645
519.6351
1288.891
1.0
Item_Mushroom_B
3.141479
1.449585
3.141479
4048.508
505.1198
1393.816
1.0
Obj_TreeBroadleafLow_Snow_A_02.037
0
4.050364
0
4065.069
422.4432
1132.158
0.9183776
Obj_TreeConiferousDead_A_Snow_01.011
0
1.523686
0
3979.262
430.8157
1053.003
1.141304
Obj_TreeBroadleafLow_Snow_A_02.038
0
0.9568375
0
4002.221
447.1908
1100.642
1.028089
Obj_TreeBroadleafLow_Snow_A_01.030
0
3.449932
0
4117.662
427.7128
1120.182
1.027831
Obj_TreeConiferous_A_Snow_02.017
0
3.124974
0
4120.105
420.7985
1212.54
1.13501
Obj_TreeConiferousLow_A_Snow_01.004
0
3.440131
0
4073.016
422.6855
1127.881
0.8490934
Obj_LiftRockWhite_A_01.004
0
0
0
4628.196
104.6831
1792.071
1.0
Obj_TreeConiferous_A_Snow_01.039
0
5.52603
0
4220.829
288.1598
1676.239
1.0
FldObj_RockBeach_A_M_04.002
-2.521593
0.4215905
-3.141592
4178.584
99.33664
830.3358
1.0
Item_Mushroom_B
3.141479
-1.518677
3.141479
4143.445
421.9191
1155.902
1.0
Obj_LiftRockWhite_Korok_A_01.008
-0.201685
1.539577
-0.1341039
4087.219
423.035
1139.586
1.0
Obj_Plant_HopBush_C_Snow_01.018
-0.5974607
-0.2769505
0.3852282
4257.558
285.5778
1729.684
1.0
Obj_TreeConiferous_A_Snow_01.040
0
5.824678
0
4020.434
447.5875
1114.391
1.130787
Item_Plant_E
3.141479
-0.2902832
3.141479
3996.458
506.0833
1426.272
1.0
Obj_LiftRockWhite_Korok_A_01.009
-0.008173412
-0.6997741
0.07274973
4085.493
422.9229
1140.317
1.0
Obj_TreeBroadleafLow_Snow_A_02.039
0
5.10952
0
4014.622
449.4228
1097.24
1.043666
Obj_MineralGrain_A_02.003
-0.6240292
-1.00395
0.2288636
4321.303
196.5228
1095.5
1.0
Obj_TreeConiferousDead_A_Snow_01.012
0
5.126379
0
4151.793
423.0299
1146.97
1.018139
Obj_Plant_HopBush_C_Snow_01.019
-0.04789048
1.067366
-0.2956022
4151.023
424.2644
1137.48
0.995605
Obj_TreeConiferous_A_Snow_01.041
0
2.503955
0
4135.777
415.6844
1230.762
1.147471
Obj_Plant_HopBush_C_Snow_02.019
0.09532163
-0.1234684
-0.03235715
4150.992
414.8354
1241.965
0.925781
TBox_Field_Wood
3.141496
-0.4990393
3.141382
4526.225
105.2745
1565.602
1.0
Obj_TreeConiferous_A_Snow_01.042
0
3.059551
0
4015.754
447.3835
1110.57
1.0
Obj_TreeConiferous_A_Snow_01.043
0
3.834947
0
4091.121
418.2333
1051.462
1.050259
Obj_Plant_CypressLow_B_01.015
1.138077
1.334124
1.219876
4215.891
288.2332
1676.723
0.982422
Obj_TreeConiferous_A_Snow_01.044
0
0.2900422
0
4223.203
288.0454
1692.518
1.0
Obj_Plant_HopBush_C_Snow_02.020
-1.192528
1.082931
-1.247725
4166.832
394.7339
1759.691
0.971191
Obj_TreeConiferous_A_Snow_01.045
0
5.458557
0
4084.187
424.8307
1165.502
1.013127
Item_Mushroom_D
3.136596
1.514771
1.783081
4102.426
433.2422
1682.445
1.0
Obj_Plant_HopBush_C_Snow_02.021
0.8054565
-1.118757
-0.9688017
4033.938
422.3161
1040.219
1.065918
Obj_TreeBroadleafLow_Snow_A_02.040
0
0.3661028
0
4121.675
408.3809
1048.574
1.069815
Obj_TreeBroadleafLow_Snow_A_02.041
0
1.425052
0
3953.803
432.4049
1020.927
1.019238
Obj_TreeBroadleafLow_Snow_A_02.042
0
4.7856
0
4007.177
447.7432
1082.152
1.007478
Obj_MineralBury_A_01.011
-3.141592
1.461592
2.301592
4514.626
118.3697
1730.359
1.0
Obj_Mineral_A_01.008
0
2.321593
0
4283.361
272.8459
1347.032
1.0
Obj_MineralGrain_A_02.004
-0.2461046
-0.3817531
-0.0481551
4515.077
117.7752
1727.856
1.0
Obj_Plant_HopBush_C_Snow_02.022
-0.05499999
-0.8686131
-0.1276178
4121.176
420.5857
1212.141
1.035156
Obj_TreeConiferous_A_Snow_01.046
0
4.899789
0
3930.147
437.3132
1067.521
1.076033
Obj_RockSetSnow_A_02.003
0.3518333
-1.175892
-0.3709838
4203.271
293.5123
1657.148
1.0
Item_Mushroom_D
-2.265625
0.6868896
2.983521
4078.234
444.7305
1211.934
1.0
Obj_MineralGrain_A_04.009
-2.663073
0.9265632
-2.930841
4497.499
110.729
1654.821
1.0
Enemy_Keese_Ice_AllDay
0
-1.57999
0
4065.334
518.7195
1362.19
1.0
Obj_TreeConiferous_A_Snow_01.047
0
1.998393
0
4107.929
422.9836
1197.187
1.069149
Obj_LiftRockWhite_Korok_A_01.010
-0.006263881
0.06020961
0.06710868
4091.41
423.3409
1143.192
1.0
Obj_TreeBroadleafLow_Snow_A_01.031
0
3.434442
0
3955.86
439.3783
1069.638
1.029115
Obj_MineralGrain_A_04.010
0.3709603
0.8924857
0.4638375
4271.513
292.6082
1323.188
1.0
Obj_TreeBroadleafLow_Snow_A_01.032
0
3.080006
0
3975.993
439.6502
1010.968
1.094662
Obj_TreeBroadleafLow_Snow_A_01.033
0
0.8185152
0
3940.003
440.5107
1075.338
1.047298
Item_Mushroom_D
1.102295
0.3583984
-0.1457519
3965.824
359.957
1838.465
1.0
Obj_TreeConiferousDead_A_Snow_01.013
0
6.114429
0
4102.855
417.7332
1067.411
1.008582
Obj_TreeConiferous_A_Snow_01.048
0
1.06
0
4226.939
288.631
1705.184
1.0
Obj_TreeStump_Coniferous_A_01.010
0
1.769763
0
4014.063
446.7007
1118.603
0.9853275
Item_Mushroom_B
3.141479
1.555176
3.141479
4214.211
288.8815
1670.652
1.0
Obj_Plant_HopBush_C_Snow_02.023
0.7643014
-0.8681255
-0.7627743
4027.801
502.4554
1445.488
0.900879
Obj_TreeConiferous_A_Snow_02.018
0
4.044543
0
4060.582
422.6584
1131.654
1.139295
Obj_TreeBroadleafLow_Snow_A_01.034
0
5.941714
0
3977.303
439.4606
1014.737
1.100743
Item_Mushroom_B
0
1.096558
0
4123.527
427.3923
1125.711
1.0
Obj_Plant_HopBush_C_Snow_01.020
0.002636846
-0.9788409
-0.05557472
4254.391
286.3799
1688.52
1.073242
Obj_Plant_CypressLow_B_01.016
0.05743451
-0.7806463
-0.25024
4233.766
290.0841
1648.238
0.920898
Obj_Mineral_A_01.009
-0.02594692
-0.06275087
-0.2035371
4278.256
281.1925
1337.169
1.0
Obj_TreeBroadleafLow_Snow_A_02.043
0
3.753
0
4108.456
422.8728
1192.325
0.8967409
FldObj_RockBeachLump_A_M_01.003
-0.1771014
-0.6901997
0.06329809
4409.9
105.6866
1112.503
1.0
Obj_RockSetSnow_A_02.004
-0.1397513
0.008367661
-0.4405858
4097.548
420.6985
1718.23
1.0
Obj_RockSetSnow_A_05.002
-0.4320507
0.2654326
-0.7302091
4150.713
335.8421
1673.333
1.0
Obj_TreeBroadleafLow_Snow_A_02.044
0
1.854105
0
4144.101
421.7836
1160.905
0.9880869
Obj_TreeConiferousDead_A_Snow_01.014
0
2.82287
0
4141.061
421.8392
1162.335
1.093835
FldObj_RockBeachLump_A_M_01.004
0
-0.9199999
0
4507.149
105.2879
1519.758
1.0
Obj_Plant_HopBush_C_Snow_01.021
-0.3816254
0.4971837
-0.1474665
4003.887
560.2766
1342.609
0.867676
Item_Mushroom_B
3.141479
1.518188
3.141479
4030.547
519.4657
1289.961
1.0
Obj_MineralBury_A_01.012
-1.22546
1.04478
-1.94917
4592.721
109.4344
1873.288
1.0
Obj_TreeBroadleafLow_Snow_A_01.035
0
2.806361
0
4154.567
421.2316
1166.955
0.947205
Obj_TreeConiferous_A_Snow_01.049
0
2.288185
0
4000.895
437.9539
1041.39
1.121197
Item_Mushroom_B
0
-1.035156
0
4021.777
447.0033
1121.832
1.0
Item_Mushroom_D
-1.052856
0.7879639
-2.393799
4033.168
440.293
1091.074
1.0
Obj_TreeConiferous_A_Snow_01.050
0
2.052801
0
4150.704
424.397
1139.846
1.115723
Item_Mushroom_D
-2.549682
0.9816894
2.103027
4406.07
131.1484
1148.406
1.0
Obj_TreeBroadleafLow_Snow_A_01.036
0
4.651038
0
4146.059
421.6814
1163.009
0.9326441
Obj_MineralBury_A_01.013
0
-1.423194
0
4482.668
133.1723
1494.803
1.0
Obj_TreeBroadleafLow_Snow_A_01.037
0
4.774018
0
4003.951
439.7158
1034.23
1.005281
Obj_TreeBroadleafLow_Snow_A_02.045
0
4.925459
0
4074.094
416.3427
1057.905
1.11366
Obj_TreeBroadleafLow_Snow_A_01.038
0
4.036233
0
4023.823
448.0251
1116.904
1.034231
Obj_Plant_HopBush_C_Snow_02.024
0.03740233
0.1365127
-0.2185259
4143.141
427.1931
1132.301
0.95166
Obj_TreeBroadleafLow_Snow_A_01.039
0
4.122885
0
4006.619
437.9967
1040.26
1.042406
Obj_Plant_CypressLow_B_01.017
0.001283958
0.2483528
0.2909337
4171.027
329.8808
1599.113
0.885254
Obj_TreeBroadleafLow_Snow_A_02.046
0
2.007671
0
4106.729
423.3807
1206.652
0.8091015
Obj_TreeBroadleafLow_Snow_A_02.047
0
1.434653
0
4078.847
422.4704
1132.406
0.9322314
Obj_MineralGrain_A_04.011
2.881726
1.149815
2.804948
4453.874
112.3454
1539.65
1.0
Obj_MineralGrain_A_04.012
-0.3910863
1.324129
-0.3356587
4456.901
106.9984
1563.245
1.0
Item_Mushroom_D
1.196167
1.220703
-0.003784188
4176.559
364.0547
1499.691
1.0